859 513 879 500 904 541 884 554 small-vehicle 0.9589
899 200 916 194 930 232 913 238 small-vehicle 0.9484
917 193 932 186 948 220 933 227 small-vehicle 0.9345
877 214 895 205 916 248 899 257 small-vehicle 0.9172
357 1046 338 1038 356 997 375 1005 small-vehicle 0.9017
966 262 961 243 1000 231 1006 250 small-vehicle 0.8907
882 489 872 472 907 452 916 469 small-vehicle 0.8673
907 488 929 476 950 516 928 528 small-vehicle 0.8567
872 305 865 287 904 271 911 290 small-vehicle 0.8115
936 186 952 178 969 215 952 222 small-vehicle 0.8003
1139 1446 1156 1439 1170 1474 1154 1481 small-vehicle 0.7988
773 309 798 305 803 333 778 337 small-vehicle 0.7796
906 1165 899 1148 932 1135 939 1151 small-vehicle 0.7784
974 717 985 703 1013 724 1003 738 small-vehicle 0.7643
1302 1519 1292 1507 1316 1485 1327 1496 small-vehicle 0.6920
666 840 678 823 715 851 702 867 small-vehicle 0.6913
932 688 944 672 978 697 966 713 small-vehicle 0.6666
837 523 859 512 879 552 858 562 small-vehicle 0.6662
882 504 900 495 916 528 898 537 small-vehicle 0.6565
1144 596 1159 575 1215 615 1200 636 small-vehicle 0.6451
296 451 315 444 331 483 312 490 small-vehicle 0.6402
882 328 875 310 913 296 919 314 small-vehicle 0.6164
471 324 489 317 504 357 486 364 small-vehicle 0.5002
1203 1455 1218 1448 1236 1483 1220 1491 small-vehicle 0.4904
917 776 929 762 960 788 947 802 small-vehicle 0.4723
822 263 836 255 853 284 839 292 small-vehicle 0.4569
926 476 948 462 971 499 949 513 small-vehicle 0.4466
437 706 427 689 464 667 474 684 small-vehicle 0.4391
1286 1502 1276 1487 1307 1466 1317 1481 small-vehicle 0.4373
528 371 546 364 564 405 546 413 small-vehicle 0.4351
953 741 966 721 1008 749 995 769 small-vehicle 0.3765
836 806 846 796 880 830 870 840 small-vehicle 0.3669
950 467 971 453 995 491 974 505 small-vehicle 0.3277
1006 748 1013 733 1041 746 1034 762 small-vehicle 0.3251
543 1072 544 1053 583 1054 583 1073 small-vehicle 0.3210
713 579 734 563 763 602 742 618 small-vehicle 0.3045
739 567 759 554 786 596 765 609 small-vehicle 0.2550
815 543 837 528 860 564 838 578 small-vehicle 0.2475
214 1429 205 1413 242 1394 251 1410 small-vehicle 0.2438
767 560 786 549 811 590 792 602 small-vehicle 0.2426
532 684 551 670 578 706 559 720 small-vehicle 0.2334
265 391 283 382 303 421 285 430 small-vehicle 0.2317
589 881 599 867 628 886 618 900 small-vehicle 0.2202
1249 1515 1254 1498 1289 1508 1283 1525 small-vehicle 0.2163
289 918 311 905 343 960 321 973 small-vehicle 0.2138
244 451 266 445 276 483 254 489 small-vehicle 0.2131
204 1385 196 1366 233 1348 242 1367 small-vehicle 0.1846
791 271 811 265 820 291 800 298 small-vehicle 0.1477
475 687 491 675 517 709 500 722 small-vehicle 0.1261
578 917 592 888 644 913 630 942 small-vehicle 0.1175
101 542 117 533 137 564 121 573 small-vehicle 0.1097
798 738 821 716 948 852 924 873 large-vehicle 0.9961
717 779 737 757 874 888 853 910 large-vehicle 0.9961
1027 640 1048 616 1191 740 1170 764 large-vehicle 0.9960
700 571 731 557 811 743 780 756 large-vehicle 0.9906
914 477 943 465 1019 639 990 652 large-vehicle 0.9867
690 785 713 766 848 920 826 939 large-vehicle 0.9866
603 845 625 824 753 958 730 979 large-vehicle 0.9864
794 543 822 530 901 698 873 711 large-vehicle 0.9861
1042 411 1076 395 1160 572 1126 588 large-vehicle 0.9851
632 612 661 597 749 763 720 779 large-vehicle 0.9841
454 700 489 683 566 837 532 855 large-vehicle 0.9837
731 563 765 547 850 727 817 743 large-vehicle 0.9827
817 531 838 521 930 695 909 706 large-vehicle 0.9826
478 930 492 908 636 1006 622 1027 large-vehicle 0.9795
97 450 122 436 195 572 170 585 large-vehicle 0.9770
1151 669 1170 628 1252 666 1233 707 large-vehicle 0.9696
987 665 1008 642 1145 770 1124 792 large-vehicle 0.9676
497 265 520 251 583 360 560 374 large-vehicle 0.9664
570 655 600 640 680 804 651 818 large-vehicle 0.9660
412 714 443 700 522 884 491 897 large-vehicle 0.9621
600 642 629 628 705 790 676 803 large-vehicle 0.9553
942 469 969 458 1039 628 1012 639 large-vehicle 0.9546
773 557 799 547 865 720 839 730 large-vehicle 0.9520
846 521 874 508 958 682 931 695 large-vehicle 0.9513
686 410 670 383 796 308 812 336 large-vehicle 0.9501
762 759 781 738 919 860 901 881 large-vehicle 0.9414
389 284 439 267 493 423 442 440 large-vehicle 0.9405
521 684 549 672 610 813 583 825 large-vehicle 0.9329
523 216 547 204 612 331 588 344 large-vehicle 0.9183
592 1209 575 1184 724 1082 741 1106 large-vehicle 0.9111
547 668 577 656 644 809 615 822 large-vehicle 0.8870
551 925 571 899 675 980 655 1006 large-vehicle 0.8733
661 589 695 574 781 759 747 775 large-vehicle 0.8580
466 942 486 918 606 1024 586 1047 large-vehicle 0.8234
981 478 1003 468 1064 612 1041 621 large-vehicle 0.7982
387 791 416 779 466 902 437 914 large-vehicle 0.7855
279 349 316 333 382 483 346 499 large-vehicle 0.7584
137 424 157 416 217 571 197 579 large-vehicle 0.7518
1007 446 1034 436 1092 594 1065 604 large-vehicle 0.7381
734 262 722 241 817 187 829 208 large-vehicle 0.7241
946 674 971 647 1119 785 1095 812 large-vehicle 0.7166
625 819 644 797 790 930 771 951 large-vehicle 0.6971
677 798 697 782 804 910 785 926 large-vehicle 0.6803
1068 390 1097 376 1193 574 1163 588 large-vehicle 0.6646
571 882 598 854 722 971 694 1000 large-vehicle 0.6184
887 485 920 475 979 669 945 679 large-vehicle 0.4396
317 332 372 309 425 435 371 458 large-vehicle 0.4261
1145 596 1160 576 1213 615 1197 636 large-vehicle 0.3735
414 1094 437 1085 481 1194 457 1203 large-vehicle 0.3304
155 416 176 406 257 561 236 571 large-vehicle 0.3071
73 463 97 452 148 567 124 578 large-vehicle 0.2291
1104 673 1119 645 1206 692 1190 720 large-vehicle 0.2243
250 365 275 354 303 418 279 429 large-vehicle 0.2200
913 745 928 723 971 751 956 774 large-vehicle 0.1902
