2406 2903 2449 2883 2470 2928 2427 2949 plane 0.9537
2553 2766 2588 2745 2614 2790 2579 2811 plane 0.8043
1919 729 1955 713 1975 760 1939 775 plane 0.7435
2185 3035 2159 2993 2202 2965 2229 3007 plane 0.5876
1844 2933 1819 2903 1863 2868 1887 2899 plane 0.4534
1830 2682 1815 2651 1870 2625 1885 2655 plane 0.4386
2204 2452 2190 2423 2244 2396 2259 2425 plane 0.3789
2367 2890 2401 2870 2429 2918 2395 2938 plane 0.3051
1982 3136 1969 3095 2019 3078 2032 3119 plane 0.2066
2016 2564 2003 2536 2057 2510 2070 2538 plane 0.1633
428 1479 449 1464 513 1553 491 1569 large-vehicle 0.8931
464 1459 483 1445 547 1532 528 1546 large-vehicle 0.8539
1694 2217 1713 2202 1763 2266 1744 2281 large-vehicle 0.7757
541 1412 560 1397 631 1482 613 1498 large-vehicle 0.7123
2091 635 2109 622 2169 703 2150 716 large-vehicle 0.6686
608 2157 623 2146 667 2205 652 2216 large-vehicle 0.5928
386 1511 408 1493 469 1574 446 1591 large-vehicle 0.5732
1585 2286 1603 2271 1656 2335 1638 2350 large-vehicle 0.5464
1849 685 1839 666 1925 615 1936 633 large-vehicle 0.5426
526 2028 544 2016 600 2101 582 2113 large-vehicle 0.5389
1389 1073 1404 1060 1459 1123 1445 1136 large-vehicle 0.5214
1740 846 1757 830 1830 913 1812 928 large-vehicle 0.5047
1725 2203 1744 2188 1796 2255 1776 2270 large-vehicle 0.4568
1521 2328 1540 2315 1584 2379 1565 2392 large-vehicle 0.4434
335 1784 359 1770 422 1872 398 1887 large-vehicle 0.3847
1667 928 1686 915 1730 976 1710 990 large-vehicle 0.3561
1567 2303 1585 2286 1641 2348 1622 2365 large-vehicle 0.3111
1327 1111 1341 1099 1392 1155 1378 1168 large-vehicle 0.3041
1709 2315 1732 2297 1786 2366 1763 2384 large-vehicle 0.2981
1673 2235 1694 2218 1740 2276 1719 2293 large-vehicle 0.2947
1755 2202 1775 2187 1819 2246 1799 2261 large-vehicle 0.2738
1468 2376 1487 2362 1535 2428 1516 2442 large-vehicle 0.2656
1607 2278 1625 2264 1667 2319 1649 2333 large-vehicle 0.2402
2204 294 2194 269 2241 249 2252 274 large-vehicle 0.2363
1536 2314 1556 2300 1603 2372 1582 2385 large-vehicle 0.2283
1432 2389 1451 2375 1492 2430 1473 2444 large-vehicle 0.2268
1589 918 1618 902 1670 996 1641 1012 large-vehicle 0.2223
725 897 723 857 891 850 892 890 large-vehicle 0.2181
1800 799 1823 785 1884 887 1861 901 large-vehicle 0.2165
1131 1227 1119 1210 1186 1163 1198 1180 large-vehicle 0.2161
1938 631 1927 612 1996 575 2006 594 large-vehicle 0.2069
1671 2333 1698 2317 1742 2390 1716 2406 large-vehicle 0.2022
1501 2343 1520 2328 1563 2384 1544 2399 large-vehicle 0.1553
401 1898 421 1882 462 1931 441 1948 large-vehicle 0.1482
2440 1998 2429 1979 2511 1927 2523 1945 large-vehicle 0.1433
921 1008 943 989 1003 1060 981 1079 large-vehicle 0.1254
2843 2133 2829 2111 2882 2077 2896 2099 large-vehicle 0.1224
499 1827 529 1809 591 1915 560 1932 large-vehicle 0.1178
310 1568 333 1553 387 1637 365 1651 large-vehicle 0.1170
942 1358 927 1336 975 1302 990 1324 large-vehicle 0.1068
368 1547 394 1528 442 1594 416 1614 ship 0.6622
2212 429 2229 413 2272 460 2255 475 ship 0.5828
1542 2312 1566 2296 1616 2367 1592 2384 ship 0.3967
913 1012 934 994 985 1055 963 1073 ship 0.3564
1974 672 2010 657 2050 749 2014 764 ship 0.3114
1479 2378 1496 2366 1539 2430 1521 2441 ship 0.3065
942 1358 927 1336 975 1302 990 1324 ship 0.2857
315 1576 341 1561 389 1641 363 1657 ship 0.2587
2185 444 2203 430 2239 476 2221 490 ship 0.2419
355 1557 375 1545 419 1614 399 1627 ship 0.2051
386 1510 405 1496 462 1575 443 1589 ship 0.1893
887 1008 909 995 942 1049 921 1063 ship 0.1715
1497 2349 1514 2337 1556 2396 1539 2407 ship 0.1688
2240 418 2255 405 2294 451 2279 464 ship 0.1259
3003 1447 3029 1429 3063 1480 3037 1497 ship 0.1107
1450 2384 1469 2370 1514 2428 1495 2443 ship 0.1090
