526 323 512 312 536 282 550 293 small-vehicle 0.9859
399 483 386 474 406 445 419 454 small-vehicle 0.9843
295 593 281 584 300 556 314 566 small-vehicle 0.9821
458 252 444 242 463 216 477 226 small-vehicle 0.9768
408 733 416 720 445 738 437 752 small-vehicle 0.9761
509 297 496 286 520 257 533 268 small-vehicle 0.9668
433 864 439 850 466 863 460 877 small-vehicle 0.9640
443 381 428 372 449 340 463 350 small-vehicle 0.8830
443 754 451 738 486 756 478 773 small-vehicle 0.8400
244 441 231 433 249 402 263 410 small-vehicle 0.6855
443 384 427 373 449 340 465 350 large-vehicle 0.2239
368 509 243 505 247 374 372 378 storage-tank 0.2037
366 522 237 516 244 366 373 372 roundabout 0.7713
