2681 2907 2679 2865 2778 2861 2780 2902 ship 0.3453
2006 2465 1960 2455 1978 2374 2024 2385 tennis-court 0.3892
2435 1140 2452 1114 2494 1141 2477 1167 swimming-pool 0.9862
402 1090 434 1087 439 1139 408 1142 swimming-pool 0.9807
2575 846 2546 835 2563 788 2593 799 swimming-pool 0.9713
2543 1235 2545 1200 2602 1203 2600 1238 swimming-pool 0.9711
2364 705 2375 671 2424 688 2413 722 swimming-pool 0.9707
1615 1703 1627 1678 1678 1704 1666 1729 swimming-pool 0.9706
1766 2848 1766 2801 1837 2800 1838 2847 swimming-pool 0.9703
2141 996 2109 993 2113 948 2145 950 swimming-pool 0.9700
2226 435 2230 404 2285 410 2281 441 swimming-pool 0.9699
2302 393 2301 361 2354 359 2355 391 swimming-pool 0.9686
1551 1376 1560 1341 1611 1354 1602 1389 swimming-pool 0.9656
460 524 417 520 421 474 464 478 swimming-pool 0.9583
424 2647 475 2644 478 2695 427 2698 swimming-pool 0.9575
2158 1468 2129 1461 2141 1410 2171 1417 swimming-pool 0.9564
2660 906 2657 867 2707 862 2710 902 swimming-pool 0.9516
1861 731 1865 698 1929 706 1925 739 swimming-pool 0.9481
1525 746 1549 733 1571 776 1547 789 swimming-pool 0.9476
2006 2309 1997 2255 2052 2245 2062 2300 swimming-pool 0.9474
2632 681 2599 676 2611 610 2644 616 swimming-pool 0.9463
2263 1255 2232 1237 2257 1195 2288 1213 swimming-pool 0.9461
2180 726 2127 721 2132 666 2186 671 swimming-pool 0.9453
434 861 407 849 429 802 455 815 swimming-pool 0.9451
2447 1505 2453 1471 2507 1480 2501 1514 swimming-pool 0.9430
1151 1933 1152 1891 1208 1891 1207 1934 swimming-pool 0.9425
1060 422 1060 383 1112 383 1112 422 swimming-pool 0.9416
1528 1989 1500 1972 1520 1940 1548 1957 swimming-pool 0.9398
426 1668 464 1664 468 1712 431 1715 swimming-pool 0.9376
1441 718 1407 711 1415 668 1449 674 swimming-pool 0.9359
2615 356 2652 354 2655 426 2618 427 swimming-pool 0.9345
1957 143 1956 107 2005 106 2006 141 swimming-pool 0.9345
2439 1237 2434 1201 2482 1195 2487 1231 swimming-pool 0.9334
564 1671 563 1633 621 1630 623 1669 swimming-pool 0.9320
2292 705 2301 673 2349 687 2340 719 swimming-pool 0.9314
971 1364 975 1328 1033 1333 1030 1370 swimming-pool 0.9296
374 1845 408 1844 410 1905 376 1906 swimming-pool 0.9274
1656 717 1619 716 1620 664 1657 665 swimming-pool 0.9273
722 1983 713 1947 764 1936 772 1971 swimming-pool 0.9258
522 2674 521 2635 580 2634 581 2673 swimming-pool 0.9245
2177 276 2210 275 2210 343 2178 344 swimming-pool 0.9226
356 2678 357 2637 413 2639 411 2680 swimming-pool 0.9215
991 723 991 684 1047 685 1047 724 swimming-pool 0.9158
1249 2901 1215 2895 1224 2851 1257 2858 swimming-pool 0.9139
891 1929 891 1895 945 1895 945 1929 swimming-pool 0.9136
860 1041 857 992 919 988 922 1037 swimming-pool 0.9094
1003 2353 989 2304 1038 2291 1052 2339 swimming-pool 0.9088
1221 1926 1225 1889 1283 1896 1279 1933 swimming-pool 0.9078
1878 408 1883 372 1940 379 1936 415 swimming-pool 0.9046
1343 1038 1344 992 1405 994 1404 1039 swimming-pool 0.9013
1864 892 1897 889 1904 948 1870 952 swimming-pool 0.8998
1703 148 1702 108 1768 106 1769 147 swimming-pool 0.8946
1583 942 1546 941 1547 885 1585 887 swimming-pool 0.8942
2722 870 2730 831 2784 842 2776 881 swimming-pool 0.8908
1809 443 1814 405 1866 413 1860 451 swimming-pool 0.8829
480 1002 453 988 474 946 502 960 swimming-pool 0.8807
2054 1041 2039 1010 2084 988 2099 1019 swimming-pool 0.8707
761 425 763 386 816 388 814 427 swimming-pool 0.8693
1982 1523 1960 1507 1987 1471 2009 1487 swimming-pool 0.8665
1779 734 1778 703 1834 701 1835 732 swimming-pool 0.8659
1086 1058 1088 1015 1154 1018 1152 1061 swimming-pool 0.8653
699 2235 659 2234 661 2173 700 2174 swimming-pool 0.8651
1126 677 1155 672 1162 716 1133 720 swimming-pool 0.8647
872 1329 874 1295 940 1298 937 1333 swimming-pool 0.8594
1505 1676 1519 1647 1568 1671 1554 1700 swimming-pool 0.8564
2246 795 2274 792 2279 831 2251 834 swimming-pool 0.8552
647 739 643 701 701 694 705 732 swimming-pool 0.8547
422 1425 393 1423 397 1367 426 1369 swimming-pool 0.8509
1454 1652 1461 1597 1517 1604 1510 1659 swimming-pool 0.8467
1986 1111 1974 1065 2025 1051 2037 1098 swimming-pool 0.8454
1165 463 1167 415 1287 420 1285 467 swimming-pool 0.8424
1197 1368 1198 1334 1246 1336 1245 1370 swimming-pool 0.8295
2031 1034 1995 1029 2002 977 2038 982 swimming-pool 0.8285
2402 438 2403 401 2455 402 2454 439 swimming-pool 0.8190
1172 1047 1176 988 1254 994 1250 1053 swimming-pool 0.8160
228 791 200 791 200 724 229 724 swimming-pool 0.8152
1237 1657 1236 1619 1295 1618 1296 1656 swimming-pool 0.8114
517 1398 508 1341 568 1332 577 1389 swimming-pool 0.8078
2579 945 2551 937 2567 883 2595 892 swimming-pool 0.8048
1439 1373 1437 1329 1484 1327 1486 1371 swimming-pool 0.7995
1611 1741 1627 1718 1667 1745 1651 1768 swimming-pool 0.7968
2319 1502 2324 1469 2371 1476 2366 1509 swimming-pool 0.7929
1109 2296 1101 2254 1155 2244 1163 2286 swimming-pool 0.7906
1235 2252 1223 2209 1272 2196 1283 2238 swimming-pool 0.7895
2391 1137 2364 1127 2377 1090 2404 1100 swimming-pool 0.7857
348 2265 393 2260 398 2305 354 2311 swimming-pool 0.7847
874 2659 873 2618 918 2618 918 2659 swimming-pool 0.7785
404 988 437 986 442 1047 408 1050 swimming-pool 0.7769
380 1684 416 1684 417 1742 381 1742 swimming-pool 0.7706
803 161 803 128 860 128 860 161 swimming-pool 0.7620
1143 2328 1127 2289 1169 2270 1186 2309 swimming-pool 0.7603
479 214 509 214 509 270 479 270 swimming-pool 0.7575
1201 162 1197 129 1253 122 1257 154 swimming-pool 0.7462
630 1306 682 1303 686 1368 633 1371 swimming-pool 0.7405
1089 2680 1079 2641 1134 2626 1145 2665 swimming-pool 0.7350
2693 517 2686 484 2728 475 2735 508 swimming-pool 0.7310
2659 385 2693 383 2695 445 2661 446 swimming-pool 0.7133
1144 2657 1131 2631 1180 2606 1193 2632 swimming-pool 0.7125
733 162 733 128 793 128 793 162 swimming-pool 0.6990
214 1093 180 1090 187 1026 221 1030 swimming-pool 0.6948
968 2064 961 2024 1010 2016 1017 2056 swimming-pool 0.6838
1424 410 1460 408 1464 468 1428 471 swimming-pool 0.6824
963 2244 1004 2242 1007 2309 966 2311 swimming-pool 0.6800
1925 1122 1924 1077 1972 1076 1973 1121 swimming-pool 0.6793
472 339 511 338 513 405 473 406 swimming-pool 0.6487
2282 1235 2319 1228 2326 1266 2290 1273 swimming-pool 0.6437
438 680 485 677 489 730 442 734 swimming-pool 0.6428
1308 2595 1296 2571 1340 2549 1352 2573 swimming-pool 0.6170
1598 1098 1627 1097 1630 1147 1600 1149 swimming-pool 0.6140
1117 2622 1108 2591 1159 2578 1167 2609 swimming-pool 0.5976
478 219 443 218 444 171 478 171 swimming-pool 0.5897
377 1618 413 1616 415 1665 379 1666 swimming-pool 0.5836
982 2008 947 2001 957 1949 993 1956 swimming-pool 0.5830
1856 1622 1869 1595 1908 1615 1895 1642 swimming-pool 0.5617
2375 1216 2373 1180 2422 1177 2424 1214 swimming-pool 0.5539
1300 414 1303 376 1358 381 1355 419 swimming-pool 0.5437
693 1063 697 1023 768 1029 764 1069 swimming-pool 0.5305
364 2152 401 2151 403 2210 366 2211 swimming-pool 0.5194
1558 1071 1585 1070 1586 1130 1560 1131 swimming-pool 0.5051
1455 759 1456 716 1500 718 1498 761 swimming-pool 0.4995
1386 1632 1381 1592 1428 1586 1433 1626 swimming-pool 0.4953
1317 456 1322 419 1383 427 1378 465 swimming-pool 0.4947
2651 586 2616 586 2617 519 2653 520 swimming-pool 0.4799
924 1585 969 1585 969 1632 924 1633 swimming-pool 0.4705
877 1363 880 1328 942 1334 938 1369 swimming-pool 0.4704
404 2155 436 2152 442 2213 410 2216 swimming-pool 0.4680
2056 739 2062 698 2107 705 2100 747 swimming-pool 0.4225
1438 155 1435 116 1488 113 1491 151 swimming-pool 0.4146
1526 1641 1542 1621 1579 1650 1564 1670 swimming-pool 0.4038
970 761 968 719 1021 717 1022 760 swimming-pool 0.3248
438 412 475 412 476 473 439 473 swimming-pool 0.3154
1249 2283 1236 2250 1285 2231 1298 2263 swimming-pool 0.3043
2298 439 2301 404 2354 408 2351 443 swimming-pool 0.2484
1292 149 1292 113 1350 113 1350 149 swimming-pool 0.2450
1589 981 1622 980 1624 1041 1591 1042 swimming-pool 0.1979
1549 981 1582 981 1582 1044 1550 1044 swimming-pool 0.1785
1848 1186 1866 1148 1910 1168 1893 1206 swimming-pool 0.1152
