922 868 905 861 920 826 937 833 small-vehicle 0.9467
922 1226 924 1208 969 1212 967 1230 small-vehicle 0.8558
920 1251 920 1232 965 1232 964 1251 small-vehicle 0.8208
927 1272 929 1256 967 1259 966 1275 small-vehicle 0.7601
941 1317 927 1307 950 1277 963 1288 small-vehicle 0.6928
923 1179 928 1161 964 1171 959 1189 small-vehicle 0.6705
998 1205 981 1205 982 1171 999 1172 small-vehicle 0.6651
923 1154 927 1139 963 1148 959 1164 small-vehicle 0.6482
699 104 685 92 711 63 725 75 small-vehicle 0.6353
921 1126 928 1113 961 1130 955 1143 small-vehicle 0.6322
1009 1189 1025 1188 1027 1219 1010 1220 small-vehicle 0.6308
963 968 979 959 999 992 983 1001 small-vehicle 0.6183
932 798 918 794 926 768 940 773 small-vehicle 0.6159
960 1070 978 1069 979 1106 962 1106 small-vehicle 0.5866
77 335 85 324 108 341 100 351 small-vehicle 0.5861
139 359 146 347 171 363 163 375 small-vehicle 0.5338
1070 1236 1053 1235 1055 1201 1073 1202 small-vehicle 0.4851
830 990 823 975 853 960 860 975 small-vehicle 0.4824
52 146 62 136 88 160 79 170 small-vehicle 0.4782
949 748 933 748 933 713 949 713 small-vehicle 0.4711
134 387 142 376 167 394 159 405 small-vehicle 0.4631
1047 1227 1031 1227 1032 1193 1048 1194 small-vehicle 0.4465
61 176 69 165 92 182 84 193 small-vehicle 0.4464
1080 1184 1064 1181 1069 1151 1085 1154 small-vehicle 0.4300
104 766 94 758 113 735 123 743 small-vehicle 0.4236
1041 1153 1023 1153 1023 1115 1041 1115 small-vehicle 0.4229
894 542 909 541 910 573 895 573 small-vehicle 0.4161
925 1203 926 1188 963 1191 962 1206 small-vehicle 0.4039
908 273 893 260 924 224 939 237 small-vehicle 0.3960
1062 1167 1045 1166 1046 1129 1063 1130 small-vehicle 0.3931
998 1117 980 1114 986 1081 1004 1084 small-vehicle 0.3884
1025 362 1013 353 1032 327 1044 335 small-vehicle 0.3786
437 1085 420 1075 438 1045 455 1055 small-vehicle 0.3728
192 270 199 254 225 266 218 282 small-vehicle 0.3645
165 245 172 233 196 247 189 259 small-vehicle 0.3553
224 293 233 280 259 297 251 310 small-vehicle 0.3519
385 726 368 725 370 693 387 694 small-vehicle 0.3353
1017 1134 1002 1133 1005 1098 1021 1100 small-vehicle 0.3325
638 1011 638 995 671 994 672 1010 small-vehicle 0.3318
920 1102 928 1087 960 1104 952 1119 small-vehicle 0.3305
114 201 123 189 148 207 140 219 small-vehicle 0.3285
145 226 151 214 173 226 167 238 small-vehicle 0.3215
216 1213 203 1204 219 1182 231 1191 small-vehicle 0.3179
90 176 98 165 121 182 113 193 small-vehicle 0.2744
784 447 781 431 810 425 813 441 small-vehicle 0.2673
113 354 130 353 132 381 115 382 small-vehicle 0.2517
262 333 270 318 296 332 287 347 small-vehicle 0.2333
537 1022 537 1008 571 1007 571 1022 small-vehicle 0.2092
352 555 364 549 378 571 366 578 small-vehicle 0.2004
1100 1192 1083 1188 1090 1158 1106 1162 small-vehicle 0.1978
135 730 124 724 142 695 153 702 small-vehicle 0.1950
279 1316 267 1307 286 1281 298 1290 small-vehicle 0.1863
1007 1279 993 1273 1005 1243 1019 1249 small-vehicle 0.1727
1066 303 1059 290 1085 276 1092 289 small-vehicle 0.1691
200 646 187 640 199 615 212 621 small-vehicle 0.1674
95 683 82 675 94 653 107 661 small-vehicle 0.1368
224 611 212 601 232 576 244 586 small-vehicle 0.1352
202 253 210 242 232 258 224 269 small-vehicle 0.1279
648 1038 645 1020 743 1002 746 1021 large-vehicle 0.9237
1037 379 1022 366 1106 268 1120 281 large-vehicle 0.7140
642 1012 640 1000 729 991 730 1004 large-vehicle 0.2858
256 1137 185 431 928 356 999 1063 roundabout 0.9796
