3754 2955 3648 2951 3656 2726 3762 2730 tennis-court 0.9949
3686 2404 3794 2402 3796 2601 3689 2603 tennis-court 0.9942
3544 3264 3452 3263 3454 3067 3547 3068 tennis-court 0.9926
3342 2594 3240 2594 3241 2378 3342 2378 tennis-court 0.9925
3054 2586 2956 2585 2958 2383 3056 2384 tennis-court 0.9918
3103 2950 2999 2945 3008 2753 3112 2757 tennis-court 0.9907
3928 2592 3823 2592 3824 2396 3929 2397 tennis-court 0.9906
3618 2955 3502 2952 3509 2720 3625 2723 tennis-court 0.9904
3288 2940 3179 2934 3191 2718 3300 2724 tennis-court 0.9893
3257 3263 3165 3258 3176 3053 3269 3058 tennis-court 0.9864
3637 2588 3535 2587 3537 2397 3640 2398 tennis-court 0.9846
3402 3262 3301 3256 3313 3053 3414 3059 tennis-court 0.9815
3088 2389 3193 2384 3202 2577 3096 2582 tennis-court 0.9786
3715 3271 3617 3261 3638 3065 3736 3076 tennis-court 0.9762
4074 3059 3978 3056 3984 2864 4080 2867 tennis-court 0.9750
3430 2938 3334 2934 3342 2730 3438 2734 tennis-court 0.9725
2941 2962 2852 2955 2868 2750 2958 2757 tennis-court 0.9639
3487 2590 3388 2590 3388 2382 3487 2382 tennis-court 0.9506
3980 2409 4069 2409 4070 2607 3981 2608 tennis-court 0.9477
3912 3349 3804 3348 3806 3131 3914 3132 tennis-court 0.9235
3937 3045 3839 3043 3843 2844 3942 2847 tennis-court 0.8694
803 1354 807 880 1571 886 1567 1360 soccer-ball-field 0.9939
3834 3755 4044 3754 4046 3983 3836 3984 roundabout 0.1425
2592 1482 2996 1385 3100 1815 2695 1913 swimming-pool 0.9856
2594 4377 2623 4346 2690 4410 2662 4440 swimming-pool 0.9821
4488 4422 4443 4387 4497 4319 4541 4355 swimming-pool 0.9638
4675 1412 4752 1403 4763 1509 4687 1517 swimming-pool 0.9560
5146 2143 5074 2137 5084 2010 5156 2016 swimming-pool 0.9487
4926 2794 4806 2767 4855 2549 4975 2576 swimming-pool 0.9411
5083 2837 4965 2813 5012 2583 5129 2607 swimming-pool 0.9328
1510 4065 1553 4047 1588 4133 1545 4151 swimming-pool 0.8985
2326 4009 2281 3988 2317 3909 2363 3930 swimming-pool 0.8790
1275 4621 1260 4578 1335 4552 1350 4595 swimming-pool 0.8146
682 4114 752 4111 759 4298 689 4301 swimming-pool 0.7638
626 4681 575 4660 601 4594 652 4615 swimming-pool 0.7293
210 4280 218 4211 291 4220 283 4288 swimming-pool 0.7274
98 4826 105 4770 221 4784 214 4841 swimming-pool 0.7214
4448 2760 4440 2638 4587 2628 4596 2750 swimming-pool 0.6987
1142 4132 1201 4124 1213 4211 1154 4219 swimming-pool 0.6882
4243 1312 4195 1300 4215 1222 4263 1234 swimming-pool 0.6117
1565 3671 1610 3651 1649 3738 1604 3758 swimming-pool 0.5630
1034 4470 1017 4409 1092 4388 1109 4449 swimming-pool 0.4810
234 146 264 93 342 138 311 191 swimming-pool 0.4483
2467 2709 2496 2670 2585 2735 2557 2774 swimming-pool 0.3203
