1405 141 1354 129 1370 59 1421 70 ship 0.1427
1455 175 1409 158 1445 62 1491 79 ship 0.1281
2048 3467 2047 3407 2151 3406 2152 3465 swimming-pool 0.9793
3948 2136 3947 2072 4043 2071 4044 2135 swimming-pool 0.9706
4163 3792 4160 3733 4243 3728 4246 3788 swimming-pool 0.9699
648 721 715 716 720 784 653 789 swimming-pool 0.9679
3605 653 3625 603 3713 639 3692 689 swimming-pool 0.9668
547 3819 615 3805 634 3897 566 3911 swimming-pool 0.9644
2874 2579 2821 2565 2838 2498 2891 2512 swimming-pool 0.9636
1747 1189 1693 1166 1736 1067 1790 1091 swimming-pool 0.9627
673 155 682 90 798 106 789 171 swimming-pool 0.9610
4150 1944 4184 1895 4242 1934 4208 1984 swimming-pool 0.9607
613 2044 677 2035 689 2132 626 2141 swimming-pool 0.9592
2518 3355 2581 3350 2590 3450 2527 3455 swimming-pool 0.9540
4563 2765 4505 2748 4535 2642 4594 2659 swimming-pool 0.9469
3691 2251 3674 2193 3781 2161 3798 2220 swimming-pool 0.9468
4708 2104 4652 2074 4697 1989 4753 2019 swimming-pool 0.9457
558 885 614 855 672 964 617 994 swimming-pool 0.9439
1043 1764 1106 1736 1139 1811 1077 1839 swimming-pool 0.9418
2531 3168 2591 3153 2616 3249 2555 3264 swimming-pool 0.9386
2933 2105 2909 2029 2994 2002 3018 2078 swimming-pool 0.9350
1934 2032 1887 2000 1937 1927 1984 1958 swimming-pool 0.9279
1046 2342 966 2339 973 2181 1053 2184 swimming-pool 0.9231
1330 180 1349 131 1437 165 1418 214 swimming-pool 0.9177
4248 3361 4310 3342 4343 3449 4282 3468 swimming-pool 0.9165
3190 2170 3167 2107 3275 2068 3298 2131 swimming-pool 0.9089
2446 4092 2448 4037 2544 4040 2542 4095 swimming-pool 0.9023
581 3232 597 3195 673 3227 657 3264 swimming-pool 0.8988
344 2221 321 2189 403 2128 426 2159 swimming-pool 0.8978
3961 3027 3943 2959 4047 2930 4066 2998 swimming-pool 0.8976
158 2558 157 2499 274 2497 275 2556 swimming-pool 0.8914
3700 1317 3687 1263 3793 1236 3806 1290 swimming-pool 0.8905
3303 3014 3287 2975 3361 2944 3377 2984 swimming-pool 0.8845
96 4270 74 4226 162 4182 184 4227 swimming-pool 0.8793
4091 2816 4019 2810 4026 2729 4098 2735 swimming-pool 0.8790
880 1296 933 1288 949 1392 897 1401 swimming-pool 0.8649
2350 729 2330 680 2408 648 2428 697 swimming-pool 0.8538
1986 2599 1968 2558 2072 2512 2090 2554 swimming-pool 0.8309
1718 836 1698 792 1790 750 1810 795 swimming-pool 0.8241
2704 1083 2680 1031 2789 980 2814 1032 swimming-pool 0.8220
3847 3749 3823 3691 3910 3655 3934 3712 swimming-pool 0.8170
660 3747 642 3697 719 3670 736 3719 swimming-pool 0.8142
1303 2885 1344 2870 1373 2946 1332 2962 swimming-pool 0.7636
185 1401 123 1395 132 1310 193 1315 swimming-pool 0.7610
33 3804 11 3740 108 3706 130 3770 swimming-pool 0.7244
1599 3015 1590 2966 1681 2949 1690 2999 swimming-pool 0.7234
4517 2381 4530 2324 4648 2349 4635 2406 swimming-pool 0.7157
382 3648 379 3580 478 3575 482 3643 swimming-pool 0.6928
2627 528 2635 470 2731 483 2724 541 swimming-pool 0.6912
3862 2404 3857 2331 3962 2324 3967 2397 swimming-pool 0.6866
2660 1923 2552 1919 2556 1804 2665 1809 swimming-pool 0.6570
59 4083 -12 4055 17 3979 88 4007 swimming-pool 0.6317
3026 3474 3021 3415 3118 3408 3122 3467 swimming-pool 0.6225
2676 2171 2659 2108 2745 2084 2763 2147 swimming-pool 0.5447
1384 3059 1427 3046 1454 3130 1410 3144 swimming-pool 0.5274
3926 1230 3904 1190 4007 1134 4029 1174 swimming-pool 0.5260
3136 2334 3112 2278 3198 2242 3221 2298 swimming-pool 0.3453
3410 3870 3392 3839 3468 3796 3486 3827 swimming-pool 0.3072
770 2470 746 2426 848 2370 872 2414 swimming-pool 0.3029
2467 3129 2407 3126 2411 3034 2471 3036 swimming-pool 0.2396
2082 1697 2041 1680 2070 1612 2111 1629 swimming-pool 0.2071
