280 1015 264 1005 287 967 303 976 small-vehicle 0.9910
696 1042 687 1029 719 1010 727 1023 small-vehicle 0.9898
784 764 803 761 808 798 790 801 small-vehicle 0.9885
530 1060 514 1060 514 1023 531 1024 small-vehicle 0.9877
474 966 488 957 506 985 491 994 small-vehicle 0.9870
838 293 822 286 836 253 852 260 small-vehicle 0.9867
852 257 835 250 848 215 865 222 small-vehicle 0.9838
701 1073 698 1056 735 1051 737 1068 small-vehicle 0.9835
702 1089 702 1073 738 1072 738 1088 small-vehicle 0.9817
497 946 512 941 523 975 508 980 small-vehicle 0.9815
705 334 688 327 701 295 718 302 small-vehicle 0.9809
174 461 157 460 159 426 176 427 small-vehicle 0.9803
673 1085 658 1085 658 1053 673 1053 small-vehicle 0.9779
562 1099 545 1098 547 1064 563 1065 small-vehicle 0.9777
854 142 837 135 853 95 871 102 small-vehicle 0.9765
653 984 636 982 640 945 657 947 small-vehicle 0.9753
491 1057 508 1057 508 1095 491 1095 small-vehicle 0.9747
560 942 576 941 578 977 562 978 small-vehicle 0.9746
432 1154 417 1146 433 1116 447 1123 small-vehicle 0.9745
512 1057 495 1057 496 1024 512 1024 small-vehicle 0.9732
655 1077 638 1076 640 1040 656 1041 small-vehicle 0.9724
440 1001 449 990 475 1011 466 1022 small-vehicle 0.9716
396 1099 397 1083 428 1086 427 1102 small-vehicle 0.9714
619 1068 604 1067 605 1033 620 1034 small-vehicle 0.9714
795 493 778 492 782 457 799 459 small-vehicle 0.9712
699 1057 694 1042 726 1030 732 1045 small-vehicle 0.9709
693 1023 683 1009 712 990 721 1004 small-vehicle 0.9705
602 1066 587 1066 587 1031 602 1031 small-vehicle 0.9691
526 1095 510 1094 511 1061 528 1062 small-vehicle 0.9689
541 942 559 940 561 978 544 979 small-vehicle 0.9683
599 1104 582 1103 584 1070 601 1071 small-vehicle 0.9677
183 1080 169 1071 188 1042 202 1051 small-vehicle 0.9663
653 1121 637 1121 638 1085 653 1086 small-vehicle 0.9662
97 402 112 401 115 435 100 437 small-vehicle 0.9658
676 1003 668 986 695 974 702 992 small-vehicle 0.9642
519 945 535 942 542 977 526 980 small-vehicle 0.9634
580 1104 565 1104 566 1071 581 1071 small-vehicle 0.9626
704 1107 704 1092 738 1093 737 1108 small-vehicle 0.9615
545 1061 530 1061 531 1027 546 1027 small-vehicle 0.9610
565 1062 549 1062 550 1028 565 1028 small-vehicle 0.9596
783 687 799 687 800 720 784 720 small-vehicle 0.9595
579 938 594 937 596 972 580 972 small-vehicle 0.9593
798 759 783 759 784 726 799 727 small-vehicle 0.9591
634 1118 619 1117 620 1081 635 1082 small-vehicle 0.9581
581 1064 564 1063 566 1028 582 1029 small-vehicle 0.9571
843 787 860 787 861 823 843 823 small-vehicle 0.9570
64 558 81 557 83 592 66 593 small-vehicle 0.9551
708 1126 707 1110 742 1109 742 1126 small-vehicle 0.9527
59 384 74 384 75 416 60 417 small-vehicle 0.9525
620 1038 636 1038 636 1072 621 1072 small-vehicle 0.9519
453 984 462 972 486 991 477 1003 small-vehicle 0.9481
615 1116 599 1115 603 1081 619 1082 small-vehicle 0.9419
743 115 728 109 743 77 757 83 small-vehicle 0.9418
423 1020 430 1006 458 1021 451 1035 small-vehicle 0.9404
321 699 302 697 307 654 326 656 small-vehicle 0.9399
780 632 795 632 795 663 780 663 small-vehicle 0.9393
235 1000 222 990 241 965 253 974 small-vehicle 0.9356
770 1157 779 1143 809 1162 800 1176 small-vehicle 0.9355
413 1038 418 1023 448 1033 443 1048 small-vehicle 0.9247
834 681 852 681 853 713 835 713 small-vehicle 0.9235
119 412 135 411 136 443 121 444 small-vehicle 0.9229
725 158 710 151 724 119 739 125 small-vehicle 0.9219
705 203 692 196 708 164 722 171 small-vehicle 0.9204
543 1096 528 1095 529 1064 545 1065 small-vehicle 0.9188
40 376 54 375 56 407 42 408 small-vehicle 0.9178
800 448 785 446 789 419 804 421 small-vehicle 0.9144
811 403 791 397 804 346 825 352 small-vehicle 0.9116
668 991 655 984 670 956 683 963 small-vehicle 0.9112
85 570 100 568 103 600 89 601 small-vehicle 0.9110
598 938 613 938 613 972 599 972 small-vehicle 0.9107
23 539 41 539 42 577 25 578 small-vehicle 0.8988
156 1124 141 1116 157 1086 173 1094 small-vehicle 0.8832
486 1172 472 1169 479 1140 493 1144 small-vehicle 0.8786
656 1089 670 1089 670 1120 657 1120 small-vehicle 0.8765
46 552 61 550 65 579 50 581 small-vehicle 0.8619
526 1175 511 1172 516 1144 531 1147 small-vehicle 0.8608
402 1125 398 1110 424 1103 428 1118 small-vehicle 0.8592
633 972 618 972 618 941 633 941 small-vehicle 0.8587
847 542 827 540 831 484 851 485 small-vehicle 0.8569
453 1159 439 1154 449 1125 463 1130 small-vehicle 0.8563
834 718 852 717 854 750 837 751 small-vehicle 0.8509
92 424 78 424 78 394 92 394 small-vehicle 0.8503
211 1032 198 1024 216 997 229 1005 small-vehicle 0.8457
467 1168 454 1163 464 1134 477 1138 small-vehicle 0.8244
508 1172 493 1169 498 1140 513 1142 small-vehicle 0.8049
105 578 119 576 124 606 109 608 small-vehicle 0.8023
638 407 625 396 649 369 661 380 small-vehicle 0.7402
418 1058 424 1044 450 1054 444 1068 small-vehicle 0.7156
759 76 744 69 760 35 775 41 small-vehicle 0.6953
542 1177 528 1173 533 1152 548 1155 small-vehicle 0.6160
130 1159 118 1151 136 1125 148 1133 small-vehicle 0.5563
774 577 797 575 800 623 778 625 small-vehicle 0.5446
407 1072 413 1057 436 1068 429 1082 small-vehicle 0.5343
839 680 833 661 884 644 891 664 small-vehicle 0.5158
691 241 676 233 689 208 704 215 small-vehicle 0.4411
650 273 656 260 680 272 674 285 small-vehicle 0.4130
887 298 875 292 888 265 900 271 small-vehicle 0.3491
796 567 776 567 777 516 797 516 small-vehicle 0.2234
917 232 903 229 910 196 924 199 small-vehicle 0.2203
795 565 775 564 776 516 796 516 large-vehicle 0.7863
902 579 880 577 888 485 910 487 large-vehicle 0.7518
774 578 795 575 801 622 780 625 large-vehicle 0.5538
840 680 834 661 883 644 890 663 large-vehicle 0.4958
848 539 828 539 829 485 849 485 large-vehicle 0.2303
200 953 218 381 811 399 794 971 roundabout 0.9846
