445 921 456 906 491 932 480 948 small-vehicle 0.8330
307 401 291 394 305 362 321 368 small-vehicle 0.8167
381 817 391 808 414 834 403 844 small-vehicle 0.7968
269 469 254 460 274 429 288 438 small-vehicle 0.7653
880 840 870 831 892 806 903 815 small-vehicle 0.7553
603 1035 594 1021 625 1000 634 1014 small-vehicle 0.7551
719 940 711 929 740 908 748 920 small-vehicle 0.7535
381 657 367 652 379 620 393 626 small-vehicle 0.7478
104 592 97 577 128 562 135 576 small-vehicle 0.7175
899 734 884 733 885 703 900 703 small-vehicle 0.7113
77 259 62 254 72 222 88 227 small-vehicle 0.7011
249 505 234 496 252 466 268 475 small-vehicle 0.6071
293 428 277 422 288 396 304 402 small-vehicle 0.5831
343 192 327 190 330 163 346 165 small-vehicle 0.5705
581 481 575 462 622 448 628 468 small-vehicle 0.5594
21 784 35 778 47 805 33 811 small-vehicle 0.5547
770 478 778 465 798 478 789 491 small-vehicle 0.5352
899 72 901 56 932 59 930 75 small-vehicle 0.5231
881 132 883 117 911 120 909 135 small-vehicle 0.5168
319 362 305 354 322 326 336 334 small-vehicle 0.5039
45 785 59 781 67 808 54 812 small-vehicle 0.4492
350 840 362 832 381 857 370 866 small-vehicle 0.4105
789 419 781 409 808 387 817 398 small-vehicle 0.3983
940 677 944 661 977 670 973 685 small-vehicle 0.3741
828 607 841 603 850 628 837 633 small-vehicle 0.3662
946 393 930 392 933 357 949 359 small-vehicle 0.3355
1037 1467 1046 1453 1076 1472 1067 1486 small-vehicle 0.3160
1076 742 1074 727 1103 725 1104 740 small-vehicle 0.2973
909 51 912 37 939 41 936 56 small-vehicle 0.2626
1072 71 1073 55 1100 57 1099 72 small-vehicle 0.2303
104 205 89 196 111 157 126 165 small-vehicle 0.2294
252 366 240 359 252 339 264 345 small-vehicle 0.1939
895 115 897 98 921 102 918 119 small-vehicle 0.1673
109 314 90 305 109 266 127 275 small-vehicle 0.1668
899 97 898 80 925 78 926 95 small-vehicle 0.1628
1053 130 1052 114 1080 111 1082 127 small-vehicle 0.1627
979 659 982 644 1019 651 1016 666 small-vehicle 0.1558
1041 152 1039 137 1065 135 1066 151 small-vehicle 0.1370
105 256 88 248 105 211 123 219 small-vehicle 0.1128
1058 112 1058 95 1088 95 1088 111 small-vehicle 0.1124
571 1222 555 1217 565 1189 581 1194 small-vehicle 0.1111
580 481 575 459 625 449 630 470 large-vehicle 0.4859
86 13 92 -3 133 10 127 28 ship 0.1400
70 36 80 16 123 38 113 58 ship 0.1069
1003 1151 227 1134 244 317 1020 333 roundabout 0.9836
452 253 363 252 364 164 452 164 roundabout 0.3642
492 621 713 580 755 806 533 847 roundabout 0.1724
828 402 528 391 540 52 840 63 roundabout 0.1092
