2173 2350 2145 2349 2147 2309 2176 2311 small-vehicle 0.5426
390 418 367 408 380 378 403 388 small-vehicle 0.3103
928 692 929 663 976 664 975 693 small-vehicle 0.3054
2136 2393 2113 2391 2119 2338 2142 2340 small-vehicle 0.2857
350 510 374 505 386 560 362 566 small-vehicle 0.2229
887 679 889 654 937 657 935 683 small-vehicle 0.2094
447 978 467 971 484 1016 463 1024 small-vehicle 0.2015
461 595 481 587 500 630 480 639 small-vehicle 0.1991
1014 718 1039 707 1058 749 1033 760 small-vehicle 0.1849
332 427 354 424 361 470 339 473 small-vehicle 0.1812
476 568 485 541 535 559 526 585 small-vehicle 0.1579
630 1584 659 1572 682 1630 653 1641 small-vehicle 0.1102
2085 1908 2046 1451 2519 1410 2558 1868 roundabout 0.8451
542 1568 657 1563 662 1684 546 1689 roundabout 0.7992
99 2402 84 2377 714 1989 729 2015 harbor 0.8595
900 2196 910 2165 1290 2279 1280 2310 harbor 0.1589
1443 2147 1407 2137 1530 1712 1566 1723 harbor 0.1269
