665 667 593 621 680 484 752 530 ground-track-field 0.9960
777 293 796 293 797 330 778 330 basketball-court 0.1373
554 212 601 211 601 259 555 259 storage-tank 0.9993
656 258 610 257 611 210 657 211 storage-tank 0.9992
611 369 612 321 661 322 660 370 storage-tank 0.9990
611 311 612 265 659 266 658 312 storage-tank 0.9988
332 377 333 327 385 329 383 379 storage-tank 0.9988
333 437 335 387 387 388 385 439 storage-tank 0.9987
556 313 556 266 603 267 603 314 storage-tank 0.9987
557 370 558 324 606 325 605 371 storage-tank 0.9985
393 374 394 330 439 331 438 375 storage-tank 0.9985
390 435 392 385 444 387 442 437 storage-tank 0.9978
600 176 552 175 552 127 600 128 storage-tank 0.9973
332 321 331 272 380 271 381 320 storage-tank 0.9971
613 423 615 375 664 377 662 425 storage-tank 0.9968
388 318 389 270 439 270 439 318 storage-tank 0.9966
559 426 559 378 608 378 608 426 storage-tank 0.9942
656 175 608 175 609 123 656 123 storage-tank 0.9934
492 178 491 128 544 127 544 178 storage-tank 0.9553
660 173 660 122 717 122 716 174 storage-tank 0.9258
622 388 600 388 600 363 622 363 storage-tank 0.5639
379 449 378 427 402 426 402 449 storage-tank 0.1822
591 134 592 113 618 114 617 135 storage-tank 0.1055
662 637 621 606 686 520 727 551 soccer-ball-field 0.5919
