633 657 623 657 624 634 634 635 small-vehicle 0.7988
591 737 575 735 578 703 594 704 small-vehicle 0.5770
343 98 352 95 358 114 349 116 small-vehicle 0.5577
313 94 309 84 332 74 337 84 small-vehicle 0.4287
360 387 360 377 385 376 385 386 small-vehicle 0.3916
361 378 360 368 386 365 387 376 small-vehicle 0.3691
643 544 630 544 632 508 644 509 small-vehicle 0.3420
361 395 360 386 385 385 385 395 small-vehicle 0.3215
309 758 306 750 321 745 324 753 small-vehicle 0.3076
198 353 198 343 217 342 217 352 small-vehicle 0.2737
424 706 421 698 439 690 442 698 small-vehicle 0.2726
190 283 190 272 211 272 211 283 small-vehicle 0.2608
654 381 643 380 645 360 655 361 small-vehicle 0.2496
199 321 199 309 216 309 216 321 small-vehicle 0.2343
665 56 675 56 675 77 665 77 small-vehicle 0.2195
348 696 365 689 374 713 357 720 small-vehicle 0.2096
552 183 541 182 543 166 554 167 small-vehicle 0.2021
195 376 196 360 218 362 216 377 small-vehicle 0.1991
200 309 200 300 216 300 216 310 small-vehicle 0.1882
578 180 578 168 594 169 593 181 small-vehicle 0.1813
655 358 643 357 644 333 657 334 small-vehicle 0.1783
201 334 199 324 214 322 215 332 small-vehicle 0.1763
311 408 322 407 322 426 311 427 small-vehicle 0.1681
193 299 193 287 215 287 215 299 small-vehicle 0.1569
361 407 360 396 386 394 387 405 small-vehicle 0.1473
543 184 532 183 533 170 543 170 small-vehicle 0.1212
245 420 258 420 258 441 245 441 small-vehicle 0.1122
446 423 446 379 537 381 537 425 tennis-court 0.9977
445 472 446 432 540 434 539 475 tennis-court 0.9959
450 526 451 485 534 487 533 528 tennis-court 0.9820
200 533 200 492 241 492 241 533 storage-tank 0.9173
