785 115 797 113 800 126 787 128 plane 0.1258
419 71 418 58 432 58 433 71 plane 0.1128
464 530 620 495 690 807 534 842 ground-track-field 0.2536
224 248 222 240 236 235 239 243 large-vehicle 0.3572
452 452 470 439 496 473 479 486 tennis-court 0.9984
475 431 491 419 517 456 501 467 tennis-court 0.9983
385 413 402 400 429 436 412 449 tennis-court 0.9981
387 502 405 489 431 523 413 536 tennis-court 0.9981
429 468 447 455 474 492 457 505 tennis-court 0.9976
407 486 425 473 452 508 435 521 tennis-court 0.9970
407 396 423 383 452 418 436 431 tennis-court 0.9970
431 378 449 366 474 402 456 414 tennis-court 0.9963
363 432 380 418 408 452 391 466 tennis-court 0.9945
342 449 360 435 387 467 369 482 tennis-court 0.9943
493 367 508 362 518 390 503 396 tennis-court 0.4077
275 402 307 380 334 420 301 441 basketball-court 0.9567
328 360 362 336 394 382 361 406 basketball-court 0.9256
382 325 400 313 428 357 410 369 basketball-court 0.8958
357 341 376 329 395 357 375 370 basketball-court 0.2706
318 376 340 366 352 394 330 403 basketball-court 0.2271
461 597 572 531 694 735 584 801 soccer-ball-field 0.9829
613 515 578 350 926 276 961 440 soccer-ball-field 0.1042
