5834 623 5758 483 5919 396 5995 535 plane 0.9969
948 415 883 374 935 291 1000 332 plane 0.9947
2883 933 2886 845 2990 848 2987 936 plane 0.9898
3653 447 3652 365 3744 364 3745 447 plane 0.9892
755 1036 688 1001 736 909 803 944 plane 0.9892
3369 633 3371 543 3465 545 3463 635 plane 0.9892
731 745 664 722 693 640 760 664 plane 0.9884
3501 696 3497 608 3592 604 3596 692 plane 0.9879
2274 1037 2206 1000 2255 911 2323 948 plane 0.9859
1228 326 1153 322 1158 230 1233 235 plane 0.9845
899 1294 813 1290 818 1176 904 1180 plane 0.9843
5409 448 5510 444 5515 563 5414 567 plane 0.9838
611 923 546 891 593 799 657 832 plane 0.9828
4565 424 4654 408 4672 507 4583 523 plane 0.9817
2284 866 2218 829 2269 738 2334 774 plane 0.9809
973 694 908 664 952 568 1017 598 plane 0.9809
2969 607 2975 523 3075 530 3069 614 plane 0.9806
3726 596 3824 594 3826 699 3728 701 plane 0.9785
3307 685 3220 679 3225 590 3313 595 plane 0.9767
3623 602 3706 600 3708 692 3625 693 plane 0.9767
951 849 884 818 922 734 990 765 plane 0.9755
2776 600 2768 520 2861 511 2869 591 plane 0.9745
4629 522 4723 512 4736 631 4642 641 plane 0.9699
2627 1123 2568 1091 2613 1008 2672 1040 plane 0.9650
1757 653 1691 619 1731 541 1797 575 plane 0.9605
2991 942 2992 858 3086 858 3085 943 plane 0.9603
828 579 766 529 838 440 900 490 plane 0.9559
2617 841 2701 839 2704 930 2620 933 plane 0.9546
1600 376 1529 344 1570 253 1641 285 plane 0.9536
2881 604 2879 520 2969 518 2971 602 plane 0.9532
1733 826 1674 792 1724 704 1784 739 plane 0.9528
2547 1110 2473 1086 2501 997 2576 1021 plane 0.9472
1157 506 1078 470 1125 366 1204 402 plane 0.9464
2435 773 2370 724 2425 651 2490 700 plane 0.9422
659 1281 581 1233 640 1137 718 1184 plane 0.9419
3116 682 3113 599 3203 596 3206 678 plane 0.9393
3347 427 3350 343 3451 347 3448 430 plane 0.9379
2041 368 1965 351 1983 272 2059 288 plane 0.9376
3148 409 3148 322 3255 322 3254 410 plane 0.9304
562 1371 480 1358 495 1266 578 1279 plane 0.9278
3018 666 3022 589 3103 594 3098 671 plane 0.9276
1171 1068 1099 1045 1127 956 1200 980 plane 0.9267
3546 434 3550 353 3647 357 3643 439 plane 0.9136
720 1537 659 1513 691 1428 752 1451 plane 0.9017
3969 404 4047 403 4047 517 3970 518 plane 0.9001
2935 399 2940 321 3059 328 3054 407 plane 0.8994
2282 495 2223 460 2272 376 2332 411 plane 0.8965
2792 918 2789 841 2875 838 2878 915 plane 0.8884
3448 426 3452 346 3548 352 3543 431 plane 0.8835
5671 573 5578 572 5580 462 5673 464 plane 0.8830
4979 582 4890 577 4896 465 4985 470 plane 0.8776
905 926 831 901 861 811 935 836 plane 0.8723
2379 870 2313 835 2368 731 2434 766 plane 0.8682
3341 420 3247 414 3253 320 3347 326 plane 0.8608
4946 732 5019 731 5019 831 4947 832 plane 0.8483
1032 684 975 642 1040 554 1097 596 plane 0.8433
2580 1024 2524 986 2569 919 2625 956 plane 0.8429
6189 562 6105 561 6107 463 6190 464 plane 0.8244
5286 512 5193 510 5195 412 5288 414 plane 0.8210
1650 823 1596 789 1650 705 1703 739 plane 0.7998
1095 502 1021 500 1023 417 1097 419 plane 0.7979
835 1448 777 1406 829 1332 888 1373 plane 0.7798
1402 754 1324 746 1336 632 1414 640 plane 0.7740
2692 842 2771 842 2771 929 2692 929 plane 0.7677
4272 535 4350 532 4354 635 4276 638 plane 0.7463
789 1533 718 1509 748 1423 819 1447 plane 0.7264
1567 565 1513 522 1580 439 1634 482 plane 0.7116
6285 572 6205 571 6207 462 6287 464 plane 0.7097
1445 1392 1384 1374 1409 1288 1470 1305 plane 0.6842
1831 656 1760 624 1804 529 1874 561 plane 0.6722
1224 1073 1166 1036 1230 936 1289 973 plane 0.6679
4841 791 4759 789 4761 698 4843 699 plane 0.6630
1465 704 1400 685 1424 603 1490 623 plane 0.6483
490 1457 425 1433 454 1351 520 1375 plane 0.6248
5058 554 4969 548 4977 411 5066 416 plane 0.6205
2166 664 2103 636 2151 527 2214 555 plane 0.5897
331 1349 276 1324 316 1236 370 1261 plane 0.5893
5615 973 5546 938 5594 843 5664 878 plane 0.5869
3365 632 3280 623 3289 534 3375 544 plane 0.5814
2646 429 2595 390 2664 299 2716 338 plane 0.5645
3406 958 3398 883 3498 873 3506 948 plane 0.5618
2241 413 2183 382 2231 291 2289 322 plane 0.3194
1454 1087 1411 1053 1476 970 1519 1004 plane 0.2570
5357 566 5281 564 5284 416 5359 417 plane 0.2306
3054 615 3060 534 3154 541 3148 622 plane 0.1951
2675 1030 2623 998 2669 926 2720 958 plane 0.1868
2137 580 2080 545 2132 461 2189 496 plane 0.1774
2182 487 2135 450 2195 373 2242 409 plane 0.1532
2462 691 2422 653 2495 575 2535 613 plane 0.1309
890 485 831 449 882 366 941 402 plane 0.1182
824 1454 761 1411 818 1329 881 1372 helicopter 0.1069
