958 383 843 379 848 259 962 263 plane 0.9990
215 487 325 486 326 601 217 603 plane 0.9988
631 628 517 626 519 508 633 510 plane 0.9984
2891 820 2747 816 2751 653 2895 656 plane 0.9983
376 296 382 201 482 207 476 302 plane 0.9980
31 574 138 570 141 694 34 698 plane 0.9978
2124 652 2200 650 2202 764 2126 766 plane 0.9975
571 288 495 282 502 201 578 207 plane 0.9973
651 280 576 276 580 195 656 199 plane 0.9966
936 220 1008 216 1012 293 940 296 plane 0.9965
2008 774 1943 738 1982 668 2047 704 plane 0.9936
2052 788 2049 732 2107 729 2110 785 plane 0.9934
1456 747 1452 686 1515 682 1519 743 plane 0.9919
1456 535 1498 505 1530 551 1488 581 plane 0.9912
1326 531 1384 522 1394 581 1336 591 plane 0.9905
1197 763 1191 703 1251 696 1258 756 plane 0.9898
1252 692 1329 682 1339 762 1262 772 plane 0.9898
385 590 380 517 467 512 471 584 plane 0.9895
1535 539 1555 498 1597 518 1578 559 plane 0.9798
2384 683 2457 682 2458 763 2385 764 plane 0.9784
1397 695 1443 691 1448 742 1401 746 plane 0.9747
444 258 529 248 539 334 454 344 plane 0.9520
1333 702 1384 692 1394 745 1343 754 plane 0.9488
870 288 820 288 820 235 870 235 plane 0.9452
1459 601 1426 592 1437 551 1470 560 plane 0.8138
217 209 262 208 263 256 218 257 plane 0.7783
2821 109 3011 109 3011 350 2821 350 small-vehicle 0.2877
1558 450 1504 446 1508 383 1563 387 roundabout 0.1266
