532 451 10 427 36 -138 558 -114 ground-track-field 0.4760
434 966 349 962 356 794 441 797 tennis-court 0.9998
833 734 749 729 759 557 843 562 tennis-court 0.9998
707 718 624 716 630 553 712 556 tennis-court 0.9997
301 958 219 953 229 784 311 789 tennis-court 0.9997
820 986 739 984 743 817 824 819 tennis-court 0.9997
690 981 608 979 614 808 696 811 tennis-court 0.9997
559 975 475 970 485 800 569 805 tennis-court 0.9996
849 472 769 469 776 297 856 300 tennis-court 0.9996
27 358 40 -55 522 -39 508 374 soccer-ball-field 0.8349
