1422 574 1444 514 1527 544 1506 604 plane 0.9996
1521 604 1543 548 1624 580 1602 636 plane 0.9994
1444 320 1368 295 1399 201 1475 227 plane 0.9993
1654 907 1668 851 1752 871 1739 927 plane 0.9992
1750 929 1773 872 1866 909 1844 966 plane 0.9992
1326 533 1347 479 1422 508 1401 562 plane 0.9990
1243 770 1265 712 1355 746 1333 805 plane 0.9989
1250 269 1194 243 1230 164 1286 190 plane 0.9988
1229 513 1245 460 1317 481 1302 534 plane 0.9987
1619 643 1636 586 1719 611 1702 668 plane 0.9987
243 477 256 410 345 427 332 495 plane 0.9982
1735 670 1753 616 1820 639 1802 693 plane 0.9982
618 324 642 262 718 291 694 353 plane 0.9982
2245 552 2211 500 2286 452 2319 505 plane 0.9980
2381 547 2325 522 2356 452 2413 478 plane 0.9978
1552 857 1572 812 1652 847 1632 892 plane 0.9976
1123 474 1148 422 1226 459 1202 511 plane 0.9972
1877 36 1887 14 1934 36 1924 58 small-vehicle 0.6733
1852 123 1860 100 1909 119 1900 142 small-vehicle 0.5639
1869 82 1877 58 1918 73 1910 97 small-vehicle 0.5313
1975 257 1985 234 2026 252 2015 275 small-vehicle 0.4489
1885 15 1893 -2 1936 15 1929 34 small-vehicle 0.4449
1991 195 1999 173 2043 189 2035 211 small-vehicle 0.3814
2040 39 2050 14 2098 33 2088 58 small-vehicle 0.3746
1819 235 1828 211 1874 227 1865 251 small-vehicle 0.3575
1958 303 1967 280 2010 298 2001 320 small-vehicle 0.3464
1982 228 1991 206 2035 224 2027 245 small-vehicle 0.3410
2004 162 2011 138 2059 153 2052 177 small-vehicle 0.3331
1866 107 1874 86 1913 102 1905 123 small-vehicle 0.3154
1827 210 1835 188 1876 203 1868 225 small-vehicle 0.3036
2215 63 2195 55 2212 12 2233 20 small-vehicle 0.2916
2014 133 2021 109 2067 123 2060 147 small-vehicle 0.2758
1968 280 1976 260 2018 279 2010 298 small-vehicle 0.2519
1840 151 1848 129 1897 144 1889 167 small-vehicle 0.2356
2025 105 2032 80 2079 94 2072 119 small-vehicle 0.2181
1599 30 1609 11 1646 31 1636 50 small-vehicle 0.1850
2030 81 2037 58 2082 72 2075 95 small-vehicle 0.1839
2181 55 2159 48 2171 7 2193 14 small-vehicle 0.1702
1770 50 1774 7 1817 11 1813 54 storage-tank 0.4030
