249 699 261 699 262 719 250 720 small-vehicle 0.7148
183 801 171 801 172 778 183 778 small-vehicle 0.6856
210 703 221 701 224 721 213 722 small-vehicle 0.4950
298 719 286 718 287 701 299 701 small-vehicle 0.2302
190 769 203 767 208 802 194 804 small-vehicle 0.2002
543 143 592 140 598 239 549 242 tennis-court 0.9996
690 300 738 296 746 396 698 400 tennis-court 0.9994
618 457 666 453 674 553 626 557 tennis-court 0.9994
296 215 345 213 350 313 301 315 tennis-court 0.9994
530 319 578 314 586 414 539 419 tennis-court 0.9993
774 118 823 116 828 217 780 219 tennis-court 0.9992
304 389 353 384 362 482 314 487 tennis-court 0.9992
367 212 413 205 428 302 383 309 tennis-court 0.9992
231 394 280 390 288 491 239 495 tennis-court 0.9992
702 126 751 125 754 227 706 228 tennis-court 0.9991
616 137 662 133 670 233 624 237 tennis-court 0.9990
705 447 751 443 760 545 714 549 tennis-court 0.9989
545 467 594 463 603 559 554 564 tennis-court 0.9989
402 374 452 371 458 478 408 481 tennis-court 0.9988
601 316 650 310 660 404 611 409 tennis-court 0.9988
193 875 192 847 253 845 254 873 tennis-court 0.9676
319 50 328 25 381 45 372 69 swimming-pool 0.9499
941 632 917 632 917 585 942 585 swimming-pool 0.6654
206 543 247 541 252 642 211 644 swimming-pool 0.1109
