983 572 964 569 967 548 986 551 small-vehicle 0.3169
927 499 932 489 952 498 947 509 small-vehicle 0.1836
746 454 747 440 772 442 771 456 small-vehicle 0.1333
715 740 666 738 671 636 720 638 tennis-court 0.9960
776 734 733 734 733 646 776 646 tennis-court 0.9950
562 886 515 884 518 782 565 784 tennis-court 0.9947
1092 215 1148 214 1149 326 1093 326 tennis-court 0.9941
692 883 643 881 646 785 695 786 tennis-court 0.9930
406 919 485 918 488 1022 409 1024 tennis-court 0.9924
629 888 580 887 582 793 631 793 tennis-court 0.9919
1215 213 1266 212 1266 311 1215 312 tennis-court 0.9912
1102 364 1153 362 1155 460 1104 461 tennis-court 0.9903
1228 502 1276 500 1279 597 1231 599 tennis-court 0.9893
841 735 794 735 795 635 843 636 tennis-court 0.9886
601 1337 560 1336 563 1250 604 1251 tennis-court 0.9870
1157 216 1206 215 1208 317 1159 318 tennis-court 0.9840
1224 368 1266 366 1270 449 1228 451 tennis-court 0.9833
1108 506 1153 505 1155 606 1110 607 tennis-court 0.9832
1163 506 1218 506 1219 605 1164 605 tennis-court 0.9810
307 1074 330 1012 418 1045 395 1107 tennis-court 0.9785
254 1088 321 1073 338 1156 272 1170 tennis-court 0.9764
211 1298 132 1291 140 1191 219 1198 tennis-court 0.9613
1211 457 1162 455 1165 362 1214 363 tennis-court 0.9577
1249 1203 1199 1203 1200 1108 1250 1108 tennis-court 0.9389
1089 753 1092 676 1184 679 1181 756 basketball-court 0.8776
1198 1106 1254 1106 1254 1202 1199 1202 basketball-court 0.4033
308 1053 346 1000 436 1064 398 1117 basketball-court 0.1171
1233 537 1232 504 1270 503 1270 537 basketball-court 0.1090
1127 1120 1151 1100 1186 1143 1162 1163 swimming-pool 0.9873
769 860 724 843 751 770 796 787 swimming-pool 0.9006
676 1348 690 1326 732 1353 717 1375 swimming-pool 0.1082
