656 1587 649 1557 688 1547 695 1577 plane 0.9992
961 838 996 810 1024 845 989 873 plane 0.9990
892 905 917 889 935 918 909 933 plane 0.9987
866 1628 855 1594 899 1580 910 1613 plane 0.9985
1204 899 1234 894 1240 927 1210 932 plane 0.9981
954 819 939 790 968 775 983 804 plane 0.9979
436 1039 427 1007 464 997 473 1028 plane 0.9975
853 1056 885 1049 893 1081 861 1089 plane 0.9975
547 546 576 526 599 560 569 580 plane 0.9972
1238 938 1270 927 1282 961 1249 972 plane 0.9970
900 748 936 737 949 777 913 788 plane 0.9967
810 1642 802 1606 844 1597 852 1633 plane 0.9965
835 1832 870 1827 877 1871 842 1877 plane 0.9963
955 1011 987 1005 994 1039 963 1046 plane 0.9961
1093 768 1060 764 1064 728 1097 731 plane 0.9960
548 1990 587 1976 603 2021 564 2035 plane 0.9951
1095 779 1125 768 1137 802 1107 813 plane 0.9950
673 676 698 666 712 700 687 710 plane 0.9950
1020 1249 1047 1231 1072 1268 1045 1286 plane 0.9949
827 1830 817 1796 852 1785 863 1820 plane 0.9947
920 1126 956 1125 958 1165 922 1166 plane 0.9940
992 1205 957 1202 961 1165 996 1168 plane 0.9940
1166 866 1189 852 1206 881 1183 894 plane 0.9938
553 1577 545 1553 586 1539 595 1563 plane 0.9936
1121 826 1151 805 1175 838 1145 859 plane 0.9929
1016 701 1046 685 1067 723 1037 739 plane 0.9928
1043 1082 1035 1054 1063 1045 1072 1073 plane 0.9926
494 1593 486 1567 521 1557 529 1583 plane 0.9923
997 1012 1026 997 1044 1031 1016 1046 plane 0.9921
531 1627 525 1591 570 1584 576 1620 plane 0.9915
1129 1162 1154 1147 1179 1188 1154 1203 plane 0.9907
1089 1163 1119 1147 1140 1185 1111 1201 plane 0.9906
862 1498 856 1467 893 1460 899 1490 plane 0.9904
603 1607 594 1580 623 1570 632 1597 plane 0.9902
354 1070 342 1037 386 1021 398 1053 plane 0.9901
991 1056 1014 1042 1032 1072 1009 1085 plane 0.9896
751 1841 785 1832 795 1873 762 1882 plane 0.9894
307 1082 297 1056 336 1040 346 1066 plane 0.9891
1274 981 1306 967 1322 1004 1290 1018 plane 0.9890
808 1743 847 1739 852 1785 813 1790 plane 0.9887
489 1770 525 1762 535 1807 498 1814 plane 0.9886
1067 1730 1098 1715 1115 1748 1084 1764 plane 0.9882
445 1864 475 1858 482 1894 452 1900 plane 0.9881
696 1661 730 1652 742 1693 708 1703 plane 0.9875
726 1429 715 1400 753 1385 764 1414 plane 0.9867
730 1747 764 1742 773 1795 739 1800 plane 0.9864
843 1876 876 1867 886 1907 852 1915 plane 0.9863
492 2033 523 2024 536 2069 505 2078 plane 0.9859
821 1014 857 1014 857 1053 821 1053 plane 0.9858
490 474 519 459 538 498 509 512 plane 0.9855
921 977 943 966 960 1000 937 1011 plane 0.9855
1011 864 1037 858 1044 888 1018 894 plane 0.9850
862 867 883 852 903 881 883 896 plane 0.9848
927 1760 962 1753 972 1798 937 1805 plane 0.9840
1094 1958 1124 1948 1136 1986 1107 1996 plane 0.9837
105 830 96 801 131 789 141 818 plane 0.9817
618 700 642 683 665 717 641 733 plane 0.9812
1114 969 1082 967 1083 930 1116 932 plane 0.9804
478 1023 474 994 521 987 525 1017 plane 0.9788
704 358 731 340 754 376 727 393 plane 0.9781
739 1798 770 1788 780 1819 749 1830 plane 0.9774
501 1817 539 1808 549 1848 512 1858 plane 0.9772
888 1096 914 1087 924 1116 898 1126 plane 0.9772
937 962 926 935 954 924 965 951 plane 0.9764
1070 1110 1076 1079 1110 1085 1104 1116 plane 0.9763
677 1441 666 1412 710 1395 721 1424 plane 0.9757
453 1905 483 1896 495 1938 465 1947 plane 0.9753
288 1520 279 1486 323 1475 332 1508 plane 0.9741
845 519 868 496 908 536 885 559 plane 0.9734
1113 979 1137 964 1153 990 1129 1004 plane 0.9733
395 1060 379 1031 419 1009 435 1037 plane 0.9721
395 1766 417 1748 443 1780 421 1798 plane 0.9692
480 1643 475 1617 505 1611 510 1637 plane 0.9691
509 1862 544 1849 560 1891 525 1904 plane 0.9691
1040 1647 1073 1637 1084 1674 1051 1684 plane 0.9679
773 682 783 655 817 667 807 695 plane 0.9662
751 942 781 933 792 970 762 979 plane 0.9650
764 1884 795 1874 806 1909 775 1918 plane 0.9643
1054 1688 1084 1678 1097 1720 1067 1729 plane 0.9626
462 1947 495 1937 507 1978 473 1987 plane 0.9624
823 842 833 813 871 827 861 855 plane 0.9594
901 1504 891 1478 932 1462 943 1488 plane 0.9587
1146 1018 1173 1001 1191 1029 1165 1047 plane 0.9581
1050 1961 1084 1958 1088 2001 1053 2004 plane 0.9444
398 1844 436 1837 445 1885 406 1892 plane 0.9333
425 720 454 712 466 759 437 767 plane 0.9321
676 1548 669 1523 710 1512 717 1537 plane 0.9268
1032 1604 1061 1597 1071 1636 1041 1643 plane 0.9254
764 1383 786 1374 800 1407 777 1416 plane 0.9046
1062 1905 1096 1896 1108 1939 1074 1949 plane 0.8951
532 1026 522 1004 563 986 573 1007 plane 0.8821
658 313 679 293 711 326 690 347 plane 0.8388
786 1959 775 1934 810 1918 821 1943 plane 0.7999
603 856 626 841 648 874 625 889 plane 0.7803
1031 1945 1021 1920 1066 1902 1076 1926 plane 0.6400
606 259 624 239 662 275 645 294 plane 0.4692
759 2059 755 2038 796 2030 800 2051 plane 0.4270
432 407 454 395 472 428 450 440 plane 0.4094
660 819 660 791 691 791 691 819 large-vehicle 0.6022
391 451 384 434 416 421 423 438 large-vehicle 0.5449
793 1218 787 1200 843 1183 848 1201 large-vehicle 0.2011
148 1047 141 1027 179 1013 186 1032 large-vehicle 0.1099
