145 1297 144 1273 177 1272 178 1296 small-vehicle 0.6191
132 1207 134 1184 177 1188 174 1211 small-vehicle 0.5824
253 1292 252 1271 285 1269 287 1290 small-vehicle 0.5633
145 1157 154 1129 191 1140 182 1168 small-vehicle 0.5618
142 1274 141 1253 178 1251 179 1272 small-vehicle 0.4918
176 1106 186 1092 213 1112 203 1126 small-vehicle 0.4874
158 1451 156 1431 196 1428 198 1448 small-vehicle 0.3731
146 1407 145 1386 192 1384 193 1404 small-vehicle 0.3508
179 1343 156 1343 156 1318 179 1319 small-vehicle 0.2731
159 1131 167 1116 197 1132 189 1146 small-vehicle 0.2727
247 1207 247 1188 292 1189 291 1209 small-vehicle 0.2279
252 1183 252 1161 289 1160 290 1182 small-vehicle 0.2080
156 1386 152 1365 184 1359 187 1380 small-vehicle 0.2053
146 1231 146 1212 173 1211 173 1231 small-vehicle 0.1710
153 1319 153 1299 178 1298 179 1319 small-vehicle 0.1573
138 1182 141 1159 185 1167 181 1189 small-vehicle 0.1550
253 1317 252 1297 292 1296 292 1315 small-vehicle 0.1027
143 1407 142 1386 187 1383 188 1404 large-vehicle 0.2940
561 1150 646 1149 648 1344 563 1345 tennis-court 0.9997
1089 1136 1177 1133 1183 1322 1095 1325 tennis-court 0.9996
1227 561 1139 561 1139 371 1227 371 tennis-court 0.9995
1240 1130 1325 1130 1325 1317 1240 1317 tennis-court 0.9995
1150 751 1240 751 1241 937 1152 938 tennis-court 0.9995
1440 741 1531 740 1533 932 1442 932 tennis-court 0.9995
1286 366 1377 366 1377 551 1287 551 tennis-court 0.9995
525 960 436 960 437 773 526 773 tennis-court 0.9994
692 382 781 382 781 569 693 569 tennis-court 0.9994
943 1141 1032 1141 1034 1327 945 1328 tennis-court 0.9994
580 769 670 766 678 955 588 959 tennis-court 0.9993
1295 745 1384 743 1389 932 1300 934 tennis-court 0.9993
1474 1313 1381 1312 1383 1124 1476 1125 tennis-court 0.9992
820 952 732 950 736 764 824 766 tennis-court 0.9992
527 1346 439 1345 441 1159 529 1159 tennis-court 0.9992
678 1142 770 1139 778 1340 686 1343 tennis-court 0.9992
990 376 1079 375 1081 562 992 563 tennis-court 0.9992
923 570 835 568 839 378 928 380 tennis-court 0.9989
314 1161 403 1158 410 1349 320 1353 tennis-court 0.9989
1003 762 1091 760 1093 937 1005 938 tennis-court 0.9989
962 703 917 701 920 631 966 633 roundabout 0.1931
833 1260 877 1259 879 1350 836 1351 swimming-pool 0.2871
