1122 710 1138 702 1158 739 1142 747 small-vehicle 0.9811
1055 644 1073 635 1092 672 1074 682 small-vehicle 0.9804
1125 761 1142 751 1164 789 1147 799 small-vehicle 0.9797
1075 632 1092 624 1111 664 1094 672 small-vehicle 0.9754
1064 741 1083 732 1105 775 1086 785 small-vehicle 0.9734
1106 774 1123 764 1148 805 1130 815 small-vehicle 0.9733
1148 754 1164 744 1186 784 1169 793 small-vehicle 0.9704
1104 723 1121 715 1138 750 1121 758 small-vehicle 0.9659
1108 607 1124 598 1147 635 1131 645 small-vehicle 0.9645
1161 696 1177 687 1195 719 1179 728 small-vehicle 0.9568
1201 722 1218 713 1237 751 1221 759 small-vehicle 0.9334
1164 740 1181 731 1201 768 1185 777 small-vehicle 0.9178
1132 599 1147 591 1165 626 1150 634 small-vehicle 0.9129
1090 618 1106 610 1127 648 1111 657 small-vehicle 0.8952
1149 586 1167 577 1187 620 1169 629 small-vehicle 0.8944
-5 1265 13 1258 29 1297 10 1305 small-vehicle 0.8916
1002 670 1019 664 1033 697 1016 704 small-vehicle 0.8167
1157 854 1176 844 1195 883 1176 892 small-vehicle 0.7806
1021 660 1037 653 1053 689 1037 697 small-vehicle 0.7692
1196 830 1214 822 1229 861 1211 868 small-vehicle 0.7646
94 1347 111 1343 121 1381 104 1386 small-vehicle 0.7119
1222 706 1238 700 1253 740 1236 746 small-vehicle 0.6782
32 1363 52 1357 63 1395 43 1401 small-vehicle 0.5534
944 1382 936 1364 973 1349 980 1367 small-vehicle 0.5444
1197 673 1216 664 1234 701 1215 710 small-vehicle 0.4692
1170 580 1185 572 1204 606 1189 614 small-vehicle 0.3783
1225 793 1257 778 1275 816 1243 831 small-vehicle 0.2695
1241 699 1255 693 1271 727 1257 733 small-vehicle 0.1874
1200 673 1219 666 1232 703 1214 710 ship 0.1007
476 1037 556 989 657 1157 577 1205 tennis-court 0.9998
582 972 658 926 758 1092 681 1138 tennis-court 0.9998
368 771 441 726 540 887 466 932 tennis-court 0.9998
769 483 850 442 936 607 855 649 tennis-court 0.9998
786 852 864 805 960 965 882 1012 tennis-court 0.9998
886 791 964 746 1061 909 983 955 tennis-court 0.9998
266 826 346 780 442 946 362 992 tennis-court 0.9998
467 714 544 667 638 824 561 871 tennis-court 0.9998
687 913 765 868 859 1030 781 1075 tennis-court 0.9997
370 1102 448 1055 545 1219 466 1265 tennis-court 0.9997
959 371 1039 326 1129 489 1048 533 tennis-court 0.9997
866 424 945 383 1031 550 951 591 tennis-court 0.9997
675 543 755 503 840 669 760 710 tennis-court 0.9996
494 248 571 204 663 366 586 409 tennis-court 0.9979
408 303 485 260 573 420 496 463 tennis-court 0.9978
582 199 661 154 753 316 674 361 tennis-court 0.9956
