1044 896 1055 880 1091 902 1080 918 small-vehicle 0.9875
731 1042 741 1027 775 1049 764 1064 small-vehicle 0.9828
1116 792 1125 776 1158 797 1148 812 small-vehicle 0.9762
1069 863 1079 846 1115 867 1106 884 small-vehicle 0.9755
547 923 558 907 594 931 584 947 small-vehicle 0.9649
1080 845 1090 828 1127 849 1117 866 small-vehicle 0.9615
1023 930 1034 914 1073 940 1062 957 small-vehicle 0.9602
302 886 286 876 309 839 325 849 small-vehicle 0.9542
571 1061 556 1050 580 1015 596 1027 small-vehicle 0.9493
520 1026 503 1015 526 980 542 990 small-vehicle 0.9479
216 822 201 812 223 780 237 791 small-vehicle 0.9452
486 1004 470 994 491 961 506 971 small-vehicle 0.9422
268 859 253 849 274 816 289 825 small-vehicle 0.9368
300 762 310 744 347 767 336 784 small-vehicle 0.9343
283 876 267 866 288 830 305 839 small-vehicle 0.9331
1106 1180 1089 1170 1109 1132 1127 1142 small-vehicle 0.9327
974 1074 957 1065 974 1034 992 1043 small-vehicle 0.9283
832 985 814 974 836 936 854 946 small-vehicle 0.9208
1110 988 1120 973 1152 995 1142 1010 small-vehicle 0.9172
503 1016 488 1006 508 973 524 982 small-vehicle 0.9158
1033 914 1043 898 1077 919 1068 935 small-vehicle 0.9157
760 942 743 930 767 896 784 907 small-vehicle 0.9145
905 1025 890 1014 911 981 927 991 small-vehicle 0.9099
799 958 783 950 799 918 815 926 small-vehicle 0.9029
974 817 983 801 1021 823 1012 839 small-vehicle 0.8977
348 792 358 774 396 798 385 815 small-vehicle 0.8932
220 708 229 691 264 710 254 727 small-vehicle 0.8925
771 1071 781 1055 818 1077 808 1094 small-vehicle 0.8786
963 837 974 820 1012 844 1002 860 small-vehicle 0.8772
938 1051 922 1041 944 1007 959 1017 small-vehicle 0.8771
780 948 763 937 786 904 803 916 small-vehicle 0.8679
888 1016 870 1005 892 968 910 979 small-vehicle 0.8488
646 1105 629 1096 647 1064 664 1073 small-vehicle 0.8439
359 916 344 906 366 871 382 880 small-vehicle 0.8167
954 1063 938 1052 961 1019 977 1030 small-vehicle 0.7996
682 1017 693 996 731 1016 719 1037 small-vehicle 0.7875
997 1087 978 1076 1000 1039 1018 1049 small-vehicle 0.7768
956 852 966 836 999 855 989 872 small-vehicle 0.7228
1097 1004 1107 986 1147 1009 1136 1027 small-vehicle 0.7008
387 816 398 800 432 821 422 838 small-vehicle 0.6765
465 866 475 851 511 875 501 890 small-vehicle 0.5162
590 540 570 530 595 483 615 494 small-vehicle 0.4668
44 108 22 96 61 21 84 33 small-vehicle 0.3279
648 963 665 959 674 999 657 1003 small-vehicle 0.3263
514 889 540 883 546 909 520 915 small-vehicle 0.3224
589 1074 574 1064 595 1032 611 1043 small-vehicle 0.3187
207 59 209 36 261 40 259 64 small-vehicle 0.3143
1088 1204 1072 1195 1088 1167 1104 1177 small-vehicle 0.3070
861 1127 871 1111 909 1135 899 1151 small-vehicle 0.2778
29 81 9 72 42 1 62 10 small-vehicle 0.2750
177 681 185 664 219 681 210 698 small-vehicle 0.2329
917 1035 902 1025 924 989 939 999 small-vehicle 0.2289
1123 972 1129 952 1152 959 1147 979 small-vehicle 0.1745
244 838 221 821 240 794 263 810 small-vehicle 0.1607
710 951 688 939 726 870 748 882 small-vehicle 0.1575
395 431 376 415 416 367 435 384 small-vehicle 0.1435
940 768 921 760 936 725 955 733 small-vehicle 0.1350
338 621 319 606 358 557 376 572 small-vehicle 0.1332
459 789 439 775 485 710 505 724 small-vehicle 0.1179
370 537 346 521 440 387 464 403 large-vehicle 0.9948
678 634 659 620 705 556 724 569 large-vehicle 0.9922
712 650 691 637 730 574 751 588 large-vehicle 0.9917
219 436 196 421 286 282 309 297 large-vehicle 0.9904
464 495 444 481 490 415 510 428 large-vehicle 0.9838
631 599 609 587 648 519 670 532 large-vehicle 0.9834
601 582 580 568 622 502 644 516 large-vehicle 0.9829
765 688 743 675 782 609 804 622 large-vehicle 0.9803
518 526 498 512 539 451 559 465 large-vehicle 0.9802
849 736 828 724 863 662 884 674 large-vehicle 0.9799
870 756 851 742 895 681 913 694 large-vehicle 0.9795
568 858 546 844 585 782 607 795 large-vehicle 0.9794
458 795 435 781 481 708 504 723 large-vehicle 0.9772
738 669 717 656 759 591 780 604 large-vehicle 0.9762
334 490 312 476 377 366 399 379 large-vehicle 0.9741
896 770 878 756 920 699 939 713 large-vehicle 0.9741
314 479 289 466 362 332 386 345 large-vehicle 0.9720
820 723 797 709 837 644 859 657 large-vehicle 0.9719
283 465 255 450 332 305 361 320 large-vehicle 0.9706
494 506 474 493 513 433 533 446 large-vehicle 0.9663
795 695 774 682 811 625 831 638 large-vehicle 0.9584
617 896 594 883 635 812 657 825 large-vehicle 0.9575
665 608 644 596 677 536 698 548 large-vehicle 0.9507
839 838 814 833 829 762 854 768 large-vehicle 0.9355
657 921 636 905 682 844 702 859 large-vehicle 0.9295
346 503 323 484 414 371 437 391 large-vehicle 0.9211
338 624 318 610 358 554 378 568 large-vehicle 0.8938
707 951 685 938 723 872 745 885 large-vehicle 0.8532
42 111 19 99 58 24 81 36 large-vehicle 0.6730
294 372 274 357 315 301 336 316 large-vehicle 0.6473
584 545 564 531 599 481 620 495 large-vehicle 0.4761
232 203 209 187 256 118 279 134 large-vehicle 0.2789
29 81 9 72 42 1 62 10 large-vehicle 0.1324
30 88 9 80 39 -1 60 6 ship 0.1137
