657 1040 674 1028 698 1062 681 1074 small-vehicle 0.9921
762 824 777 812 804 844 788 857 small-vehicle 0.9836
692 885 707 876 724 904 709 913 small-vehicle 0.9789
279 815 267 800 297 777 309 792 small-vehicle 0.9721
905 847 922 837 944 872 927 882 small-vehicle 0.9686
1039 791 1030 772 1066 755 1075 775 small-vehicle 0.9603
434 867 383 793 540 685 591 759 tennis-court 0.9999
653 704 602 631 758 522 809 596 tennis-court 0.9998
274 655 222 574 385 469 437 550 tennis-court 0.9998
575 608 526 531 686 430 735 507 tennis-court 0.9998
420 394 370 315 528 215 578 294 tennis-court 0.9998
359 770 309 691 469 589 519 668 tennis-court 0.9998
199 557 150 479 309 377 359 455 tennis-court 0.9998
505 963 455 881 613 783 663 865 tennis-court 0.9998
720 802 670 724 831 622 881 701 tennis-court 0.9998
493 492 441 414 601 309 653 387 tennis-court 0.9997
