1176 991 1103 970 1125 893 1198 914 plane 0.9992
692 1259 782 1259 783 1352 693 1353 plane 0.9989
891 1445 878 1372 962 1357 975 1430 plane 0.9989
1006 1110 1044 1072 1084 1112 1046 1150 plane 0.9983
1322 845 1316 791 1371 784 1378 838 plane 0.9982
1203 780 1263 762 1281 824 1221 842 plane 0.9982
947 1254 985 1212 1028 1251 990 1294 plane 0.9981
1132 744 1079 658 1169 602 1223 689 plane 0.9980
279 92 300 50 346 73 325 115 plane 0.9977
910 1053 883 989 955 959 982 1024 plane 0.9971
973 795 1060 755 1101 846 1015 885 plane 0.9968
791 1458 763 1353 873 1323 901 1429 plane 0.9966
1164 748 1193 702 1240 732 1210 778 plane 0.9966
1461 450 1450 372 1531 361 1541 439 plane 0.9965
1248 840 1285 803 1321 841 1284 877 plane 0.9959
1310 495 1343 453 1397 496 1365 538 plane 0.9958
952 1073 980 1027 1033 1060 1004 1106 plane 0.9956
455 1545 480 1510 522 1540 497 1575 plane 0.9953
1737 247 1748 215 1783 227 1771 259 plane 0.9951
550 1324 571 1290 606 1312 586 1345 plane 0.9949
1952 264 1969 238 2002 260 1985 286 plane 0.9947
221 184 239 146 284 167 266 205 plane 0.9947
1390 686 1384 602 1475 596 1482 680 plane 0.9946
979 1407 947 1289 1082 1253 1114 1372 plane 0.9945
510 1419 528 1386 568 1409 551 1441 plane 0.9941
285 1715 314 1673 357 1703 327 1745 plane 0.9941
576 1474 596 1437 636 1459 616 1496 plane 0.9940
536 1460 552 1433 582 1450 566 1477 plane 0.9931
1930 106 1897 101 1902 66 1935 71 plane 0.9924
1848 171 1866 145 1902 169 1885 196 plane 0.9915
1918 244 1929 210 1966 222 1954 257 plane 0.9914
2028 223 2037 189 2074 198 2066 233 plane 0.9904
1238 791 1245 723 1317 730 1310 798 plane 0.9900
1828 375 1839 346 1871 358 1860 387 plane 0.9898
620 1383 590 1361 614 1327 645 1350 plane 0.9897
2131 293 2097 283 2108 249 2142 260 plane 0.9880
1811 140 1827 113 1865 135 1849 163 plane 0.9869
101 429 124 382 179 410 156 456 plane 0.9861
1917 257 1885 255 1887 221 1920 224 plane 0.9852
1696 211 1709 179 1749 194 1737 226 plane 0.9849
970 1500 954 1440 1023 1422 1039 1482 plane 0.9849
419 1661 439 1628 479 1652 458 1686 plane 0.9849
1835 331 1846 306 1878 321 1866 346 plane 0.9835
1778 156 1787 128 1815 137 1807 165 plane 0.9827
1862 65 1872 36 1903 48 1893 76 plane 0.9824
1845 221 1851 190 1887 197 1881 228 plane 0.9816
1792 345 1801 314 1834 323 1825 354 plane 0.9801
1681 243 1699 218 1736 243 1718 269 plane 0.9781
88 518 105 488 139 506 123 537 plane 0.9737
1558 492 1605 442 1657 491 1610 540 plane 0.9733
2025 305 2059 304 2060 339 2026 340 plane 0.9731
195 1650 239 1593 304 1643 260 1700 plane 0.9665
45 487 63 460 103 486 85 514 plane 0.9663
1810 183 1826 158 1856 178 1840 203 plane 0.9648
1648 508 1652 478 1682 482 1678 511 plane 0.9593
247 1690 270 1659 302 1684 279 1715 plane 0.9583
894 1510 885 1463 947 1451 956 1498 plane 0.9577
1514 443 1558 418 1584 463 1540 488 plane 0.9577
542 1613 504 1585 534 1543 572 1571 plane 0.9567
1732 123 1751 94 1782 114 1762 143 plane 0.9565
1641 486 1613 477 1623 445 1651 454 plane 0.9558
19 625 35 593 79 614 62 647 plane 0.9416
1970 471 1967 444 2006 439 2010 465 plane 0.9397
500 1707 469 1699 478 1666 509 1674 plane 0.9388
1972 331 1991 305 2024 330 2005 356 plane 0.9384
1984 287 2001 267 2036 294 2020 315 plane 0.9353
1905 391 1914 368 1941 379 1932 402 plane 0.9270
668 1404 637 1399 642 1366 672 1370 plane 0.9246
1797 281 1770 269 1782 241 1809 253 plane 0.9094
843 1174 859 1146 897 1168 880 1196 plane 0.8573
1385 681 1354 672 1364 637 1395 646 plane 0.8532
1556 510 1539 486 1564 469 1580 493 plane 0.8520
1361 694 1396 688 1402 725 1367 731 plane 0.8448
38 533 55 506 94 531 77 558 plane 0.8396
1596 327 1566 308 1586 277 1616 296 plane 0.8384
1506 494 1473 466 1507 426 1540 454 plane 0.8275
994 1364 1050 1362 1052 1421 996 1423 plane 0.8169
1632 566 1609 544 1639 513 1661 535 plane 0.8144
1597 337 1614 309 1651 332 1634 360 plane 0.8059
841 1416 888 1406 899 1460 853 1470 plane 0.8022
1065 1297 1104 1283 1118 1323 1080 1337 plane 0.7871
1716 562 1729 541 1757 559 1744 579 plane 0.7767
1712 548 1683 538 1694 508 1723 518 plane 0.7529
1914 443 1891 423 1911 399 1934 418 plane 0.7306
1429 800 1397 784 1417 746 1448 762 plane 0.6763
528 1563 505 1554 518 1521 541 1530 plane 0.5143
1807 304 1813 282 1845 291 1839 312 plane 0.4961
1376 691 1387 666 1425 682 1414 708 plane 0.3752
1868 356 1875 330 1902 338 1895 364 plane 0.2305
422 1495 426 1471 459 1475 456 1500 plane 0.1015
1288 628 1273 618 1297 583 1312 594 large-vehicle 0.2555
