1096 41 1076 40 1077 -1 1097 -1 small-vehicle 0.8911
-8 79 -5 61 39 69 37 87 small-vehicle 0.8888
218 954 197 954 198 914 219 914 small-vehicle 0.8697
640 905 667 904 667 971 641 971 small-vehicle 0.7932
1089 133 1070 133 1071 89 1090 89 small-vehicle 0.6786
1126 139 1105 139 1106 97 1127 98 small-vehicle 0.6642
-9 100 -6 80 38 88 34 108 small-vehicle 0.6477
709 209 719 194 758 221 748 236 small-vehicle 0.6443
881 955 871 932 910 916 920 938 small-vehicle 0.6170
-9 522 -9 504 37 504 37 523 small-vehicle 0.5481
240 954 220 953 222 917 242 917 small-vehicle 0.5162
-11 544 -11 526 35 524 36 542 small-vehicle 0.5121
-7 563 -6 544 32 546 32 565 small-vehicle 0.4717
-9 342 -10 324 31 321 32 339 small-vehicle 0.4162
-6 359 -6 341 33 341 32 360 small-vehicle 0.3700
-6 306 -6 287 34 286 35 305 small-vehicle 0.3658
-1 253 -3 237 35 232 38 247 small-vehicle 0.3623
-13 596 -13 580 35 581 35 597 small-vehicle 0.3608
994 958 974 944 999 910 1018 924 small-vehicle 0.3519
-7 503 -7 487 35 487 35 503 small-vehicle 0.3422
-5 632 -4 616 32 619 31 635 small-vehicle 0.3368
1144 96 1170 96 1170 150 1144 150 small-vehicle 0.2955
1088 1016 1070 1006 1092 967 1110 978 small-vehicle 0.2942
5 39 9 18 55 27 51 48 small-vehicle 0.2912
913 986 901 966 940 941 952 961 small-vehicle 0.2827
-11 286 -10 268 33 271 32 288 small-vehicle 0.2821
-6 650 -5 632 28 634 27 651 small-vehicle 0.2529
-3 380 -2 359 36 362 35 382 small-vehicle 0.2518
-11 448 -9 419 34 421 32 451 small-vehicle 0.2439
-7 613 -7 598 32 599 31 615 small-vehicle 0.2241
240 978 259 977 261 1019 242 1020 small-vehicle 0.2166
263 948 242 948 243 915 264 916 small-vehicle 0.2108
811 965 821 945 878 973 869 992 small-vehicle 0.1813
386 1007 388 989 436 994 434 1011 small-vehicle 0.1703
-7 671 -7 653 31 653 31 671 small-vehicle 0.1495
142 614 132 593 196 565 205 586 small-vehicle 0.1495
-6 397 -7 379 32 378 32 396 small-vehicle 0.1418
-10 320 -7 301 38 308 36 327 small-vehicle 0.1286
-6 415 -5 398 32 401 30 418 small-vehicle 0.1248
-6 178 -7 160 30 156 31 175 small-vehicle 0.1238
0 54 3 36 51 46 48 63 small-vehicle 0.1190
463 450 457 428 561 399 567 421 large-vehicle 0.9975
785 700 794 680 890 722 880 743 large-vehicle 0.9974
461 733 455 710 561 682 568 705 large-vehicle 0.9961
784 733 793 713 888 755 879 776 large-vehicle 0.9959
336 650 332 627 440 605 445 628 large-vehicle 0.9957
457 675 452 654 559 628 565 649 large-vehicle 0.9944
463 648 458 628 560 599 566 619 large-vehicle 0.9944
339 394 334 372 439 346 445 368 large-vehicle 0.9940
688 486 697 466 791 510 782 530 large-vehicle 0.9925
343 365 337 344 438 318 443 338 large-vehicle 0.9925
343 480 336 460 442 429 448 449 large-vehicle 0.9922
470 279 462 258 565 223 573 244 large-vehicle 0.9921
338 792 333 770 440 742 445 764 large-vehicle 0.9916
343 451 338 428 443 406 448 429 large-vehicle 0.9915
461 476 457 454 563 436 566 458 large-vehicle 0.9914
673 111 685 89 779 140 767 162 large-vehicle 0.9910
783 813 791 794 887 841 878 859 large-vehicle 0.9901
463 702 458 680 562 655 567 678 large-vehicle 0.9897
338 423 333 400 438 375 444 399 large-vehicle 0.9896
110 261 101 241 197 199 206 219 large-vehicle 0.9885
467 421 461 400 559 376 564 397 large-vehicle 0.9875
342 679 337 659 440 631 446 651 large-vehicle 0.9874
470 250 463 228 567 195 574 218 large-vehicle 0.9869
346 338 340 317 439 290 445 311 large-vehicle 0.9868
121 283 113 263 207 221 216 240 large-vehicle 0.9859
474 561 468 538 553 516 559 540 large-vehicle 0.9850
465 760 458 739 561 709 567 730 large-vehicle 0.9850
1099 350 1089 329 1182 284 1192 305 large-vehicle 0.9849
333 282 329 259 436 238 441 261 large-vehicle 0.9847
337 310 332 288 439 266 444 288 large-vehicle 0.9845
466 621 460 600 560 572 566 593 large-vehicle 0.9845
992 854 983 833 1076 793 1085 814 large-vehicle 0.9843
679 688 687 667 778 703 770 724 large-vehicle 0.9828
1105 605 1094 584 1182 539 1193 560 large-vehicle 0.9814
786 668 794 650 888 694 880 712 large-vehicle 0.9814
773 781 782 762 876 806 867 825 large-vehicle 0.9811
114 513 105 494 196 453 205 471 large-vehicle 0.9811
462 338 457 317 560 291 565 312 large-vehicle 0.9810
466 594 460 573 558 546 564 567 large-vehicle 0.9800
112 405 102 385 195 337 205 357 large-vehicle 0.9787
1104 379 1095 356 1186 319 1196 341 large-vehicle 0.9768
469 533 464 512 561 486 566 507 large-vehicle 0.9753
466 363 461 343 562 319 567 339 large-vehicle 0.9753
679 511 688 492 778 535 769 553 large-vehicle 0.9752
337 621 332 598 438 575 443 597 large-vehicle 0.9750
1099 780 1088 757 1184 710 1195 732 large-vehicle 0.9747
677 333 689 315 776 371 764 389 large-vehicle 0.9743
354 814 349 794 432 775 437 794 large-vehicle 0.9742
990 742 983 721 1077 689 1084 711 large-vehicle 0.9714
782 647 790 629 886 671 878 688 large-vehicle 0.9709
465 393 459 373 566 341 572 360 large-vehicle 0.9708
348 533 343 513 442 488 447 508 large-vehicle 0.9707
460 309 456 288 558 265 562 286 large-vehicle 0.9702
348 561 343 541 440 515 446 535 large-vehicle 0.9691
467 503 463 482 564 461 568 482 large-vehicle 0.9672
787 618 796 600 884 646 874 664 large-vehicle 0.9671
679 654 688 635 778 679 768 698 large-vehicle 0.9670
120 567 111 547 187 510 197 530 large-vehicle 0.9666
347 508 341 487 440 459 446 479 large-vehicle 0.9660
116 460 106 440 191 394 202 414 large-vehicle 0.9660
122 593 113 575 199 533 208 552 large-vehicle 0.9644
466 161 456 138 556 94 566 117 large-vehicle 0.9644
673 827 682 808 772 850 763 869 large-vehicle 0.9643
685 432 694 412 786 455 777 475 large-vehicle 0.9638
994 825 984 805 1072 760 1082 781 large-vehicle 0.9635
347 704 343 684 440 665 444 684 large-vehicle 0.9620
788 849 797 830 891 875 882 894 large-vehicle 0.9616
1100 635 1092 613 1184 577 1193 599 large-vehicle 0.9565
680 714 688 695 775 733 767 752 large-vehicle 0.9557
117 538 108 518 193 480 202 500 large-vehicle 0.9512
683 798 693 778 780 821 770 841 large-vehicle 0.9504
786 555 797 538 884 591 874 608 large-vehicle 0.9499
1002 881 992 857 1087 816 1097 839 large-vehicle 0.9419
1089 870 1080 848 1180 806 1189 828 large-vehicle 0.9412
997 404 986 383 1077 338 1087 359 large-vehicle 0.9286
679 593 689 575 777 626 767 643 large-vehicle 0.9275
994 796 985 774 1073 734 1083 756 large-vehicle 0.9236
998 710 989 689 1081 647 1090 669 large-vehicle 0.9143
1082 554 1073 535 1166 489 1175 508 large-vehicle 0.9027
1099 724 1088 704 1178 656 1188 675 large-vehicle 0.8945
1100 663 1091 643 1183 603 1192 623 large-vehicle 0.8502
340 216 330 199 422 145 432 162 large-vehicle 0.8104
990 490 980 472 1070 420 1081 438 large-vehicle 0.7974
757 204 767 186 851 235 841 253 large-vehicle 0.7961
1113 404 1104 386 1192 344 1201 362 large-vehicle 0.7732
433 966 429 944 534 926 538 948 large-vehicle 0.7073
129 613 121 593 200 560 208 580 large-vehicle 0.6886
1144 96 1170 96 1170 150 1144 150 large-vehicle 0.5950
677 198 689 179 761 220 750 239 large-vehicle 0.5527
115 435 103 410 194 363 207 388 large-vehicle 0.2659
812 962 822 944 877 974 867 992 large-vehicle 0.2148
1105 17 1117 -9 1259 52 1247 79 large-vehicle 0.1899
667 970 640 970 641 904 668 905 large-vehicle 0.1204
386 1007 388 989 436 994 434 1011 large-vehicle 0.1004
