1517 1432 1509 1414 1593 1375 1601 1393 bridge 0.1848
94 129 92 113 117 111 118 128 large-vehicle 0.2883
1566 865 1564 839 1628 834 1630 859 large-vehicle 0.1904
259 719 260 695 334 698 333 722 ship 0.9876
957 659 957 636 1030 636 1030 659 ship 0.9861
1319 499 1318 479 1370 475 1372 495 ship 0.9860
1544 726 1541 705 1599 697 1602 719 ship 0.9844
1547 757 1542 736 1608 722 1612 743 ship 0.9802
1188 608 1186 589 1234 583 1236 602 ship 0.9790
995 563 994 545 1039 542 1040 559 ship 0.9790
257 805 257 780 331 779 331 804 ship 0.9741
1526 650 1523 628 1586 619 1589 641 ship 0.9673
541 702 538 678 611 669 614 693 ship 0.9665
1158 880 1152 864 1194 848 1199 865 ship 0.9636
1166 345 1167 324 1221 326 1220 347 ship 0.9623
526 616 525 599 562 597 562 614 ship 0.9615
1082 786 1074 763 1138 742 1146 765 ship 0.9615
807 681 806 658 874 655 875 679 ship 0.9590
1154 1049 1148 1032 1189 1019 1194 1036 ship 0.9571
1179 496 1179 477 1226 477 1226 496 ship 0.9566
1120 950 1114 934 1152 920 1158 936 ship 0.9533
1311 430 1311 409 1365 408 1365 430 ship 0.9522
1001 632 999 613 1044 607 1047 626 ship 0.9447
939 541 938 524 980 520 981 538 ship 0.9426
1531 618 1530 598 1584 595 1585 615 ship 0.9401
662 609 660 594 696 587 699 602 ship 0.9384
1385 515 1384 499 1430 494 1432 509 ship 0.9338
264 855 264 833 331 832 331 855 ship 0.9334
975 337 974 317 1023 316 1023 336 ship 0.9319
992 590 991 570 1045 566 1046 587 ship 0.9303
1169 399 1169 378 1217 377 1217 399 ship 0.9302
1120 528 1116 512 1163 502 1167 519 ship 0.9302
805 900 798 884 834 868 841 884 ship 0.9282
382 595 382 578 425 576 425 594 ship 0.9275
1108 368 1108 350 1155 351 1155 368 ship 0.9240
1309 351 1310 337 1349 338 1349 353 ship 0.9223
951 850 945 834 987 817 993 833 ship 0.9219
985 476 983 458 1029 455 1031 473 ship 0.9198
1376 408 1376 390 1421 389 1421 408 ship 0.9176
1510 414 1507 397 1553 387 1557 404 ship 0.9147
1153 1077 1148 1059 1197 1045 1202 1064 ship 0.9088
259 548 260 529 305 531 304 550 ship 0.9078
1535 569 1532 553 1577 545 1580 562 ship 0.9073
672 691 671 671 740 670 740 691 ship 0.9052
257 675 258 655 308 657 307 676 ship 0.8989
1176 468 1175 449 1223 446 1224 465 ship 0.8982
732 849 724 824 807 801 814 826 ship 0.8959
1115 481 1113 464 1161 458 1163 475 ship 0.8940
830 493 829 476 868 473 870 490 ship 0.8876
1328 561 1327 545 1372 543 1373 559 ship 0.8858
1534 550 1530 534 1574 523 1578 539 ship 0.8734
558 461 559 444 599 447 598 464 ship 0.8723
1523 505 1520 486 1570 477 1573 496 ship 0.8643
965 885 959 870 1000 854 1006 870 ship 0.8628
1216 1050 1212 1037 1254 1023 1258 1036 ship 0.8502
643 377 643 364 680 364 680 378 ship 0.8385
844 634 842 617 885 613 887 629 ship 0.8270
1182 641 1180 618 1233 613 1235 636 ship 0.8206
697 449 696 434 731 431 733 446 ship 0.8174
1128 793 1123 775 1165 764 1170 782 ship 0.8155
1349 1017 1343 999 1385 985 1391 1003 ship 0.8149
890 815 885 786 960 771 966 799 ship 0.8008
259 591 260 573 304 577 302 595 ship 0.8001
1303 291 1302 274 1351 271 1352 288 ship 0.7998
839 573 839 557 878 558 878 573 ship 0.7959
946 614 946 598 985 596 986 613 ship 0.7953
1541 701 1539 681 1590 674 1593 694 ship 0.7930
699 488 699 473 736 472 736 487 ship 0.7815
1104 327 1104 310 1146 310 1146 327 ship 0.7806
1386 537 1385 523 1425 519 1426 533 ship 0.7794
982 384 980 367 1023 363 1025 379 ship 0.7757
571 536 568 521 604 516 606 532 ship 0.7747
944 582 942 565 983 561 985 577 ship 0.7614
831 517 830 498 877 496 878 514 ship 0.7590
828 430 828 413 869 413 869 430 ship 0.7578
841 593 841 577 882 575 882 591 ship 0.7446
434 535 434 520 470 521 470 536 ship 0.7027
1318 909 1314 896 1352 883 1357 897 ship 0.6969
993 540 989 526 1032 516 1035 530 ship 0.6887
1372 336 1371 318 1419 315 1420 334 ship 0.6530
596 885 590 872 629 856 635 869 ship 0.6325
1173 417 1173 399 1216 399 1216 417 ship 0.6036
430 503 428 486 465 483 466 499 ship 0.6021
575 627 573 614 609 608 611 621 ship 0.5929
1184 537 1182 521 1228 517 1230 533 ship 0.5895
825 411 825 393 867 392 868 410 ship 0.5555
1176 448 1175 430 1220 427 1221 444 ship 0.5306
260 479 261 459 304 462 302 482 ship 0.5065
432 519 432 502 470 501 470 518 ship 0.5063
840 554 839 540 877 536 879 550 ship 0.5016
574 604 573 590 609 587 610 602 ship 0.4935
971 317 969 302 1010 299 1011 313 ship 0.4604
418 396 419 380 455 381 454 397 ship 0.4476
558 441 559 426 597 427 596 442 ship 0.3649
574 652 572 637 611 633 612 648 ship 0.3624
1182 515 1182 499 1227 499 1227 515 ship 0.2839
1558 809 1554 781 1620 771 1624 800 ship 0.2397
1170 365 1170 348 1213 349 1213 366 ship 0.2340
1353 898 1349 876 1409 864 1414 886 ship 0.1051
1797 1264 1784 1255 1808 1217 1822 1226 ship 0.1038
572 577 570 565 608 560 610 572 ship 0.1000
716 841 809 807 930 1132 837 1166 harbor 0.9808
876 803 972 771 1078 1080 982 1113 harbor 0.9568
1294 285 1417 271 1451 576 1328 590 harbor 0.9559
771 309 854 299 894 651 812 660 harbor 0.9459
1089 290 1207 275 1252 617 1133 632 harbor 0.9370
1246 768 1363 717 1467 958 1351 1009 harbor 0.9323
616 324 707 306 776 672 685 689 harbor 0.9319
358 360 453 348 492 668 398 680 harbor 0.9260
1055 780 1161 740 1276 1043 1170 1083 harbor 0.9257
1225 1338 1214 1295 1305 1270 1317 1313 harbor 0.9129
907 309 1016 298 1051 638 942 649 harbor 0.9012
489 339 581 326 635 690 543 704 harbor 0.8457
1479 273 1561 261 1660 945 1578 957 harbor 0.7440
948 1151 969 1143 997 1215 975 1223 harbor 0.7120
490 937 568 908 687 1236 609 1264 harbor 0.5881
224 481 323 479 334 1171 235 1173 harbor 0.5797
1382 253 1381 230 1484 229 1484 252 harbor 0.5370
1294 1034 1315 1028 1339 1106 1319 1113 harbor 0.5142
672 1241 687 1237 704 1303 690 1307 harbor 0.4099
554 877 628 842 791 1198 717 1232 harbor 0.2264
1801 804 1770 802 1773 751 1804 753 swimming-pool 0.9556
