65 1038 53 1023 87 996 99 1012 small-vehicle 0.9677
990 446 978 427 1016 402 1028 421 small-vehicle 0.9581
882 845 902 835 924 878 904 888 small-vehicle 0.9542
967 586 954 570 991 541 1004 557 small-vehicle 0.9508
105 783 93 769 123 745 134 759 small-vehicle 0.9463
53 1017 41 1000 75 977 86 993 small-vehicle 0.9433
99 1087 88 1070 125 1044 136 1061 small-vehicle 0.9421
71 727 62 712 96 692 105 708 small-vehicle 0.9299
1007 473 993 453 1031 428 1044 448 small-vehicle 0.9291
1036 516 1022 495 1060 470 1074 492 small-vehicle 0.9168
112 580 126 571 146 600 132 610 small-vehicle 0.9103
17 1145 6 1131 38 1105 49 1119 small-vehicle 0.9090
92 1241 82 1223 115 1203 126 1221 small-vehicle 0.9078
955 561 942 544 977 518 990 535 small-vehicle 0.9030
779 142 764 120 807 91 822 113 small-vehicle 0.8993
47 769 38 755 68 735 78 749 small-vehicle 0.8983
933 537 921 518 960 494 972 514 small-vehicle 0.8889
281 1258 299 1249 319 1286 300 1296 small-vehicle 0.8672
942 813 958 804 978 838 962 847 small-vehicle 0.8575
29 685 17 669 53 643 65 660 small-vehicle 0.8508
827 378 814 359 849 336 862 355 small-vehicle 0.8491
889 305 875 285 911 259 925 278 small-vehicle 0.8468
45 1174 35 1159 63 1140 73 1154 small-vehicle 0.8444
933 370 919 350 956 323 970 343 small-vehicle 0.8205
21 661 11 645 44 623 54 639 small-vehicle 0.8186
69 1204 61 1189 93 1172 101 1186 small-vehicle 0.8158
10 1198 0 1183 33 1161 43 1177 small-vehicle 0.8063
919 825 933 817 951 850 936 858 small-vehicle 0.8060
849 403 836 384 871 360 884 378 small-vehicle 0.8029
874 280 859 261 896 232 910 251 small-vehicle 0.7794
975 419 966 401 1004 383 1013 401 small-vehicle 0.7626
23 1213 14 1199 47 1179 55 1193 small-vehicle 0.7537
794 162 781 144 817 118 830 136 small-vehicle 0.7492
20 965 9 950 42 926 53 941 small-vehicle 0.7390
111 1028 102 1012 135 993 144 1010 small-vehicle 0.7386
874 438 866 423 897 406 905 420 small-vehicle 0.7169
351 1209 370 1201 387 1241 368 1249 small-vehicle 0.7102
193 1143 183 1126 214 1106 224 1122 small-vehicle 0.7059
175 1183 165 1167 196 1145 207 1161 small-vehicle 0.6809
7 1119 0 1102 33 1085 42 1102 small-vehicle 0.6527
195 702 211 691 233 724 217 734 small-vehicle 0.6188
44 999 35 986 66 964 75 977 small-vehicle 0.5971
774 297 762 277 798 256 810 276 small-vehicle 0.5533
29 1160 17 1145 49 1121 61 1135 small-vehicle 0.5267
168 1333 186 1324 203 1361 184 1369 small-vehicle 0.4814
1061 941 1076 933 1094 967 1080 975 small-vehicle 0.4081
19 717 7 702 42 675 53 690 small-vehicle 0.3791
131 813 120 799 147 777 159 791 small-vehicle 0.3466
729 238 716 222 753 193 766 209 small-vehicle 0.3126
5 1102 -3 1086 23 1071 32 1088 small-vehicle 0.3109
800 334 784 314 809 294 825 313 small-vehicle 0.3000
471 1134 485 1126 502 1155 488 1163 small-vehicle 0.2731
671 1257 659 1240 701 1210 713 1226 small-vehicle 0.2581
12 949 1 933 30 912 41 928 small-vehicle 0.2109
64 708 56 699 84 675 92 685 small-vehicle 0.1772
65 1190 56 1180 84 1158 92 1168 small-vehicle 0.1720
1071 924 1083 912 1111 939 1099 951 small-vehicle 0.1678
705 1206 694 1192 726 1166 737 1181 small-vehicle 0.1605
104 1007 97 993 131 976 138 990 small-vehicle 0.1589
722 1221 711 1206 743 1182 754 1196 small-vehicle 0.1563
661 138 652 122 685 102 694 117 small-vehicle 0.1478
124 795 115 783 143 761 152 773 small-vehicle 0.1344
833 440 851 429 867 456 849 467 small-vehicle 0.1270
446 1408 468 1397 485 1433 464 1443 small-vehicle 0.1078
383 832 368 812 431 765 445 785 small-vehicle 0.1064
217 563 202 542 256 504 271 524 small-vehicle 0.1052
689 651 674 629 738 585 753 607 small-vehicle 0.1041
329 794 315 773 404 716 417 737 large-vehicle 0.9911
127 442 112 420 179 374 194 396 large-vehicle 0.9906
429 930 416 909 502 858 515 879 large-vehicle 0.9896
318 777 302 758 386 690 401 710 large-vehicle 0.9885
415 880 400 860 470 806 485 826 large-vehicle 0.9848
519 427 504 406 623 322 638 344 large-vehicle 0.9828
113 424 99 404 166 357 181 378 large-vehicle 0.9816
165 500 150 480 216 426 232 446 large-vehicle 0.9795
247 615 231 595 295 543 311 562 large-vehicle 0.9790
421 907 407 886 490 834 503 855 large-vehicle 0.9777
352 814 338 794 420 739 434 760 large-vehicle 0.9748
146 471 132 451 201 405 214 425 large-vehicle 0.9735
201 545 184 526 248 469 265 488 large-vehicle 0.9721
707 272 728 255 778 320 757 336 large-vehicle 0.9702
847 1052 827 1032 960 905 979 925 large-vehicle 0.9666
379 867 366 848 448 791 461 810 large-vehicle 0.9653
263 642 245 620 312 566 330 587 large-vehicle 0.9644
685 651 670 627 737 585 752 609 large-vehicle 0.9635
500 993 485 973 546 926 562 947 large-vehicle 0.9634
101 404 84 385 148 331 164 351 large-vehicle 0.9628
213 563 198 542 264 496 278 517 large-vehicle 0.9626
453 955 439 933 525 878 539 899 large-vehicle 0.9592
378 832 363 810 440 760 455 782 large-vehicle 0.9560
669 630 654 609 722 559 737 579 large-vehicle 0.9541
491 397 478 375 596 305 609 327 large-vehicle 0.9427
806 398 827 386 866 456 845 468 large-vehicle 0.9332
739 770 725 747 861 660 876 683 large-vehicle 0.9323
810 885 797 865 862 822 875 842 large-vehicle 0.9311
651 407 675 390 733 470 710 487 large-vehicle 0.9203
480 376 465 353 563 291 577 314 large-vehicle 0.9151
418 285 398 259 496 184 516 210 large-vehicle 0.8998
852 474 873 457 917 516 896 532 large-vehicle 0.7907
465 357 449 335 547 264 564 286 large-vehicle 0.7725
771 132 805 108 907 256 873 279 large-vehicle 0.4656
719 227 756 200 804 267 767 294 large-vehicle 0.2391
639 583 623 559 689 515 705 538 large-vehicle 0.2346
478 1110 464 1088 561 1023 576 1045 large-vehicle 0.2183
616 565 600 547 695 461 712 480 large-vehicle 0.2051
453 327 437 305 543 229 558 251 large-vehicle 0.1924
869 826 857 798 905 777 917 804 large-vehicle 0.1923
227 583 214 564 276 519 289 538 large-vehicle 0.1251
