790 1089 796 1070 835 1082 829 1101 small-vehicle 0.9917
828 958 809 952 821 912 840 918 small-vehicle 0.9908
784 1109 791 1091 828 1105 821 1123 small-vehicle 0.9903
1001 995 982 990 992 947 1011 952 small-vehicle 0.9865
735 1117 741 1099 780 1112 774 1130 small-vehicle 0.9847
741 1096 747 1078 785 1091 780 1109 small-vehicle 0.9788
852 1060 833 1057 842 1013 861 1017 small-vehicle 0.9753
750 1052 756 1036 794 1050 788 1067 small-vehicle 0.9724
807 946 787 941 797 897 817 902 small-vehicle 0.9688
746 1071 752 1055 792 1070 787 1086 small-vehicle 0.9675
876 1073 857 1069 868 1023 887 1028 small-vehicle 0.9654
949 1087 930 1080 945 1038 964 1045 small-vehicle 0.9588
983 1102 964 1099 971 1057 991 1061 small-vehicle 0.9459
1030 987 1012 986 1013 946 1031 947 small-vehicle 0.9395
944 852 948 832 989 841 985 861 small-vehicle 0.9357
829 1057 808 1053 818 1008 839 1013 small-vehicle 0.9337
784 1039 763 1036 771 990 791 994 small-vehicle 0.9335
808 1044 788 1040 796 997 816 1001 small-vehicle 0.9315
1125 983 1105 974 1124 935 1143 944 small-vehicle 0.9213
726 1137 732 1120 771 1133 766 1150 small-vehicle 0.9200
769 1155 774 1136 820 1147 815 1166 small-vehicle 0.9026
720 1155 728 1137 764 1152 757 1170 small-vehicle 0.8706
797 1064 804 1048 840 1063 833 1080 small-vehicle 0.8699
716 1187 719 1168 758 1173 756 1192 small-vehicle 0.8359
838 948 858 937 877 972 856 983 small-vehicle 0.7997
835 872 855 872 855 918 835 918 small-vehicle 0.7334
1003 766 1010 750 1051 766 1044 783 small-vehicle 0.5864
882 949 862 949 863 904 883 904 small-vehicle 0.5752
931 885 937 868 968 879 961 897 small-vehicle 0.4909
765 1173 773 1150 813 1165 805 1188 small-vehicle 0.4624
1038 1094 1042 1073 1082 1080 1079 1100 small-vehicle 0.4585
1062 1020 1056 1002 1102 987 1108 1005 small-vehicle 0.4405
842 509 847 487 907 502 902 524 small-vehicle 0.3802
740 850 717 848 723 784 745 786 small-vehicle 0.3580
946 672 952 650 1012 668 1006 690 small-vehicle 0.3565
938 700 950 682 997 713 985 731 small-vehicle 0.2108
711 847 688 841 701 782 724 788 small-vehicle 0.1463
252 613 255 592 316 599 314 621 small-vehicle 0.1087
611 614 588 609 606 523 629 527 large-vehicle 0.9972
536 597 515 593 534 512 555 517 large-vehicle 0.9964
877 255 888 237 952 276 941 294 large-vehicle 0.9952
512 597 492 593 506 512 527 516 large-vehicle 0.9951
442 585 418 581 434 495 457 499 large-vehicle 0.9946
871 333 881 317 946 360 935 376 large-vehicle 0.9942
891 209 902 190 967 227 956 246 large-vehicle 0.9941
871 276 882 259 942 299 931 316 large-vehicle 0.9941
637 614 616 610 632 528 654 532 large-vehicle 0.9939
466 586 445 583 460 499 481 503 large-vehicle 0.9938
1007 561 1006 540 1097 537 1098 558 large-vehicle 0.9935
844 372 855 355 916 394 905 411 large-vehicle 0.9935
882 228 893 210 956 249 944 267 large-vehicle 0.9935
1037 278 1036 258 1123 253 1124 273 large-vehicle 0.9932
1003 488 1003 468 1092 465 1093 485 large-vehicle 0.9927
488 592 466 588 481 505 503 509 large-vehicle 0.9925
563 603 540 598 557 515 580 520 large-vehicle 0.9914
907 725 920 703 993 748 980 770 large-vehicle 0.9909
661 612 641 608 657 529 677 533 large-vehicle 0.9907
902 184 914 166 977 207 965 224 large-vehicle 0.9898
360 565 339 557 369 473 390 480 large-vehicle 0.9894
852 350 862 332 927 371 917 389 large-vehicle 0.9886
1012 464 1012 444 1100 442 1100 461 large-vehicle 0.9884
1044 232 1042 212 1131 204 1133 224 large-vehicle 0.9880
996 631 997 611 1088 616 1087 637 large-vehicle 0.9876
1042 261 1038 241 1124 223 1128 243 large-vehicle 0.9874
999 657 1001 634 1086 643 1084 667 large-vehicle 0.9847
1019 372 1018 351 1107 348 1108 370 large-vehicle 0.9844
1013 536 1013 515 1098 514 1098 535 large-vehicle 0.9825
733 609 712 604 728 533 750 538 large-vehicle 0.9824
1016 442 1015 422 1102 419 1103 439 large-vehicle 0.9824
1009 513 1008 493 1094 489 1095 510 large-vehicle 0.9824
686 608 665 603 679 535 700 539 large-vehicle 0.9797
1033 326 1032 306 1118 299 1120 320 large-vehicle 0.9795
690 724 694 702 779 713 776 736 large-vehicle 0.9756
998 605 999 584 1093 587 1092 608 large-vehicle 0.9754
765 616 739 612 748 541 774 544 large-vehicle 0.9751
836 397 848 378 908 416 896 435 large-vehicle 0.9750
816 633 792 626 810 561 834 567 large-vehicle 0.9731
395 574 371 570 385 487 408 490 large-vehicle 0.9692
271 485 292 476 326 550 305 559 large-vehicle 0.9676
1052 204 1050 183 1138 174 1140 195 large-vehicle 0.9633
347 799 323 796 333 716 357 719 large-vehicle 0.9573
807 470 813 449 891 469 885 490 large-vehicle 0.9562
374 802 349 799 358 721 383 724 large-vehicle 0.9127
939 700 950 682 997 710 986 729 large-vehicle 0.8952
418 808 394 803 409 727 434 732 large-vehicle 0.8733
320 795 296 791 307 713 331 716 large-vehicle 0.8659
946 670 953 647 1015 669 1007 691 large-vehicle 0.8367
635 844 611 840 627 762 651 767 large-vehicle 0.7960
711 847 686 841 701 782 726 788 large-vehicle 0.7719
661 846 638 842 654 765 676 769 large-vehicle 0.7537
445 812 420 807 435 732 460 737 large-vehicle 0.7101
840 510 846 486 907 501 901 525 large-vehicle 0.7025
538 830 515 826 530 743 553 748 large-vehicle 0.6150
934 818 939 786 1056 806 1051 837 large-vehicle 0.4491
588 836 564 831 579 758 603 763 large-vehicle 0.4165
559 833 537 828 557 747 579 753 large-vehicle 0.2985
732 510 734 487 809 491 808 515 large-vehicle 0.2422
820 733 788 730 792 679 825 682 large-vehicle 0.2156
272 795 247 793 255 713 280 715 large-vehicle 0.2050
297 781 273 777 282 714 306 717 large-vehicle 0.1977
390 801 371 798 380 725 400 727 large-vehicle 0.1362
