1162 213 1141 211 1146 166 1166 168 small-vehicle 0.9903
1163 159 1143 155 1151 110 1170 113 small-vehicle 0.9893
1143 315 1123 312 1128 271 1148 274 small-vehicle 0.9847
1151 265 1132 263 1135 221 1154 223 small-vehicle 0.9796
728 496 708 493 714 449 733 452 small-vehicle 0.9775
667 499 644 493 655 446 678 451 small-vehicle 0.9634
655 393 632 392 636 344 658 346 small-vehicle 0.9540
760 506 737 506 738 456 762 457 small-vehicle 0.9419
761 291 739 291 740 238 762 238 small-vehicle 0.9284
483 372 460 371 461 318 484 319 small-vehicle 0.8972
698 496 676 491 688 441 711 446 small-vehicle 0.8721
319 220 296 216 303 165 327 168 small-vehicle 0.8015
350 346 327 342 335 295 359 299 small-vehicle 0.7871
291 217 267 213 277 160 302 164 small-vehicle 0.7733
572 387 548 386 550 332 574 333 small-vehicle 0.7669
683 398 662 397 664 350 685 350 small-vehicle 0.7347
677 274 657 272 663 224 683 226 small-vehicle 0.7324
917 427 895 425 902 376 923 379 small-vehicle 0.6971
708 280 686 278 691 230 713 232 small-vehicle 0.6881
256 218 233 214 243 159 267 163 small-vehicle 0.6828
460 243 440 241 447 185 467 188 small-vehicle 0.6800
437 237 416 233 426 181 447 185 small-vehicle 0.6799
408 235 389 230 404 177 422 182 small-vehicle 0.6576
388 236 364 232 372 180 396 184 small-vehicle 0.6501
488 248 465 247 467 195 490 195 small-vehicle 0.6268
788 290 766 289 767 240 790 240 small-vehicle 0.5492
597 269 575 266 581 216 603 219 small-vehicle 0.5042
1224 362 1205 359 1213 321 1232 325 small-vehicle 0.4928
261 145 231 140 241 78 271 82 small-vehicle 0.4825
938 327 913 319 930 261 955 268 small-vehicle 0.4283
896 428 870 427 874 366 899 368 small-vehicle 0.3490
686 373 713 373 713 430 687 430 small-vehicle 0.3475
839 420 814 420 815 359 840 360 small-vehicle 0.2799
738 285 712 285 713 223 739 224 small-vehicle 0.2783
594 398 571 395 578 342 601 345 small-vehicle 0.2762
375 188 351 184 358 122 383 125 small-vehicle 0.2586
878 312 851 306 865 243 892 248 small-vehicle 0.2312
513 253 488 247 502 189 526 194 small-vehicle 0.2304
657 270 633 268 638 212 661 214 small-vehicle 0.2239
403 181 377 178 382 125 409 128 small-vehicle 0.2104
777 423 750 421 754 360 781 362 small-vehicle 0.1765
865 425 840 422 848 360 874 363 small-vehicle 0.1741
616 394 593 391 597 350 620 353 small-vehicle 0.1556
813 424 784 424 785 361 814 361 small-vehicle 0.1449
354 181 327 180 329 119 356 120 small-vehicle 0.1421
911 313 883 308 895 241 924 247 small-vehicle 0.1293
568 266 544 260 561 198 584 204 small-vehicle 0.1150
631 273 603 272 605 207 633 208 small-vehicle 0.1066
540 263 516 258 530 196 554 202 small-vehicle 0.1058
626 273 602 271 609 207 632 209 large-vehicle 0.9414
541 266 518 261 531 196 555 201 large-vehicle 0.9332
376 185 352 183 357 124 381 126 large-vehicle 0.9305
566 266 544 260 561 199 584 205 large-vehicle 0.9302
813 423 784 422 785 362 814 363 large-vehicle 0.9287
910 315 885 309 899 244 924 249 large-vehicle 0.9202
865 424 841 421 849 359 873 362 large-vehicle 0.8986
350 183 324 180 331 118 357 121 large-vehicle 0.8938
877 313 851 308 863 244 890 250 large-vehicle 0.8862
655 272 633 269 641 212 662 215 large-vehicle 0.8780
514 253 489 249 500 187 525 192 large-vehicle 0.8722
776 423 750 421 753 361 780 362 large-vehicle 0.8383
735 287 709 284 715 223 741 225 large-vehicle 0.8326
401 183 376 179 386 123 411 127 large-vehicle 0.7916
894 427 870 425 874 365 899 367 large-vehicle 0.7841
815 360 841 360 842 421 816 421 large-vehicle 0.7783
713 429 685 429 686 374 714 375 large-vehicle 0.7535
942 328 915 323 926 260 954 265 large-vehicle 0.7275
259 146 230 140 242 78 271 84 large-vehicle 0.7111
388 236 363 232 371 180 396 184 large-vehicle 0.5454
463 242 442 240 445 190 466 191 large-vehicle 0.4961
766 238 787 238 787 290 766 290 large-vehicle 0.4937
597 269 575 266 581 216 603 219 large-vehicle 0.4580
412 235 390 230 400 178 422 182 large-vehicle 0.4522
487 248 465 247 467 194 489 195 large-vehicle 0.4383
438 237 416 234 424 181 446 184 large-vehicle 0.4312
257 217 233 214 240 160 265 163 large-vehicle 0.4005
678 274 657 272 663 224 683 226 large-vehicle 0.3450
708 281 686 280 689 231 711 232 large-vehicle 0.2940
570 387 547 385 551 331 574 333 large-vehicle 0.2786
919 427 897 425 901 374 923 376 large-vehicle 0.2736
683 398 660 396 664 348 687 350 large-vehicle 0.2452
319 219 295 215 303 163 326 166 large-vehicle 0.2381
290 218 268 213 278 159 301 163 large-vehicle 0.2167
351 346 328 343 335 295 358 298 large-vehicle 0.2033
594 397 572 394 579 344 600 347 large-vehicle 0.1339
700 496 677 491 688 440 711 445 large-vehicle 0.1191
483 371 460 371 461 317 484 317 large-vehicle 0.1043
