1035 356 1023 354 1025 340 1037 341 small-vehicle 0.2546
1104 367 1091 364 1095 346 1108 349 small-vehicle 0.1668
1127 203 1129 191 1143 194 1141 206 small-vehicle 0.1307
1151 180 1138 179 1140 157 1153 158 small-vehicle 0.1062
270 44 281 -5 576 57 565 107 ship 0.9902
487 600 503 528 914 622 898 694 ship 0.9874
487 343 506 280 940 415 921 477 ship 0.9864
319 174 335 109 763 214 747 279 ship 0.9849
854 279 863 237 983 260 975 302 ship 0.9273
180 453 185 338 610 359 605 473 ship 0.6197
832 11 831 0 903 -4 903 6 ship 0.3643
534 531 539 395 877 407 872 543 ship 0.2874
373 155 384 78 1018 166 1007 244 ship 0.2270
329 188 345 60 1016 146 999 274 harbor 0.5851
73 520 82 374 971 431 961 576 harbor 0.3030
452 427 467 192 972 224 958 459 harbor 0.1581
