1129 804 1121 782 1173 763 1181 786 small-vehicle 0.9336
1118 764 1111 743 1158 727 1165 748 small-vehicle 0.9243
164 392 186 387 197 444 175 448 small-vehicle 0.7258
629 293 625 273 668 264 672 283 small-vehicle 0.5327
270 980 266 958 321 948 325 970 small-vehicle 0.4947
294 340 323 332 343 406 315 414 small-vehicle 0.4203
1120 1024 1112 1001 1165 982 1173 1005 small-vehicle 0.2691
374 322 395 318 404 363 384 367 small-vehicle 0.1280
251 958 248 932 319 924 322 950 small-vehicle 0.1200
908 728 901 704 979 681 986 705 large-vehicle 0.9966
917 758 910 734 990 708 998 732 large-vehicle 0.9933
928 787 919 762 996 734 1005 759 large-vehicle 0.9891
930 823 921 798 1000 770 1009 795 large-vehicle 0.9843
260 345 288 337 311 422 283 430 large-vehicle 0.9798
1122 849 1115 825 1188 804 1195 828 large-vehicle 0.9770
904 694 897 669 973 651 979 676 large-vehicle 0.9669
236 356 262 350 284 443 258 450 large-vehicle 0.9586
183 366 206 360 232 454 208 460 large-vehicle 0.9562
210 362 235 356 256 450 232 456 large-vehicle 0.9444
251 956 248 932 319 924 322 949 large-vehicle 0.8819
294 340 323 332 343 404 314 412 large-vehicle 0.6451
161 391 187 385 205 470 180 475 large-vehicle 0.5964
132 386 158 380 181 483 155 489 large-vehicle 0.4118
319 329 351 317 373 380 340 391 large-vehicle 0.3226
264 977 262 953 323 947 325 971 large-vehicle 0.1728
1127 805 1120 781 1173 765 1180 789 large-vehicle 0.1293
