1855 747 1774 727 1830 498 1910 518 bridge 0.1715
1461 110 1437 105 1448 58 1471 63 small-vehicle 0.5697
1375 93 1351 89 1357 46 1382 49 small-vehicle 0.5646
1501 167 1476 161 1489 112 1514 119 small-vehicle 0.5422
2147 186 2118 179 2129 133 2158 141 small-vehicle 0.5052
1064 151 1041 148 1048 98 1071 101 small-vehicle 0.4976
1566 135 1539 135 1540 76 1567 77 small-vehicle 0.4584
1629 148 1601 142 1611 94 1638 100 small-vehicle 0.4291
2231 453 2206 449 2213 401 2238 405 small-vehicle 0.4217
938 125 916 120 926 74 948 79 small-vehicle 0.4214
1597 195 1571 192 1578 140 1604 143 small-vehicle 0.3885
1483 259 1459 257 1462 210 1486 211 small-vehicle 0.3846
1677 169 1651 164 1659 115 1685 119 small-vehicle 0.3740
1336 128 1310 122 1324 67 1350 73 small-vehicle 0.3567
1441 108 1416 102 1427 51 1452 57 small-vehicle 0.3389
1428 248 1405 243 1414 193 1437 197 small-vehicle 0.3234
1026 144 1002 143 1006 98 1029 100 small-vehicle 0.3188
1603 47 1579 43 1586 0 1611 3 small-vehicle 0.3126
1894 222 1867 217 1877 164 1904 169 small-vehicle 0.2995
1508 123 1481 119 1488 72 1514 76 small-vehicle 0.2831
1956 236 1927 233 1934 179 1963 183 small-vehicle 0.2797
2627 413 2600 404 2616 353 2644 362 small-vehicle 0.2637
2505 428 2482 421 2498 373 2520 380 small-vehicle 0.2510
1538 34 1507 32 1509 0 1541 1 small-vehicle 0.2488
1982 290 1958 284 1971 230 1995 235 small-vehicle 0.2466
2138 432 2114 428 2125 372 2148 377 small-vehicle 0.2358
1666 204 1640 203 1641 149 1667 150 small-vehicle 0.2356
2149 325 2121 322 2128 266 2155 269 small-vehicle 0.2170
2187 443 2161 439 2168 387 2194 391 small-vehicle 0.2160
1887 272 1863 266 1873 219 1897 224 small-vehicle 0.2141
1916 233 1893 228 1904 177 1927 181 small-vehicle 0.2080
1569 185 1545 178 1561 127 1585 134 small-vehicle 0.2038
2467 374 2444 366 2461 320 2483 328 small-vehicle 0.2037
1799 247 1774 245 1779 187 1804 189 small-vehicle 0.2035
2097 319 2071 315 2080 254 2106 257 small-vehicle 0.2025
2504 552 2474 550 2478 492 2508 494 small-vehicle 0.1991
2665 571 2640 565 2655 507 2679 513 small-vehicle 0.1956
2097 177 2074 171 2089 116 2112 122 small-vehicle 0.1922
2489 420 2466 416 2475 364 2499 368 small-vehicle 0.1886
2059 275 2035 275 2037 219 2061 219 small-vehicle 0.1826
2029 394 1999 392 2002 352 2032 354 small-vehicle 0.1744
1559 333 1558 308 1599 305 1601 330 small-vehicle 0.1700
1950 390 1926 386 1935 330 1959 333 small-vehicle 0.1679
1851 214 1828 211 1835 164 1857 166 small-vehicle 0.1676
1536 285 1514 278 1531 226 1553 233 small-vehicle 0.1641
2363 474 2327 472 2329 428 2365 430 small-vehicle 0.1633
2284 466 2256 464 2258 419 2286 421 small-vehicle 0.1443
1301 77 1278 72 1288 21 1312 26 small-vehicle 0.1333
1515 278 1490 270 1506 221 1531 229 small-vehicle 0.1288
1669 309 1644 303 1658 250 1683 256 small-vehicle 0.1242
1621 199 1596 194 1605 147 1630 152 small-vehicle 0.1144
1564 296 1538 287 1555 237 1581 246 small-vehicle 0.1083
1858 263 1835 256 1850 210 1872 217 small-vehicle 0.1073
2376 523 2381 496 2419 502 2414 530 small-vehicle 0.1045
1650 161 1621 153 1633 109 1662 117 small-vehicle 0.1041
1058 199 1064 178 1110 192 1103 213 small-vehicle 0.1025
2437 516 2414 512 2425 456 2448 460 small-vehicle 0.1024
1325 263 1330 243 1431 273 1425 292 large-vehicle 0.7064
1058 199 1064 178 1110 192 1103 213 large-vehicle 0.1545
1118 197 1122 176 1182 188 1178 210 large-vehicle 0.1421
2669 572 2647 568 2657 512 2679 516 large-vehicle 0.1149
1026 144 1002 143 1006 98 1029 100 large-vehicle 0.1123
318 973 219 944 369 432 468 461 ship 0.9974
2231 1662 2139 1636 2259 1201 2351 1226 ship 0.9973
1846 1288 1727 1254 1870 750 1990 784 ship 0.9945
2508 1169 2434 1142 2527 892 2601 920 ship 0.9893
1166 1275 1055 1247 1199 676 1311 704 ship 0.9849
587 803 489 776 603 365 701 392 ship 0.9788
1038 1315 950 1295 1121 530 1209 550 ship 0.8500
572 759 545 753 563 682 590 688 ship 0.4741
1681 1514 1569 1486 1806 567 1917 596 ship 0.4304
537 759 510 750 535 679 562 689 ship 0.3476
2311 1670 2241 1658 2307 1274 2378 1286 ship 0.3275
1299 833 1270 825 1287 766 1316 774 ship 0.3261
337 1190 270 1161 436 771 503 800 ship 0.1802
2302 1676 2164 1630 2455 748 2593 794 harbor 0.9453
1645 1535 1573 1520 1760 622 1833 637 harbor 0.8376
339 1189 256 1161 549 290 632 318 harbor 0.3559
1033 1332 941 1310 1151 429 1244 451 harbor 0.3464
568 811 478 788 605 299 695 322 harbor 0.1500
