620 1501 636 1491 657 1523 641 1533 small-vehicle 0.5235
212 1139 223 1121 265 1147 254 1165 small-vehicle 0.3889
713 1478 733 1474 741 1516 720 1519 small-vehicle 0.3867
613 1453 629 1442 653 1476 637 1487 small-vehicle 0.3177
632 1296 610 1291 619 1251 642 1256 small-vehicle 0.2270
224 1266 207 1255 229 1223 245 1235 small-vehicle 0.2149
557 1209 576 1201 596 1246 578 1255 small-vehicle 0.1503
677 1375 654 1372 659 1340 683 1343 small-vehicle 0.1132
805 187 778 165 834 97 861 119 ship 0.9358
1081 371 1062 354 1102 308 1122 326 ship 0.8227
1118 429 1100 414 1130 378 1148 393 ship 0.7217
578 55 550 41 578 -14 606 0 ship 0.5443
1325 574 1316 540 1355 529 1365 563 ship 0.1636
1986 1864 1986 1834 2105 1834 2105 1864 ship 0.1578
1228 1435 1188 1390 1678 948 1718 994 harbor 0.9974
1073 1190 1041 1151 1528 738 1561 777 harbor 0.9969
543 580 495 546 799 115 847 149 harbor 0.9959
900 991 865 955 1330 494 1365 529 harbor 0.9953
1496 1842 1496 1748 2118 1747 2118 1842 harbor 0.9817
724 831 699 810 869 608 894 630 harbor 0.9571
1109 1238 1083 1194 1643 864 1670 909 harbor 0.8903
842 891 827 840 1478 648 1493 700 harbor 0.8767
872 668 835 640 1097 304 1134 333 harbor 0.7840
897 1081 866 1010 1583 692 1614 762 harbor 0.7607
251 434 206 400 623 -143 667 -108 harbor 0.5841
928 1173 934 1019 1872 1058 1866 1212 harbor 0.1936
870 771 825 591 1087 526 1132 706 harbor 0.1697
724 821 674 787 1045 248 1095 282 harbor 0.1246
354 503 312 467 752 -52 795 -16 harbor 0.1122
199 1547 219 1499 322 1542 303 1590 swimming-pool 0.9763
826 1192 869 1164 911 1228 869 1256 swimming-pool 0.9703
292 1623 337 1592 395 1675 350 1706 swimming-pool 0.9532
22 1354 44 1313 120 1354 98 1395 swimming-pool 0.9524
710 1065 761 1030 813 1107 763 1142 swimming-pool 0.9231
292 749 316 681 433 723 409 791 swimming-pool 0.9188
1324 1956 1275 1944 1296 1862 1345 1875 swimming-pool 0.9171
