1202 428 1161 416 1194 300 1236 312 ship 0.9443
2031 750 2012 737 2039 694 2059 706 ship 0.9398
1136 493 1102 489 1114 398 1147 402 ship 0.8957
2129 751 2100 742 2121 668 2151 677 ship 0.8544
1106 569 1109 542 1165 548 1162 576 ship 0.7026
905 507 881 504 891 420 916 423 ship 0.6026
2382 831 2353 823 2373 748 2402 756 ship 0.2006
2002 730 1984 717 2020 666 2039 680 ship 0.1490
1216 511 1244 510 1246 567 1218 568 ship 0.1241
254 492 220 471 398 182 432 203 harbor 0.9988
1482 770 1437 743 1644 394 1690 421 harbor 0.9977
2328 1165 2281 1152 2394 750 2441 763 harbor 0.9975
2056 1088 2005 1070 2141 683 2192 700 harbor 0.9961
523 554 436 519 569 200 655 236 harbor 0.9953
933 707 884 702 925 334 974 339 harbor 0.9908
1234 696 1116 689 1139 292 1257 299 harbor 0.9876
1858 1010 1813 983 2056 568 2101 594 harbor 0.9874
2614 1042 2560 1036 2572 922 2626 928 harbor 0.4863
1967 1086 1898 1050 2128 609 2196 645 harbor 0.3854
336 718 310 697 356 641 382 662 harbor 0.2662
1987 679 1972 663 2063 577 2078 593 harbor 0.1149
570 1039 530 1006 599 921 640 954 swimming-pool 0.9607
1101 960 1119 893 1221 919 1204 986 swimming-pool 0.9247
1659 1182 1669 1117 1782 1134 1772 1199 swimming-pool 0.9150
871 1043 820 1015 864 935 915 963 swimming-pool 0.9090
250 844 257 792 315 800 308 852 swimming-pool 0.5009
225 776 240 752 298 788 283 812 swimming-pool 0.4185
