45 157 44 138 85 135 87 154 small-vehicle 0.9826
47 199 46 181 85 179 86 198 small-vehicle 0.9515
46 221 45 202 85 200 86 219 small-vehicle 0.9343
582 570 500 535 574 359 657 394 tennis-court 1.0000
479 527 398 492 473 318 554 353 tennis-court 0.9999
469 835 388 799 464 626 545 662 tennis-court 0.9999
786 656 704 622 778 446 860 481 tennis-court 0.9999
884 696 804 660 881 488 961 524 tennis-court 0.9999
775 965 692 929 769 755 852 792 tennis-court 0.9999
370 794 285 759 357 582 442 617 tennis-court 0.9999
684 612 601 577 676 402 759 437 tennis-court 0.9999
572 879 489 844 562 671 645 706 tennis-court 0.9999
672 921 591 886 666 711 747 746 tennis-court 0.9999
264 748 184 713 259 543 339 578 tennis-court 0.9999
375 482 294 445 372 275 453 311 tennis-court 0.9999
