438 70 423 69 425 33 440 34 small-vehicle 0.9016
442 311 441 296 479 295 479 310 small-vehicle 0.8435
468 398 468 380 504 380 504 398 small-vehicle 0.7664
560 25 545 24 546 -1 561 -1 small-vehicle 0.5140
637 460 648 448 676 475 666 486 small-vehicle 0.3005
456 371 457 353 504 355 504 373 small-vehicle 0.1084
457 373 457 355 505 355 505 373 large-vehicle 0.9085
544 461 531 451 555 420 568 429 large-vehicle 0.8047
468 398 467 382 503 381 503 397 large-vehicle 0.3955
441 312 440 296 478 293 479 310 large-vehicle 0.1472
437 71 423 70 425 34 439 35 large-vehicle 0.1344
179 347 157 273 339 217 362 291 tennis-court 0.9891
213 441 196 369 385 326 402 397 tennis-court 0.9840
139 238 121 161 304 118 322 195 tennis-court 0.9799
245 549 224 477 406 423 428 495 tennis-court 0.9774
