301 567 288 563 299 531 312 536 small-vehicle 0.9528
81 31 82 16 121 19 119 35 small-vehicle 0.8790
424 112 408 104 427 68 442 76 small-vehicle 0.7775
510 94 527 87 541 119 524 126 small-vehicle 0.7306
413 84 399 78 413 47 427 53 small-vehicle 0.6345
7 426 9 411 45 415 44 430 small-vehicle 0.6105
362 567 347 563 356 524 370 527 small-vehicle 0.4831
168 548 151 543 165 499 182 504 small-vehicle 0.2518
90 8 91 -5 123 -2 122 11 small-vehicle 0.2214
405 591 386 583 407 532 426 540 large-vehicle 0.9910
482 601 463 594 481 546 501 554 large-vehicle 0.9485
84 479 89 460 135 471 130 490 large-vehicle 0.9239
510 600 490 593 506 549 526 556 large-vehicle 0.9099
170 548 152 543 163 500 182 505 large-vehicle 0.8718
539 602 520 597 531 555 551 561 large-vehicle 0.7174
426 113 410 106 425 70 441 76 large-vehicle 0.4676
508 94 526 86 541 119 523 127 large-vehicle 0.4068
400 105 385 96 417 44 432 53 large-vehicle 0.2989
358 569 344 564 358 523 373 528 large-vehicle 0.1681
471 503 389 479 450 278 531 303 tennis-court 0.9993
601 526 521 501 579 313 660 338 tennis-court 0.9988
348 467 259 449 299 250 388 268 tennis-court 0.9988
217 437 133 417 179 226 262 246 tennis-court 0.9960
