545 691 533 671 572 646 584 666 small-vehicle 0.9759
477 638 450 626 467 586 494 598 small-vehicle 0.9708
321 530 311 512 352 489 363 507 small-vehicle 0.9530
838 560 849 540 895 565 884 585 small-vehicle 0.9372
498 658 492 628 535 620 540 650 small-vehicle 0.9289
823 586 836 565 880 591 867 613 small-vehicle 0.9154
605 734 594 716 629 695 640 712 small-vehicle 0.9083
583 719 572 701 612 678 622 696 small-vehicle 0.9074
526 675 515 657 558 630 569 648 small-vehicle 0.8492
422 604 409 582 453 557 465 580 small-vehicle 0.8168
381 575 371 557 412 533 422 551 small-vehicle 0.8119
344 541 336 525 371 508 378 525 small-vehicle 0.7867
457 512 469 492 506 514 494 534 small-vehicle 0.7468
1086 330 1075 306 1132 280 1143 304 small-vehicle 0.7381
907 470 918 453 956 476 945 494 small-vehicle 0.7325
869 511 880 493 924 519 913 537 small-vehicle 0.4236
381 455 392 437 428 461 416 478 small-vehicle 0.2958
723 338 705 323 778 236 796 252 large-vehicle 0.9968
650 90 667 69 755 138 738 159 large-vehicle 0.9968
773 377 750 362 807 272 830 287 large-vehicle 0.9960
745 364 726 349 797 254 816 269 large-vehicle 0.9948
126 564 100 553 146 448 172 459 large-vehicle 0.9935
614 337 631 313 726 380 709 404 large-vehicle 0.9935
804 404 779 390 835 291 860 305 large-vehicle 0.9931
629 116 645 95 733 160 718 181 large-vehicle 0.9922
185 213 160 195 263 56 287 74 large-vehicle 0.9906
535 832 511 819 565 723 589 736 large-vehicle 0.9892
557 419 573 393 673 454 657 480 large-vehicle 0.9890
976 460 991 437 1093 503 1078 526 large-vehicle 0.9876
285 617 266 606 306 537 325 548 large-vehicle 0.9867
301 660 279 648 331 555 353 567 large-vehicle 0.9860
568 856 543 843 594 742 620 755 large-vehicle 0.9852
181 577 158 567 203 466 225 476 large-vehicle 0.9828
349 709 324 695 380 595 405 609 large-vehicle 0.9826
266 600 246 591 279 520 299 530 large-vehicle 0.9788
1050 391 1037 368 1147 310 1159 334 large-vehicle 0.9778
394 755 371 744 418 641 440 652 large-vehicle 0.9695
204 591 184 581 229 483 249 492 large-vehicle 0.9685
233 601 212 591 256 497 277 508 large-vehicle 0.9674
83 100 94 71 172 100 161 129 large-vehicle 0.9374
39 18 50 -7 172 40 161 67 large-vehicle 0.8811
943 505 957 477 1097 548 1083 575 large-vehicle 0.8246
1084 335 1071 308 1133 278 1146 306 large-vehicle 0.1370
76 71 81 49 202 79 197 101 large-vehicle 0.1008
