811 252 795 243 817 205 833 214 small-vehicle 0.9867
605 102 612 86 645 100 639 116 small-vehicle 0.9861
509 79 516 62 551 76 543 94 small-vehicle 0.9847
621 63 628 47 663 63 655 80 small-vehicle 0.9801
643 29 648 15 677 27 672 41 small-vehicle 0.9627
601 121 608 107 638 122 631 136 small-vehicle 0.9618
520 38 527 22 560 37 553 53 small-vehicle 0.9614
616 83 623 68 655 84 648 99 small-vehicle 0.9599
515 56 523 41 554 58 546 73 small-vehicle 0.9566
628 46 636 28 670 44 662 61 small-vehicle 0.9498
526 18 533 2 568 16 561 32 small-vehicle 0.9299
470 21 478 4 515 23 507 39 small-vehicle 0.8407
643 9 650 -7 687 6 680 23 small-vehicle 0.8399
574 132 558 129 564 95 580 98 small-vehicle 0.7696
537 0 541 -7 580 10 576 18 small-vehicle 0.1037
662 1005 675 982 719 1007 706 1030 large-vehicle 0.1024
343 1015 263 974 349 808 428 849 tennis-court 0.9999
469 775 390 733 477 568 557 610 tennis-court 0.9999
356 717 277 671 373 508 451 553 tennis-court 0.9998
227 958 149 912 246 746 324 792 tennis-court 0.9998
455 361 497 251 702 327 660 438 tennis-court 0.1184
386 457 449 350 638 461 575 569 basketball-court 0.9934
457 341 516 235 706 340 646 447 basketball-court 0.9930
