177 442 162 435 177 400 192 406 small-vehicle 0.9957
317 81 302 76 314 41 330 46 small-vehicle 0.9896
75 690 60 684 74 648 89 654 small-vehicle 0.9862
639 435 645 420 682 436 675 451 small-vehicle 0.9849
198 386 183 379 198 347 213 354 small-vehicle 0.9849
45 775 30 769 45 734 59 740 small-vehicle 0.9846
195 96 201 79 239 91 233 108 small-vehicle 0.9827
590 414 597 399 629 413 623 428 small-vehicle 0.9770
840 355 826 349 841 316 854 322 small-vehicle 0.9768
483 372 490 356 523 369 516 385 small-vehicle 0.9757
284 173 266 167 280 130 297 137 small-vehicle 0.9710
11 856 -3 851 8 817 23 823 small-vehicle 0.9698
297 131 282 125 296 90 311 96 small-vehicle 0.9661
789 495 796 480 833 495 826 510 small-vehicle 0.9659
59 734 44 728 59 689 74 695 small-vehicle 0.9574
661 377 667 360 700 372 694 389 small-vehicle 0.9439
722 470 729 454 764 469 757 485 small-vehicle 0.9400
149 77 156 59 196 76 188 93 small-vehicle 0.9395
715 366 730 364 733 398 718 399 small-vehicle 0.9381
323 310 330 294 361 306 354 323 small-vehicle 0.9357
42 447 49 429 83 443 76 461 small-vehicle 0.9343
387 271 394 254 427 269 420 285 small-vehicle 0.9327
1 561 10 545 47 565 39 581 small-vehicle 0.8961
-2 426 4 408 46 425 39 443 small-vehicle 0.8605
530 396 538 378 578 393 571 412 small-vehicle 0.7615
566 344 572 327 615 342 609 360 small-vehicle 0.5959
649 422 653 409 685 419 681 432 small-vehicle 0.4626
649 322 635 317 650 278 664 284 small-vehicle 0.4593
126 275 131 259 165 270 159 286 small-vehicle 0.4490
515 282 499 278 508 246 524 250 small-vehicle 0.1006
565 344 571 326 614 342 608 360 large-vehicle 0.6322
531 396 539 378 578 394 571 412 large-vehicle 0.3605
584 688 620 605 806 686 769 770 tennis-court 0.9997
629 584 663 499 855 576 820 661 tennis-court 0.9993
503 668 406 611 510 433 607 490 tennis-court 0.1491
390 619 278 570 362 380 474 429 tennis-court 0.1136
390 623 277 582 355 367 468 408 basketball-court 0.9985
512 682 399 628 503 412 617 467 basketball-court 0.9915
