86 659 105 659 106 702 87 702 small-vehicle 0.9932
80 555 100 553 103 596 83 597 small-vehicle 0.9927
100 805 119 803 123 844 104 846 small-vehicle 0.9917
979 210 997 208 1002 248 984 250 small-vehicle 0.9913
994 392 1013 392 1013 434 994 434 small-vehicle 0.9887
55 260 74 259 74 297 55 297 small-vehicle 0.9876
542 44 541 25 582 22 584 41 small-vehicle 0.9856
57 308 76 307 79 349 59 350 small-vehicle 0.9852
96 761 114 759 118 799 99 800 small-vehicle 0.9839
52 217 71 217 71 255 53 255 small-vehicle 0.9831
84 604 103 603 104 643 85 643 small-vehicle 0.9818
905 12 924 9 930 48 912 51 small-vehicle 0.9765
90 713 110 712 112 755 92 756 small-vehicle 0.9755
959 47 980 45 984 88 963 90 small-vehicle 0.9750
307 62 306 42 347 42 347 62 small-vehicle 0.9645
629 38 625 20 665 12 668 30 small-vehicle 0.9616
63 368 83 367 84 408 64 409 small-vehicle 0.9598
102 850 124 847 130 892 109 895 small-vehicle 0.9579
49 184 66 184 66 220 49 220 small-vehicle 0.9562
768 26 765 8 808 1 811 19 small-vehicle 0.9481
669 34 668 15 708 12 710 31 small-vehicle 0.9470
123 77 121 59 163 55 164 73 small-vehicle 0.9436
67 413 86 411 90 450 70 452 small-vehicle 0.9353
1078 356 1073 339 1113 329 1118 346 small-vehicle 0.9335
270 67 267 49 303 45 305 62 small-vehicle 0.9271
1020 486 995 485 996 441 1022 442 small-vehicle 0.9057
1081 909 1080 889 1131 886 1132 907 small-vehicle 0.7160
176 71 177 54 213 56 212 73 small-vehicle 0.6471
996 18 994 1 1031 -2 1033 14 small-vehicle 0.6300
1019 531 998 531 999 492 1020 493 small-vehicle 0.2747
512 156 606 154 610 349 517 351 tennis-court 0.9999
390 167 483 161 496 361 402 366 tennis-court 0.9999
270 172 365 168 373 370 278 374 tennis-court 0.9999
626 151 721 142 738 335 643 343 tennis-court 0.9999
747 138 841 131 858 327 763 335 tennis-court 0.9998
119 162 238 156 250 401 131 407 tennis-court 0.9562
153 573 148 441 353 432 359 564 basketball-court 0.9793
268 973 243 726 496 700 521 947 soccer-ball-field 0.8876
