746 844 760 834 781 862 767 872 small-vehicle 0.9909
713 583 727 572 749 602 735 612 small-vehicle 0.9893
674 574 688 562 714 594 700 605 small-vehicle 0.9822
590 567 604 557 628 590 613 600 small-vehicle 0.9820
771 713 760 699 791 677 801 691 small-vehicle 0.9819
797 727 813 717 833 746 817 757 small-vehicle 0.9815
769 723 783 714 805 747 791 756 small-vehicle 0.9794
706 820 697 805 723 788 733 803 small-vehicle 0.9792
776 589 789 578 813 608 800 619 small-vehicle 0.9766
807 835 787 827 799 796 819 803 small-vehicle 0.9766
704 717 719 707 739 739 724 748 small-vehicle 0.9762
737 827 726 812 755 790 766 805 small-vehicle 0.9759
653 835 667 824 691 852 677 864 small-vehicle 0.9716
818 839 814 817 843 812 847 834 small-vehicle 0.9707
734 715 750 706 768 738 753 747 small-vehicle 0.9692
822 723 837 713 861 747 846 758 small-vehicle 0.9687
568 803 559 785 590 770 598 788 small-vehicle 0.9642
764 830 754 816 782 796 792 811 small-vehicle 0.9466
642 811 631 795 662 774 673 790 small-vehicle 0.9445
788 866 804 854 826 884 810 895 small-vehicle 0.8849
857 839 851 818 875 811 880 833 small-vehicle 0.8326
637 701 653 692 673 728 657 736 small-vehicle 0.8315
819 861 837 849 859 882 841 894 small-vehicle 0.8138
721 697 707 680 743 649 757 666 small-vehicle 0.8079
720 695 708 677 745 651 758 668 large-vehicle 0.2589
642 813 631 796 661 775 673 792 large-vehicle 0.1254
696 273 789 270 794 462 702 464 tennis-court 0.9999
349 294 439 294 440 487 350 488 tennis-court 0.9999
459 290 550 283 565 471 473 478 tennis-court 0.9998
581 283 669 279 678 468 589 472 tennis-court 0.9998
180 386 269 378 285 572 197 579 tennis-court 0.9998
70 393 160 390 166 577 76 580 tennis-court 0.9997
