1143 998 1048 719 1412 595 1507 875 baseball-diamond 0.3302
596 235 613 225 633 261 616 270 small-vehicle 0.9094
480 318 497 305 521 338 504 351 small-vehicle 0.9029
639 145 627 127 663 102 676 120 small-vehicle 0.8939
629 112 605 106 613 78 637 85 small-vehicle 0.8796
655 160 645 141 678 125 688 144 small-vehicle 0.8455
590 89 586 63 621 57 625 83 small-vehicle 0.8445
613 216 631 205 654 241 636 252 small-vehicle 0.8031
576 253 591 243 609 273 594 283 small-vehicle 0.7953
513 242 513 221 558 222 557 242 small-vehicle 0.7458
539 279 555 269 574 299 558 309 small-vehicle 0.6819
427 504 508 448 624 614 544 671 tennis-court 0.9999
322 582 396 523 524 685 450 743 tennis-court 0.9999
655 338 730 280 854 441 778 499 tennis-court 0.9999
757 263 831 206 954 368 880 424 tennis-court 0.9999
222 656 296 598 422 756 349 815 tennis-court 0.9998
555 408 635 353 753 524 673 579 tennis-court 0.9998
857 189 932 130 1058 290 982 349 tennis-court 0.9998
126 725 206 671 317 835 238 889 tennis-court 0.9995
