534 381 519 372 536 340 552 348 small-vehicle 0.9950
393 307 377 297 398 261 414 271 small-vehicle 0.9854
556 387 541 379 559 345 574 353 small-vehicle 0.9845
273 262 257 254 274 220 290 227 small-vehicle 0.9830
511 368 496 359 516 327 531 336 small-vehicle 0.9775
309 286 294 278 312 243 327 250 small-vehicle 0.9326
222 1102 211 1088 249 1060 259 1074 small-vehicle 0.9183
221 255 205 244 229 209 244 220 small-vehicle 0.9066
198 1005 216 994 237 1029 219 1040 small-vehicle 0.8135
585 371 576 367 583 352 592 356 small-vehicle 0.1457
189 1011 203 1004 216 1029 202 1036 small-vehicle 0.1315
219 568 259 492 423 579 383 655 tennis-court 0.9999
172 663 212 586 373 672 333 749 tennis-court 0.9999
268 475 308 401 471 489 431 563 tennis-court 0.9999
124 752 165 679 322 769 281 841 tennis-court 0.9999
321 385 359 310 517 392 479 467 tennis-court 0.9996
