816 442 808 425 850 408 857 425 small-vehicle 0.9791
765 458 757 440 800 423 807 441 small-vehicle 0.9594
581 531 572 513 609 494 619 512 small-vehicle 0.9550
1010 86 1039 73 1073 154 1044 167 large-vehicle 0.1117
402 269 492 231 574 425 484 463 tennis-court 0.9999
519 226 608 188 690 382 602 419 tennis-court 0.9999
637 181 728 144 805 336 714 372 tennis-court 0.9999
753 136 842 98 924 293 834 331 tennis-court 0.9999
866 94 955 56 1038 249 950 287 tennis-court 0.9999
284 310 375 272 459 471 368 509 tennis-court 0.9999
