997 64 993 52 1008 46 1013 58 small-vehicle 0.5450
992 59 983 54 993 36 1002 41 small-vehicle 0.4130
978 83 971 72 987 63 993 73 small-vehicle 0.1704
1016 421 1025 415 1038 433 1029 439 small-vehicle 0.1370
956 99 948 89 969 74 976 84 small-vehicle 0.1210
861 951 846 939 872 904 887 916 ship 0.8631
1018 420 1028 415 1039 436 1029 441 ship 0.2481
654 969 618 938 805 717 841 747 harbor 0.9995
518 853 489 835 629 613 658 631 harbor 0.9993
972 985 950 971 1023 862 1045 876 harbor 0.9991
132 517 106 483 306 330 332 364 harbor 0.9988
381 786 338 762 467 534 510 558 harbor 0.9987
863 927 850 915 954 804 967 817 harbor 0.9902
327 502 319 495 369 431 377 437 harbor 0.8704
547 908 497 873 689 606 738 642 harbor 0.1248
619 931 573 900 731 664 777 695 harbor 0.1003
