238 516 238 500 270 500 270 516 ship 0.7976
346 142 351 129 380 140 375 154 ship 0.7448
233 546 234 531 255 533 254 548 ship 0.2115
242 780 238 739 416 722 420 762 harbor 0.9969
305 998 294 959 480 906 491 945 harbor 0.9966
370 1289 365 1263 544 1226 549 1252 harbor 0.9941
347 142 351 119 444 135 440 158 harbor 0.9888
239 366 264 310 359 353 333 409 harbor 0.9875
235 537 236 509 363 510 363 538 harbor 0.9417
489 191 525 185 535 239 499 246 harbor 0.3715
330 389 313 380 327 356 343 365 harbor 0.1878
