851 638 852 628 869 630 868 640 small-vehicle 0.1318
191 678 203 678 204 709 192 709 ship 0.4809
315 473 339 465 354 512 330 519 ship 0.3079
274 386 283 382 293 404 284 409 ship 0.2474
502 197 514 194 523 233 511 236 ship 0.1818
195 490 207 486 213 505 201 509 ship 0.1543
788 151 780 147 787 134 795 138 ship 0.1119
278 281 292 274 320 323 306 331 harbor 0.9985
745 223 735 217 784 133 794 138 harbor 0.9926
189 498 205 494 222 551 205 556 harbor 0.9916
546 191 558 184 593 242 581 250 harbor 0.9892
423 255 385 234 424 164 462 185 harbor 0.9881
500 194 513 192 527 266 515 268 harbor 0.9841
336 550 321 527 347 510 362 533 harbor 0.9829
124 72 128 63 180 82 177 92 harbor 0.9668
290 413 275 387 312 366 327 393 harbor 0.9651
747 449 733 437 758 408 772 420 harbor 0.9573
590 161 598 157 619 195 611 200 harbor 0.8806
426 646 421 634 439 627 443 640 harbor 0.6621
309 496 318 472 366 490 357 514 harbor 0.4158
192 674 204 674 206 750 194 751 harbor 0.4075
404 295 393 287 405 269 416 277 swimming-pool 0.1196
