772 832 781 828 790 844 780 849 small-vehicle 0.1225
624 898 623 880 670 877 671 894 large-vehicle 0.1154
572 831 563 825 577 803 586 809 ship 0.7730
582 844 572 838 586 816 595 822 ship 0.5898
125 575 125 562 152 562 151 575 ship 0.4823
369 445 351 445 351 426 370 426 ship 0.2001
539 710 522 688 609 623 626 645 ship 0.1397
123 208 104 203 160 -1 179 4 harbor 0.9951
374 471 352 440 449 373 470 404 harbor 0.9943
229 311 208 305 225 244 245 249 harbor 0.9938
354 317 333 303 374 241 396 255 harbor 0.9929
106 697 105 657 208 654 209 695 harbor 0.9830
574 844 564 834 660 733 670 743 harbor 0.9788
155 786 147 751 238 730 246 766 harbor 0.9777
543 712 526 692 609 619 626 638 harbor 0.9775
90 562 89 548 155 545 156 559 harbor 0.8505
618 898 616 874 678 869 680 892 harbor 0.4954
