1127 619 1106 617 1111 572 1132 574 small-vehicle 0.9609
832 372 809 371 813 315 836 316 small-vehicle 0.9562
1124 676 1100 673 1105 622 1130 624 small-vehicle 0.9514
1178 555 1157 543 1177 507 1198 518 small-vehicle 0.9506
1134 341 1132 317 1178 313 1180 336 small-vehicle 0.9248
1138 399 1140 378 1191 384 1188 405 small-vehicle 0.9124
796 519 797 500 842 502 841 521 small-vehicle 0.8993
1104 619 1081 619 1083 568 1106 569 small-vehicle 0.8966
1078 407 1069 387 1117 364 1126 385 small-vehicle 0.8861
1259 472 1259 450 1307 450 1308 472 small-vehicle 0.8777
746 421 746 403 791 402 791 420 small-vehicle 0.8767
571 405 572 382 624 384 623 406 small-vehicle 0.8613
713 577 692 577 692 532 713 533 small-vehicle 0.8576
735 565 716 564 719 519 739 520 small-vehicle 0.8378
532 548 532 525 582 526 581 549 small-vehicle 0.8253
1339 477 1340 457 1382 459 1381 478 small-vehicle 0.8251
891 530 892 512 935 512 934 530 small-vehicle 0.8204
1156 577 1178 567 1201 615 1180 626 small-vehicle 0.8124
1249 414 1248 393 1293 391 1294 412 small-vehicle 0.8007
59 266 61 242 111 246 109 270 small-vehicle 0.7980
590 663 586 644 627 635 631 654 small-vehicle 0.7888
1106 456 1106 435 1153 435 1153 456 small-vehicle 0.7701
1369 420 1372 401 1413 408 1410 426 small-vehicle 0.7557
586 497 588 477 633 480 631 500 small-vehicle 0.7262
1004 322 983 316 1000 259 1021 266 small-vehicle 0.7240
511 293 516 266 584 277 579 304 small-vehicle 0.6905
425 332 426 306 497 309 496 336 small-vehicle 0.6666
1361 361 1361 339 1407 338 1408 360 small-vehicle 0.6499
943 534 945 515 983 520 981 539 small-vehicle 0.6431
1212 463 1213 444 1254 445 1253 464 small-vehicle 0.6313
1202 406 1203 388 1245 391 1244 410 small-vehicle 0.5994
548 495 548 472 594 473 593 496 small-vehicle 0.5922
1159 458 1160 438 1204 441 1202 461 small-vehicle 0.5478
1020 621 1009 605 1044 581 1055 597 small-vehicle 0.5414
994 539 994 515 1034 516 1034 540 small-vehicle 0.5377
123 311 123 283 193 283 193 311 small-vehicle 0.5276
735 617 714 616 716 571 737 572 small-vehicle 0.5219
1052 384 1041 354 1081 338 1093 369 small-vehicle 0.5035
893 345 895 321 955 327 952 351 small-vehicle 0.4915
1207 579 1186 565 1214 526 1234 540 small-vehicle 0.4829
583 631 585 613 626 618 624 636 small-vehicle 0.4764
1381 945 1384 918 1444 926 1441 952 small-vehicle 0.4697
412 282 414 256 481 262 479 289 small-vehicle 0.4591
511 343 511 318 582 318 582 344 small-vehicle 0.4565
955 352 964 332 1009 351 1000 371 small-vehicle 0.4373
1050 444 1049 421 1089 420 1090 443 small-vehicle 0.4335
527 396 528 375 569 378 567 399 small-vehicle 0.4158
877 428 877 411 920 412 920 430 small-vehicle 0.4076
1400 359 1405 338 1453 349 1448 370 small-vehicle 0.4026
425 688 412 672 449 641 462 657 small-vehicle 0.4016
1189 333 1193 315 1236 325 1232 344 small-vehicle 0.3915
122 267 127 242 195 256 190 281 small-vehicle 0.3307
529 647 555 646 556 704 530 705 small-vehicle 0.3255
136 240 143 214 208 232 201 258 small-vehicle 0.3206
1002 442 1001 426 1041 423 1042 440 small-vehicle 0.2707
585 605 587 586 629 591 627 610 small-vehicle 0.2670
929 432 931 412 972 417 970 436 small-vehicle 0.2537
866 376 868 356 915 361 913 381 small-vehicle 0.2463
89 447 92 419 174 428 171 457 small-vehicle 0.2277
1449 879 1431 879 1432 845 1450 846 small-vehicle 0.2163
845 524 844 497 872 496 874 522 small-vehicle 0.2110
254 459 259 441 296 451 291 468 small-vehicle 0.1961
1247 645 1229 621 1281 582 1299 606 small-vehicle 0.1903
1241 343 1244 321 1289 329 1285 351 small-vehicle 0.1837
1234 619 1216 599 1267 553 1285 573 small-vehicle 0.1802
1189 564 1175 553 1195 525 1209 535 small-vehicle 0.1522
985 314 960 306 978 245 1003 253 small-vehicle 0.1470
220 287 223 260 288 267 285 294 small-vehicle 0.1321
639 777 612 776 614 728 642 729 small-vehicle 0.1139
708 667 688 666 691 621 711 623 small-vehicle 0.1131
522 590 524 568 577 571 575 593 small-vehicle 0.1073
1257 680 1239 660 1290 613 1309 633 small-vehicle 0.1052
1253 678 1239 661 1295 613 1309 631 large-vehicle 0.8979
1233 618 1218 601 1269 555 1284 571 large-vehicle 0.8973
1306 723 1286 711 1319 653 1339 665 large-vehicle 0.8826
1270 698 1253 677 1305 635 1322 656 large-vehicle 0.8754
396 119 368 119 371 6 399 6 large-vehicle 0.8700
1248 647 1230 624 1283 582 1301 605 large-vehicle 0.8602
136 241 143 216 207 233 200 258 large-vehicle 0.8480
363 118 336 116 343 8 370 10 large-vehicle 0.8473
1332 733 1310 721 1341 661 1363 672 large-vehicle 0.8420
221 286 224 261 286 269 283 294 large-vehicle 0.8200
123 270 127 243 193 253 189 281 large-vehicle 0.8070
965 313 939 310 945 242 971 244 large-vehicle 0.7801
935 310 911 306 921 241 945 244 large-vehicle 0.7518
307 118 280 115 291 3 319 6 large-vehicle 0.7375
887 308 866 305 875 240 896 242 large-vehicle 0.7372
909 309 887 304 900 240 922 245 large-vehicle 0.6960
1364 759 1336 750 1358 680 1386 688 large-vehicle 0.6547
410 282 412 256 480 262 477 288 large-vehicle 0.6507
214 315 215 288 284 291 282 318 large-vehicle 0.6054
334 119 311 117 321 7 344 9 large-vehicle 0.5691
511 294 514 267 584 277 580 303 large-vehicle 0.5392
871 306 844 305 848 238 875 240 large-vehicle 0.5308
986 315 961 309 977 246 1001 252 large-vehicle 0.5231
124 309 126 281 194 285 193 312 large-vehicle 0.5073
894 346 895 321 953 325 951 349 large-vehicle 0.4859
511 343 511 318 582 318 582 344 large-vehicle 0.4707
424 334 426 306 497 309 496 338 large-vehicle 0.3915
741 508 768 508 769 578 742 578 large-vehicle 0.3111
1005 321 984 316 998 263 1019 269 large-vehicle 0.2812
571 403 573 382 624 386 622 407 large-vehicle 0.2365
1378 944 1383 917 1445 928 1441 954 large-vehicle 0.2028
727 670 730 576 1005 586 1001 680 ship 0.1133
