1631 814 1655 811 1659 837 1636 841 small-vehicle 0.2498
32 782 51 773 61 792 42 802 small-vehicle 0.2227
737 642 739 622 766 624 765 644 small-vehicle 0.1724
1136 627 1131 616 1151 605 1157 616 small-vehicle 0.1569
1549 549 1564 549 1565 585 1549 585 ship 0.5675
273 169 289 164 303 205 287 210 ship 0.3170
1231 344 1186 326 1220 242 1265 261 harbor 0.9935
921 249 976 248 977 337 923 337 harbor 0.9930
272 157 311 143 330 196 291 210 harbor 0.9929
1439 561 1419 550 1476 446 1496 457 harbor 0.9921
580 49 599 41 621 97 602 105 harbor 0.9898
516 336 539 333 547 391 524 394 harbor 0.9860
1097 284 1067 280 1078 204 1109 209 harbor 0.9859
499 65 542 60 549 121 507 127 harbor 0.9780
1415 487 1383 467 1426 400 1458 421 harbor 0.9767
168 228 157 206 218 176 229 198 harbor 0.9667
1525 541 1547 540 1553 666 1531 667 harbor 0.9589
460 398 442 394 455 344 473 348 harbor 0.9490
783 273 824 272 827 345 786 346 harbor 0.9452
651 356 632 355 635 281 654 282 harbor 0.9120
389 85 415 85 415 135 389 135 harbor 0.9006
77 310 95 310 96 332 78 332 harbor 0.7703
152 215 165 208 181 236 168 243 harbor 0.2949
1428 553 1390 535 1448 414 1486 432 harbor 0.1098
1378 765 1349 760 1359 696 1388 701 swimming-pool 0.9374
905 419 868 411 882 350 918 358 swimming-pool 0.7683
683 436 681 404 716 402 717 435 swimming-pool 0.1168
