2 763 16 752 40 784 27 795 small-vehicle 0.9913
162 488 150 473 185 446 197 462 small-vehicle 0.9875
453 239 441 223 477 196 488 213 small-vehicle 0.9855
254 140 267 128 295 159 281 171 small-vehicle 0.9855
69 446 58 431 90 410 100 425 small-vehicle 0.9836
413 271 402 257 433 233 445 247 small-vehicle 0.9814
211 14 227 2 251 33 236 45 small-vehicle 0.9791
504 82 492 67 523 40 536 55 small-vehicle 0.9735
205 452 194 436 226 412 238 429 small-vehicle 0.9565
493 196 493 167 523 167 523 196 small-vehicle 0.9548
536 169 525 155 557 129 568 143 small-vehicle 0.9513
447 123 438 103 471 88 480 107 small-vehicle 0.9485
540 49 529 33 563 9 574 24 small-vehicle 0.9483
211 326 201 307 236 288 246 306 small-vehicle 0.9472
120 521 110 506 142 484 152 500 small-vehicle 0.9406
34 473 29 451 60 444 65 466 small-vehicle 0.9302
219 96 234 85 253 113 238 123 small-vehicle 0.9120
252 138 237 132 247 106 261 112 small-vehicle 0.7494
357 314 348 297 377 281 386 298 small-vehicle 0.7331
6 725 21 715 42 745 27 755 small-vehicle 0.5126
924 135 933 117 973 137 964 155 small-vehicle 0.4220
894 75 910 63 934 96 917 107 small-vehicle 0.2549
-20 821 -2 807 41 863 23 877 large-vehicle 0.4718
180 650 256 592 376 751 300 808 tennis-court 0.9998
267 577 339 517 465 666 393 727 tennis-court 0.9997
380 448 478 371 622 554 524 631 tennis-court 0.4397
482 374 564 283 726 428 643 519 tennis-court 0.2505
580 748 549 698 628 649 658 699 tennis-court 0.1261
637 242 725 156 868 301 780 388 basketball-court 0.9957
750 143 839 59 979 207 890 291 basketball-court 0.9938
488 360 579 275 730 437 638 522 basketball-court 0.9928
372 458 463 370 620 534 529 621 basketball-court 0.9919
