597 128 686 108 725 287 637 307 tennis-court 0.9999
738 772 827 752 867 930 778 950 tennis-court 0.9999
154 227 242 205 285 381 196 402 tennis-court 0.9999
719 102 809 82 849 259 759 279 tennis-court 0.9999
436 504 527 484 566 660 476 681 tennis-court 0.9999
38 250 123 229 170 409 85 431 tennis-court 0.9999
619 796 705 780 740 963 654 980 tennis-court 0.9999
860 748 951 728 990 905 900 925 tennis-court 0.9999
354 181 441 163 479 340 391 359 tennis-court 0.9999
782 427 871 405 915 582 826 604 tennis-court 0.9999
493 829 580 807 623 982 536 1004 tennis-court 0.9999
315 529 403 509 442 685 355 705 tennis-court 0.9999
474 153 564 133 604 316 515 336 tennis-court 0.9998
