1337 103 1319 94 1338 58 1356 67 small-vehicle 0.2605
54 222 39 215 49 193 64 200 small-vehicle 0.1416
1393 786 1403 758 1462 780 1451 808 ship 0.9174
607 611 622 589 669 621 654 643 ship 0.6631
193 923 202 906 235 923 226 940 ship 0.4961
728 380 736 356 778 372 769 395 ship 0.4769
87 903 109 865 218 926 197 965 harbor 0.9992
407 465 436 423 685 595 656 637 harbor 0.9989
1160 493 1086 473 1114 367 1188 386 harbor 0.9977
549 288 566 262 777 399 760 425 harbor 0.9954
1472 793 1412 772 1459 636 1519 657 harbor 0.9951
