338 842 338 833 363 832 363 842 small-vehicle 0.2632
993 463 980 455 995 430 1008 438 ship 0.5006
490 568 480 562 495 538 505 544 ship 0.3507
368 503 357 498 367 474 379 480 ship 0.1424
853 686 804 658 968 368 1018 396 harbor 0.9981
179 163 157 147 274 -1 295 15 harbor 0.9976
358 310 333 296 431 130 456 145 harbor 0.9970
277 234 252 218 367 39 393 56 harbor 0.9955
595 474 571 458 750 200 773 216 harbor 0.9952
986 805 911 754 1061 535 1136 587 harbor 0.9952
289 281 267 259 420 109 441 131 harbor 0.4770
889 730 848 696 1045 456 1086 490 harbor 0.2552
181 202 159 184 305 3 327 20 harbor 0.2066
