1173 698 1172 671 1201 669 1202 696 small-vehicle 0.1095
777 1436 779 1409 829 1412 828 1438 ship 0.9414
706 1500 705 1470 766 1470 766 1499 ship 0.8732
762 669 764 644 813 648 811 672 ship 0.7201
570 348 551 336 579 294 598 306 ship 0.6472
288 301 271 288 301 248 318 260 ship 0.4337
791 1293 792 1265 854 1265 854 1294 ship 0.1605
644 2034 663 1946 1002 2017 984 2105 harbor 0.9991
307 321 276 294 397 154 428 181 harbor 0.9978
610 1718 641 1636 997 1769 966 1851 harbor 0.9968
172 197 148 163 291 63 315 97 harbor 0.9962
617 544 574 507 796 252 839 290 harbor 0.9958
740 635 721 599 972 467 991 504 harbor 0.9937
569 381 542 363 671 170 697 188 harbor 0.9918
768 794 761 711 1011 687 1019 771 harbor 0.9880
746 1038 746 960 1011 960 1011 1038 harbor 0.9803
727 1558 728 1496 1044 1501 1043 1562 harbor 0.9715
782 1275 781 1250 998 1245 999 1269 harbor 0.9251
778 668 769 640 1000 566 1009 593 harbor 0.9004
761 1433 759 1378 993 1371 995 1425 harbor 0.8814
787 1880 792 1849 982 1878 977 1909 harbor 0.8138
748 569 712 524 910 365 946 410 harbor 0.7608
665 575 625 536 852 300 892 339 harbor 0.2928
570 451 535 417 748 196 783 230 harbor 0.1748
573 221 559 212 594 154 608 163 harbor 0.1144
1165 803 1196 800 1201 862 1171 865 swimming-pool 0.6378
