333 40 348 31 366 59 351 69 small-vehicle 0.1679
851 151 862 151 864 173 853 174 small-vehicle 0.1440
850 152 862 151 865 176 852 177 ship 0.1455
514 703 494 669 693 555 712 589 harbor 0.9982
503 554 480 513 626 431 649 471 harbor 0.9954
199 221 174 169 350 86 374 138 harbor 0.9949
621 908 607 866 814 800 828 842 harbor 0.9946
343 352 329 316 489 255 503 292 harbor 0.9928
505 428 493 407 582 353 595 374 harbor 0.9851
782 1042 777 1016 894 994 899 1019 harbor 0.9695
662 323 687 308 708 344 684 359 swimming-pool 0.9446
