389 155 390 -57 612 -56 611 157 baseball-diamond 0.3084
1253 280 1267 259 1309 288 1295 308 small-vehicle 0.9549
1011 96 1028 74 1070 108 1053 130 small-vehicle 0.9425
1207 240 1223 219 1265 250 1250 271 small-vehicle 0.4752
500 549 512 547 517 573 505 576 small-vehicle 0.3580
1365 61 1352 55 1367 26 1380 33 small-vehicle 0.2701
1213 38 1198 37 1200 22 1215 23 small-vehicle 0.1834
1009 122 1018 105 1050 122 1041 139 small-vehicle 0.1683
1295 303 1314 282 1356 320 1338 341 small-vehicle 0.1548
704 762 694 755 707 736 717 743 small-vehicle 0.1422
185 672 205 671 206 696 186 697 small-vehicle 0.1294
1337 31 1328 23 1348 0 1357 6 small-vehicle 0.1108
886 757 815 710 917 558 988 605 tennis-court 0.9999
1083 875 1013 828 1115 675 1185 721 tennis-court 0.9999
1183 935 1111 888 1211 735 1283 783 tennis-court 0.9999
987 817 915 771 1013 616 1086 662 tennis-court 0.9998
787 697 715 650 814 499 886 545 tennis-court 0.9998
210 333 330 307 376 511 255 538 basketball-court 0.9993
475 266 596 254 615 453 495 465 basketball-court 0.9992
91 367 205 342 248 540 134 565 basketball-court 0.9991
343 298 464 282 490 482 369 498 basketball-court 0.9990
588 241 707 215 751 416 632 442 basketball-court 0.9982
13 245 -13 6 339 -32 366 207 soccer-ball-field 0.1062
