461 906 466 887 511 899 506 918 small-vehicle 0.9425
1223 999 1223 980 1263 980 1263 999 small-vehicle 0.9382
510 920 513 903 546 909 543 926 small-vehicle 0.8606
824 949 830 932 866 945 859 962 small-vehicle 0.8544
452 846 454 830 495 837 492 854 small-vehicle 0.8339
938 977 942 960 979 967 976 985 small-vehicle 0.8296
404 833 408 816 443 824 439 841 small-vehicle 0.8285
1244 1048 1240 1031 1281 1021 1286 1038 small-vehicle 0.8095
428 982 404 976 418 924 441 930 small-vehicle 0.7943
548 877 552 859 592 869 587 886 small-vehicle 0.7935
1315 1011 1310 991 1350 982 1354 1002 small-vehicle 0.7778
47 848 29 843 40 806 57 811 small-vehicle 0.7722
364 821 367 805 401 812 398 827 small-vehicle 0.7318
648 900 651 883 684 889 681 906 small-vehicle 0.7226
498 859 503 841 543 852 538 870 small-vehicle 0.7098
897 969 898 952 934 953 933 970 small-vehicle 0.6886
595 885 598 865 632 870 630 889 small-vehicle 0.6662
349 872 353 857 386 867 381 881 small-vehicle 0.6543
1078 997 1079 979 1119 982 1118 999 small-vehicle 0.6447
790 942 794 927 826 934 823 950 small-vehicle 0.6151
942 1002 944 985 982 991 979 1009 small-vehicle 0.6011
1163 1021 1164 1004 1203 1006 1203 1023 small-vehicle 0.5935
1123 995 1126 977 1158 981 1156 999 small-vehicle 0.4873
640 958 643 941 677 947 675 964 small-vehicle 0.4790
605 946 609 931 640 937 636 952 small-vehicle 0.4773
406 974 383 971 390 920 414 923 small-vehicle 0.4416
738 926 741 909 775 916 772 932 small-vehicle 0.4057
216 728 200 722 212 685 229 691 small-vehicle 0.2755
459 925 472 906 515 936 501 955 small-vehicle 0.1618
1322 460 1306 450 1334 408 1350 419 small-vehicle 0.1442
311 868 312 850 341 851 340 869 small-vehicle 0.1177
1307 1104 1293 1097 1305 1073 1319 1080 small-vehicle 0.1013
499 858 505 841 543 853 538 870 large-vehicle 0.2153
615 745 543 699 634 556 706 602 tennis-court 0.9998
859 867 789 820 883 679 953 726 tennis-court 0.9998
479 698 409 652 503 509 573 556 tennis-court 0.9998
998 912 926 866 1015 724 1088 770 tennis-court 0.9998
729 814 660 768 756 626 824 672 tennis-court 0.9998
1157 913 1085 866 1179 722 1251 769 tennis-court 0.9998
361 629 290 582 385 435 457 481 tennis-court 0.9997
625 461 554 417 643 274 714 318 tennis-court 0.9997
501 392 435 348 529 206 595 250 tennis-court 0.9996
691 496 739 420 894 518 847 593 tennis-court 0.9996
954 592 1002 521 1159 628 1111 699 tennis-court 0.9993
769 376 816 305 957 398 910 469 tennis-court 0.9991
1185 653 1228 593 1370 695 1327 755 tennis-court 0.9945
187 501 131 454 239 324 295 372 swimming-pool 0.9792
