1096 75 1112 69 1126 106 1110 112 small-vehicle 0.3890
92 233 87 215 127 204 132 223 small-vehicle 0.3434
27 1388 19 1351 178 1316 186 1353 large-vehicle 0.2062
82 1456 73 1427 200 1391 208 1420 large-vehicle 0.1258
424 1609 414 1581 499 1550 509 1577 ship 0.9972
641 1313 662 1305 684 1363 663 1371 ship 0.9969
746 1276 765 1269 787 1327 768 1334 ship 0.9967
390 1509 380 1480 465 1451 475 1480 ship 0.9962
413 1577 403 1550 488 1519 498 1546 ship 0.9962
349 1380 342 1356 412 1334 420 1357 ship 0.9961
721 1288 740 1281 764 1341 744 1349 ship 0.9959
339 1349 330 1323 398 1300 406 1325 ship 0.9959
377 1476 366 1449 451 1413 463 1441 ship 0.9956
668 1306 687 1297 711 1351 692 1359 ship 0.9949
361 1412 351 1389 419 1360 429 1383 ship 0.9939
279 1172 270 1148 350 1120 359 1144 ship 0.9929
618 1243 638 1236 656 1287 637 1294 ship 0.9929
277 1146 268 1123 334 1097 343 1119 ship 0.9923
668 1491 693 1482 718 1556 693 1564 ship 0.9913
671 1220 693 1214 707 1273 686 1278 ship 0.9904
311 1257 303 1233 369 1209 378 1232 ship 0.9898
695 1212 717 1205 734 1261 712 1267 ship 0.9890
595 1080 616 1073 635 1129 613 1136 ship 0.9885
331 1314 322 1291 382 1268 390 1290 ship 0.9882
222 984 215 963 273 944 280 965 ship 0.9879
745 1202 766 1196 780 1247 759 1252 ship 0.9878
664 1058 684 1052 699 1102 679 1108 ship 0.9875
798 1575 791 1551 857 1532 864 1557 ship 0.9874
442 1618 470 1607 504 1688 476 1699 ship 0.9869
700 1299 719 1294 733 1346 715 1351 ship 0.9864
400 1541 390 1512 471 1485 481 1513 ship 0.9863
262 1118 253 1092 325 1068 334 1094 ship 0.9860
810 1467 830 1460 847 1513 828 1519 ship 0.9857
298 1227 290 1205 355 1182 363 1204 ship 0.9856
201 936 193 911 261 890 268 914 ship 0.9838
192 905 185 882 246 864 253 887 ship 0.9832
159 801 153 779 211 763 217 785 ship 0.9827
719 1203 738 1198 755 1254 737 1259 ship 0.9825
585 1331 610 1321 634 1383 609 1392 ship 0.9822
372 1440 362 1417 430 1386 440 1409 ship 0.9818
647 1233 665 1228 680 1281 662 1286 ship 0.9801
451 936 468 930 485 973 468 980 ship 0.9794
143 750 136 730 197 710 204 730 ship 0.9781
214 956 207 934 267 917 273 938 ship 0.9778
153 776 147 755 204 738 210 759 ship 0.9774
459 578 477 572 491 616 473 622 ship 0.9773
253 1089 246 1068 308 1048 315 1070 ship 0.9765
184 879 178 856 240 838 246 861 ship 0.9747
496 1113 513 1105 535 1151 518 1159 ship 0.9745
169 829 162 807 219 789 226 811 ship 0.9742
542 1269 561 1262 580 1314 561 1321 ship 0.9736
589 885 607 880 620 925 602 930 ship 0.9734
119 679 112 657 165 640 172 662 ship 0.9732
651 1628 642 1600 715 1577 724 1605 ship 0.9725
127 703 120 683 174 665 181 685 ship 0.9705
546 1097 566 1090 581 1137 562 1143 ship 0.9704
711 1040 731 1032 752 1085 731 1093 ship 0.9701
335 553 355 548 368 594 349 599 ship 0.9694
888 1542 882 1520 942 1504 948 1525 ship 0.9690
772 1268 791 1260 810 1312 791 1319 ship 0.9681
645 1065 662 1060 676 1107 659 1112 ship 0.9672
770 1195 791 1190 803 1239 783 1245 ship 0.9667
309 626 327 618 347 665 329 673 ship 0.9665
939 1687 958 1679 979 1730 959 1738 ship 0.9658
245 1061 238 1040 294 1020 302 1040 ship 0.9653
434 583 454 577 469 627 449 633 ship 0.9652
712 848 728 843 741 890 725 894 ship 0.9636
739 1036 757 1030 773 1076 756 1082 ship 0.9628
471 685 489 680 500 723 482 728 ship 0.9624
429 701 448 697 458 739 439 744 ship 0.9622
786 1478 806 1471 824 1523 803 1529 ship 0.9621
454 870 471 865 483 908 465 913 ship 0.9617
571 1089 588 1083 603 1130 585 1135 ship 0.9611
521 1104 540 1097 557 1141 539 1148 ship 0.9592
574 1025 594 1019 607 1061 587 1067 ship 0.9570
474 1052 491 1045 508 1090 491 1097 ship 0.9564
407 357 425 350 441 394 422 401 ship 0.9557
403 708 420 701 439 744 422 751 ship 0.9553
514 1042 530 1036 544 1079 528 1084 ship 0.9552
760 1483 781 1474 803 1531 782 1539 ship 0.9548
810 1254 829 1245 849 1290 831 1298 ship 0.9523
264 408 279 402 294 440 279 446 ship 0.9512
471 1122 491 1114 512 1166 492 1174 ship 0.9507
138 728 130 709 181 688 189 707 ship 0.9505
493 1602 508 1593 536 1637 521 1647 ship 0.9497
718 968 738 963 751 1011 731 1016 ship 0.9491
654 693 670 686 686 723 669 730 ship 0.9467
114 653 106 632 160 613 168 634 ship 0.9467
620 1072 638 1067 650 1111 632 1116 ship 0.9467
290 1200 283 1182 346 1156 354 1174 ship 0.9461
298 566 314 562 324 601 307 605 ship 0.9459
177 851 170 833 226 812 233 830 ship 0.9455
559 545 576 539 592 581 575 587 ship 0.9452
633 1500 661 1490 689 1568 661 1578 ship 0.9446
448 759 466 754 479 797 462 802 ship 0.9446
534 846 549 841 562 880 547 885 ship 0.9441
512 849 531 844 544 889 525 894 ship 0.9440
763 1029 779 1023 793 1065 777 1070 ship 0.9431
1003 1660 1026 1653 1046 1712 1023 1720 ship 0.9429
739 959 761 952 778 1000 756 1008 ship 0.9424
377 606 393 601 404 642 388 647 ship 0.9424
426 414 443 407 459 447 442 454 ship 0.9421
791 1259 807 1251 830 1299 814 1307 ship 0.9402
691 1051 708 1045 724 1089 707 1095 ship 0.9385
539 1033 557 1028 570 1073 552 1078 ship 0.9385
400 257 416 251 432 288 416 294 ship 0.9377
619 1007 637 1003 647 1047 629 1051 ship 0.9373
462 236 477 230 490 262 476 268 ship 0.9369
551 837 569 832 581 873 562 878 ship 0.9366
736 1590 731 1570 779 1557 785 1578 ship 0.9343
811 1187 830 1180 847 1222 828 1230 ship 0.9336
336 619 351 614 366 656 351 661 ship 0.9330
667 863 683 856 699 894 683 901 ship 0.9319
630 876 646 869 662 908 647 914 ship 0.9309
274 1482 299 1473 323 1538 298 1547 ship 0.9296
571 712 587 706 604 749 587 755 ship 0.9277
654 804 671 800 681 840 663 845 ship 0.9270
453 345 469 341 480 382 464 386 ship 0.9267
229 1013 222 989 279 972 286 996 ship 0.9253
239 475 259 468 275 513 255 520 ship 0.9250
639 1002 656 996 671 1040 654 1046 ship 0.9245
428 763 444 759 456 802 440 806 ship 0.9233
591 824 608 818 624 860 606 866 ship 0.9226
366 724 381 718 397 756 382 762 ship 0.9214
649 870 663 864 679 898 664 905 ship 0.9179
508 383 526 378 540 421 522 427 ship 0.9171
519 555 537 548 552 592 534 598 ship 0.9171
548 724 565 717 582 759 565 766 ship 0.9163
470 332 486 327 500 369 484 374 ship 0.9158
530 378 546 372 558 411 542 416 ship 0.9129
533 730 547 725 560 766 546 771 ship 0.9116
488 922 505 915 523 957 506 964 ship 0.9093
839 1466 858 1462 868 1510 849 1514 ship 0.9092
309 1745 301 1725 349 1706 356 1726 ship 0.9084
486 393 503 387 518 427 501 433 ship 0.9081
316 1768 310 1752 350 1739 355 1755 ship 0.9080
218 313 232 308 246 346 232 351 ship 0.9064
288 400 304 395 314 432 298 436 ship 0.9055
552 657 571 651 583 694 563 699 ship 0.9049
682 986 699 982 708 1023 691 1026 ship 0.9043
262 300 277 293 293 327 279 334 ship 0.9023
348 729 365 725 376 765 359 770 ship 0.9022
345 791 364 786 377 828 358 834 ship 0.9001
430 942 447 935 466 979 448 987 ship 0.8990
96 600 88 579 140 560 148 582 ship 0.8973
522 496 540 490 552 530 535 535 ship 0.8973
455 514 474 507 490 551 470 558 ship 0.8966
510 912 527 906 542 950 525 956 ship 0.8918
325 379 344 374 356 419 336 424 ship 0.8917
492 679 508 674 521 717 504 722 ship 0.8909
512 736 528 732 539 775 523 779 ship 0.8897
608 818 623 812 640 853 625 859 ship 0.8892
659 991 677 987 686 1030 668 1034 ship 0.8888
601 530 618 523 635 563 617 570 ship 0.8876
407 771 423 767 433 808 416 812 ship 0.8870
530 314 550 306 566 347 545 355 ship 0.8858
500 1049 514 1045 526 1086 511 1090 ship 0.8836
282 293 298 287 311 323 295 328 ship 0.8826
269 638 289 632 302 678 282 684 ship 0.8823
494 859 512 855 522 895 504 900 ship 0.8810
250 582 269 576 283 623 264 628 ship 0.8806
569 895 585 890 598 930 581 935 ship 0.8803
378 539 397 536 405 577 386 580 ship 0.8791
248 303 262 299 274 337 260 341 ship 0.8764
433 880 449 877 459 918 443 921 ship 0.8757
479 570 497 565 508 605 490 610 ship 0.8742
513 1283 532 1274 555 1324 536 1333 ship 0.8729
535 1343 559 1335 579 1397 555 1405 ship 0.8711
504 502 522 499 530 539 512 542 ship 0.8680
307 390 324 386 333 424 315 428 ship 0.8675
916 1696 936 1689 951 1736 931 1743 ship 0.8674
610 883 624 876 641 914 626 921 ship 0.8643
301 453 315 446 335 486 321 493 ship 0.8616
299 1723 291 1704 338 1685 346 1704 ship 0.8579
367 895 387 890 400 937 380 943 ship 0.8565
284 1580 306 1570 329 1621 307 1631 ship 0.8559
386 366 402 359 421 399 405 407 ship 0.8556
354 611 371 606 385 649 367 654 ship 0.8554
73 536 66 519 114 499 121 516 ship 0.8543
369 264 384 260 395 298 380 302 ship 0.8454
540 550 556 546 568 585 553 590 ship 0.8419
471 1613 489 1604 513 1651 495 1660 ship 0.8384
559 1030 575 1025 588 1067 573 1072 ship 0.8331
906 1442 931 1435 944 1485 918 1491 ship 0.8320
859 1458 878 1453 891 1503 872 1508 ship 0.8306
354 271 368 266 380 302 366 307 ship 0.8279
432 350 450 347 458 388 441 392 ship 0.8277
438 245 453 237 470 272 455 279 ship 0.8204
397 597 414 592 424 630 408 635 ship 0.8162
384 780 399 774 412 810 398 816 ship 0.8121
321 797 340 792 353 838 335 844 ship 0.8067
225 415 242 410 254 453 236 458 ship 0.8062
479 511 496 504 510 542 493 548 ship 0.8047
595 707 611 703 620 742 605 746 ship 0.8046
628 811 648 805 660 849 641 854 ship 0.8041
291 633 306 627 321 668 306 674 ship 0.8028
318 558 335 556 342 600 325 603 ship 0.8007
248 410 265 407 272 449 255 452 ship 0.8004
407 421 423 414 439 453 422 460 ship 0.7951
689 853 706 848 718 888 702 893 ship 0.7950
316 282 331 276 346 313 331 319 ship 0.7869
347 437 364 431 377 469 360 475 ship 0.7859
388 429 403 424 416 461 401 466 ship 0.7855
199 318 213 314 227 353 212 358 ship 0.7845
581 537 598 533 609 573 592 578 ship 0.7809
512 669 530 665 539 710 521 714 ship 0.7789
397 535 414 531 424 570 407 574 ship 0.7779
324 1542 349 1531 382 1603 357 1614 ship 0.7742
615 702 632 697 641 733 624 737 ship 0.7730
449 700 466 695 477 734 460 739 ship 0.7711
353 552 369 544 388 583 372 591 ship 0.7694
833 1180 853 1173 867 1212 847 1220 ship 0.7678
512 326 530 323 537 361 519 365 ship 0.7676
284 460 299 454 314 495 299 500 ship 0.7656
615 641 632 636 644 677 626 682 ship 0.7643
600 1017 616 1012 628 1051 611 1056 ship 0.7559
79 344 71 323 133 301 140 322 ship 0.7505
311 237 325 230 340 260 326 267 ship 0.7496
264 465 279 460 290 499 276 503 ship 0.7442
859 1721 856 1705 894 1698 897 1714 ship 0.7419
343 224 360 220 368 250 352 255 ship 0.7227
322 448 337 444 348 483 333 487 ship 0.7028
166 319 161 303 199 289 204 305 ship 0.7009
846 1237 865 1230 883 1273 864 1281 ship 0.7006
577 829 592 826 601 866 586 870 ship 0.6836
325 736 343 732 352 773 334 777 ship 0.6484
328 1502 351 1494 374 1554 352 1562 ship 0.6357
394 888 411 884 423 930 405 934 ship 0.6218
385 260 400 254 415 293 400 299 ship 0.5585
448 1060 468 1053 482 1096 462 1103 ship 0.5231
218 480 234 474 248 514 233 520 ship 0.4826
653 630 672 622 687 661 668 669 ship 0.4822
315 1781 317 1763 359 1769 357 1786 ship 0.4734
93 447 113 440 125 479 105 485 ship 0.4035
492 741 507 736 521 781 505 786 ship 0.3686
495 330 512 327 518 365 501 367 ship 0.3411
413 591 428 586 441 626 426 631 ship 0.2504
474 868 491 865 497 906 480 908 ship 0.1930
-8 1802 -26 1736 283 1649 301 1715 ship 0.1591
41 509 29 480 62 466 74 495 ship 0.1052
647 1620 616 1525 932 1421 964 1517 harbor 0.9927
343 843 312 748 667 631 698 726 harbor 0.9905
238 525 205 437 569 301 602 389 harbor 0.9873
541 1404 498 1277 836 1163 879 1290 harbor 0.9862
479 1167 444 1057 776 950 811 1060 harbor 0.9858
182 382 150 296 509 164 540 250 harbor 0.9799
408 995 376 905 715 784 747 874 harbor 0.9745
285 685 254 598 609 472 640 559 harbor 0.9710
778 1761 759 1702 1039 1612 1058 1671 harbor 0.9601
59 326 43 271 123 248 139 303 harbor 0.8709
110 929 216 879 576 1648 470 1698 harbor 0.4613
12 510 92 477 281 944 200 976 harbor 0.2924
42 527 20 485 104 443 125 485 harbor 0.2613
1192 1463 1232 1454 1309 1787 1269 1796 harbor 0.1183
