1342 696 1307 695 1312 527 1347 528 bridge 0.2327
1012 78 999 75 1003 59 1016 63 small-vehicle 0.1629
510 619 523 597 607 650 594 671 ship 0.9936
277 759 286 746 325 773 316 787 ship 0.9886
661 797 670 780 727 814 717 830 ship 0.9883
749 347 760 332 809 366 798 381 ship 0.9879
651 393 659 382 691 403 683 415 ship 0.9836
253 799 262 783 301 807 292 823 ship 0.9800
693 326 704 313 737 340 727 352 ship 0.9791
649 517 659 500 700 527 690 543 ship 0.9739
376 828 384 813 424 838 415 852 ship 0.9728
441 853 450 838 489 863 479 878 ship 0.9717
728 388 737 375 772 398 763 412 ship 0.9681
686 457 695 444 733 466 725 480 ship 0.9676
675 935 683 920 721 939 713 955 ship 0.9657
600 599 610 586 654 618 645 631 ship 0.9653
421 756 430 742 467 763 459 778 ship 0.9585
732 688 743 672 790 705 780 720 ship 0.9582
637 543 645 531 683 555 675 568 ship 0.9577
616 453 624 439 657 458 649 472 ship 0.9539
637 416 645 404 679 426 671 438 ship 0.9534
458 819 466 805 510 832 502 845 ship 0.9523
717 712 729 697 772 729 761 745 ship 0.9510
710 311 719 301 744 323 735 332 ship 0.9466
398 791 406 777 441 799 432 812 ship 0.9446
510 410 518 398 550 420 541 432 ship 0.9439
349 876 357 864 389 885 381 896 ship 0.9407
262 776 272 761 316 789 307 804 ship 0.9406
679 349 687 335 725 358 717 371 ship 0.9373
924 376 931 363 965 383 957 396 ship 0.9335
489 770 496 761 523 784 515 793 ship 0.9325
580 922 591 903 648 936 637 955 ship 0.9311
897 408 907 394 946 421 936 435 ship 0.9304
661 383 667 372 698 390 692 400 ship 0.9223
704 889 711 873 747 888 740 903 ship 0.9214
593 487 601 476 632 497 624 509 ship 0.9193
652 848 660 835 698 858 690 871 ship 0.9129
383 939 391 924 430 947 422 962 ship 0.9124
693 759 702 745 751 777 742 791 ship 0.9115
933 360 941 347 973 369 965 382 ship 0.9100
822 879 831 868 860 890 851 901 ship 0.9045
951 336 957 328 981 345 975 354 ship 0.8999
728 841 738 826 768 845 758 860 ship 0.8966
972 302 980 292 1010 316 1002 325 ship 0.8965
311 936 318 922 354 941 346 955 ship 0.8946
853 836 860 826 891 846 884 856 ship 0.8749
460 699 466 686 500 702 493 715 ship 0.8548
830 869 837 858 867 878 860 889 ship 0.8520
880 439 887 429 917 450 910 460 ship 0.8472
844 845 850 834 879 853 873 863 ship 0.8430
957 322 966 312 993 336 984 346 ship 0.8339
355 861 362 851 392 870 385 881 ship 0.8334
297 737 304 726 334 746 328 756 ship 0.8136
803 912 811 901 838 921 830 932 ship 0.8079
937 695 943 682 980 699 973 712 ship 0.8067
566 535 574 526 603 548 596 558 ship 0.7772
325 704 332 694 361 714 353 725 ship 0.7747
382 592 389 580 425 602 418 615 ship 0.7674
1047 526 1054 516 1079 534 1072 544 ship 0.7546
564 315 572 306 597 327 588 336 ship 0.7461
1029 338 1036 327 1064 343 1057 355 ship 0.6972
1070 484 1078 475 1100 496 1092 504 ship 0.6925
745 816 752 806 784 829 777 838 ship 0.6823
1089 451 1098 443 1120 467 1112 475 ship 0.6767
298 730 304 717 334 730 328 742 ship 0.6635
873 798 881 789 909 813 902 822 ship 0.6404
992 265 999 254 1024 269 1016 281 ship 0.6089
680 517 686 503 716 517 710 530 ship 0.5596
663 956 670 944 699 962 691 974 ship 0.5376
722 277 730 265 762 285 755 297 ship 0.5105
444 718 453 707 481 730 472 741 ship 0.5087
1051 305 1058 293 1087 309 1081 321 ship 0.4780
849 514 857 505 882 530 874 538 ship 0.4518
582 1049 570 1042 589 1009 600 1015 ship 0.4260
705 429 712 415 749 432 743 446 ship 0.4186
1109 350 1117 332 1179 361 1170 379 ship 0.2313
874 585 798 528 1020 229 1097 285 harbor 0.9985
360 1055 273 1001 483 658 570 711 harbor 0.9971
683 1007 578 948 762 620 867 679 harbor 0.9953
630 665 529 611 728 238 829 292 harbor 0.9953
804 1041 744 1009 917 684 977 716 harbor 0.9898
1012 684 953 649 1147 314 1206 348 harbor 0.9859
450 623 374 578 611 179 686 223 harbor 0.9381
244 962 171 933 327 535 400 564 harbor 0.9261
