483 1099 463 1090 481 1049 501 1058 small-vehicle 0.7673
355 847 365 831 400 851 391 868 small-vehicle 0.6922
252 804 261 787 298 808 288 825 small-vehicle 0.5491
46 873 29 861 52 828 69 839 small-vehicle 0.4056
689 1039 698 1022 735 1043 725 1060 small-vehicle 0.2994
147 747 156 731 193 752 185 768 small-vehicle 0.2496
237 686 220 674 242 643 259 654 small-vehicle 0.2236
783 1093 787 1081 819 1089 816 1101 small-vehicle 0.2137
176 769 186 749 233 771 223 791 small-vehicle 0.1325
574 966 582 951 615 969 606 984 small-vehicle 0.1232
437 400 404 379 460 291 493 312 ship 0.9716
489 447 470 432 525 360 545 375 ship 0.9640
188 268 162 249 208 184 235 203 ship 0.9553
1172 817 1157 808 1176 774 1192 782 ship 0.8957
1148 817 1124 809 1147 745 1171 753 ship 0.8942
1477 1082 1460 1069 1490 1026 1507 1038 ship 0.8664
1325 974 1304 956 1354 898 1374 916 ship 0.8629
123 183 107 173 128 137 144 147 ship 0.8027
1572 1102 1550 1089 1577 1046 1598 1058 ship 0.7851
1150 857 1137 850 1156 814 1169 822 ship 0.7464
648 570 632 559 662 519 677 530 ship 0.7257
1307 949 1291 937 1323 895 1339 907 ship 0.7217
368 375 350 364 377 319 396 330 ship 0.7095
1207 1034 1227 1005 1297 1053 1277 1082 ship 0.7092
1102 825 1086 817 1108 774 1124 783 ship 0.6941
484 395 467 382 496 343 513 357 ship 0.6573
246 301 228 290 256 243 274 254 ship 0.6217
1026 746 1008 736 1035 690 1053 700 ship 0.6097
824 656 806 647 831 600 849 610 ship 0.5494
880 702 861 690 895 637 914 649 ship 0.5407
605 511 585 499 619 445 639 457 ship 0.5365
691 522 672 509 696 473 715 486 ship 0.5036
320 373 330 360 357 379 347 392 ship 0.4528
1072 824 1055 814 1076 775 1094 785 ship 0.3465
301 340 286 330 317 283 333 294 ship 0.2373
959 722 943 711 974 666 990 678 ship 0.1537
1432 1036 1416 1025 1447 978 1464 988 ship 0.1462
903 828 869 799 989 655 1023 683 harbor 0.9921
687 689 601 634 705 469 791 523 harbor 0.9907
973 865 925 829 1036 682 1083 718 harbor 0.9785
566 609 507 564 622 414 681 460 harbor 0.9696
73 331 6 280 125 122 193 173 harbor 0.9684
781 747 700 692 805 539 886 595 harbor 0.9663
1076 918 1013 876 1115 723 1178 765 harbor 0.9565
321 460 278 431 378 279 422 308 harbor 0.9547
196 385 160 358 258 227 293 254 harbor 0.9527
1276 1056 1201 1000 1312 850 1387 906 harbor 0.9479
833 775 772 721 894 583 955 637 harbor 0.9462
249 424 218 401 328 250 359 272 harbor 0.9399
494 564 458 536 555 408 591 435 harbor 0.9125
409 514 358 481 472 305 523 338 harbor 0.9035
1177 974 1120 933 1225 788 1282 829 harbor 0.8810
1354 1098 1300 1058 1415 902 1469 942 harbor 0.8590
456 545 404 509 514 352 566 388 harbor 0.8577
148 363 89 318 197 173 257 218 harbor 0.7270
1389 1035 1459 942 1598 1046 1527 1140 harbor 0.5585
1101 936 1065 914 1120 825 1156 848 harbor 0.1045
1205 1026 1223 1005 1293 1065 1275 1086 swimming-pool 0.4999
