866 1048 845 1036 869 994 891 1006 small-vehicle 0.9323
869 1084 852 1073 876 1038 892 1049 small-vehicle 0.9222
626 66 607 53 642 3 661 16 small-vehicle 0.8585
763 674 741 662 764 619 786 631 small-vehicle 0.8214
848 1121 830 1112 848 1079 866 1088 small-vehicle 0.8112
646 150 624 137 650 93 672 105 small-vehicle 0.7030
922 1333 902 1320 928 1280 948 1293 small-vehicle 0.6885
678 198 659 185 685 146 704 159 small-vehicle 0.6631
890 1049 874 1039 900 1001 916 1011 small-vehicle 0.5035
678 258 659 245 687 204 706 217 small-vehicle 0.3975
608 41 592 30 612 0 628 10 small-vehicle 0.2304
917 1006 903 996 932 956 946 966 small-vehicle 0.2227
679 1238 693 1221 731 1250 717 1267 small-vehicle 0.2223
169 74 180 55 219 77 209 96 small-vehicle 0.2178
374 292 386 273 425 300 413 318 small-vehicle 0.2100
661 59 643 47 672 4 690 16 small-vehicle 0.2060
882 1229 864 1214 898 1172 917 1187 small-vehicle 0.2030
193 1235 212 1230 226 1277 207 1282 small-vehicle 0.1998
706 320 687 306 721 259 740 273 small-vehicle 0.1981
650 193 630 182 650 145 670 156 small-vehicle 0.1972
462 1316 474 1295 513 1317 501 1338 small-vehicle 0.1878
815 905 796 893 822 852 841 865 small-vehicle 0.1580
664 1155 678 1138 716 1170 702 1187 small-vehicle 0.1498
726 389 708 374 742 335 759 349 small-vehicle 0.1481
303 633 317 613 363 646 349 666 small-vehicle 0.1272
799 836 777 822 803 782 825 796 small-vehicle 0.1171
837 983 819 970 849 927 867 940 small-vehicle 0.1138
397 1035 414 1008 565 1106 548 1133 large-vehicle 0.9970
606 1329 627 1300 771 1400 750 1430 large-vehicle 0.9917
89 1152 82 1128 248 1078 255 1102 large-vehicle 0.9888
707 870 736 864 770 1023 740 1029 large-vehicle 0.9886
465 1289 479 1264 622 1340 609 1365 large-vehicle 0.9882
348 838 363 813 510 899 495 924 large-vehicle 0.9881
918 1342 892 1325 995 1167 1021 1184 large-vehicle 0.9870
324 751 339 728 486 818 471 841 large-vehicle 0.9865
375 926 395 894 547 992 526 1024 large-vehicle 0.9864
147 1392 138 1364 295 1313 304 1341 large-vehicle 0.9844
307 601 322 579 400 633 385 655 large-vehicle 0.9828
780 758 755 744 859 552 885 566 large-vehicle 0.9827
843 998 815 982 910 817 938 833 large-vehicle 0.9825
885 1233 862 1217 954 1079 977 1095 large-vehicle 0.9807
485 783 499 757 641 835 628 860 large-vehicle 0.9797
175 135 190 111 332 196 317 220 large-vehicle 0.9788
688 291 665 277 761 116 784 130 large-vehicle 0.9773
509 895 525 871 670 963 655 987 large-vehicle 0.9740
301 536 315 513 433 583 419 606 large-vehicle 0.9730
810 847 784 832 869 685 895 700 large-vehicle 0.9724
728 384 700 369 771 232 800 247 large-vehicle 0.9711
450 641 461 619 595 683 585 705 large-vehicle 0.9705
566 1160 581 1138 713 1229 698 1251 large-vehicle 0.9678
541 983 558 957 704 1051 687 1077 large-vehicle 0.9674
561 1092 576 1070 693 1143 679 1166 large-vehicle 0.9630
454 663 465 643 599 713 588 733 large-vehicle 0.9626
704 323 678 308 766 142 793 157 large-vehicle 0.9591
169 77 180 54 326 125 315 148 large-vehicle 0.9584
834 930 813 916 899 782 920 795 large-vehicle 0.9525
343 171 358 144 498 220 483 247 large-vehicle 0.9515
400 397 415 373 557 460 542 485 large-vehicle 0.9397
306 48 318 27 432 91 420 112 large-vehicle 0.9321
378 267 391 246 505 313 492 334 large-vehicle 0.9309
231 316 243 295 383 374 371 396 large-vehicle 0.9298
723 491 695 476 779 317 807 332 large-vehicle 0.9280
755 612 730 596 825 449 849 465 large-vehicle 0.9268
436 564 450 539 589 617 575 642 large-vehicle 0.9248
762 703 737 688 845 515 870 531 large-vehicle 0.9244
161 1444 153 1415 305 1374 313 1403 large-vehicle 0.9243
734 547 711 533 819 364 843 379 large-vehicle 0.9216
299 637 320 606 455 696 434 727 large-vehicle 0.9195
457 691 468 668 593 730 582 752 large-vehicle 0.9178
451 612 461 591 589 650 579 671 large-vehicle 0.9176
824 908 799 894 891 735 915 750 large-vehicle 0.9173
486 1358 496 1334 618 1385 608 1409 large-vehicle 0.9056
442 544 450 524 567 576 559 596 large-vehicle 0.9027
231 354 244 331 391 418 378 441 large-vehicle 0.9024
333 92 347 72 479 166 465 185 large-vehicle 0.8916
377 303 395 279 528 376 510 400 large-vehicle 0.8761
637 185 615 169 732 10 754 26 large-vehicle 0.8695
370 217 381 197 482 252 472 272 large-vehicle 0.8571
761 629 745 616 835 500 851 513 large-vehicle 0.8546
103 1203 96 1180 228 1138 235 1162 large-vehicle 0.8543
398 377 407 356 532 412 523 432 large-vehicle 0.8373
83 1117 78 1093 249 1058 253 1082 large-vehicle 0.8313
175 112 187 87 328 153 316 178 large-vehicle 0.8294
631 1179 643 1160 717 1208 705 1227 large-vehicle 0.8243
705 165 683 154 741 30 764 40 large-vehicle 0.7881
414 472 433 445 561 533 543 560 large-vehicle 0.7689
884 1022 861 1010 925 893 948 906 large-vehicle 0.7619
548 1041 564 1020 709 1128 693 1149 large-vehicle 0.7602
318 22 329 3 457 78 445 97 large-vehicle 0.7099
356 16 368 -4 470 51 459 72 large-vehicle 0.6887
191 171 204 150 327 225 314 246 large-vehicle 0.5859
197 201 211 177 338 254 324 277 large-vehicle 0.5535
783 820 763 808 879 616 899 628 large-vehicle 0.4993
543 1023 560 995 719 1088 702 1117 large-vehicle 0.4984
648 115 630 103 691 7 709 18 large-vehicle 0.4678
482 739 489 722 603 768 596 785 large-vehicle 0.4525
672 270 649 257 763 53 786 66 large-vehicle 0.4142
487 845 508 815 659 918 639 948 large-vehicle 0.3107
486 749 498 730 648 824 636 843 large-vehicle 0.2961
302 564 316 541 421 603 407 626 large-vehicle 0.2461
644 84 625 70 672 5 691 18 large-vehicle 0.2003
758 454 740 444 784 366 801 376 large-vehicle 0.1879
168 42 179 23 301 89 291 108 large-vehicle 0.1702
933 1416 904 1394 996 1266 1026 1287 large-vehicle 0.1102
882 1311 861 1297 978 1116 999 1129 large-vehicle 0.1067
