863 36 873 19 916 46 906 63 small-vehicle 0.3216
201 360 232 318 419 458 389 499 ship 0.9935
508 541 463 510 580 347 624 379 ship 0.9801
938 820 901 792 1003 658 1040 686 ship 0.9736
1813 1327 1770 1325 1777 1182 1821 1184 ship 0.9653
710 681 677 653 758 556 792 584 ship 0.9562
603 615 572 590 684 449 715 473 ship 0.9485
1023 877 1005 862 1042 816 1061 831 ship 0.9439
1056 884 1039 872 1067 833 1083 845 ship 0.9351
1108 931 1093 920 1125 878 1140 890 ship 0.8501
558 540 541 527 581 479 597 493 ship 0.8452
706 538 689 524 723 480 740 494 ship 0.7706
1007 799 993 785 1031 746 1045 760 ship 0.7617
347 352 359 332 403 360 391 380 ship 0.7159
2016 142 2001 130 2039 81 2055 93 ship 0.7118
1168 935 1154 923 1182 888 1196 899 ship 0.6812
1219 1012 1199 999 1231 951 1251 964 ship 0.6771
607 476 589 464 625 411 643 423 ship 0.6021
387 337 395 321 431 339 422 355 ship 0.4374
1947 180 1929 159 1953 139 1970 160 ship 0.3613
1959 88 1946 77 1978 41 1990 52 ship 0.2764
1669 1292 1647 1280 1675 1226 1697 1237 ship 0.2327
911 750 893 740 915 704 933 714 ship 0.2271
1158 918 1144 907 1169 876 1183 887 ship 0.1614
2003 131 1986 119 2023 64 2040 76 ship 0.1472
1089 807 1099 792 1132 814 1123 829 ship 0.1391
1852 1224 1871 1223 1876 1307 1857 1308 ship 0.1234
1112 708 1110 671 1152 668 1154 705 ship 0.1049
1971 1309 1943 1308 1947 1165 1975 1166 harbor 0.9885
1688 1318 1600 1279 1687 1085 1775 1124 harbor 0.9876
1442 1210 1361 1156 1500 950 1581 1004 harbor 0.9753
1212 1058 1154 1001 1328 825 1386 882 harbor 0.9680
810 750 649 641 769 465 929 574 harbor 0.9673
1361 1156 1275 1095 1411 901 1498 963 harbor 0.9485
178 77 285 52 332 250 225 276 harbor 0.9386
1855 130 1939 12 2105 129 2022 247 harbor 0.9001
1772 84 1748 68 1802 -12 1826 4 harbor 0.8983
1107 986 1021 935 1146 722 1232 772 harbor 0.8651
2037 274 2003 243 2109 125 2144 156 harbor 0.8617
623 623 558 576 684 403 748 449 harbor 0.8461
1812 1159 1867 1155 1878 1323 1823 1326 harbor 0.7860
520 546 460 502 580 339 639 383 harbor 0.7703
343 314 302 279 392 171 433 206 harbor 0.7542
312 357 343 310 468 393 437 441 harbor 0.5996
189 372 226 306 444 425 408 492 harbor 0.5350
134 59 156 48 248 241 225 251 harbor 0.4351
955 832 903 789 1016 652 1068 695 harbor 0.4084
1041 913 966 859 1093 683 1168 738 harbor 0.3630
1034 758 1018 747 1054 693 1069 704 harbor 0.3204
316 259 280 226 355 143 391 176 harbor 0.2031
1066 921 1055 911 1106 852 1117 861 harbor 0.1780
957 696 940 683 978 633 995 646 harbor 0.1563
1734 37 1714 19 1740 -10 1761 7 harbor 0.1482
1816 1326 1769 1323 1776 1181 1824 1184 harbor 0.1351
605 478 585 466 625 398 645 410 harbor 0.1231
1865 105 1853 94 1934 2 1946 12 harbor 0.1169
2123 1158 2073 1156 2079 1021 2129 1023 swimming-pool 0.9365
1846 245 1804 219 1844 153 1887 180 swimming-pool 0.6815
2003 408 2086 396 2099 491 2015 502 swimming-pool 0.6040
