1954 365 1946 348 1983 332 1991 348 small-vehicle 0.6432
130 1104 109 1097 122 1059 143 1066 small-vehicle 0.5587
79 1196 67 1183 99 1154 111 1167 small-vehicle 0.5023
1982 1598 1993 1583 2027 1608 2016 1623 small-vehicle 0.4659
86 1087 66 1080 81 1040 101 1047 small-vehicle 0.4396
109 1096 89 1089 103 1051 122 1058 small-vehicle 0.4205
378 115 367 98 407 72 419 89 small-vehicle 0.3553
135 1217 127 1195 157 1185 165 1207 small-vehicle 0.3315
275 1526 259 1516 279 1484 295 1493 small-vehicle 0.3067
410 231 390 226 400 187 420 192 small-vehicle 0.2767
153 1109 132 1103 145 1062 166 1069 small-vehicle 0.2472
65 1179 53 1157 80 1143 92 1165 small-vehicle 0.1880
1614 693 1593 648 1768 568 1789 613 ship 0.9910
36 412 50 367 213 415 200 461 ship 0.9883
1107 1421 1085 1411 1127 1321 1149 1331 ship 0.9863
1710 762 1694 728 1792 681 1808 715 ship 0.9859
1545 510 1525 495 1574 429 1595 444 ship 0.9839
525 625 496 612 529 538 558 551 ship 0.9752
1435 458 1408 458 1409 385 1436 385 ship 0.9711
1076 373 1118 372 1120 509 1078 510 ship 0.9698
1247 1500 1214 1485 1260 1386 1293 1402 ship 0.9683
63 481 72 439 218 471 209 513 ship 0.9657
1270 369 1309 367 1313 490 1274 491 ship 0.9647
1686 693 1676 673 1731 644 1742 664 ship 0.9637
335 844 350 799 489 845 474 890 ship 0.9574
1044 1428 1007 1416 1042 1309 1079 1321 ship 0.9536
969 354 1023 353 1028 519 974 520 ship 0.9523
1023 354 1051 354 1053 437 1025 438 ship 0.9493
956 1387 917 1374 960 1250 998 1263 ship 0.9480
1145 1463 1105 1445 1163 1318 1203 1336 ship 0.9451
476 608 454 598 476 547 498 557 ship 0.9443
134 723 172 715 193 824 155 831 ship 0.9303
1331 1521 1303 1511 1333 1427 1361 1437 ship 0.9063
1622 1468 1637 1446 1690 1482 1675 1504 ship 0.8520
253 836 231 825 261 764 283 775 ship 0.8304
1504 425 1477 424 1479 375 1506 376 ship 0.8253
1521 1575 1498 1574 1499 1522 1522 1523 ship 0.8232
447 592 428 583 449 542 467 552 ship 0.8095
754 1295 732 1285 755 1234 777 1243 ship 0.7619
1590 430 1577 419 1607 383 1620 395 ship 0.7497
1464 1559 1441 1549 1466 1492 1489 1503 ship 0.7361
1786 801 1780 783 1824 770 1830 788 ship 0.7128
1728 789 1721 769 1771 752 1778 772 ship 0.6783
-20 709 1 679 82 738 61 768 ship 0.6534
929 1332 908 1326 923 1273 944 1279 ship 0.6478
811 1325 794 1316 820 1264 837 1273 ship 0.5963
1216 415 1236 415 1236 461 1216 462 ship 0.5727
1811 908 1808 882 1882 873 1885 899 ship 0.5241
1553 419 1528 413 1538 366 1563 372 ship 0.4986
298 873 278 861 310 809 330 821 ship 0.4895
1655 539 1646 522 1685 501 1694 518 ship 0.4636
1189 1425 1171 1417 1194 1369 1211 1377 ship 0.4552
1372 1509 1353 1502 1373 1447 1392 1454 ship 0.4306
1769 873 1763 852 1818 836 1824 857 ship 0.4017
1625 570 1619 549 1675 534 1681 555 ship 0.3656
231 476 209 465 231 419 253 430 ship 0.3354
127 382 136 358 211 386 202 410 ship 0.3289
1160 439 1138 438 1140 382 1161 383 ship 0.3188
380 564 360 556 381 507 401 515 ship 0.3171
956 477 933 475 936 427 959 429 ship 0.3056
1713 1244 1719 1226 1768 1241 1763 1259 ship 0.2927
1751 1489 1728 1485 1733 1460 1756 1464 ship 0.2901
377 519 356 508 379 467 400 478 ship 0.1965
1699 549 1690 536 1731 508 1740 520 ship 0.1346
478 545 457 535 478 489 499 498 ship 0.1323
1400 1558 1381 1551 1412 1471 1431 1479 ship 0.1274
22 675 32 663 91 715 81 726 ship 0.1243
1452 359 1472 359 1472 413 1453 413 ship 0.1217
807 154 894 153 895 340 807 341 tennis-court 0.9993
2047 35 2081 35 2081 72 2047 72 storage-tank 0.1004
587 622 629 537 734 588 691 674 harbor 0.9811
1737 1146 1753 1107 1875 1158 1858 1197 harbor 0.9617
478 1219 406 1180 466 1069 538 1108 harbor 0.9534
584 1257 532 1228 592 1119 644 1147 harbor 0.9122
1647 570 1616 508 1736 448 1767 511 harbor 0.9101
1702 1246 1716 1211 1838 1257 1824 1292 harbor 0.8992
406 574 325 537 369 439 451 476 harbor 0.8011
489 612 438 586 485 495 535 520 harbor 0.7672
1717 1212 1725 1194 1836 1242 1828 1260 harbor 0.7123
1779 942 1777 926 1891 910 1894 926 harbor 0.6812
313 861 332 802 487 852 468 911 harbor 0.6805
693 1293 763 1172 928 1268 857 1389 harbor 0.6758
1151 345 1234 344 1236 468 1153 469 harbor 0.6219
671 1300 608 1265 673 1149 736 1184 harbor 0.6002
1229 1537 1261 1396 1607 1476 1574 1616 harbor 0.5917
1599 523 1539 476 1634 354 1694 401 harbor 0.5886
1629 1445 1673 1396 1761 1475 1716 1524 harbor 0.5820
1764 884 1738 824 1861 768 1888 828 harbor 0.5795
325 543 273 522 311 427 363 448 harbor 0.5473
1662 1360 1678 1315 1787 1355 1770 1400 harbor 0.5431
1778 986 1779 966 1891 970 1891 990 harbor 0.5131
1268 350 1324 350 1326 486 1270 486 harbor 0.4589
969 349 1022 347 1029 511 976 513 harbor 0.4191
1798 1073 1800 1052 1868 1059 1866 1080 harbor 0.3875
-44 741 3 659 154 748 105 830 harbor 0.3847
287 887 247 859 302 781 342 809 harbor 0.3828
121 725 185 714 204 824 139 835 harbor 0.3577
1075 369 1117 368 1122 511 1080 512 harbor 0.3527
1627 501 1615 488 1676 429 1688 442 harbor 0.3028
1151 1469 1106 1450 1161 1320 1206 1339 harbor 0.2891
250 848 213 825 253 757 291 780 harbor 0.2678
1812 897 1806 864 1890 850 1896 882 harbor 0.2356
1045 1431 999 1412 1041 1308 1087 1327 harbor 0.2240
1681 1554 1666 1538 1706 1502 1721 1517 harbor 0.2159
524 624 486 608 521 527 559 544 harbor 0.1953
1249 1507 1201 1485 1249 1383 1296 1405 harbor 0.1924
1330 1538 1291 1524 1332 1419 1370 1434 harbor 0.1478
953 479 930 476 942 375 964 378 harbor 0.1474
1541 1483 1570 1481 1577 1595 1547 1597 harbor 0.1310
1544 420 1520 412 1538 356 1563 364 harbor 0.1181
1160 439 1138 438 1140 382 1161 383 harbor 0.1113
1909 1144 1920 1074 2027 1090 2016 1160 swimming-pool 0.7230
2037 888 2045 843 2109 855 2102 899 swimming-pool 0.2109
