524 1291 510 1288 519 1249 532 1252 large-vehicle 0.2122
477 1282 465 1281 471 1236 484 1238 large-vehicle 0.1321
363 1263 348 1260 360 1217 374 1221 large-vehicle 0.1106
630 1049 611 1047 617 997 636 999 ship 0.9805
567 1042 548 1042 548 993 567 993 ship 0.9755
658 1048 641 1048 641 1000 658 1000 ship 0.9710
289 1005 267 1005 268 949 290 950 ship 0.9632
1127 617 1131 600 1183 612 1178 629 ship 0.9622
583 1047 568 1045 574 1002 589 1004 ship 0.9596
799 996 786 986 813 952 826 962 ship 0.9593
779 982 764 971 790 935 805 946 ship 0.9582
700 1049 684 1048 685 1006 700 1006 ship 0.9572
1561 408 1579 407 1582 459 1563 460 ship 0.9561
610 1043 595 1043 595 1005 610 1005 ship 0.9542
1137 517 1156 516 1160 560 1141 562 ship 0.9535
1121 589 1127 574 1167 589 1160 605 ship 0.9522
398 1020 379 1020 381 973 400 973 ship 0.9482
978 800 976 785 1015 779 1017 794 ship 0.9457
257 1009 237 1008 240 952 260 953 ship 0.9437
937 756 935 738 974 734 976 753 ship 0.9381
252 1035 253 1017 294 1019 293 1037 ship 0.9354
820 1013 809 1005 832 974 843 983 ship 0.9303
332 1013 318 1012 321 978 334 979 ship 0.9300
1024 675 1027 657 1074 662 1072 681 ship 0.9291
1384 482 1369 472 1395 432 1410 442 ship 0.9243
1532 423 1550 422 1554 467 1536 469 ship 0.9225
430 1026 413 1025 415 979 432 979 ship 0.9219
232 1017 214 1017 215 967 233 967 ship 0.9202
314 1014 297 1014 298 975 315 975 ship 0.9193
959 774 959 756 996 755 996 774 ship 0.9184
1174 582 1157 579 1164 532 1182 535 ship 0.9173
1007 649 1010 634 1047 641 1044 656 ship 0.8976
824 878 808 870 826 835 843 844 ship 0.8955
1334 464 1342 451 1375 471 1367 485 ship 0.8898
1010 734 1023 734 1025 765 1012 766 ship 0.8897
1335 485 1343 473 1376 494 1368 506 ship 0.8846
1456 424 1473 420 1482 461 1465 465 ship 0.8838
1339 508 1348 496 1385 522 1377 534 ship 0.8836
449 1037 431 1036 435 988 452 989 ship 0.8811
718 1061 701 1059 707 1008 724 1010 ship 0.8779
1392 509 1376 501 1397 462 1412 470 ship 0.8725
1106 538 1120 529 1142 567 1128 575 ship 0.8681
1276 541 1264 533 1283 500 1296 508 ship 0.8648
503 995 523 994 526 1051 507 1052 ship 0.8535
1223 533 1229 521 1258 535 1252 547 ship 0.8379
970 699 986 694 998 733 981 738 ship 0.8364
838 1023 827 1015 849 983 861 991 ship 0.8238
1239 576 1243 562 1276 572 1272 586 ship 0.8225
346 1014 332 1013 336 978 349 980 ship 0.8084
796 922 807 911 846 952 834 963 ship 0.8049
1291 559 1277 553 1288 527 1302 533 ship 0.7770
1268 522 1255 516 1270 479 1284 485 ship 0.7517
1100 687 1087 684 1095 655 1108 659 ship 0.7044
1225 513 1231 502 1258 517 1252 528 ship 0.7027
523 1057 526 1042 558 1048 556 1063 ship 0.6616
1448 494 1454 481 1487 497 1480 510 ship 0.6606
1213 492 1219 480 1247 494 1241 506 ship 0.6495
103 1245 85 1237 105 1195 122 1204 ship 0.6136
1336 445 1344 432 1375 450 1368 463 ship 0.5458
1306 575 1295 571 1304 542 1315 545 ship 0.5097
1478 489 1477 469 1503 468 1504 488 ship 0.4734
1084 658 1060 655 1063 631 1087 634 ship 0.4220
1061 747 1047 741 1053 723 1068 729 ship 0.4204
866 976 848 972 853 953 871 957 ship 0.4199
1050 607 1072 607 1072 638 1050 639 ship 0.3894
1402 537 1386 527 1402 501 1418 511 ship 0.3649
1376 463 1362 454 1385 420 1399 429 ship 0.3636
1349 542 1352 526 1383 531 1380 547 ship 0.3550
1255 501 1241 496 1259 456 1272 462 ship 0.3387
393 1046 393 1028 425 1029 425 1046 ship 0.3359
1239 561 1245 547 1276 558 1270 573 ship 0.3176
1424 538 1425 524 1450 525 1449 539 ship 0.2535
540 1033 526 1032 529 995 543 996 ship 0.2367
1324 570 1320 556 1350 547 1354 561 ship 0.1855
526 1292 512 1290 518 1250 533 1252 ship 0.1678
889 971 879 964 896 942 905 948 ship 0.1627
1507 517 1486 515 1490 488 1510 491 ship 0.1341
873 827 872 811 902 810 903 826 ship 0.1221
875 922 877 905 907 908 906 924 ship 0.1071
902 790 918 789 920 820 905 821 ship 0.1010
89 1244 114 1184 206 1224 181 1284 harbor 0.9958
864 844 880 784 982 812 966 872 harbor 0.9352
814 888 836 839 935 882 913 931 harbor 0.9191
223 1040 233 955 453 981 443 1066 harbor 0.8279
505 1089 512 987 712 1000 706 1102 harbor 0.8124
767 968 801 926 871 983 837 1025 harbor 0.7414
1023 796 934 782 948 692 1037 706 harbor 0.6590
1284 590 1230 580 1251 465 1305 474 harbor 0.6259
1332 546 1334 428 1547 431 1545 549 harbor 0.5936
1008 663 1022 614 1118 642 1104 691 harbor 0.5351
1569 525 1526 523 1531 407 1573 409 harbor 0.3832
1179 624 1118 614 1130 539 1191 549 harbor 0.1461
368 1106 349 1104 359 1028 378 1031 harbor 0.1060
