50 941 61 927 89 949 78 963 small-vehicle 0.9871
30 954 40 938 72 959 62 975 small-vehicle 0.9829
618 247 618 222 644 222 645 247 small-vehicle 0.9663
151 1100 161 1082 197 1103 187 1121 small-vehicle 0.9625
2 983 13 969 46 996 35 1009 small-vehicle 0.9620
625 213 637 196 672 222 659 239 small-vehicle 0.9528
663 401 674 385 708 409 697 425 small-vehicle 0.9510
720 322 731 306 766 329 755 345 small-vehicle 0.9500
137 1118 147 1100 184 1121 174 1138 small-vehicle 0.9342
689 371 699 355 733 375 723 391 small-vehicle 0.9156
709 342 719 325 753 344 742 361 small-vehicle 0.9073
15 972 26 954 61 975 50 993 small-vehicle 0.9070
177 1061 189 1045 221 1071 209 1086 small-vehicle 0.8865
576 503 586 485 621 505 611 523 small-vehicle 0.8860
641 416 651 399 685 420 675 437 small-vehicle 0.8766
432 460 441 442 475 459 467 477 small-vehicle 0.8538
468 595 451 586 471 550 488 559 small-vehicle 0.8080
55 924 66 905 107 930 97 948 small-vehicle 0.7516
12 1118 0 1107 27 1074 40 1086 small-vehicle 0.7371
587 483 597 466 633 486 623 503 small-vehicle 0.7320
463 402 475 382 521 408 509 429 small-vehicle 0.7153
861 147 863 127 911 133 908 153 small-vehicle 0.7018
50 1107 32 1094 67 1048 84 1061 small-vehicle 0.5253
877 122 877 105 912 106 911 123 small-vehicle 0.4907
191 731 204 713 249 747 235 765 small-vehicle 0.4428
183 1047 193 1030 229 1053 219 1069 small-vehicle 0.2661
634 195 645 181 677 207 666 221 small-vehicle 0.2493
588 248 602 224 632 242 618 266 small-vehicle 0.2269
508 328 522 308 560 334 546 354 small-vehicle 0.2243
229 685 242 666 290 697 277 716 small-vehicle 0.1831
126 1137 130 1122 164 1132 159 1147 small-vehicle 0.1682
249 659 263 640 316 679 302 698 small-vehicle 0.1419
212 707 227 686 276 723 261 744 small-vehicle 0.1388
152 781 165 759 214 789 201 811 small-vehicle 0.1199
671 139 686 117 753 164 738 186 large-vehicle 0.9936
693 107 709 89 768 141 752 159 large-vehicle 0.9887
270 639 283 622 347 673 333 689 large-vehicle 0.9820
384 789 361 773 437 660 460 675 large-vehicle 0.9598
212 709 226 689 277 726 262 746 large-vehicle 0.9562
440 426 456 405 524 454 509 475 large-vehicle 0.9506
250 659 265 639 316 680 301 699 large-vehicle 0.9275
228 683 241 664 289 698 275 717 large-vehicle 0.9160
186 732 202 710 269 758 253 780 large-vehicle 0.8662
151 780 165 759 214 793 200 813 large-vehicle 0.8560
40 1119 23 1106 68 1049 85 1062 large-vehicle 0.8540
508 328 522 308 560 334 546 354 large-vehicle 0.4216
363 566 338 551 403 441 428 457 large-vehicle 0.1849
461 401 475 380 521 411 508 431 large-vehicle 0.1775
797 934 709 906 766 726 854 754 tennis-court 0.5058
