245 308 254 306 260 333 252 335 bridge 0.2609
618 126 633 123 641 158 626 161 small-vehicle 0.9907
541 81 556 77 565 112 550 116 small-vehicle 0.9880
455 139 469 136 476 172 461 174 small-vehicle 0.9861
513 131 529 129 536 163 520 166 small-vehicle 0.9856
219 16 236 12 243 46 227 50 small-vehicle 0.9825
568 82 583 81 587 116 571 117 small-vehicle 0.9782
551 122 565 119 572 151 558 154 small-vehicle 0.9753
200 19 216 18 219 52 203 53 small-vehicle 0.9719
466 95 481 92 488 127 473 129 small-vehicle 0.9703
120 686 135 683 144 717 129 721 small-vehicle 0.9584
100 37 114 34 122 70 108 73 small-vehicle 0.9577
533 128 547 126 551 159 537 161 small-vehicle 0.9478
375 232 372 216 406 210 409 225 small-vehicle 0.9453
474 135 488 132 495 167 480 169 small-vehicle 0.9296
356 134 351 118 382 108 388 123 small-vehicle 0.9213
381 253 377 238 411 230 414 245 small-vehicle 0.9213
122 34 137 32 141 66 126 68 small-vehicle 0.9178
160 26 177 23 185 61 168 64 small-vehicle 0.8909
142 27 158 25 162 62 146 64 small-vehicle 0.8438
43 26 40 9 82 3 84 19 small-vehicle 0.8272
50 49 45 31 81 21 86 40 small-vehicle 0.8217
376 206 372 191 405 182 409 197 small-vehicle 0.7471
257 3 272 1 278 35 264 38 small-vehicle 0.7022
365 176 360 162 399 149 404 163 small-vehicle 0.5231
297 -8 314 -11 319 26 302 29 small-vehicle 0.4806
381 -8 401 -13 412 33 393 38 small-vehicle 0.4397
403 -11 421 -16 432 26 415 30 large-vehicle 0.3097
381 -8 401 -13 412 33 393 38 large-vehicle 0.1666
43 26 40 10 82 2 85 19 large-vehicle 0.1593
161 25 178 22 184 60 168 63 large-vehicle 0.1495
365 176 360 162 399 148 404 162 large-vehicle 0.1482
224 112 307 96 340 268 258 284 tennis-court 0.9999
157 396 240 380 271 552 188 568 tennis-court 0.9999
107 135 188 119 221 287 140 303 tennis-court 0.9999
273 375 356 360 388 533 305 548 tennis-court 0.9999
413 355 494 339 527 511 446 526 tennis-court 0.9998
545 330 626 317 653 487 572 500 tennis-court 0.9998
