874 1267 832 1142 967 1097 1009 1222 plane 0.9991
371 1827 355 1655 538 1638 554 1811 plane 0.9988
785 1153 631 1149 635 993 789 997 plane 0.9979
3037 1284 3028 1133 3182 1125 3191 1275 plane 0.9977
1422 1546 1409 1392 1590 1378 1602 1531 plane 0.9975
146 1208 223 1096 374 1201 297 1312 plane 0.9973
935 1104 816 1037 903 885 1021 952 plane 0.9970
2011 1691 1995 1532 2194 1512 2210 1671 plane 0.9970
1372 1145 1453 1029 1599 1131 1519 1247 plane 0.9965
244 1582 177 1472 307 1392 375 1502 plane 0.9958
1384 1385 1373 1238 1582 1223 1592 1370 plane 0.9958
2185 535 2152 405 2289 371 2322 501 plane 0.9958
2576 1370 2542 1231 2688 1194 2723 1333 plane 0.9954
172 1015 316 945 389 1095 244 1165 plane 0.9950
2436 219 2578 197 2601 357 2460 378 plane 0.9947
844 1360 908 1231 1062 1306 998 1436 plane 0.9936
2960 1131 2947 992 3098 978 3111 1117 plane 0.9934
195 653 67 603 119 471 247 522 plane 0.9911
801 1517 871 1401 1029 1494 959 1611 plane 0.9906
2361 1708 2416 1586 2546 1645 2491 1767 plane 0.9891
3148 1455 3264 1427 3293 1547 3177 1575 plane 0.9822
3016 989 2955 860 3095 794 3156 923 plane 0.9778
2481 1020 2552 892 2695 972 2625 1100 plane 0.9646
2510 1598 2516 1479 2658 1486 2652 1606 plane 0.9563
212 1403 204 1291 328 1282 336 1395 plane 0.9260
3253 281 3230 186 3326 163 3349 258 plane 0.8052
1377 1239 1371 1196 1430 1188 1435 1232 plane 0.6654
2555 1907 2554 1869 2624 1869 2624 1907 plane 0.3296
310 1232 336 1189 401 1228 374 1272 plane 0.2443
2633 1027 2652 982 2708 1006 2689 1051 plane 0.1923
313 1007 308 953 365 948 370 1002 plane 0.1438
361 1449 341 1397 404 1374 424 1426 plane 0.1425
318 1110 340 1076 404 1117 382 1151 plane 0.1351
1434 1573 1434 1531 1490 1531 1490 1572 plane 0.1170
2040 1172 2041 1135 2103 1137 2102 1174 plane 0.1169
464 1897 462 1868 568 1863 569 1893 large-vehicle 0.2590
660 1342 579 1340 582 1255 663 1258 storage-tank 0.1033
2754 1746 2753 1714 2813 1712 2815 1744 swimming-pool 0.1102
