629 1995 630 1765 864 1765 864 1996 plane 0.9998
198 570 438 554 455 816 215 831 plane 0.9997
550 881 792 872 805 1184 562 1194 plane 0.9997
1028 3093 1338 3067 1366 3409 1056 3434 plane 0.9994
1533 2810 1530 2566 1837 2562 1840 2807 plane 0.9994
1390 1007 1381 762 1693 751 1702 995 plane 0.9992
1576 3080 1562 2835 1811 2821 1825 3066 plane 0.9992
1408 279 1663 203 1740 462 1485 538 plane 0.9991
1085 3067 1072 2821 1350 2807 1363 3053 plane 0.9990
1525 2548 1513 2323 1773 2310 1784 2535 plane 0.9990
877 1052 893 806 1183 825 1167 1071 plane 0.9989
1408 1274 1391 1023 1707 1003 1723 1253 plane 0.9989
959 2168 1252 2144 1279 2464 985 2488 plane 0.9987
305 2765 306 2455 629 2456 628 2766 plane 0.9987
2080 493 1976 433 2045 313 2149 373 plane 0.9977
1547 3293 1592 3067 1832 3115 1787 3341 plane 0.9960
2028 506 2102 498 2113 588 2038 596 plane 0.8955
2008 650 2091 618 2126 709 2043 741 plane 0.8360
2052 204 2105 199 2110 260 2058 264 plane 0.3381
2101 653 2071 643 2086 598 2116 609 plane 0.2167
2108 618 2094 617 2098 541 2112 541 plane 0.1682
1508 2624 1511 2577 1561 2580 1558 2627 plane 0.1003
-110 910 388 900 405 1724 -92 1735 soccer-ball-field 0.2444
2052 204 2105 199 2110 260 2058 264 helicopter 0.2254
