515 401 207 349 262 22 571 75 baseball-diamond 0.9935
1008 997 704 985 717 670 1020 682 baseball-diamond 0.9932
330 1261 106 1222 149 975 373 1014 baseball-diamond 0.9894
920 1328 936 1328 937 1367 921 1367 small-vehicle 0.7325
66 209 48 208 50 166 68 167 small-vehicle 0.7324
66 264 47 264 48 219 67 220 small-vehicle 0.7027
45 830 26 830 27 791 45 792 small-vehicle 0.6292
62 370 44 370 44 330 62 330 small-vehicle 0.6044
68 166 48 165 50 125 70 126 small-vehicle 0.5702
942 1331 958 1331 958 1367 942 1368 small-vehicle 0.5257
59 480 42 479 43 446 60 447 small-vehicle 0.5155
68 316 45 315 48 278 70 280 small-vehicle 0.5070
49 747 30 746 32 702 51 703 small-vehicle 0.5042
915 1365 899 1364 900 1337 916 1338 small-vehicle 0.4978
61 405 44 405 45 367 62 368 small-vehicle 0.4949
14 351 -1 351 0 314 15 314 small-vehicle 0.4837
60 443 44 443 45 410 61 410 small-vehicle 0.4719
36 914 18 913 20 879 39 880 small-vehicle 0.4710
1006 1419 1021 1418 1022 1451 1008 1452 small-vehicle 0.4251
1033 1336 1050 1336 1050 1373 1033 1373 small-vehicle 0.4250
1026 1370 1008 1369 1011 1331 1029 1332 small-vehicle 0.4164
40 869 22 869 23 835 40 836 small-vehicle 0.3789
35 996 16 995 18 955 36 956 small-vehicle 0.3415
961 1501 944 1501 946 1465 963 1466 small-vehicle 0.3362
46 693 28 692 32 655 49 656 small-vehicle 0.2929
71 116 51 115 53 81 72 82 small-vehicle 0.2834
37 957 20 957 20 920 38 920 small-vehicle 0.2657
940 1451 926 1450 928 1413 943 1414 small-vehicle 0.2629
976 1367 961 1366 963 1332 978 1333 small-vehicle 0.2424
52 653 32 653 32 613 52 613 small-vehicle 0.2404
71 67 53 67 55 31 73 31 small-vehicle 0.2286
52 604 34 603 35 572 53 573 small-vehicle 0.2179
31 1078 13 1077 15 1036 33 1037 small-vehicle 0.2066
951 1424 967 1424 968 1458 951 1459 small-vehicle 0.1781
51 575 35 573 38 535 53 536 small-vehicle 0.1776
998 1456 983 1455 985 1421 1000 1422 small-vehicle 0.1538
993 1334 1007 1333 1008 1368 993 1368 small-vehicle 0.1529
55 525 37 524 38 494 56 495 small-vehicle 0.1097
1040 1456 1024 1456 1025 1422 1041 1422 small-vehicle 0.1048
783 1511 702 1507 712 1343 792 1347 tennis-court 0.9998
274 1530 194 1528 198 1359 278 1361 tennis-court 0.9997
655 1509 576 1505 584 1342 663 1346 tennis-court 0.9997
531 1539 448 1537 453 1368 536 1370 tennis-court 0.9996
398 1533 317 1529 327 1364 408 1369 tennis-court 0.9996
791 1248 715 1246 719 1080 795 1083 tennis-court 0.9996
666 1245 586 1243 591 1074 671 1077 tennis-court 0.9996
141 1526 59 1523 66 1352 148 1355 tennis-court 0.9993
1046 1262 965 1259 972 1092 1052 1095 tennis-court 0.9991
922 1259 844 1259 844 1089 923 1089 tennis-court 0.9986
143 755 137 418 631 408 637 745 soccer-ball-field 0.1475
