157 386 252 386 252 494 157 495 plane 0.9997
1480 1184 1480 1032 1666 1031 1667 1184 plane 0.9994
529 264 364 261 368 83 532 86 plane 0.9993
1145 973 1127 782 1365 759 1383 950 plane 0.9992
1830 937 2044 806 2183 1033 1969 1164 plane 0.9991
1143 274 1126 109 1303 91 1320 256 plane 0.9990
179 715 156 473 419 447 443 690 plane 0.9990
1425 860 1591 860 1592 1037 1426 1037 plane 0.9990
900 142 1016 141 1017 271 901 272 plane 0.9985
1605 933 1601 767 1781 763 1785 929 plane 0.9985
1905 1164 1750 1161 1753 1006 1907 1009 plane 0.9984
1146 757 1138 627 1296 618 1304 747 plane 0.9983
438 355 434 216 586 211 590 351 plane 0.9983
2125 909 2160 762 2320 801 2284 948 plane 0.9981
679 1179 656 977 872 952 895 1155 plane 0.9977
937 299 721 287 734 30 950 42 plane 0.9976
1948 842 1969 591 2249 615 2228 866 plane 0.9953
745 812 861 809 864 956 749 959 plane 0.9949
965 7 1170 -7 1190 253 985 268 plane 0.9776
151 815 153 687 301 690 299 818 plane 0.8562
186 416 222 243 485 299 449 472 plane 0.4155
2132 698 2129 637 2248 630 2252 691 plane 0.2088
1414 1353 1415 1332 1459 1334 1458 1355 small-vehicle 0.1158
2249 383 2249 364 2318 363 2318 382 large-vehicle 0.5158
2307 1111 2299 1097 2337 1075 2345 1089 large-vehicle 0.1739
883 1324 884 1262 1039 1263 1039 1325 ship 0.6708
1714 1348 1719 1335 1764 1353 1758 1367 ship 0.5324
1481 1236 1487 1214 1553 1231 1547 1253 ship 0.5002
1609 159 1582 154 1591 104 1618 109 ship 0.3675
1566 1313 1546 1308 1558 1263 1578 1268 ship 0.2476
1863 204 1861 179 1902 174 1905 200 ship 0.2415
1920 134 1948 134 1949 197 1922 198 ship 0.2241
1763 1326 1781 1315 1805 1355 1787 1365 ship 0.1890
1499 1275 1504 1246 1541 1252 1536 1281 ship 0.1053
1788 1309 1805 1298 1833 1342 1816 1353 ship 0.1007
