62 853 43 849 52 811 70 815 small-vehicle 0.9968
38 852 21 847 31 810 48 815 small-vehicle 0.9959
50 895 32 891 41 853 59 857 small-vehicle 0.9947
44 559 27 557 32 518 49 520 small-vehicle 0.9943
367 918 349 912 361 876 379 882 small-vehicle 0.9939
33 521 17 517 26 482 42 486 small-vehicle 0.9930
20 562 4 559 11 524 27 527 small-vehicle 0.9927
17 852 0 848 7 812 25 816 small-vehicle 0.9922
66 558 48 556 53 517 71 519 small-vehicle 0.9903
302 929 284 923 295 885 313 891 small-vehicle 0.9897
74 894 56 890 65 853 83 858 small-vehicle 0.9895
279 923 261 917 273 881 291 887 small-vehicle 0.9864
22 904 5 899 17 859 34 865 small-vehicle 0.9860
231 926 215 921 227 888 242 894 small-vehicle 0.9855
209 925 194 918 209 886 223 892 small-vehicle 0.9848
15 523 -1 519 6 484 23 487 small-vehicle 0.9837
250 877 231 872 242 828 261 832 small-vehicle 0.9834
251 104 244 88 283 72 289 89 small-vehicle 0.9749
26 395 46 392 51 432 31 434 small-vehicle 0.9747
80 369 97 365 105 402 88 406 small-vehicle 0.9727
53 259 37 256 42 220 59 223 small-vehicle 0.9715
205 886 188 881 198 847 215 852 small-vehicle 0.9651
11 1085 28 1084 31 1119 15 1120 small-vehicle 0.9431
4 955 20 948 35 986 19 992 small-vehicle 0.9430
428 87 426 70 464 67 465 84 small-vehicle 0.9395
47 953 64 946 75 973 58 981 small-vehicle 0.9059
6 1003 23 995 38 1027 21 1035 small-vehicle 0.7595
409 735 426 735 428 773 410 773 small-vehicle 0.7090
29 615 47 615 48 650 30 651 small-vehicle 0.6272
22 726 40 726 41 762 24 763 small-vehicle 0.6097
270 765 287 764 289 794 271 795 small-vehicle 0.4702
14 658 -5 658 -4 622 15 622 small-vehicle 0.4574
299 61 290 43 338 21 346 39 small-vehicle 0.3941
50 616 68 613 73 642 55 645 small-vehicle 0.2473
443 329 527 319 549 498 465 509 tennis-court 0.9999
213 401 299 395 310 577 224 582 tennis-court 0.9999
731 426 817 418 835 600 749 609 tennis-court 0.9999
616 753 705 743 726 921 638 931 tennis-court 0.9999
588 372 675 365 690 546 603 554 tennis-court 0.9999
764 796 852 788 868 973 781 981 tennis-court 0.9999
909 782 998 779 1004 959 915 962 tennis-court 0.9999
483 761 571 755 583 937 495 942 tennis-court 0.9999
37 47 28 -9 135 -26 144 30 swimming-pool 0.2515
