880 2253 879 2233 929 2233 930 2253 large-vehicle 0.1322
60 1845 45 1838 62 1799 78 1806 large-vehicle 0.1019
620 1389 630 1376 667 1405 657 1418 ship 0.9744
283 1365 299 1330 426 1387 410 1422 ship 0.9744
1072 1462 1080 1452 1117 1479 1109 1489 ship 0.9693
364 1994 374 1982 411 2012 401 2024 ship 0.9690
704 1372 714 1359 750 1386 740 1399 ship 0.9674
770 1231 781 1217 820 1248 810 1262 ship 0.9650
822 1432 832 1418 871 1443 861 1458 ship 0.9642
321 2081 332 2064 371 2090 360 2106 ship 0.9613
1031 1407 1040 1393 1083 1420 1073 1435 ship 0.9591
746 1127 758 1107 811 1137 799 1157 ship 0.9583
372 1972 382 1959 421 1989 412 2001 ship 0.9540
994 763 992 744 1052 739 1053 759 ship 0.9534
855 1080 866 1067 906 1100 895 1114 ship 0.9532
1004 791 1005 772 1060 775 1059 794 ship 0.9510
258 2067 268 2051 310 2078 300 2094 ship 0.9508
579 1461 589 1445 635 1475 625 1490 ship 0.9496
488 1651 497 1640 531 1668 522 1679 ship 0.9480
1000 1486 1008 1471 1051 1492 1044 1508 ship 0.9479
604 1430 613 1418 652 1446 643 1459 ship 0.9469
653 602 662 585 718 614 709 631 ship 0.9463
1045 1377 1054 1360 1098 1383 1089 1400 ship 0.9459
717 1344 727 1328 767 1353 756 1370 ship 0.9455
755 1267 766 1252 804 1279 794 1294 ship 0.9442
676 1424 686 1412 724 1442 714 1455 ship 0.9428
397 1809 407 1794 448 1822 438 1837 ship 0.9427
1005 833 1005 813 1063 814 1062 834 ship 0.9402
641 1352 648 1341 689 1367 681 1379 ship 0.9366
690 1404 701 1390 738 1419 727 1433 ship 0.9355
1101 1397 1109 1380 1149 1399 1142 1415 ship 0.9345
909 1389 918 1373 959 1396 950 1413 ship 0.9331
847 982 856 967 895 990 886 1005 ship 0.9328
1066 1478 1074 1466 1109 1490 1102 1502 ship 0.9314
776 1091 787 1076 825 1106 814 1121 ship 0.9286
280 2025 289 2012 324 2036 315 2049 ship 0.9280
808 1056 818 1039 858 1061 849 1078 ship 0.9277
814 1450 823 1435 861 1459 852 1473 ship 0.9265
385 1824 396 1809 436 1840 425 1855 ship 0.9252
1011 887 1010 864 1071 861 1072 885 ship 0.9249
930 1349 940 1335 977 1365 966 1378 ship 0.9247
612 1419 622 1405 661 1434 651 1447 ship 0.9230
530 1684 540 1673 573 1704 563 1714 ship 0.9225
1026 1423 1035 1408 1075 1432 1066 1447 ship 0.9223
834 1414 842 1397 881 1416 872 1433 ship 0.9219
1000 861 1000 839 1066 838 1066 861 ship 0.9211
289 2138 299 2123 341 2150 332 2165 ship 0.9209
660 1321 668 1309 711 1334 703 1347 ship 0.9202
597 1443 605 1432 645 1460 638 1471 ship 0.9200
1008 907 1009 886 1079 887 1078 909 ship 0.9199
1066 1331 1073 1315 1120 1338 1112 1354 ship 0.9185
799 1186 809 1170 850 1195 840 1211 ship 0.9184
566 1624 576 1610 615 1639 605 1652 ship 0.9183
290 2004 299 1993 334 2020 324 2032 ship 0.9179
1111 1628 1132 1626 1136 1674 1115 1676 ship 0.9173
633 1494 642 1481 680 1507 672 1520 ship 0.9170
630 1376 639 1363 678 1388 669 1401 ship 0.9166
967 591 969 571 1028 579 1025 600 ship 0.9155
134 1920 144 1903 192 1932 182 1949 ship 0.9146
303 2113 312 2099 349 2123 339 2137 ship 0.9144
828 1015 839 1000 876 1024 866 1040 ship 0.9144
105 1867 114 1849 157 1872 148 1889 ship 0.9142
982 1251 993 1234 1033 1260 1023 1277 ship 0.9133
1043 545 1047 522 1091 528 1087 551 ship 0.9125
1013 1204 1024 1191 1059 1219 1048 1233 ship 0.9116
1112 1176 1106 1152 1153 1142 1158 1166 ship 0.9104
1099 1406 1106 1396 1141 1420 1134 1430 ship 0.9103
947 1322 955 1305 995 1323 987 1341 ship 0.9087
462 1687 472 1675 508 1703 499 1715 ship 0.9087
421 1893 430 1883 461 1912 452 1922 ship 0.9086
393 1938 404 1926 438 1955 427 1967 ship 0.9076
479 1783 489 1769 526 1796 516 1810 ship 0.9073
1019 934 1018 911 1081 908 1082 931 ship 0.9071
903 1284 913 1270 951 1296 941 1310 ship 0.9066
961 1186 970 1170 1009 1191 1001 1207 ship 0.9059
1097 1085 1095 1065 1139 1061 1141 1080 ship 0.9043
459 1819 468 1808 500 1836 491 1846 ship 0.9031
315 1975 325 1960 357 1981 347 1997 ship 0.9030
548 1653 557 1641 594 1667 585 1680 ship 0.9027
1117 1353 1125 1342 1163 1367 1155 1379 ship 0.9022
808 1467 818 1454 851 1479 841 1493 ship 0.8994
962 485 964 460 1037 465 1035 491 ship 0.8977
741 1298 750 1284 786 1308 777 1322 ship 0.8975
1033 1154 1043 1139 1083 1166 1073 1182 ship 0.8964
737 621 718 612 742 557 761 566 ship 0.8962
412 1906 422 1894 455 1923 445 1934 ship 0.8928
823 1144 833 1127 877 1155 866 1171 ship 0.8922
1026 996 1025 973 1083 969 1084 992 ship 0.8921
858 961 868 945 911 973 900 989 ship 0.8917
988 745 985 724 1053 714 1056 735 ship 0.8914
835 1116 845 1100 884 1125 875 1140 ship 0.8902
479 1662 488 1652 522 1681 513 1692 ship 0.8889
1077 1302 1086 1288 1127 1315 1118 1329 ship 0.8880
967 1170 975 1158 1015 1182 1007 1195 ship 0.8867
670 1307 680 1291 719 1314 709 1331 ship 0.8860
648 1340 657 1328 696 1355 688 1368 ship 0.8831
472 1795 483 1783 517 1812 506 1824 ship 0.8826
336 2185 345 2168 395 2195 386 2212 ship 0.8816
368 1861 376 1847 418 1871 410 1885 ship 0.8759
292 1484 305 1459 377 1497 364 1522 ship 0.8745
920 1254 929 1235 974 1256 965 1275 ship 0.8682
895 1427 906 1414 938 1439 928 1452 ship 0.8680
111 1969 119 1956 157 1978 149 1991 ship 0.8676
653 1460 663 1447 696 1471 687 1484 ship 0.8647
377 1959 388 1945 428 1974 417 1989 ship 0.8631
1061 1342 1069 1329 1111 1354 1103 1367 ship 0.8624
936 1220 945 1206 986 1231 977 1246 ship 0.8605
624 1521 633 1506 669 1526 660 1541 ship 0.8595
856 1373 865 1353 907 1372 898 1391 ship 0.8587
905 1406 916 1392 952 1420 942 1434 ship 0.8575
956 634 958 613 1028 622 1025 643 ship 0.8569
1081 1443 1087 1433 1125 1457 1119 1467 ship 0.8543
879 1329 888 1312 929 1334 919 1351 ship 0.8534
766 1104 776 1089 817 1119 807 1133 ship 0.8532
1034 1077 1033 1055 1084 1054 1085 1076 ship 0.8504
981 718 979 696 1050 689 1052 711 ship 0.8379
1054 693 1052 667 1097 663 1100 689 ship 0.8365
1105 1097 1105 1082 1151 1080 1152 1095 ship 0.8354
503 1617 511 1603 550 1626 541 1640 ship 0.8332
1146 1621 1174 1620 1176 1673 1148 1674 ship 0.8323
1278 1931 1303 1931 1304 2005 1279 2005 ship 0.8315
1055 1508 1063 1493 1103 1514 1095 1529 ship 0.8303
786 1214 795 1204 828 1235 819 1245 ship 0.8294
1131 1679 1153 1679 1153 1732 1131 1732 ship 0.8274
996 1516 1004 1499 1042 1517 1034 1534 ship 0.8262
330 2225 340 2203 384 2222 375 2244 ship 0.8229
282 1519 293 1495 351 1522 340 1546 ship 0.8223
744 1152 754 1136 799 1164 790 1180 ship 0.8218
345 2029 355 2016 393 2045 383 2058 ship 0.8134
435 1858 445 1844 480 1868 470 1882 ship 0.8122
1037 598 1039 576 1089 581 1087 603 ship 0.8088
300 1449 310 1425 390 1459 380 1483 ship 0.8065
699 1651 713 1633 764 1670 750 1689 ship 0.8049
412 1789 422 1774 461 1800 451 1815 ship 0.8000
973 1273 983 1258 1019 1282 1009 1297 ship 0.7978
447 1831 456 1817 492 1840 483 1854 ship 0.7897
1039 1397 1046 1384 1088 1408 1081 1421 ship 0.7847
1073 1317 1080 1304 1126 1329 1118 1342 ship 0.7842
1037 655 1035 627 1080 624 1082 652 ship 0.7811
1127 1729 1106 1729 1108 1679 1128 1679 ship 0.7777
814 1161 823 1147 862 1169 853 1184 ship 0.7756
679 1681 690 1668 722 1695 712 1708 ship 0.7754
1110 1141 1109 1124 1153 1123 1153 1140 ship 0.7750
1086 1430 1093 1419 1130 1441 1124 1452 ship 0.7692
976 1149 985 1137 1025 1165 1016 1178 ship 0.7573
769 1509 777 1494 813 1514 804 1529 ship 0.7568
273 2157 282 2143 324 2168 315 2183 ship 0.7518
643 1480 651 1470 684 1498 676 1507 ship 0.7516
888 1050 901 1028 923 1041 911 1063 ship 0.7467
520 1714 529 1702 561 1726 553 1738 ship 0.7461
1056 1363 1062 1349 1105 1368 1099 1382 ship 0.7440
63 2024 74 2001 127 2026 116 2049 ship 0.7440
1095 1266 1104 1251 1146 1276 1137 1291 ship 0.7425
1112 1364 1119 1354 1159 1380 1152 1390 ship 0.7416
1086 1294 1094 1280 1135 1302 1127 1316 ship 0.7334
797 1067 806 1054 845 1082 836 1095 ship 0.7327
330 1948 339 1934 373 1958 364 1971 ship 0.7318
1011 1462 1018 1444 1062 1463 1055 1480 ship 0.7240
666 1438 675 1428 709 1460 701 1469 ship 0.7226
1050 412 1051 383 1105 387 1103 416 ship 0.7204
595 1826 605 1811 641 1835 631 1850 ship 0.7183
299 2245 307 2221 353 2237 344 2262 ship 0.7167
496 1283 476 1271 513 1208 533 1220 ship 0.7138
1079 1627 1098 1626 1100 1671 1081 1672 ship 0.7126
1162 2108 1186 2107 1187 2152 1163 2153 ship 0.7123
893 1301 902 1285 944 1309 935 1325 ship 0.7100
429 1879 438 1871 466 1902 458 1910 ship 0.7093
499 1629 506 1616 544 1637 536 1650 ship 0.6960
1019 1448 1027 1432 1067 1451 1060 1466 ship 0.6907
516 1592 524 1581 567 1611 559 1622 ship 0.6885
125 1937 132 1925 177 1952 170 1964 ship 0.6853
1168 2017 1142 2016 1142 1975 1168 1975 ship 0.6827
1095 1015 1092 996 1134 989 1137 1008 ship 0.6820
1039 1096 1038 1079 1086 1076 1087 1094 ship 0.6731
968 457 971 432 1039 439 1037 464 ship 0.6717
663 1707 672 1696 705 1726 696 1736 ship 0.6518
492 1640 500 1631 536 1657 529 1667 ship 0.6491
439 1730 449 1715 489 1742 479 1756 ship 0.6444
115 1957 122 1943 164 1963 157 1977 ship 0.6430
786 1079 795 1066 832 1092 823 1106 ship 0.6429
1005 807 1006 791 1059 794 1058 810 ship 0.6394
1225 1721 1201 1721 1201 1668 1226 1669 ship 0.6231
1057 339 1061 312 1107 320 1103 346 ship 0.6222
1200 1931 1234 1930 1236 1977 1202 1978 ship 0.6071
1243 1929 1270 1928 1272 2004 1246 2005 ship 0.6063
559 1641 566 1630 607 1658 600 1669 ship 0.5963
1054 496 1053 467 1096 465 1097 494 ship 0.5873
694 1252 703 1236 742 1259 734 1275 ship 0.5837
492 1757 502 1741 538 1763 527 1780 ship 0.5784
289 2202 296 2184 340 2202 333 2220 ship 0.5715
734 1313 742 1299 780 1321 772 1334 ship 0.5461
1027 1182 1036 1172 1068 1200 1059 1210 ship 0.5436
57 1991 66 1975 99 1993 90 2009 ship 0.5393
530 1582 536 1570 575 1590 568 1603 ship 0.5390
1109 1120 1109 1102 1151 1101 1152 1118 ship 0.5310
1051 443 1052 420 1099 421 1098 444 ship 0.5294
1199 1616 1226 1615 1228 1673 1202 1674 ship 0.5239
792 1205 801 1194 840 1223 831 1234 ship 0.5208
1087 1680 1106 1678 1111 1725 1091 1727 ship 0.5136
950 1204 958 1192 995 1217 988 1229 ship 0.4927
438 2193 415 2176 433 2151 456 2168 ship 0.4911
334 1927 344 1912 384 1937 375 1952 ship 0.4866
572 1478 580 1465 625 1494 617 1507 ship 0.4854
378 1840 387 1829 425 1860 416 1871 ship 0.4809
405 1309 359 1279 429 1169 475 1199 ship 0.4632
1122 1332 1132 1313 1170 1332 1161 1351 ship 0.4561
670 1695 678 1686 709 1716 701 1725 ship 0.4413
1027 1042 1028 1022 1087 1023 1087 1043 ship 0.4295
1135 1300 1143 1278 1183 1293 1174 1315 ship 0.4235
342 1913 351 1894 397 1915 388 1935 ship 0.4226
726 1327 734 1316 769 1341 761 1352 ship 0.4219
877 937 885 925 925 949 917 961 ship 0.4098
709 1237 718 1220 757 1241 748 1258 ship 0.3995
1025 955 1025 937 1081 936 1082 954 ship 0.3798
1093 1277 1099 1267 1141 1290 1135 1301 ship 0.3774
357 1885 366 1870 412 1897 403 1912 ship 0.3656
1190 2015 1165 2015 1165 1971 1190 1971 ship 0.3623
884 931 892 913 936 931 929 949 ship 0.3591
824 1030 834 1016 872 1042 862 1056 ship 0.3458
403 1923 412 1911 447 1937 438 1950 ship 0.3437
846 1397 854 1382 891 1402 883 1417 ship 0.3354
844 1003 855 985 894 1007 884 1026 ship 0.2965
806 1170 814 1158 855 1182 848 1195 ship 0.2941
888 1312 895 1299 937 1323 929 1336 ship 0.2897
654 1722 665 1708 697 1734 686 1748 ship 0.2860
114 1953 97 1941 121 1907 138 1919 ship 0.2799
621 768 601 756 645 682 665 694 ship 0.2509
1057 314 1059 292 1109 297 1107 319 ship 0.2509
876 1340 884 1328 920 1351 913 1363 ship 0.2403
930 1237 937 1222 979 1244 972 1258 ship 0.2360
914 1269 923 1254 964 1278 955 1293 ship 0.2321
970 1294 979 1279 1013 1299 1005 1314 ship 0.2127
505 1601 512 1590 558 1620 552 1630 ship 0.1971
527 1700 534 1688 570 1712 562 1724 ship 0.1907
760 135 789 135 790 193 761 194 ship 0.1795
214 1635 197 1625 222 1580 239 1590 ship 0.1737
984 1144 993 1123 1032 1141 1023 1161 ship 0.1690
755 473 732 472 736 411 760 412 ship 0.1606
887 1487 863 1475 879 1445 903 1458 ship 0.1559
720 596 693 587 707 547 734 556 ship 0.1395
1099 2028 1098 1924 1308 1922 1309 2025 harbor 0.6781
317 2164 247 2127 547 1568 617 1606 harbor 0.6150
1077 1883 1074 1790 1294 1784 1297 1876 harbor 0.5911
1096 2157 1090 2063 1313 2050 1318 2143 harbor 0.5902
157 1798 112 1780 205 1554 250 1572 harbor 0.4997
1163 611 1256 605 1262 720 1170 725 harbor 0.4532
1096 718 957 713 972 257 1111 262 harbor 0.4045
1080 1726 1076 1626 1237 1620 1241 1720 harbor 0.3296
756 1359 691 1331 877 901 942 929 harbor 0.2802
1057 1591 989 1568 1112 1206 1180 1229 harbor 0.2587
69 1955 96 1894 187 1934 160 1995 harbor 0.2228
887 1526 811 1487 982 1150 1058 1189 harbor 0.2162
654 580 660 551 729 565 723 594 harbor 0.1999
789 190 759 190 760 130 790 131 harbor 0.1899
256 1448 272 1406 394 1454 377 1496 harbor 0.1831
46 2002 63 1956 146 1986 129 2033 harbor 0.1400
812 195 786 194 789 29 816 29 harbor 0.1113
