726 37 743 32 753 71 736 75 small-vehicle 0.9832
592 414 679 387 735 571 647 597 tennis-court 0.9999
474 443 562 416 619 599 531 627 tennis-court 0.9999
165 526 252 500 308 685 220 711 tennis-court 0.9999
284 496 371 470 425 652 339 678 tennis-court 0.9999
709 382 797 356 851 538 763 564 tennis-court 0.9999
830 348 917 323 971 511 884 536 tennis-court 0.9999
947 322 1034 296 1086 477 1000 502 tennis-court 0.9999
45 559 133 534 189 723 101 749 tennis-court 0.9998
352 16 475 -15 527 183 403 215 tennis-court 0.1249
-3 309 99 270 165 443 62 482 tennis-court 0.1058
66 56 193 18 254 223 127 260 basketball-court 0.9938
112 233 241 192 307 397 177 438 basketball-court 0.9920
214 34 306 -1 375 170 282 206 basketball-court 0.9919
241 184 349 141 432 351 323 394 basketball-court 0.9891
559 163 655 130 710 289 614 322 basketball-court 0.9757
413 202 523 162 584 332 473 371 basketball-court 0.9520
348 13 477 -23 536 182 407 219 basketball-court 0.9328
-2 318 97 278 154 420 54 460 basketball-court 0.8145
-49 82 61 61 99 261 -11 282 basketball-court 0.5743
525 17 632 -17 689 154 581 189 basketball-court 0.1277
