3065 1856 3076 1836 3131 1865 3120 1885 large-vehicle 0.3263
545 757 567 724 667 790 645 823 ship 0.9924
947 1668 948 1627 1063 1628 1062 1668 ship 0.9923
1895 1876 1897 1836 2017 1843 2015 1883 ship 0.9920
1665 1482 1670 1442 1781 1455 1776 1496 ship 0.9908
934 1721 934 1682 1061 1681 1061 1721 ship 0.9906
1627 1909 1627 1869 1734 1868 1735 1908 ship 0.9894
950 845 971 817 1054 878 1032 906 ship 0.9886
269 662 292 636 371 702 348 729 ship 0.9880
1540 748 1558 723 1631 775 1613 801 ship 0.9868
1873 901 1844 876 1928 778 1958 804 ship 0.9867
2012 996 2032 964 2143 1033 2124 1065 ship 0.9867
1619 1858 1621 1822 1731 1826 1730 1862 ship 0.9863
469 890 487 862 573 919 555 946 ship 0.9859
561 711 584 676 680 739 658 774 ship 0.9855
1963 1088 1981 1059 2085 1124 2067 1153 ship 0.9847
1927 1132 1950 1097 2068 1172 2046 1207 ship 0.9846
644 613 664 590 736 653 716 676 ship 0.9839
2433 1671 2432 1624 2552 1623 2552 1670 ship 0.9834
298 616 316 594 387 653 369 675 ship 0.9833
2037 954 2057 921 2172 990 2152 1023 ship 0.9822
1653 1608 1655 1571 1773 1577 1771 1614 ship 0.9821
1897 1170 1919 1137 2041 1218 2019 1251 ship 0.9821
1854 1268 1876 1237 1982 1316 1960 1346 ship 0.9818
2203 1600 2204 1559 2345 1560 2345 1601 ship 0.9813
1020 759 1037 738 1092 780 1076 802 ship 0.9806
522 1044 542 1015 625 1074 605 1103 ship 0.9800
1672 947 1690 919 1771 972 1753 1000 ship 0.9795
1910 1923 1910 1885 2007 1886 2007 1924 ship 0.9792
909 1835 908 1794 1039 1790 1041 1831 ship 0.9790
1914 1741 1919 1704 2018 1715 2014 1753 ship 0.9789
1340 871 1357 840 1434 883 1417 914 ship 0.9784
218 747 237 719 319 777 300 805 ship 0.9770
1058 909 1074 890 1132 935 1116 955 ship 0.9770
1635 1734 1636 1697 1740 1701 1739 1737 ship 0.9764
1387 788 1407 762 1478 817 1459 843 ship 0.9755
1919 1608 1923 1571 2045 1583 2041 1620 ship 0.9751
1916 1696 1919 1658 2029 1666 2026 1704 ship 0.9750
193 780 214 757 289 827 267 850 ship 0.9749
558 1004 575 983 642 1037 625 1058 ship 0.9749
1152 746 1170 723 1232 772 1214 795 ship 0.9746
1659 985 1677 961 1744 1013 1726 1037 ship 0.9744
1877 1221 1894 1187 2006 1245 1988 1279 ship 0.9736
876 975 896 946 978 1000 958 1030 ship 0.9733
828 1056 846 1033 915 1087 897 1110 ship 0.9732
1280 548 1295 527 1357 572 1341 593 ship 0.9725
577 969 598 944 668 1004 647 1028 ship 0.9725
1274 975 1292 948 1365 997 1347 1024 ship 0.9718
1236 613 1254 591 1315 642 1298 663 ship 0.9716
505 851 525 823 605 881 586 908 ship 0.9716
742 712 759 690 817 736 799 758 ship 0.9715
1276 1924 1277 1888 1377 1891 1376 1927 ship 0.9714
955 1613 956 1578 1061 1582 1059 1617 ship 0.9696
1625 1433 1627 1388 1782 1394 1780 1439 ship 0.9679
1291 1798 1290 1761 1388 1760 1389 1797 ship 0.9669
364 510 385 476 481 537 459 571 ship 0.9667
2141 1349 2163 1315 2270 1386 2248 1420 ship 0.9656
1368 1037 1384 1017 1447 1063 1431 1084 ship 0.9648
1754 840 1770 814 1840 859 1823 885 ship 0.9647
1457 882 1474 854 1542 894 1525 922 ship 0.9645
1643 1655 1645 1617 1759 1622 1757 1660 ship 0.9645
1981 1049 2002 1013 2113 1078 2093 1113 ship 0.9643
980 803 999 778 1075 834 1056 860 ship 0.9638
233 706 254 674 345 733 324 765 ship 0.9635
1624 1952 1627 1912 1727 1919 1725 1959 ship 0.9631
1725 873 1741 850 1807 897 1791 920 ship 0.9616
1225 1068 1246 1033 1376 1111 1355 1146 ship 0.9616
1481 628 1499 607 1561 658 1543 679 ship 0.9616
1056 1908 1054 1875 1144 1871 1145 1904 ship 0.9614
849 1017 867 989 943 1038 925 1066 ship 0.9602
316 586 336 557 410 608 389 638 ship 0.9593
2326 1171 2341 1153 2391 1195 2376 1214 ship 0.9581
1881 1968 1882 1931 1992 1935 1990 1972 ship 0.9573
1091 1475 1094 1442 1182 1450 1180 1482 ship 0.9570
2734 1493 2749 1475 2805 1520 2790 1539 ship 0.9567
1112 814 1127 793 1194 841 1178 862 ship 0.9565
2642 1519 2662 1485 2775 1551 2755 1586 ship 0.9552
1403 1759 1411 1734 1483 1756 1475 1782 ship 0.9541
2249 1107 2261 1086 2316 1117 2305 1138 ship 0.9540
1364 826 1382 802 1450 850 1432 875 ship 0.9531
2769 1432 2783 1415 2836 1458 2822 1475 ship 0.9526
757 670 779 644 856 708 835 734 ship 0.9525
2487 1429 2499 1410 2558 1450 2546 1468 ship 0.9522
2154 1903 2157 1874 2233 1880 2230 1909 ship 0.9521
2232 1131 2247 1109 2304 1146 2289 1169 ship 0.9518
601 934 620 908 695 963 676 989 ship 0.9507
1298 940 1316 912 1388 958 1370 986 ship 0.9497
653 575 672 542 770 600 752 632 ship 0.9488
1166 712 1186 685 1257 740 1237 766 ship 0.9487
342 545 362 518 438 577 417 603 ship 0.9478
1507 602 1525 576 1593 624 1575 650 ship 0.9473
2339 1140 2353 1120 2411 1160 2398 1180 ship 0.9472
610 669 630 646 693 700 673 723 ship 0.9466
1302 510 1319 488 1384 536 1367 559 ship 0.9460
2266 1068 2281 1046 2337 1088 2322 1109 ship 0.9443
1009 982 1022 960 1085 995 1072 1018 ship 0.9426
654 866 672 842 732 887 714 911 ship 0.9424
1563 718 1577 694 1649 737 1635 761 ship 0.9423
1315 1508 1316 1476 1403 1478 1402 1511 ship 0.9421
1079 873 1095 853 1156 903 1140 923 ship 0.9420
2284 1236 2298 1216 2358 1258 2344 1278 ship 0.9419
115 864 138 828 239 895 216 930 ship 0.9418
1079 1553 1081 1521 1175 1528 1173 1560 ship 0.9404
1774 807 1792 780 1859 824 1841 851 ship 0.9401
1409 756 1426 725 1504 770 1487 800 ship 0.9401
2148 1993 2146 1959 2230 1955 2232 1989 ship 0.9399
1255 583 1271 559 1334 602 1318 626 ship 0.9391
531 812 551 780 633 830 613 862 ship 0.9382
1339 1338 1346 1288 1510 1311 1503 1361 ship 0.9377
2545 1338 2557 1319 2612 1356 2599 1375 ship 0.9364
1074 1705 1078 1676 1162 1688 1158 1717 ship 0.9355
1321 1464 1323 1438 1405 1445 1403 1471 ship 0.9352
2165 1836 2168 1802 2248 1808 2245 1842 ship 0.9351
1455 681 1472 656 1537 699 1520 724 ship 0.9337
2664 1458 2679 1435 2736 1473 2721 1495 ship 0.9334
2245 1290 2260 1273 2314 1321 2299 1338 ship 0.9320
1917 1558 1920 1520 2043 1532 2040 1570 ship 0.9316
2624 1227 2638 1211 2685 1251 2672 1267 ship 0.9312
1619 618 1637 591 1705 637 1688 663 ship 0.9297
389 469 406 438 500 490 483 521 ship 0.9289
2273 1260 2287 1245 2338 1294 2323 1309 ship 0.9283
2183 1211 2199 1186 2260 1223 2244 1249 ship 0.9277
661 824 680 795 760 845 741 874 ship 0.9277
1815 733 1830 707 1896 744 1881 770 ship 0.9266
1522 560 1540 534 1611 580 1593 607 ship 0.9230
763 1140 783 1112 866 1171 847 1199 ship 0.9217
1093 1278 1094 1244 1192 1247 1191 1281 ship 0.9214
1307 1630 1308 1597 1399 1599 1398 1633 ship 0.9207
1077 1630 1080 1599 1159 1606 1156 1637 ship 0.9195
2218 1325 2233 1306 2295 1353 2280 1372 ship 0.9190
2578 1278 2591 1262 2646 1305 2633 1321 ship 0.9187
2291 1021 2307 1004 2360 1055 2344 1071 ship 0.9180
430 969 449 948 514 1008 495 1028 ship 0.9146
2295 1205 2310 1181 2373 1221 2358 1245 ship 0.9128
1098 844 1115 827 1167 878 1150 895 ship 0.9097
2720 1374 2735 1355 2783 1393 2768 1412 ship 0.9096
2793 1400 2806 1384 2857 1425 2844 1441 ship 0.9090
1401 978 1414 954 1477 988 1464 1012 ship 0.9062
2510 1401 2523 1382 2580 1419 2568 1438 ship 0.9062
2139 1277 2156 1250 2230 1297 2212 1324 ship 0.9044
2436 1349 2451 1324 2514 1360 2500 1386 ship 0.9040
2531 1370 2545 1353 2596 1393 2582 1410 ship 0.9038
1484 844 1501 821 1564 869 1547 891 ship 0.9013
1103 1320 1105 1288 1192 1293 1190 1326 ship 0.8980
2743 1334 2759 1313 2812 1351 2796 1372 ship 0.8972
1303 1748 1305 1716 1386 1720 1384 1752 ship 0.8958
1588 1108 1605 1083 1674 1129 1657 1154 ship 0.8951
1889 1790 1891 1755 2025 1759 2024 1795 ship 0.8938
2245 1956 2249 1932 2319 1942 2316 1966 ship 0.8919
1190 678 1209 652 1280 702 1262 729 ship 0.8912
2394 1445 2414 1410 2514 1465 2495 1501 ship 0.8888
914 945 931 918 994 958 977 985 ship 0.8854
436 1056 459 1022 566 1095 544 1128 ship 0.8825
1214 646 1233 623 1291 670 1272 693 ship 0.8816
1100 1397 1104 1367 1191 1378 1187 1408 ship 0.8808
932 898 949 867 1017 902 1000 934 ship 0.8779
393 1379 426 1377 431 1458 397 1460 ship 0.8706
1105 1355 1108 1326 1192 1335 1189 1365 ship 0.8650
1314 1587 1316 1556 1394 1561 1392 1592 ship 0.8638
2244 1918 2246 1893 2320 1899 2318 1924 ship 0.8618
2400 2007 2399 1981 2462 1980 2463 2007 ship 0.8573
805 656 821 626 888 662 871 693 ship 0.8538
1337 1384 1339 1347 1418 1351 1416 1388 ship 0.8497
1731 1159 1698 1140 1749 1047 1783 1066 ship 0.8475
419 427 437 399 514 449 495 477 ship 0.8472
2178 1672 2181 1643 2256 1650 2253 1679 ship 0.8448
2169 1758 2170 1726 2246 1729 2244 1761 ship 0.8381
1320 475 1341 450 1411 507 1391 532 ship 0.8367
1423 1500 1427 1471 1505 1483 1500 1511 ship 0.8221
1451 918 1466 895 1525 933 1510 956 ship 0.8195
1250 1023 1265 992 1344 1031 1329 1061 ship 0.8192
2352 1114 2364 1093 2424 1130 2411 1150 ship 0.7898
2370 1078 2384 1057 2442 1097 2427 1118 ship 0.7878
1655 1561 1657 1530 1762 1537 1759 1568 ship 0.7851
1797 767 1816 745 1873 791 1854 814 ship 0.7840
423 1354 393 1354 394 1270 424 1271 ship 0.7816
2113 935 2129 908 2185 942 2169 968 ship 0.7755
563 464 581 436 663 489 645 517 ship 0.7732
2811 1380 2823 1363 2875 1398 2863 1416 ship 0.7679
377 1694 366 1655 428 1638 439 1677 ship 0.7378
1585 1178 1600 1151 1732 1226 1716 1253 ship 0.7278
2271 1673 2274 1647 2337 1654 2334 1680 ship 0.7098
1391 1009 1405 987 1461 1022 1447 1044 ship 0.7078
2426 1700 2428 1669 2533 1676 2531 1708 ship 0.7052
1428 947 1443 922 1502 956 1487 981 ship 0.7050
1075 1667 1078 1640 1169 1649 1166 1676 ship 0.6789
2539 1180 2552 1160 2610 1194 2598 1215 ship 0.6638
1910 1831 1911 1800 2012 1805 2011 1836 ship 0.6531
1320 911 1335 884 1406 923 1391 950 ship 0.6216
1414 1603 1418 1578 1494 1593 1490 1617 ship 0.5161
2265 1642 2267 1612 2345 1618 2343 1648 ship 0.4844
2167 1718 2170 1691 2248 1698 2246 1726 ship 0.4294
1416 1576 1421 1552 1492 1566 1488 1590 ship 0.3006
2510 1714 2512 1687 2577 1691 2576 1718 ship 0.2083
2733 1351 2745 1334 2798 1370 2786 1387 ship 0.1366
2252 1797 2258 1773 2326 1790 2320 1814 ship 0.1174
280 918 151 861 346 424 475 481 harbor 0.8616
1416 1176 1259 1109 1507 534 1663 601 harbor 0.8473
615 1145 432 1063 673 528 855 610 harbor 0.7836
2008 1351 1877 1291 2082 851 2212 911 harbor 0.7682
1686 1226 1594 1178 1845 696 1938 744 harbor 0.6878
1008 1315 858 1261 1159 433 1309 487 harbor 0.6394
2849 1326 2808 1299 2891 1170 2932 1196 harbor 0.5800
352 1261 391 1260 399 1618 360 1618 harbor 0.2614
1493 1911 1311 1907 1323 1298 1505 1301 harbor 0.2136
2233 1462 2099 1390 2313 993 2447 1065 harbor 0.2048
353 1894 318 1893 323 1688 358 1689 harbor 0.1746
1754 1924 1608 1920 1621 1391 1767 1395 harbor 0.1528
2823 1775 2845 1734 3077 1860 3055 1901 harbor 0.1364
1346 1275 1135 1250 1227 494 1437 520 harbor 0.1282
849 1254 652 1178 901 529 1098 605 harbor 0.1081
