666 161 680 142 722 173 708 192 plane 0.1489
630 617 640 583 698 599 688 633 plane 0.1480
738 17 752 -12 806 12 791 42 plane 0.1015
1969 1714 1978 1697 2030 1723 2021 1740 ship 0.9686
2183 1545 2189 1527 2244 1545 2239 1563 ship 0.9679
2154 1816 2162 1803 2208 1831 2200 1844 ship 0.9543
1950 1765 1957 1748 2010 1773 2002 1789 ship 0.9539
2133 1241 2141 1216 2202 1235 2195 1259 ship 0.9478
2040 1483 2049 1466 2099 1491 2090 1509 ship 0.9357
1945 1792 1953 1776 2007 1802 1999 1818 ship 0.9348
2150 1704 2158 1677 2240 1699 2233 1726 ship 0.9344
1956 1742 1965 1723 2018 1749 2008 1768 ship 0.9328
2024 1538 2034 1518 2084 1542 2074 1563 ship 0.9298
1986 1638 1994 1617 2051 1639 2042 1660 ship 0.9258
2218 1452 2225 1431 2277 1451 2269 1471 ship 0.9236
2046 1461 2055 1439 2109 1461 2100 1483 ship 0.9195
1976 1665 1985 1642 2047 1666 2038 1689 ship 0.9166
2169 1783 2176 1767 2223 1790 2216 1805 ship 0.9117
1936 1820 1944 1800 1999 1824 1991 1844 ship 0.9115
2270 1887 2278 1869 2326 1892 2318 1910 ship 0.9100
2056 1433 2064 1412 2123 1436 2114 1456 ship 0.9078
2195 1516 2202 1502 2251 1523 2244 1538 ship 0.9078
2162 1801 2169 1788 2214 1815 2206 1827 ship 0.8998
2280 1865 2286 1850 2334 1871 2328 1886 ship 0.8997
1977 1695 1985 1675 2038 1697 2030 1717 ship 0.8988
2298 1796 2306 1778 2355 1801 2346 1819 ship 0.8961
2174 1567 2181 1550 2234 1574 2226 1591 ship 0.8917
2090 1829 2096 1810 2143 1824 2138 1842 ship 0.8774
2321 982 2336 964 2392 1011 2377 1029 ship 0.8655
2208 1496 2215 1479 2258 1497 2251 1514 ship 0.8634
2291 1824 2298 1808 2347 1831 2340 1846 ship 0.8585
2073 1413 2079 1393 2132 1408 2127 1427 ship 0.8543
1926 1852 1935 1827 1990 1848 1981 1873 ship 0.8454
2286 1840 2294 1825 2341 1847 2333 1863 ship 0.8398
2309 1771 2317 1752 2369 1774 2361 1793 ship 0.8165
2148 1832 2154 1819 2202 1842 2195 1855 ship 0.8119
2115 1742 2123 1725 2171 1747 2163 1764 ship 0.7973
2081 1848 2085 1831 2132 1844 2128 1861 ship 0.7972
2297 1624 2306 1604 2348 1621 2340 1641 ship 0.7945
2253 1960 2260 1933 2304 1944 2298 1970 ship 0.7869
2224 1418 2232 1398 2287 1419 2280 1439 ship 0.7789
1145 2022 1120 2013 1139 1961 1164 1970 ship 0.7403
2012 1592 2019 1570 2073 1588 2066 1609 ship 0.7329
2081 1900 2082 1866 2121 1867 2120 1901 ship 0.7301
2091 1370 2094 1355 2152 1367 2149 1382 ship 0.7229
2183 1740 2191 1719 2241 1737 2234 1758 ship 0.7164
2390 1271 2376 1252 2414 1225 2427 1243 ship 0.6878
2259 1932 2266 1912 2311 1929 2304 1949 ship 0.6788
2099 1781 2107 1763 2156 1783 2148 1802 ship 0.6711
2319 1564 2326 1551 2367 1574 2359 1587 ship 0.6701
2137 1889 2144 1872 2190 1892 2183 1908 ship 0.6698
2291 1218 2273 1206 2304 1160 2323 1172 ship 0.6527
2328 1538 2334 1526 2375 1548 2369 1560 ship 0.6293
2097 1807 2102 1791 2146 1806 2140 1822 ship 0.6174
863 85 876 66 914 92 901 111 ship 0.6082
316 1156 323 1135 376 1153 369 1173 ship 0.5511
2131 1908 2141 1886 2184 1906 2174 1927 ship 0.5450
2089 1351 2094 1331 2160 1346 2155 1367 ship 0.5346
2334 1528 2342 1510 2383 1530 2374 1548 ship 0.5125
496 986 503 961 550 976 542 1001 ship 0.4909
681 419 688 395 740 410 733 434 ship 0.4486
2326 1545 2333 1535 2373 1563 2366 1572 ship 0.4282
2308 1600 2317 1583 2356 1602 2348 1619 ship 0.4243
2314 1579 2321 1566 2361 1586 2354 1599 ship 0.4158
2270 1181 2251 1171 2273 1130 2291 1139 ship 0.4152
2272 928 2293 916 2315 956 2294 968 ship 0.3998
570 1731 541 1725 550 1683 578 1689 ship 0.3916
976 1880 948 1871 966 1813 994 1822 ship 0.3666
410 1273 414 1248 466 1258 461 1282 ship 0.3502
2120 1720 2128 1697 2175 1713 2167 1736 ship 0.3313
2178 1751 2186 1738 2231 1762 2224 1776 ship 0.3146
909 1850 886 1844 899 1789 922 1795 ship 0.3127
685 179 698 164 737 196 724 211 ship 0.2921
350 1686 364 1665 398 1687 384 1708 ship 0.2781
2169 1592 2175 1576 2228 1596 2222 1612 ship 0.2624
526 885 533 863 581 879 573 901 ship 0.2609
282 1431 276 1409 325 1396 331 1417 ship 0.2533
424 1673 403 1656 440 1610 461 1627 ship 0.2518
747 1676 722 1672 730 1618 756 1622 ship 0.2334
1672 19 1704 -1 1811 163 1779 184 ship 0.2274
639 1770 614 1763 630 1706 655 1713 ship 0.2251
371 1031 377 1005 423 1015 417 1041 ship 0.2189
304 1534 297 1515 353 1495 360 1514 ship 0.1837
2113 1296 2121 1278 2169 1299 2162 1317 ship 0.1776
393 1720 404 1701 440 1722 429 1740 ship 0.1679
836 145 849 120 889 139 876 165 ship 0.1517
1017 1762 996 1754 1018 1698 1039 1707 ship 0.1411
861 108 872 90 910 114 899 131 ship 0.1367
309 1176 318 1159 367 1184 358 1201 ship 0.1174
548 405 554 387 613 406 606 425 ship 0.1124
2268 1904 2275 1891 2317 1913 2309 1927 ship 0.1050
1487 1728 1488 1649 1576 1650 1575 1729 roundabout 0.4447
1279 1902 1288 1872 1343 1889 1334 1919 harbor 0.9124
1269 1845 1234 1828 1261 1768 1297 1785 harbor 0.9034
2221 1039 2253 933 2377 971 2346 1076 harbor 0.8222
297 1539 289 1518 348 1496 356 1517 harbor 0.6847
688 100 700 79 746 104 734 126 harbor 0.6793
417 1702 373 1654 431 1602 475 1650 harbor 0.6132
326 1599 316 1588 359 1549 369 1560 harbor 0.5117
965 1903 930 1886 968 1809 1003 1826 harbor 0.4742
532 406 537 386 608 405 603 424 harbor 0.4612
788 351 741 333 767 262 814 280 harbor 0.4600
297 1521 289 1505 341 1478 349 1495 harbor 0.4552
2187 1080 2286 1080 2286 1190 2187 1190 harbor 0.4296
455 1695 441 1681 478 1642 493 1656 harbor 0.4265
447 1485 437 1461 502 1434 512 1457 harbor 0.4236
815 1690 788 1678 810 1630 837 1642 harbor 0.3855
847 1838 819 1830 837 1771 864 1779 harbor 0.3589
400 1641 377 1627 403 1583 426 1597 harbor 0.3530
1626 230 1606 217 1675 114 1694 127 harbor 0.3501
545 1766 506 1747 534 1689 573 1707 harbor 0.3222
832 152 847 128 908 167 893 191 harbor 0.3187
1171 1815 1145 1801 1167 1761 1192 1775 harbor 0.3131
596 266 611 248 658 288 643 306 harbor 0.3018
667 161 681 144 730 184 716 201 harbor 0.2926
923 1912 937 1884 987 1908 974 1937 harbor 0.2716
595 1620 567 1610 587 1555 615 1565 harbor 0.2694
1998 1879 1921 1861 2048 1329 2125 1348 harbor 0.2591
573 349 579 322 632 336 625 362 harbor 0.2533
506 543 521 516 571 542 556 570 harbor 0.2528
379 871 384 839 454 849 449 882 harbor 0.2495
268 1425 265 1395 320 1390 323 1420 harbor 0.2320
412 1271 420 1247 492 1270 484 1295 harbor 0.2199
2329 1077 2309 1060 2347 1016 2367 1032 harbor 0.2133
692 1815 658 1805 682 1722 716 1732 harbor 0.1983
630 617 640 583 698 599 688 633 harbor 0.1877
479 1069 486 1042 566 1063 558 1090 harbor 0.1752
1602 337 1592 327 1666 258 1675 268 harbor 0.1675
970 1726 937 1713 960 1656 993 1669 harbor 0.1560
271 1367 273 1328 324 1331 322 1370 harbor 0.1486
907 1881 878 1872 904 1795 932 1805 harbor 0.1449
894 43 903 22 958 45 949 66 harbor 0.1425
1021 1762 1000 1754 1022 1694 1044 1702 harbor 0.1381
430 782 433 755 489 763 486 790 harbor 0.1369
1079 2031 1039 2016 1066 1945 1105 1960 harbor 0.1321
429 1222 433 1197 497 1207 493 1232 harbor 0.1184
2296 1213 2274 1201 2297 1160 2319 1172 harbor 0.1148
279 1229 292 1193 349 1212 336 1249 harbor 0.1115
1252 943 1224 921 1285 844 1313 867 swimming-pool 0.9265
314 1935 346 1921 365 1962 333 1977 swimming-pool 0.5378
2622 1996 2585 1995 2586 1927 2623 1928 swimming-pool 0.2931
1392 962 1346 959 1349 913 1395 915 swimming-pool 0.1098
