628 2502 636 2310 2137 2378 2128 2569 bridge 0.3800
342 895 346 866 498 890 494 919 bridge 0.1598
1126 520 1136 502 1192 535 1182 553 ship 0.9793
823 2271 825 2242 904 2248 901 2277 ship 0.9745
1156 452 1167 431 1223 462 1212 483 ship 0.9725
499 1437 504 1418 569 1435 564 1455 ship 0.9708
967 2276 967 2247 1033 2249 1033 2277 ship 0.9695
1109 756 1122 735 1182 772 1169 793 ship 0.9694
1070 839 1083 819 1142 857 1129 877 ship 0.9667
657 764 661 748 713 759 709 775 ship 0.9639
604 1761 617 1745 666 1784 653 1800 ship 0.9638
1194 567 1206 545 1277 584 1265 606 ship 0.9634
1223 514 1234 495 1296 531 1285 550 ship 0.9633
672 723 677 709 728 726 723 741 ship 0.9627
1169 622 1182 600 1243 635 1231 657 ship 0.9624
328 1793 336 1771 400 1793 392 1816 ship 0.9618
1076 612 1086 594 1142 625 1132 643 ship 0.9614
664 1453 673 1428 741 1453 732 1478 ship 0.9577
414 1479 420 1461 478 1480 472 1498 ship 0.9568
1142 691 1154 669 1215 702 1203 724 ship 0.9557
366 1682 372 1662 426 1678 420 1698 ship 0.9550
1038 915 1046 894 1109 918 1101 939 ship 0.9541
1886 2154 1887 2131 1949 2134 1948 2156 ship 0.9530
1212 539 1222 521 1284 555 1274 574 ship 0.9500
205 1730 211 1710 272 1728 266 1748 ship 0.9493
1036 724 1045 708 1096 737 1087 753 ship 0.9491
1069 657 1078 642 1128 671 1119 686 ship 0.9475
470 1532 479 1512 548 1542 539 1562 ship 0.9471
441 1567 449 1541 540 1570 531 1597 ship 0.9458
1741 1561 1742 1530 1801 1532 1800 1563 ship 0.9443
764 1879 766 1856 827 1862 824 1885 ship 0.9421
214 1687 222 1664 281 1687 272 1709 ship 0.9419
1026 751 1035 735 1087 762 1078 778 ship 0.9406
274 1452 281 1434 336 1454 329 1472 ship 0.9400
704 580 710 563 753 578 747 595 ship 0.9370
940 460 948 437 1007 457 998 480 ship 0.9353
629 1724 640 1706 688 1736 678 1754 ship 0.9338
931 494 936 473 998 487 993 508 ship 0.9323
925 507 931 490 990 508 985 525 ship 0.9312
985 835 992 820 1046 845 1039 861 ship 0.9302
655 1666 668 1648 719 1684 707 1701 ship 0.9267
827 2212 827 2185 887 2187 886 2214 ship 0.9266
763 1972 765 1947 828 1952 826 1977 ship 0.9234
776 1796 778 1771 834 1776 832 1801 ship 0.9226
1737 2079 1738 2054 1794 2057 1793 2082 ship 0.9218
901 586 910 569 965 595 956 612 ship 0.9217
414 1754 422 1738 471 1764 463 1780 ship 0.9211
223 1660 230 1635 289 1652 282 1677 ship 0.9174
826 2085 828 2062 885 2066 883 2089 ship 0.9155
836 821 842 804 889 822 883 838 ship 0.9117
667 737 671 725 721 743 716 755 ship 0.9105
1147 661 1159 640 1226 680 1214 701 ship 0.9100
190 1782 194 1759 257 1772 252 1795 ship 0.9080
1097 800 1108 782 1159 814 1148 832 ship 0.9068
682 679 688 660 740 677 734 696 ship 0.9061
1565 1644 1567 1619 1625 1624 1623 1649 ship 0.9049
1104 575 1113 558 1169 586 1160 603 ship 0.9037
1077 646 1085 629 1135 655 1127 672 ship 0.9024
1963 1620 1963 1593 2039 1595 2038 1622 ship 0.9017
751 1451 756 1424 834 1439 829 1466 ship 0.9014
866 474 873 457 922 479 915 496 ship 0.9009
1884 2056 1887 2028 1950 2034 1948 2061 ship 0.8989
1034 2191 1037 2165 1089 2172 1086 2197 ship 0.8983
1229 492 1241 467 1305 497 1293 522 ship 0.8981
1910 1560 1912 1530 1999 1534 1998 1564 ship 0.8976
664 1426 672 1397 748 1417 740 1446 ship 0.8973
715 1301 687 1296 696 1250 723 1256 ship 0.8956
899 613 905 599 953 621 947 635 ship 0.8951
856 513 864 494 912 513 905 532 ship 0.8942
767 1834 769 1809 831 1813 830 1838 ship 0.8932
766 1995 768 1972 825 1977 823 2000 ship 0.8904
1739 2151 1740 2129 1793 2131 1792 2153 ship 0.8903
282 1403 288 1382 350 1401 344 1422 ship 0.8898
894 648 899 630 944 645 938 662 ship 0.8896
1059 684 1068 669 1115 695 1107 711 ship 0.8869
767 1928 768 1901 828 1904 827 1931 ship 0.8864
1146 485 1156 466 1212 494 1202 513 ship 0.8836
783 786 787 768 832 779 828 797 ship 0.8823
696 623 703 604 746 621 739 640 ship 0.8798
848 535 855 516 905 534 899 553 ship 0.8794
1114 554 1122 534 1181 559 1173 579 ship 0.8774
260 1495 266 1475 326 1494 319 1513 ship 0.8768
669 1288 646 1281 661 1232 684 1239 ship 0.8758
1059 868 1068 850 1126 879 1116 897 ship 0.8757
1964 1591 1963 1564 2036 1562 2037 1590 ship 0.8748
1173 425 1184 408 1233 439 1222 456 ship 0.8739
829 2137 829 2112 888 2112 888 2137 ship 0.8731
480 1188 456 1180 470 1136 493 1143 ship 0.8727
1897 1758 1898 1734 1962 1737 1961 1760 ship 0.8721
841 596 847 579 892 593 887 610 ship 0.8710
249 1529 256 1506 317 1527 310 1550 ship 0.8704
602 1115 580 1110 591 1061 612 1066 ship 0.8683
779 2149 778 2117 831 2115 832 2148 ship 0.8680
290 1371 294 1353 355 1369 350 1387 ship 0.8649
1692 1599 1693 1573 1751 1575 1750 1601 ship 0.8648
425 1456 429 1436 486 1450 481 1469 ship 0.8638
574 1832 586 1811 639 1840 627 1861 ship 0.8637
677 693 683 678 734 699 728 714 ship 0.8620
726 1492 736 1467 806 1494 796 1520 ship 0.8618
1011 771 1019 754 1071 778 1062 796 ship 0.8593
718 529 724 515 770 533 764 548 ship 0.8591
1102 774 1111 758 1170 791 1161 807 ship 0.8568
1898 1711 1898 1689 1951 1691 1951 1713 ship 0.8549
1145 2280 1147 2250 1206 2252 1205 2283 ship 0.8546
655 2150 647 2137 684 2114 692 2127 ship 0.8534
477 1508 484 1491 549 1515 543 1533 ship 0.8522
771 1421 776 1392 840 1402 836 1432 ship 0.8509
1896 1891 1896 1866 1951 1867 1951 1892 ship 0.8507
484 1487 490 1466 556 1486 550 1507 ship 0.8504
363 1699 368 1682 420 1698 415 1715 ship 0.8470
641 2110 627 2088 657 2070 671 2092 ship 0.8465
476 1349 435 1343 441 1298 483 1304 ship 0.8459
994 815 1002 800 1053 825 1046 840 ship 0.8452
746 1254 716 1247 726 1204 756 1211 ship 0.8448
354 1745 360 1729 407 1747 401 1763 ship 0.8438
1123 1501 1144 1489 1163 1523 1143 1535 ship 0.8426
430 1413 438 1394 492 1415 485 1434 ship 0.8405
910 570 918 548 976 569 968 591 ship 0.8383
764 2069 766 2040 826 2045 824 2073 ship 0.8325
741 1141 709 1140 711 1096 743 1097 ship 0.8325
622 1739 632 1725 678 1758 668 1772 ship 0.8315
656 778 660 761 709 773 705 790 ship 0.8312
1888 1953 1890 1928 1956 1933 1954 1958 ship 0.8295
1183 594 1196 571 1257 605 1244 627 ship 0.8283
509 1397 514 1372 575 1383 570 1409 ship 0.8280
711 1138 683 1133 690 1092 718 1097 ship 0.8279
372 1653 379 1637 437 1660 430 1676 ship 0.8259
675 707 681 695 731 718 726 730 ship 0.8179
1552 2089 1555 2063 1613 2068 1611 2094 ship 0.8153
402 1554 408 1532 462 1544 457 1567 ship 0.8143
796 1017 771 1012 782 966 806 971 ship 0.8108
837 1024 809 1021 815 971 843 975 ship 0.8080
484 1238 461 1231 475 1185 499 1193 ship 0.8071
409 1785 414 1769 468 1787 463 1802 ship 0.8047
412 1515 417 1495 471 1509 466 1529 ship 0.8033
644 1117 616 1116 619 1071 647 1073 ship 0.7996
580 1259 549 1257 553 1209 584 1211 ship 0.7985
1339 1661 1342 1635 1400 1642 1397 1667 ship 0.7953
197 1744 202 1728 264 1746 259 1763 ship 0.7949
731 449 735 429 796 439 792 459 ship 0.7914
375 1641 382 1620 444 1640 436 1662 ship 0.7886
1012 788 1019 776 1065 801 1058 813 ship 0.7886
685 658 691 641 741 659 735 675 ship 0.7885
1738 2120 1740 2098 1795 2102 1794 2124 ship 0.7825
1185 1568 1186 1542 1249 1546 1247 1572 ship 0.7816
1889 1986 1890 1958 1953 1960 1953 1988 ship 0.7813
691 1581 704 1557 760 1587 748 1611 ship 0.7781
1888 2102 1890 2079 1955 2084 1953 2108 ship 0.7766
1134 502 1142 489 1199 522 1191 536 ship 0.7729
689 1086 650 1083 654 1036 692 1038 ship 0.7717
848 565 852 547 899 557 895 575 ship 0.7697
701 989 674 987 678 941 705 944 ship 0.7694
832 1871 835 1850 899 1859 896 1880 ship 0.7660
1960 1900 1962 1872 2019 1875 2017 1903 ship 0.7650
669 2173 659 2153 697 2133 707 2153 ship 0.7615
1552 2051 1555 2024 1614 2031 1610 2058 ship 0.7607
706 952 675 943 685 906 716 914 ship 0.7606
1905 1590 1906 1563 1962 1566 1960 1593 ship 0.7598
731 1001 702 996 710 947 739 951 ship 0.7572
1260 423 1270 398 1337 426 1326 452 ship 0.7567
985 2132 985 2105 1049 2107 1048 2134 ship 0.7492
1686 2120 1688 2098 1740 2103 1737 2126 ship 0.7481
709 554 715 537 760 554 754 570 ship 0.7473
1182 402 1195 380 1259 416 1246 439 ship 0.7446
840 1697 839 1670 898 1669 899 1696 ship 0.7444
702 557 675 550 686 508 713 515 ship 0.7314
1894 1909 1895 1887 1953 1891 1952 1913 ship 0.7285
831 2189 833 2164 898 2169 897 2193 ship 0.7262
830 2056 831 2034 889 2036 888 2059 ship 0.7192
352 1732 358 1714 412 1730 406 1748 ship 0.7153
1090 596 1098 581 1151 610 1143 624 ship 0.7138
640 974 611 970 617 927 645 930 ship 0.7119
837 1278 810 1273 820 1226 847 1232 ship 0.7095
534 1247 502 1245 506 1193 538 1196 ship 0.7080
675 1633 688 1614 736 1646 724 1665 ship 0.7064
1887 2129 1887 2107 1950 2109 1949 2131 ship 0.7037
550 1367 557 1339 609 1350 603 1379 ship 0.7022
1557 2145 1559 2118 1612 2121 1610 2148 ship 0.7003
710 1246 684 1240 696 1195 721 1202 ship 0.6983
914 1294 885 1287 895 1245 924 1253 ship 0.6980
329 1814 337 1796 395 1822 386 1840 ship 0.6956
734 1305 710 1299 722 1252 746 1259 ship 0.6916
839 1163 807 1159 813 1114 845 1117 ship 0.6907
887 658 893 643 935 660 929 674 ship 0.6901
301 1336 307 1315 367 1333 361 1354 ship 0.6899
1001 1647 1004 1622 1050 1628 1047 1652 ship 0.6867
873 456 880 438 930 456 924 474 ship 0.6866
1680 2100 1682 2075 1740 2079 1738 2105 ship 0.6773
693 641 699 628 743 648 737 661 ship 0.6755
982 2094 985 2069 1049 2076 1046 2101 ship 0.6740
1001 1568 1002 1542 1056 1544 1055 1569 ship 0.6699
886 993 856 990 860 948 891 951 ship 0.6659
2093 1749 2070 1741 2088 1688 2111 1696 ship 0.6633
853 1332 821 1324 832 1283 864 1291 ship 0.6619
721 513 726 500 775 519 770 533 ship 0.6570
844 578 849 562 898 574 894 591 ship 0.6559
839 1728 842 1705 900 1713 897 1736 ship 0.6437
871 1029 844 1026 849 980 876 983 ship 0.6436
1738 2170 1740 2147 1790 2150 1789 2173 ship 0.6391
654 1075 623 1074 625 1034 656 1035 ship 0.6326
1893 2243 1893 2214 1945 2214 1945 2242 ship 0.6294
777 1148 745 1145 749 1102 781 1105 ship 0.6291
835 1762 837 1736 899 1742 897 1767 ship 0.6248
1696 1659 1697 1633 1757 1636 1756 1662 ship 0.6217
1053 705 1062 692 1109 722 1101 735 ship 0.6197
698 2240 689 2217 726 2202 736 2225 ship 0.6079
856 986 826 983 831 941 860 944 ship 0.6046
617 1222 587 1217 594 1174 624 1179 ship 0.6000
731 459 736 443 792 460 787 477 ship 0.5962
910 1038 881 1037 882 991 911 992 ship 0.5844
900 1344 868 1336 879 1289 911 1297 ship 0.5797
822 1993 822 1967 896 1968 896 1994 ship 0.5699
669 1233 638 1227 646 1188 676 1193 ship 0.5690
778 967 745 958 754 922 787 931 ship 0.5653
720 498 725 483 780 503 775 518 ship 0.5529
431 1689 437 1671 497 1695 491 1712 ship 0.5442
562 1059 535 1052 546 1011 573 1018 ship 0.5406
991 1020 995 994 1053 1003 1049 1029 ship 0.5304
703 596 709 581 748 595 743 611 ship 0.5293
574 1109 549 1104 559 1056 584 1061 ship 0.5228
608 2056 599 2039 637 2019 646 2035 ship 0.5181
669 982 642 978 649 935 676 939 ship 0.5045
440 1373 445 1351 501 1363 497 1385 ship 0.4967
1892 2031 1892 2006 1968 2007 1968 2032 ship 0.4907
986 1042 993 1017 1047 1031 1041 1056 ship 0.4848
675 2195 665 2176 703 2156 713 2175 ship 0.4649
1980 2132 1947 2130 1949 2083 1982 2084 ship 0.4638
433 1677 438 1653 498 1665 494 1688 ship 0.4635
600 1072 578 1067 587 1023 609 1028 ship 0.4568
1343 1605 1344 1576 1395 1578 1394 1606 ship 0.4552
623 2081 611 2058 649 2039 661 2062 ship 0.4525
268 1475 273 1459 330 1477 325 1494 ship 0.4509
1551 2226 1553 2202 1605 2206 1604 2230 ship 0.4467
948 438 955 418 1011 436 1005 456 ship 0.4408
648 938 623 932 631 894 657 900 ship 0.4303
237 1850 242 1828 319 1844 314 1867 ship 0.4258
1571 1600 1568 1572 1623 1565 1627 1593 ship 0.4126
691 1286 669 1280 682 1233 704 1240 ship 0.4124
296 1857 303 1834 387 1858 380 1881 ship 0.4072
556 1212 530 1209 535 1162 561 1164 ship 0.3717
1000 1616 1002 1589 1052 1592 1050 1619 ship 0.3697
764 1848 766 1828 829 1835 826 1855 ship 0.3522
895 626 901 613 947 632 941 645 ship 0.3270
762 2018 764 1997 822 2002 820 2024 ship 0.3052
1741 2031 1742 2008 1795 2009 1795 2031 ship 0.2986
226 1615 231 1590 298 1604 293 1629 ship 0.2832
648 2136 638 2119 674 2098 683 2115 ship 0.2800
600 2027 591 2005 638 1986 647 2008 ship 0.2787
1521 1590 1521 1561 1567 1561 1567 1590 ship 0.2745
1508 2048 1509 2023 1561 2025 1559 2050 ship 0.2555
409 1531 414 1514 464 1528 460 1545 ship 0.2512
724 476 729 461 784 478 780 493 ship 0.2174
732 415 735 391 797 397 794 422 ship 0.2137
344 1761 350 1745 407 1768 401 1784 ship 0.2026
550 1080 571 997 946 1092 925 1175 ship 0.1692
1692 1679 1695 1659 1747 1668 1743 1688 ship 0.1357
1000 1582 1002 1563 1052 1568 1050 1587 ship 0.1330
1890 2005 1891 1984 1954 1987 1953 2008 ship 0.1312
818 1822 821 1792 884 1798 881 1828 ship 0.1243
585 1806 600 1787 647 1823 632 1842 ship 0.1049
609 1268 626 1180 936 1241 918 1330 ship 0.1003
344 1223 366 1123 960 1251 938 1351 harbor 0.9810
582 1971 502 1932 692 1537 773 1576 harbor 0.9761
463 1103 478 1011 1031 1097 1017 1190 harbor 0.9341
562 2023 624 1989 757 2232 694 2265 harbor 0.9245
524 973 541 885 1068 988 1050 1076 harbor 0.9233
576 343 574 283 1254 263 1256 323 harbor 0.8653
625 2261 613 2241 671 2205 683 2225 harbor 0.8541
1529 1568 1620 1568 1623 2208 1533 2208 harbor 0.7960
1686 1555 1786 1550 1823 2185 1723 2190 harbor 0.7611
1004 1556 1097 1554 1114 2237 1020 2239 harbor 0.6655
1178 1552 1251 1548 1280 2222 1207 2225 harbor 0.4997
1339 1585 1416 1579 1464 2203 1386 2209 harbor 0.4979
1887 1547 1996 1546 2005 2205 1896 2207 harbor 0.4953
84 1559 86 1533 190 1541 188 1567 harbor 0.4796
770 1657 897 1656 903 2207 776 2209 harbor 0.4385
438 1856 320 1817 370 1666 488 1706 harbor 0.4074
921 822 813 806 873 399 980 415 harbor 0.3683
1100 959 991 918 1193 375 1301 415 harbor 0.3623
1461 503 1493 452 1912 717 1879 768 harbor 0.2475
246 1795 174 1774 218 1616 290 1637 harbor 0.2339
360 1419 377 1313 872 1393 855 1498 harbor 0.1980
365 1272 345 1268 362 1179 381 1183 harbor 0.1787
743 813 638 794 708 404 813 422 harbor 0.1643
536 1577 400 1544 434 1406 570 1440 harbor 0.1066
