110 833 95 822 118 792 132 803 small-vehicle 0.9958
43 791 28 780 51 748 66 759 small-vehicle 0.9840
248 1062 232 1053 251 1020 267 1030 small-vehicle 0.9815
90 824 73 813 95 781 112 792 small-vehicle 0.9758
321 993 307 982 329 954 343 965 small-vehicle 0.9648
285 1092 268 1082 286 1049 303 1058 small-vehicle 0.9626
200 1027 185 1017 205 985 220 994 small-vehicle 0.9199
119 958 104 948 123 918 139 927 small-vehicle 0.8256
302 1100 286 1091 304 1059 319 1068 small-vehicle 0.1886
59 912 44 905 57 876 73 883 small-vehicle 0.1260
59 791 50 784 66 760 76 767 small-vehicle 0.1089
269 755 204 703 313 566 378 618 tennis-court 0.9999
420 416 471 351 610 459 558 524 tennis-court 0.9999
485 329 537 261 677 370 625 437 tennis-court 0.9998
352 822 287 767 402 630 467 684 tennis-court 0.9998
442 883 375 833 480 691 547 741 tennis-court 0.9998
352 511 405 435 550 537 497 613 tennis-court 0.9997
552 208 586 170 666 244 631 281 tennis-court 0.7922
293 203 357 105 482 186 418 284 basketball-court 0.9952
