121 1725 126 1708 165 1722 159 1739 large-vehicle 0.1602
794 380 770 375 785 300 810 306 ship 0.9725
652 1240 660 1229 701 1260 693 1270 ship 0.9625
220 1526 234 1517 258 1554 244 1562 ship 0.9511
724 981 731 971 775 1003 768 1013 ship 0.9397
766 367 743 364 753 300 776 303 ship 0.9390
305 444 278 440 288 379 315 383 ship 0.9368
644 811 624 803 641 759 662 767 ship 0.9357
1255 466 1236 459 1253 410 1272 417 ship 0.9346
679 341 661 334 679 278 698 285 ship 0.9344
217 408 190 403 200 348 227 353 ship 0.9197
318 1460 339 1453 355 1504 333 1511 ship 0.9133
2326 750 2341 736 2379 774 2364 789 ship 0.9128
238 434 217 426 239 366 261 374 ship 0.9077
702 350 682 343 703 286 723 294 ship 0.9063
640 330 622 326 636 269 655 274 ship 0.9036
1293 482 1272 473 1294 420 1314 428 ship 0.9011
2374 715 2388 706 2415 750 2401 758 ship 0.8912
646 1263 653 1253 692 1279 684 1290 ship 0.8892
2373 940 2352 933 2363 898 2384 905 ship 0.8844
654 336 637 329 657 276 674 282 ship 0.8826
384 273 363 265 391 196 412 205 ship 0.8815
294 1466 312 1459 333 1509 314 1517 ship 0.8725
2025 1125 2050 1123 2056 1180 2030 1183 ship 0.8692
1336 457 1316 449 1338 396 1357 404 ship 0.8654
682 874 660 873 662 825 684 826 ship 0.8653
341 464 318 457 336 398 359 405 ship 0.8627
694 827 675 818 700 769 718 779 ship 0.8591
2517 1324 2519 1295 2580 1301 2577 1329 ship 0.8566
2379 962 2377 939 2406 937 2407 960 ship 0.8548
239 1505 256 1498 277 1544 260 1552 ship 0.8501
735 959 742 950 783 981 776 991 ship 0.8496
410 1309 390 1303 404 1254 424 1260 ship 0.8405
2345 729 2360 716 2399 761 2384 774 ship 0.8391
731 686 715 674 740 640 756 651 ship 0.8254
172 1473 193 1465 210 1512 189 1520 ship 0.8247
605 332 587 326 608 263 625 269 ship 0.8231
1269 474 1250 465 1273 416 1291 424 ship 0.8227
564 793 549 783 578 734 593 744 ship 0.8218
702 1065 711 1050 752 1074 743 1089 ship 0.8190
1290 626 1301 609 1344 636 1333 653 ship 0.8110
273 1481 292 1474 313 1531 293 1538 ship 0.8110
583 1273 556 1268 566 1221 592 1226 ship 0.8061
715 679 701 670 726 633 740 642 ship 0.8054
152 476 131 471 144 419 165 425 ship 0.8027
600 800 587 791 617 747 631 757 ship 0.7986
742 932 750 919 795 949 787 962 ship 0.7931
719 859 697 858 702 805 724 807 ship 0.7929
2507 1350 2509 1327 2577 1331 2575 1354 ship 0.7860
283 1311 302 1306 313 1348 294 1353 ship 0.7803
206 1529 220 1520 245 1560 231 1569 ship 0.7732
314 1231 320 1215 363 1232 357 1248 ship 0.7695
462 1302 436 1300 440 1249 466 1251 ship 0.7667
658 820 639 811 661 762 680 771 ship 0.7659
264 440 242 436 258 365 279 370 ship 0.7632
717 998 726 986 770 1017 762 1029 ship 0.7618
537 1298 514 1295 520 1239 543 1242 ship 0.7604
258 1486 272 1479 297 1534 283 1541 ship 0.7579
2398 953 2419 950 2424 981 2403 984 ship 0.7560
771 734 783 719 832 754 821 770 ship 0.7553
634 866 613 864 618 817 638 819 ship 0.7529
666 1190 675 1176 720 1207 710 1221 ship 0.7515
2518 1279 2520 1247 2564 1250 2562 1282 ship 0.7464
236 1459 232 1441 292 1428 296 1446 ship 0.7385
493 297 471 290 489 232 511 239 ship 0.7381
384 1475 369 1454 397 1434 411 1455 ship 0.7317
545 991 541 962 619 952 623 981 ship 0.7278
773 760 785 746 828 782 816 795 ship 0.7197
414 1306 437 1300 449 1341 426 1348 ship 0.7191
1213 453 1192 447 1204 395 1226 400 ship 0.7188
585 728 595 713 637 741 627 755 ship 0.7153
782 719 793 702 839 731 828 748 ship 0.7121
545 787 521 774 556 707 580 720 ship 0.7067
663 660 647 649 671 614 687 625 ship 0.6985
1807 910 1799 888 1843 871 1851 894 ship 0.6963
917 567 893 563 901 519 925 524 ship 0.6904
2485 1063 2468 1056 2481 1023 2499 1030 ship 0.6718
1244 616 1252 596 1292 613 1284 632 ship 0.6690
562 918 559 897 606 891 608 912 ship 0.6578
2106 1212 2093 1201 2129 1160 2142 1172 ship 0.6536
347 1309 326 1307 331 1264 352 1266 ship 0.6465
713 1040 722 1026 764 1054 755 1068 ship 0.6454
575 939 569 914 613 904 618 929 ship 0.6444
1804 894 1781 893 1783 854 1806 855 ship 0.6385
2536 788 2510 786 2514 718 2541 720 ship 0.6354
591 792 570 782 595 733 616 744 ship 0.6247
319 1219 325 1200 374 1217 367 1236 ship 0.6220
405 281 384 272 410 213 430 222 ship 0.6150
749 921 757 908 800 935 792 947 ship 0.6083
2464 708 2490 708 2490 761 2465 761 ship 0.6072
2513 1097 2495 1088 2517 1046 2535 1055 ship 0.6068
2308 820 2312 791 2359 798 2355 826 ship 0.5910
186 1465 184 1442 236 1438 238 1461 ship 0.5899
2512 777 2486 776 2489 715 2515 717 ship 0.5834
629 653 610 643 629 604 649 613 ship 0.5807
170 1510 190 1503 208 1559 188 1565 ship 0.5785
1874 1227 1886 1206 1943 1240 1931 1261 ship 0.5735
1841 953 1821 937 1848 903 1868 918 ship 0.5599
337 1184 342 1163 398 1175 394 1196 ship 0.5563
570 619 557 606 592 572 606 585 ship 0.5462
661 1218 668 1210 706 1242 698 1251 ship 0.5425
2316 896 2314 872 2347 869 2350 893 ship 0.5416
684 1140 693 1125 734 1150 725 1165 ship 0.5362
586 319 566 313 586 246 606 251 ship 0.5324
1356 510 1333 504 1342 470 1365 476 ship 0.5233
589 861 568 858 574 810 595 812 ship 0.5171
2471 1051 2455 1044 2469 1008 2485 1014 ship 0.5061
208 1423 205 1399 260 1393 262 1417 ship 0.4965
2438 1008 2420 1008 2421 976 2439 976 ship 0.4918
1912 1028 1891 1019 1902 992 1923 1001 ship 0.4856
538 1263 562 1263 563 1319 539 1319 ship 0.4748
2450 1026 2431 1022 2439 981 2458 985 ship 0.4556
2262 1287 2242 1275 2264 1238 2285 1250 ship 0.4521
551 312 531 306 551 237 572 243 ship 0.4355
136 459 160 368 793 534 769 626 ship 0.4301
1369 532 1351 524 1369 488 1386 496 ship 0.4298
2056 1352 2036 1344 2051 1307 2071 1315 ship 0.4162
2514 1100 2516 1070 2557 1073 2555 1103 ship 0.4043
227 1378 224 1346 262 1343 264 1375 ship 0.3967
377 588 385 563 450 585 442 610 ship 0.3928
2461 764 2440 764 2440 705 2461 705 ship 0.3892
662 1207 671 1194 714 1224 706 1236 ship 0.3777
1760 853 1751 843 1793 804 1802 814 ship 0.3608
1163 583 1172 564 1217 586 1208 604 ship 0.3536
2212 900 2223 881 2261 904 2250 922 ship 0.3395
1362 488 1377 460 1416 480 1402 508 ship 0.3347
341 1308 362 1303 373 1346 352 1352 ship 0.3341
2364 923 2338 921 2340 894 2366 896 ship 0.3281
1425 747 1445 726 1468 747 1448 768 ship 0.3205
755 906 763 895 805 924 797 935 ship 0.3199
178 379 154 377 158 327 182 329 ship 0.3144
195 1540 212 1534 230 1582 213 1588 ship 0.3081
1721 810 1712 794 1757 770 1766 786 ship 0.3070
257 1398 252 1375 293 1367 297 1390 ship 0.2773
773 264 742 257 755 202 786 209 ship 0.2763
579 962 577 940 622 938 623 959 ship 0.2689
32 230 43 196 245 257 235 291 ship 0.2661
2442 1319 2410 1318 2411 1269 2443 1270 ship 0.2607
505 919 506 895 553 897 552 921 ship 0.2559
2211 1264 2200 1252 2234 1221 2245 1233 ship 0.2004
465 1293 496 1293 497 1340 466 1341 ship 0.2003
486 940 494 921 530 936 521 955 ship 0.1922
1987 1413 1999 1388 2043 1408 2032 1433 ship 0.1811
681 667 667 659 689 621 704 629 ship 0.1755
436 1295 460 1292 466 1342 443 1345 ship 0.1696
569 855 546 853 550 805 572 807 ship 0.1676
471 290 451 282 475 219 495 227 ship 0.1612
1954 1291 1958 1271 2006 1280 2002 1301 ship 0.1522
433 259 414 252 432 202 451 210 ship 0.1499
319 450 299 443 319 387 339 394 ship 0.1485
648 870 630 864 648 815 666 822 ship 0.1441
2228 1276 2214 1260 2249 1230 2263 1246 ship 0.1407
124 460 105 453 122 406 141 413 ship 0.1271
13 367 21 345 126 381 119 402 ship 0.1164
2000 1126 1988 1112 2028 1079 2040 1092 ship 0.1119
697 689 680 680 707 629 724 638 ship 0.1086
229 1573 193 1491 383 1409 419 1491 harbor 0.8136
1943 1092 1924 1067 1964 1037 1983 1063 harbor 0.7575
-89 365 -54 262 826 560 791 664 harbor 0.6445
1660 769 1651 755 1694 728 1703 742 harbor 0.6088
2169 1195 2194 1175 2216 1204 2191 1223 harbor 0.5353
1670 782 1660 768 1701 739 1711 753 harbor 0.5056
2000 1126 1988 1112 2028 1079 2040 1092 harbor 0.4887
269 1325 295 1202 582 1262 556 1385 harbor 0.4403
2254 1280 2226 1259 2259 1214 2288 1236 harbor 0.4395
14 226 24 191 255 257 245 292 harbor 0.3165
1273 422 1315 369 1613 602 1572 655 harbor 0.2623
1489 623 1507 611 1530 644 1512 656 harbor 0.2451
2211 1264 2200 1252 2234 1221 2245 1233 harbor 0.2281
2117 1214 2099 1201 2130 1159 2147 1172 harbor 0.1921
539 821 600 670 800 750 739 902 harbor 0.1907
1838 958 1822 942 1856 907 1872 922 harbor 0.1829
1243 632 1261 601 1404 684 1387 714 harbor 0.1724
497 970 501 910 630 918 626 978 harbor 0.1453
607 681 648 597 757 650 716 734 harbor 0.1334
471 290 451 282 475 219 495 227 harbor 0.1228
1762 1144 1777 1132 1816 1175 1802 1188 harbor 0.1212
2428 1321 2391 1319 2393 1267 2431 1269 harbor 0.1181
1613 1417 1626 1404 1657 1433 1644 1446 swimming-pool 0.9586
1991 1418 1998 1393 2042 1407 2035 1431 swimming-pool 0.9323
2078 430 2075 400 2119 397 2122 427 swimming-pool 0.9295
1804 501 1806 474 1859 479 1857 505 swimming-pool 0.5028
1398 805 1382 791 1406 762 1422 775 swimming-pool 0.2210
2033 1731 2012 1730 2014 1694 2035 1695 swimming-pool 0.1418
