793 129 808 117 833 148 819 160 small-vehicle 0.9367
835 265 850 254 871 284 856 294 small-vehicle 0.9110
777 573 786 558 819 579 810 593 small-vehicle 0.8517
1134 1051 1120 1040 1142 1012 1156 1023 small-vehicle 0.8483
791 550 801 539 827 562 818 573 small-vehicle 0.8467
1088 1017 1070 1004 1092 975 1109 989 small-vehicle 0.8350
1073 1004 1056 992 1078 961 1095 972 small-vehicle 0.8182
1054 987 1037 974 1060 945 1077 958 small-vehicle 0.7941
1167 1082 1153 1070 1178 1039 1192 1050 small-vehicle 0.7075
1304 234 1318 222 1343 251 1329 263 small-vehicle 0.6822
796 541 805 525 838 542 830 558 small-vehicle 0.4541
7 73 15 58 47 73 39 89 small-vehicle 0.3613
825 609 833 593 870 613 861 629 small-vehicle 0.3466
1317 42 1329 39 1339 76 1326 79 small-vehicle 0.1357
841 571 850 552 891 573 882 591 small-vehicle 0.1133
1298 137 1282 128 1301 96 1316 105 small-vehicle 0.1115
818 971 747 924 849 773 919 820 tennis-court 0.9999
723 909 652 863 747 714 819 760 tennis-court 0.9998
399 703 324 661 414 504 488 547 tennis-court 0.9998
934 1045 862 997 962 846 1034 894 tennis-court 0.9997
559 804 486 758 581 609 654 654 tennis-court 0.9997
296 642 223 599 317 440 389 483 tennis-court 0.9995
1004 1125 1060 1052 1204 1163 1148 1236 tennis-court 0.9994
551 366 481 319 560 201 630 248 swimming-pool 0.9958
569 174 563 149 593 141 600 166 swimming-pool 0.1920
