454 268 474 256 508 310 489 322 ship 0.9936
339 325 356 315 382 360 365 370 ship 0.9920
305 261 323 251 350 297 332 307 ship 0.9917
383 299 405 288 432 341 411 352 ship 0.9895
671 318 689 310 711 359 693 367 ship 0.9893
644 331 664 321 691 372 670 382 ship 0.9874
531 234 550 223 577 275 558 285 ship 0.9867
438 512 459 502 486 556 464 566 ship 0.9864
391 531 412 522 435 574 414 583 ship 0.9853
312 337 332 327 356 377 337 387 ship 0.9852
215 542 232 532 258 577 241 586 ship 0.9832
583 439 603 429 628 479 607 490 ship 0.9812
1900 1031 1877 1030 1881 964 1904 966 ship 0.9801
264 517 284 509 305 558 285 567 ship 0.9787
533 462 553 453 574 503 555 512 ship 0.9777
876 453 902 440 944 524 918 537 ship 0.9773
263 355 282 345 311 401 292 411 ship 0.9773
452 423 473 411 502 465 481 477 ship 0.9769
677 393 697 383 722 437 702 447 ship 0.9766
314 569 334 559 358 609 338 619 ship 0.9765
522 155 540 146 566 195 548 205 ship 0.9760
546 374 568 363 594 415 572 426 ship 0.9757
481 255 500 245 527 296 508 306 ship 0.9756
331 485 351 473 379 520 360 532 ship 0.9750
242 600 265 588 292 643 268 654 ship 0.9744
600 570 617 562 639 606 622 615 ship 0.9738
524 391 545 381 569 432 548 442 ship 0.9725
1882 1272 1860 1267 1872 1214 1894 1219 ship 0.9723
695 301 716 293 738 348 716 356 ship 0.9709
349 230 371 222 391 275 369 283 ship 0.9699
574 367 593 357 618 401 599 412 ship 0.9692
555 221 574 212 597 266 578 274 ship 0.9675
514 612 532 603 554 647 535 657 ship 0.9673
453 642 470 634 490 678 473 686 ship 0.9670
359 468 380 459 402 508 381 517 ship 0.9666
310 495 330 485 356 533 336 544 ship 0.9653
1111 804 1124 787 1171 824 1159 840 ship 0.9649
1929 1028 1906 1027 1908 972 1931 973 ship 0.9647
329 246 347 237 371 286 352 296 ship 0.9643
651 619 668 609 692 649 675 659 ship 0.9635
1147 753 1154 732 1215 751 1208 772 ship 0.9629
2022 118 2018 93 2081 85 2084 110 ship 0.9625
405 444 427 433 453 485 430 496 ship 0.9625
439 727 454 719 476 760 460 768 ship 0.9612
1765 1790 1742 1785 1755 1715 1779 1720 ship 0.9609
375 227 392 217 418 260 400 270 ship 0.9601
1873 1453 1855 1447 1869 1399 1887 1405 ship 0.9597
238 532 256 522 282 569 263 579 ship 0.9591
1946 1033 1925 1028 1938 977 1958 982 ship 0.9579
582 647 602 638 623 684 604 693 ship 0.9560
499 165 517 158 536 203 517 211 ship 0.9557
800 544 818 535 839 581 820 589 ship 0.9556
580 581 598 572 621 617 603 626 ship 0.9555
407 289 429 279 453 330 432 340 ship 0.9548
1954 716 1930 714 1933 660 1957 662 ship 0.9547
629 419 646 410 671 453 655 463 ship 0.9547
2001 571 1979 570 1983 512 2005 513 ship 0.9536
403 215 422 205 445 250 427 260 ship 0.9533
185 555 205 544 231 594 211 604 ship 0.9529
880 832 895 823 916 856 901 866 ship 0.9518
980 1317 964 1303 1005 1254 1021 1267 ship 0.9506
544 137 563 128 589 184 570 193 ship 0.9506
471 179 489 170 512 218 494 226 ship 0.9494
901 815 917 806 938 847 922 855 ship 0.9491
436 290 455 279 481 322 463 333 ship 0.9487
216 405 231 398 251 437 235 445 ship 0.9470
2001 720 1979 717 1985 670 2006 672 ship 0.9466
1937 960 1916 956 1928 901 1949 906 ship 0.9447
1156 730 1160 707 1219 718 1215 741 ship 0.9436
393 743 411 735 429 776 412 784 ship 0.9434
770 353 790 344 814 394 794 403 ship 0.9425
1986 489 1960 486 1968 413 1994 416 ship 0.9411
2087 735 2066 732 2073 679 2094 682 ship 0.9407
849 720 865 711 884 748 868 756 ship 0.9405
1073 568 1096 552 1157 639 1133 655 ship 0.9390
599 355 619 345 644 394 624 404 ship 0.9383
1732 1787 1707 1783 1719 1713 1744 1717 ship 0.9378
1556 1561 1565 1545 1615 1572 1606 1588 ship 0.9363
1087 1161 1080 1141 1129 1125 1135 1145 ship 0.9353
544 670 562 662 581 706 562 714 ship 0.9352
782 555 797 547 821 590 806 598 ship 0.9351
361 316 379 308 402 354 385 363 ship 0.9347
476 411 495 402 517 451 498 460 ship 0.9340
299 717 316 710 335 755 318 762 ship 0.9337
336 772 354 763 376 804 358 813 ship 0.9335
321 703 340 694 361 741 342 749 ship 0.9331
500 694 517 687 534 728 517 735 ship 0.9321
1968 735 1992 735 1993 791 1969 792 ship 0.9320
232 396 248 390 265 430 250 437 ship 0.9304
578 212 598 202 623 251 603 261 ship 0.9304
1845 1515 1823 1509 1835 1459 1857 1464 ship 0.9303
1816 1510 1793 1505 1802 1455 1825 1459 ship 0.9298
2049 583 2027 579 2038 516 2060 520 ship 0.9293
366 752 384 744 404 788 386 796 ship 0.9287
362 545 384 536 403 584 382 593 ship 0.9286
570 130 593 122 614 182 592 190 ship 0.9284
1977 1035 1960 1032 1969 983 1986 986 ship 0.9284
631 631 649 623 666 665 648 673 ship 0.9283
864 652 879 645 895 678 880 686 ship 0.9283
1989 1299 1966 1295 1977 1231 2000 1235 ship 0.9281
632 760 649 750 670 791 653 800 ship 0.9281
566 654 583 647 603 695 586 702 ship 0.9260
545 867 561 860 576 897 559 903 ship 0.9259
502 403 520 395 543 442 526 451 ship 0.9249
1866 1197 1843 1193 1852 1142 1876 1147 ship 0.9241
387 678 403 669 426 707 410 717 ship 0.9238
616 350 635 338 663 384 644 395 ship 0.9236
624 562 640 553 662 593 645 602 ship 0.9232
711 588 727 581 743 616 728 623 ship 0.9225
415 524 435 515 457 566 437 575 ship 0.9222
662 539 682 529 706 576 686 586 ship 0.9206
248 378 266 370 285 415 267 423 ship 0.9196
1604 1468 1629 1454 1664 1519 1639 1533 ship 0.9193
381 453 401 445 421 493 401 501 ship 0.9188
763 882 781 873 800 908 782 918 ship 0.9179
929 677 945 670 963 713 946 720 ship 0.9175
455 192 473 185 491 231 473 238 ship 0.9170
509 248 526 240 548 286 530 294 ship 0.9162
430 657 448 648 470 692 452 701 ship 0.9162
749 950 766 942 786 983 768 991 ship 0.9148
293 579 311 572 331 618 313 626 ship 0.9144
368 687 385 679 404 719 387 728 ship 0.9103
2007 1223 1984 1221 1990 1160 2013 1162 ship 0.9102
726 904 743 895 760 930 744 938 ship 0.9101
2073 807 2052 804 2059 748 2080 751 ship 0.9079
943 861 962 854 976 892 957 899 ship 0.9055
2015 484 1993 482 2001 420 2023 423 ship 0.9050
460 713 477 707 494 749 478 756 ship 0.9042
652 409 670 399 697 449 679 459 ship 0.9036
503 826 518 818 538 853 523 861 ship 0.9035
1902 961 1882 955 1896 903 1917 909 ship 0.9019
2055 723 2034 720 2042 668 2063 672 ship 0.9010
554 450 573 442 595 490 576 498 ship 0.9010
618 829 637 820 657 859 638 868 ship 0.9000
474 636 491 626 514 668 497 678 ship 0.8997
1616 1810 1604 1797 1651 1753 1663 1766 ship 0.8978
524 685 539 675 562 711 546 721 ship 0.8972
610 640 627 631 648 674 631 682 ship 0.8970
858 902 879 892 899 939 877 948 ship 0.8969
834 728 849 721 867 756 853 764 ship 0.8969
558 799 574 791 592 826 576 835 ship 0.8962
749 707 765 698 786 735 770 744 ship 0.8962
743 291 762 282 789 335 770 345 ship 0.8948
843 522 864 514 881 559 860 567 ship 0.8938
1962 1467 1940 1461 1952 1407 1974 1412 ship 0.8930
958 632 979 622 1007 679 986 689 ship 0.8927
683 920 701 913 713 947 695 953 ship 0.8925
481 701 498 695 514 740 497 746 ship 0.8925
495 625 509 616 533 655 519 664 ship 0.8924
642 551 661 541 683 583 665 593 ship 0.8917
498 885 516 876 532 911 514 919 ship 0.8915
2044 971 2024 966 2036 918 2057 923 ship 0.8913
1721 986 1734 967 1774 995 1761 1014 ship 0.8882
796 748 813 740 830 775 813 783 ship 0.8878
1917 755 1894 754 1899 691 1922 693 ship 0.8872
804 863 824 857 838 899 818 905 ship 0.8865
1885 960 1863 958 1870 902 1891 905 ship 0.8861
818 473 833 465 854 501 839 510 ship 0.8850
536 595 557 588 574 638 553 645 ship 0.8808
516 818 534 809 553 846 535 855 ship 0.8773
1854 1451 1835 1446 1847 1398 1865 1403 ship 0.8757
413 664 430 655 453 697 436 706 ship 0.8741
2043 794 2021 791 2026 746 2048 748 ship 0.8727
181 425 199 420 209 459 191 463 ship 0.8721
477 837 494 827 516 865 499 874 ship 0.8711
2028 724 2008 720 2017 672 2037 675 ship 0.8705
278 296 293 287 308 313 293 322 ship 0.8703
769 282 790 272 818 333 797 342 ship 0.8666
581 786 598 779 614 815 598 823 ship 0.8654
346 554 363 546 386 591 368 600 ship 0.8640
1829 1262 1804 1259 1814 1172 1839 1175 ship 0.8633
827 923 844 913 867 952 850 962 ship 0.8593
1000 829 1019 820 1037 862 1019 870 ship 0.8547
1769 682 1757 657 1820 629 1831 654 ship 0.8521
215 616 233 607 254 651 236 660 ship 0.8491
786 932 805 924 822 961 804 970 ship 0.8467
711 729 727 719 747 752 731 761 ship 0.8411
1004 783 1025 774 1052 834 1031 843 ship 0.8382
1924 1455 1905 1449 1920 1402 1939 1408 ship 0.8291
508 479 527 470 548 514 529 523 ship 0.8283
636 946 651 939 666 973 652 980 ship 0.8266
488 489 504 479 531 521 515 531 ship 0.8265
1182 342 1173 318 1242 292 1251 316 ship 0.8260
1074 1346 1092 1338 1113 1387 1095 1394 ship 0.8240
980 843 996 836 1010 872 994 878 ship 0.8230
1821 1448 1801 1442 1817 1392 1836 1398 ship 0.8213
2078 588 2054 584 2066 524 2090 528 ship 0.8200
812 679 827 672 844 707 828 715 ship 0.8200
1898 1531 1876 1530 1879 1478 1902 1480 ship 0.8172
831 667 847 659 866 698 850 706 ship 0.8145
1954 1535 1930 1534 1933 1481 1957 1482 ship 0.8139
1973 1215 1950 1211 1959 1155 1982 1158 ship 0.8016
1136 786 1144 775 1178 797 1170 809 ship 0.7942
1718 577 1710 556 1770 534 1778 554 ship 0.7869
283 723 298 716 316 756 301 763 ship 0.7863
1542 311 1551 285 1616 307 1607 334 ship 0.7806
885 885 902 877 922 922 905 930 ship 0.7704
1902 1271 1883 1268 1892 1217 1911 1220 ship 0.7688
875 512 888 505 907 539 893 547 ship 0.7663
774 939 790 932 808 971 792 978 ship 0.7633
2014 968 1992 965 1998 919 2019 921 ship 0.7445
1960 1284 1937 1281 1941 1231 1965 1233 ship 0.7361
1046 1349 1062 1340 1089 1389 1072 1398 ship 0.7318
570 857 589 852 599 887 580 893 ship 0.7246
2106 740 2086 734 2100 686 2121 692 ship 0.6890
711 519 730 509 752 551 733 561 ship 0.6769
2037 493 2015 490 2023 434 2046 437 ship 0.6736
1098 1337 1114 1330 1131 1370 1115 1377 ship 0.6581
543 802 562 795 576 835 558 842 ship 0.6448
764 766 783 757 798 789 779 798 ship 0.6413
1081 1224 1083 1207 1139 1215 1137 1232 ship 0.6381
293 506 311 499 329 542 311 550 ship 0.6165
311 783 327 776 344 813 328 821 ship 0.5980
264 593 282 585 303 631 285 639 ship 0.5722
2059 979 2040 973 2053 927 2072 932 ship 0.5388
1900 1459 1879 1453 1893 1406 1914 1413 ship 0.4954
2026 576 2004 572 2013 519 2035 523 ship 0.4064
1036 1367 1046 1360 1073 1401 1063 1407 ship 0.1816
794 1193 779 1179 884 1071 899 1085 harbor 0.9908
1569 409 1509 385 1544 297 1604 320 harbor 0.9886
1195 390 1174 320 1320 277 1341 347 harbor 0.9859
618 1058 583 989 1029 762 1064 831 harbor 0.9770
1668 565 1646 495 1749 463 1771 533 harbor 0.9582
1853 1018 1871 893 2124 930 2106 1055 harbor 0.9548
1944 567 1956 423 2154 440 2141 584 harbor 0.9284
1587 1844 1563 1831 1616 1724 1641 1736 harbor 0.9168
1646 1171 1641 1154 1741 1127 1746 1144 harbor 0.9154
963 1332 910 1322 931 1216 983 1226 harbor 0.9001
1776 1501 1799 1386 2030 1433 2007 1549 harbor 0.8987
1607 1069 1610 1048 1709 1062 1706 1082 harbor 0.8960
1819 1262 1836 1136 2074 1168 2057 1294 harbor 0.8664
268 420 218 311 598 137 648 246 harbor 0.8295
400 932 366 829 993 625 1026 728 harbor 0.8222
196 669 155 551 828 316 869 434 harbor 0.8037
1591 1445 1623 1428 1671 1516 1640 1533 harbor 0.7996
1034 1346 1082 1324 1134 1434 1086 1457 harbor 0.7593
1766 1825 1716 1823 1722 1711 1772 1713 harbor 0.7204
1083 1224 1084 1205 1174 1211 1173 1230 harbor 0.7124
210 802 177 675 943 478 976 604 harbor 0.6701
1901 765 1914 665 2167 697 2155 797 harbor 0.6699
1732 702 1721 681 1825 630 1836 651 harbor 0.5950
1525 1534 1530 1517 1627 1544 1622 1561 harbor 0.5864
1526 1716 1520 1702 1586 1674 1592 1688 harbor 0.5628
1087 573 1138 544 1194 642 1143 671 harbor 0.2691
973 1324 950 1309 995 1241 1018 1256 harbor 0.2553
1698 984 1712 959 1776 995 1762 1020 harbor 0.1324
1113 812 1126 781 1216 819 1203 850 harbor 0.1188
159 463 141 406 262 366 281 423 harbor 0.1045
