488 733 486 715 523 711 524 729 small-vehicle 0.9862
484 860 479 842 517 831 522 849 small-vehicle 0.9859
493 933 491 914 530 909 532 928 small-vehicle 0.9852
521 943 540 942 543 985 524 986 small-vehicle 0.9822
78 120 95 116 106 158 89 162 small-vehicle 0.9819
109 265 127 262 134 300 116 303 small-vehicle 0.9734
98 117 116 113 127 159 109 164 small-vehicle 0.9690
130 265 148 262 156 303 137 306 small-vehicle 0.9690
85 269 103 266 111 306 93 309 small-vehicle 0.9644
100 225 118 222 124 263 106 265 small-vehicle 0.9640
61 127 77 123 86 160 70 164 small-vehicle 0.9615
488 94 483 75 521 65 526 84 small-vehicle 0.9600
409 1002 427 998 436 1037 419 1041 small-vehicle 0.9491
487 883 482 866 517 856 522 873 small-vehicle 0.9463
274 980 269 961 307 952 311 970 small-vehicle 0.9452
486 714 483 698 519 691 522 706 small-vehicle 0.9326
371 1096 349 1089 360 1056 382 1063 small-vehicle 0.9206
497 113 493 95 530 87 534 105 small-vehicle 0.8869
476 806 473 786 515 780 518 800 small-vehicle 0.8849
117 113 135 108 146 149 127 154 small-vehicle 0.8836
478 824 478 807 518 807 518 824 small-vehicle 0.8745
491 908 488 891 526 884 529 900 small-vehicle 0.8471
128 393 145 391 149 435 131 437 small-vehicle 0.8318
549 108 568 105 574 142 556 145 small-vehicle 0.8124
525 750 520 733 553 722 559 739 small-vehicle 0.7827
281 1029 279 1010 325 1004 327 1023 small-vehicle 0.7139
32 286 53 285 54 322 33 322 small-vehicle 0.6888
108 394 124 392 129 435 112 437 small-vehicle 0.6268
271 955 269 935 306 931 308 950 small-vehicle 0.5356
312 1117 310 1099 344 1094 347 1113 small-vehicle 0.4277
485 67 482 52 520 45 523 60 small-vehicle 0.4172
393 1040 412 1039 415 1070 396 1072 small-vehicle 0.4029
478 695 475 681 513 673 516 687 small-vehicle 0.3069
488 933 512 930 518 980 494 983 small-vehicle 0.2875
299 298 296 284 337 275 341 289 small-vehicle 0.1653
355 414 350 393 402 381 406 402 small-vehicle 0.1277
312 810 307 789 349 778 354 800 small-vehicle 0.1026
447 397 439 375 514 350 522 372 large-vehicle 0.9853
465 631 461 607 547 591 552 615 large-vehicle 0.9832
362 502 358 481 418 469 422 490 large-vehicle 0.9830
382 556 376 534 434 518 440 540 large-vehicle 0.9828
195 851 186 827 349 769 357 792 large-vehicle 0.9820
355 476 351 454 412 443 416 465 large-vehicle 0.9778
370 529 366 508 425 495 430 516 large-vehicle 0.9761
354 448 349 426 407 414 411 435 large-vehicle 0.9733
413 588 408 565 465 552 471 575 large-vehicle 0.9607
334 378 328 356 385 341 391 362 large-vehicle 0.9400
315 353 308 331 361 315 368 337 large-vehicle 0.9289
141 611 137 585 217 571 222 597 large-vehicle 0.9220
458 668 454 645 515 636 518 658 large-vehicle 0.9210
125 534 120 510 200 492 205 515 large-vehicle 0.9204
309 329 303 308 353 293 360 314 large-vehicle 0.9148
356 415 350 392 403 378 409 401 large-vehicle 0.8435
200 899 193 876 280 851 286 873 large-vehicle 0.8087
227 196 253 191 267 256 241 262 large-vehicle 0.4650
164 716 159 695 252 674 257 695 large-vehicle 0.4391
197 157 217 154 230 254 210 256 large-vehicle 0.4218
137 582 132 562 217 541 222 561 large-vehicle 0.3659
167 151 187 147 209 258 189 262 large-vehicle 0.3323
365 327 361 304 479 282 483 306 large-vehicle 0.2726
272 152 296 148 315 264 290 267 large-vehicle 0.2018
291 136 316 132 335 262 311 266 large-vehicle 0.1065
137 552 136 533 207 526 209 545 large-vehicle 0.1026
