1210 1052 1224 1042 1250 1082 1236 1091 ship 0.9861
389 1025 376 1024 378 996 390 996 ship 0.9097
1243 1053 1255 1046 1270 1075 1258 1082 ship 0.8990
276 842 275 825 317 824 317 841 ship 0.8633
798 300 790 288 818 270 826 281 ship 0.8583
799 1085 783 1085 784 1050 799 1050 ship 0.8569
1192 1102 1178 1101 1181 1073 1195 1075 ship 0.8457
1197 1085 1208 1080 1219 1106 1207 1111 ship 0.8169
997 576 990 563 1018 547 1025 559 ship 0.8162
653 1088 636 1087 638 1044 655 1045 ship 0.7256
1252 1037 1242 1032 1256 1004 1266 1009 ship 0.7241
982 556 975 544 1002 526 1010 539 ship 0.7161
830 1087 812 1087 812 1044 830 1044 ship 0.6867
982 1051 997 1051 998 1090 983 1090 ship 0.6699
1026 618 1019 607 1043 593 1049 604 ship 0.6694
272 605 272 588 312 588 312 605 ship 0.6587
296 200 285 191 309 161 320 170 ship 0.6213
1099 1101 1084 1100 1085 1067 1101 1068 ship 0.5752
449 239 433 237 436 203 453 205 ship 0.5710
614 1093 600 1090 605 1056 619 1059 ship 0.5565
480 239 466 238 469 206 483 207 ship 0.5476
1224 890 1216 881 1242 860 1250 870 ship 0.5219
667 1043 689 1042 693 1090 671 1092 ship 0.4896
811 322 804 310 831 293 839 304 ship 0.4749
281 796 282 778 315 779 315 797 ship 0.4646
458 1001 475 1001 475 1026 458 1026 ship 0.4545
279 772 279 755 318 755 318 772 ship 0.4462
926 467 920 456 945 442 951 452 ship 0.4271
1031 1106 1012 1104 1016 1063 1035 1065 ship 0.3574
1093 709 1086 698 1110 682 1117 693 ship 0.2781
731 1046 746 1045 747 1074 732 1074 ship 0.2641
1145 778 1137 767 1158 752 1166 763 ship 0.2497
806 312 798 302 822 282 830 291 ship 0.2397
327 987 320 975 347 957 355 969 ship 0.2216
1044 640 1036 629 1061 609 1070 620 ship 0.2090
893 406 885 393 912 375 920 388 ship 0.1840
767 278 748 272 762 228 782 235 ship 0.1827
422 1004 443 1004 444 1044 422 1045 ship 0.1594
1352 41 1349 25 1379 20 1382 36 ship 0.1303
947 1054 965 1054 966 1091 949 1092 ship 0.1282
1142 1098 1127 1097 1128 1069 1143 1070 ship 0.1213
1063 661 1045 634 1094 601 1112 628 harbor 0.9977
380 230 348 225 359 140 391 144 harbor 0.9975
1176 824 1161 797 1224 763 1239 790 harbor 0.9968
302 192 256 179 271 122 317 134 harbor 0.9932
590 249 538 245 544 174 595 178 harbor 0.9925
448 233 401 228 411 147 458 153 harbor 0.9901
643 258 620 255 630 198 653 202 harbor 0.9855
25 50 43 41 66 83 49 92 harbor 0.9842
1024 607 1002 578 1071 525 1093 555 harbor 0.9830
1266 981 1254 960 1299 932 1312 953 harbor 0.9816
1220 884 1203 858 1268 816 1285 842 harbor 0.9815
983 544 964 519 1015 479 1034 504 harbor 0.9802
939 482 925 461 969 433 983 454 harbor 0.9762
721 266 680 262 685 206 726 210 harbor 0.9708
514 239 481 236 486 175 518 178 harbor 0.9687
267 937 270 906 306 909 304 940 harbor 0.9669
284 1018 272 999 343 954 355 973 harbor 0.9606
876 396 856 371 892 342 912 368 harbor 0.9556
920 1103 896 1102 897 1051 922 1052 harbor 0.9539
1112 734 1096 716 1136 682 1152 700 harbor 0.9530
1252 940 1230 906 1276 876 1298 909 harbor 0.9485
447 1064 415 1063 418 1001 450 1003 harbor 0.9472
1141 770 1121 748 1157 715 1177 736 harbor 0.9467
803 326 791 303 867 260 880 283 harbor 0.9166
263 651 263 628 306 627 306 651 harbor 0.9033
101 22 127 10 148 58 123 69 harbor 0.8657
769 280 732 267 750 211 788 223 harbor 0.8563
1136 1107 1141 1072 1181 1078 1176 1113 harbor 0.8517
546 1079 515 1076 520 1031 551 1034 harbor 0.8304
786 1117 733 1115 735 1046 788 1048 harbor 0.8297
798 294 773 278 806 227 831 243 harbor 0.8267
291 577 267 576 269 544 292 545 harbor 0.7216
959 1057 982 1057 982 1109 960 1109 harbor 0.7196
273 863 273 844 315 845 315 864 harbor 0.6943
1246 1034 1258 1007 1321 1034 1310 1061 harbor 0.6928
1010 1110 1012 1064 1094 1067 1092 1114 harbor 0.6815
303 1056 287 1020 370 986 385 1022 harbor 0.6052
122 79 126 64 176 78 172 93 harbor 0.5827
901 422 892 410 925 383 935 396 harbor 0.5378
616 1046 633 1045 636 1096 619 1097 harbor 0.5191
560 1074 546 1071 555 1030 569 1033 harbor 0.4526
267 728 265 698 298 696 301 725 harbor 0.3888
682 1041 707 1041 707 1088 682 1089 harbor 0.3878
1201 1057 1228 1045 1257 1109 1230 1121 harbor 0.3793
841 1102 824 1102 826 1050 844 1050 harbor 0.3678
940 432 927 416 943 402 957 418 harbor 0.3201
273 797 274 777 316 779 315 798 harbor 0.3020
1254 1054 1263 1035 1384 1088 1375 1108 harbor 0.2731
896 408 885 395 912 373 923 386 harbor 0.2305
1201 1079 1216 1076 1226 1122 1211 1125 harbor 0.2059
861 1095 841 1095 841 1054 861 1055 harbor 0.1610
609 1092 594 1089 601 1055 616 1058 harbor 0.1267
