113 864 112 850 161 847 162 862 small-vehicle 0.1453
258 843 279 836 287 861 266 868 small-vehicle 0.1113
173 359 151 350 169 305 191 314 ship 0.6139
751 533 730 523 753 474 774 484 ship 0.5819
944 469 927 459 947 422 965 432 ship 0.4609
846 736 813 718 974 431 1007 449 harbor 0.9987
360 627 311 604 378 457 428 480 harbor 0.9986
1156 657 1102 647 1148 398 1202 408 harbor 0.9985
72 483 38 463 133 295 167 314 harbor 0.9984
1300 791 1257 777 1404 337 1446 351 harbor 0.9955
642 702 599 681 715 454 757 476 harbor 0.9931
1815 448 1892 441 1928 820 1852 827 harbor 0.9922
1682 527 1639 526 1642 327 1685 328 harbor 0.9730
2011 391 2073 390 2076 735 2014 736 harbor 0.9627
1607 619 1634 619 1635 857 1607 857 harbor 0.3533
1641 607 1623 603 1642 516 1661 521 harbor 0.2316
