1424 2719 1390 2708 1404 2662 1439 2673 plane 0.2460
717 3348 746 3338 760 3377 731 3388 ship 0.8424
894 2139 875 2122 916 2076 935 2092 ship 0.7653
1538 717 1539 681 1652 684 1651 720 ship 0.4663
1513 627 1515 594 1641 603 1639 636 ship 0.4114
556 3392 535 3382 574 3308 594 3318 ship 0.3923
831 2246 811 2229 850 2181 870 2198 ship 0.3861
653 3146 645 3114 682 3106 689 3138 ship 0.2781
1609 363 1633 352 1654 398 1631 409 ship 0.2751
116 3148 101 3131 166 3076 180 3092 ship 0.2473
250 2993 227 2989 237 2930 260 2933 ship 0.1651
601 3242 572 3238 577 3203 605 3207 ship 0.1334
755 2342 740 2329 793 2269 808 2283 ship 0.1212
1561 677 1563 651 1648 657 1646 683 ship 0.1171
1499 1350 1468 1340 1486 1287 1516 1297 ship 0.1000
1012 3218 1016 3121 1123 3126 1119 3223 roundabout 0.4291
1306 1833 1258 1774 1323 1722 1371 1781 harbor 0.8776
1162 1923 1185 1897 1253 1954 1230 1980 harbor 0.7179
1096 1971 1115 1954 1179 2022 1160 2039 harbor 0.4586
1017 2049 1029 2032 1106 2089 1094 2106 harbor 0.3743
479 3302 503 3277 538 3311 514 3336 harbor 0.3714
1211 1864 1222 1847 1281 1888 1269 1905 harbor 0.3681
1408 425 1400 395 1545 355 1554 384 harbor 0.3082
388 2786 406 2773 474 2860 456 2873 harbor 0.2667
45 3221 62 3207 110 3263 93 3277 harbor 0.2297
470 3316 445 3296 473 3259 499 3279 harbor 0.2011
559 3386 541 3376 576 3315 594 3325 harbor 0.1909
130 3192 111 3165 185 3114 204 3141 harbor 0.1285
72 3199 89 3185 137 3246 119 3260 harbor 0.1130
104 3179 126 3163 168 3218 146 3235 harbor 0.1110
1 3239 17 3228 84 3323 67 3334 harbor 0.1078
1394 2813 1358 2805 1366 2767 1402 2775 swimming-pool 0.7487
1386 2125 1365 2113 1393 2065 1413 2077 swimming-pool 0.5383
989 2951 981 2915 1019 2906 1027 2943 swimming-pool 0.3689
1312 1912 1331 1892 1359 1918 1340 1938 swimming-pool 0.3472
1245 2603 1210 2596 1217 2561 1252 2568 swimming-pool 0.1682
1327 2934 1292 2930 1296 2888 1331 2892 swimming-pool 0.1625
971 2618 987 2595 1034 2628 1018 2651 swimming-pool 0.1327
