1735 2222 1771 2209 1790 2263 1755 2276 ship 0.8805
3655 1086 3642 1056 3708 1025 3722 1055 ship 0.8237
1646 2306 1684 2294 1701 2349 1663 2361 ship 0.8234
499 3877 492 3805 590 3796 597 3867 ship 0.8045
1932 2075 1899 2072 1904 2015 1937 2018 ship 0.7930
3488 1177 3457 1162 3495 1083 3526 1098 ship 0.7632
1850 2099 1866 2070 1908 2093 1892 2122 ship 0.7312
1909 1999 1936 1982 1972 2040 1946 2057 ship 0.6606
3824 976 3839 948 3899 978 3884 1007 ship 0.5961
890 3436 905 3400 957 3422 942 3458 ship 0.5390
3852 868 3860 835 3932 852 3924 885 ship 0.5255
1401 2655 1432 2648 1444 2700 1413 2707 ship 0.4930
1816 2132 1850 2111 1879 2158 1845 2179 ship 0.4710
3886 787 3896 744 3956 758 3946 801 ship 0.4057
757 3565 802 3543 831 3602 785 3624 ship 0.3300
856 3512 865 3468 910 3477 902 3521 ship 0.3033
3361 1016 3380 986 3427 1014 3409 1044 ship 0.2729
3884 638 3919 627 3937 686 3901 697 ship 0.2271
1208 2905 1266 2901 1271 2961 1213 2966 ship 0.2170
3757 488 3741 453 3787 432 3803 467 ship 0.2134
3549 28 3578 12 3614 79 3585 95 ship 0.2059
3585 797 3560 775 3614 715 3639 736 ship 0.1832
1973 1935 1993 1916 2042 1967 2022 1986 ship 0.1594
2151 1733 2120 1713 2164 1645 2195 1665 ship 0.1562
1830 2201 1795 2182 1817 2141 1852 2160 ship 0.1416
1510 2529 1485 2491 1532 2460 1557 2498 ship 0.1296
3770 1008 3806 992 3833 1054 3797 1070 ship 0.1044
2480 1234 2513 1202 2657 1350 2625 1382 harbor 0.9871
1506 2480 1578 2422 1702 2575 1630 2633 harbor 0.9841
2130 1688 2192 1636 2296 1760 2235 1812 harbor 0.9551
2981 572 3014 546 3146 710 3113 736 harbor 0.9365
3113 414 3143 390 3211 474 3182 498 harbor 0.9157
3253 247 3303 202 3405 315 3355 360 harbor 0.8754
1152 2860 1211 2801 1334 2923 1274 2983 harbor 0.8722
2030 1861 2085 1809 2191 1921 2136 1974 harbor 0.8474
2364 1347 2401 1316 2516 1451 2479 1482 harbor 0.7835
2308 1491 2357 1465 2414 1573 2365 1599 harbor 0.7168
1262 2857 1219 2802 1419 2645 1462 2700 harbor 0.7041
2673 1150 2701 1122 2756 1178 2728 1206 harbor 0.6946
672 3712 704 3688 771 3774 739 3799 harbor 0.6276
1968 1942 1994 1919 2042 1971 2017 1994 harbor 0.6268
3639 1059 3715 1017 3801 1175 3725 1216 harbor 0.6072
3350 434 3315 414 3356 342 3391 362 harbor 0.5726
2247 1646 2269 1624 2351 1708 2328 1730 harbor 0.5679
3562 16 3587 -8 3753 160 3728 185 harbor 0.5583
980 3359 1003 3334 1097 3416 1074 3442 harbor 0.5227
3773 1023 3796 1004 3864 1086 3841 1105 harbor 0.5031
3575 1141 3622 1139 3625 1240 3578 1241 harbor 0.4967
744 3577 782 3548 860 3648 823 3677 harbor 0.4732
1027 3216 1056 3192 1137 3289 1108 3313 harbor 0.4694
968 3478 1014 3464 1028 3513 982 3527 harbor 0.4238
1654 2346 1724 2303 1823 2466 1752 2509 harbor 0.4085
1821 2283 1756 2239 1929 1985 1993 2029 harbor 0.3688
1427 2716 1395 2706 1412 2652 1444 2662 harbor 0.3636
2898 702 2919 688 3015 826 2995 840 harbor 0.3627
3928 696 3912 642 4009 613 4025 667 harbor 0.3239
2940 1037 2902 1037 2902 977 2941 978 harbor 0.3210
3506 894 3477 869 3512 827 3542 851 harbor 0.3177
3858 579 3846 547 3906 523 3918 555 harbor 0.3102
3462 1219 3428 1200 3481 1105 3515 1123 harbor 0.2344
858 3525 877 3480 929 3502 910 3547 harbor 0.2219
3579 784 3517 735 3575 660 3637 709 harbor 0.2099
3411 1012 3379 989 3414 939 3446 962 harbor 0.1721
1690 2238 1746 2198 1911 2426 1854 2467 harbor 0.1528
1897 1963 2023 1899 2114 2078 1988 2142 harbor 0.1515
892 3434 908 3401 969 3430 953 3463 harbor 0.1315
492 3864 517 3782 604 3809 579 3891 harbor 0.1013
802 3851 763 3849 766 3778 806 3780 harbor 0.1013
1752 3133 1795 3114 1821 3173 1779 3192 swimming-pool 0.9815
2049 2316 2103 2283 2148 2355 2094 2388 swimming-pool 0.8898
3056 2687 3041 2647 3085 2631 3100 2670 swimming-pool 0.8269
3072 1571 3025 1547 3069 1460 3116 1483 swimming-pool 0.2363
4062 528 3978 528 3978 422 4062 423 swimming-pool 0.2196
3555 3666 3539 3634 3586 3611 3602 3643 swimming-pool 0.1827
2124 2402 2121 2350 2181 2346 2184 2398 swimming-pool 0.1717
2039 2505 2093 2503 2095 2566 2041 2568 swimming-pool 0.1657
