221 1914 215 1895 261 1882 266 1901 ship 0.7754
1548 811 1538 791 1565 777 1576 797 ship 0.6509
722 1319 742 1312 752 1340 731 1347 ship 0.6194
1679 712 1665 695 1709 659 1723 676 ship 0.5237
2083 401 2100 384 2122 408 2104 424 ship 0.4039
1104 1032 1127 1015 1145 1040 1123 1057 ship 0.3313
1392 879 1416 866 1428 891 1404 903 ship 0.2435
1704 803 1720 797 1730 827 1713 833 ship 0.2125
1971 463 1986 454 2002 481 1987 490 ship 0.1603
679 1267 690 1256 719 1286 708 1297 ship 0.1521
1470 860 1457 846 1483 824 1495 838 ship 0.1521
1600 772 1585 748 1609 732 1624 756 ship 0.1238
2056 449 2051 426 2080 419 2085 443 ship 0.1176
342 1587 357 1577 386 1618 371 1629 ship 0.1035
379 1286 423 1249 602 1460 558 1497 harbor 0.9973
258 1476 281 1461 389 1614 367 1630 harbor 0.9925
97 1646 115 1631 196 1726 178 1741 harbor 0.9915
163 1621 180 1606 260 1693 244 1708 harbor 0.9876
1898 191 1928 165 2129 402 2099 428 harbor 0.9873
504 1240 519 1225 665 1380 650 1395 harbor 0.9851
1416 742 1438 728 1512 839 1490 854 harbor 0.9799
1553 508 1586 483 1729 668 1696 694 harbor 0.9521
1958 25 1978 7 2256 302 2236 321 harbor 0.9435
1848 327 1863 313 2021 485 2006 498 harbor 0.9234
814 797 850 774 1061 1108 1026 1130 harbor 0.9007
1291 872 1333 847 1373 914 1331 939 harbor 0.8945
1468 702 1489 687 1561 794 1540 809 harbor 0.8848
512 1098 530 1077 790 1294 772 1315 harbor 0.8354
444 1261 485 1224 644 1399 604 1436 harbor 0.7949
1548 669 1583 655 1623 758 1588 772 harbor 0.6514
1468 867 1460 852 1500 829 1508 844 harbor 0.6127
1059 925 1080 914 1144 1036 1124 1047 harbor 0.5373
716 850 751 828 970 1175 934 1198 harbor 0.5202
682 907 719 879 929 1173 892 1200 harbor 0.4797
775 819 803 800 1029 1128 1000 1147 harbor 0.4211
1384 848 1404 839 1422 882 1402 891 harbor 0.4089
1328 952 1318 936 1360 910 1370 927 harbor 0.4008
1935 79 1964 57 2188 354 2159 376 harbor 0.3806
137 1640 153 1626 223 1708 206 1722 harbor 0.3645
1430 737 1453 718 1535 816 1512 835 harbor 0.3635
877 781 923 754 1107 1070 1061 1097 harbor 0.3515
1952 462 1967 452 1991 487 1977 496 harbor 0.3318
1676 714 1660 693 1708 656 1724 677 harbor 0.3101
468 1189 491 1161 705 1344 681 1371 harbor 0.2787
1358 844 1375 835 1407 890 1390 900 harbor 0.2589
1862 282 1896 251 2076 448 2042 479 harbor 0.2160
2095 181 2114 167 2223 323 2204 336 harbor 0.2070
936 777 967 759 1146 1062 1115 1080 harbor 0.1735
1494 690 1534 669 1596 786 1556 807 harbor 0.1532
1785 556 1794 547 1818 573 1808 582 harbor 0.1209
480 371 491 363 513 389 502 398 swimming-pool 0.6208
