1936 2321 1970 2317 1978 2375 1943 2379 ship 0.4107
515 2122 526 2096 611 2133 599 2159 ship 0.3462
2677 952 2692 932 2760 985 2745 1005 ship 0.2756
75 3201 34 3185 51 3144 91 3160 ship 0.2576
2129 1352 2124 1313 2188 1304 2193 1343 ship 0.2306
2144 2215 2160 2192 2224 2236 2208 2259 ship 0.2278
2719 907 2736 878 2808 920 2791 949 ship 0.2236
1793 1509 1823 1491 1852 1540 1821 1558 ship 0.1870
660 2014 691 2001 720 2065 689 2079 ship 0.1456
2015 2308 2056 2293 2074 2341 2034 2357 ship 0.1372
1091 2892 1050 2884 1059 2835 1100 2842 ship 0.1188
1809 2091 1837 2079 1861 2132 1834 2145 ship 0.1177
3297 224 3326 207 3368 280 3338 297 harbor 0.8793
961 3095 968 3054 1059 3069 1052 3111 harbor 0.8053
910 2351 951 2339 971 2408 930 2420 harbor 0.7749
2574 1071 2598 1048 2662 1117 2637 1140 harbor 0.7118
1807 2097 1838 2081 1866 2135 1834 2151 harbor 0.7047
2840 772 2859 742 2929 788 2910 817 harbor 0.6748
1951 2056 1983 2051 1996 2126 1964 2131 harbor 0.6612
1674 1606 1700 1590 1738 1651 1711 1667 harbor 0.5939
2271 1261 2297 1252 2323 1337 2297 1345 harbor 0.5709
689 2672 666 2630 730 2595 753 2636 harbor 0.5396
2043 1362 2073 1354 2095 1440 2064 1448 harbor 0.5313
96 3079 109 3043 205 3075 193 3112 harbor 0.5293
3179 325 3209 307 3250 372 3221 391 harbor 0.5086
2613 1005 2652 998 2671 1099 2632 1107 harbor 0.4526
1224 2605 1244 2583 1307 2639 1287 2661 harbor 0.4472
681 3021 699 2969 753 2989 734 3040 harbor 0.4305
661 2011 691 1996 724 2061 694 2076 harbor 0.3889
915 3223 918 3176 1029 3184 1026 3231 harbor 0.3882
513 2125 526 2097 640 2148 627 2176 harbor 0.3438
170 2978 184 2959 269 3020 255 3039 harbor 0.3371
2679 952 2696 933 2765 994 2748 1013 harbor 0.3270
1795 1508 1823 1492 1859 1553 1832 1570 harbor 0.3228
2721 905 2741 876 2819 930 2799 959 harbor 0.3127
2066 2014 2099 2007 2119 2100 2086 2107 harbor 0.3097
1261 2585 1277 2553 1337 2583 1320 2615 harbor 0.2708
3003 544 3030 507 3083 545 3056 582 harbor 0.2449
1505 1692 1524 1681 1562 1747 1543 1757 harbor 0.2375
1355 2517 1341 2474 1391 2458 1405 2501 harbor 0.2303
1583 1658 1609 1647 1635 1709 1609 1720 harbor 0.2226
3607 173 3595 138 3649 120 3661 155 harbor 0.2171
235 2757 254 2686 354 2713 335 2784 harbor 0.1926
2523 1120 2543 1107 2590 1176 2570 1190 harbor 0.1836
39 3180 58 3148 127 3187 108 3220 harbor 0.1780
1053 2883 1064 2840 1112 2852 1101 2895 harbor 0.1709
2900 683 2930 648 2989 699 2958 734 harbor 0.1580
3116 480 3083 458 3114 413 3146 434 harbor 0.1501
2145 1316 2191 1312 2196 1367 2150 1371 harbor 0.1437
2141 2210 2155 2188 2216 2225 2202 2248 harbor 0.1348
201 2881 212 2845 290 2869 279 2905 harbor 0.1310
1705 2417 1724 2406 1763 2477 1743 2487 harbor 0.1296
1170 2653 1189 2641 1239 2721 1219 2733 harbor 0.1229
3718 153 3734 124 3804 163 3788 192 harbor 0.1159
3458 182 3488 168 3518 237 3488 251 harbor 0.1080
2798 1273 2834 1261 2850 1307 2813 1320 swimming-pool 0.5707
