430 235 389 212 437 131 477 154 ship 0.1657
1385 825 1341 819 1349 759 1394 765 ship 0.1519
3857 965 3842 928 3901 905 3916 941 ship 0.1343
457 208 436 184 545 84 566 107 ship 0.1222
208 281 168 263 193 210 232 228 ship 0.1200
894 610 839 593 863 520 918 537 ship 0.1121
3471 1114 3444 1073 3486 1047 3512 1087 ship 0.1025
293 360 258 331 323 250 358 279 harbor 0.9413
620 576 575 559 605 481 650 498 harbor 0.8822
718 583 742 549 787 582 762 615 harbor 0.8669
3512 920 3534 901 3636 1018 3613 1038 harbor 0.8643
4142 767 4133 718 4187 709 4196 758 harbor 0.8256
2703 1173 2650 1173 2650 1073 2703 1073 harbor 0.8195
416 432 394 405 449 361 471 388 harbor 0.7614
3106 1059 3151 1055 3160 1151 3115 1155 harbor 0.7531
3674 892 3711 863 3804 981 3767 1010 harbor 0.7380
4178 613 4216 593 4266 687 4227 707 harbor 0.6562
3859 966 3837 926 3886 899 3908 939 harbor 0.6064
3442 1070 3481 1047 3506 1087 3467 1111 harbor 0.5330
1377 834 1338 821 1358 764 1397 777 harbor 0.5209
885 694 906 652 962 680 942 722 harbor 0.4363
2944 1186 2897 1183 2903 1066 2950 1068 harbor 0.4007
4074 850 4049 807 4094 781 4119 823 harbor 0.3962
483 491 461 472 511 412 533 431 harbor 0.3653
2458 1116 2466 1058 2549 1069 2541 1127 harbor 0.3264
1179 808 1151 794 1184 726 1212 740 harbor 0.3064
4081 611 4155 567 4242 713 4169 757 harbor 0.2999
208 281 168 263 193 210 232 228 harbor 0.2348
3927 817 3959 794 4009 863 3977 886 harbor 0.2305
2090 1038 2047 1026 2062 968 2106 980 harbor 0.1724
753 581 775 545 868 603 846 639 harbor 0.1707
1855 985 1811 976 1822 924 1866 933 harbor 0.1318
3771 822 3785 811 3881 926 3867 938 harbor 0.1142
3943 668 4035 609 4151 788 4059 848 harbor 0.1088
1349 678 1394 676 1398 735 1352 738 swimming-pool 0.7161
3030 987 3021 934 3078 924 3087 978 swimming-pool 0.6439
