2140 1915 2226 1746 2405 1838 2318 2006 plane 0.9990
3921 1011 3874 867 4024 817 4071 961 plane 0.9977
4356 1480 4213 1405 4298 1242 4441 1317 plane 0.9972
3830 746 3712 696 3772 554 3890 603 plane 0.9971
3342 3021 3184 2962 3256 2769 3415 2828 plane 0.9970
5766 1140 5617 1080 5680 925 5829 985 plane 0.9969
5504 1042 5370 970 5454 816 5587 888 plane 0.9968
3285 1029 3406 1029 3406 1160 3285 1160 plane 0.9955
4178 1368 4015 1320 4067 1146 4229 1195 plane 0.9953
5785 1806 5639 1749 5710 1566 5857 1624 plane 0.9953
6108 2181 5965 2125 6025 1971 6168 2028 plane 0.9951
4419 1500 4509 1313 4698 1404 4608 1591 plane 0.9950
6026 1909 5874 1841 5945 1679 6098 1747 plane 0.9944
2125 2941 2133 2856 2230 2864 2222 2950 plane 0.9939
5892 2094 5766 2031 5837 1892 5962 1956 plane 0.9936
5071 1736 5145 1586 5302 1663 5228 1813 plane 0.9916
3916 1262 3795 1211 3856 1064 3977 1115 plane 0.9915
2418 3025 2479 2896 2627 2966 2567 3095 plane 0.9912
1063 3257 1109 3080 1299 3128 1254 3305 plane 0.9909
3865 1864 3737 1837 3764 1706 3892 1733 plane 0.9909
2587 3476 2486 3449 2516 3338 2617 3365 plane 0.9902
4842 1670 4920 1502 5122 1595 5045 1763 plane 0.9900
4803 1340 4686 1298 4735 1162 4852 1204 plane 0.9897
2190 4496 2350 4438 2427 4648 2267 4707 plane 0.9895
421 3158 430 3054 558 3065 549 3169 plane 0.9884
2255 2859 2166 2826 2201 2732 2290 2766 plane 0.9880
342 3319 362 3177 517 3199 497 3340 plane 0.9878
2117 3193 2019 3169 2044 3070 2141 3094 plane 0.9876
922 3139 774 3072 843 2919 991 2986 plane 0.9875
557 3060 444 3035 471 2914 584 2940 plane 0.9874
2579 3808 2471 3778 2505 3656 2613 3686 plane 0.9873
4798 1618 4678 1572 4739 1417 4859 1463 plane 0.9866
1755 2616 1609 2604 1624 2431 1770 2443 plane 0.9860
3897 3726 3825 3531 4043 3450 4115 3645 plane 0.9819
1954 3335 2002 3251 2097 3306 2049 3390 plane 0.9811
1897 3472 1936 3391 2042 3443 2003 3524 plane 0.9810
4680 1620 4581 1578 4636 1448 4735 1490 plane 0.9799
2084 3043 2094 2956 2194 2967 2184 3055 plane 0.9779
4192 1971 4097 1912 4157 1814 4252 1872 plane 0.9776
2155 1941 1997 1898 2051 1699 2209 1742 plane 0.9757
2383 3514 2240 3448 2309 3300 2452 3367 plane 0.9754
2373 1959 2489 1939 2511 2072 2395 2092 plane 0.9732
2214 2366 2271 2257 2422 2336 2366 2445 plane 0.9698
2511 2251 2550 2094 2736 2140 2697 2297 plane 0.9695
1853 2774 1907 2672 2024 2734 1970 2835 plane 0.9688
2471 2393 2521 2270 2688 2338 2638 2461 plane 0.9684
2973 2839 3030 2690 3182 2747 3125 2897 plane 0.9683
4026 1923 3893 1876 3943 1735 4076 1782 plane 0.9681
2264 2226 2324 2082 2506 2157 2446 2301 plane 0.9655
4484 2134 4334 2069 4401 1914 4551 1979 plane 0.9571
4547 2184 4590 2029 4763 2077 4720 2233 plane 0.9538
2966 2818 2875 2776 2931 2653 3022 2694 plane 0.9530
2317 3287 2352 3205 2463 3253 2428 3335 plane 0.9504
4376 2003 4302 1965 4350 1872 4424 1910 plane 0.9472
2468 2563 2539 2364 2821 2464 2750 2663 plane 0.9467
1032 3148 956 3103 1015 3002 1091 3047 plane 0.9364
4579 1328 4585 1194 4731 1200 4725 1334 plane 0.9313
3411 1607 3302 1562 3350 1446 3459 1492 plane 0.9034
2270 2549 2320 2373 2527 2433 2477 2608 plane 0.8932
4241 1416 4164 1401 4183 1302 4260 1316 plane 0.8381
2676 3870 2594 3831 2641 3733 2722 3771 plane 0.7328
1987 3258 2013 3187 2096 3218 2070 3289 plane 0.6208
4131 1879 4050 1853 4077 1769 4158 1795 plane 0.5905
3590 1677 3620 1583 3717 1615 3686 1709 plane 0.3780
4575 2126 4505 2091 4554 1993 4623 2027 plane 0.2574
4293 2011 4217 1989 4249 1878 4325 1900 plane 0.1180
1810 3360 1275 3217 1421 2668 1957 2810 basketball-court 0.4232
4889 2177 4968 1837 5485 1958 5406 2297 basketball-court 0.2756
1701 2316 1800 2008 2228 2145 2130 2453 basketball-court 0.1510
