2416 3741 2726 3572 2913 3914 2603 4083 plane 0.9996
2673 2207 2333 2164 2382 1770 2723 1813 plane 0.9996
3509 1817 3530 1484 3909 1508 3887 1841 plane 0.9995
1009 3683 1201 3398 1500 3599 1309 3884 plane 0.9993
2245 2636 1902 2583 1959 2216 2301 2269 plane 0.9992
1686 5052 1346 5051 1347 4680 1687 4681 plane 0.9992
456 4665 620 4614 680 4805 516 4857 plane 0.9992
1383 3471 1070 3346 1212 2989 1525 3114 plane 0.9992
3008 1382 3329 1362 3352 1746 3031 1765 plane 0.9981
2659 1010 2463 992 2481 795 2677 813 plane 0.9979
583 5176 737 5118 798 5279 644 5337 plane 0.9973
530 4939 687 4894 745 5096 588 5141 plane 0.9973
2842 1203 2659 1149 2717 954 2900 1008 plane 0.9971
4750 4621 4606 4603 4626 4446 4769 4464 plane 0.9948
887 6080 706 6013 795 5772 976 5839 plane 0.9941
4581 4795 4430 4792 4434 4631 4584 4635 plane 0.9936
3386 2541 3563 2462 3653 2662 3476 2742 plane 0.9927
1907 5440 1868 5236 2073 5197 2112 5402 plane 0.9898
2116 2113 1943 2098 1959 1918 2132 1933 plane 0.9868
5132 3011 4961 2949 5027 2765 5199 2828 plane 0.9858
5142 3025 5353 3019 5359 3246 5148 3252 plane 0.9849
5007 3481 4985 3291 5180 3268 5202 3458 plane 0.9846
2523 4955 2360 4866 2465 4672 2629 4761 plane 0.9831
5002 3586 5160 3538 5218 3725 5060 3774 plane 0.9766
5109 4532 4978 4452 5066 4309 5196 4389 plane 0.9756
4080 1778 4011 1777 4012 1653 4081 1653 plane 0.8736
4154 4663 4152 4582 4258 4578 4261 4659 plane 0.8065
5195 3351 5190 3259 5300 3253 5304 3346 plane 0.5967
5140 3606 5102 3509 5219 3464 5257 3560 plane 0.5273
5220 3513 5209 3411 5334 3398 5345 3500 plane 0.3371
5286 3753 5207 3707 5265 3605 5345 3650 plane 0.3257
3953 1640 3908 1560 4001 1508 4046 1588 plane 0.3037
4206 4598 4214 4525 4314 4537 4306 4610 plane 0.2788
5182 3266 5585 3209 5659 3732 5256 3789 plane 0.1437
3889 1716 3836 1682 3904 1575 3957 1609 plane 0.1032
4504 4343 4474 4296 4597 4215 4627 4261 large-vehicle 0.1348
4067 4975 4307 4871 4454 5210 4215 5314 basketball-court 0.8776
2815 4070 2861 3199 3752 3246 3706 4117 storage-tank 0.9329
3263 3649 3261 3428 3489 3426 3491 3647 storage-tank 0.1046
5182 3266 5585 3209 5659 3732 5256 3789 helicopter 0.4289
5367 3610 5465 3580 5522 3773 5425 3802 helicopter 0.3750
5288 3727 5210 3669 5313 3532 5390 3591 helicopter 0.2411
