1201 2164 1213 2108 1274 2121 1262 2178 plane 0.9925
1155 2291 1097 2276 1115 2206 1173 2221 plane 0.9893
1175 2291 1183 2237 1240 2245 1233 2299 plane 0.9893
1152 2350 1160 2295 1221 2304 1213 2359 plane 0.9877
1129 2083 1066 2073 1076 2009 1139 2019 plane 0.9815
2148 2491 2158 2436 2213 2446 2203 2501 plane 0.9599
2357 1672 2372 1623 2435 1643 2420 1692 plane 0.9272
2166 2423 2179 2374 2236 2390 2223 2438 plane 0.8137
1214 2948 1161 2936 1173 2881 1226 2893 plane 0.7615
1191 2805 1203 2758 1264 2775 1251 2822 plane 0.7377
2178 1321 2188 1272 2237 1283 2227 1331 plane 0.6378
1032 2830 1048 2783 1102 2801 1086 2848 plane 0.6062
1420 2751 1366 2737 1381 2678 1435 2692 plane 0.5092
2296 1927 2312 1880 2370 1899 2354 1946 plane 0.3981
2755 1379 2681 1375 2685 1301 2758 1305 plane 0.3717
1323 2217 1268 2205 1285 2125 1341 2137 plane 0.1870
1872 2911 1887 2865 1939 2882 1924 2928 plane 0.1792
1167 2862 1179 2823 1240 2842 1228 2881 plane 0.1685
1014 2770 970 2757 987 2698 1032 2711 plane 0.1664
1835 3035 1851 2986 1903 3003 1887 3052 plane 0.1176
2673 1382 2675 1298 2762 1301 2759 1384 storage-tank 0.3446
1034 1602 1038 1505 1137 1508 1133 1606 roundabout 0.5196
2147 3382 2057 3369 2073 3255 2164 3268 roundabout 0.3631
