3647 1537 3646 1416 3769 1414 3770 1536 plane 0.9945
3427 1734 3518 1691 3569 1798 3478 1841 plane 0.9741
3892 1505 3873 1409 3979 1388 3998 1484 plane 0.9706
2544 2628 2620 2588 2668 2680 2592 2720 plane 0.9617
2637 2579 2704 2548 2738 2618 2671 2650 plane 0.9171
5419 585 5499 564 5525 660 5445 681 plane 0.8042
2834 2546 2788 2476 2858 2431 2904 2500 plane 0.6114
3458 1976 3429 1930 3505 1883 3534 1929 plane 0.1202
4803 1166 4861 1161 4872 1305 4814 1310 large-vehicle 0.5753
3124 5096 2850 4926 3215 4339 3489 4509 tennis-court 0.5267
6125 2524 5867 2513 5880 2223 6137 2234 tennis-court 0.4206
6248 4090 6401 4090 6401 4260 6248 4260 tennis-court 0.2290
5709 2254 5808 2251 5815 2487 5715 2490 tennis-court 0.1293
