95 608 101 598 123 610 117 620 small-vehicle 0.9381
10 240 21 240 21 264 10 264 small-vehicle 0.8175
91 620 96 609 114 617 109 629 small-vehicle 0.7626
188 595 175 588 189 563 201 570 small-vehicle 0.7433
7 265 -1 265 -1 239 8 239 small-vehicle 0.4130
407 667 407 657 433 658 432 668 small-vehicle 0.3570
412 618 406 608 427 597 433 607 small-vehicle 0.2050
411 484 407 468 433 463 437 479 small-vehicle 0.1114
401 644 400 623 422 623 422 644 small-vehicle 0.1108
411 526 405 515 433 498 439 509 small-vehicle 0.1104
106 443 115 436 140 469 131 476 large-vehicle 0.9961
106 424 115 417 141 448 132 456 large-vehicle 0.9958
108 405 118 398 141 430 132 437 large-vehicle 0.9955
54 572 64 564 89 596 78 604 large-vehicle 0.9954
339 434 347 427 371 457 363 464 large-vehicle 0.9951
222 468 231 461 255 490 246 497 large-vehicle 0.9950
64 317 73 310 99 342 90 349 large-vehicle 0.9950
63 375 74 367 97 400 86 408 large-vehicle 0.9949
110 366 118 359 143 389 135 396 large-vehicle 0.9948
337 452 346 445 369 477 361 483 large-vehicle 0.9947
222 448 231 441 257 473 249 480 large-vehicle 0.9946
102 500 111 493 138 526 129 533 large-vehicle 0.9945
297 477 293 460 318 453 323 470 large-vehicle 0.9944
341 353 350 346 374 379 365 385 large-vehicle 0.9941
222 507 229 500 258 531 250 538 large-vehicle 0.9941
58 555 67 547 90 577 80 585 large-vehicle 0.9939
101 480 109 473 137 504 128 511 large-vehicle 0.9939
107 386 116 378 143 409 134 417 large-vehicle 0.9938
220 482 229 475 254 508 245 515 large-vehicle 0.9937
103 462 112 455 139 486 130 494 large-vehicle 0.9937
61 435 71 428 94 460 84 467 large-vehicle 0.9937
297 521 288 511 319 487 327 497 large-vehicle 0.9936
296 503 288 494 319 468 327 477 large-vehicle 0.9935
339 415 348 408 372 437 363 444 large-vehicle 0.9933
176 553 169 542 199 525 205 537 large-vehicle 0.9931
64 356 73 349 97 381 87 388 large-vehicle 0.9929
53 595 63 587 84 616 74 624 large-vehicle 0.9928
99 520 108 513 134 544 125 551 large-vehicle 0.9928
342 395 350 389 374 420 366 426 large-vehicle 0.9925
336 473 345 467 369 497 361 504 large-vehicle 0.9925
55 475 64 467 92 496 83 505 large-vehicle 0.9917
331 550 339 542 367 573 358 581 large-vehicle 0.9916
63 395 74 388 94 420 84 427 large-vehicle 0.9915
337 511 346 505 368 537 359 543 large-vehicle 0.9914
306 424 296 416 318 387 328 394 large-vehicle 0.9913
336 492 346 485 368 515 359 522 large-vehicle 0.9913
100 562 109 555 133 586 124 594 large-vehicle 0.9912
336 528 345 522 365 554 356 560 large-vehicle 0.9909
56 515 65 507 91 537 82 545 large-vehicle 0.9909
62 415 72 407 97 441 86 448 large-vehicle 0.9909
60 457 70 449 92 478 82 486 large-vehicle 0.9907
412 350 411 331 436 329 437 348 large-vehicle 0.9906
338 375 347 367 372 396 363 404 large-vehicle 0.9905
180 383 172 374 205 348 213 357 large-vehicle 0.9902
66 338 76 331 98 363 88 370 large-vehicle 0.9897
174 576 167 566 200 545 207 555 large-vehicle 0.9894
429 390 413 387 417 365 434 368 large-vehicle 0.9885
101 584 113 576 132 606 120 614 large-vehicle 0.9880
225 431 233 424 258 453 250 461 large-vehicle 0.9875
174 540 167 531 200 505 207 514 large-vehicle 0.9871
294 542 287 533 320 506 327 514 large-vehicle 0.9871
411 373 405 362 438 345 443 355 large-vehicle 0.9870
175 518 168 508 201 484 208 493 large-vehicle 0.9866
294 560 286 551 319 523 327 532 large-vehicle 0.9864
114 350 122 343 146 374 138 381 large-vehicle 0.9861
228 408 238 403 253 431 243 436 large-vehicle 0.9860
58 495 68 487 93 518 82 526 large-vehicle 0.9859
183 398 176 389 209 365 216 375 large-vehicle 0.9857
103 543 112 536 136 570 127 576 large-vehicle 0.9853
52 610 70 606 75 632 57 636 large-vehicle 0.9847
415 424 414 405 435 403 436 423 large-vehicle 0.9846
408 545 403 528 429 521 434 537 large-vehicle 0.9844
343 338 353 331 377 362 367 369 large-vehicle 0.9841
178 497 170 488 202 464 209 474 large-vehicle 0.9825
221 527 230 520 250 547 241 554 large-vehicle 0.9823
59 536 70 529 91 559 81 567 large-vehicle 0.9823
224 350 232 343 260 375 252 382 large-vehicle 0.9818
214 567 222 560 250 590 242 597 large-vehicle 0.9806
306 404 296 396 322 365 332 373 large-vehicle 0.9804
187 431 180 421 205 406 212 417 large-vehicle 0.9796
201 449 184 449 185 427 202 428 large-vehicle 0.9776
413 329 414 309 435 310 435 330 large-vehicle 0.9769
305 339 300 326 330 313 335 326 large-vehicle 0.9749
185 360 177 351 211 322 218 332 large-vehicle 0.9748
182 420 174 409 205 387 213 398 large-vehicle 0.9745
111 329 119 322 144 349 136 356 large-vehicle 0.9744
414 466 407 456 433 439 440 450 large-vehicle 0.9743
324 376 304 374 307 352 326 355 large-vehicle 0.9742
420 412 410 405 427 379 437 385 large-vehicle 0.9737
227 330 236 323 259 355 251 362 large-vehicle 0.9736
221 550 230 543 253 570 245 577 large-vehicle 0.9731
411 564 404 554 432 536 438 545 large-vehicle 0.9718
317 438 303 432 314 406 328 412 large-vehicle 0.9716
407 587 400 577 431 556 438 565 large-vehicle 0.9710
232 411 234 393 255 394 253 413 large-vehicle 0.9701
302 450 303 431 323 433 322 452 large-vehicle 0.9697
110 305 120 298 144 330 134 338 large-vehicle 0.9687
307 358 300 347 330 327 337 338 large-vehicle 0.9680
67 300 77 293 101 325 92 332 large-vehicle 0.9623
298 575 290 565 318 543 326 553 large-vehicle 0.9595
186 317 179 307 214 283 221 292 large-vehicle 0.9567
408 510 401 499 431 481 438 491 large-vehicle 0.9555
420 443 413 433 440 414 447 424 large-vehicle 0.9548
305 318 303 300 327 297 329 316 large-vehicle 0.9541
411 526 405 515 431 498 438 509 large-vehicle 0.9541
294 598 287 590 318 564 325 573 large-vehicle 0.9470
231 314 240 308 259 335 250 341 large-vehicle 0.9439
408 604 401 594 429 575 436 585 large-vehicle 0.9376
186 469 180 458 207 440 214 450 large-vehicle 0.9343
361 310 371 304 392 340 383 346 large-vehicle 0.9204
190 335 182 325 209 305 217 315 large-vehicle 0.8995
401 644 400 624 422 623 423 644 large-vehicle 0.8947
411 483 410 464 432 462 433 481 large-vehicle 0.8819
332 563 341 557 361 586 353 592 large-vehicle 0.8633
329 607 337 600 358 626 350 633 large-vehicle 0.6555
411 619 406 609 427 599 432 609 large-vehicle 0.5656
190 595 176 589 186 563 200 569 large-vehicle 0.4554
288 641 281 627 317 607 325 621 large-vehicle 0.3877
-6 174 -7 166 20 164 20 172 large-vehicle 0.1875
