995 3673 973 3615 1202 3529 1224 3587 ship 0.9836
1497 670 1539 635 1710 839 1668 874 ship 0.9757
2314 822 2336 801 2414 884 2393 905 ship 0.9253
3415 1931 3361 1921 3372 1861 3426 1870 ship 0.7580
3736 2116 3756 2085 3812 2120 3792 2151 ship 0.3406
1526 299 1548 283 1590 341 1568 357 ship 0.2554
3420 29 3458 -2 3535 85 3498 118 ship 0.2396
610 2465 637 2446 691 2525 664 2544 ship 0.2358
1786 273 1804 247 1869 290 1851 317 ship 0.1573
3557 1738 3598 1734 3604 1800 3562 1804 ship 0.1276
3724 806 3709 779 3792 733 3807 760 ship 0.1211
858 3866 857 3818 1014 3816 1015 3864 harbor 0.2038
