2310 1158 2353 1137 2401 1238 2359 1259 bridge 0.9700
2754 2144 2818 2106 2866 2189 2802 2226 bridge 0.9533
1217 2321 1164 2313 1176 2230 1229 2238 bridge 0.8620
1935 2897 1956 2835 2017 2856 1996 2918 bridge 0.8329
2935 3056 2968 3045 2990 3109 2956 3120 bridge 0.6822
238 2721 274 2709 295 2773 258 2784 bridge 0.5558
3352 967 3409 938 3444 1006 3387 1035 bridge 0.4673
442 542 433 499 487 488 496 531 bridge 0.3406
526 1098 523 1064 598 1057 601 1091 bridge 0.3351
3040 2576 3016 2520 3123 2474 3147 2530 bridge 0.3037
3254 2364 3262 2316 3323 2325 3315 2373 bridge 0.1504
