2443 3168 2427 3123 2496 3099 2512 3144 bridge 0.9273
2941 753 2917 742 2955 663 2979 675 bridge 0.9113
2229 2358 2226 2315 2300 2310 2303 2353 bridge 0.8316
3790 2274 3863 2244 3896 2327 3823 2356 bridge 0.7022
3519 902 3476 896 3484 834 3527 840 bridge 0.6967
519 3855 503 3810 576 3784 593 3829 bridge 0.6960
878 3130 923 3112 956 3191 911 3210 bridge 0.5394
765 3209 782 3199 820 3260 803 3271 bridge 0.2273
1649 1895 1663 1868 1739 1910 1725 1937 bridge 0.1306
3694 2809 3687 2753 3778 2742 3785 2797 bridge 0.1305
