1 3998 1 3984 46 3984 46 3999 small-vehicle 0.2340
2936 1774 2971 1765 3002 1891 2968 1900 large-vehicle 0.4058
3065 1748 3100 1741 3125 1869 3090 1876 large-vehicle 0.3431
3008 1752 3049 1743 3080 1880 3038 1889 large-vehicle 0.2645
142 1030 175 1021 203 1124 170 1133 large-vehicle 0.1593
712 1405 712 1361 866 1363 866 1407 large-vehicle 0.1486
3137 1726 3178 1718 3204 1851 3163 1859 large-vehicle 0.1436
257 3714 248 3679 340 3653 350 3688 large-vehicle 0.1431
2806 1799 2842 1789 2875 1903 2839 1913 large-vehicle 0.1413
2046 197 2040 160 2144 144 2150 181 large-vehicle 0.1197
3196 1719 3235 1715 3250 1844 3211 1848 large-vehicle 0.1141
271 3872 268 3831 370 3823 374 3864 large-vehicle 0.1057
