2580 1745 2582 1635 2731 1638 2729 1748 plane 0.9144
4648 825 4528 819 4534 673 4654 678 plane 0.8920
2058 1482 1975 1471 1989 1370 2072 1381 plane 0.7634
3094 1754 3090 1684 3195 1679 3198 1748 plane 0.5357
4485 837 4561 828 4572 919 4496 928 plane 0.5076
2327 1218 2250 1212 2260 1085 2337 1091 plane 0.4216
2330 1442 2242 1432 2257 1303 2345 1313 plane 0.3050
4088 591 4085 504 4181 501 4183 588 plane 0.2974
598 2956 621 2912 706 2957 683 3001 plane 0.2426
4575 892 4584 813 4665 822 4657 900 plane 0.2351
2742 1754 2748 1665 2869 1673 2863 1762 plane 0.1960
5365 403 5363 342 5458 339 5460 400 plane 0.1595
904 1236 904 1159 995 1159 995 1236 plane 0.1531
2512 2046 2514 1969 2672 1972 2671 2049 plane 0.1321
2070 1237 1988 1229 2003 1081 2085 1090 plane 0.1146
3678 1059 3679 1005 3849 1009 3848 1063 large-vehicle 0.3859
245 1846 293 1846 295 2110 248 2110 large-vehicle 0.1406
3140 2523 3278 2517 3285 2709 3147 2714 tennis-court 0.4340
1327 3523 1266 3486 1322 3396 1383 3434 swimming-pool 0.1901
2940 2633 2950 2517 3104 2530 3094 2646 helicopter 0.4509
4652 867 4546 863 4551 736 4657 741 helicopter 0.1974
5126 2929 5216 2922 5224 3026 5134 3033 helicopter 0.1812
