2660 745 2479 597 2656 380 2837 528 plane 0.9996
660 1391 762 1194 984 1308 882 1505 plane 0.9991
3182 3122 3287 2893 3538 3008 3434 3237 plane 0.9990
1232 1055 989 1025 1024 739 1268 770 plane 0.9989
2963 2127 2838 2047 2934 1899 3058 1979 plane 0.9985
2052 1519 1931 1461 1998 1322 2119 1380 plane 0.9984
3526 2495 3499 2261 3743 2232 3771 2466 plane 0.9982
2747 1976 2628 1917 2702 1769 2821 1829 plane 0.9979
2137 1699 2038 1633 2118 1514 2216 1580 plane 0.9966
2375 915 2435 805 2560 873 2500 983 plane 0.9962
1765 1355 1638 1293 1706 1153 1833 1215 plane 0.9961
260 887 316 790 437 859 381 957 plane 0.9958
2505 1850 2401 1786 2481 1656 2584 1719 plane 0.9943
1569 1365 1464 1303 1537 1180 1641 1242 plane 0.9933
3192 2230 3082 2166 3155 2040 3265 2104 plane 0.9906
2333 1685 2215 1639 2273 1488 2392 1534 plane 0.9885
3427 2364 3309 2316 3364 2183 3481 2231 plane 0.9835
3533 2633 3593 2539 3703 2609 3643 2703 plane 0.9790
389 676 431 573 555 624 513 726 plane 0.9633
1847 581 1900 504 1991 565 1938 643 plane 0.9451
797 1528 851 1433 1020 1530 965 1625 plane 0.4087
1714 1489 1668 1460 1708 1398 1754 1427 plane 0.3607
3193 2873 3252 2741 3432 2820 3373 2952 plane 0.1793
1956 1593 1885 1588 1892 1481 1964 1486 plane 0.1341
1403 1304 1417 1244 1477 1257 1464 1317 plane 0.1308
2981 498 2961 485 3007 410 3027 423 large-vehicle 0.1773
362 1563 439 1563 439 1644 362 1644 storage-tank 0.9692
395 1720 314 1719 314 1635 396 1636 storage-tank 0.9404
240 1170 157 1170 157 1071 240 1071 storage-tank 0.2199
154 1073 244 1070 247 1162 158 1166 roundabout 0.2111
