4879 965 4613 943 4636 657 4902 678 plane 0.9994
2066 1784 2351 1746 2390 2037 2105 2076 plane 0.9994
3227 2278 3344 2163 3473 2294 3357 2409 plane 0.9993
3083 2478 3120 2314 3309 2357 3273 2521 plane 0.9987
2862 2550 3034 2427 3187 2641 3016 2764 plane 0.9987
4334 896 4114 878 4138 598 4358 616 plane 0.9984
3364 2127 3502 2030 3612 2187 3474 2284 plane 0.9983
1720 1762 1630 1529 1888 1429 1978 1663 plane 0.9983
4595 887 4374 875 4387 631 4608 642 plane 0.9981
3758 3131 3683 2992 3852 2900 3927 3039 plane 0.9980
3706 2194 3562 2138 3622 1984 3766 2040 plane 0.9979
3600 3008 3530 2846 3706 2769 3776 2931 plane 0.9976
1626 1512 1533 1250 1801 1154 1894 1416 plane 0.9972
1794 1921 1778 1704 2042 1685 2058 1901 plane 0.9967
1746 1122 1815 909 2039 980 1970 1194 plane 0.9966
4592 1711 4599 1544 4807 1551 4801 1719 plane 0.9962
2883 3605 2799 3446 2984 3349 3068 3507 plane 0.9958
3071 1435 3028 1334 3140 1286 3183 1387 plane 0.9956
4674 1163 4669 979 4869 974 4875 1157 plane 0.9947
2824 2662 2716 2644 2736 2522 2845 2540 plane 0.9946
894 1244 841 1099 1006 1040 1058 1185 plane 0.9940
2595 2949 2763 2936 2781 3157 2613 3171 plane 0.9940
3601 1483 3757 1375 3891 1568 3735 1676 plane 0.9938
4640 1345 4640 1158 4855 1158 4855 1345 plane 0.9935
1095 1731 1056 1582 1232 1536 1271 1685 plane 0.9923
4624 1529 4622 1356 4819 1354 4821 1527 plane 0.9922
3750 2429 3798 2276 3962 2327 3914 2480 plane 0.9922
1652 931 1472 928 1476 704 1656 707 plane 0.9920
3752 2303 3696 2204 3816 2136 3872 2236 plane 0.9919
3081 1619 3084 1463 3264 1466 3262 1622 plane 0.9915
3014 1387 2908 1376 2923 1234 3029 1245 plane 0.9914
997 724 1142 690 1177 842 1033 876 plane 0.9907
2545 2165 2644 2101 2721 2220 2622 2284 plane 0.9907
3811 2637 3631 2591 3678 2410 3858 2457 plane 0.9898
1010 1402 949 1280 1097 1206 1158 1328 plane 0.9893
3994 1948 3946 1868 4029 1818 4077 1897 plane 0.9892
805 1058 799 903 956 896 962 1052 plane 0.9798
2388 2340 2454 2220 2610 2305 2544 2426 plane 0.9749
2692 2165 2663 2026 2818 1993 2847 2132 plane 0.9745
2693 1196 2871 1169 2901 1368 2723 1395 plane 0.9732
1097 1540 1055 1421 1192 1373 1234 1491 plane 0.9725
3920 3243 4024 3241 4027 3361 3923 3363 plane 0.9686
3723 3607 3704 3484 3833 3465 3851 3588 plane 0.9626
2519 2969 2585 2960 2605 3100 2539 3109 plane 0.1727
409 1473 480 1425 539 1511 469 1559 plane 0.1501
409 1473 480 1425 539 1511 469 1559 helicopter 0.2992
