4621 1907 4604 1751 4765 1733 4783 1889 plane 0.9988
1482 1817 1469 1569 1754 1555 1767 1802 plane 0.9985
504 1770 327 1689 418 1489 595 1570 plane 0.9983
182 1706 166 1544 330 1528 346 1689 plane 0.9981
3499 970 3500 873 3599 874 3598 971 plane 0.9980
5155 1910 5444 1899 5455 2202 5166 2213 plane 0.9972
2346 1754 2351 1518 2637 1524 2632 1760 plane 0.9964
4628 1578 4778 1566 4790 1721 4641 1733 plane 0.9949
2588 1435 2357 1428 2365 1183 2595 1190 plane 0.9948
3679 1158 3807 1132 3834 1264 3706 1290 plane 0.9938
3733 997 3622 992 3628 872 3739 877 plane 0.9937
4649 2382 4741 2356 4771 2464 4679 2489 plane 0.9296
