347 190 566 121 698 540 479 609 ground-track-field 0.9818
310 264 300 261 307 240 317 243 small-vehicle 0.2253
376 527 354 503 397 463 419 486 tennis-court 0.1551
393 553 374 528 425 492 443 517 tennis-court 0.1254
273 463 245 422 322 369 350 411 basketball-court 0.9154
316 514 283 474 357 413 390 452 basketball-court 0.8991
417 623 384 583 454 526 487 566 basketball-court 0.8560
373 524 353 502 394 462 415 483 basketball-court 0.5368
398 558 378 535 423 493 444 516 basketball-court 0.3309
454 660 427 619 497 573 524 614 basketball-court 0.2311
354 305 520 198 676 440 510 546 soccer-ball-field 0.9934
399 551 383 530 422 501 438 522 soccer-ball-field 0.4298
332 516 293 486 346 419 384 449 soccer-ball-field 0.2548
283 458 253 420 312 374 341 412 soccer-ball-field 0.2411
375 519 357 498 394 466 412 487 soccer-ball-field 0.2323
420 610 395 574 451 536 476 573 soccer-ball-field 0.2216
453 663 424 617 498 571 526 617 soccer-ball-field 0.1132
282 466 250 428 320 370 351 408 swimming-pool 0.3489
466 673 427 635 491 567 531 605 swimming-pool 0.1977
443 639 387 596 443 524 499 567 swimming-pool 0.1112
