1917 2318 1964 2306 1978 2364 1931 2375 plane 0.6577
1626 1314 1613 1269 1669 1252 1682 1298 plane 0.1780
1384 3282 1431 3274 1441 3329 1395 3338 small-vehicle 0.1345
1579 3222 1616 3214 1628 3264 1591 3272 small-vehicle 0.1143
220 2842 249 2833 269 2898 240 2907 small-vehicle 0.1142
1365 2255 1383 2240 1470 2342 1452 2358 large-vehicle 0.9187
1440 2227 1457 2206 1555 2287 1539 2308 large-vehicle 0.9099
681 2375 699 2354 786 2429 768 2450 large-vehicle 0.8700
439 2166 453 2150 530 2220 516 2236 large-vehicle 0.7903
1242 2294 1264 2278 1342 2383 1320 2400 large-vehicle 0.7759
1470 2210 1486 2194 1567 2272 1551 2288 large-vehicle 0.7723
1395 2256 1414 2238 1493 2323 1474 2340 large-vehicle 0.7388
778 2671 768 2644 868 2607 878 2634 large-vehicle 0.7302
1421 2243 1442 2224 1519 2310 1498 2328 large-vehicle 0.6669
1296 2285 1323 2267 1391 2368 1365 2386 large-vehicle 0.6464
1328 3303 1359 3293 1397 3407 1366 3418 large-vehicle 0.6310
612 792 609 764 699 756 702 785 large-vehicle 0.5793
737 2306 751 2290 811 2342 796 2359 large-vehicle 0.5383
1326 2274 1347 2259 1419 2355 1399 2370 large-vehicle 0.5338
621 955 615 924 711 908 716 939 large-vehicle 0.5092
850 2165 864 2147 928 2197 914 2215 large-vehicle 0.4956
1518 3280 1539 3271 1578 3364 1557 3373 large-vehicle 0.4759
1319 3042 1312 3017 1392 2996 1399 3021 large-vehicle 0.4425
835 2180 851 2161 915 2212 899 2231 large-vehicle 0.4202
1794 2144 1821 2135 1856 2247 1828 2255 large-vehicle 0.4047
1861 2103 1852 2080 1954 2040 1963 2063 large-vehicle 0.3966
1836 1969 1825 1944 1929 1899 1939 1924 large-vehicle 0.3725
1060 3389 1089 3376 1135 3481 1106 3494 large-vehicle 0.3560
1826 1767 1817 1745 1883 1716 1893 1739 large-vehicle 0.3473
723 2327 739 2311 800 2369 784 2386 large-vehicle 0.3250
900 2616 896 2588 1020 2571 1024 2600 large-vehicle 0.3167
1277 3341 1304 3331 1340 3424 1312 3434 large-vehicle 0.2872
1570 3228 1596 3220 1633 3336 1607 3344 large-vehicle 0.2826
621 922 618 892 707 882 710 912 large-vehicle 0.2612
1676 3162 1667 3136 1763 3103 1772 3128 large-vehicle 0.2394
822 2196 837 2176 900 2227 885 2246 large-vehicle 0.2195
1451 3275 1483 3262 1528 3369 1496 3382 large-vehicle 0.2092
710 2341 725 2327 790 2396 774 2411 large-vehicle 0.2039
980 3425 1007 3412 1058 3518 1032 3531 large-vehicle 0.1991
1532 2783 1524 2751 1581 2738 1589 2769 large-vehicle 0.1829
609 814 609 787 701 787 701 814 large-vehicle 0.1806
1188 3561 1185 3530 1276 3521 1280 3552 large-vehicle 0.1742
600 716 598 681 683 676 685 711 large-vehicle 0.1561
1017 1311 1041 1298 1073 1353 1049 1367 large-vehicle 0.1436
1229 3360 1256 3350 1290 3441 1263 3451 large-vehicle 0.1402
1148 3148 1141 3124 1299 3079 1306 3104 large-vehicle 0.1395
825 3166 814 3145 881 3108 893 3129 large-vehicle 0.1359
1245 2327 1267 2313 1314 2391 1292 2405 large-vehicle 0.1341
1126 3381 1159 3370 1191 3468 1158 3479 large-vehicle 0.1295
1620 1844 1657 1837 1670 1898 1633 1906 large-vehicle 0.1282
1392 3291 1423 3283 1455 3405 1423 3413 large-vehicle 0.1258
903 2809 893 2783 955 2758 965 2783 large-vehicle 0.1213
1544 3271 1565 3262 1605 3358 1584 3367 large-vehicle 0.1203
1011 3416 1035 3404 1086 3507 1062 3519 large-vehicle 0.1182
1173 3371 1206 3360 1237 3456 1204 3467 large-vehicle 0.1158
1856 2075 1849 2054 1950 2015 1958 2036 large-vehicle 0.1135
942 1119 931 1102 1014 1048 1026 1066 large-vehicle 0.1130
1599 3230 1626 3222 1652 3311 1625 3319 large-vehicle 0.1068
1124 3552 1110 3524 1172 3494 1185 3522 ship 0.6480
595 720 592 685 680 678 683 713 ship 0.2944
1470 2742 1438 2737 1456 2633 1488 2638 ship 0.2313
617 790 615 760 698 755 700 785 ship 0.1947
1121 3357 1160 3350 1176 3435 1137 3442 ship 0.1803
877 3327 870 3293 928 3282 935 3316 ship 0.1777
1290 2793 1251 2791 1256 2682 1295 2684 ship 0.1447
1522 994 1547 983 1573 1041 1548 1053 ship 0.1210
1399 2771 1359 2771 1359 2667 1399 2667 ship 0.1030
355 462 402 461 405 557 358 558 swimming-pool 0.5538
1628 1315 1616 1271 1667 1257 1679 1301 swimming-pool 0.1921
