82 581 116 570 132 621 99 631 small-vehicle 0.6961
322 581 318 527 378 523 382 577 small-vehicle 0.5660
207 534 245 527 255 586 218 593 small-vehicle 0.5569
265 522 325 515 333 574 273 582 small-vehicle 0.5321
141 551 172 542 188 597 157 607 small-vehicle 0.5213
469 1983 492 1973 521 2044 499 2054 small-vehicle 0.4303
1518 2980 1552 2971 1568 3027 1533 3037 small-vehicle 0.4055
393 528 439 523 446 583 399 588 small-vehicle 0.3497
361 383 397 376 410 433 374 441 small-vehicle 0.3265
439 519 485 506 500 563 454 576 small-vehicle 0.3185
1626 2800 1661 2783 1682 2826 1647 2843 small-vehicle 0.2784
153 435 197 423 212 479 168 491 small-vehicle 0.2741
368 1000 364 963 414 957 418 994 small-vehicle 0.2733
1577 2947 1608 2937 1627 2997 1596 3007 small-vehicle 0.2629
505 1982 534 1974 554 2046 524 2054 small-vehicle 0.2609
196 416 232 409 243 471 207 478 small-vehicle 0.2414
2229 3136 2260 3133 2268 3207 2238 3210 small-vehicle 0.2363
1494 2431 1532 2417 1548 2459 1510 2474 small-vehicle 0.2311
286 399 326 393 334 448 294 453 small-vehicle 0.2187
1564 2854 1559 2815 1616 2808 1620 2848 small-vehicle 0.2002
332 391 372 387 378 444 338 448 small-vehicle 0.1751
2288 3155 2324 3148 2339 3222 2303 3229 small-vehicle 0.1738
84 447 119 434 137 485 102 498 small-vehicle 0.1697
2182 2939 2224 2931 2233 2977 2191 2985 small-vehicle 0.1668
1148 611 1145 558 1206 554 1210 607 small-vehicle 0.1617
2106 3376 2142 3370 2156 3449 2119 3456 small-vehicle 0.1590
560 618 550 585 607 569 617 603 small-vehicle 0.1496
435 1988 458 1979 487 2055 464 2064 small-vehicle 0.1445
1000 851 996 815 1049 809 1053 845 small-vehicle 0.1304
502 852 495 810 553 801 559 844 small-vehicle 0.1274
658 1251 649 1201 702 1191 711 1242 small-vehicle 0.1162
2378 3485 2414 3476 2428 3537 2392 3546 small-vehicle 0.1027
459 333 485 327 504 414 477 420 large-vehicle 0.6562
2266 3354 2262 3323 2357 3313 2360 3344 large-vehicle 0.4950
2054 3382 2113 3373 2124 3444 2066 3454 large-vehicle 0.2647
505 1982 534 1974 554 2046 524 2054 ship 0.1647
520 410 567 399 579 450 532 461 ship 0.1029
