1310 1399 1302 1109 1631 1100 1639 1390 plane 0.9996
1315 748 1314 499 1575 498 1575 747 plane 0.9974
1071 478 1063 241 1311 233 1319 471 plane 0.9911
1868 568 1841 567 1842 533 1868 534 small-vehicle 0.3812
1746 368 1748 334 1786 336 1784 370 small-vehicle 0.3212
1918 525 1885 523 1888 489 1921 491 small-vehicle 0.3062
1704 376 1703 344 1752 343 1753 375 small-vehicle 0.2857
2283 311 2314 310 2315 345 2284 346 small-vehicle 0.2607
1861 483 1886 483 1887 525 1861 525 small-vehicle 0.2048
1703 550 1731 547 1733 581 1706 584 small-vehicle 0.1836
1859 520 1837 520 1838 482 1860 482 small-vehicle 0.1540
1782 370 1782 339 1830 338 1830 370 small-vehicle 0.1447
1763 513 1764 480 1822 481 1821 515 small-vehicle 0.1387
2149 357 2146 327 2184 324 2187 353 small-vehicle 0.1274
2347 310 2364 309 2368 345 2350 347 small-vehicle 0.1248
2321 311 2344 310 2346 346 2323 347 small-vehicle 0.1184
2181 320 2212 319 2213 356 2182 356 small-vehicle 0.1183
2267 362 2236 361 2237 319 2268 320 small-vehicle 0.1023
1694 488 1723 487 1725 517 1696 519 small-vehicle 0.1021
1392 279 1391 259 1444 259 1445 279 large-vehicle 0.2521
2229 652 2228 622 2323 619 2324 649 large-vehicle 0.1473
2079 1685 2079 1661 2146 1662 2145 1685 large-vehicle 0.1327
1569 1629 1654 1619 1669 1746 1584 1756 helicopter 0.9941
