1880 964 1643 804 1825 535 2062 696 plane 0.9997
1919 1869 1914 1716 2087 1711 2092 1864 plane 0.9995
1456 1045 1025 795 1300 319 1731 569 plane 0.9994
1039 1697 1307 1695 1309 2014 1041 2016 plane 0.9992
927 1595 698 1590 705 1284 934 1289 plane 0.9992
621 953 484 480 1041 318 1178 791 plane 0.9991
1715 2006 1460 2005 1461 1722 1716 1723 plane 0.9990
2142 2367 2163 2367 2163 2404 2142 2405 small-vehicle 0.7603
2229 2367 2252 2367 2253 2398 2230 2399 small-vehicle 0.6881
1931 2286 1959 2285 1961 2327 1933 2328 small-vehicle 0.5616
1928 2328 1897 2328 1898 2293 1929 2294 small-vehicle 0.5058
2086 2418 2054 2416 2056 2377 2088 2379 small-vehicle 0.4060
2080 2281 2106 2280 2108 2322 2082 2323 small-vehicle 0.3823
2199 2367 2222 2365 2226 2405 2202 2407 small-vehicle 0.3221
2011 2405 2009 2369 2059 2366 2061 2403 small-vehicle 0.3140
2053 2284 2080 2282 2082 2322 2055 2323 small-vehicle 0.3060
2371 893 2397 893 2398 929 2372 929 small-vehicle 0.3003
2331 1026 2306 1025 2307 981 2332 982 small-vehicle 0.2696
1785 2350 1814 2349 1815 2380 1786 2380 small-vehicle 0.2559
1850 2289 1876 2289 1877 2326 1851 2327 small-vehicle 0.2455
1982 2327 1982 2290 2021 2290 2021 2327 small-vehicle 0.2369
2313 1171 2313 1148 2351 1147 2351 1171 small-vehicle 0.2162
2257 2319 2235 2319 2236 2278 2258 2279 small-vehicle 0.2110
2203 2278 2226 2277 2228 2320 2205 2321 small-vehicle 0.2007
2115 2280 2140 2278 2143 2320 2118 2321 small-vehicle 0.1977
2158 2278 2181 2277 2183 2317 2160 2318 small-vehicle 0.1562
2309 1070 2310 1043 2344 1045 2343 1071 small-vehicle 0.1485
2403 262 2430 261 2431 295 2404 297 small-vehicle 0.1112
1595 2161 1594 2133 1650 2131 1651 2158 small-vehicle 0.1059
2315 1391 2313 1371 2355 1368 2357 1389 small-vehicle 0.1044
2325 2033 2324 2012 2400 2009 2401 2030 large-vehicle 0.7897
1399 2201 1399 2180 1477 2177 1478 2198 large-vehicle 0.5856
1312 2096 1312 2074 1382 2074 1382 2096 large-vehicle 0.5850
2394 1165 2413 1165 2413 1220 2395 1220 large-vehicle 0.4916
1313 2206 1312 2186 1385 2182 1386 2202 large-vehicle 0.4658
1601 2159 1600 2132 1652 2130 1653 2157 large-vehicle 0.4641
2092 479 2091 457 2140 454 2141 477 large-vehicle 0.4349
2422 1161 2444 1161 2446 1224 2424 1224 large-vehicle 0.2353
2371 893 2397 893 2398 929 2372 929 large-vehicle 0.1974
515 427 506 410 544 391 553 409 large-vehicle 0.1816
2278 1613 2276 1591 2321 1587 2323 1609 large-vehicle 0.1620
2410 1010 2408 976 2444 974 2446 1008 large-vehicle 0.1419
2310 1175 2310 1151 2347 1152 2346 1176 large-vehicle 0.1357
1524 156 1523 120 1600 117 1601 153 large-vehicle 0.1285
1451 159 1450 120 1519 118 1519 158 large-vehicle 0.1113
1768 590 1767 565 1815 563 1816 588 large-vehicle 0.1071
2189 524 2166 523 2167 450 2191 451 large-vehicle 0.1039
1940 2408 1940 2369 2014 2369 2014 2408 large-vehicle 0.1030
