3893 1193 3587 1192 3588 840 3894 841 plane 0.9997
3020 1112 2699 1101 2711 749 3032 759 plane 0.9996
3460 1160 3158 1153 3166 776 3468 783 plane 0.9987
4313 2229 4526 2095 4686 2349 4473 2483 plane 0.9960
1315 1247 1520 1063 1763 1335 1558 1518 plane 0.9960
2094 4020 2340 3874 2525 4185 2279 4331 plane 0.9953
1995 2448 2177 2298 2376 2540 2193 2690 plane 0.9910
4002 2460 4205 2319 4382 2574 4179 2715 plane 0.9849
1667 2846 1878 2695 2076 2971 1864 3123 plane 0.9837
810 2039 665 1783 921 1638 1066 1893 plane 0.9390
2506 3680 2750 3551 2912 3858 2668 3987 plane 0.9163
1215 3043 1440 2937 1576 3224 1350 3331 plane 0.8336
4585 317 4513 91 4821 -7 4893 218 plane 0.8003
1019 1455 1291 1322 1447 1641 1174 1774 plane 0.5581
1476 3285 1527 3281 1531 3347 1480 3351 plane 0.5209
4374 2151 4440 2118 4476 2190 4410 2223 plane 0.3839
1720 2774 1785 2722 1845 2797 1780 2849 plane 0.2752
4076 2378 4150 2362 4168 2447 4094 2463 plane 0.2645
1751 1232 1786 1200 1847 1267 1811 1299 plane 0.1623
2047 2392 2115 2363 2144 2433 2077 2462 plane 0.1571
2951 3627 2999 3601 3035 3668 2987 3694 plane 0.1235
1552 3323 1501 3295 1539 3228 1590 3256 plane 0.1126
2419 4291 2371 4238 2446 4170 2494 4224 plane 0.1106
812 4549 867 4535 885 4607 830 4621 small-vehicle 0.1710
1227 3028 1455 2931 1584 3233 1357 3330 helicopter 0.3595
1151 1737 1039 1495 1292 1377 1405 1619 helicopter 0.3577
1476 3353 1469 3295 1528 3288 1535 3346 helicopter 0.3172
2501 3713 2729 3560 2916 3839 2688 3992 helicopter 0.2401
2563 3605 2653 3582 2677 3674 2587 3697 helicopter 0.2306
1713 2772 1793 2729 1840 2817 1760 2860 helicopter 0.2125
1263 2949 1350 2945 1354 3043 1267 3046 helicopter 0.1853
1120 1397 1185 1393 1189 1485 1124 1488 helicopter 0.1795
668 1729 952 1636 1056 1956 773 2049 helicopter 0.1588
4609 332 4519 111 4799 -3 4889 218 helicopter 0.1196
1432 3246 1497 3234 1509 3301 1445 3313 helicopter 0.1171
