1796 2841 1669 2665 1876 2515 2004 2691 plane 0.9984
1143 1729 1034 1537 1264 1407 1373 1598 plane 0.9982
2154 3115 1976 3098 1997 2887 2175 2905 plane 0.9979
918 1300 1115 1177 1238 1375 1041 1498 plane 0.9976
1483 376 1613 278 1741 447 1611 546 plane 0.9968
1568 2411 1744 2298 1868 2492 1693 2605 plane 0.9962
2084 2060 2026 1954 2151 1885 2210 1991 plane 0.9954
2746 3229 2864 3142 2974 3292 2856 3379 plane 0.9953
421 505 542 453 596 578 475 630 plane 0.9911
1266 1944 1181 1739 1401 1648 1486 1853 plane 0.9893
223 605 328 556 387 682 282 731 plane 0.9863
2341 3786 2406 3695 2516 3775 2450 3866 plane 0.9796
660 377 776 337 818 460 703 500 plane 0.9630
1130 789 1242 726 1308 844 1196 906 plane 0.9623
2245 2878 2369 2851 2399 2991 2274 3017 plane 0.9444
1060 143 1172 108 1212 234 1099 269 plane 0.9442
1984 3691 2089 3646 2137 3758 2032 3803 plane 0.9399
1037 871 1013 833 1067 798 1092 836 plane 0.9266
2506 2712 2598 2667 2671 2814 2579 2859 plane 0.8407
2433 3423 2539 3383 2585 3505 2478 3545 plane 0.8319
1234 298 1293 274 1325 351 1265 375 plane 0.7550
422 780 398 729 451 704 475 754 plane 0.5980
541 630 552 576 626 592 615 645 plane 0.5150
2261 3037 2316 3024 2330 3086 2275 3099 plane 0.4302
327 722 349 677 409 705 387 751 plane 0.3850
769 492 785 438 851 457 836 511 plane 0.3689
1700 2825 1761 2810 1780 2882 1719 2897 plane 0.2941
2764 3267 2715 3265 2717 3208 2766 3210 plane 0.2898
1073 776 1088 730 1168 756 1152 802 plane 0.2455
2637 3352 2704 3314 2760 3412 2693 3450 plane 0.1682
955 1479 1026 1469 1037 1545 965 1554 plane 0.1169
1184 1733 1118 1723 1130 1644 1196 1654 plane 0.1163
934 810 964 792 996 845 966 863 plane 0.1046
2551 678 2529 665 2577 583 2600 597 large-vehicle 0.2119
593 749 663 747 664 821 594 822 storage-tank 0.2189
2623 3327 2711 3290 2763 3410 2675 3447 helicopter 0.8133
2439 3427 2533 3389 2578 3502 2485 3540 helicopter 0.1636
1178 899 1129 791 1259 733 1307 841 helicopter 0.1234
