2843 3427 2613 3383 2663 3124 2893 3168 plane 0.9982
707 1563 482 1490 557 1261 782 1334 plane 0.9976
1069 2425 1292 2336 1389 2578 1165 2667 plane 0.9964
2431 1896 2646 1780 2763 1999 2548 2115 plane 0.9950
2989 2852 3204 2757 3310 2996 3094 3091 plane 0.9940
461 618 561 541 640 643 540 720 plane 0.9911
1908 1387 1835 1264 1964 1189 2036 1312 plane 0.9845
2003 4010 2195 3917 2292 4118 2100 4210 plane 0.9844
1923 1538 2085 1432 2217 1634 2055 1740 plane 0.9802
2960 2781 2896 2670 3015 2601 3079 2712 plane 0.9793
2265 4485 2474 4380 2588 4606 2379 4712 plane 0.9753
509 1330 452 1205 588 1144 645 1269 plane 0.9639
805 207 923 162 976 301 858 346 plane 0.9229
1529 1038 1631 995 1694 1145 1592 1188 plane 0.9200
3385 3454 3278 3404 3333 3286 3440 3336 plane 0.8618
404 1089 288 1070 313 918 429 938 plane 0.8316
293 821 313 769 384 795 365 848 plane 0.6525
3233 3257 3180 3177 3287 3108 3339 3187 plane 0.6489
4139 557 4123 506 4180 489 4196 539 plane 0.6458
473 626 421 603 453 531 505 554 plane 0.3140
3422 3297 3402 3233 3476 3210 3496 3274 plane 0.2240
396 1275 447 1254 484 1342 433 1364 plane 0.2098
2008 612 2125 536 2338 865 2221 941 large-vehicle 0.1013
1987 610 2096 537 2330 887 2222 960 ship 0.8591
3192 2191 3291 2124 3662 2672 3563 2739 ship 0.6063
454 4856 496 4830 526 4878 484 4904 ship 0.2638
446 4788 472 4768 540 4853 515 4873 ship 0.1208
350 4907 393 4889 422 4960 380 4978 ship 0.1043
3225 3258 3174 3166 3296 3099 3346 3191 helicopter 0.3299
3422 3297 3402 3233 3476 3210 3496 3274 helicopter 0.1979
3389 3465 3268 3418 3321 3280 3443 3328 helicopter 0.1463
1524 1060 1635 1003 1702 1133 1591 1190 helicopter 0.1347
364 1093 283 1044 354 927 435 976 helicopter 0.1339
2419 4733 2332 4724 2343 4625 2429 4634 helicopter 0.1086
