1413 2329 1338 2218 1457 2137 1532 2248 plane 0.9979
408 551 330 443 452 354 531 462 plane 0.9971
1289 2105 1215 1989 1339 1911 1412 2027 plane 0.9969
1532 2552 1460 2434 1602 2346 1675 2464 plane 0.9900
592 1557 700 1493 791 1646 683 1710 plane 0.9686
697 1661 731 1639 761 1686 727 1708 plane 0.1023
1978 539 1990 531 2018 571 2007 580 large-vehicle 0.2080
1381 403 1353 401 1356 358 1384 360 large-vehicle 0.2076
1807 825 1823 818 1847 872 1831 879 large-vehicle 0.1958
1347 468 1359 439 1396 455 1384 484 large-vehicle 0.1852
1947 1251 1957 1241 1995 1280 1985 1290 large-vehicle 0.1760
121 2993 136 2984 168 3035 152 3045 large-vehicle 0.1648
1941 581 1956 571 1979 606 1965 616 large-vehicle 0.1437
936 949 928 932 981 906 990 924 large-vehicle 0.1371
2008 525 2019 517 2046 556 2035 564 large-vehicle 0.1357
