463 717 486 388 836 411 814 740 baseball-diamond 0.9480
934 1276 951 1275 953 1308 936 1309 small-vehicle 0.3027
993 1118 994 1098 1024 1098 1024 1118 small-vehicle 0.3027
861 1641 860 1625 888 1623 889 1639 small-vehicle 0.2310
1135 1578 1116 1576 1118 1554 1138 1556 small-vehicle 0.1862
846 1425 844 1406 878 1403 880 1422 small-vehicle 0.1381
280 1497 282 1477 308 1480 306 1500 small-vehicle 0.1199
1019 1118 1020 1100 1053 1101 1052 1119 small-vehicle 0.1104
183 1423 184 1409 232 1411 231 1425 large-vehicle 0.7194
4 256 5 238 75 243 74 261 large-vehicle 0.1477
1005 629 989 629 990 583 1006 583 large-vehicle 0.1347
937 1125 954 1124 954 1154 937 1154 large-vehicle 0.1100
692 1310 613 1306 621 1144 701 1148 tennis-court 0.9987
574 1304 493 1301 501 1143 582 1146 tennis-court 0.9986
461 1303 385 1301 389 1142 465 1144 tennis-court 0.9966
806 1307 736 1305 741 1157 811 1159 tennis-court 0.9889
236 1386 234 1363 317 1359 318 1382 swimming-pool 0.6656
