1344 1809 1359 1486 1708 1502 1693 1825 baseball-diamond 0.1113
468 2038 469 1242 2140 1243 2139 2038 ground-track-field 0.3992
673 594 1177 515 1287 1218 783 1297 ground-track-field 0.1586
1095 2177 1090 2145 1127 2140 1132 2171 small-vehicle 0.4422
876 2318 874 2288 958 2283 960 2312 small-vehicle 0.2378
1187 2133 1212 2130 1216 2174 1190 2176 small-vehicle 0.2039
1128 2178 1122 2145 1156 2138 1162 2172 small-vehicle 0.1667
1216 17 1239 16 1243 79 1220 81 small-vehicle 0.1231
899 2321 897 2288 996 2282 998 2314 large-vehicle 0.3046
1022 159 1021 137 1075 135 1076 157 large-vehicle 0.1866
1292 468 1206 467 1209 293 1295 294 tennis-court 0.9917
688 315 776 313 780 499 692 500 tennis-court 0.9901
1035 486 951 485 954 300 1038 301 tennis-court 0.9864
904 488 815 486 818 313 907 315 tennis-court 0.9861
1163 480 1077 478 1081 292 1167 294 tennis-court 0.9805
722 605 1201 581 1235 1240 756 1265 soccer-ball-field 0.9864
2579 1504 2578 1466 2619 1465 2620 1503 swimming-pool 0.9271
2532 1265 2535 1215 2603 1219 2600 1269 swimming-pool 0.8978
348 119 420 90 466 205 394 233 swimming-pool 0.1379
