562 213 558 193 601 185 605 204 small-vehicle 0.8976
307 721 323 718 331 757 316 761 small-vehicle 0.7935
787 299 809 293 817 325 796 331 small-vehicle 0.2218
817 289 808 288 809 272 818 273 small-vehicle 0.1908
175 511 199 511 200 564 176 565 small-vehicle 0.1514
576 29 598 16 624 61 603 74 small-vehicle 0.1494
336 454 333 436 367 431 370 449 small-vehicle 0.1131
342 469 359 454 430 534 413 549 large-vehicle 0.9965
643 259 666 253 690 358 667 363 large-vehicle 0.9962
387 681 412 678 427 788 402 791 large-vehicle 0.9955
672 258 695 253 715 355 693 359 large-vehicle 0.9946
700 230 725 226 744 336 719 341 large-vehicle 0.9937
618 285 644 280 659 360 633 365 large-vehicle 0.9935
731 223 756 219 772 325 748 329 large-vehicle 0.9933
287 486 302 466 391 532 376 552 large-vehicle 0.9928
614 608 642 607 649 714 622 716 large-vehicle 0.9921
587 653 612 649 629 760 604 764 large-vehicle 0.9908
191 508 206 486 290 544 275 565 large-vehicle 0.9903
487 661 511 658 522 745 498 749 large-vehicle 0.9897
641 375 668 373 676 487 649 489 large-vehicle 0.9887
669 383 694 379 712 483 686 487 large-vehicle 0.9886
741 631 767 627 781 735 755 738 large-vehicle 0.9881
230 491 245 471 340 542 325 562 large-vehicle 0.9876
457 648 485 645 494 728 466 731 large-vehicle 0.9849
330 688 357 683 371 763 344 768 large-vehicle 0.9828
361 690 387 687 399 796 373 798 large-vehicle 0.9803
515 669 538 667 546 750 522 752 large-vehicle 0.9784
435 687 462 684 473 787 446 790 large-vehicle 0.9758
797 627 816 626 821 732 801 733 large-vehicle 0.9755
689 638 718 634 731 745 703 749 large-vehicle 0.9716
714 622 738 619 749 699 725 702 large-vehicle 0.9624
567 662 593 662 594 739 568 740 large-vehicle 0.9606
766 621 789 618 796 687 774 690 large-vehicle 0.9603
76 811 104 809 112 931 84 933 large-vehicle 0.9527
140 509 167 507 171 563 144 565 large-vehicle 0.9434
573 28 594 15 624 62 602 75 large-vehicle 0.9365
170 513 193 509 201 563 178 567 large-vehicle 0.9293
808 425 817 425 818 451 809 451 large-vehicle 0.1420
