76 199 98 198 99 245 78 246 small-vehicle 0.9889
4 195 25 193 30 242 9 244 small-vehicle 0.9876
49 248 72 247 74 293 51 294 small-vehicle 0.9856
53 199 73 199 73 243 53 243 small-vehicle 0.9852
50 104 73 102 76 150 54 152 small-vehicle 0.9851
51 344 73 343 77 391 55 393 small-vehicle 0.9813
77 108 99 107 101 151 79 152 small-vehicle 0.9789
6 242 28 242 29 284 7 285 small-vehicle 0.9755
29 194 49 193 51 236 31 237 small-vehicle 0.9698
25 101 48 101 48 148 25 148 small-vehicle 0.9610
66 956 86 955 88 993 69 995 small-vehicle 0.9581
76 641 97 640 98 683 77 683 small-vehicle 0.9570
189 303 190 283 233 284 232 304 small-vehicle 0.9546
2 66 25 65 25 112 2 112 small-vehicle 0.9461
937 689 933 670 976 660 981 680 small-vehicle 0.9399
153 605 154 584 198 587 196 608 small-vehicle 0.9363
165 1049 163 1031 202 1028 203 1047 small-vehicle 0.9346
166 1006 165 988 205 986 206 1003 small-vehicle 0.9237
988 677 985 657 1025 651 1028 671 small-vehicle 0.9196
52 776 72 775 73 815 53 815 small-vehicle 0.9108
26 347 47 347 48 387 27 387 small-vehicle 0.8900
191 322 190 303 236 302 236 321 small-vehicle 0.8880
260 572 263 548 307 555 303 579 small-vehicle 0.8756
803 355 825 353 829 394 807 396 small-vehicle 0.8619
261 627 262 605 310 607 309 630 small-vehicle 0.8596
150 274 152 251 193 256 191 278 small-vehicle 0.8195
1054 527 1081 522 1092 580 1065 585 small-vehicle 0.7626
200 833 198 810 246 806 248 829 small-vehicle 0.5263
146 323 145 304 185 300 187 320 small-vehicle 0.4146
759 377 782 375 786 420 763 422 small-vehicle 0.3182
705 368 728 366 733 426 710 428 small-vehicle 0.2740
421 205 421 185 465 187 464 207 small-vehicle 0.2627
977 384 1005 379 1016 453 988 458 small-vehicle 0.1674
730 374 758 372 763 431 736 433 small-vehicle 0.1612
480 693 450 692 454 528 484 529 large-vehicle 0.9956
365 537 397 535 404 701 372 702 large-vehicle 0.9937
725 670 695 669 698 559 728 560 large-vehicle 0.9935
563 690 530 689 532 525 565 525 large-vehicle 0.9912
760 592 792 591 795 687 763 688 large-vehicle 0.9837
675 364 706 362 711 440 681 442 large-vehicle 0.9826
641 367 670 363 679 444 650 447 large-vehicle 0.9822
609 370 640 369 641 451 610 451 large-vehicle 0.9754
564 453 538 452 539 374 565 374 large-vehicle 0.9697
814 595 842 590 856 671 828 676 large-vehicle 0.9694
758 461 754 433 829 422 834 449 large-vehicle 0.9651
564 380 589 379 589 445 564 445 large-vehicle 0.9649
728 598 758 597 759 688 729 689 large-vehicle 0.9542
791 607 818 604 825 685 797 688 large-vehicle 0.8868
976 386 1003 380 1020 456 993 462 large-vehicle 0.8518
732 375 758 373 763 431 736 433 large-vehicle 0.8266
659 563 691 563 691 708 659 708 large-vehicle 0.8233
968 553 998 550 1008 632 977 636 large-vehicle 0.8030
905 551 938 546 954 656 921 660 large-vehicle 0.7376
832 495 830 464 928 459 929 489 large-vehicle 0.6629
842 584 869 580 883 666 855 670 large-vehicle 0.5520
1138 325 1163 318 1186 410 1162 416 large-vehicle 0.3777
1043 322 1076 313 1120 479 1086 488 large-vehicle 0.3731
705 368 728 366 733 426 710 428 large-vehicle 0.3022
1052 522 1080 517 1091 581 1063 586 large-vehicle 0.2736
857 540 888 534 912 661 881 667 large-vehicle 0.2164
146 323 145 304 185 300 187 320 large-vehicle 0.1593
1171 301 1197 295 1220 396 1194 402 large-vehicle 0.1144
