330 3196 301 3185 325 3123 354 3134 small-vehicle 0.2494
796 1166 810 1140 867 1171 853 1197 small-vehicle 0.2481
810 1139 826 1116 880 1153 863 1176 small-vehicle 0.2030
387 3055 358 3043 380 2989 409 3000 small-vehicle 0.1728
301 3184 272 3174 291 3119 320 3130 small-vehicle 0.1536
1692 712 1701 683 1745 697 1736 726 small-vehicle 0.1403
575 2341 546 2324 572 2277 601 2293 small-vehicle 0.1292
1525 329 1504 315 1534 270 1554 284 small-vehicle 0.1246
3024 3274 3012 3249 3061 3226 3072 3250 small-vehicle 0.1178
731 2222 703 2211 725 2157 753 2168 small-vehicle 0.1171
714 1900 728 1876 774 1903 761 1926 small-vehicle 0.1105
1587 1584 1561 1580 1572 1504 1598 1508 small-vehicle 0.1074
731 2414 704 2401 727 2353 754 2365 small-vehicle 0.1053
1561 37 1532 29 1542 -6 1571 2 small-vehicle 0.1022
1250 440 1261 415 1316 438 1306 463 small-vehicle 0.1005
929 339 938 317 1012 347 1003 369 large-vehicle 0.6822
1737 3269 1752 3259 1788 3314 1773 3324 large-vehicle 0.4771
1108 367 1117 347 1185 379 1175 400 large-vehicle 0.4416
914 297 923 276 1001 311 992 331 large-vehicle 0.4107
663 1792 674 1761 784 1799 773 1830 large-vehicle 0.4090
2922 2662 2942 2654 2975 2734 2956 2742 large-vehicle 0.3613
1755 3260 1768 3252 1806 3309 1793 3318 large-vehicle 0.3607
2827 2704 2856 2693 2897 2802 2867 2813 large-vehicle 0.3377
1790 3247 1807 3238 1835 3290 1818 3300 large-vehicle 0.2823
2901 2672 2918 2665 2951 2737 2934 2745 large-vehicle 0.2782
2793 3042 2783 3016 2838 2994 2848 3020 large-vehicle 0.2686
2962 2878 2954 2855 3058 2816 3067 2839 large-vehicle 0.1688
2981 2922 2973 2897 3077 2865 3085 2889 large-vehicle 0.1662
1102 388 1112 366 1172 394 1162 416 large-vehicle 0.1653
1046 498 1025 487 1061 417 1082 428 large-vehicle 0.1477
1561 37 1532 29 1542 -6 1571 2 large-vehicle 0.1381
1772 3257 1787 3248 1820 3302 1805 3311 large-vehicle 0.1354
946 186 912 175 959 32 993 43 large-vehicle 0.1326
1129 961 1098 950 1121 878 1153 889 large-vehicle 0.1242
677 3167 674 3138 725 3132 728 3162 large-vehicle 0.1006
2206 2502 2214 2474 2283 2495 2275 2522 ship 0.1511
3047 3318 3032 3292 3075 3267 3090 3292 ship 0.1029
861 2822 867 2750 947 2756 941 2828 storage-tank 0.1901
2609 1445 3255 1307 3440 2173 2794 2310 soccer-ball-field 0.4972
