610 735 588 727 602 684 625 692 small-vehicle 0.5253
979 776 954 771 963 731 987 736 small-vehicle 0.4880
670 732 647 728 655 680 678 684 small-vehicle 0.4685
586 722 563 717 573 670 597 676 small-vehicle 0.4610
693 740 668 733 679 696 703 703 small-vehicle 0.4046
950 779 925 773 934 730 959 735 small-vehicle 0.3272
542 708 513 702 523 657 552 664 small-vehicle 0.3157
918 767 895 762 905 722 928 728 small-vehicle 0.3044
647 739 623 738 624 697 648 697 small-vehicle 0.2498
1265 47 1271 20 1351 38 1345 65 small-vehicle 0.2465
1925 214 1936 186 2009 215 1998 243 small-vehicle 0.2229
567 717 539 713 547 665 575 670 small-vehicle 0.2226
354 679 360 653 413 667 406 692 small-vehicle 0.2119
329 1117 334 1094 385 1103 380 1127 small-vehicle 0.1754
448 421 457 402 505 424 497 443 small-vehicle 0.1596
544 427 558 394 603 412 590 445 small-vehicle 0.1532
236 674 238 642 284 644 283 675 small-vehicle 0.1364
354 641 358 615 410 622 406 648 small-vehicle 0.1227
1857 184 1864 158 1927 176 1920 201 small-vehicle 0.1189
1883 168 1892 138 1933 151 1924 181 small-vehicle 0.1137
11 639 -6 632 11 586 29 593 small-vehicle 0.1024
1771 819 1778 793 1882 819 1876 845 large-vehicle 0.9938
1758 851 1764 822 1872 845 1865 874 large-vehicle 0.9935
1908 848 1911 824 2012 837 2009 861 large-vehicle 0.9932
177 480 187 455 288 499 278 523 large-vehicle 0.9930
1758 896 1760 868 1872 878 1869 906 large-vehicle 0.9921
1654 791 1661 766 1771 798 1763 823 large-vehicle 0.9915
2018 854 2025 830 2133 862 2126 886 large-vehicle 0.9915
190 444 200 418 299 458 288 484 large-vehicle 0.9849
1981 912 1986 883 2094 902 2089 931 large-vehicle 0.9843
1773 786 1778 758 1881 778 1876 806 large-vehicle 0.9838
203 402 213 377 308 419 297 444 large-vehicle 0.9835
148 529 158 504 253 541 243 566 large-vehicle 0.9825
1877 871 1881 849 1984 865 1981 887 large-vehicle 0.9763
1902 816 1906 789 2013 804 2009 832 large-vehicle 0.9753
1664 760 1673 730 1776 759 1767 789 large-vehicle 0.9750
2102 931 2105 902 2219 912 2216 941 large-vehicle 0.9725
1867 906 1869 879 1977 890 1974 917 large-vehicle 0.9708
2036 835 2043 809 2148 837 2142 863 large-vehicle 0.9585
237 325 247 301 350 346 340 370 large-vehicle 0.9490
578 524 557 508 620 426 641 442 large-vehicle 0.9293
1101 622 1106 594 1215 614 1209 642 large-vehicle 0.9278
2235 155 2228 119 2366 93 2373 130 large-vehicle 0.9003
2125 893 2132 855 2246 876 2239 914 large-vehicle 0.8929
2203 51 2194 12 2347 -21 2355 17 large-vehicle 0.7824
2242 108 2236 70 2360 53 2365 92 large-vehicle 0.5685
2003 434 2011 402 2118 429 2110 461 large-vehicle 0.5612
695 715 702 676 859 703 852 741 large-vehicle 0.5422
2241 77 2235 46 2355 24 2361 55 large-vehicle 0.3601
1914 92 1922 54 2036 80 2027 117 large-vehicle 0.1188
829 731 828 696 864 695 865 731 storage-tank 0.1007
