448 1691 492 1685 499 1735 454 1740 plane 0.2520
813 1225 834 1217 845 1247 825 1255 small-vehicle 0.3896
642 1270 660 1264 673 1306 655 1312 small-vehicle 0.3746
657 1795 693 1783 706 1821 670 1833 small-vehicle 0.3711
581 1377 603 1368 617 1402 596 1411 small-vehicle 0.3663
456 1414 477 1409 485 1448 464 1453 small-vehicle 0.3526
1186 706 1178 684 1208 673 1216 695 small-vehicle 0.3231
531 1393 556 1387 565 1424 540 1430 small-vehicle 0.3044
742 1242 764 1233 777 1267 754 1275 small-vehicle 0.2983
659 1345 681 1340 689 1376 666 1381 small-vehicle 0.2756
597 1280 617 1273 631 1312 612 1319 small-vehicle 0.2705
689 1336 711 1328 725 1366 703 1374 small-vehicle 0.2648
743 1344 735 1323 775 1308 783 1329 small-vehicle 0.2543
677 1855 669 1832 708 1819 715 1842 small-vehicle 0.2382
666 1263 684 1258 695 1299 676 1304 small-vehicle 0.2342
417 1425 438 1418 450 1459 428 1465 small-vehicle 0.2181
504 1408 524 1402 534 1438 514 1444 small-vehicle 0.2172
620 1354 640 1347 653 1386 633 1393 small-vehicle 0.2156
487 1406 508 1403 514 1445 494 1448 small-vehicle 0.2096
786 1875 779 1852 815 1841 823 1864 small-vehicle 0.1990
-1 894 21 889 26 915 4 920 small-vehicle 0.1949
776 1234 798 1231 803 1262 781 1266 small-vehicle 0.1938
469 1323 486 1319 498 1361 481 1366 small-vehicle 0.1879
422 1514 429 1496 463 1508 456 1527 small-vehicle 0.1877
835 1224 858 1218 866 1247 844 1254 small-vehicle 0.1735
622 1273 643 1268 650 1307 629 1311 small-vehicle 0.1584
422 1338 442 1332 456 1378 437 1384 small-vehicle 0.1433
887 1278 875 1261 907 1241 918 1258 small-vehicle 0.1276
695 1921 685 1894 722 1880 732 1907 small-vehicle 0.1271
1205 786 1198 765 1240 752 1246 774 small-vehicle 0.1203
1143 608 1135 588 1168 574 1176 595 small-vehicle 0.1172
731 2028 723 2003 763 1990 771 2016 small-vehicle 0.1105
839 2023 831 2004 866 1990 873 2009 small-vehicle 0.1084
599 1368 620 1360 635 1400 614 1407 small-vehicle 0.1024
491 1318 517 1313 525 1347 499 1353 small-vehicle 0.1013
192 342 207 336 228 386 213 392 large-vehicle 0.2522
1166 1504 1160 1485 1203 1470 1209 1489 large-vehicle 0.1116
0 1306 17 1303 30 1368 12 1372 large-vehicle 0.1010
1055 1250 1151 1211 1230 1403 1134 1443 tennis-court 0.9998
554 1859 641 1829 704 2014 617 2044 tennis-court 0.9997
425 1900 520 1874 572 2065 477 2091 tennis-court 0.9996
917 1316 1012 1275 1095 1470 1000 1511 tennis-court 0.9995
777 1375 874 1335 954 1533 857 1572 tennis-court 0.9993
337 1088 433 1063 485 1259 389 1284 tennis-court 0.9990
485 1501 583 1471 648 1677 550 1708 tennis-court 0.9989
621 1454 724 1421 790 1623 687 1656 tennis-court 0.9988
211 1132 294 1098 372 1289 288 1323 tennis-court 0.9986
1199 1186 1297 1148 1371 1341 1273 1379 tennis-court 0.9984
651 1778 810 1748 850 1964 691 1994 tennis-court 0.1533
450 1686 493 1676 506 1732 463 1742 helicopter 0.1519
