250 1337 231 1332 240 1293 259 1297 small-vehicle 0.5163
599 1491 580 1488 589 1437 608 1440 small-vehicle 0.3899
601 860 606 841 649 854 644 873 small-vehicle 0.2967
669 633 674 614 712 624 708 643 small-vehicle 0.2879
513 1393 494 1389 501 1349 520 1353 small-vehicle 0.2867
664 658 669 637 709 648 704 668 small-vehicle 0.2428
171 1005 156 1003 159 967 175 968 small-vehicle 0.2243
575 1493 555 1488 568 1430 588 1435 small-vehicle 0.2179
701 1482 682 1479 689 1442 708 1446 small-vehicle 0.2099
115 1512 94 1512 95 1471 116 1471 small-vehicle 0.1852
508 1488 491 1484 501 1442 518 1447 small-vehicle 0.1824
232 1330 214 1328 218 1291 237 1294 small-vehicle 0.1769
627 1499 604 1496 610 1447 633 1450 small-vehicle 0.1676
135 963 151 963 153 1001 137 1001 small-vehicle 0.1459
679 595 685 576 723 589 717 608 small-vehicle 0.1415
444 1474 426 1469 437 1424 455 1428 small-vehicle 0.1238
690 575 695 559 730 571 725 586 small-vehicle 0.1001
276 1350 254 1347 261 1293 282 1296 large-vehicle 0.6492
807 1412 788 1408 799 1355 817 1358 large-vehicle 0.5118
292 1358 270 1354 281 1293 303 1297 large-vehicle 0.4453
884 1439 864 1435 874 1379 895 1382 large-vehicle 0.4316
574 1492 554 1487 566 1428 587 1433 large-vehicle 0.3971
287 1462 265 1457 277 1399 299 1404 large-vehicle 0.3903
711 1143 715 1124 777 1140 772 1159 large-vehicle 0.3810
554 1490 533 1485 545 1429 566 1433 large-vehicle 0.3646
312 1466 291 1462 303 1400 324 1405 large-vehicle 0.3458
361 1476 339 1473 347 1412 369 1415 large-vehicle 0.3267
794 570 776 561 805 508 823 517 large-vehicle 0.3157
93 1602 74 1599 80 1557 98 1560 large-vehicle 0.2901
706 1185 710 1163 771 1174 767 1196 large-vehicle 0.2854
790 759 793 740 855 750 852 769 large-vehicle 0.2617
386 1466 366 1465 371 1407 392 1409 large-vehicle 0.2384
722 1100 726 1081 789 1096 785 1114 large-vehicle 0.2128
724 1126 727 1108 784 1118 781 1136 large-vehicle 0.2127
786 778 789 760 851 771 848 789 large-vehicle 0.2044
487 1487 467 1482 479 1426 499 1431 large-vehicle 0.1790
823 595 827 575 886 585 882 605 large-vehicle 0.1763
798 734 803 714 864 729 859 750 large-vehicle 0.1629
846 489 849 471 907 480 905 498 large-vehicle 0.1615
837 512 840 491 903 500 900 521 large-vehicle 0.1347
627 1497 607 1495 611 1449 632 1451 large-vehicle 0.1313
444 1475 426 1470 436 1427 454 1431 large-vehicle 0.1276
718 408 723 389 768 403 763 422 large-vehicle 0.1180
599 1491 580 1488 589 1437 608 1440 large-vehicle 0.1154
834 529 837 510 900 522 896 541 large-vehicle 0.1038
821 191 769 177 798 65 851 79 tennis-court 0.9288
897 203 841 194 859 83 916 93 tennis-court 0.9187
763 175 715 163 745 49 792 61 tennis-court 0.8313
712 164 657 153 678 37 733 47 tennis-court 0.8089
648 156 598 142 629 32 679 46 tennis-court 0.6943
931 211 888 197 920 98 963 112 tennis-court 0.5677
595 141 540 130 562 18 617 29 tennis-court 0.1247
978 217 944 210 962 122 996 129 tennis-court 0.1142
