787 347 769 345 773 307 791 309 small-vehicle 0.9757
809 348 791 345 799 306 817 309 small-vehicle 0.9488
343 676 341 656 389 651 391 671 small-vehicle 0.9209
252 645 271 643 276 686 257 688 small-vehicle 0.9022
641 442 639 422 683 418 685 437 small-vehicle 0.8659
349 626 347 612 381 608 383 622 small-vehicle 0.8597
842 347 825 339 841 301 859 308 small-vehicle 0.8563
741 310 759 308 765 353 746 355 small-vehicle 0.8517
722 319 741 319 743 361 723 361 small-vehicle 0.8075
794 612 792 592 837 588 839 608 small-vehicle 0.3331
154 185 173 183 176 221 157 222 small-vehicle 0.2837
805 422 802 401 855 395 857 417 small-vehicle 0.2419
230 638 246 635 254 679 238 682 small-vehicle 0.1985
683 568 700 563 707 589 691 594 small-vehicle 0.1895
332 602 330 580 379 576 381 597 small-vehicle 0.1563
662 128 683 126 689 184 668 186 small-vehicle 0.1228
472 140 500 135 518 239 490 244 large-vehicle 0.9945
750 269 748 242 856 232 859 260 large-vehicle 0.9925
736 100 762 95 781 184 755 190 large-vehicle 0.9911
354 351 352 325 452 315 454 341 large-vehicle 0.9911
594 318 622 317 625 412 598 413 large-vehicle 0.9909
348 418 343 394 461 370 466 395 large-vehicle 0.9893
658 314 684 312 689 402 662 403 large-vehicle 0.9888
175 416 173 391 259 384 261 409 large-vehicle 0.9887
355 164 383 159 396 235 369 240 large-vehicle 0.9874
625 314 655 312 661 407 631 409 large-vehicle 0.9869
759 299 758 270 856 266 858 295 large-vehicle 0.9863
388 149 416 147 424 229 396 232 large-vehicle 0.9858
296 162 322 159 331 239 305 242 large-vehicle 0.9857
565 129 590 125 605 214 580 218 large-vehicle 0.9844
563 326 591 323 598 407 570 410 large-vehicle 0.9829
287 365 283 340 350 330 354 355 large-vehicle 0.9811
649 276 648 247 744 247 744 275 large-vehicle 0.9805
682 114 708 109 723 185 697 191 large-vehicle 0.9784
418 146 446 142 456 228 428 231 large-vehicle 0.9784
172 186 198 181 210 241 184 246 large-vehicle 0.9767
621 108 650 103 665 195 637 200 large-vehicle 0.9764
506 152 532 147 545 217 519 222 large-vehicle 0.9728
668 308 667 283 752 280 753 304 large-vehicle 0.9725
565 307 565 280 661 280 661 307 large-vehicle 0.9680
712 103 735 101 745 182 722 184 large-vehicle 0.9610
312 327 309 299 376 292 379 319 large-vehicle 0.9596
596 110 623 107 634 199 608 202 large-vehicle 0.9595
305 398 300 372 415 349 420 375 large-vehicle 0.9583
323 151 346 145 369 252 346 257 large-vehicle 0.9582
204 178 232 175 241 250 212 253 large-vehicle 0.9546
540 127 565 126 571 209 546 211 large-vehicle 0.9489
334 604 331 581 380 574 383 597 large-vehicle 0.9364
337 483 332 456 404 443 409 470 large-vehicle 0.9356
384 317 382 293 455 288 456 312 large-vehicle 0.9150
660 128 682 125 690 184 668 187 large-vehicle 0.9104
265 555 291 553 295 620 268 622 large-vehicle 0.8712
178 338 177 310 294 306 295 334 large-vehicle 0.8653
804 423 802 402 855 395 858 416 large-vehicle 0.8376
367 442 363 416 456 401 460 427 large-vehicle 0.7906
767 101 792 96 805 163 781 168 large-vehicle 0.6252
795 611 794 591 838 589 839 609 large-vehicle 0.5645
198 148 196 119 318 112 320 140 large-vehicle 0.5098
408 375 405 350 465 344 467 368 large-vehicle 0.4520
808 98 827 95 834 149 815 152 large-vehicle 0.4453
263 185 292 181 300 242 271 246 large-vehicle 0.3188
644 441 642 422 683 420 685 438 large-vehicle 0.2914
258 458 255 431 383 415 386 442 large-vehicle 0.2716
569 451 566 430 628 421 631 442 large-vehicle 0.2707
742 313 761 311 766 353 747 355 large-vehicle 0.2426
721 321 741 320 742 360 723 361 large-vehicle 0.1926
256 247 234 246 236 185 257 186 large-vehicle 0.1827
253 644 272 643 275 685 257 686 large-vehicle 0.1203
839 345 824 338 843 300 859 307 large-vehicle 0.1183
343 677 342 655 389 651 391 672 large-vehicle 0.1124
