1736 2849 1776 2848 1781 2976 1741 2978 ship 0.9939
1059 2313 1095 2312 1097 2418 1061 2419 ship 0.9912
1444 2852 1492 2850 1498 2987 1450 2989 ship 0.9909
1640 2708 1676 2707 1678 2816 1642 2817 ship 0.9882
1685 2849 1732 2847 1736 2991 1688 2992 ship 0.9849
1349 2727 1388 2727 1389 2832 1350 2833 ship 0.9848
1777 1166 1810 1166 1811 1248 1778 1249 ship 0.9842
1052 3375 1013 3374 1014 3269 1053 3270 ship 0.9839
1829 2837 1874 2835 1882 2983 1838 2986 ship 0.9829
1929 2846 1968 2844 1974 2970 1935 2971 ship 0.9824
1367 3250 1404 3248 1409 3359 1372 3360 ship 0.9817
1882 2846 1921 2844 1928 2963 1889 2965 ship 0.9815
1232 2554 1192 2554 1192 2433 1232 2433 ship 0.9815
1199 2011 1234 2010 1238 2113 1202 2114 ship 0.9815
1096 1534 1133 1533 1136 1626 1098 1627 ship 0.9809
1361 1865 1400 1863 1405 1967 1367 1969 ship 0.9796
1061 1886 1094 1883 1102 1983 1069 1986 ship 0.9795
1404 2440 1444 2440 1444 2546 1405 2546 ship 0.9790
1541 2427 1577 2426 1580 2534 1544 2535 ship 0.9789
1495 1516 1533 1515 1534 1608 1496 1608 ship 0.9787
1021 2450 1063 2449 1067 2565 1025 2567 ship 0.9781
1142 1759 1104 1759 1104 1673 1142 1673 ship 0.9780
1350 2872 1396 2871 1397 3013 1351 3013 ship 0.9778
1325 2439 1363 2437 1369 2545 1331 2547 ship 0.9775
1487 2708 1526 2706 1531 2825 1493 2827 ship 0.9769
1444 2718 1484 2718 1484 2828 1445 2828 ship 0.9769
1184 2301 1222 2299 1229 2404 1192 2406 ship 0.9768
1332 2007 1371 2007 1372 2112 1333 2113 ship 0.9765
1200 2712 1243 2710 1249 2834 1206 2836 ship 0.9763
1015 2022 1046 2016 1064 2101 1033 2107 ship 0.9736
970 2319 1008 2319 1009 2432 971 2433 ship 0.9723
1195 1657 1232 1656 1235 1745 1198 1746 ship 0.9721
952 1668 989 1665 998 1758 961 1762 ship 0.9716
1401 2297 1440 2297 1441 2399 1402 2400 ship 0.9715
1393 2718 1431 2717 1433 2827 1394 2828 ship 0.9714
971 3005 927 3003 933 2876 977 2878 ship 0.9712
1201 1404 1160 1403 1163 1297 1204 1298 ship 0.9706
1578 1986 1613 1986 1614 2081 1579 2082 ship 0.9706
1419 1523 1454 1522 1455 1614 1420 1614 ship 0.9699
1298 2725 1335 2723 1341 2830 1303 2832 ship 0.9699
1067 2727 1104 2726 1105 2842 1068 2842 ship 0.9695
1645 1958 1611 1957 1612 1878 1646 1879 ship 0.9691
1658 1982 1691 1981 1696 2065 1663 2067 ship 0.9686
1559 1177 1590 1177 1590 1260 1559 1260 ship 0.9680
1402 2859 1443 2859 1446 2992 1404 2993 ship 0.9678
1279 2435 1315 2435 1316 2546 1281 2546 ship 0.9677
1620 2288 1655 2287 1658 2388 1624 2389 ship 0.9671
1786 2844 1824 2843 1826 2965 1788 2965 ship 0.9663
1540 2717 1579 2716 1581 2822 1542 2823 ship 0.9659
1109 2009 1146 2008 1151 2130 1113 2132 ship 0.9658
906 1543 941 1542 943 1638 909 1639 ship 0.9641
1236 2433 1277 2433 1277 2556 1236 2556 ship 0.9628
1678 2711 1717 2707 1726 2810 1688 2813 ship 0.9627
988 1540 1024 1538 1028 1637 992 1638 ship 0.9626
1156 2023 1193 2021 1197 2120 1160 2121 ship 0.9626
1577 2972 1540 2971 1543 2860 1580 2861 ship 0.9621
1870 2704 1907 2699 1920 2809 1883 2814 ship 0.9620
1426 1640 1460 1639 1462 1733 1428 1734 ship 0.9617
1323 1881 1358 1879 1361 1966 1326 1967 ship 0.9614
1416 1736 1380 1736 1381 1644 1418 1644 ship 0.9606
1359 2295 1396 2293 1401 2401 1364 2403 ship 0.9600
1837 1858 1871 1857 1874 1941 1840 1943 ship 0.9600
1010 2729 1049 2728 1052 2850 1013 2851 ship 0.9596
1962 2697 1999 2693 2010 2796 1973 2800 ship 0.9592
1729 2412 1761 2412 1762 2498 1730 2499 ship 0.9588
1204 3269 1243 3269 1244 3372 1205 3372 ship 0.9586
952 2574 911 2574 912 2458 953 2459 ship 0.9586
905 2963 858 2961 863 2794 911 2796 ship 0.9581
1507 1644 1538 1644 1538 1728 1507 1728 ship 0.9567
1645 1520 1680 1520 1682 1602 1646 1603 ship 0.9565
1556 1298 1595 1298 1596 1384 1557 1384 ship 0.9563
1019 2885 1063 2883 1067 3013 1023 3015 ship 0.9550
2070 2941 2033 2941 2034 2831 2070 2831 ship 0.9542
1801 2409 1834 2409 1834 2489 1801 2489 ship 0.9538
1446 1864 1485 1861 1492 1961 1452 1963 ship 0.9519
1531 2548 1495 2548 1496 2428 1532 2428 ship 0.9496
1142 1985 1104 1985 1105 1890 1143 1891 ship 0.9492
1576 2284 1613 2284 1614 2386 1577 2386 ship 0.9488
1588 2853 1629 2851 1636 2985 1594 2987 ship 0.9482
960 1291 930 1291 931 1200 961 1200 ship 0.9476
1596 1288 1628 1287 1630 1373 1597 1373 ship 0.9462
1445 3223 1489 3221 1495 3362 1451 3364 ship 0.9457
1265 2323 1301 2317 1315 2406 1280 2411 ship 0.9439
1531 1876 1566 1874 1571 1955 1536 1957 ship 0.9422
966 1319 1007 1319 1008 1411 967 1411 ship 0.9415
1072 1284 1040 1283 1042 1195 1074 1196 ship 0.9412
1296 1623 1263 1623 1264 1539 1298 1540 ship 0.9400
1531 2300 1561 2300 1562 2390 1531 2390 ship 0.9395
1340 1535 1370 1534 1371 1617 1341 1617 ship 0.9394
1839 3231 1884 3227 1894 3345 1849 3349 ship 0.9392
1805 1978 1840 1977 1844 2062 1808 2063 ship 0.9390
1436 1379 1401 1379 1403 1292 1438 1292 ship 0.9379
1277 1974 1243 1973 1245 1892 1279 1893 ship 0.9375
1263 2864 1304 2864 1305 2981 1265 2981 ship 0.9373
949 1534 983 1532 988 1625 954 1626 ship 0.9367
1147 2439 1179 2438 1183 2552 1150 2553 ship 0.9348
1627 2426 1664 2425 1665 2520 1628 2521 ship 0.9344
1185 1896 1221 1893 1228 1978 1192 1981 ship 0.9342
1282 2108 1247 2107 1249 2006 1284 2007 ship 0.9326
1165 2876 1205 2875 1207 3004 1167 3005 ship 0.9321
1686 1870 1717 1865 1729 1945 1698 1950 ship 0.9315
1713 1526 1746 1525 1749 1603 1716 1604 ship 0.9313
1824 1511 1857 1510 1858 1599 1825 1599 ship 0.9309
1782 1363 1748 1362 1751 1280 1785 1281 ship 0.9305
1588 2428 1620 2428 1623 2527 1590 2527 ship 0.9304
1270 1273 1235 1273 1236 1176 1271 1176 ship 0.9296
1814 2693 1862 2691 1866 2812 1818 2814 ship 0.9293
1087 1310 1121 1309 1123 1390 1089 1391 ship 0.9278
1726 1865 1760 1862 1768 1945 1734 1949 ship 0.9277
1717 2304 1749 2300 1760 2381 1727 2385 ship 0.9266
1315 1386 1286 1386 1288 1305 1317 1306 ship 0.9246
1119 2879 1156 2877 1163 3006 1125 3008 ship 0.9239
971 2742 1006 2741 1008 2852 973 2852 ship 0.9226
763 1532 805 1531 808 1652 766 1654 ship 0.9218
1026 1668 1057 1664 1068 1749 1038 1753 ship 0.9215
903 1637 869 1636 871 1543 904 1544 ship 0.9212
1507 1997 1543 1997 1544 2086 1508 2087 ship 0.9211
1532 2391 1497 2391 1498 2307 1532 2307 ship 0.9206
948 2423 913 2422 916 2319 950 2320 ship 0.9165
851 2460 891 2455 902 2561 862 2566 ship 0.9155
1453 2430 1490 2430 1491 2545 1454 2546 ship 0.9144
1302 1537 1337 1536 1339 1621 1305 1622 ship 0.9141
745 3381 699 3379 708 3248 753 3251 ship 0.9124
1792 1626 1826 1626 1826 1706 1793 1706 ship 0.9120
1242 1652 1292 1652 1293 1747 1243 1748 ship 0.9114
1098 1750 1065 1749 1066 1668 1100 1669 ship 0.9113
1718 2388 1686 2386 1690 2306 1722 2308 ship 0.9107
1413 1869 1448 1869 1449 1969 1413 1969 ship 0.9102
1070 2446 1101 2445 1102 2556 1072 2557 ship 0.9069
1113 2718 1151 2715 1161 2825 1122 2828 ship 0.9055
1356 1191 1388 1189 1392 1266 1360 1268 ship 0.9053
1346 651 1312 641 1335 563 1369 573 ship 0.8993
1105 2313 1140 2312 1143 2407 1107 2408 ship 0.8976
1320 2101 1288 2101 1288 2001 1320 2001 ship 0.8957
1813 1604 1783 1600 1793 1521 1824 1525 ship 0.8956
1357 1380 1324 1380 1325 1296 1358 1296 ship 0.8914
1610 1615 1576 1613 1579 1534 1613 1535 ship 0.8899
1134 1538 1170 1533 1183 1620 1147 1626 ship 0.8873
1465 1641 1497 1639 1501 1726 1469 1727 ship 0.8815
1022 1889 1055 1887 1060 1980 1028 1982 ship 0.8742
861 1305 829 1305 830 1218 863 1219 ship 0.8658
1280 1180 1312 1178 1315 1277 1283 1278 ship 0.8651
1145 2305 1179 2304 1182 2409 1149 2411 ship 0.8646
1958 1240 1926 1240 1926 1165 1959 1165 ship 0.8633
1859 2383 1829 2380 1834 2300 1865 2303 ship 0.8631
1794 369 1794 318 1891 317 1891 368 ship 0.8609
1671 1365 1639 1365 1640 1287 1672 1287 ship 0.8558
1940 2284 1971 2284 1972 2375 1940 2375 ship 0.8458
1818 1168 1850 1165 1856 1248 1824 1251 ship 0.8452
1826 2382 1795 2379 1802 2301 1834 2304 ship 0.8444
1735 1253 1703 1252 1706 1180 1738 1181 ship 0.8421
1760 2299 1792 2297 1796 2376 1764 2377 ship 0.8402
1314 546 1278 539 1294 449 1331 456 ship 0.8351
1944 2486 1913 2485 1915 2404 1946 2404 ship 0.8339
1279 1388 1247 1388 1248 1305 1280 1305 ship 0.8304
1371 1737 1341 1736 1343 1644 1373 1645 ship 0.8225
1280 757 1252 745 1286 668 1314 680 ship 0.8170
960 3252 997 3252 999 3371 962 3372 ship 0.8144
911 1313 875 1311 882 1203 917 1205 ship 0.8090
1722 1706 1688 1706 1689 1627 1724 1628 ship 0.8030
1465 1266 1432 1265 1433 1183 1467 1183 ship 0.8011
1762 977 1753 957 1808 933 1817 954 ship 0.8009
1506 3261 1550 3260 1553 3357 1509 3358 ship 0.8007
1508 1267 1473 1266 1475 1183 1509 1183 ship 0.7986
918 2033 961 2032 965 2134 922 2135 ship 0.7977
1328 1187 1357 1186 1359 1269 1330 1270 ship 0.7946
1690 1954 1660 1953 1660 1880 1690 1880 ship 0.7822
2019 938 1994 902 2151 793 2175 829 ship 0.7738
1676 1025 1660 996 1734 957 1749 986 ship 0.7736
1432 1269 1402 1269 1402 1194 1432 1194 ship 0.7688
1856 1166 1890 1166 1890 1248 1857 1248 ship 0.7671
1358 2405 1325 2405 1326 2309 1359 2309 ship 0.7658
1907 2302 1939 2302 1939 2380 1907 2380 ship 0.7587
1213 1302 1247 1302 1248 1396 1214 1396 ship 0.7491
1665 1183 1698 1181 1702 1249 1669 1250 ship 0.7465
1837 1949 1802 1948 1805 1863 1840 1864 ship 0.7442
1784 1603 1757 1601 1761 1530 1788 1531 ship 0.7395
1758 1868 1794 1866 1799 1940 1763 1943 ship 0.7341
1824 941 1818 915 1881 900 1888 925 ship 0.7335
1913 1963 1944 1962 1946 2044 1915 2045 ship 0.7273
1613 1960 1582 1958 1587 1884 1618 1886 ship 0.7220
1188 2833 1159 2832 1160 2737 1189 2737 ship 0.7117
1392 435 1358 426 1377 350 1411 359 ship 0.7075
1139 1661 1175 1660 1177 1746 1141 1747 ship 0.6991
841 2333 885 2331 888 2429 844 2431 ship 0.6726
1615 1050 1602 1026 1672 990 1684 1014 ship 0.6671
1751 1703 1722 1702 1725 1625 1754 1626 ship 0.6630
1828 1618 1863 1618 1863 1702 1829 1703 ship 0.6553
1546 1262 1513 1262 1516 1180 1548 1180 ship 0.6503
1066 2017 1096 2016 1101 2101 1071 2103 ship 0.6415
1824 1008 1819 980 1880 969 1885 997 ship 0.6412
1934 1694 1898 1691 1904 1622 1940 1625 ship 0.6337
2015 3343 1982 3342 1984 3256 2016 3257 ship 0.6283
1418 1617 1389 1616 1391 1528 1421 1528 ship 0.6229
699 2283 661 2283 662 2178 701 2179 ship 0.6045
1457 1522 1488 1521 1491 1610 1460 1611 ship 0.5897
930 2744 960 2740 975 2840 944 2844 ship 0.5740
1967 889 1947 849 2144 749 2165 788 ship 0.5409
1657 1634 1690 1633 1693 1712 1659 1713 ship 0.5268
1651 2083 1619 2081 1624 1986 1655 1988 ship 0.5160
1118 1300 1146 1299 1146 1387 1118 1387 ship 0.5014
1935 1267 1965 1267 1967 1346 1937 1347 ship 0.5012
1631 1096 1617 1065 1682 1036 1696 1067 ship 0.4916
1775 2727 1809 2726 1811 2805 1777 2806 ship 0.4914
1405 1001 1362 928 2004 551 2047 624 ship 0.4641
1873 968 1868 939 1931 928 1936 958 ship 0.4617
1932 874 1921 846 1985 820 1996 848 ship 0.4599
1778 1252 1747 1249 1752 1174 1784 1176 ship 0.4238
1053 1405 1021 1404 1024 1307 1056 1308 ship 0.3594
1083 1397 1052 1395 1058 1302 1090 1304 ship 0.3486
1963 2813 1933 2812 1938 2722 1968 2724 ship 0.3440
1636 1609 1610 1608 1613 1526 1639 1527 ship 0.3152
1767 1023 1754 992 1821 963 1835 994 ship 0.2706
1140 2552 1104 2551 1106 2450 1142 2451 ship 0.2647
1937 1347 1904 1347 1904 1267 1938 1267 ship 0.2159
1874 918 1867 898 1927 879 1934 899 ship 0.2010
1268 701 1239 689 1283 580 1312 591 ship 0.1875
1918 1246 1886 1246 1887 1169 1919 1169 ship 0.1351
1870 2060 1841 2057 1848 1971 1877 1973 ship 0.1326
1691 1066 1679 1033 1756 1003 1768 1036 ship 0.1288
1022 1753 992 1752 994 1663 1024 1664 ship 0.1037
446 1402 384 1378 692 586 754 610 harbor 0.9869
865 3026 858 2727 2099 2697 2106 2997 harbor 0.9869
878 2113 874 1878 2004 1856 2009 2091 harbor 0.9805
401 2031 474 2021 669 3345 596 3356 harbor 0.9794
153 1352 207 1352 211 2083 158 2083 harbor 0.9686
863 2541 866 2290 2047 2302 2045 2553 harbor 0.9525
1405 1004 1357 929 2091 455 2139 530 harbor 0.9403
1634 1122 1591 1043 2183 716 2226 795 harbor 0.8737
1890 291 1915 265 2159 496 2134 523 harbor 0.8724
696 1786 682 1564 1956 1483 1970 1705 harbor 0.8640
2156 2237 2129 2195 2730 1822 2756 1864 harbor 0.8297
802 1417 791 1217 1965 1151 1976 1351 harbor 0.8203
701 3412 707 3206 2323 3247 2318 3454 harbor 0.8133
1020 868 980 852 1152 400 1192 416 harbor 0.7706
1615 1050 1565 964 2153 626 2203 712 harbor 0.4392
2360 3320 2296 3229 2696 2947 2761 3038 harbor 0.4376
2038 1331 1976 1303 2334 497 2396 525 harbor 0.3657
1273 760 1226 748 1299 447 1346 459 harbor 0.3567
962 1221 419 1105 571 392 1114 507 harbor 0.2899
2252 430 2183 426 2217 -85 2286 -80 harbor 0.2446
792 941 735 918 910 483 967 506 harbor 0.2322
1479 339 1476 287 1885 264 1888 316 harbor 0.1493
2043 532 2221 531 2228 2078 2049 2078 harbor 0.1153
