410 2550 564 2516 604 2697 450 2731 plane 0.9101
9533 3185 9669 3185 9669 3328 9533 3328 plane 0.8705
790 2208 929 2178 960 2326 822 2356 plane 0.8308
408 2578 355 2448 500 2389 553 2519 plane 0.7027
282 2266 404 2228 444 2357 322 2395 plane 0.5048
1189 2335 1079 2326 1091 2177 1201 2186 plane 0.4866
1927 2463 2033 2452 2046 2580 1939 2590 plane 0.4419
2960 2642 2944 2531 3101 2508 3117 2619 plane 0.4012
264 1053 263 954 414 952 416 1051 plane 0.1943
4092 1145 3956 1126 3976 985 4112 1004 plane 0.1467
4012 2776 3988 2640 4140 2613 4164 2749 plane 0.1453
724 959 707 852 859 827 877 934 plane 0.1125
410 2588 365 2441 518 2394 563 2542 helicopter 0.1337
