10293 1244 10445 1187 10507 1356 10355 1412 plane 0.9931
4496 3510 4641 3457 4697 3611 4552 3664 plane 0.9909
4070 3645 4224 3588 4291 3767 4136 3824 plane 0.9844
6600 1813 6552 1679 6718 1620 6766 1754 plane 0.9787
6386 1471 6538 1441 6570 1601 6418 1631 plane 0.9769
106 4177 256 4154 281 4320 132 4343 plane 0.9718
9951 1102 10134 1063 10174 1252 9991 1291 plane 0.9666
10061 1307 10203 1257 10258 1414 10116 1464 plane 0.9661
3749 3788 3881 3736 3950 3910 3818 3962 plane 0.9653
4540 3240 4688 3210 4719 3360 4570 3391 plane 0.9627
6581 1367 6741 1330 6781 1504 6621 1541 plane 0.9589
9867 1388 10003 1333 10071 1505 9935 1559 plane 0.9568
5782 2969 5737 2819 5891 2773 5935 2924 plane 0.9496
3544 3859 3682 3803 3752 3977 3614 4033 plane 0.9422
1766 4809 1621 4782 1659 4582 1803 4608 plane 0.9397
682 4207 839 4195 854 4392 697 4404 plane 0.9387
319 4101 457 4058 501 4201 363 4243 plane 0.9305
3144 3458 3114 3320 3263 3287 3293 3425 plane 0.8521
3228 4190 3362 4158 3397 4304 3262 4335 plane 0.8464
5092 3580 5238 3547 5275 3712 5129 3745 plane 0.8359
10353 924 10189 923 10190 756 10354 756 plane 0.8170
5689 2543 5823 2508 5862 2656 5728 2691 plane 0.8045
10542 1123 10659 1086 10704 1226 10588 1264 plane 0.7561
6206 1533 6355 1514 6378 1688 6229 1708 plane 0.7508
4344 3218 4288 3100 4444 3027 4499 3145 plane 0.7336
4086 2161 4211 2150 4228 2339 4103 2350 plane 0.7253
9035 1005 9084 875 9219 925 9170 1055 plane 0.6355
9610 964 9772 941 9797 1120 9635 1143 plane 0.5845
10765 4870 10652 4817 10721 4672 10833 4725 plane 0.5214
6116 1776 6006 1772 6014 1582 6124 1587 plane 0.2884
11123 5001 11011 4951 11076 4806 11187 4856 plane 0.2473
4608 3887 4585 3747 4742 3720 4766 3860 plane 0.2458
5290 2681 5413 2666 5434 2840 5311 2855 plane 0.1990
3896 3240 4029 3186 4084 3324 3952 3378 plane 0.1717
6561 2805 6669 2765 6741 2963 6632 3003 plane 0.1525
2389 2687 2483 2652 2542 2811 2448 2846 plane 0.1438
6738 2451 6856 2418 6896 2561 6777 2594 plane 0.1320
11694 4978 11729 4842 11956 4901 11921 5037 small-vehicle 0.2481
11371 88 11482 52 11548 260 11437 295 ship 0.2563
11046 88 11149 43 11273 324 11170 369 ship 0.1896
11211 83 11321 44 11416 314 11306 353 ship 0.1400
10867 207 10960 163 11072 398 10979 442 ship 0.1369
678 4182 837 4168 854 4370 695 4383 helicopter 0.1084
