219 53 213 44 234 30 240 40 small-vehicle 0.8130
606 380 606 370 629 370 629 380 small-vehicle 0.7078
55 37 55 27 73 28 73 38 small-vehicle 0.3014
59 58 59 49 77 47 78 56 small-vehicle 0.2261
95 57 85 57 85 38 95 38 small-vehicle 0.2177
521 433 521 424 541 425 541 434 small-vehicle 0.1908
150 84 151 73 177 75 176 86 small-vehicle 0.1240
57 46 57 37 80 37 80 46 small-vehicle 0.1038
286 231 327 230 328 320 286 320 tennis-court 0.9998
338 229 379 229 380 319 339 319 tennis-court 0.9998
231 231 273 230 275 318 234 319 tennis-court 0.9997
445 320 404 320 405 231 446 232 tennis-court 0.9997
317 464 274 462 277 376 320 377 tennis-court 0.9996
191 375 232 375 232 464 191 464 tennis-court 0.9996
276 514 317 514 317 600 276 600 tennis-court 0.9996
371 600 329 600 329 513 371 513 tennis-court 0.9995
218 320 176 319 178 229 221 230 tennis-court 0.9994
371 464 327 462 330 375 374 377 tennis-court 0.9994
456 231 497 231 498 317 457 318 tennis-court 0.9993
165 320 122 318 125 231 168 232 tennis-court 0.9992
463 537 463 513 505 515 504 539 tennis-court 0.9822
457 563 459 540 505 543 504 566 tennis-court 0.9473
