559 64 570 61 575 84 565 87 small-vehicle 0.9866
523 48 534 46 540 69 529 72 small-vehicle 0.9862
78 166 88 163 94 187 84 190 small-vehicle 0.9843
25 185 35 183 39 204 30 206 small-vehicle 0.9842
46 201 56 198 62 216 53 220 small-vehicle 0.9813
578 249 575 240 598 233 601 242 small-vehicle 0.9763
651 260 648 251 669 243 673 252 small-vehicle 0.9748
670 323 667 314 689 308 691 318 small-vehicle 0.9728
15 186 24 184 28 203 19 205 small-vehicle 0.9709
235 23 244 21 250 41 241 44 small-vehicle 0.9700
629 372 639 369 644 391 634 393 small-vehicle 0.9700
75 195 84 192 90 210 81 214 small-vehicle 0.9693
660 288 657 278 679 271 682 281 small-vehicle 0.9689
495 58 505 56 511 77 500 80 small-vehicle 0.9637
84 192 93 189 98 207 90 210 small-vehicle 0.9632
680 362 677 353 697 346 700 355 small-vehicle 0.9584
650 334 647 324 667 318 670 328 small-vehicle 0.9560
56 197 64 194 70 212 62 215 small-vehicle 0.9556
649 250 646 241 665 234 668 242 small-vehicle 0.9553
644 234 640 225 661 216 665 226 small-vehicle 0.9523
648 323 644 312 666 305 670 316 small-vehicle 0.9518
551 208 547 197 568 191 572 201 small-vehicle 0.9518
630 206 627 197 648 188 651 197 small-vehicle 0.9505
506 58 515 55 520 74 511 76 small-vehicle 0.9497
641 300 638 291 657 284 660 293 small-vehicle 0.9485
646 311 642 302 662 294 665 304 small-vehicle 0.9478
304 5 314 3 319 24 309 26 small-vehicle 0.9478
225 26 233 23 240 42 232 45 small-vehicle 0.9470
673 342 671 332 692 327 694 337 small-vehicle 0.9453
525 8 533 6 537 24 529 26 small-vehicle 0.9394
610 353 605 344 624 334 629 344 small-vehicle 0.9365
593 183 589 174 608 166 612 175 small-vehicle 0.9364
651 346 649 336 669 331 671 342 small-vehicle 0.9334
541 160 537 151 556 143 559 152 small-vehicle 0.9329
616 171 611 163 629 153 633 161 small-vehicle 0.9292
2 213 12 211 18 234 7 236 small-vehicle 0.9217
641 224 636 215 657 204 661 214 small-vehicle 0.9192
496 363 506 357 517 377 506 382 small-vehicle 0.9150
547 179 543 169 561 161 566 171 small-vehicle 0.9150
209 30 218 28 223 49 214 51 small-vehicle 0.9136
515 10 523 9 526 28 518 29 small-vehicle 0.9131
553 42 562 40 566 60 556 61 small-vehicle 0.9124
665 305 663 295 684 290 686 300 small-vehicle 0.9100
560 220 557 209 579 203 582 214 small-vehicle 0.9095
611 163 606 154 624 143 629 152 small-vehicle 0.9088
620 236 617 226 637 218 640 228 small-vehicle 0.9088
552 399 549 389 571 382 574 392 small-vehicle 0.9070
544 48 552 46 556 63 548 65 small-vehicle 0.9057
629 253 626 244 645 238 648 248 small-vehicle 0.9056
549 69 558 66 564 84 554 87 small-vehicle 0.9052
604 331 600 322 618 315 622 325 small-vehicle 0.8995
4 187 13 185 17 203 9 205 small-vehicle 0.8959
539 72 548 69 554 87 544 90 small-vehicle 0.8953
677 352 674 343 696 336 699 346 small-vehicle 0.8910
294 10 302 9 306 28 297 30 small-vehicle 0.8901
659 359 657 350 675 345 677 354 small-vehicle 0.8759
659 278 656 268 679 260 683 269 small-vehicle 0.8706
530 123 526 114 546 107 550 116 small-vehicle 0.8693
682 381 679 372 701 366 704 375 small-vehicle 0.8690
681 372 678 362 699 357 702 367 small-vehicle 0.8660
601 36 597 26 618 16 622 26 small-vehicle 0.8599
606 197 602 189 618 180 622 188 small-vehicle 0.8568
630 196 625 187 643 178 648 186 small-vehicle 0.8499
608 343 603 336 619 325 624 333 small-vehicle 0.8485
560 427 557 416 580 410 583 421 small-vehicle 0.8391
686 399 684 390 704 384 707 393 small-vehicle 0.8213
624 189 619 179 639 169 644 179 small-vehicle 0.8181
636 216 632 207 652 198 656 207 small-vehicle 0.8169
61 177 69 174 75 192 66 195 small-vehicle 0.8143
634 263 630 255 647 247 650 255 small-vehicle 0.8106
594 129 589 120 607 108 613 117 small-vehicle 0.8103
638 284 635 276 653 268 656 276 small-vehicle 0.8059
598 139 593 130 613 119 618 129 small-vehicle 0.8048
625 243 622 235 641 228 644 237 small-vehicle 0.7876
504 12 514 11 516 32 506 33 small-vehicle 0.7814
594 16 590 8 608 1 611 9 small-vehicle 0.7729
186 511 191 499 216 508 212 520 small-vehicle 0.7719
534 4 541 3 545 19 537 20 small-vehicle 0.7706
274 14 283 12 288 32 279 34 small-vehicle 0.7683
608 42 604 35 621 26 625 33 small-vehicle 0.7455
538 150 534 140 553 133 557 143 small-vehicle 0.7442
665 384 661 377 676 367 681 373 small-vehicle 0.7242
549 385 546 375 569 370 571 381 small-vehicle 0.7184
661 370 658 361 676 355 679 364 small-vehicle 0.7164
636 275 632 267 650 260 653 267 small-vehicle 0.7109
668 314 666 306 686 301 689 309 small-vehicle 0.6953
603 149 598 140 617 129 622 138 small-vehicle 0.6919
688 408 686 399 707 394 710 403 small-vehicle 0.6848
656 270 652 260 673 252 676 262 small-vehicle 0.6710
339 -2 348 -4 353 14 343 16 small-vehicle 0.6611
690 416 689 407 709 404 710 414 small-vehicle 0.6298
543 1 551 0 556 17 547 19 small-vehicle 0.6142
620 181 615 172 634 162 638 171 small-vehicle 0.6077
350 -1 357 -3 361 11 354 13 small-vehicle 0.5956
619 69 614 61 631 51 635 59 small-vehicle 0.5950
535 133 531 123 550 116 553 125 small-vehicle 0.5653
655 143 651 134 668 124 673 132 small-vehicle 0.5356
576 280 573 267 605 259 608 272 small-vehicle 0.5008
616 59 612 50 629 41 634 51 small-vehicle 0.4688
317 0 327 -4 335 17 325 21 small-vehicle 0.4540
692 427 690 417 709 414 711 423 small-vehicle 0.4512
636 106 632 94 649 88 653 101 small-vehicle 0.3985
536 49 543 47 548 65 541 67 small-vehicle 0.3864
658 151 653 142 672 132 677 141 small-vehicle 0.3684
652 132 647 123 664 114 668 123 small-vehicle 0.3524
648 241 645 233 663 227 666 234 small-vehicle 0.3439
672 451 670 441 691 437 693 448 small-vehicle 0.3435
661 295 660 286 681 284 682 292 small-vehicle 0.2843
514 439 512 429 538 422 541 432 small-vehicle 0.1123
465 516 461 504 507 491 511 503 large-vehicle 0.7481
527 488 523 474 573 458 578 472 large-vehicle 0.5102
542 379 537 367 591 345 596 356 large-vehicle 0.3616
454 483 450 471 500 455 504 467 large-vehicle 0.1465
475 331 492 328 500 365 483 369 large-vehicle 0.1200
252 102 290 90 316 171 278 183 tennis-court 0.9997
292 252 332 240 357 323 318 335 tennis-court 0.9997
202 117 239 106 263 186 226 197 tennis-court 0.9995
329 84 366 72 391 153 354 164 tennis-court 0.9994
243 264 280 254 302 337 264 347 tennis-court 0.9994
188 282 226 269 251 346 213 359 tennis-court 0.9994
378 68 415 55 445 137 408 150 tennis-court 0.9994
434 53 471 43 495 124 458 134 tennis-court 0.9992
150 129 187 119 210 203 173 213 tennis-court 0.9991
