217 235 228 229 240 250 229 257 small-vehicle 0.7595
233 233 244 226 258 249 248 256 small-vehicle 0.6109
251 232 260 227 274 251 265 256 small-vehicle 0.2716
292 190 282 178 311 153 321 164 small-vehicle 0.1505
812 357 819 351 849 387 841 393 large-vehicle 0.9954
618 272 626 265 652 295 643 303 large-vehicle 0.9931
725 349 734 342 763 376 755 383 large-vehicle 0.9915
147 514 155 507 180 541 171 547 large-vehicle 0.9915
727 277 734 271 762 300 755 307 large-vehicle 0.9912
407 251 416 244 441 278 432 285 large-vehicle 0.9911
691 276 699 270 725 302 717 308 large-vehicle 0.9910
458 250 465 243 493 277 485 283 large-vehicle 0.9909
623 557 632 550 661 587 652 595 large-vehicle 0.9908
131 584 138 577 165 608 157 615 large-vehicle 0.9908
633 267 641 260 667 292 658 299 large-vehicle 0.9900
649 266 655 261 682 292 675 298 large-vehicle 0.9899
338 380 348 373 374 411 364 418 large-vehicle 0.9889
154 433 162 427 189 463 180 469 large-vehicle 0.9889
91 513 98 506 126 537 118 544 large-vehicle 0.9888
205 658 213 651 240 681 232 688 large-vehicle 0.9887
100 657 110 650 135 683 126 690 large-vehicle 0.9885
776 361 784 353 816 388 808 395 large-vehicle 0.9883
668 569 678 562 708 597 698 605 large-vehicle 0.9881
188 654 196 648 220 681 211 687 large-vehicle 0.9880
261 657 270 651 293 683 284 690 large-vehicle 0.9879
411 320 419 314 447 351 439 357 large-vehicle 0.9878
746 280 753 273 781 302 775 308 large-vehicle 0.9878
216 297 224 291 253 329 245 336 large-vehicle 0.9877
709 276 717 270 743 304 736 310 large-vehicle 0.9875
705 425 714 418 746 454 736 462 large-vehicle 0.9871
473 460 483 453 509 492 500 498 large-vehicle 0.9870
133 653 142 646 167 679 158 685 large-vehicle 0.9868
616 485 623 478 654 515 646 521 large-vehicle 0.9860
246 658 254 652 277 685 269 690 large-vehicle 0.9857
490 331 498 324 527 359 519 366 large-vehicle 0.9856
168 585 176 579 201 610 193 616 large-vehicle 0.9855
152 653 160 647 183 679 175 685 large-vehicle 0.9853
351 317 358 310 390 342 383 348 large-vehicle 0.9853
770 284 777 277 806 307 798 314 large-vehicle 0.9852
268 235 277 228 306 265 297 272 large-vehicle 0.9849
835 360 844 353 870 390 861 397 large-vehicle 0.9848
113 583 122 576 147 608 138 615 large-vehicle 0.9843
437 247 445 241 473 273 466 280 large-vehicle 0.9841
224 658 233 651 258 681 250 689 large-vehicle 0.9838
135 434 144 428 171 466 163 472 large-vehicle 0.9838
788 283 798 276 822 308 813 315 large-vehicle 0.9836
699 566 707 559 737 594 730 600 large-vehicle 0.9835
181 299 190 293 219 331 210 338 large-vehicle 0.9834
206 586 214 580 238 613 231 619 large-vehicle 0.9834
168 654 176 648 202 679 194 686 large-vehicle 0.9833
146 357 156 351 181 390 171 396 large-vehicle 0.9830
802 273 811 266 841 307 831 314 large-vehicle 0.9828
595 336 602 329 635 363 628 370 large-vehicle 0.9827
310 454 320 446 347 483 338 490 large-vehicle 0.9826
576 483 585 475 615 510 606 518 large-vehicle 0.9822
713 561 723 553 752 589 742 597 large-vehicle 0.9819
239 585 248 578 274 612 265 619 large-vehicle 0.9819
274 454 282 448 310 485 302 491 large-vehicle 0.9815
113 652 122 645 148 678 139 685 large-vehicle 0.9812
212 376 220 369 250 405 242 411 large-vehicle 0.9811
189 373 198 366 229 401 220 409 large-vehicle 0.9811
674 276 681 270 707 302 699 308 large-vehicle 0.9811
250 449 257 443 289 478 282 484 large-vehicle 0.9811
333 315 340 308 370 342 362 348 large-vehicle 0.9810
126 362 134 354 164 389 155 396 large-vehicle 0.9809
401 459 410 453 438 490 429 497 large-vehicle 0.9809
686 486 695 479 725 515 716 522 large-vehicle 0.9808
129 515 137 509 162 541 154 547 large-vehicle 0.9806
366 458 374 451 402 488 394 494 large-vehicle 0.9805
383 247 390 240 419 273 412 280 large-vehicle 0.9804
376 321 384 314 412 347 404 354 large-vehicle 0.9804
503 328 511 321 541 356 533 363 large-vehicle 0.9803
391 320 398 313 427 345 420 352 large-vehicle 0.9799
699 352 708 344 737 382 728 389 large-vehicle 0.9799
517 321 526 314 554 352 545 359 large-vehicle 0.9799
533 252 542 246 565 280 555 286 large-vehicle 0.9797
111 516 119 509 146 540 139 547 large-vehicle 0.9797
226 590 234 583 259 617 251 623 large-vehicle 0.9792
152 583 160 577 182 609 174 615 large-vehicle 0.9790
328 240 337 234 359 269 350 275 large-vehicle 0.9790
84 659 91 653 118 684 111 691 large-vehicle 0.9788
634 485 642 479 673 515 665 522 large-vehicle 0.9786
623 406 632 399 658 436 649 442 large-vehicle 0.9786
398 389 407 382 434 420 425 426 large-vehicle 0.9783
475 398 483 391 514 426 505 434 large-vehicle 0.9776
592 482 601 474 633 508 624 516 large-vehicle 0.9775
648 486 657 478 690 514 682 522 large-vehicle 0.9773
195 297 204 289 235 327 227 334 large-vehicle 0.9772
867 358 877 351 904 388 894 395 large-vehicle 0.9771
280 375 288 369 316 406 307 413 large-vehicle 0.9770
186 525 194 518 221 548 213 555 large-vehicle 0.9767
434 393 444 385 473 423 463 431 large-vehicle 0.9767
679 350 687 343 718 378 710 385 large-vehicle 0.9765
119 438 127 431 157 468 148 475 large-vehicle 0.9764
788 358 796 350 828 385 820 393 large-vehicle 0.9763
461 680 471 673 498 712 488 719 large-vehicle 0.9762
509 395 518 388 544 422 534 430 large-vehicle 0.9758
686 424 693 417 724 452 717 458 large-vehicle 0.9756
426 681 435 674 461 712 452 718 large-vehicle 0.9756
511 253 519 246 547 278 539 285 large-vehicle 0.9748
665 351 673 345 702 380 694 386 large-vehicle 0.9746
448 465 457 459 484 496 475 503 large-vehicle 0.9743
359 533 368 527 389 559 380 565 large-vehicle 0.9743
621 340 628 334 656 368 648 374 large-vehicle 0.9741
570 688 579 681 608 717 599 725 large-vehicle 0.9738
190 586 199 580 222 613 213 620 large-vehicle 0.9738
94 586 102 579 128 609 120 616 large-vehicle 0.9736
751 499 760 492 790 528 781 535 large-vehicle 0.9730
62 586 71 579 95 611 86 618 large-vehicle 0.9729
273 303 282 297 306 331 297 337 large-vehicle 0.9728
193 445 203 437 232 473 223 481 large-vehicle 0.9726
445 535 455 528 485 565 475 573 large-vehicle 0.9721
427 320 436 314 465 350 456 357 large-vehicle 0.9719
415 245 423 238 453 269 445 276 large-vehicle 0.9718
483 541 493 533 523 570 513 577 large-vehicle 0.9712
543 549 553 542 579 577 569 584 large-vehicle 0.9708
665 486 673 479 707 513 699 521 large-vehicle 0.9703
392 533 400 527 430 564 422 571 large-vehicle 0.9701
440 681 449 674 475 706 466 713 large-vehicle 0.9698
552 691 560 684 591 719 583 726 large-vehicle 0.9698
291 452 299 445 328 483 320 489 large-vehicle 0.9693
576 546 584 540 614 578 606 584 large-vehicle 0.9687
599 555 607 549 639 585 631 591 large-vehicle 0.9686
464 328 470 321 506 354 500 361 large-vehicle 0.9684
737 425 746 417 777 452 768 460 large-vehicle 0.9683
407 530 416 524 442 562 433 568 large-vehicle 0.9677
322 384 330 377 359 415 351 421 large-vehicle 0.9676
603 276 612 269 636 301 626 308 large-vehicle 0.9676
776 429 787 420 816 456 806 465 large-vehicle 0.9667
782 495 790 489 821 527 813 533 large-vehicle 0.9667
264 376 273 370 301 408 292 414 large-vehicle 0.9661
769 498 778 491 809 526 801 533 large-vehicle 0.9659
382 460 389 454 420 490 413 496 large-vehicle 0.9654
559 545 566 539 594 576 587 582 large-vehicle 0.9652
603 407 610 400 642 434 635 441 large-vehicle 0.9650
665 424 674 416 702 448 693 455 large-vehicle 0.9622
442 322 449 315 482 348 475 355 large-vehicle 0.9615
199 516 208 509 235 546 226 552 large-vehicle 0.9611
79 584 88 578 111 610 103 616 large-vehicle 0.9610
761 429 768 422 801 459 793 466 large-vehicle 0.9608
332 531 341 523 372 559 364 566 large-vehicle 0.9607
258 307 266 300 293 334 285 340 large-vehicle 0.9607
592 410 601 403 629 438 619 445 large-vehicle 0.9599
309 385 318 378 347 417 338 424 large-vehicle 0.9598
163 297 173 291 199 329 189 335 large-vehicle 0.9588
315 313 323 307 350 340 342 346 large-vehicle 0.9583
365 245 374 239 400 272 391 279 large-vehicle 0.9583
501 257 511 251 532 281 522 288 large-vehicle 0.9574
486 396 493 389 526 424 518 431 large-vehicle 0.9569
578 336 588 329 616 365 607 372 large-vehicle 0.9562
379 389 388 382 416 418 407 425 large-vehicle 0.9555
852 359 859 354 887 390 879 396 large-vehicle 0.9538
752 565 762 556 792 592 782 600 large-vehicle 0.9517
226 377 233 370 265 404 258 410 large-vehicle 0.9507
800 493 809 486 839 524 830 531 large-vehicle 0.9498
312 589 322 581 350 616 341 624 large-vehicle 0.9473
601 688 611 680 640 716 631 723 large-vehicle 0.9467
404 682 413 674 440 705 431 713 large-vehicle 0.9441
330 671 341 665 359 697 348 703 large-vehicle 0.9424
248 378 257 371 285 409 276 416 large-vehicle 0.9422
544 615 554 608 582 644 572 651 large-vehicle 0.9420
45 587 54 580 79 611 70 619 large-vehicle 0.9365
67 660 76 653 101 684 92 691 large-vehicle 0.9350
624 625 634 617 662 653 652 661 large-vehicle 0.9256
310 673 320 667 339 698 330 704 large-vehicle 0.9238
638 346 645 339 679 373 672 380 large-vehicle 0.9232
308 240 316 233 339 262 331 269 large-vehicle 0.9076
468 607 478 599 505 636 495 643 large-vehicle 0.8932
287 602 297 595 320 627 310 635 large-vehicle 0.8921
711 351 720 342 752 379 743 387 large-vehicle 0.8896
70 508 80 501 102 533 93 540 large-vehicle 0.8876
296 678 307 671 325 702 314 709 large-vehicle 0.8541
368 678 378 671 400 701 390 708 large-vehicle 0.7754
295 193 287 184 316 159 324 168 large-vehicle 0.7249
251 232 260 227 274 251 265 256 large-vehicle 0.4327
233 233 244 226 258 249 248 256 large-vehicle 0.1293
