52 437 58 411 90 419 84 444 small-vehicle 0.3329
296 348 314 333 353 382 335 397 small-vehicle 0.2962
290 980 308 970 341 1031 323 1041 small-vehicle 0.1367
527 1611 511 1593 556 1552 572 1570 small-vehicle 0.1329
294 313 311 297 360 348 342 365 small-vehicle 0.1238
66 495 82 482 121 530 105 544 small-vehicle 0.1175
273 1267 287 1252 345 1306 330 1321 small-vehicle 0.1134
291 385 306 369 358 419 343 435 small-vehicle 0.1053
366 495 381 482 433 540 419 553 large-vehicle 0.9979
531 662 508 649 540 595 562 609 large-vehicle 0.9978
371 462 386 450 434 510 419 522 large-vehicle 0.9977
51 1352 66 1338 123 1401 107 1415 large-vehicle 0.9974
519 461 518 429 569 427 570 458 large-vehicle 0.9969
518 454 502 440 555 379 571 393 large-vehicle 0.9968
137 788 153 776 202 837 187 850 large-vehicle 0.9967
513 502 517 465 558 470 554 506 large-vehicle 0.9966
142 756 158 743 203 799 187 812 large-vehicle 0.9965
345 1415 362 1400 421 1468 404 1483 large-vehicle 0.9963
375 424 390 413 434 474 419 485 large-vehicle 0.9963
66 535 83 521 131 578 114 592 large-vehicle 0.9958
126 1066 141 1053 196 1119 180 1132 large-vehicle 0.9958
513 385 498 371 556 309 571 323 large-vehicle 0.9957
135 496 153 483 209 559 191 572 large-vehicle 0.9954
55 1030 73 1016 122 1078 104 1092 large-vehicle 0.9951
49 1131 65 1117 123 1179 107 1194 large-vehicle 0.9947
148 466 162 455 211 518 198 529 large-vehicle 0.9946
499 1200 487 1184 560 1133 571 1149 large-vehicle 0.9946
56 1061 73 1048 120 1114 102 1126 large-vehicle 0.9946
512 1153 499 1133 561 1093 574 1112 large-vehicle 0.9944
43 1376 60 1362 117 1429 100 1443 large-vehicle 0.9944
70 832 87 819 131 876 114 889 large-vehicle 0.9943
53 988 70 975 121 1044 103 1056 large-vehicle 0.9942
55 959 73 945 124 1012 107 1026 large-vehicle 0.9942
137 938 153 925 202 983 186 996 large-vehicle 0.9941
139 975 155 962 196 1014 180 1027 large-vehicle 0.9939
123 1421 141 1408 189 1473 170 1487 large-vehicle 0.9939
112 1282 128 1267 193 1334 177 1350 large-vehicle 0.9937
142 717 158 705 206 768 190 780 large-vehicle 0.9936
54 1099 68 1086 123 1148 108 1161 large-vehicle 0.9936
507 617 498 592 560 569 569 593 large-vehicle 0.9935
124 1251 140 1236 194 1299 178 1313 large-vehicle 0.9933
514 682 505 661 570 632 579 654 large-vehicle 0.9933
141 904 159 891 204 952 186 965 large-vehicle 0.9932
52 921 68 907 127 974 111 988 large-vehicle 0.9930
47 1513 64 1498 122 1568 104 1582 large-vehicle 0.9929
117 1344 132 1331 191 1401 176 1414 large-vehicle 0.9928
288 768 302 757 355 821 340 833 large-vehicle 0.9927
110 1522 127 1507 187 1577 169 1592 large-vehicle 0.9927
129 997 145 985 199 1054 183 1066 large-vehicle 0.9926
521 415 505 401 558 341 574 355 large-vehicle 0.9925
296 424 313 409 361 466 344 481 large-vehicle 0.9925
116 1482 133 1469 188 1541 171 1554 large-vehicle 0.9924
37 1665 55 1650 118 1724 100 1739 large-vehicle 0.9919
65 716 84 702 131 764 112 778 large-vehicle 0.9918
63 861 81 848 127 910 110 924 large-vehicle 0.9918
128 1170 146 1158 194 1226 177 1238 large-vehicle 0.9917
52 1245 70 1231 119 1294 102 1308 large-vehicle 0.9917
132 820 150 808 193 873 175 885 large-vehicle 0.9916
124 1098 142 1085 195 1155 177 1168 large-vehicle 0.9916
126 1198 144 1186 195 1262 176 1275 large-vehicle 0.9915
372 391 390 377 442 444 424 458 large-vehicle 0.9915
61 566 78 553 128 617 111 630 large-vehicle 0.9914
510 909 498 895 563 841 575 855 large-vehicle 0.9908
502 1346 487 1331 549 1271 564 1286 large-vehicle 0.9904
510 323 514 287 560 292 556 328 large-vehicle 0.9903
498 1093 486 1079 551 1026 562 1039 large-vehicle 0.9902
134 603 152 588 207 653 189 668 large-vehicle 0.9901
51 1275 69 1261 117 1325 99 1338 large-vehicle 0.9899
108 1701 124 1686 194 1758 178 1773 large-vehicle 0.9897
502 776 489 760 556 702 569 717 large-vehicle 0.9894
353 1384 367 1370 425 1427 411 1441 large-vehicle 0.9893
516 1214 508 1186 564 1169 572 1197 large-vehicle 0.9891
273 1338 289 1322 354 1387 338 1403 large-vehicle 0.9889
361 524 375 511 428 569 414 582 large-vehicle 0.9887
286 1314 303 1300 353 1359 336 1373 large-vehicle 0.9884
344 1124 360 1108 421 1172 405 1187 large-vehicle 0.9881
138 645 155 631 200 687 183 700 large-vehicle 0.9881
505 551 495 534 564 496 573 513 large-vehicle 0.9879
285 1132 300 1119 349 1171 334 1184 large-vehicle 0.9879
136 390 153 375 206 436 189 451 large-vehicle 0.9876
503 593 491 574 559 531 571 550 large-vehicle 0.9872
132 1041 147 1029 196 1087 181 1100 large-vehicle 0.9872
501 1133 488 1118 555 1063 567 1078 large-vehicle 0.9868
288 699 305 685 353 745 336 759 large-vehicle 0.9865
291 632 306 618 357 672 342 686 large-vehicle 0.9860
502 972 499 945 548 938 552 965 large-vehicle 0.9859
352 590 366 577 425 636 411 650 large-vehicle 0.9855
294 310 312 294 367 360 350 375 large-vehicle 0.9855
300 356 316 341 365 391 348 407 large-vehicle 0.9852
508 1424 493 1410 543 1355 559 1369 large-vehicle 0.9848
509 1452 494 1436 558 1372 573 1387 large-vehicle 0.9846
119 1592 134 1580 189 1646 174 1659 large-vehicle 0.9845
118 1448 137 1435 186 1504 167 1517 large-vehicle 0.9843
277 1161 293 1148 343 1205 328 1218 large-vehicle 0.9842
298 389 314 375 362 430 346 444 large-vehicle 0.9842
512 1375 498 1361 560 1300 573 1314 large-vehicle 0.9842
353 771 368 757 422 816 407 830 large-vehicle 0.9840
359 1349 375 1335 421 1390 405 1404 large-vehicle 0.9838
561 288 524 281 531 241 568 248 large-vehicle 0.9838
288 665 303 652 353 709 338 722 large-vehicle 0.9837
47 1175 65 1160 124 1230 106 1245 large-vehicle 0.9826
146 426 162 416 199 477 183 487 large-vehicle 0.9821
287 734 301 722 352 781 338 793 large-vehicle 0.9813
286 914 302 900 352 961 335 975 large-vehicle 0.9813
291 590 308 577 352 637 334 650 large-vehicle 0.9810
44 1441 63 1427 116 1496 97 1510 large-vehicle 0.9802
520 799 504 782 565 726 580 743 large-vehicle 0.9797
52 1310 71 1296 121 1362 101 1376 large-vehicle 0.9792
67 679 84 666 128 724 111 737 large-vehicle 0.9783
112 1614 129 1601 182 1673 166 1685 large-vehicle 0.9776
502 738 491 724 562 663 574 676 large-vehicle 0.9775
61 496 78 482 135 545 118 560 large-vehicle 0.9775
358 740 370 727 425 781 413 794 large-vehicle 0.9774
44 1553 61 1538 112 1595 96 1610 large-vehicle 0.9771
42 1632 58 1617 117 1678 101 1693 large-vehicle 0.9766
68 643 86 629 131 685 114 700 large-vehicle 0.9760
121 1382 138 1370 187 1438 170 1450 large-vehicle 0.9757
112 1654 127 1641 189 1710 175 1723 large-vehicle 0.9751
126 1135 143 1122 195 1186 178 1199 large-vehicle 0.9742
48 1487 65 1473 119 1537 102 1551 large-vehicle 0.9742
294 452 312 439 356 497 338 510 large-vehicle 0.9733
281 1090 296 1076 353 1137 338 1151 large-vehicle 0.9731
62 428 84 412 129 475 107 491 large-vehicle 0.9728
291 269 311 253 368 323 348 339 large-vehicle 0.9728
518 941 504 925 567 871 581 887 large-vehicle 0.9722
50 1201 68 1189 116 1256 98 1269 large-vehicle 0.9721
358 555 371 543 427 604 414 616 large-vehicle 0.9716
296 1031 313 1019 356 1073 339 1086 large-vehicle 0.9707
125 519 140 507 196 573 181 586 large-vehicle 0.9697
294 565 310 551 357 606 341 619 large-vehicle 0.9682
350 836 366 821 425 887 409 902 large-vehicle 0.9682
496 1598 482 1581 544 1528 558 1544 large-vehicle 0.9676
287 1060 304 1046 350 1099 334 1114 large-vehicle 0.9673
284 841 300 826 359 887 344 902 large-vehicle 0.9672
46 1418 62 1403 113 1460 96 1475 large-vehicle 0.9671
522 1027 503 1014 549 946 567 958 large-vehicle 0.9668
298 892 313 878 355 922 340 936 large-vehicle 0.9655
357 665 372 652 427 715 412 728 large-vehicle 0.9646
552 253 527 240 553 190 578 203 large-vehicle 0.9645
359 699 372 687 427 745 414 757 large-vehicle 0.9644
292 518 309 504 354 563 336 576 large-vehicle 0.9589
44 1585 63 1569 122 1637 103 1653 large-vehicle 0.9568
359 1065 375 1051 422 1105 406 1119 large-vehicle 0.9459
281 1271 297 1258 348 1317 332 1331 large-vehicle 0.9458
63 387 82 370 143 439 125 455 large-vehicle 0.9436
294 493 309 479 357 529 341 544 large-vehicle 0.9405
65 795 80 781 131 834 116 848 large-vehicle 0.9393
63 753 83 740 121 797 101 810 large-vehicle 0.9338
499 1113 488 1101 557 1041 567 1053 large-vehicle 0.9133
294 992 311 978 352 1030 335 1044 large-vehicle 0.9065
527 1611 511 1593 556 1552 572 1570 large-vehicle 0.5717
