200 103 185 97 199 60 214 65 small-vehicle 0.8283
597 417 581 411 593 376 609 382 small-vehicle 0.6498
189 55 174 46 195 8 210 16 small-vehicle 0.3812
147 189 152 172 192 182 188 199 small-vehicle 0.3015
311 406 321 388 397 431 387 449 large-vehicle 0.9965
286 448 296 430 372 472 362 491 large-vehicle 0.9960
384 85 365 78 387 23 406 30 large-vehicle 0.9956
358 319 369 301 446 347 435 365 large-vehicle 0.9953
323 385 333 366 409 409 399 428 large-vehicle 0.9953
299 426 310 407 385 452 374 470 large-vehicle 0.9952
372 300 383 281 462 326 451 345 large-vehicle 0.9949
270 473 280 455 357 495 347 514 large-vehicle 0.9946
362 81 341 73 362 12 383 19 large-vehicle 0.9945
259 488 269 470 347 514 336 532 large-vehicle 0.9945
337 363 348 344 422 387 411 406 large-vehicle 0.9944
414 92 390 82 413 28 437 38 large-vehicle 0.9944
348 342 359 323 436 366 425 385 large-vehicle 0.9922
337 69 318 63 337 7 356 13 large-vehicle 0.9893
315 66 294 59 314 -2 335 4 large-vehicle 0.9892
249 516 259 496 332 532 321 552 large-vehicle 0.9888
386 278 399 258 477 306 465 326 large-vehicle 0.9888
505 157 517 139 563 170 551 188 large-vehicle 0.9791
484 198 494 179 544 206 533 226 large-vehicle 0.9787
189 150 191 128 257 135 255 157 large-vehicle 0.9596
78 383 80 361 180 367 179 390 large-vehicle 0.9540
420 217 433 195 513 243 500 264 large-vehicle 0.8963
12 329 -4 321 15 279 32 287 large-vehicle 0.8859
47 499 49 475 131 481 130 505 large-vehicle 0.8286
193 55 175 48 192 6 210 13 large-vehicle 0.5884
199 103 185 97 199 59 214 64 large-vehicle 0.2224
148 190 152 174 192 183 188 198 large-vehicle 0.2144
249 515 260 494 333 533 322 554 ship 0.1046
