363 1962 389 1951 406 1991 380 2002 plane 0.1248
512 1428 542 1427 543 1464 513 1465 ship 0.8578
108 1626 136 1621 145 1664 117 1670 ship 0.7785
127 1551 149 1545 162 1601 140 1606 ship 0.7179
111 2067 110 2040 174 2038 175 2065 ship 0.6924
570 2116 573 2085 616 2090 613 2121 ship 0.5676
160 1982 189 1979 193 2019 163 2022 ship 0.5568
263 2550 234 2550 234 2505 263 2505 ship 0.5289
129 2128 127 2100 183 2095 185 2124 ship 0.5148
140 1961 140 1935 183 1935 184 1961 ship 0.5132
101 1549 125 1545 133 1598 109 1602 ship 0.4895
551 1354 579 1354 580 1394 552 1395 ship 0.4864
407 1307 405 1275 454 1272 456 1304 ship 0.4805
587 2155 610 2154 613 2216 590 2217 ship 0.4560
630 1412 597 1409 601 1360 634 1363 ship 0.4360
700 2213 669 2210 673 2163 705 2166 ship 0.4113
958 368 944 341 972 326 986 352 ship 0.4109
135 1889 133 1857 171 1856 173 1888 ship 0.3879
605 2277 607 2248 673 2251 672 2281 ship 0.3869
49 1730 21 1728 24 1683 51 1685 ship 0.3758
195 2188 224 2185 229 2222 200 2226 ship 0.3726
345 1881 370 1874 380 1915 356 1921 ship 0.3421
530 1469 531 1432 623 1434 622 1471 ship 0.3221
343 1311 341 1278 380 1275 382 1308 ship 0.3207
610 2125 614 2094 681 2102 678 2133 ship 0.3181
126 2478 127 2441 240 2442 239 2479 ship 0.2954
614 1337 612 1300 714 1295 716 1331 ship 0.2910
8 2142 7 2111 70 2109 71 2140 ship 0.2869
136 1738 103 1737 103 1694 137 1695 ship 0.2771
563 490 558 475 601 460 606 475 ship 0.2765
585 1290 609 1289 610 1332 586 1333 ship 0.2613
572 531 564 511 604 496 612 516 ship 0.2486
36 1660 36 1625 115 1627 114 1661 ship 0.2393
203 2303 228 2302 231 2355 206 2356 ship 0.2291
552 478 546 462 590 445 596 461 ship 0.2151
137 1940 137 1903 175 1902 176 1940 ship 0.2064
61 2028 59 1996 157 1990 159 2022 ship 0.1933
625 1361 670 1359 672 1408 627 1409 ship 0.1845
138 2536 141 2499 242 2508 239 2545 ship 0.1845
90 1734 60 1730 65 1686 95 1689 ship 0.1783
85 2230 83 2200 162 2195 164 2226 ship 0.1746
680 2131 683 2105 742 2113 739 2139 ship 0.1680
629 574 653 573 660 664 635 666 ship 0.1671
191 2383 226 2383 227 2419 191 2419 ship 0.1566
-1 1835 -8 1820 44 1797 51 1813 ship 0.1562
504 1294 481 1282 499 1244 522 1256 ship 0.1425
592 768 598 742 656 754 651 780 ship 0.1418
41 2075 40 2047 102 2046 102 2074 ship 0.1374
747 772 772 765 782 801 757 808 ship 0.1371
-3 2222 -3 2187 93 2189 92 2224 ship 0.1092
272 1254 306 1251 309 1288 275 1290 ship 0.1054
553 712 554 683 661 688 660 717 harbor 0.8321
677 1276 680 1243 777 1252 775 1285 harbor 0.7623
398 1671 407 1652 467 1682 457 1701 harbor 0.7559
-2 1723 13 1591 156 1609 140 1740 harbor 0.5211
37 1980 36 1952 144 1946 146 1974 harbor 0.4753
535 1468 536 1435 680 1438 680 1471 harbor 0.4545
539 1398 548 1334 757 1364 748 1428 harbor 0.4207
827 974 832 950 899 965 894 989 harbor 0.4109
965 497 980 490 1002 539 988 546 harbor 0.4105
65 1207 58 1188 135 1161 141 1180 harbor 0.3865
548 566 639 547 665 670 574 690 harbor 0.3699
120 2539 121 2504 236 2507 235 2542 harbor 0.3351
61 2016 183 2012 189 2167 67 2171 harbor 0.2684
110 2516 111 2399 242 2401 241 2517 harbor 0.2535
675 1218 676 1181 790 1184 789 1221 harbor 0.2370
585 531 577 508 617 495 625 518 harbor 0.1758
113 1282 111 1260 192 1256 193 1278 harbor 0.1740
531 2107 538 2072 750 2117 743 2153 harbor 0.1582
125 2178 123 2150 213 2142 216 2170 harbor 0.1389
150 2419 149 2385 219 2383 220 2417 harbor 0.1238
17 2037 15 1977 188 1973 190 2033 harbor 0.1197
363 1962 389 1951 406 1991 380 2002 harbor 0.1189
575 763 581 737 654 753 648 780 harbor 0.1186
625 1341 624 1304 734 1299 736 1336 harbor 0.1170
348 1883 379 1873 391 1911 360 1920 harbor 0.1139
972 1847 990 1840 1004 1876 987 1883 swimming-pool 0.1868
