370 383 378 366 426 388 418 405 large-vehicle 0.1356
646 2280 625 2263 674 2205 695 2222 ship 0.9559
1154 992 1137 984 1162 935 1179 943 ship 0.9469
1023 945 1003 936 1026 882 1046 891 ship 0.9437
838 952 813 948 821 894 846 898 ship 0.9429
1199 1004 1181 995 1203 947 1221 955 ship 0.9422
911 912 889 904 908 850 931 859 ship 0.9401
863 1743 848 1732 876 1693 891 1704 ship 0.9365
936 920 914 912 935 856 957 864 ship 0.9357
1119 979 1099 971 1118 921 1138 928 ship 0.9304
937 990 917 982 936 932 956 939 ship 0.9292
797 1712 778 1703 797 1665 815 1674 ship 0.9270
342 1868 328 1858 350 1826 364 1836 ship 0.9266
390 1723 371 1714 388 1678 407 1687 ship 0.9262
631 2212 617 2202 639 2169 653 2178 ship 0.9202
102 2075 110 2058 150 2076 142 2093 ship 0.9186
677 2053 663 2043 685 2009 700 2019 ship 0.9185
713 1893 698 1882 724 1849 738 1860 ship 0.9182
919 533 900 527 915 482 934 489 ship 0.9178
830 714 807 705 829 647 852 655 ship 0.9154
539 1974 521 1964 543 1928 560 1939 ship 0.9130
712 1236 693 1226 711 1190 730 1199 ship 0.9128
321 1860 305 1851 325 1816 341 1825 ship 0.9124
833 1733 814 1723 836 1682 854 1692 ship 0.9116
915 1320 895 1312 913 1268 933 1276 ship 0.9104
771 1063 749 1050 774 1008 795 1020 ship 0.9098
715 1680 697 1670 719 1633 737 1643 ship 0.9075
324 1913 308 1903 327 1873 343 1883 ship 0.9064
651 818 632 812 647 765 667 771 ship 0.9060
1024 1219 1007 1213 1022 1172 1039 1178 ship 0.9056
928 735 907 728 923 675 944 682 ship 0.9044
645 2034 627 2024 644 1992 662 2002 ship 0.9039
212 1968 194 1958 212 1925 231 1934 ship 0.9039
251 2045 232 2034 250 2003 269 2014 ship 0.9029
420 1536 402 1527 421 1488 440 1498 ship 0.9021
684 1291 667 1282 689 1237 707 1245 ship 0.8996
790 700 765 694 780 636 805 642 ship 0.8988
869 898 846 891 863 838 886 846 ship 0.8981
678 1878 661 1867 684 1832 702 1843 ship 0.8974
707 912 688 906 701 860 721 865 ship 0.8964
761 1764 741 1755 762 1713 781 1723 ship 0.8961
1002 1614 982 1603 1016 1544 1035 1555 ship 0.8960
675 1656 655 1644 677 1606 697 1617 ship 0.8948
1053 1228 1035 1219 1055 1179 1073 1188 ship 0.8948
548 1806 530 1796 549 1763 566 1772 ship 0.8937
685 836 668 828 690 782 706 790 ship 0.8933
572 2170 555 2159 573 2131 590 2141 ship 0.8921
1063 1380 1043 1373 1062 1326 1081 1334 ship 0.8919
660 1017 642 1010 657 970 676 977 ship 0.8902
1083 1182 1067 1171 1090 1135 1106 1145 ship 0.8894
590 1000 568 992 587 940 609 948 ship 0.8891
283 1835 268 1825 288 1794 303 1804 ship 0.8877
510 1787 495 1777 517 1741 533 1751 ship 0.8870
705 2069 691 2059 713 2026 728 2036 ship 0.8865
780 869 758 861 776 804 798 812 ship 0.8854
1143 727 1126 720 1145 677 1162 685 ship 0.8853
743 1907 726 1897 745 1863 762 1872 ship 0.8841
830 1148 810 1140 829 1095 849 1103 ship 0.8822
420 1740 402 1731 419 1698 437 1707 ship 0.8815
496 1780 477 1770 497 1735 515 1745 ship 0.8805
583 1825 566 1813 588 1782 605 1794 ship 0.8787
721 1102 699 1095 714 1050 735 1056 ship 0.8786
541 2218 527 2210 549 2175 562 2182 ship 0.8782
766 613 745 608 758 560 779 565 ship 0.8763
1164 804 1145 798 1162 747 1181 754 ship 0.8735
1237 473 1243 452 1295 465 1290 486 ship 0.8729
918 1381 900 1375 916 1332 934 1338 ship 0.8706
822 887 800 879 821 819 844 827 ship 0.8692
666 1218 648 1208 667 1171 685 1181 ship 0.8683
860 524 840 518 855 470 875 476 ship 0.8677
1207 820 1189 812 1210 760 1229 768 ship 0.8636
1141 1048 1121 1041 1136 994 1156 1001 ship 0.8631
993 1193 968 1188 976 1147 1001 1152 ship 0.8603
492 1125 471 1118 489 1068 510 1075 ship 0.8595
1075 792 1053 783 1074 732 1095 741 ship 0.8580
1133 595 1109 589 1120 546 1145 553 ship 0.8579
646 1073 628 1067 642 1024 660 1030 ship 0.8563
924 1117 902 1107 921 1065 942 1074 ship 0.8558
1101 1040 1080 1033 1096 984 1117 991 ship 0.8555
523 1846 509 1838 528 1805 542 1814 ship 0.8554
1119 798 1100 792 1116 741 1135 747 ship 0.8549
556 963 534 956 548 905 571 911 ship 0.8548
568 2234 552 2224 574 2188 591 2198 ship 0.8546
981 1345 963 1337 980 1296 999 1304 ship 0.8525
678 1500 660 1489 683 1452 701 1463 ship 0.8501
928 1611 912 1603 932 1561 948 1568 ship 0.8499
1001 938 979 933 993 878 1014 884 ship 0.8488
987 998 963 990 977 949 1001 958 ship 0.8472
865 1154 844 1147 858 1101 880 1108 ship 0.8469
356 1707 337 1697 354 1663 373 1673 ship 0.8457
1030 772 1011 764 1030 716 1050 723 ship 0.8456
1210 614 1190 611 1197 566 1217 570 ship 0.8453
875 523 858 515 879 472 896 481 ship 0.8451
627 1011 606 1006 617 955 639 960 ship 0.8441
456 1221 436 1214 453 1164 473 1171 ship 0.8438
385 1888 368 1879 384 1849 402 1858 ship 0.8389
706 1449 684 1439 704 1396 726 1406 ship 0.8374
658 1279 641 1271 662 1228 679 1237 ship 0.8364
511 1964 495 1953 518 1918 534 1929 ship 0.8361
436 1805 420 1795 441 1760 457 1770 ship 0.8353
563 1172 545 1166 558 1124 577 1129 ship 0.8349
585 1678 567 1669 586 1631 604 1641 ship 0.8322
807 1076 790 1066 812 1023 830 1033 ship 0.8311
494 1836 478 1827 497 1791 514 1800 ship 0.8292
728 1045 708 1037 725 994 746 1002 ship 0.8283
988 754 969 746 991 698 1009 706 ship 0.8276
1073 960 1048 952 1066 898 1091 906 ship 0.8261
1029 508 1035 484 1093 499 1087 523 ship 0.8210
1103 1187 1088 1177 1114 1135 1130 1145 ship 0.8206
1062 1022 1040 1017 1051 971 1072 976 ship 0.8204
403 2140 390 2130 413 2097 427 2107 ship 0.8204
644 1859 628 1849 650 1812 666 1822 ship 0.8163
631 1477 614 1466 637 1429 654 1440 ship 0.8140
874 1293 854 1284 867 1252 888 1260 ship 0.8133
613 2019 595 2009 615 1973 633 1982 ship 0.8129
690 1726 675 1718 694 1678 710 1686 ship 0.8129
457 1613 441 1604 460 1568 476 1576 ship 0.8114
1008 1151 989 1144 1006 1097 1025 1103 ship 0.8104
464 1405 447 1398 461 1359 479 1365 ship 0.8097
948 1190 928 1181 947 1139 966 1147 ship 0.8094
561 1240 544 1232 565 1190 581 1198 ship 0.8084
1060 779 1037 771 1056 720 1078 728 ship 0.8078
560 1872 543 1861 563 1829 580 1841 ship 0.8073
931 671 911 663 928 613 949 620 ship 0.8057
474 2122 456 2109 479 2078 496 2091 ship 0.8049
259 1818 243 1808 259 1781 276 1791 ship 0.8047
476 2180 460 2170 481 2137 497 2147 ship 0.8046
378 2123 365 2113 389 2084 402 2095 ship 0.8040
855 1353 836 1344 855 1302 874 1311 ship 0.8031
591 1462 575 1453 596 1416 612 1426 ship 0.8011
221 2031 207 2020 231 1990 245 2001 ship 0.8002
959 1392 946 1386 964 1346 977 1353 ship 0.7977
576 1599 553 1590 568 1553 591 1563 ship 0.7947
1052 567 1031 562 1044 515 1065 521 ship 0.7940
864 1519 851 1510 875 1475 888 1484 ship 0.7922
889 658 868 652 882 601 903 607 ship 0.7906
779 495 758 490 769 442 791 447 ship 0.7898
1114 1043 1098 1035 1122 990 1138 998 ship 0.7885
230 1867 216 1858 239 1822 253 1831 ship 0.7864
451 1758 433 1750 449 1715 467 1724 ship 0.7822
937 1327 920 1318 942 1277 958 1285 ship 0.7821
1174 998 1158 991 1181 941 1196 948 ship 0.7815
1277 771 1255 766 1268 717 1289 722 ship 0.7796
579 2055 564 2046 584 2010 599 2019 ship 0.7771
336 1751 318 1743 334 1708 352 1716 ship 0.7742
868 961 848 954 863 911 884 919 ship 0.7732
580 1997 559 1986 576 1956 596 1967 ship 0.7729
847 637 826 630 841 591 862 599 ship 0.7727
186 2008 171 1995 193 1971 207 1983 ship 0.7709
198 1844 182 1836 200 1801 217 1809 ship 0.7701
902 729 881 721 900 671 920 678 ship 0.7699
444 1984 429 1974 453 1940 468 1950 ship 0.7691
521 2196 502 2186 519 2155 538 2165 ship 0.7676
796 1274 776 1265 799 1219 819 1229 ship 0.7673
396 1951 377 1940 397 1906 416 1918 ship 0.7597
499 1355 481 1346 502 1308 519 1317 ship 0.7587
1182 1064 1163 1058 1180 1010 1198 1017 ship 0.7583
748 918 732 911 750 870 766 878 ship 0.7570
431 940 433 920 491 927 489 947 ship 0.7546
683 1084 664 1077 680 1036 699 1043 ship 0.7529
746 1111 726 1104 741 1062 761 1069 ship 0.7518
222 1793 205 1785 219 1754 236 1762 ship 0.7511
508 2137 490 2124 511 2096 529 2109 ship 0.7509
877 1367 857 1358 877 1313 897 1323 ship 0.7507
725 852 703 843 719 805 741 813 ship 0.7484
907 1166 884 1158 898 1119 921 1128 ship 0.7476
355 2108 342 2097 364 2071 377 2082 ship 0.7418
755 683 736 679 746 631 765 635 ship 0.7397
798 1777 783 1765 810 1732 824 1743 ship 0.7390
770 1322 754 1311 774 1278 791 1289 ship 0.7379
490 1999 473 1989 490 1960 506 1969 ship 0.7371
1145 1204 1126 1195 1149 1147 1168 1156 ship 0.7303
736 1751 721 1741 745 1705 760 1715 ship 0.7268
825 1284 803 1274 823 1230 845 1240 ship 0.7262
824 502 803 495 818 450 839 456 ship 0.7258
620 1695 605 1684 632 1649 646 1659 ship 0.7257
611 2071 597 2063 617 2031 630 2039 ship 0.7253
656 1917 639 1906 660 1871 677 1881 ship 0.7229
721 1303 704 1296 722 1253 738 1259 ship 0.7195
549 2041 529 2031 547 1996 567 2007 ship 0.7191
619 1900 603 1891 624 1856 639 1865 ship 0.7137
523 2025 503 2014 520 1984 539 1994 ship 0.7116
668 1433 650 1425 669 1383 688 1392 ship 0.7081
527 1223 510 1217 525 1178 541 1184 ship 0.7076
295 1583 279 1574 302 1533 318 1543 ship 0.7067
911 968 890 958 905 924 926 933 ship 0.7011
683 1930 667 1919 691 1883 707 1894 ship 0.6975
544 1664 528 1652 552 1618 568 1629 ship 0.6966
433 1608 415 1599 433 1561 451 1569 ship 0.6953
480 1772 458 1762 477 1724 498 1735 ship 0.6947
373 1769 358 1760 377 1727 393 1737 ship 0.6843
451 1932 436 1922 461 1887 476 1897 ship 0.6803
483 1945 469 1935 491 1902 505 1912 ship 0.6716
395 1781 379 1771 398 1737 414 1747 ship 0.6703
590 1880 572 1870 590 1835 608 1845 ship 0.6656
290 1896 277 1886 301 1855 314 1865 ship 0.6620
781 1765 765 1756 786 1717 802 1726 ship 0.6618
286 2068 272 2058 296 2027 309 2038 ship 0.6605
696 1036 678 1029 696 982 714 989 ship 0.6601
445 918 448 897 496 904 493 925 ship 0.6600
598 2197 585 2187 612 2153 625 2162 ship 0.6488
727 2130 710 2117 754 2059 771 2072 ship 0.6427
526 2151 509 2140 530 2108 546 2119 ship 0.6385
821 1500 804 1491 826 1450 843 1460 ship 0.6311
389 1380 372 1370 396 1329 412 1338 ship 0.6237
953 1129 933 1120 955 1077 974 1086 ship 0.6221
158 1841 142 1833 160 1796 176 1803 ship 0.6162
439 2159 424 2148 444 2117 460 2128 ship 0.6156
736 1466 715 1455 738 1410 758 1420 ship 0.6048
1136 982 1119 974 1141 924 1158 932 ship 0.5999
6 1888 14 1871 53 1889 45 1907 ship 0.5947
1091 575 1071 569 1084 525 1104 531 ship 0.5905
619 1411 605 1401 633 1363 647 1373 ship 0.5897
411 2084 396 2073 420 2042 435 2053 ship 0.5832
182 1949 166 1938 189 1905 205 1916 ship 0.5821
1085 968 1066 959 1090 907 1109 915 ship 0.5780
316 2030 302 2017 327 1991 341 2004 ship 0.5778
698 1888 677 1875 697 1843 718 1856 ship 0.5761
773 1537 755 1530 773 1489 790 1496 ship 0.5755
140 1704 150 1691 184 1716 175 1729 ship 0.5721
790 1128 771 1119 788 1081 807 1089 ship 0.5610
706 1299 689 1292 707 1247 723 1253 ship 0.5605
533 1592 518 1583 540 1544 555 1552 ship 0.5533
757 1918 741 1905 765 1874 781 1886 ship 0.5506
448 1554 432 1543 457 1506 473 1516 ship 0.5469
675 896 655 889 671 846 691 854 ship 0.5458
899 1597 882 1586 906 1549 923 1560 ship 0.5240
938 482 944 458 1002 474 995 498 ship 0.5199
266 1716 251 1705 271 1677 286 1687 ship 0.5141
499 2190 480 2177 500 2148 519 2161 ship 0.5080
1035 1015 1018 1009 1032 967 1050 973 ship 0.4927
803 1550 788 1542 809 1500 824 1507 ship 0.4703
747 1056 727 1046 746 1007 767 1017 ship 0.4662
1012 763 994 756 1013 707 1031 714 ship 0.4580
679 2108 657 2095 679 2061 700 2074 ship 0.4391
173 1951 185 1938 212 1961 200 1975 ship 0.4328
154 1977 170 1956 192 1972 175 1994 ship 0.4292
701 1668 682 1658 702 1620 722 1630 ship 0.4225
607 1057 587 1050 603 1008 622 1016 ship 0.3996
157 1933 136 1922 153 1890 174 1901 ship 0.3988
432 2091 415 2080 435 2049 451 2059 ship 0.3937
749 482 733 475 752 433 768 440 ship 0.3778
598 1255 580 1247 600 1205 617 1213 ship 0.3712
615 811 592 805 604 762 626 768 ship 0.3573
352 1912 366 1889 391 1904 376 1927 ship 0.3413
204 2019 189 2008 214 1975 229 1986 ship 0.2057
607 1467 595 1457 624 1424 636 1434 ship 0.2001
648 1488 632 1479 654 1439 671 1448 ship 0.1822
891 1111 873 1104 893 1057 911 1064 ship 0.1720
205 1849 195 1840 228 1806 238 1816 ship 0.1178
352 1754 336 1744 358 1712 373 1723 ship 0.1090
605 1889 587 1877 609 1844 627 1856 ship 0.1027
655 649 684 548 1299 722 1271 823 harbor 0.9949
391 1361 432 1271 1053 1555 1011 1645 harbor 0.9902
299 1532 338 1448 962 1744 922 1828 harbor 0.9747
560 870 596 755 1289 971 1253 1086 harbor 0.9652
664 478 687 399 1341 587 1318 666 harbor 0.9543
439 1180 475 1087 1120 1341 1084 1434 harbor 0.9409
82 1978 118 1853 801 2051 765 2175 harbor 0.9159
120 1827 154 1701 893 1897 859 2023 harbor 0.8976
508 1013 543 921 1225 1176 1190 1268 harbor 0.8630
226 1678 276 1616 382 1702 333 1763 harbor 0.2856
165 1711 208 1572 939 1798 896 1938 harbor 0.1460
47 2047 62 2010 231 2079 216 2115 harbor 0.1304
148 1815 200 1741 296 1810 244 1883 harbor 0.1254
417 2137 468 2067 679 2222 627 2292 harbor 0.1014
