682 1176 663 1172 670 1138 688 1141 small-vehicle 0.5978
719 1187 701 1180 715 1140 734 1146 small-vehicle 0.5838
654 244 659 228 692 239 686 254 small-vehicle 0.5247
1115 1706 1123 1690 1167 1712 1159 1728 small-vehicle 0.4742
1111 1730 1119 1714 1154 1731 1146 1747 small-vehicle 0.4606
1122 1679 1129 1660 1175 1677 1168 1695 small-vehicle 0.4564
1015 261 1019 243 1055 252 1051 270 small-vehicle 0.4457
967 1487 973 1469 1009 1480 1003 1498 small-vehicle 0.4201
746 281 753 251 825 269 818 299 small-vehicle 0.3916
945 1556 950 1539 983 1549 978 1565 small-vehicle 0.3742
1144 1610 1149 1592 1184 1602 1179 1620 small-vehicle 0.3323
412 406 418 388 454 400 448 417 small-vehicle 0.2961
408 646 415 627 451 639 444 658 small-vehicle 0.2923
614 233 620 216 648 226 642 243 small-vehicle 0.2855
1147 1571 1152 1552 1185 1561 1180 1580 small-vehicle 0.2714
1079 199 1086 182 1118 195 1111 212 small-vehicle 0.2581
1068 237 1075 218 1114 232 1106 251 small-vehicle 0.2413
705 175 710 158 744 168 738 185 small-vehicle 0.2402
690 1222 672 1218 679 1184 697 1188 small-vehicle 0.2221
15 1374 16 1352 77 1356 76 1377 small-vehicle 0.2203
667 1223 650 1219 656 1185 674 1189 small-vehicle 0.2085
393 440 401 420 436 434 429 454 small-vehicle 0.1973
896 229 904 203 993 229 985 255 small-vehicle 0.1435
413 627 419 608 457 622 450 641 small-vehicle 0.1406
378 546 381 527 417 533 414 552 small-vehicle 0.1396
414 390 419 371 451 379 446 398 small-vehicle 0.1360
47 1465 44 1441 110 1433 113 1456 small-vehicle 0.1176
659 1119 665 1094 723 1106 718 1132 small-vehicle 0.1142
751 1589 730 1586 740 1489 760 1491 large-vehicle 0.9987
832 1272 811 1267 837 1174 858 1179 large-vehicle 0.9985
329 1212 311 1200 359 1128 377 1140 large-vehicle 0.9978
727 1584 705 1582 712 1487 734 1488 large-vehicle 0.9977
911 1299 891 1293 917 1206 936 1211 large-vehicle 0.9976
858 1276 836 1270 863 1177 884 1183 large-vehicle 0.9974
703 1574 681 1573 683 1480 704 1480 large-vehicle 0.9973
778 1375 757 1369 779 1280 800 1285 large-vehicle 0.9972
884 1291 863 1285 891 1190 912 1196 large-vehicle 0.9968
617 1546 596 1544 605 1449 626 1451 large-vehicle 0.9968
321 1181 302 1169 354 1092 373 1105 large-vehicle 0.9965
477 1235 484 1214 583 1247 576 1268 large-vehicle 0.9963
611 1325 596 1309 667 1243 682 1259 large-vehicle 0.9962
675 1567 654 1567 657 1468 679 1469 large-vehicle 0.9962
641 1333 626 1317 699 1251 714 1268 large-vehicle 0.9961
457 1486 436 1485 444 1389 466 1391 large-vehicle 0.9956
313 1100 296 1089 342 1020 359 1032 large-vehicle 0.9954
479 1210 486 1188 584 1219 577 1241 large-vehicle 0.9950
594 1535 573 1534 579 1443 600 1445 large-vehicle 0.9948
805 1265 784 1259 810 1166 831 1172 large-vehicle 0.9947
878 1408 857 1403 880 1309 902 1315 large-vehicle 0.9944
648 1555 626 1554 630 1460 652 1461 large-vehicle 0.9938
487 1499 463 1497 471 1399 495 1401 large-vehicle 0.9930
860 1625 836 1625 840 1528 864 1529 large-vehicle 0.9930
937 1305 918 1300 942 1209 961 1214 large-vehicle 0.9927
806 1381 784 1376 805 1286 827 1291 large-vehicle 0.9922
905 1416 884 1410 911 1316 932 1323 large-vehicle 0.9917
479 1183 485 1162 579 1190 573 1212 large-vehicle 0.9910
465 1124 471 1102 571 1128 565 1150 large-vehicle 0.9906
339 1236 322 1224 368 1158 386 1171 large-vehicle 0.9900
830 1621 811 1620 816 1522 836 1523 large-vehicle 0.9895
299 1079 282 1067 336 990 353 1002 large-vehicle 0.9892
348 1270 331 1257 372 1199 390 1211 large-vehicle 0.9892
780 1600 759 1598 765 1499 786 1500 large-vehicle 0.9887
851 1405 828 1400 852 1306 874 1312 large-vehicle 0.9887
319 1129 303 1116 348 1059 364 1072 large-vehicle 0.9881
581 1316 565 1298 639 1229 656 1247 large-vehicle 0.9878
429 1472 407 1469 419 1375 441 1378 large-vehicle 0.9873
752 1366 730 1361 750 1272 772 1278 large-vehicle 0.9869
463 1147 470 1125 575 1159 568 1181 large-vehicle 0.9843
779 1262 758 1256 781 1161 803 1166 large-vehicle 0.9826
565 1527 543 1525 552 1430 574 1432 large-vehicle 0.9814
303 947 284 936 322 873 342 885 large-vehicle 0.9804
266 737 248 724 295 659 313 672 large-vehicle 0.9800
278 762 262 751 304 694 320 706 large-vehicle 0.9795
682 1353 661 1337 722 1253 744 1269 large-vehicle 0.9780
577 1095 584 1070 659 1092 652 1117 large-vehicle 0.9761
370 1421 350 1408 399 1331 419 1344 large-vehicle 0.9700
438 1049 446 1026 539 1057 531 1080 large-vehicle 0.9691
294 909 278 897 321 840 337 853 large-vehicle 0.9688
455 1090 463 1067 563 1102 555 1125 large-vehicle 0.9684
301 1043 282 1032 326 957 346 968 large-vehicle 0.9669
248 715 230 701 287 628 304 642 large-vehicle 0.9657
559 1050 568 1023 661 1052 653 1079 large-vehicle 0.9617
887 1628 866 1628 870 1527 891 1528 large-vehicle 0.9584
295 284 302 263 384 291 377 312 large-vehicle 0.9485
359 1393 340 1381 390 1301 410 1313 large-vehicle 0.9371
244 668 228 656 283 583 299 595 large-vehicle 0.9340
545 133 552 109 639 132 632 156 large-vehicle 0.9257
281 846 263 832 314 766 332 780 large-vehicle 0.9253
306 978 290 967 330 912 345 923 large-vehicle 0.9150
275 885 260 872 322 801 337 814 large-vehicle 0.9097
747 1101 753 1079 843 1103 837 1125 large-vehicle 0.8807
287 791 270 779 304 732 322 745 large-vehicle 0.8533
7 1410 7 1386 69 1387 68 1412 large-vehicle 0.8237
270 339 275 320 345 340 339 359 large-vehicle 0.8148
898 227 905 202 991 229 984 253 large-vehicle 0.8075
286 309 295 289 363 318 355 338 large-vehicle 0.7579
363 1292 345 1279 379 1231 396 1243 large-vehicle 0.7505
1111 373 1118 348 1187 368 1180 393 large-vehicle 0.6671
238 595 220 582 282 503 300 517 large-vehicle 0.6667
741 282 748 251 827 269 820 299 large-vehicle 0.5130
659 1119 665 1094 723 1106 718 1132 large-vehicle 0.4564
257 527 241 514 276 469 292 482 large-vehicle 0.3364
54 1495 52 1472 118 1467 119 1490 large-vehicle 0.2906
14 1373 15 1352 75 1355 74 1376 large-vehicle 0.2707
58 1523 56 1501 123 1495 125 1517 large-vehicle 0.2020
47 1465 44 1441 110 1433 113 1456 large-vehicle 0.1733
286 309 295 289 363 318 355 338 ship 0.1298
