422 237 428 227 445 239 438 248 small-vehicle 0.6523
404 259 410 252 425 264 419 271 small-vehicle 0.6426
13 72 31 68 36 90 18 93 small-vehicle 0.5070
213 32 201 30 206 6 218 9 small-vehicle 0.4914
311 448 305 439 332 422 338 431 small-vehicle 0.4708
93 577 106 576 107 596 94 597 small-vehicle 0.4397
113 579 124 576 128 596 117 599 small-vehicle 0.3958
55 586 67 585 68 604 56 605 small-vehicle 0.3915
252 428 249 417 272 411 275 422 small-vehicle 0.3721
69 565 82 565 82 588 69 588 small-vehicle 0.3664
411 249 420 238 435 250 426 261 small-vehicle 0.3662
196 66 202 58 219 70 213 78 small-vehicle 0.3573
57 590 45 590 45 570 58 571 small-vehicle 0.3377
41 586 53 586 54 605 42 606 small-vehicle 0.3190
65 584 76 582 79 603 68 605 small-vehicle 0.3099
477 162 470 155 484 140 491 147 small-vehicle 0.2965
200 46 203 37 218 43 215 52 small-vehicle 0.2881
202 32 193 31 194 11 203 11 small-vehicle 0.2874
30 570 41 569 42 589 30 590 small-vehicle 0.2863
180 41 171 39 175 17 184 19 small-vehicle 0.2772
260 62 253 56 268 41 274 47 small-vehicle 0.2644
519 992 509 989 515 969 525 972 small-vehicle 0.2638
276 81 268 75 278 60 286 65 small-vehicle 0.2520
144 112 147 101 162 104 160 116 small-vehicle 0.2467
479 199 467 198 467 182 479 182 small-vehicle 0.2423
250 56 243 51 255 34 262 39 small-vehicle 0.2414
458 90 450 84 461 67 470 72 small-vehicle 0.2380
8 39 4 25 24 19 28 33 small-vehicle 0.2290
142 596 126 596 126 577 142 577 small-vehicle 0.2257
10 57 9 46 31 44 32 55 small-vehicle 0.2210
480 288 468 280 478 266 490 274 small-vehicle 0.2160
510 320 498 315 503 300 516 305 small-vehicle 0.2110
398 269 404 261 419 272 413 280 small-vehicle 0.1954
175 119 162 117 164 102 177 104 small-vehicle 0.1942
120 557 131 557 132 576 120 576 small-vehicle 0.1933
482 108 474 103 486 87 494 93 small-vehicle 0.1873
469 158 462 153 475 136 482 141 small-vehicle 0.1846
266 69 258 63 270 48 278 54 small-vehicle 0.1838
396 38 389 33 399 17 406 22 small-vehicle 0.1803
501 123 492 117 504 100 512 105 small-vehicle 0.1791
470 97 462 92 473 75 481 80 small-vehicle 0.1732
492 341 478 337 482 323 496 327 small-vehicle 0.1700
474 236 488 233 491 247 477 250 small-vehicle 0.1646
177 87 189 87 189 103 177 103 small-vehicle 0.1571
452 302 458 290 474 298 468 311 small-vehicle 0.1570
258 16 247 14 249 -2 260 0 small-vehicle 0.1489
306 439 300 430 330 413 336 423 small-vehicle 0.1418
433 73 423 68 431 51 441 55 small-vehicle 0.1276
480 269 484 257 499 261 495 274 small-vehicle 0.1153
426 63 417 58 427 40 436 45 small-vehicle 0.1137
516 343 503 338 511 322 523 328 small-vehicle 0.1119
510 132 501 126 512 108 521 113 small-vehicle 0.1062
312 457 306 448 335 431 340 441 small-vehicle 0.1043
253 479 247 469 291 447 297 458 large-vehicle 0.9957
255 495 249 484 296 460 301 471 large-vehicle 0.9945
426 601 431 592 476 618 470 627 large-vehicle 0.9944
320 568 314 558 358 532 364 542 large-vehicle 0.9934
427 583 432 575 473 600 468 609 large-vehicle 0.9933
424 611 429 603 472 628 468 636 large-vehicle 0.9921
258 509 253 499 296 476 302 486 large-vehicle 0.9920
312 478 307 468 346 446 352 456 large-vehicle 0.9917
331 638 325 628 367 604 373 614 large-vehicle 0.9916
315 539 309 528 353 505 359 516 large-vehicle 0.9914
413 432 418 422 458 445 453 455 large-vehicle 0.9910
312 511 306 500 350 477 355 488 large-vehicle 0.9906
322 582 316 572 362 547 367 557 large-vehicle 0.9882
325 596 319 586 363 560 369 570 large-vehicle 0.9881
165 493 170 483 214 503 209 513 large-vehicle 0.9876
274 625 268 615 311 590 317 600 large-vehicle 0.9876
170 525 175 516 217 537 213 546 large-vehicle 0.9870
409 412 415 402 458 428 452 438 large-vehicle 0.9868
312 492 307 482 344 462 350 473 large-vehicle 0.9851
175 585 180 576 224 599 219 608 large-vehicle 0.9845
318 553 312 543 356 520 361 530 large-vehicle 0.9839
426 568 432 558 473 582 467 592 large-vehicle 0.9828
325 609 320 600 366 576 370 585 large-vehicle 0.9823
414 465 419 456 459 476 455 485 large-vehicle 0.9819
314 526 308 515 352 492 358 503 large-vehicle 0.9813
283 697 277 687 321 660 327 671 large-vehicle 0.9796
173 556 177 546 221 567 216 577 large-vehicle 0.9776
413 448 418 439 461 465 456 473 large-vehicle 0.9763
327 622 322 613 366 587 371 596 large-vehicle 0.9665
436 685 442 676 484 701 478 711 large-vehicle 0.9661
424 550 430 540 471 564 465 574 large-vehicle 0.9612
309 463 304 452 339 435 344 446 large-vehicle 0.9605
214 760 213 749 250 745 251 756 large-vehicle 0.9591
370 739 382 739 385 788 373 789 large-vehicle 0.9522
416 499 422 487 463 510 456 521 large-vehicle 0.9443
335 302 349 302 351 354 337 355 large-vehicle 0.9430
330 359 318 359 318 306 331 306 large-vehicle 0.9331
152 209 140 205 156 157 168 161 large-vehicle 0.9268
417 516 422 505 463 524 457 535 large-vehicle 0.9212
268 553 263 541 304 522 310 534 large-vehicle 0.9192
416 483 422 473 460 493 454 503 large-vehicle 0.8777
292 762 305 760 311 807 298 808 large-vehicle 0.8633
304 436 299 426 330 409 336 420 large-vehicle 0.8502
252 450 247 438 289 421 294 432 large-vehicle 0.7926
421 534 426 524 465 542 461 553 large-vehicle 0.7761
207 735 206 723 247 718 249 729 large-vehicle 0.7616
465 904 453 901 462 857 474 859 large-vehicle 0.7527
199 712 197 701 243 693 244 704 large-vehicle 0.7474
271 579 267 568 308 551 313 563 large-vehicle 0.7299
202 723 200 711 244 704 246 716 large-vehicle 0.6265
212 443 202 438 221 398 231 403 large-vehicle 0.6204
267 766 279 764 284 812 271 813 large-vehicle 0.5539
254 768 266 767 270 811 258 812 large-vehicle 0.4929
169 515 172 506 214 523 210 532 large-vehicle 0.4656
166 506 169 499 212 514 209 522 large-vehicle 0.2337
273 590 269 580 311 562 316 573 large-vehicle 0.2276
311 447 305 437 331 422 337 432 large-vehicle 0.1760
212 747 211 736 251 733 252 744 large-vehicle 0.1616
