186 1255 204 1255 204 1298 186 1298 small-vehicle 0.6248
1605 1184 1604 1159 1648 1156 1650 1181 small-vehicle 0.5682
226 1153 245 1152 247 1196 228 1196 small-vehicle 0.5301
1256 1091 1246 1076 1282 1053 1292 1069 small-vehicle 0.4381
1737 1192 1736 1169 1781 1166 1782 1189 small-vehicle 0.4090
1801 964 1801 944 1840 945 1839 964 small-vehicle 0.3915
622 1267 642 1266 644 1310 623 1311 small-vehicle 0.3823
142 54 141 32 191 30 192 51 small-vehicle 0.3740
306 1466 309 1445 348 1451 345 1472 small-vehicle 0.3666
669 1271 689 1271 690 1314 670 1315 small-vehicle 0.3665
1520 1200 1516 1177 1559 1171 1563 1194 small-vehicle 0.3511
184 1297 165 1297 166 1252 185 1252 small-vehicle 0.3435
1341 1138 1341 1116 1381 1115 1382 1137 small-vehicle 0.3184
711 1314 689 1313 690 1268 712 1269 small-vehicle 0.3098
1648 1197 1645 1173 1685 1169 1687 1192 small-vehicle 0.3084
708 1163 728 1162 731 1205 711 1206 small-vehicle 0.3071
1471 1158 1470 1136 1512 1134 1513 1155 small-vehicle 0.2830
380 1549 358 1549 358 1505 380 1505 small-vehicle 0.2810
1131 1184 1124 1163 1155 1151 1163 1173 small-vehicle 0.2620
1702 42 1722 41 1723 85 1703 86 small-vehicle 0.2510
202 1190 183 1190 184 1146 203 1146 small-vehicle 0.2504
1278 1101 1268 1078 1296 1066 1305 1089 small-vehicle 0.2280
1523 1130 1522 1107 1559 1105 1560 1128 small-vehicle 0.2216
157 1294 138 1293 139 1252 158 1253 small-vehicle 0.2101
1332 1092 1330 1069 1368 1066 1370 1089 small-vehicle 0.1973
447 1572 451 1552 495 1559 491 1580 small-vehicle 0.1697
1246 1070 1238 1051 1265 1039 1274 1058 small-vehicle 0.1603
689 1159 707 1159 708 1204 690 1204 small-vehicle 0.1579
568 547 590 546 591 606 568 606 small-vehicle 0.1426
152 201 149 183 190 175 193 194 small-vehicle 0.1358
1736 1217 1736 1195 1777 1194 1777 1217 small-vehicle 0.1293
1386 1097 1426 1094 1430 1144 1389 1147 small-vehicle 0.1256
1338 1155 1339 1133 1381 1135 1380 1156 small-vehicle 0.1154
1842 40 1863 39 1866 80 1845 82 small-vehicle 0.1061
1086 1247 1084 1223 1112 1221 1114 1245 small-vehicle 0.1048
594 407 572 394 631 300 653 313 large-vehicle 0.9969
818 397 801 384 868 293 885 305 large-vehicle 0.9967
1253 1429 1228 1427 1236 1318 1261 1319 large-vehicle 0.9967
395 405 376 392 434 304 453 317 large-vehicle 0.9964
791 398 773 387 828 294 846 305 large-vehicle 0.9960
1555 1460 1532 1458 1543 1348 1566 1351 large-vehicle 0.9956
1620 1464 1595 1462 1601 1350 1626 1351 large-vehicle 0.9956
973 400 952 382 1028 291 1050 309 large-vehicle 0.9949
1586 1462 1563 1460 1571 1348 1594 1349 large-vehicle 0.9949
524 401 504 387 564 296 584 310 large-vehicle 0.9947
1529 1459 1503 1457 1510 1346 1536 1347 large-vehicle 0.9947
915 397 897 384 964 291 982 304 large-vehicle 0.9946
453 410 432 395 501 302 522 318 large-vehicle 0.9942
653 402 633 387 697 299 718 314 large-vehicle 0.9941
1496 1454 1470 1451 1481 1346 1508 1349 large-vehicle 0.9933
1169 1403 1147 1403 1150 1316 1173 1317 large-vehicle 0.9927
760 398 741 387 795 296 814 307 large-vehicle 0.9924
1087 453 1086 426 1193 423 1194 450 large-vehicle 0.9923
721 402 701 389 761 298 781 311 large-vehicle 0.9922
1093 545 1092 519 1195 517 1195 542 large-vehicle 0.9920
875 401 856 387 923 296 942 310 large-vehicle 0.9919
1095 572 1095 547 1193 545 1193 570 large-vehicle 0.9918
1091 605 1089 579 1194 574 1195 599 large-vehicle 0.9894
556 403 535 390 594 298 615 311 large-vehicle 0.9887
1138 711 1138 686 1276 685 1277 709 large-vehicle 0.9885
1140 1403 1116 1401 1122 1314 1145 1316 large-vehicle 0.9878
370 402 352 390 409 303 427 315 large-vehicle 0.9876
1093 634 1093 609 1196 607 1196 633 large-vehicle 0.9873
1363 1431 1340 1429 1348 1326 1371 1328 large-vehicle 0.9867
1040 393 1021 376 1098 285 1117 302 large-vehicle 0.9862
1224 1406 1198 1405 1203 1315 1229 1316 large-vehicle 0.9840
1196 1405 1173 1404 1176 1315 1200 1316 large-vehicle 0.9826
1089 483 1088 457 1191 453 1192 479 large-vehicle 0.9825
1647 1466 1624 1464 1634 1355 1658 1357 large-vehicle 0.9817
685 402 666 389 728 297 747 310 large-vehicle 0.9816
1749 1350 1721 1348 1731 1243 1759 1245 large-vehicle 0.9772
1087 423 1086 396 1192 391 1193 418 large-vehicle 0.9683
1417 1444 1389 1441 1402 1332 1430 1335 large-vehicle 0.9614
670 614 646 613 647 507 671 507 large-vehicle 0.9476
447 655 446 627 564 622 565 650 large-vehicle 0.9447
1337 1433 1309 1431 1318 1321 1346 1324 large-vehicle 0.9325
1705 1473 1673 1470 1682 1353 1714 1356 large-vehicle 0.9301
607 514 634 512 639 616 612 618 large-vehicle 0.9267
1283 1434 1255 1432 1264 1321 1292 1324 large-vehicle 0.9158
1786 1342 1760 1341 1762 1227 1788 1228 large-vehicle 0.9013
840 676 841 654 925 656 925 677 large-vehicle 0.8770
286 696 257 696 257 585 287 585 large-vehicle 0.8447
1448 1446 1423 1444 1428 1341 1452 1342 large-vehicle 0.8150
1762 1481 1737 1479 1747 1371 1773 1373 large-vehicle 0.7866
408 748 408 722 520 719 521 745 large-vehicle 0.7861
559 752 558 726 669 721 670 748 large-vehicle 0.7820
698 657 697 630 798 627 799 654 large-vehicle 0.7768
1610 191 1646 191 1646 280 1610 280 large-vehicle 0.6631
821 1557 828 1530 907 1551 900 1578 large-vehicle 0.6162
565 531 589 531 591 605 567 606 large-vehicle 0.6066
650 112 644 85 714 68 720 95 large-vehicle 0.5286
255 412 233 396 300 304 322 320 large-vehicle 0.4140
595 1477 599 1455 709 1476 705 1498 large-vehicle 0.2300
690 1268 712 1267 714 1313 692 1314 ship 0.1554
