779 490 777 474 798 471 800 487 small-vehicle 0.5460
731 531 726 520 748 509 754 520 small-vehicle 0.5385
1296 289 1308 283 1318 306 1307 311 small-vehicle 0.4920
1150 42 1162 37 1172 60 1160 65 small-vehicle 0.4501
720 505 715 494 737 483 742 494 small-vehicle 0.4479
642 305 636 293 661 279 668 291 small-vehicle 0.2147
1005 517 998 505 1030 486 1037 497 small-vehicle 0.1908
27 146 19 130 39 120 47 136 small-vehicle 0.1820
248 243 234 238 247 204 261 209 small-vehicle 0.1592
443 467 449 451 534 483 528 499 large-vehicle 0.9916
518 345 505 339 530 286 543 292 large-vehicle 0.9900
528 367 515 361 539 308 552 314 large-vehicle 0.9888
541 386 528 381 549 329 562 334 large-vehicle 0.9882
763 277 752 272 774 220 786 225 large-vehicle 0.9877
496 631 500 620 559 641 555 653 large-vehicle 0.9874
1099 351 1086 346 1105 294 1119 299 large-vehicle 0.9850
975 422 959 415 997 334 1013 341 large-vehicle 0.9846
477 643 483 631 534 653 528 665 large-vehicle 0.9836
462 508 467 493 546 522 541 537 large-vehicle 0.9808
1144 259 1150 243 1230 270 1224 287 large-vehicle 0.9798
341 243 346 228 430 259 424 273 large-vehicle 0.9782
364 544 347 538 378 458 395 465 large-vehicle 0.9781
1112 363 1098 358 1118 306 1132 311 large-vehicle 0.9781
790 785 776 779 797 723 812 728 large-vehicle 0.9776
266 344 251 338 285 253 301 259 large-vehicle 0.9763
591 276 586 264 640 239 646 252 large-vehicle 0.9758
126 181 132 165 188 188 181 204 large-vehicle 0.9752
368 306 375 288 456 318 449 336 large-vehicle 0.9748
666 840 651 834 675 778 690 784 large-vehicle 0.9728
598 289 592 276 644 252 650 266 large-vehicle 0.9704
584 258 579 246 634 224 639 236 large-vehicle 0.9702
432 758 439 743 494 769 487 783 large-vehicle 0.9683
726 813 713 807 737 753 750 759 large-vehicle 0.9670
402 365 407 351 480 379 475 393 large-vehicle 0.9665
665 792 652 787 675 733 688 739 large-vehicle 0.9657
1105 138 1108 127 1168 144 1165 155 large-vehicle 0.9640
938 338 924 332 949 275 963 282 large-vehicle 0.9634
893 224 878 218 899 165 914 171 large-vehicle 0.9629
1052 292 1037 286 1068 205 1083 211 large-vehicle 0.9613
289 418 274 411 312 323 328 329 large-vehicle 0.9557
479 550 483 536 544 554 539 568 large-vehicle 0.9557
918 295 902 289 939 205 954 212 large-vehicle 0.9525
871 468 858 463 890 378 904 383 large-vehicle 0.9522
788 320 774 315 806 227 821 232 large-vehicle 0.9498
577 474 564 469 585 413 598 418 large-vehicle 0.9491
314 446 300 441 334 353 348 358 large-vehicle 0.9450
351 935 338 929 363 873 377 880 large-vehicle 0.9444
921 604 907 598 931 542 945 548 large-vehicle 0.9439
957 380 943 374 976 286 991 291 large-vehicle 0.9426
463 929 446 923 477 842 494 848 large-vehicle 0.9420
812 374 799 368 838 286 851 293 large-vehicle 0.9397
856 452 843 446 881 362 895 368 large-vehicle 0.9395
1116 179 1119 167 1190 188 1186 200 large-vehicle 0.9379
1116 192 1121 179 1190 206 1186 218 large-vehicle 0.9326
463 221 449 214 475 161 488 167 large-vehicle 0.9315
774 292 762 286 791 220 804 226 large-vehicle 0.9291
476 529 479 519 550 542 547 552 large-vehicle 0.9286
837 415 822 410 843 354 857 360 large-vehicle 0.9211
229 292 214 286 232 237 247 243 large-vehicle 0.9149
345 264 350 249 429 275 425 289 large-vehicle 0.9094
797 336 782 330 815 244 830 249 large-vehicle 0.9078
403 381 409 367 489 404 483 418 large-vehicle 0.8921
1112 159 1115 146 1180 165 1177 178 large-vehicle 0.8914
595 842 581 837 602 786 616 791 large-vehicle 0.8802
554 857 541 851 562 803 575 809 large-vehicle 0.8702
945 360 933 355 962 289 974 294 large-vehicle 0.8599
848 423 836 418 862 360 874 366 large-vehicle 0.8526
1090 113 1094 102 1163 125 1159 137 large-vehicle 0.8485
301 434 287 428 326 335 339 341 large-vehicle 0.8357
993 1 1007 -5 1029 44 1015 50 large-vehicle 0.7464
593 0 608 -9 639 42 625 50 large-vehicle 0.6897
1021 227 1007 221 1040 142 1055 148 large-vehicle 0.6364
855 369 841 364 856 325 869 330 large-vehicle 0.5827
637 77 652 71 681 151 666 156 large-vehicle 0.4151
1170 437 1163 426 1199 404 1206 415 large-vehicle 0.3780
542 891 531 886 544 853 555 858 large-vehicle 0.3522
585 874 571 869 585 832 598 837 large-vehicle 0.3235
248 243 234 238 247 204 261 209 large-vehicle 0.2993
-3 190 -8 176 24 164 29 177 large-vehicle 0.1233
976 579 989 572 1008 612 995 618 large-vehicle 0.1190
930 326 915 318 950 245 966 252 large-vehicle 0.1089
