716 730 702 727 707 700 722 703 small-vehicle 0.7795
-2 208 1 196 28 206 24 218 small-vehicle 0.7476
3 183 7 171 33 180 29 192 small-vehicle 0.6986
45 426 48 415 71 422 68 433 small-vehicle 0.6895
44 438 48 427 68 434 65 444 small-vehicle 0.6607
36 456 38 445 59 450 57 461 small-vehicle 0.6475
82 447 69 444 73 425 86 428 small-vehicle 0.6392
-4 222 0 210 24 221 19 233 small-vehicle 0.5985
0 196 4 184 30 192 26 204 small-vehicle 0.5646
45 413 49 400 71 407 68 419 small-vehicle 0.5640
88 396 76 394 81 373 92 375 small-vehicle 0.5539
29 496 32 484 54 489 52 501 small-vehicle 0.5425
82 461 85 448 108 454 105 466 small-vehicle 0.5277
34 469 37 459 58 465 55 476 small-vehicle 0.5265
624 546 633 542 642 562 633 567 small-vehicle 0.4933
812 156 802 153 808 133 817 135 small-vehicle 0.4806
84 447 87 435 111 441 108 453 small-vehicle 0.4750
29 481 33 471 54 477 50 488 small-vehicle 0.4687
92 424 95 413 115 419 112 430 small-vehicle 0.4150
88 437 92 425 114 432 111 444 small-vehicle 0.4118
45 229 57 225 64 247 52 251 small-vehicle 0.3930
77 484 81 472 103 479 99 490 small-vehicle 0.3860
38 244 53 239 61 259 47 265 small-vehicle 0.3753
72 504 75 492 96 498 93 509 small-vehicle 0.3480
66 524 69 512 90 518 87 530 small-vehicle 0.3264
10 587 12 576 35 582 32 593 small-vehicle 0.3251
683 39 686 30 710 38 707 48 small-vehicle 0.3040
93 373 81 370 86 350 97 352 small-vehicle 0.3007
95 411 98 401 119 407 116 417 small-vehicle 0.2910
107 362 111 352 130 359 126 369 small-vehicle 0.2879
80 473 83 462 106 467 103 478 small-vehicle 0.2764
801 177 791 173 798 154 809 158 small-vehicle 0.2748
55 592 58 581 77 587 74 598 small-vehicle 0.2726
54 603 58 592 75 598 71 609 small-vehicle 0.2715
-6 235 -2 224 22 234 18 245 small-vehicle 0.2632
405 484 408 469 452 479 449 494 small-vehicle 0.2362
619 26 621 16 641 21 639 30 small-vehicle 0.2275
593 21 595 11 615 15 613 25 small-vehicle 0.2222
742 306 729 303 734 282 747 285 small-vehicle 0.2198
519 444 522 431 562 441 559 454 small-vehicle 0.2139
99 397 101 388 123 393 121 402 small-vehicle 0.2076
749 280 739 279 742 258 752 260 small-vehicle 0.2072
100 387 101 377 124 380 123 391 small-vehicle 0.2063
355 470 360 457 400 470 396 483 small-vehicle 0.2049
97 194 100 183 119 189 116 200 small-vehicle 0.1890
97 351 86 349 91 329 101 332 small-vehicle 0.1886
11 579 13 567 36 570 34 582 small-vehicle 0.1825
791 194 781 189 788 175 798 179 small-vehicle 0.1801
578 426 580 412 619 415 618 430 small-vehicle 0.1573
459 495 463 482 506 494 502 507 small-vehicle 0.1509
593 796 596 783 638 794 634 807 small-vehicle 0.1450
-7 251 -2 236 20 243 15 257 small-vehicle 0.1375
37 444 40 435 63 443 59 452 small-vehicle 0.1313
747 354 735 352 737 330 749 331 small-vehicle 0.1237
648 715 634 714 639 671 653 673 small-vehicle 0.1209
782 217 771 212 779 194 790 199 small-vehicle 0.1180
155 425 158 413 201 423 198 436 large-vehicle 0.9800
254 696 257 683 305 696 301 710 large-vehicle 0.9784
152 439 155 427 198 437 195 449 large-vehicle 0.9780
293 503 296 490 342 502 339 515 large-vehicle 0.9771
197 464 200 451 244 461 241 474 large-vehicle 0.9769
471 831 476 818 518 834 513 846 large-vehicle 0.9734
575 862 578 850 625 861 622 874 large-vehicle 0.9723
500 552 503 539 549 549 546 562 large-vehicle 0.9722
159 409 162 396 210 407 207 420 large-vehicle 0.9713
206 420 209 406 255 417 251 431 large-vehicle 0.9707
250 448 253 434 299 445 296 458 large-vehicle 0.9690
172 721 175 706 232 719 229 734 large-vehicle 0.9686
177 703 180 689 237 703 234 718 large-vehicle 0.9685
455 510 458 498 501 507 498 519 large-vehicle 0.9668
193 481 196 467 241 478 238 491 large-vehicle 0.9660
470 467 473 454 519 465 516 478 large-vehicle 0.9652
335 529 337 515 380 522 378 535 large-vehicle 0.9611
405 717 408 704 457 715 454 728 large-vehicle 0.9611
401 839 404 825 453 836 450 850 large-vehicle 0.9609
209 669 213 656 264 671 260 684 large-vehicle 0.9598
395 509 399 496 444 508 440 521 large-vehicle 0.9592
452 541 455 527 501 538 498 552 large-vehicle 0.9574
241 492 244 479 289 489 285 503 large-vehicle 0.9571
516 491 519 479 562 489 559 501 large-vehicle 0.9563
466 709 469 696 517 705 514 718 large-vehicle 0.9536
452 523 455 510 499 519 496 532 large-vehicle 0.9521
349 486 351 473 396 482 394 495 large-vehicle 0.9517
375 429 378 417 424 430 421 442 large-vehicle 0.9502
256 431 260 417 302 428 299 442 large-vehicle 0.9497
392 528 395 515 441 525 438 538 large-vehicle 0.9496
203 437 206 423 249 433 246 446 large-vehicle 0.9493
263 387 267 373 311 385 307 399 large-vehicle 0.9490
520 464 523 453 565 463 562 474 large-vehicle 0.9471
343 496 346 485 391 495 389 507 large-vehicle 0.9461
361 457 364 444 408 453 405 467 large-vehicle 0.9413
526 632 528 619 575 629 572 642 large-vehicle 0.9410
313 445 316 432 359 443 355 456 large-vehicle 0.9404
220 394 224 381 270 394 266 407 large-vehicle 0.9393
267 682 270 669 318 680 315 693 large-vehicle 0.9373
401 497 404 485 448 494 445 507 large-vehicle 0.9371
646 717 633 715 639 670 653 672 large-vehicle 0.9325
168 656 171 644 213 659 209 670 large-vehicle 0.9308
367 691 369 675 418 682 415 698 large-vehicle 0.9294
408 469 411 455 454 464 452 478 large-vehicle 0.9270
510 523 513 510 555 519 552 532 large-vehicle 0.9245
625 761 611 758 622 711 635 714 large-vehicle 0.9237
313 432 316 419 360 428 357 441 large-vehicle 0.9232
130 531 132 517 178 525 176 539 large-vehicle 0.9204
197 450 200 438 246 447 243 460 large-vehicle 0.9159
260 418 263 407 305 417 302 429 large-vehicle 0.9148
552 905 556 891 615 908 611 922 large-vehicle 0.9135
364 440 368 429 414 442 411 454 large-vehicle 0.9109
467 480 470 467 514 479 511 492 large-vehicle 0.9045
514 509 517 495 558 504 555 517 large-vehicle 0.9033
328 417 331 405 375 417 371 430 large-vehicle 0.9008
523 479 526 467 566 477 563 489 large-vehicle 0.9005
588 821 590 809 632 817 629 829 large-vehicle 0.8948
467 731 471 719 518 733 515 745 large-vehicle 0.8842
249 461 252 448 294 458 291 470 large-vehicle 0.8840
443 764 445 752 491 762 488 774 large-vehicle 0.8750
243 475 246 461 292 470 289 484 large-vehicle 0.8742
309 462 312 449 353 458 350 471 large-vehicle 0.8729
592 796 595 783 637 794 634 806 large-vehicle 0.8649
505 534 508 521 552 532 549 545 large-vehicle 0.8648
528 616 530 604 577 612 575 625 large-vehicle 0.8549
354 471 357 457 402 467 398 482 large-vehicle 0.8538
638 764 624 762 634 713 648 716 large-vehicle 0.8486
300 473 303 461 347 471 344 483 large-vehicle 0.8373
584 848 587 836 627 845 624 857 large-vehicle 0.8306
296 486 299 474 344 484 341 497 large-vehicle 0.8231
412 454 415 440 458 449 456 462 large-vehicle 0.8051
634 713 622 712 626 668 639 669 large-vehicle 0.8011
459 495 463 481 507 494 503 508 large-vehicle 0.8005
508 743 510 728 564 738 561 753 large-vehicle 0.7811
383 771 385 762 421 770 419 779 large-vehicle 0.7476
519 444 522 431 562 441 559 454 large-vehicle 0.7250
405 484 409 469 451 478 447 493 large-vehicle 0.7123
760 811 748 808 760 762 771 765 large-vehicle 0.7003
370 829 374 816 407 827 403 840 large-vehicle 0.5748
87 798 92 777 175 797 170 818 large-vehicle 0.3595
