241 447 219 437 237 396 260 405 small-vehicle 0.6061
1541 2115 1522 2102 1547 2066 1566 2079 small-vehicle 0.6058
1560 2131 1542 2117 1568 2083 1586 2097 small-vehicle 0.6005
220 438 197 433 207 386 230 391 small-vehicle 0.5873
188 428 164 423 174 375 198 380 small-vehicle 0.5329
150 419 127 413 139 369 162 375 small-vehicle 0.5080
1673 2205 1653 2194 1673 2157 1693 2168 small-vehicle 0.4984
308 82 283 76 293 32 318 37 small-vehicle 0.4762
1525 2216 1503 2201 1526 2168 1547 2183 small-vehicle 0.4704
1498 2198 1477 2188 1493 2154 1514 2164 small-vehicle 0.4533
1021 966 996 953 1011 925 1036 939 small-vehicle 0.4040
110 404 88 400 98 354 120 358 small-vehicle 0.4017
1469 2342 1449 2331 1471 2292 1491 2303 small-vehicle 0.3810
127 412 105 406 117 359 139 365 small-vehicle 0.3772
1416 2299 1396 2285 1419 2252 1439 2265 small-vehicle 0.3748
428 123 406 120 413 73 435 76 small-vehicle 0.3506
1545 2280 1520 2265 1539 2232 1564 2247 small-vehicle 0.3384
1599 1948 1581 1931 1611 1896 1630 1913 small-vehicle 0.3297
12 1428 16 1400 63 1406 59 1434 small-vehicle 0.3290
1502 2091 1483 2078 1507 2044 1526 2057 small-vehicle 0.3245
331 88 307 80 321 35 346 43 small-vehicle 0.3037
1960 1382 1973 1375 1996 1415 1982 1422 small-vehicle 0.2938
0 1499 4 1474 48 1483 43 1508 small-vehicle 0.2925
1416 2186 1432 2161 1461 2180 1445 2205 small-vehicle 0.2906
1453 2166 1434 2152 1457 2123 1475 2137 small-vehicle 0.2891
1457 441 1479 435 1486 462 1464 468 small-vehicle 0.2858
453 887 462 864 506 880 497 904 small-vehicle 0.2796
148 247 155 225 203 241 195 263 small-vehicle 0.2670
57 1453 62 1429 112 1439 107 1463 small-vehicle 0.2616
31 1550 34 1523 77 1529 73 1556 small-vehicle 0.2586
301 1035 280 1027 298 980 319 988 small-vehicle 0.2540
1369 2485 1350 2472 1371 2440 1390 2452 small-vehicle 0.2525
1782 2068 1791 2047 1833 2065 1825 2085 small-vehicle 0.2515
1516 2098 1500 2084 1529 2050 1545 2064 small-vehicle 0.2461
324 853 335 823 372 836 361 866 small-vehicle 0.2280
267 125 245 117 260 75 282 83 small-vehicle 0.2255
243 247 251 226 300 244 292 265 small-vehicle 0.2237
1160 261 1138 255 1150 212 1172 218 small-vehicle 0.2191
1616 2328 1597 2316 1619 2280 1638 2291 small-vehicle 0.2104
157 217 166 193 213 211 204 235 small-vehicle 0.2038
402 114 378 107 391 63 414 70 small-vehicle 0.1926
1487 2560 1468 2546 1489 2518 1508 2532 small-vehicle 0.1794
1423 435 1406 423 1427 393 1443 406 small-vehicle 0.1746
1205 278 1183 272 1194 229 1216 234 small-vehicle 0.1675
1128 248 1107 242 1120 196 1140 201 small-vehicle 0.1595
1605 1990 1583 1972 1603 1948 1625 1965 small-vehicle 0.1558
1673 2145 1650 2131 1670 2101 1692 2115 small-vehicle 0.1536
0 1533 3 1501 43 1507 39 1538 small-vehicle 0.1436
1583 1974 1564 1958 1586 1932 1605 1948 small-vehicle 0.1347
480 2276 491 2264 529 2298 517 2310 small-vehicle 0.1290
727 93 736 71 798 95 789 118 small-vehicle 0.1277
138 276 148 253 191 270 182 293 small-vehicle 0.1233
389 627 397 606 448 627 439 648 small-vehicle 0.1190
1351 2308 1332 2294 1356 2262 1375 2276 small-vehicle 0.1117
27 374 6 370 15 326 36 331 small-vehicle 0.1047
265 2122 244 2104 346 1986 367 2004 large-vehicle 0.9832
380 1704 388 1684 479 1723 471 1743 large-vehicle 0.9802
223 2087 199 2068 293 1947 318 1966 large-vehicle 0.9700
405 1659 413 1639 503 1675 495 1696 large-vehicle 0.9685
158 2021 141 2007 206 1928 223 1942 large-vehicle 0.9630
371 1725 380 1706 466 1748 457 1766 large-vehicle 0.9589
354 1745 365 1726 455 1776 444 1796 large-vehicle 0.9524
1014 426 991 417 1025 330 1048 339 large-vehicle 0.9492
500 1488 509 1468 597 1511 587 1531 large-vehicle 0.9485
667 927 674 909 782 955 774 973 large-vehicle 0.9485
988 413 968 405 1003 321 1023 329 large-vehicle 0.9449
646 984 653 964 748 998 741 1018 large-vehicle 0.9429
397 1677 406 1658 493 1697 485 1716 large-vehicle 0.9415
456 1565 464 1545 557 1582 548 1603 large-vehicle 0.9393
542 1398 551 1377 640 1416 630 1437 large-vehicle 0.9376
1005 537 980 529 1010 433 1035 441 large-vehicle 0.9363
434 1612 442 1594 533 1634 525 1653 large-vehicle 0.9294
195 1880 207 1861 289 1918 277 1936 large-vehicle 0.9274
733 1042 741 1023 838 1063 830 1083 large-vehicle 0.9226
336 1799 345 1778 437 1820 428 1841 large-vehicle 0.9204
417 1634 424 1614 516 1647 509 1668 large-vehicle 0.9173
521 1446 530 1426 617 1462 609 1482 large-vehicle 0.9150
564 1649 543 1636 599 1547 620 1560 large-vehicle 0.9142
530 1420 540 1398 626 1435 616 1458 large-vehicle 0.9071
565 1354 573 1331 665 1367 656 1390 large-vehicle 0.9049
466 1545 473 1522 568 1553 560 1576 large-vehicle 0.9039
197 2060 174 2039 263 1939 286 1960 large-vehicle 0.9013
593 1812 605 1791 684 1835 672 1856 large-vehicle 0.8840
952 521 928 511 967 415 991 424 large-vehicle 0.8824
445 1589 452 1570 546 1606 539 1625 large-vehicle 0.8824
1216 2512 1227 2498 1304 2558 1292 2572 large-vehicle 0.8796
654 955 659 940 765 974 760 989 large-vehicle 0.8717
1199 2531 1211 2515 1290 2575 1278 2591 large-vehicle 0.8698
381 2114 404 2113 409 2215 386 2217 large-vehicle 0.8680
741 1010 749 991 843 1033 834 1052 large-vehicle 0.8672
485 1515 495 1493 582 1531 573 1553 large-vehicle 0.8628
810 839 820 820 906 865 896 884 large-vehicle 0.8621
845 1112 824 1102 861 1013 883 1022 large-vehicle 0.8586
676 1643 690 1624 767 1681 752 1700 large-vehicle 0.8461
577 1329 585 1308 676 1342 669 1362 large-vehicle 0.8446
1175 2561 1188 2543 1270 2601 1257 2618 large-vehicle 0.8403
729 43 735 17 822 39 815 65 large-vehicle 0.8362
601 1283 608 1262 701 1293 694 1314 large-vehicle 0.8344
1027 541 1004 531 1038 442 1062 451 large-vehicle 0.8341
306 2152 282 2133 385 2010 408 2029 large-vehicle 0.8291
1062 453 1040 445 1072 353 1095 361 large-vehicle 0.8284
552 1381 560 1360 649 1392 642 1413 large-vehicle 0.8198
281 2135 263 2118 366 2006 385 2024 large-vehicle 0.8160
972 626 948 618 980 523 1004 531 large-vehicle 0.8054
806 866 816 846 898 887 888 907 large-vehicle 0.7988
1230 2492 1243 2475 1320 2536 1307 2553 large-vehicle 0.7896
1050 546 1028 538 1062 451 1084 460 large-vehicle 0.7829
593 1302 602 1281 688 1318 679 1340 large-vehicle 0.7698
572 1755 553 1743 600 1669 619 1681 large-vehicle 0.7365
615 1253 623 1230 712 1264 703 1287 large-vehicle 0.7356
987 739 962 731 991 644 1016 652 large-vehicle 0.7313
714 1374 692 1364 735 1276 757 1287 large-vehicle 0.7298
715 124 723 101 797 127 789 150 large-vehicle 0.7249
1020 644 994 635 1026 542 1052 551 large-vehicle 0.7169
175 2043 154 2025 252 1917 272 1936 large-vehicle 0.6997
997 635 971 626 1004 530 1030 539 large-vehicle 0.6920
819 1249 800 1239 849 1152 868 1162 large-vehicle 0.6875
747 990 755 971 850 1007 842 1027 large-vehicle 0.6847
727 1057 737 1037 832 1085 822 1105 large-vehicle 0.6800
760 966 768 948 860 988 852 1007 large-vehicle 0.6743
781 943 791 922 867 958 857 979 large-vehicle 0.6133
759 1237 740 1227 784 1135 803 1145 large-vehicle 0.5308
519 1360 502 1349 538 1295 554 1306 large-vehicle 0.5301
724 917 732 900 796 930 788 947 large-vehicle 0.5191
467 1241 441 1233 461 1160 488 1167 large-vehicle 0.4892
1083 793 1096 775 1175 829 1162 847 large-vehicle 0.4793
420 1298 396 1290 418 1225 442 1233 large-vehicle 0.3995
537 1313 517 1303 562 1219 582 1230 large-vehicle 0.3870
1771 2122 1780 2102 1831 2125 1822 2145 large-vehicle 0.3651
403 1636 383 1625 412 1569 433 1580 large-vehicle 0.3572
1073 818 1087 798 1161 848 1147 868 large-vehicle 0.3359
1068 741 1086 718 1196 800 1179 823 large-vehicle 0.2875
1178 2532 1189 2518 1286 2601 1275 2614 large-vehicle 0.2835
1308 2544 1321 2526 1399 2585 1386 2602 large-vehicle 0.2619
517 1102 492 1094 518 1013 542 1020 large-vehicle 0.2600
388 1396 363 1386 400 1298 424 1308 large-vehicle 0.2401
440 1241 415 1234 439 1149 464 1156 large-vehicle 0.2225
529 2306 543 2290 633 2374 618 2390 large-vehicle 0.1981
736 12 741 -14 830 4 825 30 large-vehicle 0.1929
470 1157 445 1149 464 1082 489 1090 large-vehicle 0.1896
425 1584 405 1572 455 1493 474 1505 large-vehicle 0.1894
531 1373 513 1360 552 1305 570 1317 large-vehicle 0.1868
478 2163 493 2139 584 2199 569 2223 large-vehicle 0.1745
711 150 719 127 782 149 774 172 large-vehicle 0.1727
1399 2054 1380 2039 1430 1978 1449 1993 large-vehicle 0.1701
564 1324 542 1315 579 1230 601 1239 large-vehicle 0.1595
497 1162 469 1153 489 1091 517 1101 large-vehicle 0.1547
475 1501 455 1492 483 1434 502 1443 large-vehicle 0.1546
1192 2353 1175 2340 1216 2288 1232 2301 large-vehicle 0.1473
480 2276 491 2264 529 2298 517 2310 large-vehicle 0.1400
444 1308 417 1299 437 1236 465 1245 large-vehicle 0.1397
614 1682 596 1670 631 1620 649 1632 large-vehicle 0.1336
1230 2296 1212 2282 1261 2220 1279 2234 large-vehicle 0.1328
1145 2421 1128 2407 1180 2343 1197 2356 large-vehicle 0.1292
1783 1491 1767 1477 1811 1425 1827 1439 large-vehicle 0.1261
1489 1931 1468 1918 1512 1851 1532 1864 large-vehicle 0.1235
392 254 399 232 492 261 485 284 large-vehicle 0.1235
688 536 665 526 699 445 722 454 large-vehicle 0.1130
1696 1617 1677 1602 1722 1545 1741 1561 large-vehicle 0.1056
1369 2105 1349 2091 1384 2040 1404 2054 large-vehicle 0.1004
1072 819 1085 799 1145 839 1131 859 ship 0.4325
1072 742 1087 722 1145 763 1131 783 ship 0.2777
540 1370 518 1358 552 1295 573 1307 ship 0.2374
1086 792 1100 772 1174 823 1160 844 ship 0.2125
729 1063 738 1042 813 1076 803 1097 ship 0.1967
470 1157 445 1149 464 1082 489 1090 ship 0.1500
444 1308 417 1299 437 1236 465 1245 ship 0.1333
623 1239 631 1216 720 1248 712 1272 ship 0.1229
497 1162 469 1153 489 1091 517 1101 ship 0.1199
