3712 1682 3767 1672 3781 1753 3726 1763 ship 0.6205
3443 2129 3494 2125 3500 2199 3449 2203 ship 0.5900
3620 1995 3682 1983 3697 2057 3635 2069 ship 0.2470
3891 3595 3917 3578 3957 3638 3931 3655 ship 0.1756
2010 3721 1982 3704 2020 3640 2048 3657 ship 0.1622
3654 1675 3705 1674 3706 1756 3655 1757 ship 0.1435
4475 2925 4472 2875 4531 2872 4534 2922 ship 0.1260
1335 937 1308 917 1366 838 1393 858 harbor 0.8417
4229 1071 4194 1056 4228 977 4264 993 harbor 0.7431
1074 1804 1054 1788 1123 1699 1143 1715 harbor 0.7411
970 1741 950 1726 1040 1608 1060 1623 harbor 0.6414
168 160 110 150 130 26 189 35 harbor 0.5956
3891 2444 3936 2439 3950 2588 3905 2592 harbor 0.5708
3235 1942 3281 1930 3316 2055 3270 2068 harbor 0.5453
4281 1192 4277 1143 4403 1133 4407 1182 harbor 0.5396
1685 1212 1627 1180 1709 1034 1767 1067 harbor 0.5385
1516 991 1485 966 1560 872 1592 898 harbor 0.4785
901 1665 874 1651 928 1553 955 1567 harbor 0.4783
1565 2341 1544 2327 1611 2226 1632 2240 harbor 0.4705
1996 3025 1968 3004 2030 2918 2058 2939 harbor 0.4695
2120 3041 2087 3025 2127 2944 2161 2960 harbor 0.4423
3362 2846 3388 2822 3468 2910 3441 2933 harbor 0.4389
2551 1876 2534 1856 2647 1759 2664 1779 harbor 0.4347
1815 1277 1794 1258 1880 1164 1901 1182 harbor 0.4342
3829 812 3812 776 3926 721 3943 757 harbor 0.4324
1832 2849 1834 2803 1915 2805 1914 2851 harbor 0.4207
1461 976 1437 953 1522 864 1546 886 harbor 0.4051
1526 1053 1506 1035 1611 920 1631 938 harbor 0.4023
1041 557 1043 506 1131 509 1130 560 harbor 0.3917
2659 2034 2636 2013 2725 1917 2748 1939 harbor 0.3716
2215 3265 2175 3254 2192 3189 2232 3200 harbor 0.3660
2631 1972 2605 1951 2689 1845 2715 1865 harbor 0.3609
2798 2073 2775 2053 2854 1966 2876 1986 harbor 0.3555
307 203 262 184 295 107 339 126 harbor 0.3538
4299 3377 4325 3358 4390 3448 4364 3467 harbor 0.3208
1608 1060 1587 1039 1684 945 1704 966 harbor 0.2963
4385 2907 4369 2891 4454 2806 4470 2822 harbor 0.2963
1759 1236 1743 1220 1844 1123 1860 1139 harbor 0.2884
1701 2454 1687 2404 1759 2384 1773 2435 harbor 0.2731
583 1521 551 1512 592 1371 625 1381 harbor 0.2673
1713 1200 1693 1183 1787 1079 1807 1096 harbor 0.2588
3095 2070 3141 2041 3182 2105 3137 2135 harbor 0.2492
2138 1467 2112 1442 2197 1354 2223 1379 harbor 0.2388
1248 2452 1224 2437 1285 2339 1308 2354 harbor 0.1965
2530 1874 2507 1852 2627 1728 2650 1750 harbor 0.1942
1651 1108 1624 1085 1699 994 1726 1017 harbor 0.1923
2027 3731 1999 3709 2040 3657 2068 3679 harbor 0.1797
2243 1587 2229 1571 2359 1463 2373 1480 harbor 0.1792
2521 1845 2495 1826 2574 1714 2601 1732 harbor 0.1770
1739 2552 1718 2519 1842 2436 1864 2468 harbor 0.1691
3778 1785 3821 1785 3825 2062 3782 2063 harbor 0.1627
398 1588 363 1583 385 1450 419 1456 harbor 0.1481
528 1599 489 1593 507 1476 546 1482 harbor 0.1455
3791 721 3776 694 3887 633 3902 661 harbor 0.1415
1118 717 1110 683 1220 654 1229 689 harbor 0.1393
2611 1933 2582 1898 2690 1807 2719 1842 harbor 0.1352
4484 2873 4532 2871 4534 2921 4486 2924 harbor 0.1213
2031 3033 2008 3011 2080 2937 2102 2959 harbor 0.1174
2169 1501 2153 1484 2245 1401 2261 1418 harbor 0.1118
2412 1772 2394 1756 2498 1638 2517 1654 harbor 0.1115
804 1647 782 1639 826 1531 847 1540 harbor 0.1110
3832 839 3818 811 3932 754 3946 783 harbor 0.1029
1568 1051 1546 1028 1642 936 1664 958 harbor 0.1018
