144 1221 184 1218 192 1312 152 1316 plane 0.4868
507 1288 464 1287 467 1151 509 1151 plane 0.4029
518 1166 570 1165 573 1270 522 1272 plane 0.2215
63 1230 103 1223 120 1323 80 1329 plane 0.1540
32 163 39 142 94 162 87 182 large-vehicle 0.7083
1217 632 1210 612 1293 581 1300 600 large-vehicle 0.5425
786 1862 786 1842 854 1843 854 1863 large-vehicle 0.5202
243 261 242 238 292 236 293 259 large-vehicle 0.4167
803 825 791 809 858 758 871 775 large-vehicle 0.3999
148 1575 170 1570 191 1662 169 1667 large-vehicle 0.3909
1298 669 1317 655 1358 713 1339 727 large-vehicle 0.3641
695 588 670 585 673 558 698 561 large-vehicle 0.3419
470 527 465 507 512 495 517 514 large-vehicle 0.3319
759 519 777 510 797 553 779 562 large-vehicle 0.3237
380 214 363 207 383 155 400 162 large-vehicle 0.3046
1031 802 1047 789 1084 834 1069 847 large-vehicle 0.2934
1487 618 1468 608 1487 568 1507 577 large-vehicle 0.2792
340 213 325 206 343 161 359 167 large-vehicle 0.2762
1376 624 1361 614 1391 568 1406 578 large-vehicle 0.2707
1788 1200 1771 1190 1810 1124 1827 1135 large-vehicle 0.2421
1767 1371 1753 1363 1787 1307 1801 1316 large-vehicle 0.2126
1419 1130 1389 1129 1390 1060 1420 1060 large-vehicle 0.2081
30 2818 30 2798 103 2798 103 2818 large-vehicle 0.2005
1424 617 1409 609 1430 568 1445 576 large-vehicle 0.1945
1996 936 2020 935 2022 1014 1998 1015 large-vehicle 0.1699
2012 1940 2026 1928 2061 1970 2047 1981 large-vehicle 0.1681
1776 1139 1756 1129 1783 1076 1802 1086 large-vehicle 0.1605
2322 162 2313 145 2364 120 2373 137 large-vehicle 0.1584
684 897 659 887 674 852 699 862 large-vehicle 0.1581
906 1027 922 1016 952 1057 936 1068 large-vehicle 0.1561
700 615 681 608 698 564 717 571 large-vehicle 0.1431
1230 927 1231 889 1287 890 1286 928 large-vehicle 0.1429
239 1801 262 1793 281 1848 258 1856 large-vehicle 0.1323
1045 627 1044 603 1137 601 1138 625 large-vehicle 0.1309
1830 719 1822 686 1859 677 1867 710 large-vehicle 0.1300
1995 516 1980 503 2016 462 2031 475 large-vehicle 0.1300
671 863 651 847 679 812 699 828 large-vehicle 0.1265
1205 666 1222 654 1254 700 1238 711 large-vehicle 0.1262
1398 624 1384 615 1412 571 1426 580 large-vehicle 0.1245
1105 678 1123 664 1176 733 1158 747 large-vehicle 0.1202
1531 2443 1506 2440 1514 2369 1539 2372 large-vehicle 0.1198
2220 1932 2232 1921 2269 1964 2257 1974 large-vehicle 0.1166
2198 1952 2213 1940 2249 1981 2235 1994 large-vehicle 0.1164
192 1817 221 1809 234 1857 204 1865 large-vehicle 0.1159
1975 1944 1998 1934 2014 1967 1991 1978 large-vehicle 0.1106
1149 676 1169 664 1214 738 1194 750 large-vehicle 0.1105
1954 1178 1962 1166 2009 1197 2001 1209 large-vehicle 0.1086
1257 785 1273 775 1303 823 1288 833 large-vehicle 0.1073
1994 1939 2007 1928 2042 1972 2028 1982 large-vehicle 0.1020
254 1801 278 1795 293 1850 269 1857 ship 0.2233
1487 618 1468 608 1487 568 1507 577 ship 0.1089
