362 515 384 513 388 561 365 563 small-vehicle 0.9472
720 39 720 19 765 17 765 37 small-vehicle 0.7819
392 497 411 496 414 536 395 537 small-vehicle 0.4038
1311 905 1289 899 1302 848 1325 854 small-vehicle 0.3646
707 847 732 847 733 899 708 899 small-vehicle 0.2193
1194 722 1220 721 1223 783 1196 784 small-vehicle 0.1718
542 721 565 712 586 762 562 771 small-vehicle 0.1638
896 700 934 696 952 859 913 863 large-vehicle 0.9899
584 710 612 705 640 881 611 885 large-vehicle 0.9881
198 519 198 492 356 489 357 515 large-vehicle 0.9838
210 361 210 335 351 335 351 360 large-vehicle 0.9820
203 489 202 459 352 458 352 487 large-vehicle 0.9783
202 216 199 186 347 169 350 199 large-vehicle 0.9776
218 392 218 364 368 362 369 389 large-vehicle 0.9754
376 734 416 731 425 878 385 880 large-vehicle 0.9733
202 577 203 550 359 554 358 581 large-vehicle 0.9726
202 611 202 586 360 583 361 607 large-vehicle 0.9705
211 426 210 397 351 395 352 424 large-vehicle 0.9701
205 245 202 217 354 202 357 230 large-vehicle 0.9666
200 553 200 526 355 526 355 554 large-vehicle 0.9575
552 718 579 714 606 885 578 889 large-vehicle 0.9563
202 272 201 245 358 237 359 264 large-vehicle 0.9548
945 711 975 710 976 865 947 866 large-vehicle 0.9546
213 177 209 150 356 130 359 157 large-vehicle 0.9484
1038 879 1008 879 1010 714 1041 714 large-vehicle 0.9479
1031 719 1057 716 1073 877 1047 879 large-vehicle 0.9321
978 719 1006 719 1007 870 980 870 large-vehicle 0.9318
190 672 189 641 347 636 348 666 large-vehicle 0.9250
205 337 204 308 349 303 350 331 large-vehicle 0.9249
267 879 246 861 352 739 372 757 large-vehicle 0.9233
618 716 647 714 658 887 629 889 large-vehicle 0.9206
200 633 200 608 353 608 353 633 large-vehicle 0.8987
540 733 567 732 575 893 548 894 large-vehicle 0.8953
654 755 678 753 689 880 664 882 large-vehicle 0.8743
506 746 534 743 550 888 522 891 large-vehicle 0.8242
201 306 200 279 326 275 327 302 large-vehicle 0.7765
184 746 181 719 349 698 352 725 large-vehicle 0.7586
202 455 201 428 334 426 334 453 large-vehicle 0.7407
1255 667 1211 667 1213 494 1256 494 large-vehicle 0.5443
193 707 193 681 330 676 330 702 large-vehicle 0.4842
1192 733 1221 732 1224 893 1195 894 large-vehicle 0.4811
1164 743 1192 743 1195 902 1167 903 large-vehicle 0.2944
1312 903 1290 898 1302 846 1324 851 large-vehicle 0.1136
