370 82 361 80 367 56 376 59 small-vehicle 0.8080
374 111 365 110 368 90 378 92 small-vehicle 0.7058
354 109 346 107 349 89 358 91 small-vehicle 0.5961
17 44 20 36 39 41 36 50 small-vehicle 0.5792
409 89 400 87 404 67 413 69 small-vehicle 0.5415
390 85 381 83 385 65 394 67 small-vehicle 0.5070
11 80 13 71 31 75 29 84 small-vehicle 0.5054
14 52 17 42 37 49 34 58 small-vehicle 0.4718
8 93 11 82 29 86 27 97 small-vehicle 0.4006
19 35 21 26 41 29 39 38 small-vehicle 0.3365
16 63 19 54 36 59 33 68 small-vehicle 0.2974
240 416 242 408 263 412 261 421 small-vehicle 0.1587
351 76 343 75 347 55 356 57 small-vehicle 0.1569
345 107 336 105 340 86 349 88 small-vehicle 0.1322
522 364 483 355 503 275 541 284 tennis-court 0.9997
424 518 384 509 403 428 443 437 tennis-court 0.9997
487 533 449 524 468 440 507 449 tennis-court 0.9997
551 546 512 536 533 453 573 463 tennis-court 0.9997
351 504 313 494 334 413 372 423 tennis-court 0.9997
290 489 250 481 267 399 307 407 tennis-court 0.9996
323 324 284 315 304 234 343 243 tennis-court 0.9996
590 377 551 371 564 288 604 295 tennis-court 0.9995
262 310 222 302 237 220 277 228 tennis-court 0.9995
225 475 186 467 202 388 241 396 tennis-court 0.9995
458 351 420 342 440 261 478 270 tennis-court 0.9994
386 338 348 329 368 247 406 256 tennis-court 0.9994
211 62 253 61 254 108 212 109 roundabout 0.1115
