34 292 26 276 56 261 63 277 small-vehicle 0.8094
153 269 147 254 181 242 187 257 small-vehicle 0.6457
152 250 144 236 180 216 187 231 small-vehicle 0.6247
83 56 86 40 118 46 115 62 small-vehicle 0.5416
184 258 177 242 209 228 216 244 small-vehicle 0.5195
119 266 111 250 143 234 152 250 small-vehicle 0.5153
300 82 299 59 324 58 325 81 small-vehicle 0.4596
42 1534 45 1516 81 1521 79 1539 small-vehicle 0.3162
3 335 -5 319 33 297 42 314 small-vehicle 0.2986
6 81 4 57 47 53 49 77 small-vehicle 0.1994
0 313 -8 301 13 285 22 297 small-vehicle 0.1493
79 90 81 72 113 75 112 93 small-vehicle 0.1400
590 740 606 729 657 798 642 809 large-vehicle 0.9981
585 778 601 766 652 834 636 846 large-vehicle 0.9953
602 663 618 651 666 716 650 728 large-vehicle 0.9937
543 429 523 426 539 337 559 341 large-vehicle 0.9916
578 817 594 805 644 871 629 882 large-vehicle 0.9915
577 342 555 339 571 249 593 252 large-vehicle 0.9914
596 698 614 687 659 755 642 767 large-vehicle 0.9902
745 670 749 649 835 662 831 683 large-vehicle 0.9894
756 573 761 550 849 567 844 590 large-vehicle 0.9887
493 682 496 662 586 673 583 693 large-vehicle 0.9887
479 801 482 781 571 796 568 815 large-vehicle 0.9879
641 1189 619 1184 638 1093 659 1097 large-vehicle 0.9870
474 874 476 854 557 864 555 884 large-vehicle 0.9868
484 942 487 924 557 936 554 954 large-vehicle 0.9866
491 706 494 683 585 696 581 719 large-vehicle 0.9861
602 342 583 338 598 252 617 256 large-vehicle 0.9851
469 917 472 897 556 912 552 931 large-vehicle 0.9851
475 849 479 828 561 841 558 861 large-vehicle 0.9849
746 640 750 620 841 639 837 658 large-vehicle 0.9829
402 1252 406 1232 498 1251 494 1272 large-vehicle 0.9816
487 777 489 758 580 770 578 790 large-vehicle 0.9813
576 1039 558 1037 567 950 586 952 large-vehicle 0.9779
516 588 519 569 604 582 601 602 large-vehicle 0.9773
673 1190 650 1188 660 1098 682 1101 large-vehicle 0.9761
508 611 511 591 596 604 593 624 large-vehicle 0.9759
516 566 519 545 612 558 608 580 large-vehicle 0.9749
471 895 474 874 558 886 555 907 large-vehicle 0.9745
433 1288 436 1267 512 1278 509 1299 large-vehicle 0.9725
440 1239 444 1219 522 1232 519 1252 large-vehicle 0.9711
743 697 748 673 832 689 828 713 large-vehicle 0.9687
504 634 506 614 592 625 589 645 large-vehicle 0.9680
488 731 490 713 579 722 577 740 large-vehicle 0.9677
462 1085 464 1065 538 1072 536 1093 large-vehicle 0.9674
606 1041 585 1040 591 950 612 952 large-vehicle 0.9662
449 1057 429 1055 436 963 456 964 large-vehicle 0.9631
500 660 502 638 587 648 585 670 large-vehicle 0.9624
605 618 620 607 674 680 659 691 large-vehicle 0.9604
429 1224 408 1220 425 1132 446 1136 large-vehicle 0.9586
443 1186 447 1165 534 1181 530 1202 large-vehicle 0.9585
424 1034 406 1032 414 958 433 961 large-vehicle 0.9576
428 1313 431 1292 512 1304 509 1325 large-vehicle 0.9498
742 722 745 704 827 717 824 735 large-vehicle 0.9451
476 733 454 730 469 638 490 641 large-vehicle 0.9363
416 1335 420 1312 508 1325 505 1349 large-vehicle 0.9343
765 545 768 524 852 538 848 559 large-vehicle 0.9342
438 1214 442 1194 535 1209 532 1229 large-vehicle 0.9314
570 442 549 439 563 341 584 344 large-vehicle 0.9162
415 1386 418 1364 508 1377 505 1398 large-vehicle 0.9133
468 822 471 803 565 818 562 837 large-vehicle 0.9132
455 651 435 641 472 572 492 582 large-vehicle 0.9076
308 1306 291 1292 358 1213 374 1227 large-vehicle 0.8847
458 1037 460 1017 549 1028 546 1048 large-vehicle 0.8764
478 63 488 46 563 87 553 104 large-vehicle 0.8678
408 1362 411 1338 503 1348 500 1372 large-vehicle 0.8495
599 101 613 92 665 167 651 177 large-vehicle 0.8462
396 1396 375 1393 388 1306 409 1309 large-vehicle 0.7906
402 1412 404 1391 493 1398 492 1419 large-vehicle 0.7226
266 158 252 140 322 86 336 104 large-vehicle 0.6176
612 86 627 75 679 149 664 160 large-vehicle 0.5065
723 820 701 817 712 735 734 738 large-vehicle 0.4342
349 25 349 -7 388 -7 388 25 storage-tank 0.1677
