1334 476 1318 468 1337 433 1352 441 small-vehicle 0.9660
1316 470 1298 462 1314 425 1332 433 small-vehicle 0.9601
1349 726 1332 719 1347 681 1365 689 small-vehicle 0.9452
1310 703 1293 695 1309 662 1326 671 small-vehicle 0.9414
1329 712 1313 703 1331 672 1347 680 small-vehicle 0.9400
1282 252 1267 242 1287 209 1302 218 small-vehicle 0.9396
1291 696 1275 689 1290 656 1307 663 small-vehicle 0.9311
1274 689 1256 680 1274 644 1292 653 small-vehicle 0.9264
1369 612 1349 601 1372 560 1392 571 small-vehicle 0.9034
569 1320 581 1298 644 1331 633 1353 small-vehicle 0.2151
928 571 940 551 1008 591 996 611 small-vehicle 0.1956
898 618 910 597 976 635 964 656 small-vehicle 0.1832
632 1106 643 1085 706 1119 695 1140 small-vehicle 0.1470
1252 717 1262 696 1330 732 1320 752 small-vehicle 0.1451
835 709 846 689 913 727 902 747 small-vehicle 0.1428
950 555 961 532 1031 567 1020 589 small-vehicle 0.1331
824 735 835 715 900 751 889 771 small-vehicle 0.1299
658 1053 670 1034 731 1072 720 1091 small-vehicle 0.1110
132 830 143 812 220 859 209 876 large-vehicle 0.9988
403 344 414 326 494 374 483 392 large-vehicle 0.9988
295 541 305 523 382 568 372 586 large-vehicle 0.9988
392 371 402 353 481 398 470 416 large-vehicle 0.9987
416 319 426 302 508 349 497 367 large-vehicle 0.9987
116 854 127 836 207 882 196 901 large-vehicle 0.9986
402 1041 413 1021 495 1067 484 1086 large-vehicle 0.9986
361 422 371 403 450 444 440 463 large-vehicle 0.9986
430 297 441 278 521 323 510 342 large-vehicle 0.9986
225 661 237 642 314 689 303 708 large-vehicle 0.9985
451 940 461 921 542 964 532 983 large-vehicle 0.9984
268 586 279 567 355 614 344 633 large-vehicle 0.9984
416 1016 426 997 508 1040 497 1059 large-vehicle 0.9984
439 964 450 945 530 990 520 1009 large-vehicle 0.9983
143 812 153 793 232 837 221 856 large-vehicle 0.9983
645 601 656 582 737 632 725 651 large-vehicle 0.9982
600 416 611 398 690 448 679 466 large-vehicle 0.9981
443 713 453 694 535 739 525 759 large-vehicle 0.9980
347 444 358 424 437 467 427 487 large-vehicle 0.9980
416 758 427 740 508 787 497 806 large-vehicle 0.9980
322 494 334 474 411 517 399 537 large-vehicle 0.9979
478 891 489 872 568 918 557 937 large-vehicle 0.9979
336 467 347 447 422 490 411 510 large-vehicle 0.9979
547 519 556 500 637 542 627 561 large-vehicle 0.9978
429 736 440 718 521 764 511 783 large-vehicle 0.9978
309 516 320 497 397 543 386 562 large-vehicle 0.9978
378 393 390 375 465 421 453 440 large-vehicle 0.9978
558 493 569 473 649 518 638 537 large-vehicle 0.9978
403 783 414 764 493 810 482 829 large-vehicle 0.9978
322 929 333 909 413 956 401 976 large-vehicle 0.9978
603 676 614 657 693 704 682 722 large-vehicle 0.9977
104 881 115 862 194 907 183 927 large-vehicle 0.9977
495 867 506 848 585 895 574 914 large-vehicle 0.9976
386 807 397 788 473 830 462 849 large-vehicle 0.9976
465 917 475 898 557 942 547 961 large-vehicle 0.9976
588 442 599 423 677 471 666 489 large-vehicle 0.9975
694 505 704 486 787 531 777 550 large-vehicle 0.9974
665 552 675 533 758 578 748 597 large-vehicle 0.9974
282 563 292 545 370 591 359 609 large-vehicle 0.9974
427 989 437 969 517 1011 506 1031 large-vehicle 0.9974
546 771 557 751 636 797 625 816 large-vehicle 0.9974
329 901 339 883 418 927 407 945 large-vehicle 0.9972
615 649 627 629 705 677 693 696 large-vehicle 0.9971
508 845 519 825 597 869 586 889 large-vehicle 0.9970
476 632 488 613 567 663 555 682 large-vehicle 0.9970
343 877 354 858 436 907 425 926 large-vehicle 0.9970
89 907 101 887 180 932 169 952 large-vehicle 0.9970
358 855 369 836 450 885 439 903 large-vehicle 0.9969
716 1216 727 1196 795 1232 785 1251 large-vehicle 0.9968
392 1061 404 1043 481 1090 470 1108 large-vehicle 0.9967
617 397 628 378 706 423 696 442 large-vehicle 0.9967
535 541 546 522 626 569 615 588 large-vehicle 0.9966
533 797 544 777 623 822 612 842 large-vehicle 0.9966
681 527 691 507 777 553 766 573 large-vehicle 0.9965
502 583 514 566 595 620 583 638 large-vehicle 0.9965
380 838 390 819 470 861 460 880 large-vehicle 0.9963
652 575 663 556 744 601 734 620 large-vehicle 0.9963
589 696 601 678 676 725 665 743 large-vehicle 0.9960
241 635 252 616 329 661 318 680 large-vehicle 0.9959
560 745 571 726 650 774 638 792 large-vehicle 0.9958
573 465 585 445 664 494 652 513 large-vehicle 0.9957
215 689 226 668 302 709 290 731 large-vehicle 0.9954
446 272 457 252 533 295 522 315 large-vehicle 0.9953
455 686 466 666 548 714 536 734 large-vehicle 0.9953
838 997 848 978 914 1013 903 1033 large-vehicle 0.9951
843 970 854 951 920 987 910 1006 large-vehicle 0.9945
466 669 476 648 562 687 552 709 large-vehicle 0.9942
520 568 531 548 614 594 604 614 large-vehicle 0.9942
288 977 299 957 379 1003 368 1022 large-vehicle 0.9941
904 874 915 856 982 896 971 914 large-vehicle 0.9937
723 1189 733 1169 802 1205 792 1224 large-vehicle 0.9928
1011 1125 1022 1106 1088 1143 1078 1162 large-vehicle 0.9927
634 370 647 350 725 399 712 419 large-vehicle 0.9925
307 952 318 932 400 979 388 1000 large-vehicle 0.9919
968 752 979 734 1044 772 1033 790 large-vehicle 0.9919
925 823 935 805 1004 843 994 862 large-vehicle 0.9919
825 1024 836 1004 904 1041 894 1061 large-vehicle 0.9918
1021 1102 1031 1082 1103 1120 1092 1139 large-vehicle 0.9918
891 899 902 881 970 922 959 940 large-vehicle 0.9913
999 706 1010 687 1076 724 1065 743 large-vehicle 0.9911
955 777 966 759 1035 799 1025 818 large-vehicle 0.9910
1004 1155 1015 1134 1086 1171 1075 1192 large-vehicle 0.9910
706 1245 716 1225 784 1259 774 1279 large-vehicle 0.9904
874 920 885 902 952 943 941 961 large-vehicle 0.9904
156 974 180 972 191 1064 166 1066 large-vehicle 0.9902
1110 960 1120 940 1192 977 1182 997 large-vehicle 0.9900
852 941 863 922 931 960 920 980 large-vehicle 0.9893
904 1318 916 1297 983 1335 971 1356 large-vehicle 0.9893
933 805 944 784 1017 820 1007 841 large-vehicle 0.9892
758 1139 768 1121 830 1159 819 1176 large-vehicle 0.9892
979 731 990 711 1059 747 1049 767 large-vehicle 0.9891
792 813 802 794 872 833 861 852 large-vehicle 0.9890
1005 675 1016 657 1083 697 1072 716 large-vehicle 0.9888
915 849 926 830 993 868 983 887 large-vehicle 0.9887
899 1357 909 1336 982 1368 972 1390 large-vehicle 0.9885
736 937 747 918 815 958 804 977 large-vehicle 0.9880
766 892 777 873 845 909 834 928 large-vehicle 0.9879
741 1162 752 1144 817 1184 806 1202 large-vehicle 0.9878
802 788 812 769 881 806 871 825 large-vehicle 0.9877
1087 995 1098 975 1167 1013 1156 1032 large-vehicle 0.9876
768 1081 779 1063 846 1104 835 1122 large-vehicle 0.9874
1192 810 1202 793 1267 832 1257 849 large-vehicle 0.9861
781 839 791 820 860 856 850 876 large-vehicle 0.9861
751 915 762 896 832 935 821 954 large-vehicle 0.9855
772 866 782 846 852 880 842 901 large-vehicle 0.9854
1021 660 1031 641 1101 676 1092 695 large-vehicle 0.9853
1121 932 1133 912 1199 950 1188 970 large-vehicle 0.9849
1039 633 1050 615 1118 655 1107 673 large-vehicle 0.9845
1208 788 1218 771 1283 810 1273 827 large-vehicle 0.9843
800 1036 812 1016 876 1055 864 1075 large-vehicle 0.9841
597 1181 608 1161 671 1196 660 1215 large-vehicle 0.9832
1033 1074 1044 1056 1109 1093 1098 1112 large-vehicle 0.9827
814 764 825 744 894 782 883 802 large-vehicle 0.9824
978 1202 989 1184 1055 1223 1044 1242 large-vehicle 0.9813
914 1291 925 1272 993 1311 982 1331 large-vehicle 0.9813
253 1144 263 1121 344 1156 334 1180 large-vehicle 0.9808
824 736 835 716 904 753 893 773 large-vehicle 0.9794
1131 907 1142 887 1212 925 1201 945 large-vehicle 0.9790
1177 838 1187 819 1253 856 1243 875 large-vehicle 0.9786
1046 1047 1058 1029 1124 1071 1112 1090 large-vehicle 0.9785
1221 768 1232 749 1298 786 1288 805 large-vehicle 0.9762
990 1177 1003 1156 1069 1196 1056 1217 large-vehicle 0.9751
835 710 846 690 915 728 904 748 large-vehicle 0.9747
788 1065 799 1046 862 1083 851 1102 large-vehicle 0.9740
1061 1030 1072 1010 1140 1048 1130 1067 large-vehicle 0.9721
938 1276 948 1256 1022 1294 1012 1314 large-vehicle 0.9712
1239 747 1249 726 1317 760 1307 780 large-vehicle 0.9708
951 1221 961 1202 1034 1241 1023 1261 large-vehicle 0.9694
608 1153 621 1132 685 1171 672 1191 large-vehicle 0.9692
854 686 865 667 934 706 923 725 large-vehicle 0.9660
1052 606 1064 587 1130 630 1118 649 large-vehicle 0.9653
735 1405 734 1386 796 1384 796 1403 large-vehicle 0.9614
720 961 732 943 798 983 787 1002 large-vehicle 0.9607
1160 857 1171 838 1235 877 1224 896 large-vehicle 0.9587
464 1259 474 1238 553 1276 543 1297 large-vehicle 0.9575
658 1050 670 1030 734 1069 721 1089 large-vehicle 0.9561
630 1110 642 1089 705 1124 693 1145 large-vehicle 0.9538
1252 716 1263 696 1328 732 1317 752 large-vehicle 0.9521
888 643 900 624 966 665 954 684 large-vehicle 0.9453
899 617 911 597 976 636 965 656 large-vehicle 0.9416
670 1030 681 1010 749 1047 738 1067 large-vehicle 0.9372
688 1005 700 986 764 1025 753 1044 large-vehicle 0.9353
951 550 962 530 1030 568 1019 588 large-vehicle 0.9327
623 1131 634 1110 701 1144 691 1165 large-vehicle 0.9171
929 569 941 550 1009 593 997 612 large-vehicle 0.8988
1186 408 1194 389 1270 422 1262 441 large-vehicle 0.8803
383 1211 394 1191 453 1221 443 1241 large-vehicle 0.8648
1205 373 1216 354 1287 393 1277 412 large-vehicle 0.8552
570 1319 581 1299 645 1332 634 1353 large-vehicle 0.8249
