427 407 417 406 420 385 430 386 small-vehicle 0.8874
164 517 153 516 156 492 167 494 small-vehicle 0.6666
565 194 566 181 602 183 602 195 small-vehicle 0.5277
643 450 652 450 652 471 643 471 small-vehicle 0.5083
372 388 364 388 364 366 373 366 small-vehicle 0.4941
543 362 543 351 578 351 578 362 small-vehicle 0.4817
561 267 560 256 579 255 580 266 small-vehicle 0.4406
549 290 550 277 585 278 585 291 small-vehicle 0.4012
552 327 551 315 570 315 571 327 small-vehicle 0.2497
542 351 542 338 582 340 582 352 small-vehicle 0.1527
550 338 549 326 584 323 585 335 small-vehicle 0.1454
571 180 572 168 609 169 608 181 small-vehicle 0.1447
554 424 543 424 545 380 557 381 small-vehicle 0.1150
257 407 244 406 249 347 262 348 large-vehicle 0.9970
286 407 274 407 277 347 290 348 large-vehicle 0.9944
344 408 331 407 334 348 347 348 large-vehicle 0.9942
273 405 260 404 265 349 278 350 large-vehicle 0.9934
231 406 219 405 222 349 234 349 large-vehicle 0.9903
169 406 156 406 158 350 171 351 large-vehicle 0.9900
301 408 288 407 290 349 303 350 large-vehicle 0.9872
177 221 160 219 168 145 185 147 large-vehicle 0.9872
356 411 343 410 347 349 360 350 large-vehicle 0.9865
142 372 129 371 130 316 144 316 large-vehicle 0.9859
416 255 399 254 406 180 424 182 large-vehicle 0.9853
330 407 316 407 318 351 332 351 large-vehicle 0.9849
244 406 233 406 235 347 246 348 large-vehicle 0.9836
525 426 511 426 513 367 526 367 large-vehicle 0.9835
155 374 143 374 145 313 157 314 large-vehicle 0.9816
199 338 212 338 213 396 199 396 large-vehicle 0.9804
470 363 484 363 484 421 470 421 large-vehicle 0.9796
538 314 538 301 586 302 586 315 large-vehicle 0.9779
382 236 368 234 374 165 388 166 large-vehicle 0.9738
316 407 303 407 306 356 318 357 large-vehicle 0.9733
458 422 442 422 442 365 458 365 large-vehicle 0.9721
511 425 498 425 499 365 512 365 large-vehicle 0.9714
468 255 451 253 457 181 474 183 large-vehicle 0.9694
484 364 497 364 497 419 485 419 large-vehicle 0.9682
542 301 542 290 585 291 585 302 large-vehicle 0.9679
341 233 327 232 333 161 346 162 large-vehicle 0.9659
537 374 537 362 583 364 582 376 large-vehicle 0.9605
185 398 172 397 174 354 187 355 large-vehicle 0.9571
257 236 243 235 248 162 263 163 large-vehicle 0.9561
457 363 470 363 471 422 458 422 large-vehicle 0.9480
301 233 288 232 291 153 304 153 large-vehicle 0.9316
540 350 540 338 583 340 582 352 large-vehicle 0.9304
394 237 383 236 388 167 400 168 large-vehicle 0.9303
198 395 187 395 188 351 200 351 large-vehicle 0.9298
354 232 341 231 345 162 359 163 large-vehicle 0.9195
478 255 465 254 472 183 484 184 large-vehicle 0.9080
428 251 415 249 422 181 435 182 large-vehicle 0.8952
544 424 532 424 533 379 545 379 large-vehicle 0.8767
288 227 271 225 278 152 295 154 large-vehicle 0.8623
231 222 218 221 221 176 235 177 large-vehicle 0.8554
196 155 210 154 214 219 199 220 large-vehicle 0.8202
571 180 572 168 609 169 608 181 large-vehicle 0.8086
554 424 543 424 545 380 557 381 large-vehicle 0.7852
327 222 312 220 319 155 334 157 large-vehicle 0.7220
368 225 357 225 361 162 372 163 large-vehicle 0.7057
548 290 548 278 585 279 584 290 large-vehicle 0.5869
565 194 565 182 602 184 601 196 large-vehicle 0.3199
543 361 544 349 579 352 579 363 large-vehicle 0.1688
567 418 555 418 555 380 567 380 large-vehicle 0.1513
372 388 364 388 364 366 373 366 large-vehicle 0.1085
