114 495 124 492 131 518 121 520 small-vehicle 0.9872
323 275 333 275 333 296 323 296 small-vehicle 0.9851
66 246 76 245 79 265 69 266 small-vehicle 0.9816
104 499 115 497 120 524 109 526 small-vehicle 0.9715
333 470 324 464 337 446 345 452 small-vehicle 0.9643
124 360 135 359 138 383 127 385 small-vehicle 0.9535
56 263 67 262 70 289 58 290 small-vehicle 0.9510
145 505 158 501 167 529 153 533 small-vehicle 0.9490
112 467 123 465 127 493 116 495 small-vehicle 0.9344
159 150 157 137 188 131 190 144 small-vehicle 0.9119
63 313 75 311 79 334 67 336 small-vehicle 0.9095
309 448 304 435 325 426 331 439 small-vehicle 0.9093
43 509 45 498 67 504 64 515 small-vehicle 0.9069
616 553 628 551 635 588 623 590 small-vehicle 0.8918
627 45 637 43 642 69 631 71 small-vehicle 0.8887
96 431 107 430 110 456 99 457 small-vehicle 0.8853
201 123 200 113 223 109 225 119 small-vehicle 0.8775
634 567 644 565 649 585 639 588 small-vehicle 0.8609
376 485 372 474 399 465 403 476 small-vehicle 0.8594
383 535 379 524 404 517 407 528 small-vehicle 0.8446
511 71 508 60 532 54 535 65 small-vehicle 0.8387
485 74 482 64 502 60 505 70 small-vehicle 0.8386
101 479 111 477 115 497 105 499 small-vehicle 0.8306
383 520 381 508 407 504 408 516 small-vehicle 0.8288
78 403 89 402 92 427 81 429 small-vehicle 0.8273
193 455 181 451 189 425 201 429 small-vehicle 0.8103
61 291 72 289 76 315 65 317 small-vehicle 0.7972
378 495 375 483 399 477 402 490 small-vehicle 0.7941
369 446 380 445 382 467 372 468 small-vehicle 0.7529
274 297 273 285 305 282 306 295 small-vehicle 0.7051
677 448 675 437 703 431 705 441 small-vehicle 0.6750
93 494 103 493 106 513 96 515 small-vehicle 0.6731
76 573 75 563 97 560 98 570 small-vehicle 0.6459
657 554 660 544 683 553 679 563 small-vehicle 0.6361
380 440 378 429 406 425 408 437 small-vehicle 0.6238
8 271 13 259 32 266 27 278 small-vehicle 0.5798
394 555 394 544 418 544 418 555 small-vehicle 0.5055
14 298 18 289 36 298 32 307 small-vehicle 0.4845
12 285 16 274 34 281 30 293 small-vehicle 0.4680
370 411 355 404 371 368 386 375 small-vehicle 0.4581
387 544 386 533 415 530 416 541 small-vehicle 0.4225
405 600 404 589 429 587 430 598 small-vehicle 0.4121
46 523 47 513 67 517 65 526 small-vehicle 0.4037
201 466 197 453 226 446 229 459 small-vehicle 0.3424
8 257 10 247 27 250 24 261 small-vehicle 0.3112
399 132 399 121 420 121 420 132 small-vehicle 0.2888
653 513 652 503 673 502 674 512 small-vehicle 0.2867
521 277 519 267 546 262 548 272 small-vehicle 0.2493
644 448 642 437 668 432 670 443 small-vehicle 0.2470
38 402 49 401 52 428 40 429 small-vehicle 0.2296
384 449 382 439 408 435 409 446 small-vehicle 0.2171
391 574 391 561 425 559 425 572 small-vehicle 0.1978
393 590 389 577 419 568 423 581 small-vehicle 0.1925
285 373 282 360 306 353 310 365 small-vehicle 0.1881
577 101 590 99 597 137 584 139 small-vehicle 0.1655
83 428 94 426 97 451 86 453 small-vehicle 0.1644
89 470 99 469 102 493 91 494 small-vehicle 0.1605
596 232 610 231 613 270 600 271 small-vehicle 0.1542
57 248 65 247 69 265 60 266 small-vehicle 0.1520
383 467 383 451 402 452 402 468 small-vehicle 0.1460
98 453 109 451 113 475 103 477 small-vehicle 0.1447
308 457 322 456 324 491 309 491 small-vehicle 0.1363
10 246 11 236 23 238 22 247 small-vehicle 0.1195
94 183 111 181 122 268 105 270 large-vehicle 0.9908
543 377 554 373 566 412 555 415 large-vehicle 0.9896
498 507 507 505 513 551 504 553 large-vehicle 0.9893
580 369 590 367 599 412 589 414 large-vehicle 0.9893
614 478 625 476 632 518 621 520 large-vehicle 0.9883
473 507 483 506 490 549 479 551 large-vehicle 0.9877
398 182 396 170 440 160 442 172 large-vehicle 0.9877
511 508 522 506 526 545 516 547 large-vehicle 0.9866
404 217 402 205 446 198 448 210 large-vehicle 0.9856
499 147 496 134 543 125 546 137 large-vehicle 0.9856
509 203 506 190 547 180 551 192 large-vehicle 0.9853
156 110 155 95 250 85 251 100 large-vehicle 0.9849
259 243 257 229 336 212 339 225 large-vehicle 0.9847
462 507 472 506 476 551 465 551 large-vehicle 0.9837
176 168 189 166 200 245 187 247 large-vehicle 0.9834
527 385 539 384 542 431 530 432 large-vehicle 0.9820
593 368 605 366 612 403 600 405 large-vehicle 0.9797
567 381 579 379 583 419 572 420 large-vehicle 0.9797
506 189 504 177 546 168 549 180 large-vehicle 0.9784
445 370 457 368 463 412 451 414 large-vehicle 0.9777
578 319 589 316 601 360 590 363 large-vehicle 0.9771
602 479 614 478 618 525 606 527 large-vehicle 0.9755
150 163 165 161 173 247 158 249 large-vehicle 0.9742
487 363 500 362 503 404 490 405 large-vehicle 0.9724
502 160 499 147 540 139 542 152 large-vehicle 0.9704
584 149 596 147 604 190 592 192 large-vehicle 0.9699
404 196 402 184 442 177 444 188 large-vehicle 0.9688
407 229 405 218 447 211 448 222 large-vehicle 0.9669
511 220 508 207 547 198 550 210 large-vehicle 0.9663
503 174 501 161 541 155 543 167 large-vehicle 0.9649
398 168 395 157 438 149 440 160 large-vehicle 0.9647
513 238 511 227 553 221 554 232 large-vehicle 0.9636
405 241 418 240 423 285 411 287 large-vehicle 0.9583
564 494 576 493 581 530 569 532 large-vehicle 0.9554
495 118 492 105 535 94 538 107 large-vehicle 0.9519
592 310 603 308 612 352 600 354 large-vehicle 0.9449
519 266 516 255 555 246 558 257 large-vehicle 0.9390
536 499 548 498 552 537 540 538 large-vehicle 0.9368
498 132 495 120 536 111 539 124 large-vehicle 0.9291
596 233 608 232 613 269 601 271 large-vehicle 0.9089
380 427 367 421 384 382 397 388 large-vehicle 0.8919
578 102 590 100 595 137 583 139 large-vehicle 0.8878
257 231 254 219 319 205 322 217 large-vehicle 0.8753
277 358 274 346 328 335 331 347 large-vehicle 0.7409
442 232 453 231 458 279 447 280 large-vehicle 0.7207
201 467 197 454 227 444 231 457 large-vehicle 0.5825
254 202 251 189 301 179 303 192 large-vehicle 0.5428
266 286 264 275 309 269 311 280 large-vehicle 0.4202
371 413 356 407 371 370 386 376 large-vehicle 0.3652
521 277 519 267 546 262 548 272 large-vehicle 0.3279
271 310 270 300 310 294 311 304 large-vehicle 0.2263
657 555 660 546 681 554 678 562 large-vehicle 0.1486
