826 280 839 271 864 307 851 316 small-vehicle 0.9948
582 633 597 624 619 662 604 670 small-vehicle 0.9943
856 460 870 451 894 488 880 497 small-vehicle 0.9936
649 413 651 396 691 402 689 419 small-vehicle 0.9934
689 705 704 696 724 731 709 740 small-vehicle 0.9932
722 215 735 207 755 239 742 247 small-vehicle 0.9931
621 796 636 787 657 821 643 830 small-vehicle 0.9922
727 431 741 423 760 457 746 465 small-vehicle 0.9921
797 427 798 410 839 412 838 430 small-vehicle 0.9919
206 525 220 516 242 553 228 561 small-vehicle 0.9919
708 230 722 223 741 257 727 265 small-vehicle 0.9918
422 421 436 413 457 450 442 458 small-vehicle 0.9917
539 473 553 464 575 500 562 509 small-vehicle 0.9913
595 832 610 824 629 858 615 866 small-vehicle 0.9909
844 475 857 467 876 502 862 510 small-vehicle 0.9903
901 46 910 32 943 54 934 68 small-vehicle 0.9903
609 815 623 806 643 839 629 848 small-vehicle 0.9901
648 758 663 750 683 784 668 793 small-vehicle 0.9896
499 311 512 303 535 337 522 346 small-vehicle 0.9895
549 238 563 228 586 263 572 272 small-vehicle 0.9892
735 197 749 188 770 222 755 231 small-vehicle 0.9892
219 506 234 497 254 530 239 539 small-vehicle 0.9891
488 331 502 323 521 355 507 363 small-vehicle 0.9890
298 615 312 607 333 640 319 649 small-vehicle 0.9890
532 34 547 26 569 64 554 73 small-vehicle 0.9883
308 593 323 583 348 620 333 630 small-vehicle 0.9883
659 394 662 377 703 384 700 401 small-vehicle 0.9883
897 405 913 397 932 432 917 441 small-vehicle 0.9882
386 482 401 474 420 509 405 517 small-vehicle 0.9881
933 348 948 338 972 376 958 385 small-vehicle 0.9881
1043 125 1052 112 1085 136 1075 149 small-vehicle 0.9879
921 368 936 359 956 393 942 401 small-vehicle 0.9878
518 56 531 47 554 81 541 90 small-vehicle 0.9876
591 400 606 390 630 428 615 437 small-vehicle 0.9876
807 540 822 532 841 567 827 575 small-vehicle 0.9875
173 453 175 434 220 440 217 459 small-vehicle 0.9873
356 299 371 290 391 325 377 333 small-vehicle 0.9869
672 501 687 492 709 531 694 540 small-vehicle 0.9867
816 299 830 291 849 327 835 334 small-vehicle 0.9865
768 591 785 583 803 620 786 628 small-vehicle 0.9865
647 540 662 531 683 567 668 576 small-vehicle 0.9864
887 63 896 49 929 70 920 84 small-vehicle 0.9856
675 375 678 358 716 365 714 382 small-vehicle 0.9852
877 82 887 69 919 90 910 103 small-vehicle 0.9851
432 185 446 176 466 211 452 220 small-vehicle 0.9850
975 573 960 562 982 530 997 541 small-vehicle 0.9849
633 213 636 195 675 201 672 219 small-vehicle 0.9843
516 512 532 504 550 537 535 545 small-vehicle 0.9843
397 110 400 92 443 99 439 117 small-vehicle 0.9839
836 371 838 353 877 357 876 375 small-vehicle 0.9838
765 247 766 229 808 232 807 249 small-vehicle 0.9836
453 607 468 598 488 634 473 643 small-vehicle 0.9835
551 453 565 444 587 477 572 486 small-vehicle 0.9834
512 290 527 282 548 318 533 327 small-vehicle 0.9831
507 402 508 383 550 385 549 404 small-vehicle 0.9830
595 616 610 606 631 640 617 649 small-vehicle 0.9827
1051 465 1037 454 1061 423 1076 434 small-vehicle 0.9826
512 159 515 142 552 148 549 166 small-vehicle 0.9823
739 412 753 403 774 437 760 446 small-vehicle 0.9821
925 9 935 -3 968 21 958 34 small-vehicle 0.9818
911 27 920 13 952 34 943 48 small-vehicle 0.9818
249 338 252 321 290 327 287 344 small-vehicle 0.9817
386 129 390 112 430 120 427 137 small-vehicle 0.9813
304 701 306 684 345 687 344 704 small-vehicle 0.9809
637 432 640 415 680 421 677 437 small-vehicle 0.9806
212 396 214 377 259 383 256 402 small-vehicle 0.9805
234 358 237 340 276 346 273 364 small-vehicle 0.9804
498 178 501 162 540 168 538 185 small-vehicle 0.9802
457 16 459 0 495 3 493 20 small-vehicle 0.9798
390 350 393 332 434 338 432 356 small-vehicle 0.9797
787 447 788 429 829 431 829 449 small-vehicle 0.9795
843 266 858 256 879 291 864 300 small-vehicle 0.9794
448 36 450 18 490 22 488 40 small-vehicle 0.9793
1058 110 1067 97 1098 117 1089 131 small-vehicle 0.9793
414 312 416 294 460 297 458 316 small-vehicle 0.9792
398 458 413 450 432 485 416 493 small-vehicle 0.9788
537 582 539 563 579 568 577 586 small-vehicle 0.9783
1067 178 1076 166 1102 186 1093 197 small-vehicle 0.9781
371 149 374 131 413 138 410 156 small-vehicle 0.9779
481 109 496 101 515 136 500 144 small-vehicle 0.9778
422 74 424 57 462 61 461 78 small-vehicle 0.9778
334 206 335 189 374 192 373 209 small-vehicle 0.9777
1001 536 987 526 1006 497 1020 507 small-vehicle 0.9777
439 406 454 397 474 432 458 441 small-vehicle 0.9776
431 513 432 495 471 499 470 516 small-vehicle 0.9773
285 283 287 265 325 269 323 287 small-vehicle 0.9771
741 284 743 265 783 270 781 289 small-vehicle 0.9768
546 345 547 327 587 331 585 349 small-vehicle 0.9767
183 434 186 416 225 420 223 438 small-vehicle 0.9750
367 609 369 590 408 594 407 612 small-vehicle 0.9743
1026 501 1011 490 1034 460 1048 471 small-vehicle 0.9741
819 519 834 509 856 544 842 554 small-vehicle 0.9740
1055 198 1064 184 1096 205 1087 219 small-vehicle 0.9732
868 24 877 11 906 32 898 45 small-vehicle 0.9732
382 259 398 252 416 288 400 295 small-vehicle 0.9731
684 272 698 263 719 296 705 305 small-vehicle 0.9728
702 339 703 322 743 325 742 343 small-vehicle 0.9727
873 445 887 436 908 469 894 478 small-vehicle 0.9720
868 101 877 87 909 108 900 122 small-vehicle 0.9719
836 80 844 68 873 87 864 99 small-vehicle 0.9709
410 92 412 75 450 80 448 97 small-vehicle 0.9709
311 244 312 226 350 230 348 248 small-vehicle 0.9708
398 678 415 669 436 708 419 717 small-vehicle 0.9706
761 483 762 466 802 468 801 486 small-vehicle 0.9705
640 106 655 98 674 134 659 142 small-vehicle 0.9700
559 212 574 203 596 238 581 247 small-vehicle 0.9695
1022 167 1030 154 1062 174 1054 187 small-vehicle 0.9687
1048 53 1057 39 1092 59 1083 74 small-vehicle 0.9685
810 407 811 391 846 394 845 410 small-vehicle 0.9683
561 545 562 526 607 530 606 548 small-vehicle 0.9662
-1 314 8 301 42 324 32 338 small-vehicle 0.9651
622 234 623 216 663 220 662 237 small-vehicle 0.9638
1060 32 1070 20 1100 42 1091 55 small-vehicle 0.9625
1032 147 1041 134 1072 156 1063 169 small-vehicle 0.9614
290 719 292 701 338 706 336 724 small-vehicle 0.9600
465 235 468 218 507 224 504 241 small-vehicle 0.9594
1038 70 1047 57 1081 78 1072 92 small-vehicle 0.9588
643 651 643 634 682 636 681 653 small-vehicle 0.9505
752 263 755 247 793 253 791 269 small-vehicle 0.9499
87 586 89 568 128 571 127 589 small-vehicle 0.9485
458 477 459 460 497 462 496 479 small-vehicle 0.9482
844 62 851 48 879 64 872 77 small-vehicle 0.9419
340 427 342 409 378 412 376 430 small-vehicle 0.9405
71 288 80 275 109 295 100 308 small-vehicle 0.9381
1000 128 1008 114 1040 132 1032 146 small-vehicle 0.9345
176 129 185 115 217 135 208 149 small-vehicle 0.9332
159 472 161 454 200 459 197 477 small-vehicle 0.9300
1024 88 1033 74 1063 94 1054 107 small-vehicle 0.9241
407 983 407 966 448 967 447 984 small-vehicle 0.9206
155 373 164 359 197 380 188 394 small-vehicle 0.9201
243 251 252 236 284 255 275 270 small-vehicle 0.9192
1007 103 1016 90 1051 113 1041 127 small-vehicle 0.9132
857 43 864 31 890 47 883 59 small-vehicle 0.9110
479 215 481 200 517 207 514 222 small-vehicle 0.8964
25 283 33 270 63 287 56 300 small-vehicle 0.8781
881 7 890 -4 919 16 910 28 small-vehicle 0.8726
672 157 673 140 707 142 706 159 small-vehicle 0.8653
9 1072 19 1054 60 1076 50 1094 small-vehicle 0.7813
994 146 1002 135 1027 154 1019 164 small-vehicle 0.7808
599 487 601 471 637 475 635 491 small-vehicle 0.7775
1071 87 1080 77 1101 95 1093 106 small-vehicle 0.7598
467 801 480 794 497 824 484 832 small-vehicle 0.6483
1080 162 1087 150 1103 159 1097 171 small-vehicle 0.5949
1076 16 1082 6 1102 18 1096 27 small-vehicle 0.4485
8 1071 18 1053 61 1077 51 1095 large-vehicle 0.1143
