126 162 126 153 146 153 146 162 small-vehicle 0.9909
128 173 128 164 147 164 147 173 small-vehicle 0.9877
309 161 309 151 329 152 329 162 small-vehicle 0.9876
127 153 127 143 147 143 147 153 small-vehicle 0.9874
309 140 310 131 330 132 330 141 small-vehicle 0.9870
174 176 174 167 193 167 193 176 small-vehicle 0.9855
372 319 363 319 363 300 372 300 small-vehicle 0.9845
200 44 200 34 221 34 220 44 small-vehicle 0.9805
435 47 445 41 456 62 447 67 small-vehicle 0.9797
370 123 378 123 378 143 370 143 small-vehicle 0.9792
176 166 176 157 195 157 195 166 small-vehicle 0.9783
195 187 195 178 215 178 215 188 small-vehicle 0.9780
264 200 264 191 284 192 284 201 small-vehicle 0.9768
193 197 193 188 215 188 215 198 small-vehicle 0.9757
129 142 129 132 148 131 149 141 small-vehicle 0.9745
195 177 195 168 214 167 214 176 small-vehicle 0.9743
410 48 420 43 429 61 420 66 small-vehicle 0.9708
176 156 176 146 196 146 196 155 small-vehicle 0.9660
127 195 126 185 147 184 147 194 small-vehicle 0.9638
313 101 313 91 332 91 332 101 small-vehicle 0.9603
262 180 262 170 282 170 282 179 small-vehicle 0.9594
243 168 243 159 262 160 262 169 small-vehicle 0.9576
260 190 260 180 282 181 282 190 small-vehicle 0.9524
242 188 243 179 260 180 260 188 small-vehicle 0.9507
268 67 268 58 286 58 286 67 small-vehicle 0.9503
175 197 175 187 193 187 193 197 small-vehicle 0.9406
264 159 264 149 284 150 284 159 small-vehicle 0.9403
266 88 267 79 286 79 286 89 small-vehicle 0.9399
243 148 243 138 265 139 264 149 small-vehicle 0.9290
264 130 264 120 284 120 284 129 small-vehicle 0.9267
245 199 245 191 262 190 263 199 small-vehicle 0.9095
263 149 263 140 283 140 283 149 small-vehicle 0.9009
433 15 442 11 449 29 440 33 small-vehicle 0.8971
375 229 366 229 367 210 376 211 small-vehicle 0.8950
311 171 311 162 329 163 329 172 small-vehicle 0.8882
197 115 197 106 215 106 214 115 small-vehicle 0.8513
133 113 132 104 152 103 152 112 small-vehicle 0.8174
177 94 177 85 197 84 197 93 small-vehicle 0.7103
128 214 128 204 147 204 147 214 small-vehicle 0.5782
367 437 357 436 359 417 368 418 small-vehicle 0.5477
450 46 457 42 467 60 460 64 small-vehicle 0.3482
183 12 183 6 199 5 199 12 small-vehicle 0.3285
127 204 127 196 147 196 148 203 small-vehicle 0.2421
174 183 175 175 195 177 194 185 small-vehicle 0.1648
311 149 311 140 331 140 331 150 small-vehicle 0.1076
254 518 211 518 211 429 254 429 tennis-court 0.9997
259 384 215 383 216 292 260 293 tennis-court 0.9997
305 521 261 521 262 429 306 430 tennis-court 0.9997
156 378 113 377 115 287 158 288 tennis-court 0.9997
159 425 202 425 203 516 159 516 tennis-court 0.9997
310 386 266 385 268 295 312 296 tennis-court 0.9996
207 381 165 380 166 291 208 291 tennis-court 0.9995
149 513 108 512 110 425 151 426 tennis-court 0.9983
