1424 989 1435 971 1468 991 1457 1009 small-vehicle 0.8422
556 301 565 282 601 300 592 319 small-vehicle 0.8230
1445 970 1455 954 1491 974 1481 991 small-vehicle 0.8181
289 149 298 133 336 154 327 170 small-vehicle 0.8144
525 663 535 648 569 671 559 686 small-vehicle 0.8091
1385 966 1395 948 1431 969 1421 987 small-vehicle 0.8069
279 172 288 152 328 170 319 190 small-vehicle 0.8020
937 844 946 826 984 845 975 863 small-vehicle 0.7991
532 334 542 318 577 339 567 355 small-vehicle 0.7807
548 319 559 302 590 320 580 338 small-vehicle 0.7797
664 508 674 492 710 514 700 531 small-vehicle 0.7735
1456 950 1465 935 1498 954 1489 969 small-vehicle 0.7460
641 550 651 534 686 556 675 572 small-vehicle 0.7454
209 313 218 295 254 311 245 330 small-vehicle 0.7380
151 401 160 387 192 407 183 421 small-vehicle 0.7163
159 491 169 473 206 494 196 511 small-vehicle 0.7154
305 133 314 116 348 134 339 151 small-vehicle 0.7151
314 111 324 94 360 114 350 131 small-vehicle 0.7143
1394 1051 1402 1036 1436 1053 1428 1069 small-vehicle 0.7106
949 828 959 809 993 828 983 846 small-vehicle 0.7073
1327 857 1337 839 1375 860 1365 878 small-vehicle 0.6999
1318 880 1328 861 1364 881 1354 900 small-vehicle 0.6979
1297 894 1308 875 1351 902 1340 920 small-vehicle 0.6935
444 286 453 268 491 289 482 307 small-vehicle 0.6843
652 532 663 512 701 535 690 554 small-vehicle 0.6817
137 424 148 406 183 428 172 446 small-vehicle 0.6803
812 855 821 835 857 851 848 871 small-vehicle 0.6782
314 211 323 195 356 212 347 229 small-vehicle 0.6723
972 889 981 872 1017 891 1008 908 small-vehicle 0.6717
1377 986 1386 969 1418 986 1409 1003 small-vehicle 0.6669
303 234 312 216 348 235 339 252 small-vehicle 0.6654
421 325 430 309 467 329 458 346 small-vehicle 0.6651
966 804 977 788 1010 810 999 826 small-vehicle 0.6645
1363 1010 1371 990 1410 1005 1403 1026 small-vehicle 0.6622
227 270 236 252 273 270 264 289 small-vehicle 0.6583
129 444 139 428 174 449 164 465 small-vehicle 0.6501
927 866 935 848 976 867 967 885 small-vehicle 0.6499
881 634 890 615 931 635 922 653 small-vehicle 0.6465
237 247 247 230 284 251 275 268 small-vehicle 0.6432
750 664 758 645 794 661 787 680 small-vehicle 0.6417
785 604 795 586 832 608 823 625 small-vehicle 0.6405
170 469 179 452 217 472 207 489 small-vehicle 0.6387
773 628 782 610 819 628 810 647 small-vehicle 0.6346
301 541 311 524 348 546 338 563 small-vehicle 0.6344
279 481 288 462 330 483 321 502 small-vehicle 0.6306
578 567 587 548 625 566 616 585 small-vehicle 0.6268
597 631 607 613 643 633 633 651 small-vehicle 0.6174
656 431 664 413 699 430 691 448 small-vehicle 0.6145
1409 1034 1417 1016 1453 1031 1445 1049 small-vehicle 0.6108
435 615 444 600 479 622 469 637 small-vehicle 0.6097
907 696 918 680 954 704 943 719 small-vehicle 0.5941
983 869 992 850 1028 867 1019 886 small-vehicle 0.5939
193 328 202 311 234 327 225 344 small-vehicle 0.5928
949 932 959 914 994 932 984 950 small-vehicle 0.5922
995 741 1005 726 1040 750 1030 765 small-vehicle 0.5894
1296 916 1305 903 1337 923 1329 936 small-vehicle 0.5874
1060 734 1069 715 1105 733 1096 751 small-vehicle 0.5865
181 449 190 433 223 451 215 467 small-vehicle 0.5826
364 112 374 96 410 118 400 135 small-vehicle 0.5823
328 88 337 73 370 91 361 106 small-vehicle 0.5803
217 291 227 271 263 287 253 308 small-vehicle 0.5781
434 309 443 290 483 307 474 327 small-vehicle 0.5688
1412 931 1420 913 1455 929 1447 947 small-vehicle 0.5687
833 735 841 719 876 735 868 752 small-vehicle 0.5651
730 706 739 689 775 708 765 726 small-vehicle 0.5625
909 905 918 888 953 907 944 924 small-vehicle 0.5608
324 190 333 174 368 193 359 209 small-vehicle 0.5601
1110 861 1119 844 1154 861 1145 878 small-vehicle 0.5598
860 466 869 449 904 466 895 483 small-vehicle 0.5579
162 387 170 370 201 384 194 401 small-vehicle 0.5575
590 235 600 221 632 242 622 257 small-vehicle 0.5524
874 758 883 739 919 756 910 775 small-vehicle 0.5524
1158 860 1168 843 1207 866 1196 883 small-vehicle 0.5483
425 226 434 208 471 224 463 243 small-vehicle 0.5478
274 587 284 571 319 591 309 607 small-vehicle 0.5421
415 243 424 227 458 246 449 263 small-vehicle 0.5413
569 279 579 260 613 278 603 298 small-vehicle 0.5404
610 612 619 594 652 611 643 629 small-vehicle 0.5332
1339 1069 1348 1052 1379 1070 1369 1087 small-vehicle 0.5324
224 581 233 565 265 583 255 599 small-vehicle 0.5314
402 268 411 245 452 261 443 284 small-vehicle 0.5312
433 179 441 161 479 179 470 197 small-vehicle 0.5287
1072 712 1081 693 1115 708 1107 728 small-vehicle 0.5233
482 516 491 497 530 515 521 535 small-vehicle 0.5209
1273 957 1282 938 1318 955 1309 974 small-vehicle 0.5205
236 563 244 546 275 561 267 578 small-vehicle 0.5175
1341 838 1350 821 1386 839 1377 856 small-vehicle 0.5154
1284 942 1294 922 1332 939 1323 960 small-vehicle 0.5134
674 487 684 472 718 493 709 508 small-vehicle 0.5130
254 229 261 211 294 224 286 243 small-vehicle 0.5129
1354 1032 1362 1013 1395 1026 1387 1046 small-vehicle 0.5109
738 683 746 665 783 682 775 700 small-vehicle 0.5085
1483 895 1491 879 1526 896 1518 912 small-vehicle 0.5079
476 539 484 521 520 538 512 556 small-vehicle 0.5059
443 597 452 578 492 596 482 616 small-vehicle 0.5049
844 818 852 801 888 819 880 836 small-vehicle 0.5032
807 878 815 863 849 881 840 896 small-vehicle 0.5004
590 651 600 634 633 652 623 669 small-vehicle 0.4998
180 352 188 334 223 349 215 368 small-vehicle 0.4986
568 376 577 359 610 377 601 394 small-vehicle 0.4962
1403 952 1412 935 1444 951 1436 968 small-vehicle 0.4942
884 741 893 722 929 740 920 759 small-vehicle 0.4922
457 580 464 562 501 577 493 595 small-vehicle 0.4875
875 660 884 640 922 657 912 677 small-vehicle 0.4858
1294 842 1302 823 1336 839 1328 857 small-vehicle 0.4846
1030 792 1038 773 1074 788 1066 807 small-vehicle 0.4775
475 229 482 211 520 225 512 244 small-vehicle 0.4723
416 558 425 539 462 557 453 576 small-vehicle 0.4688
1302 821 1311 803 1344 820 1335 838 small-vehicle 0.4671
741 354 751 333 797 355 788 376 small-vehicle 0.4604
231 353 240 335 276 353 267 371 small-vehicle 0.4572
986 773 996 753 1030 769 1021 789 small-vehicle 0.4569
327 404 335 386 371 402 362 420 small-vehicle 0.4555
994 852 1001 834 1037 848 1029 866 small-vehicle 0.4553
568 692 575 675 610 691 602 708 small-vehicle 0.4531
382 613 392 594 424 611 414 630 small-vehicle 0.4519
287 564 297 547 334 569 324 586 small-vehicle 0.4453
335 172 342 155 378 169 371 187 small-vehicle 0.4349
324 504 333 488 366 507 357 522 small-vehicle 0.4308
309 522 318 504 356 522 347 540 small-vehicle 0.4298
635 464 645 447 678 467 668 483 small-vehicle 0.4247
520 355 530 337 565 358 555 376 small-vehicle 0.4223
1196 829 1204 811 1237 826 1230 844 small-vehicle 0.4196
553 710 561 693 595 709 587 726 small-vehicle 0.4174
692 684 701 665 736 681 727 700 small-vehicle 0.4104
805 564 814 548 847 566 838 582 small-vehicle 0.4076
852 799 862 780 899 799 889 818 small-vehicle 0.4067
192 431 200 413 234 428 226 446 small-vehicle 0.4055
572 592 580 572 617 587 609 607 small-vehicle 0.3981
1321 1089 1330 1072 1364 1090 1355 1108 small-vehicle 0.3946
459 166 468 149 499 166 490 183 small-vehicle 0.3940
465 252 473 233 510 248 502 267 small-vehicle 0.3923
1433 690 1441 674 1476 693 1468 709 small-vehicle 0.3911
1137 905 1145 888 1178 905 1170 921 small-vehicle 0.3899
249 332 258 316 289 334 279 351 small-vehicle 0.3887
1142 804 1149 786 1183 798 1177 816 small-vehicle 0.3880
958 913 967 892 1004 909 994 929 small-vehicle 0.3870
467 562 476 544 511 560 502 579 small-vehicle 0.3859
1344 1052 1350 1034 1386 1045 1380 1064 small-vehicle 0.3850
1167 1054 1175 1036 1207 1051 1199 1069 small-vehicle 0.3849
621 490 629 471 665 488 656 506 small-vehicle 0.3843
388 72 398 57 431 79 421 93 small-vehicle 0.3842
514 686 523 670 558 690 548 707 small-vehicle 0.3840
347 367 355 348 392 364 384 383 small-vehicle 0.3813
414 349 422 331 457 347 449 365 small-vehicle 0.3813
574 672 583 653 618 670 609 689 small-vehicle 0.3782
1233 930 1242 913 1272 928 1264 946 small-vehicle 0.3772
408 578 417 559 449 573 440 593 small-vehicle 0.3691
556 402 565 383 599 399 590 419 small-vehicle 0.3666
515 376 522 358 560 374 552 392 small-vehicle 0.3652
632 576 640 557 673 572 665 590 small-vehicle 0.3637
499 191 508 172 544 189 535 207 small-vehicle 0.3586
978 791 986 772 1020 787 1012 806 small-vehicle 0.3561
78 646 87 628 123 645 114 663 small-vehicle 0.3559
346 467 354 449 392 467 383 485 small-vehicle 0.3511
395 592 404 576 436 593 428 609 small-vehicle 0.3487
430 208 439 185 479 199 471 223 small-vehicle 0.3484
510 398 518 380 550 396 542 414 small-vehicle 0.3414
700 667 708 647 744 662 736 682 small-vehicle 0.3366
1217 956 1224 937 1263 953 1256 972 small-vehicle 0.3353
260 213 269 194 303 210 295 228 small-vehicle 0.3321
1062 1050 1069 1032 1105 1045 1098 1064 small-vehicle 0.3309
751 870 761 854 794 874 785 889 small-vehicle 0.3301
1118 845 1126 825 1160 839 1152 859 small-vehicle 0.3284
373 324 381 307 418 323 410 341 small-vehicle 0.3225
720 724 728 707 762 723 754 740 small-vehicle 0.3222
1249 999 1259 981 1293 1000 1283 1018 small-vehicle 0.3221
623 590 631 573 665 588 657 606 small-vehicle 0.3192
425 537 432 519 469 534 462 553 small-vehicle 0.3190
1096 881 1106 863 1142 883 1132 901 small-vehicle 0.3166
742 582 750 565 785 581 777 598 small-vehicle 0.3145
620 284 628 267 661 282 653 299 small-vehicle 0.3110
921 882 929 866 961 882 953 898 small-vehicle 0.3030
787 914 796 897 829 915 820 931 small-vehicle 0.2999
1352 822 1360 804 1391 818 1384 835 small-vehicle 0.2995
342 686 351 666 389 685 380 704 small-vehicle 0.2921
547 1128 554 1109 582 1121 574 1140 small-vehicle 0.2913
393 386 402 370 436 389 427 405 small-vehicle 0.2814
380 408 390 390 428 411 418 429 small-vehicle 0.2801
1257 902 1264 882 1299 894 1292 914 small-vehicle 0.2766
512 481 521 462 555 478 546 497 small-vehicle 0.2748
666 726 674 705 712 720 704 741 small-vehicle 0.2740
393 699 404 682 436 702 426 719 small-vehicle 0.2733
710 739 719 724 752 744 743 759 small-vehicle 0.2729
170 372 177 354 209 367 202 385 small-vehicle 0.2713
503 707 511 690 546 709 537 725 small-vehicle 0.2623
795 821 800 802 833 811 828 830 small-vehicle 0.2592
376 89 386 74 419 95 409 110 small-vehicle 0.2585
900 390 907 370 949 386 942 406 small-vehicle 0.2516
641 762 650 744 688 762 679 780 small-vehicle 0.2373
369 632 377 613 412 629 404 648 small-vehicle 0.2365
1051 962 1060 945 1096 962 1088 980 small-vehicle 0.2306
1009 1045 1017 1026 1056 1043 1047 1062 small-vehicle 0.2297
1267 584 1276 566 1308 584 1299 601 small-vehicle 0.2283
684 786 692 768 726 785 718 802 small-vehicle 0.2210
1175 1040 1183 1017 1216 1029 1208 1051 small-vehicle 0.2203
1575 920 1562 911 1584 882 1597 892 small-vehicle 0.2191
458 473 467 456 498 473 489 490 small-vehicle 0.2183
887 947 896 929 930 946 920 964 small-vehicle 0.2176
497 495 507 479 538 498 529 514 small-vehicle 0.2143
517 147 527 130 564 150 555 167 small-vehicle 0.2072
721 314 728 297 762 313 755 330 small-vehicle 0.2040
536 441 545 423 580 440 571 457 small-vehicle 0.2008
354 444 362 426 398 443 390 461 small-vehicle 0.1923
1153 1072 1163 1055 1196 1074 1186 1091 small-vehicle 0.1908
661 827 669 808 704 824 696 842 small-vehicle 0.1889
406 677 414 662 446 680 438 695 small-vehicle 0.1872
997 444 1004 426 1040 441 1033 459 small-vehicle 0.1800
907 997 917 980 955 1002 945 1019 small-vehicle 0.1768
362 653 372 637 405 657 394 674 small-vehicle 0.1746
717 625 725 603 766 618 758 640 small-vehicle 0.1666
292 460 302 443 335 462 324 479 small-vehicle 0.1619
537 651 546 633 580 650 570 668 small-vehicle 0.1542
1733 1198 1740 1184 1767 1197 1760 1211 small-vehicle 0.1451
531 748 540 732 577 752 568 768 small-vehicle 0.1237
145 515 155 496 187 513 178 531 small-vehicle 0.1184
484 1139 460 1126 510 1029 535 1042 large-vehicle 0.9760
1385 620 1399 596 1484 645 1470 669 large-vehicle 0.9481
75 432 56 423 82 372 101 381 large-vehicle 0.6007
