87 1036 -42 958 37 825 167 902 baseball-diamond 0.9567
201 619 189 618 190 597 202 597 small-vehicle 0.4013
289 665 300 665 300 687 289 687 small-vehicle 0.2529
189 681 180 680 181 662 190 662 small-vehicle 0.1200
310 563 320 563 320 585 310 585 small-vehicle 0.1181
173 642 162 642 164 620 174 621 small-vehicle 0.1116
325 276 284 276 286 192 327 192 tennis-court 0.9993
276 276 235 275 237 191 278 192 tennis-court 0.9992
322 405 282 404 284 319 324 321 tennis-court 0.9992
273 403 233 402 234 318 275 319 tennis-court 0.9991
228 275 186 275 187 188 229 189 tennis-court 0.9990
225 403 183 402 185 316 226 316 tennis-court 0.9990
335 266 336 245 374 247 373 268 tennis-court 0.9493
333 223 333 201 376 201 376 223 tennis-court 0.9148
332 395 331 373 372 372 372 394 tennis-court 0.9035
332 350 332 329 373 330 372 351 tennis-court 0.8651
279 800 224 798 227 703 282 705 basketball-court 0.9993
170 703 223 702 225 797 172 798 basketball-court 0.9968
167 279 114 276 119 195 172 199 storage-tank 0.1010
166 277 113 275 115 199 168 200 swimming-pool 0.2671
