695 573 718 389 907 413 884 597 baseball-diamond 0.9966
708 199 670 92 777 54 815 160 baseball-diamond 0.9862
385 324 503 260 571 385 453 449 baseball-diamond 0.9226
1224 518 1236 514 1244 537 1232 541 small-vehicle 0.1266
400 600 391 590 425 558 434 568 large-vehicle 0.1414
1123 735 1075 734 1077 634 1125 635 tennis-court 0.9986
1129 587 1080 586 1081 485 1130 486 tennis-court 0.9985
1180 738 1130 736 1134 636 1185 638 tennis-court 0.9983
1074 587 1025 586 1026 484 1075 485 tennis-court 0.9982
1066 728 1014 725 1020 631 1072 635 tennis-court 0.9946
359 585 294 552 345 454 409 488 basketball-court 0.9983
451 690 391 654 453 550 513 586 basketball-court 0.9967
241 475 251 388 348 400 337 487 basketball-court 0.9956
348 494 317 482 329 449 360 461 basketball-court 0.7006
403 728 346 725 351 653 407 657 basketball-court 0.6290
363 489 374 464 407 479 396 504 basketball-court 0.2735
