1085 1109 1074 1089 1112 1068 1123 1088 small-vehicle 0.7581
503 616 490 596 537 566 550 586 small-vehicle 0.5316
456 548 443 529 488 498 501 517 small-vehicle 0.4802
525 637 511 618 555 589 568 608 small-vehicle 0.4235
1095 1106 1109 1100 1119 1120 1105 1127 small-vehicle 0.1902
1076 1087 1063 1068 1109 1036 1122 1055 small-vehicle 0.1266
399 1131 386 1112 437 1077 450 1096 small-vehicle 0.1112
542 337 527 319 604 254 619 273 large-vehicle 0.9986
589 803 576 785 645 733 659 751 large-vehicle 0.9981
679 937 667 918 739 868 752 887 large-vehicle 0.9979
377 710 363 692 432 638 446 656 large-vehicle 0.9977
638 870 625 852 699 800 711 818 large-vehicle 0.9976
618 847 606 829 681 778 693 796 large-vehicle 0.9976
103 468 112 446 197 479 189 501 large-vehicle 0.9974
553 755 540 736 614 686 626 705 large-vehicle 0.9974
470 847 456 828 529 776 542 795 large-vehicle 0.9974
601 823 590 805 662 758 674 776 large-vehicle 0.9974
771 1077 758 1057 833 1007 846 1027 large-vehicle 0.9973
638 472 624 452 702 397 715 417 large-vehicle 0.9973
99 494 108 472 192 506 184 527 large-vehicle 0.9973
194 232 203 212 285 251 276 271 large-vehicle 0.9972
364 683 350 665 418 614 432 632 large-vehicle 0.9972
948 904 935 886 1003 835 1017 853 large-vehicle 0.9971
527 908 514 889 589 838 602 857 large-vehicle 0.9971
490 868 477 849 549 800 562 818 large-vehicle 0.9971
670 910 657 891 727 843 740 862 large-vehicle 0.9971
722 1008 710 989 784 942 796 961 large-vehicle 0.9970
711 984 698 966 769 916 782 935 large-vehicle 0.9970
443 797 430 778 501 729 514 748 large-vehicle 0.9969
93 521 101 500 186 534 178 555 large-vehicle 0.9969
519 711 505 691 579 642 592 661 large-vehicle 0.9969
730 607 717 587 789 541 802 561 large-vehicle 0.9969
964 924 950 906 1020 855 1033 874 large-vehicle 0.9969
507 889 494 870 567 819 580 838 large-vehicle 0.9968
211 888 198 869 268 820 281 839 large-vehicle 0.9968
604 1023 591 1004 662 956 675 975 large-vehicle 0.9968
539 730 525 711 597 662 610 681 large-vehicle 0.9967
930 882 916 863 984 813 998 831 large-vehicle 0.9967
849 764 835 745 908 696 921 715 large-vehicle 0.9967
736 1032 723 1013 796 965 808 984 large-vehicle 0.9967
72 542 81 521 167 558 158 579 large-vehicle 0.9967
659 886 646 868 718 817 731 835 large-vehicle 0.9965
756 1053 743 1033 813 986 826 1005 large-vehicle 0.9965
791 1101 777 1082 847 1032 861 1051 large-vehicle 0.9965
428 775 415 756 486 706 499 725 large-vehicle 0.9964
717 585 704 566 773 516 787 535 large-vehicle 0.9963
346 658 332 638 402 591 416 611 large-vehicle 0.9963
211 184 219 162 305 195 296 217 large-vehicle 0.9963
589 1001 576 983 644 934 657 952 large-vehicle 0.9961
400 727 386 708 452 657 466 675 large-vehicle 0.9960
410 754 396 736 465 686 478 704 large-vehicle 0.9960
460 820 446 800 517 751 531 770 large-vehicle 0.9960
578 774 564 754 634 703 648 722 large-vehicle 0.9959
198 864 184 845 254 796 267 815 large-vehicle 0.9958
978 947 964 927 1032 880 1046 899 large-vehicle 0.9958
1041 1048 1026 1030 1101 966 1116 984 large-vehicle 0.9958
574 979 560 961 629 910 643 928 large-vehicle 0.9957
992 971 978 951 1047 904 1061 924 large-vehicle 0.9956
884 807 871 788 938 739 952 757 large-vehicle 0.9956
186 266 194 242 279 271 271 294 large-vehicle 0.9954
801 1126 788 1106 860 1059 873 1079 large-vehicle 0.9953
662 1126 647 1108 721 1045 736 1063 large-vehicle 0.9953
694 959 681 939 756 889 769 909 large-vehicle 0.9952
900 830 886 810 955 761 969 781 large-vehicle 0.9952
230 165 238 141 319 168 311 192 large-vehicle 0.9951
869 785 856 767 925 716 938 735 large-vehicle 0.9949
187 835 174 815 245 768 258 789 large-vehicle 0.9949
557 955 544 935 617 885 630 905 large-vehicle 0.9948
334 634 321 614 389 568 403 588 large-vehicle 0.9948
624 446 609 427 685 367 700 386 large-vehicle 0.9947
544 927 531 907 605 861 618 881 large-vehicle 0.9944
920 854 906 834 974 784 989 804 large-vehicle 0.9943
116 441 125 420 210 456 201 476 large-vehicle 0.9943
710 554 696 533 765 488 779 508 large-vehicle 0.9942
759 625 745 607 813 555 826 573 large-vehicle 0.9940
114 717 100 697 170 651 183 671 large-vehicle 0.9940
230 908 217 888 290 841 303 861 large-vehicle 0.9938
540 304 523 286 592 220 610 239 large-vehicle 0.9934
263 466 244 449 310 377 328 394 large-vehicle 0.9934
56 568 64 545 152 577 143 600 large-vehicle 0.9933
1005 998 992 978 1064 928 1078 948 large-vehicle 0.9932
694 537 679 517 747 467 762 487 large-vehicle 0.9931
624 1046 611 1025 683 979 696 999 large-vehicle 0.9930
502 688 488 669 560 617 574 636 large-vehicle 0.9930
793 667 779 648 850 597 864 617 large-vehicle 0.9927
839 740 824 722 893 668 907 687 large-vehicle 0.9923
806 689 794 669 865 625 877 646 large-vehicle 0.9917
319 610 303 590 374 535 390 554 large-vehicle 0.9913
174 813 160 794 231 742 245 761 large-vehicle 0.9913
130 389 139 367 223 401 215 422 large-vehicle 0.9911
561 473 581 457 643 533 622 549 large-vehicle 0.9902
674 1146 659 1123 738 1071 753 1094 large-vehicle 0.9888
141 337 149 315 233 344 225 366 large-vehicle 0.9865
96 698 82 679 154 625 168 645 large-vehicle 0.9858
1057 1065 1042 1044 1107 997 1122 1017 large-vehicle 0.9834
139 734 126 716 180 677 193 695 large-vehicle 0.9796
416 509 403 490 457 451 470 470 large-vehicle 0.9773
411 478 396 459 449 420 463 439 large-vehicle 0.9547
293 937 280 918 337 880 350 899 large-vehicle 0.9529
165 750 151 730 206 694 219 714 large-vehicle 0.9524
470 569 458 550 515 517 526 537 large-vehicle 0.9447
810 1151 797 1127 875 1085 888 1110 large-vehicle 0.9395
319 987 306 967 361 931 374 951 large-vehicle 0.9306
359 1061 347 1042 399 1007 412 1025 large-vehicle 0.9052
398 1132 385 1111 438 1078 451 1099 large-vehicle 0.8961
383 1110 368 1091 420 1053 435 1073 large-vehicle 0.8914
1073 1087 1059 1065 1110 1032 1124 1054 large-vehicle 0.8703
524 636 511 616 555 590 567 610 large-vehicle 0.7008
704 1159 690 1135 763 1094 776 1117 large-vehicle 0.6623
458 548 445 529 484 500 498 519 large-vehicle 0.5989
503 615 491 596 536 566 548 586 large-vehicle 0.5965
1085 1109 1073 1090 1113 1066 1124 1085 large-vehicle 0.1869
