885 793 1057 779 1071 955 899 970 baseball-diamond 0.9973
924 466 1093 457 1103 630 934 639 baseball-diamond 0.9961
195 1038 84 996 130 873 240 914 baseball-diamond 0.9925
473 1262 373 1198 437 1097 537 1160 baseball-diamond 0.9504
124 890 237 586 870 821 757 1125 ground-track-field 0.9256
224 226 223 213 252 212 252 225 small-vehicle 0.4648
8 1360 14 1351 35 1366 29 1374 small-vehicle 0.2625
50 859 59 853 71 870 62 877 small-vehicle 0.2194
43 230 43 217 78 217 78 229 small-vehicle 0.2041
10 788 16 777 35 788 29 799 small-vehicle 0.1890
119 217 118 203 141 201 142 215 small-vehicle 0.1503
84 698 88 683 103 688 99 702 small-vehicle 0.1442
309 170 310 158 338 159 338 171 small-vehicle 0.1333
9 1284 17 1273 37 1288 29 1299 small-vehicle 0.1315
55 827 59 814 77 820 73 833 small-vehicle 0.1313
57 1395 63 1388 89 1411 83 1418 small-vehicle 0.1220
27 854 34 844 53 858 46 868 small-vehicle 0.1016
58 1398 63 1391 88 1412 82 1419 large-vehicle 0.4071
478 641 484 632 518 657 511 666 large-vehicle 0.2963
311 172 310 159 341 157 342 170 large-vehicle 0.1214
964 691 965 676 1006 678 1005 693 large-vehicle 0.1044
416 370 372 370 372 277 416 277 tennis-court 0.9985
313 280 356 278 361 371 318 374 tennis-court 0.9981
204 285 247 285 248 378 205 379 tennis-court 0.9969
256 282 303 280 307 374 260 377 tennis-court 0.9957
320 452 319 410 413 409 414 450 tennis-court 0.9455
293 505 238 504 239 411 294 412 tennis-court 0.9046
332 501 330 465 412 461 414 496 tennis-court 0.6834
196 418 243 416 245 500 199 501 tennis-court 0.5266
228 836 358 622 818 900 688 1115 soccer-ball-field 0.9352
440 575 485 216 926 271 881 630 soccer-ball-field 0.5057
43 1277 82 987 385 1028 347 1318 soccer-ball-field 0.2796
