372 1106 339 947 508 911 542 1071 baseball-diamond 0.9934
289 268 191 255 207 138 305 151 baseball-diamond 0.9896
542 526 645 507 664 612 562 631 baseball-diamond 0.9866
157 835 241 777 303 868 220 926 baseball-diamond 0.9844
664 776 668 682 762 686 758 780 baseball-diamond 0.9815
808 638 797 635 799 622 811 624 small-vehicle 0.5302
808 713 800 712 804 693 811 695 small-vehicle 0.4913
706 222 713 218 721 233 713 237 small-vehicle 0.3725
713 212 721 209 728 227 720 230 small-vehicle 0.2367
805 610 797 606 805 591 813 596 small-vehicle 0.1854
794 699 785 692 796 676 806 683 small-vehicle 0.1761
810 261 798 261 798 247 810 247 small-vehicle 0.1402
805 232 791 231 791 217 805 217 small-vehicle 0.1215
768 226 781 225 785 269 772 270 large-vehicle 0.6017
64 240 38 230 53 191 79 201 swimming-pool 0.8909
