326 1410 308 1409 309 1366 328 1367 small-vehicle 0.7908
251 1400 234 1400 236 1360 252 1360 small-vehicle 0.7493
304 1406 286 1404 290 1367 308 1369 small-vehicle 0.7036
285 1402 268 1401 270 1364 287 1366 small-vehicle 0.5594
353 1407 334 1407 335 1366 353 1366 small-vehicle 0.5558
210 1358 227 1358 227 1395 210 1395 small-vehicle 0.4884
401 1419 382 1419 383 1378 402 1379 small-vehicle 0.1775
421 460 421 440 506 443 505 463 large-vehicle 0.9983
424 385 425 365 512 369 510 390 large-vehicle 0.9974
406 641 406 621 494 621 494 642 large-vehicle 0.9974
404 665 405 644 495 647 495 669 large-vehicle 0.9970
424 412 425 391 510 395 509 416 large-vehicle 0.9969
434 283 436 262 520 270 518 291 large-vehicle 0.9967
150 878 151 858 233 860 232 880 large-vehicle 0.9963
408 615 408 595 495 595 495 616 large-vehicle 0.9963
410 590 411 569 497 571 497 592 large-vehicle 0.9960
360 1302 361 1282 445 1285 444 1305 large-vehicle 0.9959
175 575 175 556 255 558 254 577 large-vehicle 0.9959
365 1250 366 1230 449 1233 449 1253 large-vehicle 0.9958
419 486 420 464 504 469 503 490 large-vehicle 0.9956
374 1148 375 1128 457 1132 456 1151 large-vehicle 0.9954
412 564 413 543 498 548 497 569 large-vehicle 0.9954
424 436 425 416 511 421 510 440 large-vehicle 0.9954
380 1046 380 1026 465 1026 465 1046 large-vehicle 0.9952
405 691 405 670 492 673 491 695 large-vehicle 0.9951
164 697 165 678 246 684 245 703 large-vehicle 0.9949
379 1072 380 1052 465 1055 464 1075 large-vehicle 0.9946
382 1020 382 999 466 1002 465 1023 large-vehicle 0.9945
162 724 163 704 243 708 242 728 large-vehicle 0.9944
357 1326 358 1306 442 1309 441 1330 large-vehicle 0.9943
149 905 149 886 231 885 231 905 large-vehicle 0.9943
368 1226 369 1206 451 1210 450 1230 large-vehicle 0.9942
416 511 417 490 502 496 501 518 large-vehicle 0.9941
148 929 148 909 230 911 229 931 large-vehicle 0.9940
155 853 155 833 234 836 233 856 large-vehicle 0.9939
385 944 386 923 475 927 474 948 large-vehicle 0.9934
163 750 165 729 245 736 243 757 large-vehicle 0.9933
412 538 414 517 499 522 498 543 large-vehicle 0.9932
385 917 386 896 475 900 474 921 large-vehicle 0.9930
432 360 432 341 514 343 513 363 large-vehicle 0.9929
437 258 438 238 523 246 521 267 large-vehicle 0.9929
383 995 384 975 467 978 466 998 large-vehicle 0.9928
404 720 404 699 491 702 491 723 large-vehicle 0.9920
384 972 384 951 470 951 470 972 large-vehicle 0.9920
146 954 146 934 226 936 225 956 large-vehicle 0.9916
371 1174 372 1154 453 1157 452 1177 large-vehicle 0.9916
370 1199 371 1178 453 1183 451 1205 large-vehicle 0.9916
187 341 188 323 270 324 270 343 large-vehicle 0.9914
143 1004 144 984 223 988 223 1008 large-vehicle 0.9911
173 598 175 578 251 582 250 602 large-vehicle 0.9911
158 777 159 758 238 762 237 781 large-vehicle 0.9909
375 1120 377 1099 456 1106 454 1128 large-vehicle 0.9906
134 1182 135 1162 213 1165 213 1185 large-vehicle 0.9906
179 493 181 474 257 480 256 499 large-vehicle 0.9906
180 468 181 447 258 453 256 474 large-vehicle 0.9903
174 518 176 496 254 503 252 525 large-vehicle 0.9902
143 979 145 958 225 963 224 984 large-vehicle 0.9901
141 1029 142 1010 222 1013 221 1032 large-vehicle 0.9895
137 1107 138 1087 219 1090 218 1110 large-vehicle 0.9892
387 892 388 870 479 876 478 897 large-vehicle 0.9879
138 1080 140 1061 221 1065 220 1085 large-vehicle 0.9875
174 547 175 526 254 530 252 552 large-vehicle 0.9870
135 1156 135 1138 215 1141 214 1159 large-vehicle 0.9862
125 1309 126 1291 203 1295 202 1314 large-vehicle 0.9856
181 442 182 423 260 428 258 447 large-vehicle 0.9845
168 647 170 628 248 633 247 653 large-vehicle 0.9836
132 1231 134 1210 212 1217 210 1238 large-vehicle 0.9828
135 1205 137 1183 213 1191 211 1212 large-vehicle 0.9824
130 1260 131 1240 207 1243 206 1263 large-vehicle 0.9817
185 393 187 374 263 378 262 398 large-vehicle 0.9811
198 265 199 246 278 250 277 269 large-vehicle 0.9809
187 368 188 347 266 352 265 373 large-vehicle 0.9783
125 1336 125 1318 198 1321 198 1339 large-vehicle 0.9767
401 1419 382 1419 383 1378 402 1379 large-vehicle 0.3876
