655 643 655 631 678 631 678 644 small-vehicle 0.7637
182 177 173 177 173 158 182 158 small-vehicle 0.6546
667 597 656 597 656 570 668 570 small-vehicle 0.6468
81 145 82 133 102 134 102 146 small-vehicle 0.6276
657 620 657 609 678 609 679 619 small-vehicle 0.5845
600 20 609 19 610 40 601 41 small-vehicle 0.5806
169 473 180 473 181 488 170 488 small-vehicle 0.5352
292 403 301 403 301 420 292 420 small-vehicle 0.5220
444 486 445 475 468 475 468 487 small-vehicle 0.4525
533 39 524 38 526 19 535 20 small-vehicle 0.4053
130 147 130 136 155 135 155 146 small-vehicle 0.3861
179 350 170 350 171 330 180 330 small-vehicle 0.3812
293 265 305 264 305 278 294 278 small-vehicle 0.3436
301 562 290 562 290 545 301 546 small-vehicle 0.3356
150 403 162 403 162 417 150 417 small-vehicle 0.3350
272 404 282 404 282 420 273 420 small-vehicle 0.3306
344 422 333 422 333 404 344 405 small-vehicle 0.3302
60 347 50 346 52 332 61 332 small-vehicle 0.3196
213 160 222 159 223 181 214 181 small-vehicle 0.3095
324 30 328 23 346 33 342 40 small-vehicle 0.2812
425 139 422 130 442 123 445 132 small-vehicle 0.2741
370 110 372 101 388 104 386 113 small-vehicle 0.2289
196 261 205 260 206 274 196 275 small-vehicle 0.2119
26 542 39 542 40 557 27 557 small-vehicle 0.2020
179 421 170 421 170 403 179 404 small-vehicle 0.1936
60 142 60 132 78 132 78 142 small-vehicle 0.1910
394 116 396 107 414 112 412 120 small-vehicle 0.1880
329 551 341 550 342 564 330 565 small-vehicle 0.1808
28 494 37 494 37 513 28 513 small-vehicle 0.1802
38 489 27 489 27 471 38 471 small-vehicle 0.1789
27 400 38 399 40 417 29 418 small-vehicle 0.1393
45 482 44 470 58 469 60 480 small-vehicle 0.1388
196 497 205 497 205 516 197 516 small-vehicle 0.1304
203 486 191 486 192 472 204 472 small-vehicle 0.1292
343 77 332 74 338 54 348 57 small-vehicle 0.1267
238 262 250 261 251 275 238 275 small-vehicle 0.1141
27 555 37 555 37 583 27 583 small-vehicle 0.1128
127 400 138 400 138 418 128 418 small-vehicle 0.1067
207 420 199 419 200 400 208 401 small-vehicle 0.1054
359 561 360 550 394 552 393 564 large-vehicle 0.3210
370 586 369 575 411 572 412 583 large-vehicle 0.1754
