291 139 283 128 308 108 316 119 small-vehicle 0.9415
282 128 273 117 301 97 309 108 small-vehicle 0.9248
226 569 234 563 247 580 239 586 small-vehicle 0.9117
260 112 251 98 282 78 291 92 small-vehicle 0.8192
173 5 188 3 191 19 176 21 small-vehicle 0.7880
165 14 176 10 182 27 171 31 small-vehicle 0.7621
69 117 81 113 86 129 75 133 small-vehicle 0.7590
61 126 70 120 81 136 71 142 small-vehicle 0.7286
36 589 28 583 40 566 49 572 small-vehicle 0.7161
89 92 97 86 108 102 99 107 small-vehicle 0.6470
33 155 46 152 50 169 37 172 small-vehicle 0.6379
38 155 43 144 59 151 54 162 small-vehicle 0.6379
156 22 166 16 177 34 167 40 small-vehicle 0.6356
52 486 44 479 55 464 64 470 small-vehicle 0.6303
54 132 67 129 72 145 59 149 small-vehicle 0.6276
74 115 78 104 95 111 90 122 small-vehicle 0.6273
56 67 49 62 59 46 67 51 small-vehicle 0.6229
97 86 104 80 118 95 111 101 small-vehicle 0.6217
160 127 147 127 147 111 161 112 small-vehicle 0.6165
75 500 65 497 69 481 80 484 small-vehicle 0.5997
134 45 145 41 151 57 141 61 small-vehicle 0.5580
151 29 161 25 168 43 158 47 small-vehicle 0.5498
135 128 140 117 158 126 153 137 small-vehicle 0.5466
193 62 198 53 215 62 210 72 small-vehicle 0.5443
139 37 148 31 160 49 152 55 small-vehicle 0.5408
69 200 72 187 87 190 85 203 small-vehicle 0.5267
113 68 126 66 129 81 116 83 small-vehicle 0.5222
327 60 338 52 360 81 349 90 small-vehicle 0.5202
187 74 191 63 208 69 204 80 small-vehicle 0.5143
155 99 160 91 176 102 171 110 small-vehicle 0.5129
150 112 154 101 169 107 165 118 small-vehicle 0.5103
7 446 -1 440 9 425 18 431 small-vehicle 0.4776
257 95 249 83 278 64 286 77 small-vehicle 0.4691
30 230 37 224 50 240 43 246 small-vehicle 0.4607
124 134 137 131 142 149 129 152 small-vehicle 0.4413
37 84 30 78 41 64 48 70 small-vehicle 0.4120
16 171 24 166 34 181 26 186 small-vehicle 0.3781
92 180 93 166 108 167 107 181 small-vehicle 0.3647
84 176 94 171 101 186 91 191 small-vehicle 0.3360
26 575 18 569 30 553 38 559 small-vehicle 0.3248
83 108 86 95 100 99 97 112 small-vehicle 0.3146
107 152 115 145 129 164 120 170 small-vehicle 0.3098
15 453 7 447 19 431 27 437 small-vehicle 0.3038
47 214 56 209 66 225 57 230 small-vehicle 0.2931
173 80 183 75 192 92 181 97 small-vehicle 0.2824
251 85 244 77 263 63 269 71 small-vehicle 0.2619
200 54 205 43 221 51 216 61 small-vehicle 0.2190
114 142 122 138 132 155 124 160 small-vehicle 0.1673
90 514 78 511 81 498 92 501 small-vehicle 0.1653
55 205 69 203 71 219 57 221 small-vehicle 0.1337
214 571 221 565 235 582 227 588 small-vehicle 0.1326
11 210 -1 208 1 193 13 194 small-vehicle 0.1107
385 321 376 311 417 272 427 282 large-vehicle 0.9908
323 510 335 501 373 548 361 558 large-vehicle 0.9754
310 521 321 511 361 558 350 568 large-vehicle 0.9740
300 525 311 516 351 567 340 576 large-vehicle 0.9689
598 245 607 233 658 270 650 282 large-vehicle 0.9659
608 234 616 222 668 259 660 271 large-vehicle 0.9636
345 272 336 261 378 225 388 236 large-vehicle 0.9632
376 307 367 297 411 262 419 273 large-vehicle 0.9632
591 254 599 242 650 279 641 291 large-vehicle 0.9601
290 539 301 530 341 578 330 587 large-vehicle 0.9598
476 381 488 373 525 421 513 430 large-vehicle 0.9577
618 224 625 213 677 249 669 260 large-vehicle 0.9574
364 471 375 462 419 516 408 525 large-vehicle 0.9552
394 337 382 322 427 287 439 301 large-vehicle 0.9503
398 444 409 435 457 490 446 499 large-vehicle 0.9501
295 43 310 35 342 102 328 109 large-vehicle 0.9487
348 495 363 484 399 531 385 542 large-vehicle 0.9464
448 397 461 386 505 440 493 450 large-vehicle 0.9460
432 419 444 410 482 460 469 469 large-vehicle 0.9444
357 287 346 274 389 237 400 250 large-vehicle 0.9358
280 547 291 539 329 589 318 597 large-vehicle 0.9303
373 462 384 453 428 506 418 515 large-vehicle 0.9281
412 430 424 421 467 477 455 486 large-vehicle 0.9264
267 557 278 549 317 598 306 606 large-vehicle 0.9262
550 321 557 308 606 332 599 345 large-vehicle 0.9158
262 161 272 154 306 196 296 204 large-vehicle 0.9130
256 566 266 557 307 604 297 613 large-vehicle 0.9030
243 167 254 157 297 207 286 217 large-vehicle 0.8968
582 267 590 255 640 289 632 300 large-vehicle 0.8866
238 574 248 566 291 617 281 625 large-vehicle 0.8739
525 330 536 320 584 375 572 385 large-vehicle 0.8702
534 326 542 316 592 363 583 373 large-vehicle 0.8183
633 215 640 205 685 236 678 246 large-vehicle 0.8047
367 161 357 150 399 114 408 126 large-vehicle 0.7737
387 456 398 446 441 496 431 505 large-vehicle 0.7650
373 173 364 161 408 127 417 139 large-vehicle 0.7055
210 205 220 195 260 239 249 248 large-vehicle 0.5854
233 177 243 166 287 211 277 221 large-vehicle 0.5738
193 218 206 208 247 263 234 272 large-vehicle 0.5683
334 502 346 493 383 542 371 551 large-vehicle 0.5597
312 46 324 36 362 82 350 92 large-vehicle 0.5334
477 372 485 363 535 405 527 415 large-vehicle 0.5131
435 408 445 397 498 450 488 460 large-vehicle 0.4542
651 168 639 160 675 107 687 116 large-vehicle 0.4116
329 259 319 245 368 211 377 225 large-vehicle 0.3652
272 343 285 332 327 385 314 395 large-vehicle 0.2360
462 391 472 382 508 420 499 429 large-vehicle 0.1255
720 65 720 49 736 49 736 65 storage-tank 0.8900
707 78 708 63 726 65 725 79 storage-tank 0.3277
616 146 617 131 634 133 632 147 storage-tank 0.2197
682 104 684 89 707 91 705 106 storage-tank 0.1332
692 89 695 75 717 78 715 93 storage-tank 0.1118
