694 998 693 982 736 981 736 996 small-vehicle 0.4242
727 532 720 516 754 501 761 516 small-vehicle 0.2981
796 753 803 742 823 754 817 765 small-vehicle 0.2971
818 831 824 820 846 831 840 843 small-vehicle 0.2685
474 745 461 745 462 715 475 715 small-vehicle 0.2684
812 723 818 712 839 724 833 735 small-vehicle 0.2513
763 760 770 748 790 761 784 772 small-vehicle 0.2279
805 846 811 837 831 849 825 859 small-vehicle 0.2204
751 783 756 770 778 780 772 792 small-vehicle 0.2130
532 1069 532 1058 557 1059 557 1070 small-vehicle 0.1778
735 84 736 68 792 71 791 87 small-vehicle 0.1471
800 740 807 729 828 740 822 752 small-vehicle 0.1450
851 650 857 641 876 655 869 663 small-vehicle 0.1248
326 494 326 483 415 484 415 496 large-vehicle 0.9979
291 571 301 558 371 611 361 624 large-vehicle 0.9976
489 347 488 334 573 329 574 342 large-vehicle 0.9968
314 857 314 841 402 843 402 859 large-vehicle 0.9962
495 431 494 418 580 414 581 427 large-vehicle 0.9960
325 469 325 456 412 458 412 470 large-vehicle 0.9953
161 719 161 706 250 709 250 723 large-vehicle 0.9951
470 819 470 805 561 811 560 825 large-vehicle 0.9948
308 910 309 896 400 898 400 912 large-vehicle 0.9940
284 644 296 632 366 697 355 709 large-vehicle 0.9939
324 414 325 399 410 403 410 417 large-vehicle 0.9937
172 306 172 294 262 297 262 309 large-vehicle 0.9930
328 442 328 429 414 430 414 444 large-vehicle 0.9928
646 925 646 914 727 913 727 924 large-vehicle 0.9921
303 539 315 526 379 581 368 594 large-vehicle 0.9909
493 358 493 347 578 347 578 358 large-vehicle 0.9899
725 264 726 252 810 255 810 267 large-vehicle 0.9897
489 894 489 880 576 878 576 891 large-vehicle 0.9891
320 395 321 382 412 389 411 402 large-vehicle 0.9886
430 208 430 195 517 196 517 209 large-vehicle 0.9864
308 884 309 867 400 871 399 888 large-vehicle 0.9845
405 327 405 312 496 308 496 323 large-vehicle 0.9842
315 950 316 935 406 940 405 955 large-vehicle 0.9839
166 569 167 554 251 556 251 572 large-vehicle 0.9803
167 762 167 748 257 750 257 764 large-vehicle 0.9775
728 244 729 231 821 238 820 251 large-vehicle 0.9769
485 876 485 865 574 865 574 876 large-vehicle 0.9764
813 363 805 347 872 313 881 329 large-vehicle 0.9754
487 931 487 919 571 919 571 931 large-vehicle 0.9703
861 240 862 227 951 234 950 247 large-vehicle 0.9633
496 412 496 401 580 402 580 413 large-vehicle 0.9609
489 387 489 376 583 375 583 386 large-vehicle 0.9592
293 620 303 607 347 641 337 654 large-vehicle 0.9590
492 847 492 834 572 837 572 850 large-vehicle 0.9569
491 372 491 360 580 360 580 372 large-vehicle 0.9541
157 801 157 787 227 792 226 805 large-vehicle 0.9455
179 319 179 308 265 311 265 322 large-vehicle 0.9447
159 814 159 803 247 806 247 817 large-vehicle 0.9434
475 946 474 934 568 930 569 942 large-vehicle 0.9292
323 482 323 471 410 470 410 481 large-vehicle 0.9262
174 291 175 276 260 280 259 294 large-vehicle 0.9226
485 973 485 958 560 961 560 976 large-vehicle 0.9191
650 898 650 884 723 885 723 899 large-vehicle 0.9156
315 524 315 512 382 512 382 524 large-vehicle 0.9106
161 829 161 816 248 818 247 831 large-vehicle 0.9098
742 1000 737 984 805 962 811 977 large-vehicle 0.9019
899 489 904 472 985 496 980 514 large-vehicle 0.8820
492 905 493 892 586 894 586 907 large-vehicle 0.8728
168 735 169 724 244 725 244 736 large-vehicle 0.8683
317 828 318 808 396 811 396 831 large-vehicle 0.8675
157 844 157 830 246 832 245 846 large-vehicle 0.8484
490 832 490 821 566 823 566 834 large-vehicle 0.8406
583 251 584 236 663 239 663 253 large-vehicle 0.8393
495 862 495 850 579 851 579 863 large-vehicle 0.8368
662 459 653 444 717 403 726 418 large-vehicle 0.8341
295 559 304 546 377 597 368 610 large-vehicle 0.8004
294 596 304 583 357 623 347 636 large-vehicle 0.7750
350 766 347 748 424 735 427 753 large-vehicle 0.7677
174 695 174 681 248 682 247 696 large-vehicle 0.7503
959 258 963 244 1030 266 1026 280 large-vehicle 0.7350
440 249 440 236 506 236 506 249 large-vehicle 0.6507
648 910 648 900 724 901 724 910 large-vehicle 0.6326
495 398 496 386 581 387 581 399 large-vehicle 0.6321
753 226 754 212 843 222 841 236 large-vehicle 0.6112
765 400 760 388 795 373 800 385 large-vehicle 0.5739
174 445 175 432 237 433 237 447 large-vehicle 0.5518
735 83 736 68 792 71 791 86 large-vehicle 0.5302
780 439 774 425 820 405 826 419 large-vehicle 0.5141
646 939 646 928 736 929 735 940 large-vehicle 0.4610
436 220 437 207 510 210 510 223 large-vehicle 0.4062
788 459 782 447 825 426 831 438 large-vehicle 0.3897
682 1000 681 984 736 980 737 996 large-vehicle 0.3780
433 192 433 181 505 181 505 192 large-vehicle 0.3728
797 477 791 464 839 441 845 453 large-vehicle 0.3458
771 422 765 410 811 390 816 402 large-vehicle 0.3215
747 374 738 355 788 333 796 352 large-vehicle 0.3094
461 563 446 563 447 525 461 525 large-vehicle 0.2675
319 507 319 498 403 496 403 506 large-vehicle 0.2650
751 747 720 735 779 586 809 598 large-vehicle 0.2020
168 873 169 857 237 858 237 874 large-vehicle 0.1906
705 199 705 186 735 187 735 199 large-vehicle 0.1539
703 363 741 349 766 415 728 429 large-vehicle 0.1013
