3581 1881 3527 1857 3553 1800 3606 1824 plane 0.9976
1459 1264 1406 1253 1417 1198 1470 1208 plane 0.9965
1353 1137 1370 1081 1427 1098 1411 1154 plane 0.9929
1548 1321 1492 1302 1514 1239 1569 1259 plane 0.9925
2465 1296 2410 1285 2424 1216 2479 1226 plane 0.9894
3485 1947 3505 1874 3583 1895 3563 1968 plane 0.9888
546 382 561 318 628 334 613 398 plane 0.9882
2648 1478 2587 1465 2601 1400 2662 1413 plane 0.9878
345 276 292 255 316 197 368 217 plane 0.9859
3406 1692 3327 1664 3363 1563 3442 1592 plane 0.9831
2918 1473 2866 1454 2891 1387 2943 1406 plane 0.9805
426 418 372 401 393 333 447 350 plane 0.9778
2797 1411 2817 1350 2881 1371 2861 1432 plane 0.9764
1988 1240 1993 1190 2052 1197 2047 1247 plane 0.9764
3324 1672 3236 1638 3280 1526 3368 1560 plane 0.9756
3603 2089 3626 2044 3681 2071 3658 2117 plane 0.9664
1685 914 1621 893 1644 820 1709 841 plane 0.9657
1594 834 1535 817 1553 757 1612 775 plane 0.9623
3399 1876 3341 1866 3352 1808 3409 1818 plane 0.9572
3106 1777 3045 1754 3073 1681 3133 1703 plane 0.9568
573 478 524 460 546 399 595 417 plane 0.9542
1185 1771 1235 1678 1329 1730 1278 1822 plane 0.9528
1069 2415 1082 2369 1132 2384 1119 2429 plane 0.9492
2964 1687 2905 1672 2922 1602 2981 1617 plane 0.9480
1998 1129 2016 1078 2093 1104 2076 1155 plane 0.9437
2812 1655 2760 1632 2789 1567 2841 1590 plane 0.9424
2385 1665 2324 1649 2340 1588 2401 1604 plane 0.9316
2947 1779 2890 1749 2924 1685 2981 1715 plane 0.9251
1589 1618 1538 1605 1557 1536 1607 1549 plane 0.9153
2669 1578 2692 1530 2741 1554 2718 1602 plane 0.8988
1722 1354 1671 1341 1693 1262 1743 1275 plane 0.8720
1865 1186 1878 1145 1946 1167 1933 1208 plane 0.8403
3027 1545 3046 1495 3110 1518 3091 1569 plane 0.8345
1578 842 1607 793 1662 826 1632 875 plane 0.8215
862 2574 839 2533 906 2496 929 2536 plane 0.8139
1661 1477 1609 1460 1635 1384 1687 1401 plane 0.7988
1906 1083 1919 1039 1972 1055 1959 1099 plane 0.7378
3549 2044 3559 1992 3611 2003 3601 2054 plane 0.7315
327 330 272 316 288 254 342 268 plane 0.7294
1621 1546 1579 1530 1603 1468 1646 1485 plane 0.7275
1249 2232 1209 2209 1246 2142 1287 2164 plane 0.6540
1199 728 1208 671 1265 680 1256 737 plane 0.5932
2755 1618 2711 1596 2737 1544 2781 1566 plane 0.5585
1474 1835 1428 1812 1459 1749 1505 1772 plane 0.5261
2659 1350 2672 1309 2747 1331 2735 1372 plane 0.5175
2260 1866 2204 1860 2211 1792 2268 1799 plane 0.4570
918 2533 905 2499 986 2468 999 2502 plane 0.4338
1200 2313 1157 2299 1171 2253 1214 2267 plane 0.4322
1346 1735 1303 1721 1324 1660 1367 1675 plane 0.3657
2678 1585 2628 1571 2644 1512 2694 1526 plane 0.3427
3488 1998 3440 1982 3460 1923 3507 1939 plane 0.2002
1197 725 1158 708 1178 662 1217 678 plane 0.1707
1374 1496 1334 1479 1359 1423 1399 1440 plane 0.1127
2528 1480 2543 1437 2607 1459 2593 1501 plane 0.1108
1499 1766 1463 1749 1496 1680 1532 1697 plane 0.1042
