694 326 715 326 715 375 694 375 tennis-court 0.9233
663 326 686 326 687 373 664 374 tennis-court 0.8818
640 450 618 449 620 404 642 405 tennis-court 0.8290
608 451 586 450 590 404 612 406 tennis-court 0.3692
578 330 556 329 558 283 581 284 tennis-court 0.2925
522 399 549 399 549 451 522 451 tennis-court 0.1542
1633 687 1452 682 1458 495 1638 500 roundabout 0.9764
1690 136 1689 117 1716 116 1717 135 swimming-pool 0.9355
651 258 628 257 630 207 652 208 swimming-pool 0.9323
586 1248 561 1242 567 1216 592 1222 swimming-pool 0.8680
335 960 319 953 329 929 346 936 swimming-pool 0.6904
344 872 340 856 363 851 366 867 swimming-pool 0.6832
886 583 881 565 913 556 918 574 swimming-pool 0.6533
219 1084 211 1067 250 1049 258 1066 swimming-pool 0.4004
545 453 518 451 522 397 549 398 swimming-pool 0.3997
790 1076 798 1058 826 1070 818 1087 swimming-pool 0.2101
607 451 585 449 589 401 611 403 swimming-pool 0.1838
579 331 556 330 560 282 583 284 swimming-pool 0.1766
636 1149 644 1129 670 1140 662 1160 swimming-pool 0.1727
572 869 569 849 601 845 604 864 swimming-pool 0.1446
429 1077 429 1050 460 1050 459 1077 swimming-pool 0.1304
306 1239 299 1226 324 1214 330 1227 swimming-pool 0.1199
