317 396 303 367 346 347 360 375 plane 0.9994
904 576 891 550 931 531 944 556 plane 0.9988
648 681 633 652 676 631 690 660 plane 0.9984
608 434 595 406 634 388 647 415 plane 0.9983
655 413 643 388 682 370 693 396 plane 0.9983
699 659 687 634 728 616 739 641 plane 0.9981
855 597 841 571 881 551 894 576 plane 0.9980
197 232 226 219 245 263 216 275 plane 0.9978
803 617 791 590 830 573 842 599 plane 0.9973
596 702 583 671 625 653 638 684 plane 0.9971
543 724 530 693 573 675 586 707 plane 0.9967
747 637 738 610 778 597 787 623 plane 0.9967
396 649 384 623 422 606 434 632 plane 0.9964
955 555 943 529 984 510 996 536 plane 0.9964
702 393 690 368 730 349 742 374 plane 0.9963
141 95 168 82 187 120 160 133 plane 0.9960
364 371 354 348 391 333 401 356 plane 0.9953
815 478 803 451 843 433 855 460 plane 0.9952
439 766 427 732 473 716 485 750 plane 0.9950
178 192 206 176 226 211 198 227 plane 0.9945
275 413 261 389 297 369 310 392 plane 0.9942
815 345 804 320 845 303 856 328 plane 0.9935
413 354 401 330 438 313 449 337 plane 0.9933
350 763 338 737 377 719 389 745 plane 0.9925
517 469 505 444 543 426 555 450 plane 0.9923
735 540 763 525 783 563 755 578 plane 0.9916
721 514 709 488 749 471 760 497 plane 0.9912
909 438 897 410 939 393 950 422 plane 0.9883
1042 789 1071 773 1089 805 1060 821 plane 0.9870
443 498 431 474 471 456 482 480 plane 0.9789
111 3 134 -2 142 25 118 32 plane 0.7308
111 564 121 559 130 580 120 585 small-vehicle 0.6610
75 577 85 572 95 592 85 597 small-vehicle 0.5842
126 556 136 551 147 571 136 576 small-vehicle 0.5485
18 704 13 694 34 685 39 695 small-vehicle 0.5233
40 577 36 566 58 556 63 567 small-vehicle 0.5026
65 581 75 575 85 595 75 600 small-vehicle 0.4805
97 570 109 565 117 584 105 589 small-vehicle 0.4377
47 587 42 577 62 568 66 578 small-vehicle 0.3967
139 549 149 545 159 567 148 572 small-vehicle 0.3720
103 725 100 715 124 706 128 716 small-vehicle 0.3341
149 546 161 541 169 562 157 567 small-vehicle 0.2881
20 511 17 501 36 495 39 504 small-vehicle 0.2629
31 732 26 721 47 713 52 724 small-vehicle 0.2544
39 754 36 742 59 735 63 746 small-vehicle 0.2331
200 606 195 597 215 586 220 595 small-vehicle 0.2103
115 748 111 736 133 729 137 740 small-vehicle 0.2091
316 203 329 198 340 226 328 231 small-vehicle 0.1954
22 526 18 514 40 506 44 518 small-vehicle 0.1922
124 635 119 625 140 615 145 625 small-vehicle 0.1920
95 753 93 742 115 736 117 747 small-vehicle 0.1713
186 576 181 564 205 555 209 566 small-vehicle 0.1495
295 211 305 208 314 233 304 236 small-vehicle 0.1315
114 616 116 603 141 606 139 619 small-vehicle 0.1290
18 757 15 747 35 739 39 749 small-vehicle 0.1214
5 613 1 600 23 594 27 606 small-vehicle 0.1043
68 671 64 661 91 649 95 659 large-vehicle 0.7059
