1292 568 1356 553 1372 629 1309 643 plane 0.9929
1897 666 1980 651 1996 736 1912 751 plane 0.9905
3452 313 3528 310 3532 392 3456 395 plane 0.9749
3573 320 3640 316 3644 391 3577 395 plane 0.9717
2443 764 2434 689 2510 681 2518 755 plane 0.9712
1678 576 1673 515 1738 510 1743 571 plane 0.9660
4517 814 4592 809 4599 903 4524 908 plane 0.9581
1451 748 1509 739 1519 802 1462 812 plane 0.9360
1232 657 1292 657 1293 734 1232 734 plane 0.9278
1600 469 1603 402 1689 405 1686 472 plane 0.9208
3421 497 3421 442 3517 442 3516 497 plane 0.9016
1742 506 1808 506 1808 576 1742 577 plane 0.8942
1023 418 1085 416 1088 480 1026 482 plane 0.8906
1832 456 1827 400 1906 392 1912 448 plane 0.8881
3799 589 3790 536 3852 526 3861 578 plane 0.8758
1935 574 1866 572 1868 504 1936 505 plane 0.8514
1686 707 1683 624 1772 620 1775 703 plane 0.8008
1806 634 1808 560 1882 562 1880 636 plane 0.7710
3564 494 3564 440 3649 439 3650 493 plane 0.7606
3728 489 3729 437 3831 438 3830 490 plane 0.7505
4419 822 4419 755 4499 756 4498 823 plane 0.6669
1673 378 1734 375 1737 441 1676 444 plane 0.6377
1553 577 1552 519 1628 517 1630 575 plane 0.6260
872 564 933 561 937 644 876 647 plane 0.5882
3605 590 3605 538 3710 538 3710 589 plane 0.5523
1514 671 1518 615 1595 621 1590 677 plane 0.5430
1445 680 1446 622 1527 623 1526 682 plane 0.4870
1420 576 1417 526 1509 521 1511 571 plane 0.4514
1234 535 1289 534 1292 631 1236 633 plane 0.3933
2736 428 2731 389 2825 377 2830 416 plane 0.3904
1104 667 1042 662 1052 537 1114 542 plane 0.3345
928 559 873 558 876 451 931 452 plane 0.3311
2548 797 2557 711 2646 720 2638 806 plane 0.3197
1506 720 1561 718 1564 787 1509 789 plane 0.3103
1811 764 1811 692 1892 693 1891 765 plane 0.3072
4346 823 4344 765 4424 762 4426 820 plane 0.2449
4512 909 4448 908 4449 840 4514 842 plane 0.2381
1599 686 1600 618 1673 619 1672 687 plane 0.1849
1190 637 1128 627 1150 488 1212 498 plane 0.1829
1476 477 1474 426 1549 423 1551 474 plane 0.1755
2548 676 2555 605 2631 612 2624 684 plane 0.1529
1820 728 1756 724 1760 649 1825 653 plane 0.1440
3151 732 3091 730 3093 654 3153 655 plane 0.1440
2243 689 2297 687 2299 769 2245 770 plane 0.1102
316 817 316 757 443 757 443 817 large-vehicle 0.1114
