4179 558 4248 556 4250 633 4181 635 plane 0.9966
2760 990 2682 980 2693 895 2771 905 plane 0.9955
4177 451 4176 384 4244 382 4246 449 plane 0.9949
2651 706 2636 615 2732 599 2747 690 plane 0.9948
2506 653 2591 642 2602 735 2518 745 plane 0.9939
2691 1000 2596 994 2603 885 2698 891 plane 0.9917
3027 781 3105 771 3117 866 3040 876 plane 0.9838
1522 417 1523 344 1601 345 1600 418 plane 0.9824
587 1058 585 1001 650 999 652 1056 plane 0.9822
2543 953 2538 882 2611 877 2616 949 plane 0.9807
4202 785 4189 717 4261 704 4273 772 plane 0.9788
1080 516 1079 458 1145 457 1146 515 plane 0.9767
997 1054 989 992 1057 983 1065 1045 plane 0.9725
1426 842 1488 837 1496 920 1434 926 plane 0.9709
1073 966 1145 963 1149 1043 1077 1047 plane 0.9689
1165 736 1216 732 1221 794 1170 798 plane 0.9673
499 1066 493 999 571 992 577 1059 plane 0.9613
2357 897 2350 840 2423 831 2429 888 plane 0.9613
3931 550 3877 546 3883 464 3937 468 plane 0.9490
2844 646 2913 645 2915 726 2846 727 plane 0.9481
289 732 338 718 353 771 304 786 plane 0.8943
696 1060 646 1056 652 995 702 1000 plane 0.8915
2853 902 2906 900 2908 961 2855 963 plane 0.8878
1056 797 1004 794 1008 732 1059 735 plane 0.8841
388 959 401 900 470 916 457 974 plane 0.8809
695 752 749 748 753 811 700 815 plane 0.8707
2430 755 2369 752 2374 656 2435 660 plane 0.8415
1500 619 1447 619 1447 554 1500 554 plane 0.7972
377 798 429 781 450 845 398 862 plane 0.7728
277 830 328 825 334 879 283 884 plane 0.7722
1129 697 1127 635 1192 634 1194 695 plane 0.7431
383 729 392 681 443 691 433 739 plane 0.7410
1482 416 1538 414 1542 510 1487 513 plane 0.7386
46 697 60 652 109 667 95 712 plane 0.7278
1515 810 1452 807 1456 720 1519 723 plane 0.6169
3880 607 3940 607 3940 692 3880 692 plane 0.5468
3103 790 3035 788 3038 680 3107 682 plane 0.5322
1335 762 1392 761 1394 899 1337 899 plane 0.5067
3846 376 3793 372 3798 303 3851 307 plane 0.4998
1302 928 1248 926 1251 829 1306 831 plane 0.4521
3807 847 3793 780 3867 765 3881 832 plane 0.4271
510 758 564 757 567 844 512 845 plane 0.3601
328 797 342 754 397 772 384 814 plane 0.2497
309 633 264 633 264 583 309 583 plane 0.2385
3284 862 3225 858 3231 761 3290 765 plane 0.2032
2908 570 2968 567 2972 639 2912 642 plane 0.1915
2036 937 2033 895 2110 890 2112 932 plane 0.1199
1301 814 1243 813 1243 730 1302 730 plane 0.1083
2069 751 2066 716 2170 708 2172 743 large-vehicle 0.1035
