257 480 327 479 327 553 258 553 plane 0.9998
387 1193 329 1192 330 1130 388 1131 plane 0.9997
421 389 368 386 372 325 425 328 plane 0.9994
336 490 380 489 382 547 338 548 plane 0.9993
339 722 252 686 293 586 380 622 plane 0.9992
280 704 212 702 213 624 281 625 plane 0.9991
267 394 269 319 348 321 346 396 plane 0.9989
331 1099 331 1045 387 1044 387 1099 plane 0.9989
962 1253 912 1232 933 1182 983 1203 plane 0.9987
462 1362 386 1350 400 1263 476 1275 plane 0.9986
990 1060 927 1059 929 994 991 995 plane 0.9985
618 762 536 570 759 475 841 667 plane 0.9985
709 991 716 930 780 938 773 999 plane 0.9984
188 533 189 482 251 483 250 534 plane 0.9982
189 375 193 324 251 329 246 380 plane 0.9981
344 722 377 720 379 771 346 772 plane 0.9981
627 183 701 180 705 268 631 271 plane 0.9981
1020 990 960 990 960 924 1020 924 plane 0.9981
294 1181 346 1176 350 1232 299 1236 plane 0.9980
913 920 961 920 961 979 913 979 plane 0.9979
390 1296 339 1295 341 1241 392 1242 plane 0.9977
672 534 698 489 745 516 719 561 plane 0.9937
1009 933 1058 933 1058 995 1010 995 plane 0.9934
344 851 374 849 377 892 347 895 plane 0.9905
339 1239 339 1191 392 1191 393 1238 plane 0.9878
800 710 746 704 752 645 806 650 plane 0.9849
344 808 371 807 374 855 346 857 plane 0.9834
422 1300 363 1261 407 1196 465 1236 plane 0.9804
905 1250 933 1249 935 1286 907 1287 plane 0.9794
350 766 374 766 375 804 351 804 plane 0.9617
376 401 329 400 331 351 378 352 plane 0.8109
31 630 32 616 81 619 80 633 large-vehicle 0.4994
34 647 34 634 79 636 78 649 large-vehicle 0.3258
934 1323 947 1323 947 1369 935 1369 large-vehicle 0.1434
