934 354 942 345 992 395 984 403 large-vehicle 0.9753
585 843 572 832 616 779 629 790 large-vehicle 0.9669
740 832 741 804 774 806 772 834 large-vehicle 0.9498
1067 1199 1055 1193 1085 1126 1098 1132 large-vehicle 0.9493
801 628 813 619 851 669 839 678 large-vehicle 0.9008
550 635 561 625 609 675 598 686 large-vehicle 0.8930
337 840 313 828 342 774 366 787 large-vehicle 0.8905
984 638 993 629 1050 682 1042 691 large-vehicle 0.8866
676 524 665 514 719 458 730 468 large-vehicle 0.8863
765 349 775 339 838 398 828 408 large-vehicle 0.8847
254 1317 244 1308 290 1256 300 1265 large-vehicle 0.8720
458 672 467 664 517 718 507 727 large-vehicle 0.8639
839 515 829 507 872 455 882 463 large-vehicle 0.8467
1028 585 1014 574 1059 514 1073 524 large-vehicle 0.8436
1294 699 1297 687 1345 701 1342 712 large-vehicle 0.8317
637 504 625 497 652 453 664 460 large-vehicle 0.8307
802 901 793 894 818 863 827 870 large-vehicle 0.8280
463 841 454 834 501 780 510 787 large-vehicle 0.8272
508 627 517 618 567 669 558 678 large-vehicle 0.8229
1127 1170 1115 1164 1134 1130 1146 1136 large-vehicle 0.8175
1052 1343 1041 1333 1097 1275 1108 1286 large-vehicle 0.8079
700 1195 707 1186 763 1228 755 1238 large-vehicle 0.8074
479 842 468 834 512 781 523 789 large-vehicle 0.7825
478 670 486 661 549 719 541 727 large-vehicle 0.7739
1317 495 1304 489 1335 416 1349 422 large-vehicle 0.7718
605 624 616 613 670 670 660 680 large-vehicle 0.7620
599 878 593 862 638 844 644 860 large-vehicle 0.7608
716 357 725 349 774 400 765 409 large-vehicle 0.7574
730 1008 739 999 787 1052 778 1060 large-vehicle 0.7521
1128 1341 1111 1330 1145 1276 1161 1287 large-vehicle 0.7466
981 1014 989 1007 1032 1051 1024 1058 large-vehicle 0.7436
501 959 515 950 538 989 524 997 large-vehicle 0.7359
1057 241 1062 228 1132 253 1127 267 large-vehicle 0.7351
1056 685 1064 677 1122 735 1114 743 large-vehicle 0.7301
731 349 740 341 793 399 785 407 large-vehicle 0.7288
407 672 416 663 469 718 460 727 large-vehicle 0.7243
1022 696 1030 688 1081 735 1073 743 large-vehicle 0.7236
831 1179 819 1167 880 1103 893 1115 large-vehicle 0.7221
1282 401 1268 395 1296 330 1310 336 large-vehicle 0.7158
371 948 380 940 411 974 402 983 large-vehicle 0.7127
445 671 453 663 498 713 489 721 large-vehicle 0.7106
1600 620 1608 610 1664 656 1657 665 large-vehicle 0.6985
1189 327 1200 322 1233 391 1223 396 large-vehicle 0.6964
820 632 828 623 882 673 874 682 large-vehicle 0.6863
850 348 859 341 901 390 892 397 large-vehicle 0.6828
917 579 907 569 961 513 971 523 large-vehicle 0.6818
850 522 840 512 887 462 897 472 large-vehicle 0.6725
637 957 649 949 685 1001 674 1009 large-vehicle 0.6671
669 889 652 885 660 850 677 854 large-vehicle 0.6669
983 514 973 505 1019 456 1028 465 large-vehicle 0.6652
502 672 514 662 561 717 550 727 large-vehicle 0.6646
862 350 871 342 916 390 907 398 large-vehicle 0.6578
1066 575 1056 564 1115 511 1125 522 large-vehicle 0.6451
390 943 398 935 427 969 418 976 large-vehicle 0.6349
576 1180 565 1173 606 1116 616 1123 large-vehicle 0.6287
1292 1203 1277 1199 1294 1136 1309 1140 large-vehicle 0.6283
955 504 944 495 971 462 982 471 large-vehicle 0.6245
327 635 316 630 334 590 345 595 large-vehicle 0.6210
561 682 572 673 625 738 615 747 large-vehicle 0.6186
268 1332 256 1323 304 1264 316 1274 large-vehicle 0.6168
884 353 893 345 936 398 927 405 large-vehicle 0.6111
1870 864 1851 863 1853 780 1872 781 large-vehicle 0.6089
373 1311 369 1296 417 1283 420 1298 large-vehicle 0.6063
816 1333 806 1326 834 1289 844 1296 large-vehicle 0.6058
455 397 445 390 485 335 495 343 large-vehicle 0.6058
1038 686 1045 680 1100 734 1093 741 large-vehicle 0.6043
566 954 586 949 597 994 578 999 large-vehicle 0.6028
444 846 434 838 484 782 494 791 large-vehicle 0.6026
641 353 648 345 696 390 688 398 large-vehicle 0.5859
651 508 637 499 662 457 677 466 large-vehicle 0.5796
875 1015 883 1007 923 1049 914 1057 large-vehicle 0.5724
977 355 986 347 1035 396 1026 404 large-vehicle 0.5639
362 885 351 876 392 829 403 838 large-vehicle 0.5631
1282 665 1285 655 1334 672 1331 682 large-vehicle 0.5621
150 1167 155 1151 238 1177 233 1193 large-vehicle 0.5616
1279 1511 1271 1504 1304 1466 1312 1473 large-vehicle 0.5594
123 1227 124 1214 205 1220 204 1233 large-vehicle 0.5414
795 351 802 343 855 394 848 402 large-vehicle 0.5412
975 645 982 637 1035 684 1027 692 large-vehicle 0.5402
811 350 818 342 869 389 862 397 large-vehicle 0.5360
348 1174 337 1168 371 1109 381 1115 large-vehicle 0.5354
907 688 918 679 958 730 946 739 large-vehicle 0.5310
748 1177 759 1162 858 1234 847 1249 large-vehicle 0.5304
705 362 715 353 759 401 748 410 large-vehicle 0.5243
297 1173 288 1166 324 1114 334 1121 large-vehicle 0.5170
780 1597 764 1594 777 1538 793 1542 large-vehicle 0.5124
491 966 501 959 529 997 518 1004 large-vehicle 0.5124
595 626 605 618 650 667 641 676 large-vehicle 0.5117
1314 744 1320 732 1368 754 1363 766 large-vehicle 0.5116
443 1179 433 1174 465 1112 476 1118 large-vehicle 0.5105
945 680 955 672 997 726 987 734 large-vehicle 0.5103
333 879 322 870 354 830 364 838 large-vehicle 0.5070
1260 777 1246 777 1248 689 1262 689 large-vehicle 0.5028
944 568 936 559 986 511 994 520 large-vehicle 0.5021
465 969 490 953 538 1029 513 1045 large-vehicle 0.4936
1243 1224 1227 1220 1242 1157 1259 1162 large-vehicle 0.4871
518 1334 508 1325 542 1288 552 1297 large-vehicle 0.4863
870 525 858 516 898 468 909 477 large-vehicle 0.4844
1553 1033 1565 1028 1584 1075 1572 1080 large-vehicle 0.4819
1308 1583 1297 1574 1326 1539 1338 1549 large-vehicle 0.4780
751 1196 758 1188 807 1227 800 1235 large-vehicle 0.4745
1306 1206 1292 1202 1309 1142 1323 1146 large-vehicle 0.4730
991 964 999 957 1044 1006 1037 1012 large-vehicle 0.4651
743 349 752 340 812 399 803 408 large-vehicle 0.4650
667 682 677 673 719 725 709 733 large-vehicle 0.4551
393 1320 388 1307 429 1291 434 1304 large-vehicle 0.4527
857 969 863 963 902 1001 895 1008 large-vehicle 0.4510
390 1204 396 1194 440 1221 434 1230 large-vehicle 0.4501
583 690 592 681 639 728 630 737 large-vehicle 0.4486
659 514 647 505 687 453 699 463 large-vehicle 0.4474
671 1182 659 1173 705 1115 717 1125 large-vehicle 0.4462
373 837 358 827 391 776 406 785 large-vehicle 0.4455
357 1313 349 1303 387 1275 394 1285 large-vehicle 0.4439
930 686 944 680 964 727 950 733 large-vehicle 0.4390
971 510 963 503 1006 455 1015 462 large-vehicle 0.4347
1526 114 1529 97 1592 107 1589 124 large-vehicle 0.4311
1156 450 1159 441 1230 463 1227 473 large-vehicle 0.4308
1116 1166 1103 1158 1121 1128 1134 1135 large-vehicle 0.4302
739 510 735 480 790 472 794 503 large-vehicle 0.4049
455 1177 444 1171 475 1116 485 1121 large-vehicle 0.3984
117 1199 120 1185 204 1202 202 1215 large-vehicle 0.3953
1033 1018 1042 1011 1075 1052 1066 1059 large-vehicle 0.3877
624 1187 611 1178 651 1119 664 1127 large-vehicle 0.3871
395 884 388 877 435 828 442 834 large-vehicle 0.3863
549 1194 556 1184 608 1217 602 1227 large-vehicle 0.3662
534 360 549 353 571 396 557 404 large-vehicle 0.3643
1020 852 1009 842 1057 793 1067 803 large-vehicle 0.3615
1222 1150 1208 1146 1221 1097 1236 1101 large-vehicle 0.3528
1004 514 992 504 1030 458 1042 469 large-vehicle 0.3500
1423 737 1417 723 1456 707 1462 720 large-vehicle 0.3324
699 1191 682 1179 739 1101 756 1113 large-vehicle 0.3303
890 571 875 558 955 462 970 475 large-vehicle 0.3213
1350 1228 1334 1228 1336 1148 1353 1149 large-vehicle 0.3202
495 629 506 621 549 673 539 681 large-vehicle 0.3202
515 1017 523 1010 566 1054 558 1062 large-vehicle 0.3193
561 510 551 502 588 458 597 466 large-vehicle 0.3187
318 998 328 989 373 1040 363 1049 large-vehicle 0.3125
852 572 840 559 927 474 940 486 large-vehicle 0.3123
1155 433 1159 423 1224 448 1221 458 large-vehicle 0.3055
897 349 907 342 943 391 934 398 large-vehicle 0.3043
831 350 839 342 887 387 879 395 large-vehicle 0.3031
658 1346 646 1334 696 1284 707 1296 large-vehicle 0.3011
627 690 636 681 667 714 657 723 large-vehicle 0.2932
1297 1554 1286 1545 1319 1503 1330 1511 large-vehicle 0.2884
890 521 880 513 913 470 923 478 large-vehicle 0.2847
419 616 429 606 475 652 466 661 large-vehicle 0.2811
992 569 982 559 1026 511 1036 521 large-vehicle 0.2795
312 1182 296 1171 347 1095 362 1105 large-vehicle 0.2753
735 702 745 694 770 732 759 739 large-vehicle 0.2620
464 1174 455 1169 488 1115 497 1120 large-vehicle 0.2584
400 1172 387 1166 417 1111 429 1117 large-vehicle 0.2562
577 629 586 620 635 672 625 681 large-vehicle 0.2541
690 1578 671 1574 679 1525 698 1528 large-vehicle 0.2421
1074 817 1060 811 1072 782 1086 789 large-vehicle 0.2405
619 856 593 842 615 801 641 815 large-vehicle 0.2391
954 644 972 629 1040 709 1022 725 large-vehicle 0.2306
360 1177 350 1171 385 1116 395 1123 large-vehicle 0.2284
966 676 990 666 1022 742 997 752 large-vehicle 0.2218
1389 661 1382 647 1417 632 1423 645 large-vehicle 0.2166
792 1002 812 997 819 1026 799 1031 large-vehicle 0.2154
733 1193 718 1182 773 1105 788 1116 large-vehicle 0.2140
663 692 676 685 698 726 686 733 large-vehicle 0.2108
1160 1338 1148 1332 1163 1302 1175 1308 large-vehicle 0.2106
996 354 1007 346 1043 395 1033 402 large-vehicle 0.2054
642 363 649 357 684 395 677 402 large-vehicle 0.2011
593 508 582 499 625 451 635 461 large-vehicle 0.1960
816 1215 821 1206 852 1221 847 1231 large-vehicle 0.1872
1086 1219 1063 1209 1100 1122 1122 1132 large-vehicle 0.1865
524 963 562 950 585 1017 547 1030 large-vehicle 0.1849
744 89 732 68 753 55 765 76 large-vehicle 0.1818
694 546 690 510 765 501 769 537 large-vehicle 0.1778
1069 746 1071 725 1092 727 1090 748 large-vehicle 0.1776
389 830 379 821 413 781 423 790 large-vehicle 0.1764
622 465 620 453 655 447 657 459 large-vehicle 0.1749
961 1341 953 1334 994 1293 1001 1301 large-vehicle 0.1718
573 510 565 502 605 458 613 466 large-vehicle 0.1591
345 1161 334 1156 362 1102 372 1108 large-vehicle 0.1570
1405 1574 1393 1566 1419 1526 1431 1534 large-vehicle 0.1483
646 1228 652 1216 677 1229 671 1241 large-vehicle 0.1367
949 1326 939 1317 971 1282 982 1291 large-vehicle 0.1313
1370 1520 1359 1512 1386 1473 1397 1481 large-vehicle 0.1310
601 947 626 938 653 1012 628 1021 large-vehicle 0.1295
857 641 916 610 966 705 907 736 large-vehicle 0.1247
476 874 457 855 521 791 540 809 large-vehicle 0.1192
1763 552 1769 538 1807 555 1801 569 large-vehicle 0.1184
873 702 881 695 915 734 907 741 large-vehicle 0.1148
735 688 741 681 780 716 775 723 large-vehicle 0.1111
441 678 450 673 478 719 469 724 large-vehicle 0.1105
960 356 969 348 1011 394 1003 402 large-vehicle 0.1079
972 556 964 547 996 515 1005 524 large-vehicle 0.1026
1710 515 1710 496 1734 496 1734 515 large-vehicle 0.1021
442 945 456 938 473 969 459 977 large-vehicle 0.1018
825 564 753 536 785 455 856 483 large-vehicle 0.1002
707 1589 693 1585 708 1537 722 1542 ship 0.5485
650 1565 631 1561 642 1520 661 1524 ship 0.3697
687 1575 670 1570 682 1521 699 1525 ship 0.2437
745 1591 723 1589 727 1533 750 1535 ship 0.2420
1392 1540 1378 1532 1396 1496 1411 1504 ship 0.1569
590 1540 573 1536 584 1483 601 1487 ship 0.1200
