703 873 665 809 731 771 768 835 baseball-diamond 0.8343
662 897 709 886 723 945 675 956 baseball-diamond 0.4495
340 603 437 503 665 723 568 823 ground-track-field 0.9932
752 757 767 749 782 778 768 786 small-vehicle 0.4277
863 305 872 300 882 318 874 323 small-vehicle 0.3775
856 693 864 689 876 713 868 717 large-vehicle 0.2060
865 305 873 300 883 318 874 322 large-vehicle 0.1947
259 458 265 455 277 477 271 480 large-vehicle 0.1637
348 509 365 497 386 529 369 540 tennis-court 0.9934
339 440 360 428 379 463 358 475 tennis-court 0.9932
313 452 331 441 354 479 336 490 tennis-court 0.9906
372 494 394 482 413 517 391 530 tennis-court 0.9768
848 850 830 833 849 810 868 827 tennis-court 0.8496
805 780 790 759 825 734 840 755 tennis-court 0.7043
849 806 869 794 887 825 867 837 tennis-court 0.2631
827 821 811 803 847 771 863 789 basketball-court 0.9489
819 799 801 778 833 750 851 770 basketball-court 0.8055
843 839 827 827 851 796 867 809 basketball-court 0.2396
389 605 474 540 618 729 532 794 soccer-ball-field 0.8223
