508 271 569 262 579 325 517 334 baseball-diamond 0.9959
296 213 288 135 368 127 376 205 baseball-diamond 0.9902
171 610 303 583 370 908 237 935 ground-track-field 0.9959
399 316 396 310 413 300 417 305 large-vehicle 0.8831
408 102 408 93 434 91 434 100 large-vehicle 0.5892
380 107 379 99 403 96 404 105 large-vehicle 0.5507
420 345 413 344 416 321 424 322 large-vehicle 0.3007
540 156 530 156 530 128 540 128 large-vehicle 0.2326
428 345 419 344 423 323 432 324 large-vehicle 0.1566
655 268 635 268 636 226 656 226 tennis-court 0.9972
652 336 631 336 632 291 653 292 tennis-court 0.9965
625 268 605 267 607 225 627 225 tennis-court 0.9964
621 334 601 333 603 289 623 290 tennis-court 0.9961
685 311 665 310 667 266 687 267 tennis-court 0.9898
712 310 693 309 694 270 713 270 tennis-court 0.1458
252 95 252 34 316 35 316 96 storage-tank 0.9877
199 678 298 654 343 837 244 861 soccer-ball-field 0.9937
