247 669 265 543 394 561 376 688 baseball-diamond 0.9945
564 419 473 415 477 317 567 320 baseball-diamond 0.9803
709 931 698 931 698 908 709 908 small-vehicle 0.4985
56 519 41 519 42 467 56 467 small-vehicle 0.2666
628 497 628 484 646 484 645 497 small-vehicle 0.1777
61 550 47 550 47 527 61 527 small-vehicle 0.1746
625 532 625 519 647 519 646 532 small-vehicle 0.1347
147 554 132 553 134 530 148 531 small-vehicle 0.1155
628 336 628 326 649 326 649 337 small-vehicle 0.1039
692 298 711 298 711 319 692 319 small-vehicle 0.1026
705 161 689 160 692 108 709 109 large-vehicle 0.3669
715 799 698 798 699 757 715 757 large-vehicle 0.1440
231 356 233 299 334 303 331 360 basketball-court 0.9956
251 409 252 364 312 365 312 410 basketball-court 0.6806
89 193 60 193 61 142 89 142 swimming-pool 0.9858
310 210 310 185 353 185 353 210 swimming-pool 0.9552
370 1005 390 994 406 1025 386 1035 swimming-pool 0.9444
320 1032 303 1026 313 998 329 1003 swimming-pool 0.8946
98 1047 99 1022 141 1024 140 1048 swimming-pool 0.8599
474 1040 475 1023 505 1024 504 1042 swimming-pool 0.6421
