184 129 184 117 211 117 211 129 small-vehicle 0.7922
262 177 263 166 289 169 288 180 small-vehicle 0.2996
342 44 352 44 352 61 342 62 small-vehicle 0.1885
170 599 129 599 130 513 171 513 tennis-court 0.9996
184 516 224 516 224 599 184 599 tennis-court 0.9994
183 644 224 643 224 725 184 726 tennis-court 0.9994
168 725 128 725 129 642 169 642 tennis-court 0.9992
280 597 241 596 242 515 281 515 tennis-court 0.9988
278 726 238 725 239 644 279 644 tennis-court 0.9985
436 255 351 254 352 167 438 168 swimming-pool 0.9932
