1359 1195 1387 1185 1413 1255 1385 1266 ship 0.9956
1354 931 1377 922 1404 994 1381 1003 ship 0.9918
1375 916 1401 905 1431 977 1405 988 ship 0.9914
1432 1164 1460 1153 1487 1222 1459 1233 ship 0.9880
1469 877 1497 865 1529 939 1501 951 ship 0.9854
1460 1152 1485 1142 1510 1205 1485 1214 ship 0.9809
1381 1185 1406 1174 1434 1239 1409 1250 ship 0.9799
1323 934 1350 924 1376 993 1349 1003 ship 0.9776
1523 856 1551 845 1577 912 1550 923 ship 0.9731
1509 1054 1532 1046 1549 1097 1526 1105 ship 0.9696
1483 1145 1508 1136 1534 1201 1509 1211 ship 0.9666
344 1142 310 1121 373 1018 407 1038 ship 0.9660
1789 782 1820 770 1857 862 1827 875 ship 0.9622
1410 1174 1435 1166 1457 1231 1433 1240 ship 0.9568
1606 1095 1633 1084 1659 1144 1632 1156 ship 0.9510
1421 895 1447 884 1478 954 1451 966 ship 0.9506
1482 1069 1506 1058 1528 1109 1504 1119 ship 0.9487
1315 1205 1340 1196 1360 1251 1334 1260 ship 0.9389
1259 1153 1281 1146 1296 1193 1273 1200 ship 0.9360
1590 1017 1620 1007 1639 1067 1609 1077 ship 0.9214
1208 988 1237 979 1258 1047 1229 1056 ship 0.9183
1213 1168 1237 1159 1258 1213 1234 1223 ship 0.9178
1416 1080 1443 1069 1466 1126 1439 1137 ship 0.9111
1189 910 1211 901 1229 946 1207 955 ship 0.9087
1565 1032 1592 1026 1603 1072 1576 1079 ship 0.9069
1296 1135 1323 1125 1342 1178 1315 1188 ship 0.9064
1210 823 1183 803 1259 699 1286 719 ship 0.8733
1303 861 1332 853 1347 903 1318 912 ship 0.8639
1390 1103 1419 1090 1440 1137 1411 1150 ship 0.8255
1646 1058 1674 1045 1714 1132 1686 1145 ship 0.8088
1359 844 1381 836 1397 883 1376 890 ship 0.7801
1422 824 1448 814 1468 865 1442 875 ship 0.7337
1489 1362 1516 1358 1525 1409 1497 1414 ship 0.7199
1086 764 1114 757 1133 832 1105 839 ship 0.7083
1178 996 1198 989 1214 1036 1195 1042 ship 0.6956
1656 1322 1675 1313 1691 1348 1672 1357 ship 0.6764
1554 763 1578 752 1602 807 1578 818 ship 0.6484
1442 1080 1465 1069 1487 1119 1464 1130 ship 0.6425
1259 964 1282 955 1297 994 1274 1003 ship 0.5986
1607 823 1635 812 1661 877 1634 888 ship 0.5745
1230 1237 1261 1230 1275 1288 1243 1295 ship 0.5113
1659 1025 1695 1010 1738 1114 1703 1129 ship 0.4974
1531 1363 1559 1357 1568 1406 1541 1411 ship 0.4707
1513 788 1531 779 1557 827 1539 837 ship 0.3629
1107 1053 1127 1036 1200 1125 1179 1142 ship 0.3217
1320 1130 1341 1121 1361 1169 1340 1178 ship 0.3042
1590 751 1615 743 1630 792 1604 800 ship 0.2300
302 1075 287 1062 345 995 360 1009 ship 0.2133
1582 1445 1569 1410 1782 1327 1796 1361 ship 0.1930
1219 435 1219 349 1305 349 1305 435 roundabout 0.9850
304 359 303 274 391 273 392 357 roundabout 0.9813
1240 1321 1185 1207 1671 975 1726 1090 harbor 0.9966
1151 1100 1087 953 1601 727 1665 874 harbor 0.9921
1399 1581 1365 1504 1826 1298 1860 1376 harbor 0.7958
2024 1307 1992 1241 2200 1139 2232 1205 harbor 0.2462
1118 1058 1139 1045 1197 1134 1177 1148 harbor 0.2400
1359 1515 1333 1465 1581 1332 1608 1383 harbor 0.2267
