2292 2686 2314 2670 2363 2738 2342 2754 bridge 0.2702
2391 2810 2412 2787 2498 2868 2476 2891 ship 0.8885
2404 2792 2423 2768 2529 2851 2510 2875 ship 0.7626
2556 2933 2526 2908 2633 2783 2662 2808 ship 0.6170
2396 2745 2431 2707 2576 2841 2541 2879 ship 0.5533
1709 1696 1590 1695 1591 1574 1710 1575 storage-tank 0.9991
1485 1367 1611 1365 1614 1492 1488 1494 storage-tank 0.9990
2107 1520 2196 1519 2197 1609 2107 1610 storage-tank 0.9976
2222 1903 2164 1903 2164 1844 2222 1844 storage-tank 0.9975
1710 1181 1609 1177 1614 1068 1714 1072 storage-tank 0.9971
2013 2015 1952 2014 1953 1950 2013 1950 storage-tank 0.9963
2296 1560 2209 1560 2209 1464 2296 1464 storage-tank 0.9963
1760 1815 1703 1815 1703 1754 1761 1755 storage-tank 0.9955
1280 1401 1160 1399 1162 1276 1282 1278 storage-tank 0.9950
1498 1287 1393 1286 1394 1175 1499 1176 storage-tank 0.9949
2025 1912 2083 1912 2083 1974 2025 1974 storage-tank 0.9946
1918 1591 1803 1590 1804 1470 1919 1471 storage-tank 0.9944
2172 1798 2116 1798 2116 1739 2172 1739 storage-tank 0.9932
2096 1877 2155 1876 2155 1936 2096 1936 storage-tank 0.9927
2023 1256 1932 1252 1935 1159 2027 1163 storage-tank 0.9915
1968 1815 2030 1815 2030 1879 1969 1880 storage-tank 0.9909
1956 1159 1894 1158 1895 1093 1958 1095 storage-tank 0.9908
2201 1714 2264 1713 2264 1777 2201 1778 storage-tank 0.9905
1693 1383 1695 1258 1823 1261 1821 1386 storage-tank 0.9878
2044 1776 2101 1775 2102 1834 2045 1834 storage-tank 0.9852
2052 1494 2057 1397 2154 1402 2149 1499 storage-tank 0.9735
1686 1842 1634 1841 1634 1786 1687 1787 storage-tank 0.9725
1401 1095 1299 1093 1302 989 1404 992 storage-tank 0.9666
2082 1379 1994 1377 1997 1287 2085 1289 storage-tank 0.9615
1612 993 1510 989 1514 881 1616 885 storage-tank 0.9533
1518 1939 1433 1937 1435 1844 1520 1846 storage-tank 0.9508
2239 1792 2306 1790 2308 1867 2240 1868 storage-tank 0.9341
1854 1021 1909 1021 1909 1078 1854 1078 storage-tank 0.9252
1186 1207 1067 1205 1069 1082 1188 1084 storage-tank 0.9233
2006 1690 1945 1690 1945 1628 2006 1628 storage-tank 0.8926
2199 2015 2247 2014 2249 2065 2201 2067 storage-tank 0.8649
1824 1772 1773 1772 1774 1719 1825 1719 storage-tank 0.8318
2201 2092 2150 2089 2153 2033 2205 2037 storage-tank 0.7831
2307 1622 2354 1620 2356 1673 2310 1675 storage-tank 0.6086
1690 1931 1740 1930 1741 1982 1691 1983 storage-tank 0.4043
2278 1938 2353 1937 2354 2014 2279 2015 storage-tank 0.2524
1756 2052 1799 2049 1801 2097 1758 2099 storage-tank 0.1323
2607 2231 2608 2201 2876 2210 2875 2240 harbor 0.7199
2274 2725 2311 2661 2647 2857 2609 2922 harbor 0.1600
