365 673 334 656 461 433 492 450 bridge 0.1554
425 477 417 473 439 438 447 443 ship 0.9938
216 559 220 551 257 570 252 579 ship 0.9912
518 146 520 140 558 151 557 157 ship 0.9898
216 720 210 714 232 689 238 694 ship 0.9850
219 547 222 540 260 556 257 562 ship 0.9817
295 586 287 582 306 548 313 552 ship 0.9796
245 518 249 513 275 532 271 537 ship 0.9756
222 730 216 726 239 697 245 702 ship 0.9733
463 402 458 394 491 372 496 380 ship 0.9721
528 135 530 129 563 138 561 144 ship 0.9590
226 530 229 524 266 542 263 548 ship 0.9545
513 178 514 169 553 173 552 182 ship 0.9463
221 541 223 535 263 549 261 555 ship 0.9444
511 158 513 151 556 160 554 168 ship 0.9441
522 138 523 133 563 143 562 148 ship 0.9407
529 130 530 124 565 133 564 138 ship 0.9210
531 278 524 277 529 244 536 245 ship 0.9068
246 512 250 507 285 534 281 538 ship 0.8923
236 525 239 519 271 537 268 542 ship 0.8800
514 170 515 164 553 168 552 175 ship 0.8680
514 189 505 188 507 152 516 152 ship 0.7812
430 479 426 475 449 447 453 450 ship 0.5838
510 185 510 178 557 179 556 186 ship 0.3635
538 281 529 279 537 236 546 238 ship 0.2211
435 482 431 478 451 453 456 456 ship 0.2022
519 193 519 185 551 187 551 195 ship 0.1961
450 461 453 455 474 467 470 473 ship 0.1020
582 679 582 662 601 661 602 679 roundabout 0.5329
