2426 1221 2378 1206 2461 931 2509 945 bridge 0.9505
1624 836 1637 816 1675 839 1663 860 bridge 0.6759
1450 1056 1471 933 2468 1101 2447 1224 bridge 0.2830
869 1702 797 1698 804 1568 876 1572 ground-track-field 0.9884
2087 1483 2106 1402 2256 1437 2237 1518 ground-track-field 0.9757
1613 1930 1530 1929 1530 1785 1613 1785 ground-track-field 0.9395
1848 1291 1875 1220 2046 1285 2019 1356 ground-track-field 0.9166
2255 1996 2214 1973 2267 1881 2308 1905 ground-track-field 0.6406
416 1558 497 1557 499 1642 418 1643 ground-track-field 0.1163
1622 1999 1675 1998 1677 2083 1623 2084 tennis-court 0.4838
515 1845 515 1787 597 1787 597 1845 tennis-court 0.1359
515 1578 561 1577 561 1627 515 1627 storage-tank 0.9951
576 1380 627 1379 628 1431 577 1432 storage-tank 0.9829
585 1587 641 1586 641 1647 586 1648 storage-tank 0.6270
625 1500 582 1499 584 1447 626 1448 storage-tank 0.5314
655 1575 621 1575 621 1538 655 1538 storage-tank 0.5294
649 1504 647 1448 707 1446 708 1503 storage-tank 0.2479
656 1373 709 1372 710 1430 657 1431 storage-tank 0.1833
686 1677 651 1676 651 1635 686 1636 storage-tank 0.1108
859 1673 816 1671 820 1593 863 1595 soccer-ball-field 0.9887
1544 1830 1598 1828 1601 1897 1546 1899 soccer-ball-field 0.8899
2151 1485 2170 1429 2229 1449 2210 1505 soccer-ball-field 0.7009
2255 1972 2232 1959 2266 1901 2289 1915 soccer-ball-field 0.2999
1865 1299 1883 1235 2023 1274 2005 1337 soccer-ball-field 0.2393
428 1635 424 1571 489 1566 494 1630 soccer-ball-field 0.2242
