662 819 681 812 731 935 713 942 bridge 0.8360
216 732 169 723 191 620 238 630 bridge 0.4632
938 823 965 819 978 904 951 908 bridge 0.4463
858 843 910 834 925 918 873 927 bridge 0.2860
729 857 808 844 822 933 743 946 bridge 0.1765
1577 1613 1562 1610 1566 1592 1580 1595 small-vehicle 0.1855
988 1619 976 1615 984 1592 995 1596 small-vehicle 0.1489
848 1619 837 1614 843 1598 854 1602 small-vehicle 0.1194
730 136 720 132 737 83 747 86 large-vehicle 0.2391
836 178 827 177 833 140 842 142 large-vehicle 0.1650
1349 150 1385 149 1386 190 1350 191 roundabout 0.2323
174 1520 155 1517 158 1492 177 1495 swimming-pool 0.8945
1318 296 1317 276 1339 275 1340 295 swimming-pool 0.7555
1049 1048 1063 1038 1076 1059 1062 1068 swimming-pool 0.7013
491 1087 496 1068 522 1075 517 1094 swimming-pool 0.5724
443 1220 448 1207 471 1217 466 1230 swimming-pool 0.3666
