51 1314 70 1313 70 1433 51 1433 bridge 0.1292
841 148 876 147 878 220 843 221 tennis-court 0.4937
841 239 810 238 814 146 845 147 tennis-court 0.4433
834 489 833 441 889 439 890 487 tennis-court 0.3574
228 1433 198 1433 198 1377 228 1377 tennis-court 0.1405
840 236 810 235 811 154 842 155 basketball-court 0.1026
788 266 703 265 704 140 789 141 soccer-ball-field 0.8034
51 1312 138 1310 141 1432 54 1434 soccer-ball-field 0.2978
743 317 806 317 806 435 744 435 soccer-ball-field 0.1258
638 585 638 545 680 544 680 584 roundabout 0.3967
51 1314 70 1313 70 1433 51 1433 harbor 0.2039
