444 734 436 709 469 698 478 722 plane 0.1039
1730 2012 1749 1963 1835 1997 1815 2045 ground-track-field 0.2506
407 892 565 892 565 1088 408 1088 storage-tank 0.1150
1878 1551 1788 1548 1791 1454 1881 1457 roundabout 0.9876
2040 317 1953 316 1954 220 2040 221 roundabout 0.9789
1687 1919 1594 1914 1599 1821 1692 1826 roundabout 0.8944
565 1098 394 1092 403 877 574 883 roundabout 0.4148
1697 1849 1587 1848 1589 1657 1699 1658 roundabout 0.3942
1667 1667 1662 1525 1848 1518 1853 1660 roundabout 0.3917
1487 927 1492 852 1568 857 1563 931 roundabout 0.2027
659 665 767 654 784 808 675 819 roundabout 0.1853
