126 106 104 86 123 64 146 83 plane 0.3678
2198 966 2179 966 2179 894 2198 894 large-vehicle 0.4705
237 2306 246 2297 291 2345 281 2354 large-vehicle 0.3038
896 499 885 490 909 459 920 468 large-vehicle 0.2057
1998 967 2004 949 2058 966 2052 984 large-vehicle 0.2036
260 2289 270 2279 315 2327 305 2337 large-vehicle 0.1610
1585 1083 1594 1070 1629 1094 1621 1106 large-vehicle 0.1486
2002 1034 1983 1026 1998 989 2018 997 large-vehicle 0.1381
2470 994 2470 971 2519 970 2519 994 large-vehicle 0.1326
1563 1108 1571 1096 1605 1116 1598 1129 large-vehicle 0.1258
1673 1235 1683 1220 1720 1245 1710 1260 large-vehicle 0.1010
2284 37 2303 26 2338 88 2319 98 ship 0.2204
2174 9 2268 -29 2557 667 2463 706 ship 0.1006
2453 2538 2316 2463 2417 2277 2554 2352 basketball-court 0.1438
1023 712 933 707 937 617 1027 622 roundabout 0.9818
1308 1573 1411 1571 1413 1689 1310 1691 roundabout 0.9661
1289 1936 1358 1931 1364 2008 1295 2013 roundabout 0.9395
