1931 1221 1990 1078 2253 1186 2194 1329 ground-track-field 0.1685
1639 970 1638 944 1716 943 1716 970 small-vehicle 0.2596
1654 970 1653 946 1734 943 1735 968 large-vehicle 0.1311
1892 1836 1886 1815 1961 1794 1967 1815 large-vehicle 0.1165
38 1586 24 1560 84 1528 97 1554 ship 0.3535
93 1552 110 1542 134 1584 116 1594 ship 0.2716
145 1516 170 1509 182 1550 157 1557 ship 0.1977
0 1605 15 1599 29 1642 13 1647 ship 0.1519
89 1576 104 1568 118 1595 103 1603 ship 0.1180
1947 1206 1997 1093 2220 1191 2170 1305 soccer-ball-field 0.2403
2201 1163 2291 1159 2295 1251 2204 1255 roundabout 0.9557
2326 882 2409 879 2412 963 2329 966 roundabout 0.9482
1864 1390 1785 1389 1785 1304 1865 1304 roundabout 0.9430
580 1104 646 1093 657 1161 591 1172 roundabout 0.1078
2329 1346 2317 1323 2348 1306 2360 1328 swimming-pool 0.1227
