1887 1090 1884 1054 2068 1043 2070 1078 bridge 0.9937
1619 508 1621 483 1703 490 1701 515 bridge 0.9682
1405 1132 1405 1099 1506 1098 1506 1131 bridge 0.7293
525 2349 537 2339 585 2393 573 2403 bridge 0.6171
1721 553 1742 550 1752 619 1732 622 bridge 0.1906
465 788 673 745 748 1113 540 1156 ground-track-field 0.9958
447 177 471 171 497 270 473 276 large-vehicle 0.1892
1275 548 1273 530 1339 524 1341 542 large-vehicle 0.1122
43 68 37 48 79 37 85 57 large-vehicle 0.1078
505 843 664 816 706 1064 547 1090 soccer-ball-field 0.9835
293 887 288 781 422 775 427 881 swimming-pool 0.9164
372 790 341 783 350 743 381 750 swimming-pool 0.1930
