1817 808 1794 806 1798 752 1821 754 bridge 0.3464
686 238 685 207 718 206 719 237 storage-tank 0.9958
758 450 716 450 716 407 758 407 storage-tank 0.9951
791 336 754 336 755 300 791 300 storage-tank 0.9913
711 403 672 402 672 363 712 363 storage-tank 0.9903
621 317 620 277 660 276 661 316 storage-tank 0.9865
837 445 836 412 870 411 870 444 storage-tank 0.9837
750 444 791 444 792 485 751 485 storage-tank 0.9676
703 329 702 294 737 293 739 327 storage-tank 0.9617
866 393 864 364 895 362 896 392 storage-tank 0.9595
801 305 800 275 835 274 836 304 storage-tank 0.9476
674 252 707 251 707 286 674 286 storage-tank 0.9187
648 254 648 221 682 221 682 254 storage-tank 0.9107
840 364 839 331 875 330 876 363 storage-tank 0.8210
814 412 813 379 850 377 852 410 storage-tank 0.7656
723 329 757 326 760 362 727 365 storage-tank 0.7298
822 332 822 302 854 302 854 331 storage-tank 0.7277
729 271 762 267 765 300 733 304 storage-tank 0.7137
597 282 596 244 636 244 636 282 storage-tank 0.6959
789 344 820 343 821 375 790 376 storage-tank 0.6808
643 361 642 331 672 330 673 360 storage-tank 0.6065
761 363 793 362 794 395 763 396 storage-tank 0.5405
785 398 820 397 821 433 786 434 storage-tank 0.4616
594 272 565 272 565 237 595 237 storage-tank 0.4365
670 359 668 330 700 327 702 357 storage-tank 0.1524
808 428 841 427 841 462 809 462 storage-tank 0.1236
874 1277 808 1271 816 1198 881 1205 roundabout 0.9298
777 1323 788 1275 837 1287 826 1334 roundabout 0.2311
549 2024 564 1998 617 2030 602 2056 swimming-pool 0.3944
514 2021 519 1996 556 2005 551 2029 swimming-pool 0.1735
