3282 1310 3514 1306 3519 1562 3287 1566 plane 0.9989
3700 3625 3591 3571 3652 3449 3760 3503 plane 0.9989
1422 218 1663 119 1775 392 1534 491 plane 0.9988
1674 2092 1560 2036 1625 1902 1740 1958 plane 0.9982
3073 2926 3113 2822 3228 2867 3189 2970 plane 0.9972
1745 3837 1629 3793 1681 3653 1797 3696 plane 0.9972
1587 3706 1468 3651 1529 3518 1648 3573 plane 0.9963
1469 891 1426 677 1647 633 1689 847 plane 0.9961
3426 3404 3471 3296 3597 3349 3552 3457 plane 0.9959
1376 1974 1269 1917 1332 1799 1438 1855 plane 0.9959
3044 3055 3075 2954 3179 2987 3148 3087 plane 0.9957
2070 2867 1955 2815 2021 2670 2136 2722 plane 0.9953
3079 3199 2993 3171 3023 3079 3109 3107 plane 0.9952
2406 1191 2296 1138 2361 1003 2471 1056 plane 0.9951
4218 3992 4322 3960 4354 4066 4250 4098 plane 0.9951
3026 3327 2932 3293 2968 3196 3062 3230 plane 0.9949
1316 3524 1204 3475 1267 3332 1379 3382 plane 0.9938
3388 3554 3427 3453 3543 3497 3504 3599 plane 0.9923
3975 2052 4023 1944 4172 2010 4125 2118 plane 0.9918
2118 1054 2010 1005 2065 883 2173 932 plane 0.9917
897 3449 785 3404 842 3262 954 3307 plane 0.9895
2725 1348 2621 1301 2691 1149 2794 1197 plane 0.9854
2870 1409 2770 1360 2843 1211 2943 1259 plane 0.9831
3029 1439 2938 1396 2998 1269 3089 1312 plane 0.9830
1031 580 904 534 958 385 1085 431 plane 0.9760
3233 2824 3135 2802 3157 2703 3255 2725 plane 0.9739
216 2764 111 2707 192 2557 298 2614 plane 0.9598
1959 998 1860 953 1927 806 2027 851 plane 0.9155
2103 75 2142 3 2261 69 2222 140 plane 0.7667
3241 1225 3342 1225 3342 1343 3241 1343 plane 0.1747
