839 1030 839 1008 925 1008 925 1030 large-vehicle 0.4696
870 1071 866 1051 947 1033 951 1053 large-vehicle 0.3041
394 1140 372 1137 380 1081 402 1084 large-vehicle 0.1122
414 718 473 693 519 805 460 829 tennis-court 0.9999
702 564 758 542 802 655 746 677 tennis-court 0.9998
1168 343 1225 325 1260 432 1204 451 tennis-court 0.9997
331 751 387 727 436 842 380 866 tennis-court 0.9997
493 681 551 653 605 765 547 793 tennis-court 0.9997
248 793 302 769 353 881 299 906 tennis-court 0.9996
579 643 637 617 686 728 628 754 tennis-court 0.9996
1084 380 1142 357 1186 470 1128 493 tennis-court 0.9993
167 836 223 809 276 915 220 943 tennis-court 0.9991
1253 312 1307 290 1354 405 1300 428 tennis-court 0.9989
945 894 946 820 1028 820 1027 895 storage-tank 0.9445
885 833 945 831 948 897 887 899 storage-tank 0.8822
