2939 2492 2930 2364 3062 2355 3071 2483 plane 0.9989
2681 2710 2736 2686 2765 2750 2710 2774 plane 0.9967
1269 2156 1283 2022 1422 2036 1408 2169 plane 0.9966
2284 2526 2282 2451 2365 2449 2367 2525 plane 0.9963
2922 2585 2968 2480 3075 2527 3029 2632 plane 0.9962
714 1161 690 1108 750 1080 775 1133 plane 0.9961
2791 2741 2755 2687 2813 2649 2848 2703 plane 0.9951
593 937 569 877 639 849 663 909 plane 0.9951
1294 2476 1296 2401 1372 2403 1370 2478 plane 0.9948
2258 2607 2252 2536 2329 2529 2335 2600 plane 0.9947
1901 1858 1981 1845 1995 1930 1915 1943 plane 0.9945
762 1289 752 1234 810 1223 820 1278 plane 0.9945
2261 2343 2236 2281 2305 2252 2330 2315 plane 0.9943
671 1083 652 1033 715 1010 734 1060 plane 0.9941
1783 1869 1853 1854 1870 1933 1800 1948 plane 0.9937
2256 2691 2250 2614 2331 2608 2337 2685 plane 0.9936
2454 2921 2389 2889 2423 2820 2488 2852 plane 0.9934
637 1005 617 951 681 927 701 981 plane 0.9931
804 1362 785 1314 838 1294 857 1341 plane 0.9929
2295 2417 2282 2355 2348 2342 2361 2403 plane 0.9926
2724 2995 2781 2966 2813 3027 2756 3057 plane 0.9926
2267 2774 2251 2712 2317 2694 2334 2756 plane 0.9925
2595 2741 2658 2718 2684 2788 2621 2811 plane 0.9919
831 1426 812 1379 870 1355 890 1402 plane 0.9918
2364 2862 2300 2843 2320 2778 2384 2797 plane 0.9916
2187 2186 2163 2131 2228 2103 2251 2158 plane 0.9915
515 786 494 723 567 698 589 761 plane 0.9903
2060 1980 2004 1944 2044 1882 2100 1919 plane 0.9891
1556 2798 1558 2727 1651 2730 1649 2800 plane 0.9889
2226 2260 2197 2213 2259 2175 2287 2222 plane 0.9886
2888 2371 2878 2302 2954 2290 2965 2359 plane 0.9841
1612 2126 1619 2053 1704 2061 1697 2134 plane 0.9821
2534 1982 2505 1921 2577 1887 2605 1948 plane 0.9802
869 1488 852 1446 906 1423 924 1466 plane 0.9766
2834 2637 2889 2607 2921 2665 2866 2695 plane 0.9757
2575 2057 2548 2001 2614 1970 2641 2025 plane 0.9750
2459 1766 2463 1684 2555 1688 2551 1770 plane 0.9741
2147 2108 2121 2060 2182 2026 2209 2074 plane 0.9741
42 3431 24 3365 89 3347 108 3413 plane 0.9716
1590 2475 1609 2405 1681 2425 1662 2495 plane 0.9692
896 1552 876 1505 929 1482 950 1529 plane 0.9678
2628 2226 2606 2148 2691 2124 2713 2203 plane 0.9660
2491 1900 2471 1836 2549 1812 2569 1876 plane 0.9625
2616 1486 2695 1451 2731 1532 2652 1567 plane 0.9623
405 533 382 481 449 451 472 502 plane 0.9611
2775 2335 2715 2295 2764 2223 2823 2263 plane 0.9608
1098 2556 1169 2553 1173 2642 1102 2645 plane 0.9576
3099 2802 3163 2776 3192 2850 3128 2875 plane 0.9525
148 3570 150 3511 211 3512 210 3571 plane 0.9401
2098 2047 2068 2006 2127 1964 2157 2006 plane 0.9133
13 3362 7 3311 59 3305 65 3356 plane 0.8710
2637 3012 2703 2981 2742 3064 2676 3095 plane 0.8563
1307 2259 1313 2183 1406 2192 1399 2267 plane 0.8360
1099 2878 1153 2858 1179 2929 1124 2948 plane 0.7999
2309 3114 2295 3049 2364 3035 2377 3100 plane 0.6757
2449 1978 2429 1939 2479 1913 2499 1953 plane 0.4903
2565 2215 2547 2169 2598 2149 2615 2195 plane 0.4151
2487 2060 2469 2018 2529 1992 2547 2034 plane 0.3353
2541 2702 2586 2682 2614 2744 2569 2764 plane 0.3136
2776 2593 2810 2578 2836 2634 2802 2650 plane 0.1621
1249 3487 1247 3413 1337 3411 1339 3484 roundabout 0.3488
1306 2257 1318 2187 1408 2201 1397 2272 helicopter 0.1162
