428 1107 418 1088 455 1069 465 1087 small-vehicle 0.7668
512 1203 506 1186 538 1174 544 1191 small-vehicle 0.5847
295 1226 290 1202 321 1196 325 1219 small-vehicle 0.5149
552 1183 547 1166 579 1157 584 1174 small-vehicle 0.4861
470 1219 465 1198 496 1189 502 1210 small-vehicle 0.4221
596 1167 593 1141 621 1138 624 1164 small-vehicle 0.3855
468 1081 459 1061 496 1043 506 1063 small-vehicle 0.3656
106 473 88 473 88 434 107 435 small-vehicle 0.1829
690 1000 687 977 718 974 720 997 large-vehicle 0.1192
561 466 585 465 586 488 562 489 storage-tank 0.1113
