376 2186 372 2162 431 2152 435 2175 large-vehicle 0.3702
762 1932 776 1911 823 1944 809 1965 large-vehicle 0.1867
1714 2688 1727 2673 1773 2713 1761 2727 ship 0.9385
1803 3018 1825 3000 1849 3029 1827 3047 ship 0.8930
1752 2627 1762 2603 1825 2628 1816 2652 ship 0.8654
1591 2968 1604 2944 1652 2968 1639 2993 ship 0.8585
1275 2844 1288 2823 1362 2867 1349 2888 ship 0.8427
1440 2493 1446 2466 1504 2478 1498 2506 ship 0.8361
1703 2706 1715 2690 1764 2727 1753 2743 ship 0.8359
1438 2810 1444 2790 1494 2804 1488 2825 ship 0.8355
1639 2694 1653 2678 1695 2714 1681 2730 ship 0.8262
1150 2526 1124 2519 1143 2448 1169 2456 ship 0.8111
1607 2788 1624 2757 1659 2776 1643 2807 ship 0.8021
1261 2562 1201 2558 1205 2495 1265 2499 ship 0.8005
1532 1490 1550 1456 1585 1475 1566 1508 ship 0.8004
1654 2827 1666 2811 1708 2844 1696 2860 ship 0.7784
1727 2652 1741 2630 1793 2662 1778 2684 ship 0.7780
1016 2480 1016 2445 1074 2444 1075 2479 ship 0.7508
1232 2473 1203 2466 1219 2398 1249 2405 ship 0.7422
1499 2540 1508 2514 1563 2534 1554 2559 ship 0.7370
1513 2982 1526 2961 1570 2987 1557 3009 ship 0.7289
1561 2905 1576 2875 1616 2895 1600 2926 ship 0.7226
1687 2766 1702 2744 1739 2770 1724 2792 ship 0.7101
1623 2898 1636 2876 1682 2903 1669 2925 ship 0.6533
1425 2857 1433 2829 1479 2841 1471 2869 ship 0.6480
1477 2638 1485 2611 1533 2625 1525 2652 ship 0.6439
1412 2900 1424 2860 1465 2873 1453 2912 ship 0.6112
1417 2566 1422 2543 1482 2556 1477 2579 ship 0.5889
1422 2513 1430 2486 1494 2504 1486 2531 ship 0.5888
1699 1751 1699 1721 1792 1722 1792 1752 ship 0.5587
1619 2861 1587 2840 1612 2805 1643 2826 ship 0.5468
1410 2655 1414 2614 1466 2620 1462 2661 ship 0.5341
1521 1556 1495 1546 1516 1490 1543 1500 ship 0.5323
1667 2635 1679 2609 1727 2631 1715 2657 ship 0.5267
1670 3091 1681 3069 1729 3092 1717 3115 ship 0.5205
1764 3035 1740 3013 1768 2984 1791 3005 ship 0.5116
1648 2851 1662 2831 1705 2860 1691 2880 ship 0.4842
1577 3003 1598 2965 1640 2987 1619 3026 ship 0.4767
1147 1625 1117 1614 1142 1542 1173 1553 ship 0.4628
1201 2291 1189 2259 1255 2233 1267 2265 ship 0.4619
1363 1362 1373 1337 1440 1365 1430 1390 ship 0.4514
1571 1431 1582 1413 1630 1442 1619 1460 ship 0.4496
1728 3130 1738 3095 1787 3109 1776 3144 ship 0.3981
1308 2232 1274 2223 1296 2136 1330 2145 ship 0.3955
1445 2770 1455 2747 1503 2767 1493 2790 ship 0.3902
1314 1634 1323 1604 1394 1624 1385 1654 ship 0.3602
2424 2478 2401 2469 2439 2370 2463 2380 ship 0.3506
1574 1943 1603 1930 1637 2006 1609 2019 ship 0.3076
2065 2634 2073 2612 2129 2632 2121 2654 ship 0.2918
1501 2507 1505 2471 1560 2476 1557 2512 ship 0.2822
1295 1324 1303 1301 1363 1323 1354 1347 ship 0.2502
1468 1399 1476 1376 1541 1399 1533 1422 ship 0.2406
1198 2584 1204 2547 1265 2556 1260 2593 ship 0.2334
1688 2694 1656 2677 1680 2633 1712 2650 ship 0.2309
1010 2405 1012 2355 1077 2358 1074 2408 ship 0.2288
962 1645 969 1616 1031 1629 1025 1658 ship 0.2286
1864 2895 1841 2875 1874 2838 1897 2858 ship 0.2150
1719 2675 1731 2658 1777 2692 1765 2709 ship 0.2089
1631 2714 1647 2695 1687 2729 1672 2747 ship 0.1949
1421 2541 1425 2520 1491 2535 1486 2556 ship 0.1935
1020 2522 1017 2480 1069 2476 1072 2518 ship 0.1870
1437 2789 1444 2770 1496 2790 1489 2809 ship 0.1821
1774 2962 1801 2944 1821 2974 1793 2992 ship 0.1774
1256 1638 1265 1605 1314 1619 1304 1652 ship 0.1771
1733 3094 1708 3075 1754 3015 1780 3035 ship 0.1675
1902 3231 1881 3218 1912 3169 1933 3182 ship 0.1584
1658 1706 1653 1659 1739 1651 1744 1697 ship 0.1574
1077 1370 1048 1352 1082 1300 1111 1319 ship 0.1572
1041 1667 1046 1642 1099 1653 1093 1678 ship 0.1262
1511 1494 1488 1481 1512 1438 1535 1450 ship 0.1212
1139 1684 1106 1675 1125 1603 1159 1612 ship 0.1044
1206 1296 1216 1271 1304 1305 1294 1331 ship 0.1005
1795 3114 1688 3017 1956 2719 2064 2816 harbor 0.9888
1599 2991 1512 2929 1757 2586 1844 2647 harbor 0.9062
1556 1748 1544 1513 1865 1496 1877 1731 harbor 0.7652
1888 3226 1853 3187 2023 3037 2057 3076 harbor 0.7282
2253 3194 2226 3170 2398 2979 2424 3003 harbor 0.7281
1473 2896 1385 2873 1490 2471 1579 2495 harbor 0.3551
2435 2507 2353 2479 2645 1621 2727 1648 harbor 0.3434
1189 2715 1185 2671 1260 2665 1264 2709 harbor 0.3324
1581 1756 1580 1730 1807 1724 1808 1749 harbor 0.2356
880 3074 965 2692 2145 2956 2060 3338 harbor 0.1965
2007 3260 2055 2998 2393 3059 2346 3322 harbor 0.1770
1537 1561 1485 1532 1544 1426 1596 1454 harbor 0.1639
1231 2675 1155 2672 1167 2400 1243 2404 harbor 0.1481
1518 2970 1397 2903 1631 2478 1752 2544 harbor 0.1173
1286 2220 724 2113 839 1514 1400 1622 harbor 0.1033
