486 128 469 123 479 86 496 90 small-vehicle 0.9819
419 99 401 90 419 55 436 64 small-vehicle 0.9781
398 88 379 83 389 45 408 50 small-vehicle 0.9739
742 432 722 425 737 384 757 391 small-vehicle 0.9716
463 125 443 120 453 79 473 84 small-vehicle 0.9695
582 170 564 164 575 129 593 135 small-vehicle 0.9633
228 129 234 110 274 124 268 142 small-vehicle 0.9612
508 144 489 139 499 97 518 101 small-vehicle 0.9355
764 380 744 373 759 328 779 335 small-vehicle 0.9142
218 151 227 130 266 147 257 168 small-vehicle 0.9122
545 211 553 194 585 211 577 227 small-vehicle 0.8772
203 203 209 184 252 198 245 217 small-vehicle 0.8596
345 214 352 195 391 212 384 230 small-vehicle 0.8470
354 192 363 173 403 193 394 212 small-vehicle 0.8214
648 458 654 442 691 456 685 472 small-vehicle 0.6675
150 326 159 308 194 324 186 342 small-vehicle 0.4860
833 634 842 612 888 632 879 653 small-vehicle 0.4669
951 612 956 592 994 601 989 621 small-vehicle 0.3186
175 274 182 253 230 269 223 290 small-vehicle 0.3050
872 405 882 384 940 409 931 431 small-vehicle 0.1721
234 107 238 93 267 102 263 115 small-vehicle 0.1555
394 569 376 561 413 474 431 482 large-vehicle 0.9984
626 651 604 643 635 557 658 565 large-vehicle 0.9977
570 627 548 619 577 544 598 552 large-vehicle 0.9977
857 433 865 411 946 443 937 465 large-vehicle 0.9976
424 582 403 574 436 489 456 496 large-vehicle 0.9974
888 386 896 365 982 397 974 418 large-vehicle 0.9973
896 357 904 336 984 368 976 388 large-vehicle 0.9971
839 571 847 550 936 581 929 602 large-vehicle 0.9960
659 657 637 647 674 565 695 575 large-vehicle 0.9960
840 509 848 487 930 517 922 538 large-vehicle 0.9960
837 541 844 519 926 544 919 567 large-vehicle 0.9958
594 644 574 636 608 550 628 558 large-vehicle 0.9948
288 526 265 517 296 439 319 448 large-vehicle 0.9933
320 539 298 531 324 453 347 460 large-vehicle 0.9932
771 696 747 687 780 601 804 610 large-vehicle 0.9929
997 421 1006 398 1083 429 1074 452 large-vehicle 0.9923
181 473 160 463 201 380 222 391 large-vehicle 0.9919
371 557 351 548 386 473 406 482 large-vehicle 0.9903
848 611 856 590 936 617 929 639 large-vehicle 0.9898
744 679 720 671 744 590 769 597 large-vehicle 0.9897
974 453 983 432 1064 463 1056 485 large-vehicle 0.9894
486 604 463 595 498 513 520 522 large-vehicle 0.9884
844 467 852 442 939 471 931 496 large-vehicle 0.9882
909 329 917 307 997 338 988 360 large-vehicle 0.9870
543 621 520 613 546 535 569 542 large-vehicle 0.9870
1016 362 1023 340 1102 367 1095 389 large-vehicle 0.9859
943 517 950 493 1029 516 1022 540 large-vehicle 0.9549
871 408 879 386 944 410 936 433 large-vehicle 0.9450
452 408 462 384 555 424 545 448 large-vehicle 0.8481
174 274 182 252 232 270 224 291 large-vehicle 0.7279
834 633 842 612 888 630 880 650 large-vehicle 0.5212
