1105 487 1160 485 1163 590 1108 592 tennis-court 0.1167
815 1103 743 1103 744 1026 816 1027 storage-tank 0.9972
816 1222 742 1222 742 1142 816 1142 storage-tank 0.9964
860 1144 939 1143 940 1228 861 1229 storage-tank 0.9961
483 107 543 107 543 169 484 170 storage-tank 0.9961
696 1224 622 1224 622 1143 696 1143 storage-tank 0.9961
622 1026 696 1025 696 1102 623 1103 storage-tank 0.9960
579 2044 653 2042 655 2123 580 2125 storage-tank 0.9959
575 109 629 108 630 168 576 169 storage-tank 0.9953
844 1558 937 1557 938 1658 845 1658 storage-tank 0.9949
579 2385 652 2383 654 2461 581 2463 storage-tank 0.9946
881 2154 957 2153 958 2235 883 2236 storage-tank 0.9945
882 2383 958 2381 960 2462 884 2464 storage-tank 0.9937
712 261 661 260 662 204 713 205 storage-tank 0.9937
571 1561 663 1559 665 1657 572 1658 storage-tank 0.9933
845 1421 936 1420 938 1519 847 1520 storage-tank 0.9932
765 2155 840 2153 842 2233 767 2235 storage-tank 0.9931
883 2042 956 2041 958 2121 884 2122 storage-tank 0.9929
577 2156 652 2155 654 2236 579 2238 storage-tank 0.9925
765 2383 842 2380 845 2461 769 2464 storage-tank 0.9923
459 2155 534 2153 536 2235 461 2237 storage-tank 0.9922
765 2496 841 2494 843 2577 767 2579 storage-tank 0.9921
794 261 743 261 743 203 794 203 storage-tank 0.9919
709 1559 798 1559 798 1658 709 1658 storage-tank 0.9919
578 2270 653 2269 655 2350 579 2352 storage-tank 0.9918
263 349 322 348 323 409 265 411 storage-tank 0.9917
502 1143 580 1143 581 1228 503 1229 storage-tank 0.9915
881 2269 957 2268 958 2348 883 2349 storage-tank 0.9913
860 1024 935 1022 937 1103 861 1104 storage-tank 0.9910
460 2384 534 2382 536 2461 462 2463 storage-tank 0.9910
632 265 575 264 575 203 632 203 storage-tank 0.9905
766 2041 842 2040 843 2120 767 2122 storage-tank 0.9905
579 2497 653 2496 654 2576 580 2577 storage-tank 0.9900
571 1421 663 1419 665 1516 572 1517 storage-tank 0.9900
765 2270 841 2267 843 2347 768 2349 storage-tank 0.9898
459 2042 534 2039 537 2122 461 2124 storage-tank 0.9895
503 1024 578 1024 579 1104 504 1105 storage-tank 0.9888
709 1423 797 1421 799 1515 711 1517 storage-tank 0.9885
884 2496 959 2496 959 2577 884 2577 storage-tank 0.9864
261 273 322 271 325 333 263 336 storage-tank 0.9861
461 2271 535 2270 536 2348 462 2349 storage-tank 0.9858
460 2496 534 2494 535 2574 462 2576 storage-tank 0.9811
792 163 748 162 749 117 793 118 storage-tank 0.9768
488 204 540 202 543 262 491 264 storage-tank 0.9682
666 118 708 116 709 159 667 161 storage-tank 0.9551
902 117 941 117 942 159 902 160 storage-tank 0.9482
904 210 942 209 942 252 904 252 storage-tank 0.9340
826 207 868 207 868 255 826 255 storage-tank 0.9233
940 1885 993 1884 995 1945 941 1947 storage-tank 0.8773
826 118 867 117 868 159 827 159 storage-tank 0.8700
990 1846 1036 1842 1041 1898 995 1902 storage-tank 0.8312
