3673 2239 2887 2228 2907 717 3693 727 ground-track-field 0.9985
459 807 1172 792 1202 2238 489 2253 ground-track-field 0.9976
3107 2430 3008 2427 3013 2238 3112 2241 tennis-court 0.9973
2953 2416 2852 2413 2856 2227 2957 2229 tennis-court 0.9953
2801 2410 2705 2404 2715 2216 2811 2221 tennis-court 0.9953
3247 2433 3152 2429 3161 2237 3256 2241 tennis-court 0.9940
3426 2363 3520 2362 3522 2543 3428 2545 tennis-court 0.5004
2378 781 2257 777 2264 542 2386 546 tennis-court 0.4455
2804 493 2957 492 2958 731 2805 732 tennis-court 0.3763
2975 501 3089 499 3093 728 2979 730 tennis-court 0.3294
2699 501 2825 496 2833 703 2707 708 tennis-court 0.1488
1636 907 1503 895 1523 661 1656 673 basketball-court 0.9991
694 2527 575 2524 579 2303 699 2306 basketball-court 0.9985
1632 686 1514 677 1532 456 1650 466 basketball-court 0.9985
546 2537 434 2531 447 2291 558 2297 basketball-court 0.9981
1098 2530 972 2528 976 2304 1102 2306 basketball-court 0.9974
836 2519 721 2519 721 2310 836 2310 basketball-court 0.9958
958 2527 854 2524 860 2312 964 2315 basketball-court 0.9948
1113 2295 1229 2289 1240 2517 1124 2522 basketball-court 0.9932
4191 1394 4053 1385 4069 1125 4208 1134 basketball-court 0.9906
4045 1124 3927 1123 3928 862 4046 862 basketball-court 0.9902
4434 1391 4318 1389 4323 1129 4438 1131 basketball-court 0.9884
4050 1394 3931 1389 3942 1114 4061 1119 basketball-court 0.9850
4175 1127 4067 1119 4086 866 4193 873 basketball-court 0.9827
1776 882 1657 875 1669 683 1788 690 basketball-court 0.9782
4595 1741 4724 1725 4750 1943 4620 1959 basketball-court 0.9749
4438 854 4587 850 4593 1125 4445 1128 basketball-court 0.9732
4587 1389 4435 1383 4448 1102 4599 1109 basketball-court 0.9726
4581 1984 4465 1979 4474 1737 4591 1742 basketball-court 0.9723
4422 1136 4301 1130 4316 857 4437 864 basketball-court 0.9599
1770 668 1680 667 1681 472 1772 473 basketball-court 0.9580
1912 727 1817 725 1821 499 1916 501 basketball-court 0.9534
4058 1495 4210 1491 4217 1764 4065 1768 basketball-court 0.9444
1490 693 1397 691 1403 484 1495 487 basketball-court 0.9387
4475 1985 4359 1981 4367 1748 4482 1751 basketball-court 0.9363
4197 2007 4069 1995 4089 1762 4218 1774 basketball-court 0.9258
1487 870 1397 867 1404 681 1494 685 basketball-court 0.9113
4096 2022 3968 2016 3979 1746 4108 1751 basketball-court 0.9003
4351 1994 4214 1989 4223 1750 4360 1755 basketball-court 0.8953
4317 1372 4219 1370 4223 1158 4322 1160 basketball-court 0.8732
4306 1133 4205 1126 4221 865 4323 872 basketball-court 0.8635
4322 1736 4330 1501 4614 1511 4606 1746 basketball-court 0.7208
3086 735 2975 732 2981 507 3092 509 basketball-court 0.6752
4217 1500 4342 1496 4350 1731 4225 1735 basketball-court 0.6412
2396 806 2234 801 2242 505 2404 509 basketball-court 0.4514
1801 713 1911 706 1919 848 1809 854 basketball-court 0.2180
2817 496 2953 492 2961 733 2825 737 basketball-court 0.1137
4227 1840 4230 1744 4329 1747 4326 1843 storage-tank 0.6882
4104 1837 4101 1753 4204 1750 4207 1834 storage-tank 0.6496
4457 1842 4363 1840 4365 1744 4459 1746 storage-tank 0.2085
4214 1060 4287 1050 4304 1186 4232 1195 storage-tank 0.1149
491 1110 1088 1055 1170 1942 573 1997 soccer-ball-field 0.9908
2972 991 3625 981 3640 1937 2987 1947 soccer-ball-field 0.7768
