242 506 254 490 314 534 303 549 bridge 0.5713
1227 1841 1264 1773 1418 1856 1380 1925 ground-track-field 0.9979
1419 1032 1443 986 1543 1038 1518 1084 ground-track-field 0.9955
1521 806 1537 769 1629 809 1613 846 ground-track-field 0.9825
531 998 553 959 623 997 601 1037 ground-track-field 0.9824
1271 494 1292 431 1412 473 1390 535 ground-track-field 0.9757
767 912 698 861 781 749 850 800 ground-track-field 0.9708
1932 1855 1885 1833 1936 1730 1982 1753 ground-track-field 0.9539
2124 1879 2091 1852 2142 1789 2175 1816 ground-track-field 0.9409
912 1562 923 1515 1017 1538 1005 1585 ground-track-field 0.8371
940 436 949 422 989 448 980 462 large-vehicle 0.1525
330 635 313 625 335 587 352 596 ship 0.2471
356 648 344 638 365 611 378 621 ship 0.1636
764 873 732 840 790 781 823 814 soccer-ball-field 0.9910
1293 495 1302 453 1391 472 1382 514 soccer-ball-field 0.9505
1935 1818 1916 1807 1940 1766 1959 1778 soccer-ball-field 0.9490
1264 1862 1276 1813 1385 1838 1373 1887 soccer-ball-field 0.9273
1447 1044 1455 1010 1518 1027 1509 1060 soccer-ball-field 0.9090
2124 1862 2107 1846 2141 1810 2158 1827 soccer-ball-field 0.4849
540 1006 551 975 602 992 592 1023 soccer-ball-field 0.2513
1531 809 1541 777 1603 797 1593 829 soccer-ball-field 0.1832
