2636 170 2624 161 2693 75 2705 85 bridge 0.6099
2675 73 2698 28 2800 79 2777 125 bridge 0.1563
1187 1932 1139 1932 1139 1882 1187 1882 storage-tank 0.9984
1556 1477 1556 1413 1621 1413 1621 1477 storage-tank 0.9978
817 2020 815 1946 891 1945 893 2018 storage-tank 0.9973
1568 1335 1632 1333 1634 1399 1570 1401 storage-tank 0.9969
834 1922 834 1848 908 1848 908 1923 storage-tank 0.9967
1500 1625 1546 1624 1547 1677 1501 1677 storage-tank 0.9966
1033 1947 963 1945 965 1871 1035 1873 storage-tank 0.9966
1375 2115 1447 2114 1448 2189 1376 2189 storage-tank 0.9962
1547 2015 1619 2015 1619 2092 1547 2092 storage-tank 0.9962
1696 1487 1640 1487 1640 1428 1696 1428 storage-tank 0.9945
1936 1794 1888 1793 1890 1745 1937 1747 storage-tank 0.9939
1013 2059 964 2059 965 2008 1014 2008 storage-tank 0.9926
1898 1688 1849 1687 1850 1632 1898 1633 storage-tank 0.9920
1070 1872 1116 1871 1116 1920 1070 1920 storage-tank 0.9915
1669 1608 1621 1607 1622 1555 1670 1556 storage-tank 0.9907
1134 2020 1177 2019 1179 2069 1136 2070 storage-tank 0.9906
1877 1753 1827 1752 1828 1701 1878 1702 storage-tank 0.9894
1066 2114 1019 2113 1020 2065 1067 2065 storage-tank 0.9878
1203 2137 1156 2136 1157 2086 1204 2086 storage-tank 0.9856
1465 1762 1428 1761 1430 1722 1466 1723 storage-tank 0.9856
1131 1958 1174 1957 1175 2003 1133 2004 storage-tank 0.9853
1428 1687 1383 1687 1384 1637 1429 1638 storage-tank 0.9818
1414 1397 1462 1396 1462 1445 1415 1446 storage-tank 0.9803
1509 2111 1469 2110 1470 2066 1510 2067 storage-tank 0.9797
1085 1989 1039 1989 1039 1943 1085 1943 storage-tank 0.9758
1943 1642 1991 1640 1992 1691 1945 1692 storage-tank 0.9728
1509 1691 1547 1691 1547 1733 1510 1733 storage-tank 0.9714
1130 2126 1090 2126 1090 2083 1130 2084 storage-tank 0.9699
1600 1627 1552 1626 1553 1577 1601 1578 storage-tank 0.9652
1408 2050 1450 2049 1451 2092 1409 2093 storage-tank 0.9578
1474 2198 1474 2160 1516 2159 1516 2197 storage-tank 0.9564
1054 2001 1098 2001 1098 2052 1054 2052 storage-tank 0.9533
1989 1514 1918 1511 1921 1435 1992 1438 storage-tank 0.9362
1542 1581 1503 1581 1504 1539 1543 1540 storage-tank 0.9276
1491 1712 1452 1711 1453 1667 1493 1668 storage-tank 0.8552
1874 1500 1837 1498 1839 1454 1877 1456 storage-tank 0.8321
1462 2001 1498 2001 1498 2043 1462 2043 storage-tank 0.8241
1376 2081 1333 2079 1335 2033 1378 2035 storage-tank 0.7783
1975 1080 1980 1009 2054 1014 2049 1085 storage-tank 0.7491
2449 2847 2496 2847 2496 2897 2449 2898 storage-tank 0.7315
2398 2842 2441 2842 2442 2889 2398 2889 storage-tank 0.5687
1468 1372 1422 1370 1425 1321 1471 1323 storage-tank 0.5610
1367 2018 1327 2017 1328 1975 1368 1975 storage-tank 0.3319
1528 1258 1575 1257 1576 1311 1529 1312 storage-tank 0.3188
1242 1930 1205 1929 1206 1891 1243 1892 storage-tank 0.2602
2017 1661 2051 1660 2053 1701 2019 1703 storage-tank 0.1461
1407 1988 1444 1987 1445 2031 1408 2031 storage-tank 0.1100
