1112 1958 1114 1944 1173 1952 1171 1966 large-vehicle 0.1495
704 47 705 28 747 30 745 50 large-vehicle 0.1223
793 756 739 749 747 685 801 692 basketball-court 0.1711
1343 1763 1342 1690 1416 1689 1417 1763 storage-tank 0.9980
630 320 633 224 731 228 727 324 storage-tank 0.9972
1437 1617 1364 1616 1365 1542 1438 1543 storage-tank 0.9966
383 284 388 188 486 193 481 290 storage-tank 0.9955
1400 1912 1324 1911 1326 1834 1401 1835 storage-tank 0.9917
1076 1734 1079 1662 1154 1666 1151 1738 storage-tank 0.9902
1544 1904 1472 1904 1473 1826 1545 1827 storage-tank 0.9891
750 595 616 590 621 443 755 448 storage-tank 0.9846
1575 1729 1500 1728 1501 1651 1576 1652 storage-tank 0.9780
1130 1898 1055 1896 1056 1820 1131 1821 storage-tank 0.9524
1175 1573 1103 1571 1105 1497 1177 1498 storage-tank 0.9430
392 505 248 502 251 353 396 356 storage-tank 0.9274
667 832 607 830 608 766 669 767 storage-tank 0.8591
1298 1619 1258 1618 1258 1576 1298 1577 storage-tank 0.4803
550 1016 525 1016 525 989 550 989 storage-tank 0.3376
1298 1571 1268 1569 1270 1538 1300 1540 storage-tank 0.3200
