551 412 534 389 587 348 605 371 plane 0.1203
2247 758 2315 729 2387 900 2320 929 bridge 0.9501
2194 749 2232 726 2323 878 2285 901 bridge 0.5131
2069 299 2135 258 2204 368 2138 409 ground-track-field 0.9611
1372 170 1447 129 1717 632 1642 672 ship 0.9995
1804 741 1820 718 1934 799 1918 822 ship 0.9930
1068 595 1094 579 1164 692 1138 708 ship 0.9922
1032 630 1052 616 1117 709 1097 723 ship 0.9885
1014 646 1038 632 1096 735 1072 748 ship 0.9881
911 216 933 202 992 296 970 310 ship 0.9865
1732 1781 1708 1766 1758 1686 1781 1701 ship 0.9816
1037 1623 1067 1619 1083 1728 1054 1733 ship 0.9798
968 1755 1011 1753 1027 2012 984 2015 ship 0.9777
1280 1362 1312 1346 1362 1449 1330 1464 ship 0.9717
926 1333 956 1331 963 1436 933 1438 ship 0.9683
756 838 808 815 877 974 825 996 ship 0.9345
903 1335 929 1333 936 1447 910 1448 ship 0.9262
1211 1392 1240 1380 1276 1462 1247 1475 ship 0.9157
957 1342 981 1339 992 1434 968 1437 ship 0.9153
1886 2268 1801 2264 1815 1982 1900 1986 ship 0.9090
839 1256 876 1251 908 1499 872 1504 ship 0.9053
513 230 548 215 608 351 574 366 ship 0.9022
896 230 915 218 969 309 950 321 ship 0.8840
875 250 894 235 948 304 929 319 ship 0.8673
640 440 658 433 692 516 675 523 ship 0.8614
1852 1980 1825 1978 1831 1887 1858 1889 ship 0.8367
1879 1766 1810 1755 1853 1477 1922 1488 ship 0.8283
1093 585 1115 569 1184 667 1162 683 ship 0.8275
1240 1375 1270 1362 1304 1443 1273 1456 ship 0.8128
1188 1415 1210 1407 1235 1477 1214 1485 ship 0.7981
478 238 510 222 590 380 559 396 ship 0.7404
810 1049 845 1034 896 1152 861 1167 ship 0.7038
892 1763 947 1758 970 2041 915 2045 ship 0.6268
900 1597 917 1594 937 1685 920 1688 ship 0.5133
630 431 653 431 654 524 632 525 ship 0.5037
1780 1957 1762 1949 1808 1857 1826 1865 ship 0.4783
481 11 501 2 523 51 503 60 ship 0.4522
1238 1497 1230 1476 1334 1437 1342 1458 ship 0.4310
729 573 747 561 775 605 756 616 ship 0.3599
1780 1000 1863 985 1928 1356 1845 1371 ship 0.3091
690 631 684 613 753 591 759 608 ship 0.2616
1869 2010 2003 2004 2013 2222 1879 2228 ship 0.2263
1486 147 1551 120 1766 648 1701 674 ship 0.1936
681 619 674 599 739 576 746 596 ship 0.1803
461 14 479 7 501 59 482 67 ship 0.1594
627 519 604 518 609 418 632 419 ship 0.1536
428 24 445 16 471 70 454 78 ship 0.1300
2125 1185 2077 1185 2077 1136 2125 1136 storage-tank 0.9941
2097 1333 2097 1284 2148 1284 2148 1333 storage-tank 0.9938
2086 1256 2085 1210 2133 1209 2133 1256 storage-tank 0.9913
2272 1157 2235 1157 2235 1113 2272 1113 storage-tank 0.9807
2287 1232 2244 1231 2245 1187 2288 1188 storage-tank 0.9787
2169 1124 2208 1124 2208 1168 2169 1168 storage-tank 0.9731
2190 1274 2231 1273 2231 1316 2190 1316 storage-tank 0.9685
2258 1262 2299 1262 2300 1306 2258 1307 storage-tank 0.9655
2178 1196 2220 1194 2222 1238 2179 1240 storage-tank 0.9553
2012 1293 2012 1258 2057 1259 2057 1294 storage-tank 0.2843
2063 218 2106 214 2110 262 2067 266 storage-tank 0.1373
2099 317 2137 289 2181 348 2143 376 soccer-ball-field 0.9547
