129 2136 124 2115 236 2092 240 2113 bridge 0.8092
180 500 5 488 29 144 204 156 ground-track-field 0.9642
211 155 259 154 261 262 213 263 ground-track-field 0.1028
2421 1389 2432 1368 2467 1385 2457 1407 large-vehicle 0.1026
1112 468 1193 454 1275 898 1194 912 ship 0.9966
407 1012 333 1004 357 780 430 788 ship 0.9826
445 1890 477 1886 496 2011 465 2016 ship 0.9812
1275 259 1303 258 1304 370 1276 370 ship 0.9777
788 1702 815 1693 851 1796 824 1806 ship 0.9674
429 1746 453 1742 467 1835 443 1839 ship 0.9653
530 1880 558 1876 572 1974 544 1978 ship 0.9618
628 392 654 390 661 475 635 477 ship 0.9556
500 1894 532 1887 556 1985 524 1993 ship 0.9503
1347 1780 1382 1771 1412 1880 1377 1890 ship 0.9346
480 1895 506 1891 521 1992 495 1995 ship 0.9182
429 1586 458 1583 471 1685 441 1689 ship 0.9085
492 1582 521 1580 529 1674 500 1676 ship 0.8832
1377 1939 1418 1923 1463 2040 1422 2056 ship 0.8820
421 526 339 519 358 301 440 308 ship 0.8713
398 1726 417 1720 452 1835 433 1841 ship 0.8327
466 1579 494 1578 501 1684 472 1686 ship 0.8246
378 1584 411 1580 425 1687 391 1691 ship 0.8209
421 750 345 748 352 536 429 539 ship 0.7997
1336 1586 1363 1584 1372 1713 1345 1715 ship 0.7676
1345 1569 1371 1562 1404 1692 1378 1699 ship 0.7205
1249 255 1276 254 1280 360 1253 361 ship 0.7106
343 73 425 71 431 301 350 303 ship 0.6410
1235 476 1213 475 1214 402 1236 402 ship 0.6303
1328 1799 1350 1791 1382 1879 1360 1887 ship 0.6036
480 2161 510 2153 533 2237 503 2245 ship 0.5723
1333 376 1314 375 1315 279 1335 279 ship 0.5145
1320 1618 1346 1617 1348 1706 1322 1707 ship 0.4798
95 1788 116 1787 120 1896 100 1897 ship 0.4147
340 1589 359 1584 390 1701 371 1706 ship 0.3522
435 1895 453 1893 464 2000 445 2002 ship 0.3436
556 85 531 83 537 14 562 16 ship 0.3330
351 32 351 0 396 0 395 33 ship 0.3242
1280 1342 1305 1337 1318 1414 1293 1418 ship 0.3084
1352 391 1329 391 1331 282 1354 282 ship 0.3080
1317 371 1301 371 1304 267 1320 267 ship 0.2830
1262 418 1284 418 1284 477 1263 477 ship 0.2511
198 2035 218 2030 233 2092 213 2097 ship 0.1877
361 144 334 140 345 61 372 65 ship 0.1867
201 1627 271 1625 281 2009 211 2010 ship 0.1059
2645 814 2598 814 2598 766 2645 766 storage-tank 0.9914
2484 822 2440 822 2440 778 2484 779 storage-tank 0.9750
2544 768 2545 729 2587 730 2587 769 storage-tank 0.9730
2595 754 2596 718 2634 719 2632 756 storage-tank 0.9604
2580 710 2583 671 2627 675 2624 714 storage-tank 0.8415
1540 1941 1540 1903 1579 1902 1579 1941 storage-tank 0.8387
1463 134 1463 102 1519 101 1520 133 storage-tank 0.7485
2530 688 2531 651 2572 652 2571 689 storage-tank 0.7057
2594 812 2560 812 2560 774 2595 774 storage-tank 0.5638
2473 758 2475 726 2514 729 2512 761 storage-tank 0.4818
2577 669 2577 634 2614 635 2614 670 storage-tank 0.4639
2430 771 2431 734 2471 734 2470 772 storage-tank 0.4092
2371 822 2370 780 2412 780 2413 821 storage-tank 0.3972
1634 220 1572 218 1574 152 1636 154 storage-tank 0.3502
2419 667 2453 665 2454 700 2420 701 storage-tank 0.2997
2465 725 2463 687 2505 685 2506 723 storage-tank 0.2865
2541 726 2540 689 2577 687 2578 725 storage-tank 0.2855
1499 1913 1536 1910 1540 1954 1503 1957 storage-tank 0.1934
2488 825 2489 787 2526 788 2526 826 storage-tank 0.1767
2350 678 2386 678 2386 718 2350 718 storage-tank 0.1440
2359 764 2359 727 2403 727 2403 764 storage-tank 0.1437
2421 733 2421 697 2461 697 2461 733 storage-tank 0.1196
1493 99 1460 99 1460 50 1494 51 storage-tank 0.1082
327 1908 321 1883 406 1863 412 1888 harbor 0.6190
371 2093 364 2071 458 2042 465 2065 harbor 0.2507
1330 200 1330 161 1398 161 1398 200 harbor 0.1186
