1633 1047 1596 1042 1627 821 1664 827 ship 0.9984
965 941 923 928 981 737 1023 750 ship 0.9977
1008 1292 978 1267 1102 1125 1132 1150 ship 0.9970
1014 971 983 959 1049 780 1079 792 ship 0.9959
958 1244 930 1219 1055 1080 1083 1105 ship 0.9944
606 839 632 838 635 933 609 934 ship 0.9940
696 812 672 811 677 693 700 694 ship 0.9928
150 834 133 804 258 734 274 764 ship 0.9928
613 355 586 349 604 265 631 271 ship 0.9922
924 1219 889 1194 999 1038 1033 1062 ship 0.9920
523 558 547 551 582 676 557 683 ship 0.9919
580 828 606 827 610 939 584 940 ship 0.9917
633 837 659 836 663 936 637 937 ship 0.9907
783 1196 752 1183 808 1051 839 1065 ship 0.9874
557 552 579 549 600 677 577 680 ship 0.9858
710 1223 667 1209 737 995 779 1009 ship 0.9849
581 1177 538 1161 612 970 655 986 ship 0.9846
738 642 736 614 837 605 840 633 ship 0.9844
151 779 127 741 283 643 307 681 ship 0.9830
702 702 721 702 721 803 703 803 ship 0.9816
861 275 878 267 905 321 888 329 ship 0.9798
644 1206 612 1192 690 1012 721 1026 ship 0.9751
508 1071 495 1065 529 988 542 993 ship 0.9744
590 543 633 538 660 764 616 769 ship 0.9741
454 189 442 181 468 145 480 154 ship 0.9633
635 369 612 364 633 268 656 273 ship 0.9620
760 796 736 795 737 711 761 711 ship 0.9584
488 537 523 531 547 679 512 684 ship 0.9522
523 1103 504 1095 558 970 577 978 ship 0.9514
880 1198 847 1176 947 1024 980 1046 ship 0.9448
654 378 631 372 655 271 678 277 ship 0.9431
604 1196 566 1178 650 993 689 1011 ship 0.9423
1052 221 1048 197 1116 188 1119 212 ship 0.9418
698 354 678 349 699 276 718 281 ship 0.9374
681 845 702 844 704 912 683 913 ship 0.9361
984 1266 960 1244 1077 1111 1102 1133 ship 0.9320
716 698 734 697 737 802 719 803 ship 0.9289
554 851 582 850 586 930 558 932 ship 0.9151
850 1200 816 1184 893 1020 926 1035 ship 0.9025
830 267 850 257 895 340 876 350 ship 0.8938
473 680 510 676 523 820 486 823 ship 0.8829
753 1209 724 1199 783 1028 812 1038 ship 0.8828
683 361 663 357 677 272 698 276 ship 0.8797
1907 504 1897 484 1962 454 1972 474 ship 0.8681
659 842 684 841 687 913 662 914 ship 0.8564
671 818 650 817 658 680 679 681 ship 0.8460
710 1346 695 1340 716 1287 730 1293 ship 0.8411
721 360 703 353 729 288 746 295 ship 0.8383
533 1162 509 1151 602 956 626 967 ship 0.8078
1615 928 1595 926 1602 859 1622 861 ship 0.7978
820 1190 788 1180 833 1046 865 1057 ship 0.7913
614 807 587 805 594 737 621 740 ship 0.7618
1833 807 1837 783 1907 795 1903 820 ship 0.7562
515 35 516 15 556 18 554 38 ship 0.7385
1598 741 1619 703 1686 740 1665 778 ship 0.7381
531 844 502 838 536 686 565 693 ship 0.7333
1633 682 1646 671 1684 715 1671 726 ship 0.6607
435 219 420 217 425 171 441 173 ship 0.6485
580 841 549 839 560 696 591 699 ship 0.6144
773 1248 752 1246 755 1217 775 1219 ship 0.6043
693 1344 681 1338 706 1289 718 1296 ship 0.5927
682 1336 672 1330 695 1287 706 1293 ship 0.5841
1916 737 1899 733 1906 693 1924 696 ship 0.5424
980 953 949 941 1019 767 1050 779 ship 0.5392
197 832 185 815 263 758 275 775 ship 0.4664
1973 777 1959 773 1971 727 1986 732 ship 0.4438
1684 1062 1637 1055 1673 797 1720 804 ship 0.4327
318 43 312 22 335 15 341 36 ship 0.4184
598 332 580 330 586 265 605 267 ship 0.3810
1759 770 1764 754 1801 765 1796 782 ship 0.2815
538 1298 526 1294 543 1247 555 1252 ship 0.2678
1976 897 1962 891 1987 835 2001 842 ship 0.2058
261 743 251 729 291 698 302 711 ship 0.1978
522 1192 507 1188 520 1146 534 1150 ship 0.1867
606 1322 594 1316 622 1269 633 1275 ship 0.1710
1913 515 1911 496 1954 491 1956 510 ship 0.1620
634 1326 617 1319 634 1276 651 1283 ship 0.1539
551 1298 540 1292 562 1253 572 1258 ship 0.1521
667 1253 667 1207 724 1206 724 1252 ship 0.1499
583 1300 571 1292 593 1256 606 1264 ship 0.1444
480 763 461 762 468 679 486 680 ship 0.1403
728 1350 717 1346 735 1300 747 1304 ship 0.1255
859 1095 837 1083 874 1016 895 1027 ship 0.1089
788 1344 791 1321 859 1330 857 1352 ship 0.1045
593 1311 580 1304 605 1262 618 1270 ship 0.1028
