655 170 633 168 636 139 659 142 plane 0.1698
1004 0 1020 -6 1035 25 1019 32 bridge 0.1947
860 513 890 477 996 565 966 602 ground-track-field 0.9065
1294 415 1301 403 1349 429 1342 440 large-vehicle 0.2696
445 948 426 929 555 803 573 822 ship 0.9987
882 972 862 955 940 866 960 883 ship 0.9946
1014 1332 1000 1319 1052 1261 1066 1274 ship 0.9924
933 1418 924 1408 978 1361 987 1371 ship 0.9809
767 1124 751 1110 841 1001 858 1015 ship 0.9690
539 420 526 407 577 359 589 373 ship 0.9585
310 702 297 689 390 589 403 602 ship 0.9492
739 711 720 698 773 626 791 639 ship 0.9477
610 761 600 752 640 706 650 715 ship 0.9424
918 1022 903 1009 995 901 1010 914 ship 0.9404
467 584 452 571 541 472 556 485 ship 0.9026
580 464 565 454 594 410 609 420 ship 0.8943
342 731 324 713 435 595 454 612 ship 0.8779
1092 1236 1082 1226 1117 1188 1127 1197 ship 0.8527
1177 1144 1167 1135 1218 1077 1228 1086 ship 0.8219
902 1006 885 990 984 886 1001 903 ship 0.8011
778 1140 764 1127 879 1002 893 1015 ship 0.6547
717 628 708 618 727 601 736 611 ship 0.6450
811 1162 791 1148 875 1020 895 1034 ship 0.5872
888 986 873 972 965 880 979 895 ship 0.5751
603 860 587 847 648 771 664 784 ship 0.5577
1039 881 1027 873 1046 841 1059 849 ship 0.4086
726 696 714 688 751 638 762 646 ship 0.3864
467 976 447 958 569 815 590 833 ship 0.3077
1115 1220 1110 1214 1148 1181 1153 1187 ship 0.2905
934 1452 923 1444 939 1425 949 1433 ship 0.1477
865 513 894 480 998 571 969 604 soccer-ball-field 0.4426
469 964 435 928 811 585 844 621 harbor 0.9868
189 380 137 332 400 46 453 95 harbor 0.9831
343 720 308 689 601 361 636 392 harbor 0.9669
775 1150 736 1110 1105 740 1144 779 harbor 0.9253
939 1439 923 1424 1101 1237 1117 1253 harbor 0.3967
612 1061 535 1010 848 541 925 592 harbor 0.3663
344 837 301 806 654 320 696 351 harbor 0.3623
1041 1520 953 1478 1300 745 1387 787 harbor 0.2889
698 724 674 704 808 545 831 564 harbor 0.1305
768 1112 705 1059 1045 662 1108 716 harbor 0.1115
745 379 777 351 814 395 782 423 swimming-pool 0.1533
