237 446 193 368 300 308 344 386 plane 0.9991
143 354 107 270 217 224 252 309 plane 0.9988
2160 2586 2112 2470 2242 2417 2290 2533 plane 0.9983
136 537 81 444 196 376 251 470 plane 0.9983
197 173 250 148 278 209 225 233 plane 0.9962
1695 2583 1643 2488 1763 2422 1815 2517 plane 0.9962
2397 2023 2510 1971 2568 2096 2455 2149 plane 0.9959
1063 1202 1136 1160 1186 1247 1114 1289 plane 0.9934
818 2707 923 2670 963 2782 857 2819 plane 0.9933
1079 2956 1038 2857 1144 2814 1185 2912 plane 0.9929
2201 2208 2261 2184 2286 2246 2225 2270 plane 0.9887
1442 2807 1501 2779 1532 2844 1473 2872 plane 0.9854
2639 2184 2616 2116 2687 2092 2710 2160 plane 0.9842
2852 2118 2917 2081 2964 2164 2899 2201 plane 0.9833
128 225 101 185 156 148 183 188 plane 0.9681
1657 740 1725 710 1762 794 1694 824 plane 0.9679
2503 2291 2480 2231 2541 2208 2564 2268 plane 0.9658
1731 2648 1725 2566 1811 2559 1818 2641 plane 0.9611
953 2651 1013 2621 1048 2691 988 2721 plane 0.9573
1193 1149 1239 1123 1273 1181 1227 1208 plane 0.9560
61 273 43 230 98 206 117 249 plane 0.9312
1055 2571 1041 2525 1099 2507 1113 2553 plane 0.8003
578 2054 526 2034 557 1950 609 1969 plane 0.5214
2476 1827 2462 1770 2521 1754 2536 1812 plane 0.3754
3211 857 3175 795 3325 707 3361 769 bridge 0.4002
2492 466 2510 457 2540 522 2521 531 large-vehicle 0.7168
2667 332 2689 324 2712 382 2690 390 large-vehicle 0.3018
822 672 809 649 899 599 911 622 large-vehicle 0.2965
2495 568 2516 560 2539 618 2518 626 large-vehicle 0.1574
811 2018 825 2008 860 2060 847 2069 large-vehicle 0.1517
731 1931 753 1924 765 1959 743 1967 large-vehicle 0.1340
1033 2502 1019 2481 1080 2437 1095 2459 large-vehicle 0.1220
2798 812 2852 811 2852 869 2799 869 storage-tank 0.9971
2811 773 2757 772 2758 714 2812 715 storage-tank 0.9971
2779 891 2727 890 2728 835 2780 836 storage-tank 0.9957
2741 795 2685 794 2686 736 2742 738 storage-tank 0.9956
2658 529 2702 528 2703 582 2660 583 storage-tank 0.9921
2625 452 2674 451 2674 505 2625 505 storage-tank 0.9919
2686 602 2733 602 2733 652 2686 653 storage-tank 0.9897
2641 427 2593 426 2593 373 2642 373 storage-tank 0.9823
55 325 4 324 5 262 56 263 storage-tank 0.1238
579 2057 521 2040 548 1950 606 1967 helicopter 0.3703
1035 2592 1016 2528 1105 2503 1123 2567 helicopter 0.2050
