10 2108 -8 2084 140 1966 159 1990 bridge 0.2095
1617 3380 1641 3267 1805 3302 1780 3416 bridge 0.1651
1383 452 1410 425 1578 597 1551 623 ship 0.9937
1460 762 1488 741 1633 932 1605 953 ship 0.9919
1607 630 1636 598 1768 721 1739 753 ship 0.9897
729 649 709 627 821 527 840 549 ship 0.9700
1204 277 1178 239 1391 90 1418 128 ship 0.9622
1424 790 1455 763 1621 954 1590 981 ship 0.8154
1182 227 1163 200 1261 132 1280 159 ship 0.7372
1390 813 1417 786 1591 964 1563 991 ship 0.7055
1133 544 1154 513 1301 614 1280 644 ship 0.7043
898 520 888 475 1087 430 1097 475 ship 0.6589
1396 430 1426 392 1626 551 1595 588 ship 0.5638
1875 804 1890 790 1954 858 1940 872 ship 0.5601
1342 834 1338 781 1393 777 1397 830 ship 0.5440
4 299 12 266 82 282 74 315 ship 0.5167
-4 281 -7 256 70 244 74 270 ship 0.2626
1262 734 1316 731 1319 793 1266 796 ship 0.2226
1539 320 1519 306 1562 247 1582 262 ship 0.1750
-4 251 0 216 45 223 40 258 ship 0.1696
1165 204 1140 165 1368 15 1393 54 ship 0.1439
821 653 807 634 876 582 890 601 ship 0.1231
2460 2063 2539 2062 2539 2144 2461 2145 storage-tank 0.9935
2394 1978 2460 1978 2460 2050 2394 2050 storage-tank 0.9925
1171 933 1110 932 1111 868 1172 869 storage-tank 0.9915
1035 939 1094 938 1095 1002 1036 1002 storage-tank 0.9829
2356 605 2414 605 2414 666 2356 666 storage-tank 0.9825
2560 2182 2627 2181 2629 2252 2562 2254 storage-tank 0.9789
1049 805 1103 805 1103 859 1050 860 storage-tank 0.9784
916 1461 866 1460 867 1408 917 1409 storage-tank 0.9766
2632 2270 2703 2269 2705 2344 2634 2345 storage-tank 0.9763
2185 1923 2136 1923 2136 1869 2185 1870 storage-tank 0.9693
1196 999 1195 947 1247 946 1248 998 storage-tank 0.9674
2087 1936 2138 1936 2139 1989 2088 1990 storage-tank 0.9665
2655 2175 2655 2103 2727 2103 2727 2175 storage-tank 0.9657
2057 1817 2109 1817 2109 1871 2057 1871 storage-tank 0.9651
2315 2113 2362 2110 2364 2159 2317 2162 storage-tank 0.9544
931 1476 981 1475 982 1530 932 1530 storage-tank 0.9518
1191 1091 1247 1091 1247 1149 1191 1149 storage-tank 0.9509
1995 1818 1996 1764 2051 1765 2050 1819 storage-tank 0.9493
2107 1754 2156 1754 2156 1807 2107 1807 storage-tank 0.9406
2266 2104 2267 2055 2316 2057 2315 2106 storage-tank 0.9391
2007 1883 2062 1882 2063 1937 2008 1938 storage-tank 0.9365
2634 2060 2560 2057 2563 1980 2637 1983 storage-tank 0.9341
979 1529 1031 1529 1032 1585 979 1585 storage-tank 0.9276
1083 1434 1130 1433 1130 1486 1083 1487 storage-tank 0.9229
977 925 978 874 1031 875 1030 926 storage-tank 0.9204
954 850 907 848 909 793 956 796 storage-tank 0.9203
2413 2232 2462 2230 2465 2281 2416 2283 storage-tank 0.9070
2357 2379 2406 2378 2408 2431 2359 2432 storage-tank 0.9063
2370 2178 2417 2177 2418 2225 2371 2227 storage-tank 0.9048
967 1412 919 1412 919 1361 967 1361 storage-tank 0.9003
2083 1759 2034 1755 2038 1700 2087 1704 storage-tank 0.8965
2937 1586 2883 1583 2885 1525 2940 1528 storage-tank 0.8925
1276 877 1336 873 1340 933 1280 937 storage-tank 0.8910
1020 1365 972 1364 973 1312 1021 1312 storage-tank 0.8798
818 1353 869 1352 870 1406 819 1407 storage-tank 0.8734
2800 2267 2730 2267 2730 2193 2800 2193 storage-tank 0.8606
2515 2457 2563 2457 2564 2508 2516 2508 storage-tank 0.8552
2558 1980 2482 1976 2486 1897 2561 1901 storage-tank 0.8517
2314 2222 2361 2221 2362 2270 2315 2272 storage-tank 0.8499
2183 1810 2230 1809 2230 1863 2184 1863 storage-tank 0.8433
2558 2513 2607 2511 2609 2563 2560 2565 storage-tank 0.8380
917 1358 869 1358 870 1309 917 1309 storage-tank 0.8363
2514 2347 2561 2344 2564 2394 2517 2397 storage-tank 0.8314
2405 2438 2451 2436 2452 2488 2407 2489 storage-tank 0.8293
2263 2159 2308 2159 2308 2206 2264 2206 storage-tank 0.8258
2457 2390 2503 2388 2505 2442 2460 2444 storage-tank 0.8098
2412 2390 2410 2342 2459 2341 2460 2389 storage-tank 0.8021
1612 446 1545 438 1554 366 1620 374 storage-tank 0.8001
2362 2281 2409 2280 2410 2328 2363 2329 storage-tank 0.7909
2466 2297 2515 2295 2516 2345 2468 2346 storage-tank 0.7577
1269 1024 1324 1022 1326 1081 1271 1083 storage-tank 0.7548
1132 740 1182 737 1186 790 1135 793 storage-tank 0.7408
2461 2504 2506 2502 2508 2551 2463 2554 storage-tank 0.7373
1079 1435 1033 1435 1033 1382 1079 1382 storage-tank 0.7320
978 1433 1031 1428 1035 1483 983 1488 storage-tank 0.7052
1029 1481 1081 1479 1082 1537 1031 1539 storage-tank 0.7032
1198 853 1195 800 1248 796 1252 849 storage-tank 0.6881
1355 949 1404 947 1406 1001 1358 1003 storage-tank 0.6812
2307 2372 2305 2326 2351 2324 2353 2370 storage-tank 0.6792
1195 735 1195 678 1252 678 1252 735 storage-tank 0.6751
979 734 1021 734 1022 781 979 781 storage-tank 0.6548
746 1268 686 1264 690 1199 750 1202 storage-tank 0.6521
1170 1074 1119 1072 1121 1018 1172 1020 storage-tank 0.6368
2718 2594 2762 2592 2764 2640 2721 2642 storage-tank 0.5845
2616 2472 2664 2467 2669 2516 2620 2521 storage-tank 0.5721
2571 2418 2616 2413 2622 2460 2577 2466 storage-tank 0.5631
2260 2268 2303 2266 2305 2314 2263 2316 storage-tank 0.5294
2907 570 2967 570 2968 634 2907 635 storage-tank 0.5231
1584 360 1599 308 1656 324 1641 377 storage-tank 0.5064
2506 2560 2555 2558 2556 2609 2508 2611 storage-tank 0.4917
913 669 959 668 961 721 914 723 storage-tank 0.4651
970 1313 919 1312 920 1259 971 1260 storage-tank 0.4514
1944 1821 2003 1820 2005 1886 1945 1888 storage-tank 0.4408
1262 737 1317 736 1319 793 1264 795 storage-tank 0.4277
2567 2624 2610 2617 2617 2663 2574 2670 storage-tank 0.4047
2617 2581 2660 2574 2668 2622 2625 2629 storage-tank 0.3249
2670 2633 2713 2629 2718 2683 2675 2687 storage-tank 0.2753
2617 2674 2663 2670 2668 2720 2622 2725 storage-tank 0.2327
2171 2084 2170 2043 2215 2043 2215 2084 storage-tank 0.2310
1078 570 1133 569 1135 628 1080 629 storage-tank 0.2113
1094 707 1084 664 1133 654 1143 697 storage-tank 0.1872
947 591 990 587 994 636 951 639 storage-tank 0.1856
2337 679 2293 677 2295 629 2339 631 storage-tank 0.1258
2672 2541 2715 2534 2722 2581 2679 2587 storage-tank 0.1210
1063 1144 1116 1137 1124 1194 1071 1201 storage-tank 0.1084
896 506 891 463 1088 439 1093 482 harbor 0.6477
