1100 2461 887 2026 1394 1778 1607 2213 plane 0.9638
439 2947 370 2683 663 2606 732 2870 plane 0.8013
1406 4633 1266 4390 1541 4232 1680 4475 plane 0.7651
805 3388 665 3199 891 3033 1031 3222 plane 0.7593
819 3608 889 3351 1176 3430 1107 3686 plane 0.7347
2404 4623 2297 4450 2558 4289 2664 4462 plane 0.6660
1500 4870 1520 4605 1821 4628 1800 4893 plane 0.6403
1796 5244 1658 5075 1864 4908 2001 5076 plane 0.4824
1628 4611 1590 4554 1671 4500 1710 4557 plane 0.4760
1396 2686 1329 2521 1537 2435 1604 2600 plane 0.4610
2989 5551 2862 5410 3058 5234 3184 5374 plane 0.4465
3646 109 3690 107 3693 182 3649 184 plane 0.4015
2468 4711 2440 4660 2546 4602 2574 4653 plane 0.3561
1803 4920 1767 4869 1840 4818 1875 4869 plane 0.3509
3782 277 3844 328 3765 422 3704 370 plane 0.3346
1543 2543 1526 2482 1615 2458 1631 2519 plane 0.3128
2365 3911 2372 3870 2429 3881 2422 3921 plane 0.3067
816 3084 772 3032 858 2959 902 3010 plane 0.3050
1706 4530 1700 4484 1767 4474 1774 4520 plane 0.3039
2289 4409 2250 4326 2375 4267 2415 4350 plane 0.2988
682 3007 690 2951 769 2962 761 3019 plane 0.2789
2073 3980 1965 3821 2191 3668 2299 3826 plane 0.2767
1634 5198 1601 5158 1664 5107 1696 5147 plane 0.2661
3370 5833 3370 5787 3450 5787 3450 5833 plane 0.2547
3318 6205 3235 6040 3473 5920 3556 6084 plane 0.2537
3173 5485 3186 5446 3246 5467 3233 5506 plane 0.2500
2615 4880 2550 4764 2709 4674 2774 4791 plane 0.2393
1130 3646 1093 3597 1171 3539 1208 3589 plane 0.2387
2634 5031 2603 4969 2717 4912 2748 4974 plane 0.2386
1967 5238 1930 5195 2013 5122 2051 5165 plane 0.2352
2696 4539 2700 4498 2751 4502 2747 4543 plane 0.2280
470 1311 461 982 883 970 892 1299 plane 0.2254
3231 5925 3234 5870 3321 5874 3318 5929 plane 0.2173
1503 4669 1464 4611 1550 4552 1589 4609 plane 0.1935
2600 4438 2599 4385 2664 4384 2664 4437 plane 0.1904
3031 5607 3016 5565 3094 5538 3109 5580 plane 0.1901
2267 3910 2286 3871 2338 3897 2319 3936 plane 0.1809
2646 4554 2664 4515 2717 4538 2700 4578 plane 0.1799
1306 2496 1272 2447 1372 2378 1405 2426 plane 0.1780
678 3108 651 3054 723 3017 751 3071 plane 0.1773
1475 2354 1453 2298 1542 2263 1564 2319 plane 0.1691
1450 2810 1422 2757 1538 2697 1566 2750 plane 0.1679
2790 5339 2778 5294 2861 5273 2872 5318 plane 0.1673
3117 5330 3141 5294 3196 5331 3172 5367 plane 0.1603
3150 5422 3176 5384 3228 5420 3202 5457 plane 0.1509
1555 2714 1568 2664 1647 2684 1634 2734 plane 0.1455
3689 91 3716 93 3712 145 3685 143 plane 0.1441
3294 5848 3308 5810 3365 5831 3352 5868 plane 0.1425
2637 4513 2657 4472 2709 4498 2689 4538 plane 0.1421
2301 3948 2317 3908 2374 3932 2358 3971 plane 0.1419
2529 4850 2523 4795 2609 4786 2615 4842 plane 0.1407
1685 4561 1684 4519 1749 4516 1751 4559 plane 0.1403
950 3382 912 3324 1009 3261 1047 3320 plane 0.1389
3390 5798 3386 5762 3443 5755 3448 5790 plane 0.1377
2230 3814 2243 3756 2324 3774 2311 3832 plane 0.1366
881 3015 873 2980 937 2965 945 3000 plane 0.1365
3176 5510 3190 5481 3234 5503 3220 5532 plane 0.1355
2250 3962 2260 3925 2310 3938 2301 3975 plane 0.1350
3309 5898 3332 5857 3396 5892 3373 5933 plane 0.1328
1205 2511 1188 2474 1272 2435 1289 2472 plane 0.1294
2723 4505 2743 4470 2790 4496 2770 4531 plane 0.1291
2187 4025 2178 3978 2268 3961 2277 4008 plane 0.1249
2902 5499 2874 5454 2954 5405 2982 5450 plane 0.1220
2717 4750 2703 4687 2789 4668 2804 4731 plane 0.1190
2708 4900 2712 4853 2786 4860 2782 4907 plane 0.1166
2177 3546 2203 3519 2253 3566 2227 3593 plane 0.1140
1544 2633 1559 2579 1634 2600 1619 2654 plane 0.1113
2850 4719 2865 4682 2917 4704 2902 4740 plane 0.1113
3227 5516 3232 5487 3273 5494 3268 5524 plane 0.1109
3074 5556 3082 5520 3147 5533 3139 5570 plane 0.1101
2669 4481 2685 4447 2725 4466 2709 4499 plane 0.1095
705 3171 683 3075 818 3044 840 3140 plane 0.1090
2677 4640 2704 4604 2760 4646 2733 4682 plane 0.1057
1192 3583 1181 3548 1266 3521 1277 3556 plane 0.1049
2334 3875 2346 3837 2391 3852 2379 3889 plane 0.1038
1608 2648 1618 2609 1667 2623 1657 2661 plane 0.1028
1476 6387 1496 6366 1543 6410 1523 6431 small-vehicle 0.1068
693 4898 716 4877 803 4970 780 4991 large-vehicle 0.1698
1933 3744 1919 3704 2025 3665 2040 3705 large-vehicle 0.1464
2137 4076 2107 4041 2186 3973 2216 4007 large-vehicle 0.1116
1795 3447 1761 3406 1887 3301 1921 3341 large-vehicle 0.1083
2634 5031 2603 4969 2717 4912 2748 4974 large-vehicle 0.1067
904 1990 891 1954 970 1927 982 1963 large-vehicle 0.1026
1933 3744 1919 3704 2025 3665 2040 3705 ship 0.1041
943 5588 1083 5563 1115 5745 975 5770 roundabout 0.2013
1809 5228 1662 5078 1833 4909 1980 5059 swimming-pool 0.1032
1446 4828 1532 4582 1857 4697 1770 4942 helicopter 0.1437
2005 3928 2003 3724 2257 3722 2259 3927 helicopter 0.1163
1809 5228 1662 5078 1833 4909 1980 5059 helicopter 0.1107
