504 1111 697 1205 589 1426 396 1331 baseball-diamond 0.6622
2394 2693 2617 2796 2510 3028 2287 2925 baseball-diamond 0.2599
481 1287 538 1266 563 1334 506 1355 baseball-diamond 0.2505
1682 2541 1709 2287 1994 2319 1966 2572 baseball-diamond 0.2444
1776 410 2548 183 2984 1665 2212 1892 ground-track-field 0.6196
1569 2355 1497 1825 2457 1695 2529 2225 ground-track-field 0.2641
341 1287 504 937 896 1119 733 1469 ground-track-field 0.1458
344 2622 365 2625 359 2671 339 2668 small-vehicle 0.1436
1623 59 1629 44 1651 54 1645 68 small-vehicle 0.1219
340 2539 359 2539 360 2577 341 2577 small-vehicle 0.1081
1508 420 1523 417 1528 449 1513 451 small-vehicle 0.1038
1221 709 1243 710 1240 757 1218 756 small-vehicle 0.1008
1892 2606 1880 2589 1945 2548 1956 2565 large-vehicle 0.2137
2558 1656 2544 1639 2593 1597 2608 1614 large-vehicle 0.1636
1210 133 1211 112 1265 113 1264 134 large-vehicle 0.1621
1660 2485 1677 2474 1730 2555 1714 2566 large-vehicle 0.1396
1829 3019 1824 2999 1879 2986 1884 3007 large-vehicle 0.1223
1200 836 1201 816 1251 817 1251 837 large-vehicle 0.1089
2653 412 2655 387 2709 391 2707 416 large-vehicle 0.1072
2383 1733 2376 1717 2431 1690 2439 1706 large-vehicle 0.1065
1687 293 1688 275 1739 276 1738 295 large-vehicle 0.1011
482 165 590 174 572 381 463 372 tennis-court 0.9440
601 470 721 468 724 682 604 684 tennis-court 0.9391
465 463 576 463 575 682 465 682 tennis-court 0.9382
623 164 730 168 723 378 616 374 tennis-court 0.9122
330 159 441 163 433 375 323 371 tennis-court 0.9106
323 466 427 464 431 667 326 669 tennis-court 0.9074
1567 2224 1592 1811 2445 1862 2421 2275 tennis-court 0.1070
1776 410 2548 183 2984 1665 2212 1892 basketball-court 0.1034
1569 2355 1497 1825 2457 1695 2529 2225 soccer-ball-field 0.7490
2016 407 2566 380 2626 1569 2076 1597 soccer-ball-field 0.4425
791 2025 1597 2003 1625 3002 819 3024 soccer-ball-field 0.1606
1729 2817 1975 2267 2689 2587 2442 3137 soccer-ball-field 0.1148
341 1287 504 937 896 1119 733 1469 roundabout 0.1665
2466 1788 2488 1777 2504 1809 2482 1820 roundabout 0.1215
2207 411 2649 531 2381 1518 1939 1398 harbor 0.1247
623 169 728 171 723 379 618 377 swimming-pool 0.1210
