1835 2677 1824 2646 1871 2629 1883 2659 plane 0.2435
2024 2563 2010 2539 2057 2512 2071 2536 plane 0.1738
2208 2451 2195 2426 2243 2403 2255 2428 plane 0.1694
3046 1350 3053 1330 3088 1341 3081 1362 plane 0.1004
2098 636 2119 624 2166 706 2145 718 large-vehicle 0.2507
1586 912 1614 897 1673 1005 1645 1020 large-vehicle 0.2496
386 1512 411 1496 466 1583 440 1599 large-vehicle 0.2249
1748 843 1769 828 1829 916 1808 930 large-vehicle 0.2087
612 2160 627 2152 661 2209 646 2217 large-vehicle 0.2045
1610 2279 1628 2269 1670 2343 1652 2353 large-vehicle 0.1922
368 1543 393 1527 442 1605 417 1621 large-vehicle 0.1842
550 1409 580 1392 633 1486 603 1503 large-vehicle 0.1830
533 2029 553 2018 597 2097 577 2108 large-vehicle 0.1774
1465 2371 1486 2359 1528 2427 1507 2440 large-vehicle 0.1761
334 1785 360 1768 424 1867 398 1884 large-vehicle 0.1746
435 1473 458 1459 518 1555 495 1569 large-vehicle 0.1711
1540 2320 1563 2303 1612 2369 1589 2386 large-vehicle 0.1710
1811 819 1834 804 1887 882 1864 898 large-vehicle 0.1604
467 1458 488 1446 542 1534 521 1547 large-vehicle 0.1580
1717 2306 1737 2293 1784 2371 1764 2383 large-vehicle 0.1545
1506 2339 1525 2326 1566 2388 1546 2401 large-vehicle 0.1543
1447 2385 1466 2372 1508 2431 1489 2445 large-vehicle 0.1420
1676 924 1698 919 1713 991 1691 995 large-vehicle 0.1362
320 1581 344 1567 388 1642 363 1656 large-vehicle 0.1358
1674 2331 1693 2321 1738 2402 1719 2412 large-vehicle 0.1339
1576 2299 1597 2285 1641 2349 1621 2363 large-vehicle 0.1235
404 1893 422 1881 457 1935 439 1947 large-vehicle 0.1229
406 1493 429 1476 494 1563 472 1580 large-vehicle 0.1201
1499 2359 1516 2347 1554 2403 1536 2415 large-vehicle 0.1190
1433 2391 1452 2382 1479 2438 1460 2447 large-vehicle 0.1137
1524 2322 1546 2311 1583 2383 1561 2394 large-vehicle 0.1125
2223 610 2237 605 2250 645 2236 650 large-vehicle 0.1086
1984 674 2013 659 2057 742 2029 757 large-vehicle 0.1082
2849 2120 2843 2104 2887 2087 2893 2103 large-vehicle 0.1078
999 2147 1014 2123 1071 2159 1056 2183 ship 0.2497
896 2217 908 2193 961 2219 948 2243 ship 0.2382
845 2241 860 2227 896 2266 881 2280 ship 0.2371
947 2187 958 2165 1009 2193 998 2215 ship 0.2348
972 2168 986 2147 1035 2180 1021 2201 ship 0.2163
810 2259 824 2245 865 2289 851 2303 ship 0.1979
1029 2123 1044 2100 1101 2138 1085 2161 ship 0.1950
869 2231 881 2214 922 2245 910 2262 ship 0.1949
923 2199 932 2177 980 2196 971 2218 ship 0.1736
767 2277 776 2260 831 2290 822 2307 ship 0.1703
1053 2114 1064 2093 1122 2124 1110 2146 ship 0.1630
829 2248 843 2237 872 2273 858 2284 ship 0.1616
1592 909 1621 897 1662 998 1634 1010 ship 0.1126
1088 2105 1100 2089 1137 2117 1125 2133 ship 0.1101
3060 2299 3152 2333 3112 2441 3020 2407 storage-tank 0.1330
3036 2306 3142 2309 3139 2437 3032 2434 swimming-pool 0.1368
853 2687 887 2688 886 2735 852 2735 swimming-pool 0.1288
