1696 614 2458 525 2658 2256 1896 2344 ground-track-field 0.6213
377 1660 476 1010 1694 1195 1595 1845 ground-track-field 0.1500
2134 2377 2138 2357 2177 2364 2173 2384 small-vehicle 0.2392
326 2321 325 2302 366 2299 368 2318 small-vehicle 0.2141
863 671 885 675 879 719 856 716 small-vehicle 0.1942
845 755 866 757 863 799 842 797 small-vehicle 0.1767
1035 764 1053 761 1059 802 1041 804 small-vehicle 0.1753
724 669 748 668 749 718 725 719 small-vehicle 0.1675
1120 688 1139 693 1126 736 1108 731 small-vehicle 0.1646
1295 2346 1294 2334 1318 2331 1319 2343 small-vehicle 0.1634
1245 592 1263 597 1254 637 1235 633 small-vehicle 0.1620
1739 711 1761 711 1760 759 1738 758 small-vehicle 0.1612
694 864 718 860 727 912 703 916 small-vehicle 0.1607
565 637 562 619 601 613 604 631 small-vehicle 0.1556
1621 725 1639 711 1667 745 1649 760 small-vehicle 0.1550
690 2347 691 2332 729 2334 729 2349 small-vehicle 0.1547
637 858 658 861 652 912 631 909 small-vehicle 0.1540
922 2335 924 2321 955 2326 953 2340 small-vehicle 0.1510
813 756 832 757 829 797 810 796 small-vehicle 0.1497
462 868 478 863 489 900 472 905 small-vehicle 0.1497
634 742 658 743 657 791 633 791 small-vehicle 0.1496
1767 594 1786 592 1792 635 1773 637 small-vehicle 0.1494
855 613 854 594 897 591 898 610 small-vehicle 0.1490
505 862 525 857 537 903 517 908 small-vehicle 0.1480
464 745 483 743 487 782 469 784 small-vehicle 0.1464
653 865 672 865 671 911 652 910 small-vehicle 0.1463
930 614 928 597 963 593 965 610 small-vehicle 0.1459
1679 704 1698 705 1694 750 1675 748 small-vehicle 0.1430
766 862 788 864 784 911 761 908 small-vehicle 0.1412
751 758 771 754 778 795 758 798 small-vehicle 0.1410
798 674 819 677 813 723 792 721 small-vehicle 0.1391
1421 694 1440 701 1423 744 1404 737 small-vehicle 0.1384
503 673 524 667 537 714 515 720 small-vehicle 0.1371
579 855 598 859 587 908 568 904 small-vehicle 0.1356
201 302 199 284 243 280 244 298 small-vehicle 0.1353
1646 708 1666 703 1680 750 1660 756 small-vehicle 0.1351
477 585 485 566 519 580 511 599 small-vehicle 0.1342
570 673 592 667 604 712 583 718 small-vehicle 0.1340
648 674 665 678 658 719 641 716 small-vehicle 0.1331
1873 734 1888 722 1914 754 1900 767 small-vehicle 0.1329
1684 600 1700 599 1703 638 1687 639 small-vehicle 0.1323
1235 693 1254 690 1260 731 1241 734 small-vehicle 0.1318
693 599 693 585 724 586 724 600 small-vehicle 0.1312
1053 608 1057 591 1109 602 1105 619 small-vehicle 0.1306
1161 691 1176 697 1161 736 1146 730 small-vehicle 0.1298
1167 605 1174 588 1213 605 1206 622 small-vehicle 0.1297
1387 603 1403 610 1389 643 1373 636 small-vehicle 0.1275
838 675 860 677 856 724 834 722 small-vehicle 0.1269
202 28 201 9 241 7 242 25 small-vehicle 0.1267
1803 712 1820 715 1813 756 1796 752 small-vehicle 0.1252
47 2312 50 2296 85 2304 82 2321 small-vehicle 0.1245
1116 606 1124 590 1154 605 1146 621 small-vehicle 0.1241
519 595 520 577 564 579 564 596 small-vehicle 0.1232
811 601 813 586 848 589 846 604 small-vehicle 0.1229
541 754 559 742 586 782 568 794 small-vehicle 0.1224
596 857 615 862 604 907 585 903 small-vehicle 0.1215
1295 600 1312 602 1306 642 1289 640 small-vehicle 0.1214
674 671 695 672 693 720 672 719 small-vehicle 0.1208
966 609 967 593 1006 597 1004 612 small-vehicle 0.1202
1819 597 1838 597 1838 636 1819 636 small-vehicle 0.1201
1336 696 1350 697 1347 728 1333 727 small-vehicle 0.1193
1398 696 1414 701 1401 742 1384 736 small-vehicle 0.1192
504 743 521 740 529 782 511 785 small-vehicle 0.1189
1788 596 1808 596 1809 639 1789 639 small-vehicle 0.1180
784 2329 793 2316 819 2334 810 2347 small-vehicle 0.1178
2395 2379 2399 2365 2433 2374 2429 2388 small-vehicle 0.1171
1407 606 1424 603 1432 641 1414 644 small-vehicle 0.1170
1057 689 1080 689 1080 738 1057 738 small-vehicle 0.1166
1159 1077 1159 1064 1185 1064 1185 1077 small-vehicle 0.1160
1836 601 1858 594 1872 637 1850 644 small-vehicle 0.1147
701 670 723 671 721 718 699 718 small-vehicle 0.1146
1365 694 1382 696 1377 739 1360 737 small-vehicle 0.1141
721 858 744 860 740 909 717 908 small-vehicle 0.1139
1727 715 1744 721 1732 755 1715 749 small-vehicle 0.1139
630 597 634 580 667 587 664 604 small-vehicle 0.1127
1841 721 1860 717 1868 761 1849 764 small-vehicle 0.1122
482 864 501 861 508 900 489 904 small-vehicle 0.1104
1429 601 1445 600 1448 640 1432 641 small-vehicle 0.1103
1347 695 1361 695 1362 728 1348 728 small-vehicle 0.1099
1101 695 1118 697 1114 734 1097 733 small-vehicle 0.1091
1788 144 1783 129 1812 119 1817 134 small-vehicle 0.1083
1529 599 1543 603 1532 644 1518 639 small-vehicle 0.1077
1560 600 1575 601 1573 640 1558 639 small-vehicle 0.1077
1176 693 1195 697 1186 739 1168 735 small-vehicle 0.1074
1293 763 1311 762 1311 804 1294 804 small-vehicle 0.1068
1342 796 1353 782 1382 806 1371 820 small-vehicle 0.1053
193 109 204 94 237 119 226 134 small-vehicle 0.1048
551 679 569 672 583 710 565 717 small-vehicle 0.1045
1855 605 1874 593 1900 635 1881 647 small-vehicle 0.1045
1360 599 1374 604 1363 635 1349 630 small-vehicle 0.1045
560 856 578 859 570 906 552 903 small-vehicle 0.1034
687 745 705 746 703 788 685 787 small-vehicle 0.1033
751 596 753 581 789 585 787 600 small-vehicle 0.1030
1547 598 1561 601 1553 643 1539 641 small-vehicle 0.1019
611 893 623 883 643 908 631 918 small-vehicle 0.1015
1311 691 1325 691 1324 721 1310 721 small-vehicle 0.1014
1025 688 1044 687 1045 731 1026 731 small-vehicle 0.1009
769 674 789 676 784 717 765 715 small-vehicle 0.1009
1394 800 1400 784 1436 796 1430 812 small-vehicle 0.1004
728 750 746 751 743 790 725 789 small-vehicle 0.1002
427 1047 431 1025 527 1039 524 1061 large-vehicle 0.1672
1439 1102 1439 1081 1529 1080 1529 1101 large-vehicle 0.1552
309 1037 311 1015 398 1023 396 1044 large-vehicle 0.1443
252 111 267 92 323 136 308 155 large-vehicle 0.1321
1053 608 1057 591 1109 602 1105 619 large-vehicle 0.1246
829 2179 827 2163 871 2158 873 2174 large-vehicle 0.1168
265 1917 288 1916 293 1989 270 1990 large-vehicle 0.1163
1522 721 1522 707 1554 707 1554 720 large-vehicle 0.1138
213 1222 232 1223 224 1331 205 1329 large-vehicle 0.1034
265 1917 288 1916 293 1989 270 1990 ship 0.1282
980 299 1083 301 1077 516 974 513 tennis-court 0.9637
855 294 959 301 945 515 842 508 tennis-court 0.9609
1110 300 1213 306 1201 529 1097 523 tennis-court 0.9604
1309 308 1415 314 1403 533 1297 527 tennis-court 0.9541
724 297 824 298 822 515 722 514 tennis-court 0.9506
1431 317 1541 313 1549 539 1439 543 tennis-court 0.9252
1660 1878 1713 1882 1703 2016 1650 2012 tennis-court 0.5499
1701 1883 1750 1883 1749 2014 1699 2013 tennis-court 0.2982
727 1214 894 1221 883 1498 716 1491 basketball-court 0.2266
1684 2132 1720 2048 1866 2110 1829 2195 basketball-court 0.1706
1659 1875 1716 1881 1702 2019 1645 2013 basketball-court 0.1282
843 304 946 296 962 510 860 518 basketball-court 0.1133
714 300 823 293 836 507 727 513 basketball-court 0.1006
647 1712 562 1177 1586 1014 1671 1549 soccer-ball-field 0.8966
309 2142 297 1623 1332 1599 1344 2118 soccer-ball-field 0.8506
1897 929 2458 907 2504 2050 1943 2072 soccer-ball-field 0.6744
727 1214 894 1221 883 1498 716 1491 soccer-ball-field 0.1681
244 2366 284 1988 1440 2111 1400 2488 soccer-ball-field 0.1669
132 1167 468 924 812 1401 475 1644 soccer-ball-field 0.1526
1004 1836 1162 1752 1301 2013 1143 2097 soccer-ball-field 0.1084
1897 929 2458 907 2504 2050 1943 2072 harbor 0.1105
