361 480 376 488 360 517 345 509 small-vehicle 0.7481
199 788 213 795 199 825 184 818 small-vehicle 0.7304
883 272 902 275 897 315 878 313 small-vehicle 0.6404
776 813 794 816 789 855 771 853 small-vehicle 0.5971
553 470 566 461 585 488 573 497 small-vehicle 0.5525
737 242 748 249 730 278 718 271 small-vehicle 0.1055
884 272 902 275 897 315 878 312 large-vehicle 0.2382
776 813 794 816 789 855 771 853 large-vehicle 0.1795
188 443 603 276 775 699 360 867 storage-tank 0.1117
220 386 635 311 713 745 298 820 roundabout 0.7945
71 384 292 430 237 692 16 646 roundabout 0.1523
