1985 4985 1997 4982 2005 5009 1993 5012 small-vehicle 0.1056
3751 3486 3770 3470 3838 3546 3819 3563 large-vehicle 0.1431
2816 3625 2876 3670 2782 3795 2722 3749 tennis-court 0.1900
2213 949 2277 1012 2149 1142 2085 1079 tennis-court 0.1032
601 822 970 681 1124 1086 755 1226 roundabout 0.4348
3404 1013 3814 1088 3728 1556 3319 1481 roundabout 0.1196
-3 3923 108 3861 202 4031 90 4094 swimming-pool 0.5254
454 1740 439 1687 546 1655 562 1709 swimming-pool 0.3521
2816 3625 2876 3670 2782 3795 2722 3749 swimming-pool 0.3461
2207 951 2272 1013 2154 1139 2088 1078 swimming-pool 0.2998
3587 4889 3678 4860 3721 4993 3631 5022 swimming-pool 0.2833
2318 3425 2278 3376 2428 3256 2467 3305 swimming-pool 0.2790
3664 4888 3714 4857 3766 4939 3716 4971 swimming-pool 0.1863
458 1752 464 1718 529 1731 522 1765 swimming-pool 0.1521
474 1697 453 1663 519 1622 541 1656 swimming-pool 0.1329
13 4052 40 4013 93 4049 67 4088 swimming-pool 0.1309
1804 427 1842 391 1925 478 1887 514 swimming-pool 0.1291
3557 4931 3587 4905 3630 4956 3601 4981 swimming-pool 0.1203
2779 3621 2815 3646 2758 3728 2722 3702 swimming-pool 0.1186
