473 968 484 957 509 983 497 993 small-vehicle 0.7124
701 295 718 301 706 333 689 326 small-vehicle 0.6986
283 967 300 975 282 1014 265 1006 small-vehicle 0.6833
452 981 460 970 487 990 479 1001 small-vehicle 0.6663
702 1071 700 1056 735 1052 737 1067 small-vehicle 0.6652
492 1057 510 1058 508 1095 491 1094 small-vehicle 0.6572
441 1001 449 991 473 1010 465 1021 small-vehicle 0.6453
853 95 870 103 854 141 837 133 small-vehicle 0.6435
783 725 798 724 800 758 785 759 small-vehicle 0.6403
785 763 802 761 807 798 790 800 small-vehicle 0.6401
496 947 510 942 522 975 507 980 small-vehicle 0.6371
702 1058 695 1045 724 1030 731 1043 small-vehicle 0.6355
693 1022 684 1008 712 990 721 1004 small-vehicle 0.6294
835 256 850 261 838 291 824 285 small-vehicle 0.6217
659 1050 674 1052 671 1085 656 1083 small-vehicle 0.6168
706 1107 705 1091 739 1091 739 1107 small-vehicle 0.6124
704 1090 702 1074 736 1070 738 1086 small-vehicle 0.6000
782 460 797 461 796 493 781 492 small-vehicle 0.5973
828 487 850 487 850 538 828 538 small-vehicle 0.5941
494 1025 509 1025 510 1056 495 1056 small-vehicle 0.5828
639 945 657 947 652 984 635 982 small-vehicle 0.5817
519 945 534 942 541 976 526 979 small-vehicle 0.5790
307 654 326 657 319 700 300 697 small-vehicle 0.5699
548 1066 562 1066 562 1098 548 1098 small-vehicle 0.5690
802 351 822 355 815 402 794 398 small-vehicle 0.5658
642 1039 657 1042 650 1077 635 1074 small-vehicle 0.5651
779 632 794 631 795 661 781 662 small-vehicle 0.5647
586 1072 600 1073 596 1105 583 1103 small-vehicle 0.5633
770 1155 779 1141 809 1161 800 1175 small-vehicle 0.5573
709 1125 709 1110 742 1110 742 1125 small-vehicle 0.5554
781 688 795 686 800 718 786 720 small-vehicle 0.5508
569 1030 583 1031 580 1065 566 1063 small-vehicle 0.5505
547 1029 563 1027 567 1061 551 1063 small-vehicle 0.5454
848 217 864 221 853 253 838 248 small-vehicle 0.5421
607 1079 621 1084 611 1114 597 1110 small-vehicle 0.5410
534 1029 548 1029 547 1061 533 1060 small-vehicle 0.5380
568 1071 582 1073 577 1105 563 1103 small-vehicle 0.5344
697 1039 690 1026 720 1011 726 1024 small-vehicle 0.5336
671 1001 667 986 700 976 704 991 small-vehicle 0.5326
587 1032 601 1031 602 1064 587 1064 small-vehicle 0.5318
513 1025 529 1025 529 1057 514 1057 small-vehicle 0.5310
215 996 229 1002 215 1033 202 1027 small-vehicle 0.5297
159 427 175 427 174 461 158 460 small-vehicle 0.5275
515 1063 529 1065 525 1096 511 1095 small-vehicle 0.5275
542 943 557 942 560 976 545 977 small-vehicle 0.5216
623 1082 638 1085 632 1118 617 1115 small-vehicle 0.5184
640 1085 656 1087 652 1121 636 1119 small-vehicle 0.5182
772 577 791 573 800 622 781 626 small-vehicle 0.5169
668 956 681 962 669 989 656 983 small-vehicle 0.5115
578 940 593 939 596 970 581 971 small-vehicle 0.5056
561 947 575 945 578 976 565 977 small-vehicle 0.4929
706 164 720 170 709 198 695 193 small-vehicle 0.4889
518 1145 530 1148 524 1176 511 1173 small-vehicle 0.4876
725 118 739 123 724 161 709 156 small-vehicle 0.4856
606 1035 619 1035 618 1067 604 1067 small-vehicle 0.4816
660 1090 674 1093 668 1122 654 1120 small-vehicle 0.4816
120 412 133 411 136 443 122 444 small-vehicle 0.4794
67 558 82 559 80 593 65 592 small-vehicle 0.4766
430 1117 444 1121 436 1152 422 1148 small-vehicle 0.4719
621 939 635 941 631 973 616 971 small-vehicle 0.4691
240 964 252 972 236 1000 223 992 small-vehicle 0.4651
414 1035 420 1023 449 1037 443 1049 small-vehicle 0.4595
424 1018 433 1005 458 1023 450 1035 small-vehicle 0.4595
531 1066 544 1067 542 1097 529 1096 small-vehicle 0.4593
22 541 39 539 42 576 26 578 small-vehicle 0.4578
623 1038 637 1040 633 1072 619 1070 small-vehicle 0.4533
597 937 612 937 613 971 598 971 small-vehicle 0.4530
49 550 63 550 63 580 49 580 small-vehicle 0.4515
394 1098 396 1083 428 1087 426 1101 small-vehicle 0.4457
400 1124 398 1111 424 1107 426 1120 small-vehicle 0.4407
789 418 803 420 800 448 786 446 small-vehicle 0.4357
85 570 99 568 102 597 89 599 small-vehicle 0.4350
97 404 111 403 113 435 99 436 small-vehicle 0.4328
496 1139 509 1140 507 1172 493 1171 small-vehicle 0.4055
190 1041 203 1050 184 1078 171 1069 small-vehicle 0.3992
450 1125 462 1131 451 1157 438 1151 small-vehicle 0.3877
78 396 91 395 92 423 79 424 small-vehicle 0.3788
778 516 796 517 794 571 776 570 small-vehicle 0.3641
38 378 51 375 57 404 44 406 small-vehicle 0.3553
842 788 858 786 860 822 844 823 small-vehicle 0.3536
478 1140 491 1143 485 1172 473 1170 small-vehicle 0.3518
839 680 832 662 883 642 890 660 small-vehicle 0.3502
836 721 851 718 856 750 842 752 small-vehicle 0.3477
756 36 773 40 763 75 746 71 small-vehicle 0.3302
743 76 757 82 744 114 730 108 small-vehicle 0.3209
59 383 73 384 73 414 59 414 small-vehicle 0.3197
465 1136 477 1140 467 1168 455 1164 small-vehicle 0.3115
107 578 120 577 122 604 109 605 small-vehicle 0.3013
646 370 658 379 641 404 629 396 small-vehicle 0.2980
888 262 902 267 892 296 877 291 small-vehicle 0.2974
159 1086 173 1095 156 1121 142 1112 small-vehicle 0.2970
833 685 850 684 853 712 836 714 small-vehicle 0.2937
674 245 689 252 675 281 660 274 small-vehicle 0.2813
914 198 926 203 916 232 903 228 small-vehicle 0.2532
407 1072 413 1060 436 1071 430 1083 small-vehicle 0.2525
535 1152 546 1154 542 1177 530 1175 small-vehicle 0.2459
130 1125 144 1131 133 1160 119 1155 small-vehicle 0.2459
695 207 706 216 687 239 676 230 small-vehicle 0.2187
756 1172 762 1157 800 1169 795 1185 small-vehicle 0.2111
184 999 198 1002 191 1035 176 1032 small-vehicle 0.2074
602 1176 602 1166 622 1165 622 1175 small-vehicle 0.2031
888 489 910 491 902 574 880 572 small-vehicle 0.1694
418 1056 425 1044 451 1057 445 1070 small-vehicle 0.1661
584 1166 591 1160 604 1176 597 1182 small-vehicle 0.1619
883 570 905 572 901 641 878 639 small-vehicle 0.1460
550 1152 562 1151 565 1176 553 1178 small-vehicle 0.1396
846 1059 859 1060 858 1084 844 1083 small-vehicle 0.1147
217 983 208 968 238 950 247 964 small-vehicle 0.1100
884 681 900 683 897 721 881 720 small-vehicle 0.1050
778 516 796 517 794 571 776 570 large-vehicle 0.5700
841 678 835 663 884 645 889 660 large-vehicle 0.5602
889 488 908 490 902 572 883 571 large-vehicle 0.4485
773 578 792 574 801 618 782 622 large-vehicle 0.4284
826 486 848 485 851 538 829 539 large-vehicle 0.2593
802 352 824 357 814 403 791 398 large-vehicle 0.2252
883 570 903 572 898 646 879 645 large-vehicle 0.2105
283 965 301 974 282 1013 264 1005 large-vehicle 0.1841
309 654 326 658 317 699 299 695 large-vehicle 0.1716
851 95 869 101 856 140 837 133 large-vehicle 0.1692
643 1038 658 1041 651 1075 636 1072 large-vehicle 0.1244
588 1031 601 1032 601 1064 587 1064 large-vehicle 0.1231
785 762 803 761 806 797 789 799 large-vehicle 0.1203
605 1034 619 1035 619 1067 605 1067 large-vehicle 0.1080
877 493 893 496 874 577 859 573 large-vehicle 0.1064
843 788 859 788 859 822 843 822 large-vehicle 0.1051
623 1038 637 1040 633 1072 619 1070 large-vehicle 0.1047
623 1038 637 1040 633 1072 619 1070 ship 0.2380
606 1035 619 1035 618 1067 604 1067 ship 0.1975
641 1040 655 1043 649 1076 635 1074 ship 0.1951
588 1031 601 1032 601 1064 587 1064 ship 0.1581
496 1139 509 1140 507 1172 493 1171 ship 0.1268
519 945 534 942 541 976 526 979 ship 0.1164
569 1030 583 1031 580 1065 566 1063 ship 0.1141
607 1075 622 1079 612 1111 597 1107 ship 0.1018
478 1140 491 1142 485 1172 472 1170 ship 0.1015
586 1072 600 1073 596 1105 583 1103 ship 0.1003
230 349 798 332 817 980 250 998 roundabout 0.9230
415 607 565 675 478 870 327 802 roundabout 0.1143
