2847 1472 2890 1420 2949 1468 2906 1520 plane 0.7708
2779 2847 2848 2863 2829 2946 2760 2931 plane 0.7211
1583 1141 1618 1093 1670 1132 1635 1179 plane 0.6895
2589 1094 2595 1040 2662 1048 2656 1101 plane 0.6487
3029 1392 3058 1370 3085 1407 3056 1429 plane 0.6127
3471 284 3525 305 3500 369 3446 348 plane 0.6027
2224 3397 2259 3370 2295 3418 2260 3445 plane 0.5951
854 3354 903 3346 914 3411 865 3419 plane 0.5747
910 1406 919 1347 982 1358 972 1416 plane 0.5710
1602 1315 1611 1266 1675 1277 1667 1327 plane 0.5627
2760 1306 2790 1272 2831 1308 2802 1342 plane 0.5552
1117 1620 1109 1576 1172 1564 1181 1608 plane 0.5486
1131 1290 1132 1240 1203 1241 1202 1291 plane 0.5480
1122 1455 1119 1407 1182 1403 1184 1451 plane 0.5335
897 2001 948 1985 966 2043 916 2059 plane 0.5331
1115 1531 1133 1481 1191 1502 1174 1551 plane 0.5314
2338 1078 2381 1074 2386 1131 2342 1134 plane 0.5241
2143 3466 2162 3413 2232 3437 2213 3491 plane 0.5223
2362 1206 2379 1177 2417 1199 2400 1228 plane 0.5159
2705 1358 2748 1331 2783 1387 2741 1414 plane 0.5086
903 1523 956 1526 952 1588 899 1585 plane 0.4937
2613 1185 2622 1140 2684 1152 2676 1197 plane 0.4927
2239 1080 2286 1072 2298 1134 2250 1142 plane 0.4883
895 2125 891 2076 961 2071 964 2119 plane 0.4872
2988 1531 3027 1527 3032 1581 2993 1584 plane 0.4830
3149 1554 3191 1549 3198 1604 3156 1609 plane 0.4794
2817 1216 2849 1190 2880 1230 2848 1255 plane 0.4761
1151 1193 1153 1144 1213 1146 1211 1195 plane 0.4746
947 3304 979 3273 1015 3311 983 3342 plane 0.4502
933 1145 977 1151 968 1208 924 1202 plane 0.4448
2150 1250 2158 1198 2222 1208 2213 1260 plane 0.4383
1982 1173 2019 1167 2028 1215 1991 1222 plane 0.4297
2521 1300 2565 1272 2597 1322 2554 1350 plane 0.4281
3086 1288 3125 1286 3128 1336 3089 1339 plane 0.4228
2168 1333 2180 1300 2223 1315 2211 1348 plane 0.4190
3317 1902 3362 1907 3355 1964 3310 1959 plane 0.4054
1766 2676 1753 2638 1801 2622 1814 2660 plane 0.3758
2337 1284 2363 1255 2401 1289 2374 1318 plane 0.3749
2663 3117 2706 3091 2740 3146 2697 3172 plane 0.3664
2008 3513 2056 3500 2072 3559 2024 3571 plane 0.3641
2803 1603 2817 1567 2872 1589 2857 1625 plane 0.3440
2555 1231 2590 1209 2619 1254 2584 1276 plane 0.3418
3069 1547 3112 1551 3108 1603 3065 1600 plane 0.3198
3593 213 3601 172 3647 181 3639 222 plane 0.3131
1807 1268 1837 1263 1842 1298 1813 1303 plane 0.3041
2590 1657 2617 1630 2651 1664 2624 1690 plane 0.3018
2644 1808 2669 1803 2676 1835 2650 1840 plane 0.2795
1814 1345 1845 1331 1864 1375 1833 1388 plane 0.2708
2883 1142 2904 1137 2911 1164 2890 1169 plane 0.2524
2594 1526 2624 1531 2618 1565 2588 1560 plane 0.2499
2235 1214 2267 1185 2303 1223 2271 1253 plane 0.2447
3335 1691 3367 1691 3366 1739 3335 1738 plane 0.2430
2998 1934 3020 1914 3049 1947 3026 1967 plane 0.2416
2920 1926 2942 1912 2962 1945 2940 1959 plane 0.2415
2700 1788 2741 1790 2739 1841 2697 1839 plane 0.2374
1938 1288 1959 1276 1975 1306 1953 1317 plane 0.2240
2275 2439 2283 2408 2324 2418 2316 2449 plane 0.2210
2577 1499 2610 1488 2624 1530 2591 1541 plane 0.2175
2213 1299 2241 1278 2266 1311 2238 1332 plane 0.2143
2670 1759 2672 1723 2714 1726 2712 1762 plane 0.2130
2139 2470 2153 2445 2183 2461 2170 2486 plane 0.2108
2445 2062 2459 2042 2490 2065 2475 2085 plane 0.2057
1961 1300 1981 1282 2005 1311 1985 1328 plane 0.2029
1830 1245 1863 1237 1873 1278 1840 1286 plane 0.1919
1773 1188 1793 1183 1799 1208 1779 1212 plane 0.1905
2783 1654 2800 1624 2840 1646 2823 1676 plane 0.1901
2781 1242 2816 1214 2856 1264 2821 1291 plane 0.1870
2229 1247 2257 1230 2274 1257 2247 1275 plane 0.1833
2266 1298 2299 1283 2314 1318 2281 1332 plane 0.1830
1805 1194 1830 1189 1836 1221 1811 1226 plane 0.1823
2675 1801 2701 1801 2701 1834 2676 1835 plane 0.1793
2333 1187 2364 1174 2381 1215 2351 1229 plane 0.1791
2207 1129 2247 1114 2263 1157 2223 1172 plane 0.1735
1838 1306 1866 1298 1876 1332 1848 1340 plane 0.1688
2155 1151 2189 1138 2205 1178 2171 1192 plane 0.1680
2664 1784 2678 1753 2710 1768 2696 1799 plane 0.1650
2275 1245 2311 1236 2320 1270 2284 1279 plane 0.1631
2636 1752 2641 1718 2681 1724 2676 1758 plane 0.1621
3410 850 3420 828 3453 844 3442 866 plane 0.1606
2735 1318 2764 1292 2799 1331 2770 1357 plane 0.1563
705 3446 741 3448 737 3500 702 3497 plane 0.1543
2560 1520 2593 1514 2600 1550 2568 1556 plane 0.1533
3063 1377 3094 1362 3113 1399 3082 1414 plane 0.1529
1805 1109 1836 1105 1842 1143 1811 1147 plane 0.1511
2739 1741 2750 1713 2787 1727 2776 1756 plane 0.1507
2633 1784 2651 1758 2681 1779 2663 1805 plane 0.1500
1988 1316 2010 1303 2028 1332 2007 1346 plane 0.1500
1560 1335 1590 1334 1593 1395 1562 1397 plane 0.1453
1930 1190 1957 1179 1973 1217 1946 1228 plane 0.1447
2872 1108 2890 1087 2924 1117 2905 1138 plane 0.1436
1820 1157 1856 1157 1857 1201 1820 1201 plane 0.1422
1211 2756 1218 2740 1251 2756 1243 2772 plane 0.1413
1844 1193 1875 1189 1880 1226 1849 1230 plane 0.1413
2645 1355 2679 1349 2688 1396 2653 1402 plane 0.1410
2118 1291 2139 1285 2147 1314 2126 1319 plane 0.1394
2548 1363 2575 1354 2588 1393 2561 1403 plane 0.1376
2573 1450 2600 1441 2613 1480 2586 1489 plane 0.1355
2767 1672 2780 1652 2804 1668 2791 1688 plane 0.1355
2710 1785 2729 1755 2761 1776 2742 1806 plane 0.1326
1776 1165 1796 1160 1802 1185 1782 1190 plane 0.1305
1583 1167 1617 1149 1644 1199 1610 1217 plane 0.1286
1958 2581 1976 2559 2018 2595 2001 2616 plane 0.1281
1549 1191 1580 1187 1588 1256 1557 1260 plane 0.1264
2396 1433 2402 1411 2442 1423 2435 1444 plane 0.1235
3175 1392 3200 1391 3203 1435 3178 1437 plane 0.1235
1974 1248 1992 1233 2011 1255 1994 1270 plane 0.1233
1937 1252 1956 1240 1971 1265 1952 1277 plane 0.1233
886 1622 912 1609 931 1647 905 1660 plane 0.1227
1314 3116 1317 3090 1363 3096 1360 3121 plane 0.1222
3049 1347 3074 1330 3098 1366 3073 1383 plane 0.1221
1872 1172 1903 1167 1909 1206 1878 1211 plane 0.1214
2835 1131 2863 1114 2886 1151 2858 1168 plane 0.1211
2650 1664 2672 1650 2687 1676 2665 1689 plane 0.1202
2762 1717 2782 1695 2807 1719 2787 1741 plane 0.1170
3075 1414 3091 1397 3115 1419 3099 1436 plane 0.1163
2607 1726 2617 1700 2653 1713 2643 1740 plane 0.1157
1870 1241 1893 1236 1899 1264 1876 1269 plane 0.1156
900 3348 933 3332 954 3374 921 3391 plane 0.1152
2578 1617 2602 1603 2623 1636 2598 1651 plane 0.1130
1975 1336 1986 1320 2012 1338 2001 1354 plane 0.1119
1873 1298 1896 1294 1901 1321 1878 1325 plane 0.1119
2653 1697 2668 1672 2695 1688 2680 1713 plane 0.1116
1796 1154 1823 1149 1829 1180 1801 1185 plane 0.1115
2325 1137 2358 1127 2370 1167 2337 1177 plane 0.1112
1876 1272 1901 1270 1904 1300 1878 1302 plane 0.1111
1980 2619 1989 2598 2029 2614 2020 2635 plane 0.1103
2598 1746 2610 1726 2638 1743 2626 1764 plane 0.1092
2864 1204 2898 1195 2907 1233 2872 1241 plane 0.1088
2791 1701 2820 1690 2832 1722 2804 1733 plane 0.1078
1577 1213 1608 1199 1631 1248 1601 1263 plane 0.1064
1824 1382 1841 1376 1848 1397 1832 1403 plane 0.1062
2570 1202 2597 1176 2633 1213 2606 1239 plane 0.1054
3033 1938 3052 1927 3067 1953 3048 1965 plane 0.1051
2583 1794 2615 1794 2615 1836 2583 1836 plane 0.1042
1863 2814 1844 2792 1890 2753 1908 2775 plane 0.1037
2026 1322 2044 1312 2058 1337 2040 1347 plane 0.1024
2144 1331 2157 1310 2187 1328 2173 1350 plane 0.1023
1978 259 1989 242 2047 283 2036 299 bridge 0.2168
1663 717 1660 688 1726 680 1730 708 large-vehicle 0.1424
1549 1193 1579 1190 1586 1263 1556 1267 large-vehicle 0.1210
2200 2608 2184 2590 2231 2549 2247 2567 large-vehicle 0.1074
2906 2935 2942 2936 2941 2981 2905 2980 ship 0.1238
1152 1185 1160 1145 1215 1157 1207 1196 tennis-court 0.1241
3086 1288 3125 1286 3128 1336 3089 1339 tennis-court 0.1041
2008 3513 2056 3500 2072 3559 2024 3571 tennis-court 0.1023
2980 3007 3018 3013 3012 3058 2973 3052 storage-tank 0.4504
3145 2899 3185 2893 3191 2939 3151 2945 storage-tank 0.4166
3053 2855 3091 2851 3096 2896 3058 2901 storage-tank 0.4069
3055 3006 3089 3004 3092 3045 3058 3047 storage-tank 0.3998
3087 2927 3115 2923 3120 2953 3092 2958 storage-tank 0.3424
3192 2957 3222 2958 3221 2993 3191 2993 storage-tank 0.3421
3187 3002 3219 2999 3222 3040 3190 3042 storage-tank 0.3307
3076 3027 3112 3020 3122 3075 3087 3082 storage-tank 0.3186
2906 2935 2942 2936 2941 2981 2905 2980 storage-tank 0.2815
3130 3080 3164 3078 3167 3122 3133 3125 storage-tank 0.2653
3090 2891 3124 2892 3123 2928 3089 2927 storage-tank 0.2356
3101 2864 3133 2864 3133 2900 3101 2900 storage-tank 0.2308
3137 2942 3165 2945 3161 2977 3134 2974 storage-tank 0.2214
3180 2928 3213 2927 3214 2964 3181 2964 storage-tank 0.2058
1277 1140 1305 1121 1330 1159 1302 1178 storage-tank 0.1860
3048 2951 3076 2948 3079 2979 3052 2982 storage-tank 0.1834
3105 3065 3138 3061 3143 3102 3110 3106 storage-tank 0.1735
3147 2970 3172 2969 3173 3002 3148 3002 storage-tank 0.1697
3165 3041 3193 3036 3199 3068 3171 3073 storage-tank 0.1597
3097 2984 3125 2982 3129 3016 3100 3019 storage-tank 0.1580
2937 2968 2971 2966 2974 3014 2940 3016 storage-tank 0.1522
3020 2867 3049 2861 3056 2896 3027 2902 storage-tank 0.1403
2960 2888 2999 2887 3001 2931 2962 2933 storage-tank 0.1395
3119 3017 3145 3011 3153 3051 3127 3056 storage-tank 0.1326
2988 2974 3021 2974 3021 3013 2988 3013 storage-tank 0.1197
3206 2910 3233 2902 3242 2929 3215 2938 storage-tank 0.1083
2915 2191 2996 2181 3008 2284 2927 2293 storage-tank 0.1078
1272 1184 1300 1169 1322 1208 1295 1224 storage-tank 0.1067
3145 2859 3172 2851 3182 2881 3155 2890 storage-tank 0.1041
3218 2841 3238 2817 3267 2842 3246 2866 storage-tank 0.1001
1954 912 2061 866 2115 992 2007 1038 roundabout 0.2396
2897 2197 2986 2170 3018 2279 2928 2305 roundabout 0.1490
2003 3514 2047 3497 2070 3555 2025 3572 harbor 0.1601
1115 1453 1119 1404 1183 1409 1179 1457 harbor 0.1189
2659 3113 2707 3096 2728 3154 2680 3171 harbor 0.1051
1115 1531 1133 1481 1191 1502 1174 1551 harbor 0.1005
3091 1280 3130 1283 3126 1339 3088 1337 swimming-pool 0.1101
1157 1182 1169 1143 1222 1159 1209 1198 swimming-pool 0.1089
2008 3512 2058 3503 2070 3567 2020 3577 helicopter 0.1440
2786 2849 2854 2869 2830 2950 2762 2930 helicopter 0.1390
1121 1530 1130 1479 1190 1489 1182 1540 helicopter 0.1326
1119 1455 1120 1404 1187 1405 1186 1456 helicopter 0.1295
2247 1072 2292 1071 2294 1131 2248 1132 helicopter 0.1275
1115 1623 1108 1578 1173 1567 1180 1612 helicopter 0.1269
1141 1296 1132 1249 1198 1236 1207 1283 helicopter 0.1265
895 2125 891 2076 961 2071 964 2119 helicopter 0.1099
1154 1196 1154 1148 1211 1148 1211 1196 helicopter 0.1077
901 1525 960 1530 955 1597 895 1592 helicopter 0.1060
3094 1285 3135 1291 3126 1344 3086 1337 helicopter 0.1055
899 1997 953 1984 969 2049 914 2062 helicopter 0.1005
