295 285 293 272 323 266 325 280 plane 0.1317
388 472 405 470 410 507 393 509 small-vehicle 0.7902
285 490 302 485 313 522 297 527 small-vehicle 0.7869
227 463 243 460 249 498 232 500 small-vehicle 0.7784
260 450 276 446 285 482 269 486 small-vehicle 0.7546
397 428 414 426 420 463 402 465 small-vehicle 0.7507
248 496 266 495 269 534 251 536 small-vehicle 0.7500
278 447 295 442 305 477 289 481 small-vehicle 0.7465
357 436 373 433 379 464 364 467 small-vehicle 0.7464
306 484 322 480 331 514 315 518 small-vehicle 0.7424
295 311 313 307 320 345 303 348 small-vehicle 0.7420
209 374 225 369 237 406 221 411 small-vehicle 0.7412
360 339 377 336 383 371 366 374 small-vehicle 0.7363
353 302 369 297 378 331 362 336 small-vehicle 0.7350
324 347 341 343 349 377 332 381 small-vehicle 0.7322
376 434 392 430 400 465 383 468 small-vehicle 0.7302
373 292 390 290 394 326 377 328 small-vehicle 0.7294
339 439 355 436 361 470 345 473 small-vehicle 0.7233
276 313 292 310 300 348 283 352 small-vehicle 0.7227
398 330 414 326 423 363 407 367 small-vehicle 0.7225
188 503 207 501 211 541 192 543 small-vehicle 0.7149
302 355 320 350 330 386 312 391 small-vehicle 0.7122
318 305 335 303 338 341 321 342 small-vehicle 0.7122
320 438 337 436 343 473 326 475 small-vehicle 0.7107
379 335 395 331 403 364 387 368 small-vehicle 0.7048
198 328 216 324 225 364 207 369 small-vehicle 0.7047
363 471 381 467 390 504 372 508 small-vehicle 0.7037
335 296 352 294 358 332 341 335 small-vehicle 0.7035
186 378 203 374 213 412 196 416 small-vehicle 0.6924
343 479 360 474 368 508 352 512 small-vehicle 0.6916
324 479 340 475 349 509 333 513 small-vehicle 0.6902
342 342 357 338 365 371 349 374 small-vehicle 0.6852
300 444 318 441 324 478 306 481 small-vehicle 0.6813
392 287 410 284 416 321 399 324 small-vehicle 0.6746
264 581 282 579 286 620 268 622 small-vehicle 0.6621
222 901 237 893 252 924 237 931 small-vehicle 0.6167
184 878 200 870 217 907 201 914 small-vehicle 0.5920
434 536 451 529 465 566 448 572 small-vehicle 0.5129
433 914 428 899 458 889 463 904 small-vehicle 0.4474
459 115 474 116 472 145 457 144 small-vehicle 0.4124
402 579 396 562 431 549 437 565 small-vehicle 0.2545
365 809 360 796 390 783 395 797 small-vehicle 0.2389
341 561 359 557 366 592 348 596 small-vehicle 0.2144
321 566 338 564 342 595 324 597 small-vehicle 0.1763
159 847 156 835 183 829 186 841 small-vehicle 0.1665
284 578 301 577 303 614 285 615 small-vehicle 0.1545
303 569 322 570 321 609 302 608 small-vehicle 0.1495
539 697 554 702 544 730 529 724 small-vehicle 0.1311
308 863 322 857 337 890 322 896 small-vehicle 0.1255
248 89 251 56 458 75 455 108 large-vehicle 0.2637
298 446 315 440 327 477 310 482 large-vehicle 0.1695
52 115 53 84 162 86 162 117 large-vehicle 0.1510
183 878 199 869 219 904 203 913 large-vehicle 0.1398
398 329 413 326 422 363 407 366 large-vehicle 0.1365
320 438 337 436 343 473 326 475 large-vehicle 0.1313
189 505 207 502 212 540 195 543 large-vehicle 0.1257
198 328 216 324 225 364 207 369 large-vehicle 0.1053
244 794 240 770 310 757 315 782 large-vehicle 0.1045
263 581 282 578 287 620 268 622 large-vehicle 0.1042
372 292 390 290 395 326 377 328 large-vehicle 0.1036
51 70 52 36 239 40 238 75 large-vehicle 0.1026
47 117 47 86 228 84 228 115 ship 0.1179
