255 986 268 974 308 1015 295 1027 large-vehicle 0.2094
231 1008 246 997 278 1039 263 1049 large-vehicle 0.1614
300 967 311 961 331 998 320 1004 large-vehicle 0.1598
591 1231 583 1220 619 1192 627 1203 large-vehicle 0.1239
68 1004 76 998 96 1027 89 1032 large-vehicle 0.1056
85 999 95 992 121 1032 112 1039 large-vehicle 0.1053
63 1010 69 1005 87 1025 80 1031 large-vehicle 0.1002
466 678 477 669 506 702 495 712 ship 0.6815
531 613 546 602 579 644 564 656 ship 0.6766
499 633 514 622 546 665 532 676 ship 0.6595
440 690 452 681 482 722 469 731 ship 0.6462
41 218 65 204 138 328 114 342 ship 0.6096
254 584 267 572 323 632 310 644 ship 0.6044
569 577 582 564 623 605 610 618 ship 0.5946
552 591 567 580 602 624 588 635 ship 0.5920
489 650 501 639 532 674 520 685 ship 0.5775
666 651 677 659 653 689 642 680 ship 0.5478
625 590 613 578 650 543 661 555 ship 0.5295
915 1114 926 1104 951 1134 940 1143 ship 0.5189
743 941 739 925 782 914 787 930 ship 0.5107
192 458 212 447 253 523 234 533 ship 0.4903
621 521 633 531 604 566 592 556 ship 0.4881
416 720 426 710 454 740 443 750 ship 0.4867
925 987 914 967 981 929 993 950 ship 0.4739
607 509 619 518 590 557 578 547 ship 0.4731
888 1127 899 1121 918 1155 907 1161 ship 0.4688
962 1083 975 1073 1005 1113 992 1123 ship 0.4675
983 1434 1001 1437 995 1483 977 1481 ship 0.4656
729 990 726 975 766 967 769 982 ship 0.4300
1007 1046 995 1033 1037 993 1050 1006 ship 0.4264
265 636 277 623 325 670 313 682 ship 0.4241
676 573 688 583 657 620 645 610 ship 0.4154
558 736 568 739 558 768 548 764 ship 0.4138
728 903 721 892 751 874 758 885 ship 0.4127
949 1057 938 1040 982 1012 993 1029 ship 0.4119
701 600 712 610 685 642 674 632 ship 0.4102
539 723 550 724 545 759 534 758 ship 0.4100
563 689 575 687 579 721 567 722 ship 0.4049
617 608 631 614 615 652 601 646 ship 0.4020
741 927 733 915 763 896 770 908 ship 0.4012
957 1439 972 1441 966 1481 951 1479 ship 0.4006
683 842 677 829 717 811 723 825 ship 0.4002
496 718 499 704 532 709 530 723 ship 0.3989
880 1237 892 1231 909 1268 897 1274 ship 0.3922
778 663 790 673 756 715 743 704 ship 0.3919
635 628 646 632 634 665 623 661 ship 0.3909
479 852 474 835 530 817 535 833 ship 0.3902
711 886 705 873 740 854 747 867 ship 0.3823
363 772 368 761 401 775 396 786 ship 0.3818
851 1008 844 990 897 969 905 988 ship 0.3809
236 573 251 566 269 602 254 610 ship 0.3697
672 656 683 659 674 693 663 690 ship 0.3692
705 944 705 932 739 932 739 944 ship 0.3672
932 1105 943 1098 964 1129 953 1136 ship 0.3639
697 858 688 847 719 821 728 832 ship 0.3562
406 730 418 722 440 755 428 763 ship 0.3546
440 783 432 771 466 747 474 759 ship 0.3507
892 1073 884 1061 935 1028 943 1041 ship 0.3482
989 1493 1007 1498 994 1537 977 1532 ship 0.3414
651 856 655 843 687 851 683 864 ship 0.3378
149 398 162 390 180 423 167 431 ship 0.3308
624 740 638 743 628 781 614 778 ship 0.3287
706 873 696 861 726 835 736 847 ship 0.3271
479 802 475 791 503 780 507 791 ship 0.3251
745 952 742 937 788 928 791 943 ship 0.3241
611 733 624 733 623 765 611 765 ship 0.3207
-7 142 8 133 46 199 30 208 ship 0.3203
725 713 738 714 736 746 722 744 ship 0.3169
398 755 405 744 433 763 426 773 ship 0.3167
866 1145 877 1139 893 1166 882 1173 ship 0.3153
856 1255 866 1250 883 1281 873 1287 ship 0.3096
583 484 602 492 577 551 558 543 ship 0.3088
585 777 598 773 607 804 594 808 ship 0.3069
682 904 681 893 712 890 713 901 ship 0.3067
845 1263 856 1258 870 1289 859 1294 ship 0.3040
431 708 441 701 463 734 453 741 ship 0.3040
591 708 604 710 597 741 584 739 ship 0.3001
484 879 481 864 525 855 528 870 ship 0.2871
403 805 396 791 437 770 444 784 ship 0.2863
872 1291 886 1287 895 1321 881 1325 ship 0.2856
945 1494 961 1492 965 1532 949 1533 ship 0.2852
767 738 754 724 805 677 818 692 ship 0.2805
695 928 695 917 721 915 722 926 ship 0.2789
727 978 724 965 761 956 764 969 ship 0.2779
832 1269 845 1265 853 1297 840 1300 ship 0.2771
257 983 271 972 305 1018 291 1028 ship 0.2764
653 643 663 651 642 678 632 671 ship 0.2746
48 209 62 196 92 226 79 240 ship 0.2729
231 1008 246 997 278 1039 263 1049 ship 0.2682
901 976 908 967 932 987 925 996 ship 0.2605
599 770 610 769 613 799 602 800 ship 0.2586
340 751 333 742 371 711 379 720 ship 0.2578
566 744 576 747 568 773 558 771 ship 0.2526
718 924 714 914 741 903 745 913 ship 0.2514
890 1117 892 1107 921 1113 919 1123 ship 0.2434
869 1244 880 1238 897 1272 887 1278 ship 0.2426
725 1010 719 994 769 976 775 992 ship 0.2351
876 1101 876 1091 901 1089 902 1099 ship 0.2344
435 830 444 822 470 851 461 859 ship 0.2327
1085 406 1107 412 1098 446 1076 441 ship 0.2299
468 855 470 840 518 848 516 863 ship 0.2282
721 964 719 952 749 946 751 958 ship 0.2279
944 1094 955 1084 982 1115 971 1125 ship 0.2196
544 699 554 696 563 723 553 726 ship 0.2137
1069 1725 1097 1729 1071 1895 1044 1891 ship 0.2111
366 789 375 782 394 806 385 813 ship 0.2085
637 744 648 748 636 778 625 774 ship 0.2053
600 719 611 722 603 753 592 750 ship 0.2040
880 1111 880 1102 904 1103 904 1112 ship 0.2011
730 712 741 707 755 738 744 743 ship 0.2008
666 619 674 616 684 646 676 649 ship 0.1989
672 884 679 875 699 888 692 898 ship 0.1970
608 768 619 768 621 797 610 797 ship 0.1914
461 687 472 681 493 720 482 726 ship 0.1897
885 1095 881 1083 919 1071 923 1082 ship 0.1892
694 917 694 906 719 904 719 915 ship 0.1858
593 744 604 747 597 776 586 774 ship 0.1820
882 1291 892 1285 909 1315 898 1321 ship 0.1756
837 1298 848 1292 869 1328 857 1335 ship 0.1751
363 759 362 749 389 746 390 756 ship 0.1697
976 1062 971 1051 998 1039 1003 1050 ship 0.1696
858 1084 863 1075 882 1086 877 1096 ship 0.1665
350 760 343 750 377 729 384 739 ship 0.1664
973 1071 974 1060 997 1064 996 1074 ship 0.1637
662 874 663 863 691 865 690 875 ship 0.1624
677 830 673 818 708 805 712 818 ship 0.1617
944 989 939 976 977 960 982 973 ship 0.1613
908 1120 920 1114 934 1145 922 1151 ship 0.1516
160 469 177 455 229 517 213 531 ship 0.1513
848 1054 854 1046 874 1061 868 1069 ship 0.1485
524 737 533 738 530 758 522 756 ship 0.1457
578 760 588 763 582 788 571 785 ship 0.1427
933 1090 932 1077 973 1073 975 1086 ship 0.1425
696 682 709 688 695 717 681 711 ship 0.1390
675 647 684 644 692 673 683 676 ship 0.1381
414 827 418 816 444 825 440 836 ship 0.1325
386 797 392 787 416 803 410 813 ship 0.1281
934 1450 945 1450 945 1477 934 1476 ship 0.1277
700 699 712 703 702 727 691 723 ship 0.1270
522 813 530 812 533 827 526 829 ship 0.1182
296 967 308 961 329 999 318 1006 ship 0.1181
748 718 757 714 768 738 759 742 ship 0.1156
533 691 537 677 571 686 567 700 ship 0.1124
660 559 671 568 643 600 632 591 ship 0.1099
862 1130 864 1118 891 1123 889 1135 ship 0.1082
547 1549 529 1516 586 1483 605 1516 tennis-court 0.1032
512 576 584 491 814 682 743 768 harbor 0.5851
882 1165 859 1098 1009 1046 1033 1112 harbor 0.4577
867 1044 839 1007 962 911 990 948 harbor 0.3831
627 820 704 776 809 960 731 1004 harbor 0.3607
888 1113 850 1054 996 959 1034 1018 harbor 0.2795
432 674 494 602 668 755 606 826 harbor 0.2597
955 1432 1014 1442 998 1533 939 1523 harbor 0.2260
816 1326 805 1266 916 1245 927 1305 harbor 0.2213
257 581 271 569 323 633 309 645 harbor 0.1441
41 218 65 204 138 328 114 342 harbor 0.1412
415 831 368 762 490 678 537 748 harbor 0.1386
400 895 392 826 520 811 528 880 harbor 0.1263
1002 1046 992 1033 1035 999 1046 1012 harbor 0.1043
192 458 212 447 253 523 234 533 harbor 0.1013
734 1399 717 1366 786 1331 803 1364 swimming-pool 0.1631
640 1660 617 1634 665 1592 688 1619 swimming-pool 0.1522
