1271 698 1275 681 1300 687 1296 704 plane 0.1135
841 560 970 521 1089 916 961 955 ground-track-field 0.2115
1487 53 1496 56 1490 79 1481 76 small-vehicle 0.1004
914 959 947 929 1011 999 978 1029 tennis-court 0.6352
776 844 817 817 874 903 833 930 tennis-court 0.6024
865 994 902 963 968 1042 932 1073 tennis-court 0.4813
830 828 876 802 925 887 879 914 tennis-court 0.4477
959 1281 1049 1344 935 1505 845 1442 tennis-court 0.3905
737 754 740 704 841 711 838 761 tennis-court 0.3659
487 2132 524 2162 458 2245 420 2216 tennis-court 0.2313
537 1097 634 1132 563 1332 466 1298 tennis-court 0.1583
743 650 770 622 830 679 803 707 tennis-court 0.1501
944 1424 974 1426 969 1503 939 1501 tennis-court 0.1225
957 1274 1044 1339 920 1505 833 1440 basketball-court 0.4021
539 1106 639 1148 565 1330 464 1288 basketball-court 0.2998
848 1011 884 941 1020 1010 985 1080 basketball-court 0.2892
758 869 805 797 935 882 887 954 basketball-court 0.2232
744 1186 874 1219 816 1446 686 1413 basketball-court 0.1890
970 1399 1007 1417 966 1500 929 1482 basketball-court 0.1182
685 692 748 630 854 739 791 800 basketball-court 0.1115
487 2132 524 2162 458 2245 420 2216 basketball-court 0.1105
1382 635 1421 643 1411 688 1372 680 storage-tank 0.1669
1418 584 1449 587 1446 623 1415 620 storage-tank 0.1521
1430 631 1465 634 1460 674 1426 671 storage-tank 0.1357
1364 604 1395 592 1410 633 1378 644 storage-tank 0.1333
808 634 926 547 1096 777 979 865 soccer-ball-field 0.3670
449 1285 552 1073 963 1273 860 1485 soccer-ball-field 0.2622
953 1283 1058 1335 960 1533 855 1481 soccer-ball-field 0.1821
697 649 786 620 836 772 748 801 soccer-ball-field 0.1125
137 744 456 504 778 933 460 1173 soccer-ball-field 0.1079
1451 943 1512 910 1550 982 1489 1015 roundabout 0.1247
