376 956 386 957 384 987 374 986 small-vehicle 0.1775
1001 984 1001 973 1022 972 1022 983 small-vehicle 0.1452
240 71 240 61 259 60 259 71 small-vehicle 0.1417
989 1080 990 1070 1012 1073 1010 1083 small-vehicle 0.1242
986 1127 988 1114 1012 1118 1010 1131 small-vehicle 0.1168
990 1071 990 1061 1011 1060 1012 1071 small-vehicle 0.1141
105 39 113 34 124 49 115 55 small-vehicle 0.1106
381 832 390 833 387 853 378 851 small-vehicle 0.1069
131 33 142 33 142 53 131 53 small-vehicle 0.1066
742 1230 740 1223 758 1219 760 1227 small-vehicle 0.1045
396 306 407 306 408 331 396 332 small-vehicle 0.1031
639 84 639 77 653 78 653 85 small-vehicle 0.1001
1180 184 1196 183 1204 261 1187 263 large-vehicle 0.1131
1088 733 1125 731 1128 812 1091 814 tennis-court 0.9249
1018 729 1062 727 1066 815 1022 817 tennis-court 0.9179
1083 863 1124 863 1123 948 1082 948 tennis-court 0.9142
1014 858 1060 859 1059 949 1013 949 tennis-court 0.8737
1157 734 1189 737 1182 811 1150 808 tennis-court 0.7529
1147 869 1179 868 1181 945 1149 945 tennis-court 0.5569
472 515 471 492 511 489 513 511 tennis-court 0.1569
1026 107 1042 106 1043 140 1027 140 tennis-court 0.1374
289 960 326 964 319 1022 282 1018 tennis-court 0.1013
1088 733 1125 731 1128 812 1091 814 basketball-court 0.1265
1014 858 1060 859 1059 949 1013 949 basketball-court 0.1207
1083 863 1124 863 1123 948 1082 948 basketball-court 0.1132
1018 729 1062 727 1066 815 1022 817 basketball-court 0.1030
523 513 527 489 575 496 571 521 swimming-pool 0.7400
267 690 295 688 297 740 269 742 swimming-pool 0.7315
277 267 307 264 312 316 282 319 swimming-pool 0.7187
542 267 541 241 593 240 593 267 swimming-pool 0.7142
471 513 471 490 510 490 510 513 swimming-pool 0.6844
271 549 301 547 305 595 275 597 swimming-pool 0.6710
1017 264 1035 251 1055 280 1037 293 swimming-pool 0.6599
269 621 299 622 298 676 268 676 swimming-pool 0.6558
961 480 982 460 1010 490 988 510 swimming-pool 0.6321
1024 444 1050 450 1043 487 1016 481 swimming-pool 0.6103
976 318 972 297 1002 291 1007 312 swimming-pool 0.6025
1033 60 1027 44 1053 34 1060 49 swimming-pool 0.5995
966 294 952 270 989 248 1003 272 swimming-pool 0.5939
451 827 455 803 505 811 501 835 swimming-pool 0.5879
251 1112 277 1109 282 1150 256 1154 swimming-pool 0.5753
942 558 940 534 985 530 987 554 swimming-pool 0.5661
937 850 934 825 972 820 975 845 swimming-pool 0.5481
742 811 737 786 784 777 788 802 swimming-pool 0.5453
805 1379 801 1359 833 1354 836 1373 swimming-pool 0.5216
261 912 280 912 281 940 262 941 swimming-pool 0.5121
1026 107 1042 108 1041 136 1025 135 swimming-pool 0.5038
969 911 997 921 986 954 958 944 swimming-pool 0.4702
580 1366 581 1345 621 1348 619 1369 swimming-pool 0.3548
511 1093 509 1065 549 1061 551 1089 swimming-pool 0.3476
460 532 466 510 515 523 509 545 swimming-pool 0.3003
810 1094 806 1075 844 1067 848 1086 swimming-pool 0.2449
961 1047 975 1043 982 1066 969 1070 swimming-pool 0.2448
744 837 739 820 768 813 772 830 swimming-pool 0.2181
777 1089 775 1073 809 1070 811 1086 swimming-pool 0.2042
254 691 274 696 265 733 244 727 swimming-pool 0.1679
808 1355 813 1337 843 1347 838 1364 swimming-pool 0.1380
782 1370 788 1354 810 1362 804 1378 swimming-pool 0.1210
1008 112 1023 114 1020 137 1006 135 swimming-pool 0.1197
527 826 528 811 569 813 569 827 swimming-pool 0.1128
989 461 1011 447 1033 482 1011 496 swimming-pool 0.1118
