562 444 608 361 709 417 663 500 plane 0.9048
1560 657 1590 574 1678 606 1648 689 plane 0.7783
1824 639 1944 636 1946 763 1827 765 plane 0.7338
1681 688 1714 611 1805 650 1772 727 plane 0.6562
392 561 423 457 544 492 514 597 plane 0.6098
621 2326 733 2374 683 2490 571 2441 plane 0.5558
2676 1356 2652 1304 2717 1273 2741 1326 plane 0.5493
920 2473 975 2396 1065 2460 1010 2537 plane 0.5317
2570 1193 2634 1199 2625 1294 2561 1287 plane 0.5316
2449 809 2489 773 2527 817 2487 852 plane 0.5156
2384 771 2436 776 2429 838 2378 833 plane 0.4673
2516 824 2556 794 2591 839 2551 870 plane 0.4525
2698 1765 2743 1755 2756 1812 2711 1822 plane 0.3724
789 2537 840 2467 930 2534 879 2603 plane 0.3706
3262 3303 3281 3266 3328 3291 3309 3328 plane 0.3552
2312 753 2358 753 2358 804 2312 804 plane 0.3547
1058 2360 1134 2316 1188 2408 1111 2452 plane 0.3018
2659 1549 2673 1509 2723 1526 2709 1567 plane 0.2715
2614 1680 2618 1640 2671 1646 2667 1686 plane 0.2705
1213 2380 1229 2331 1290 2350 1274 2400 plane 0.2353
2665 1457 2674 1423 2718 1435 2709 1469 plane 0.2090
1275 872 1329 814 1399 881 1345 938 plane 0.1693
2582 1736 2605 1715 2632 1744 2609 1765 plane 0.1680
1313 2253 1351 2227 1389 2282 1352 2309 plane 0.1511
2695 1511 2716 1495 2736 1522 2715 1538 plane 0.1496
2710 1548 2727 1526 2752 1545 2734 1567 plane 0.1327
2703 1418 2724 1394 2752 1419 2731 1443 plane 0.1305
1428 1814 1513 1809 1519 1920 1434 1925 plane 0.1275
2699 1462 2720 1451 2733 1475 2712 1486 plane 0.1213
2630 1538 2653 1523 2672 1552 2648 1567 plane 0.1203
2642 1585 2660 1562 2690 1585 2673 1608 plane 0.1150
2682 1580 2700 1558 2725 1578 2707 1600 plane 0.1083
1065 656 1033 500 1356 435 1388 591 ground-track-field 0.1080
358 1429 409 1437 395 1527 344 1519 tennis-court 0.1606
-13 1440 2 1372 116 1398 100 1467 basketball-court 0.4385
-25 1491 -11 1433 107 1460 94 1519 basketball-court 0.2028
411 2711 514 2732 478 2904 376 2882 basketball-court 0.1146
550 2926 554 2786 820 2795 816 2935 basketball-court 0.1125
74 1504 132 1494 148 1591 90 1601 basketball-court 0.1067
595 2889 624 2799 777 2848 748 2938 soccer-ball-field 0.1521
317 2922 458 2925 455 3082 314 3079 roundabout 0.3457
3500 10 3557 19 3546 80 3490 71 roundabout 0.1167
913 2475 970 2396 1064 2463 1007 2543 harbor 0.1966
1062 2356 1147 2323 1184 2416 1098 2450 harbor 0.1920
2570 1193 2634 1199 2625 1294 2561 1287 harbor 0.1406
386 558 417 460 549 502 518 600 harbor 0.1224
1282 889 1322 820 1408 870 1368 939 harbor 0.1187
800 2546 850 2473 936 2533 886 2605 harbor 0.1052
1859 624 1960 654 1927 767 1826 737 harbor 0.1015
1054 2358 1133 2317 1183 2411 1103 2452 helicopter 0.1758
916 2491 951 2398 1058 2438 1023 2531 helicopter 0.1754
2678 1360 2648 1304 2713 1269 2743 1326 helicopter 0.1517
1852 625 1958 656 1925 771 1819 741 helicopter 0.1390
791 2550 831 2473 928 2524 889 2601 helicopter 0.1311
2575 1193 2638 1207 2618 1298 2555 1284 helicopter 0.1282
1690 696 1713 612 1801 636 1778 720 helicopter 0.1274
390 583 389 475 532 473 533 581 helicopter 0.1170
1279 892 1318 819 1407 868 1367 940 helicopter 0.1144
