231 285 272 288 269 331 228 328 plane 0.1236
120 534 134 544 114 575 99 565 small-vehicle 0.2855
669 158 682 149 706 184 694 193 small-vehicle 0.1087
790 204 797 198 815 220 808 226 small-vehicle 0.1021
790 204 797 198 815 220 808 226 large-vehicle 0.1789
671 160 682 151 707 182 696 191 large-vehicle 0.1005
231 285 272 288 269 331 228 328 storage-tank 0.1139
229 284 273 288 269 331 226 327 roundabout 0.8407
859 272 898 280 889 321 851 313 roundabout 0.7287
316 354 358 362 351 405 308 397 roundabout 0.6755
667 338 690 351 676 377 652 363 roundabout 0.6296
484 500 515 512 502 543 471 532 roundabout 0.6092
884 134 896 135 895 148 884 147 roundabout 0.3528
