517 934 520 919 538 923 535 938 plane 0.4693
529 856 541 847 551 860 540 869 plane 0.3966
509 853 524 855 521 872 507 870 plane 0.2265
529 878 542 873 549 890 536 896 plane 0.1907
485 919 498 921 495 938 482 936 plane 0.1450
522 947 528 936 542 944 536 955 plane 0.1428
485 949 496 943 503 957 492 963 plane 0.1371
553 928 563 921 571 933 561 940 plane 0.1342
543 851 554 847 559 860 548 864 plane 0.1332
520 851 534 851 534 867 520 867 plane 0.1228
542 926 550 916 561 925 552 935 plane 0.1171
542 876 552 869 562 883 552 890 plane 0.1034
6 1318 30 1321 25 1365 2 1363 ground-track-field 0.5452
201 533 224 543 208 580 186 571 ground-track-field 0.3863
465 1366 484 1358 498 1390 478 1398 ground-track-field 0.3714
18 1073 63 1073 63 1129 18 1129 ground-track-field 0.1319
547 786 568 789 565 811 543 808 storage-tank 0.2822
1060 569 1088 574 1083 605 1055 601 storage-tank 0.1478
469 1369 488 1365 495 1395 477 1400 soccer-ball-field 0.2021
6 1318 32 1321 26 1367 1 1364 soccer-ball-field 0.1731
199 535 222 542 211 578 188 572 soccer-ball-field 0.1446
275 1092 307 1091 309 1126 277 1127 roundabout 0.4276
991 383 1028 375 1037 414 1001 423 roundabout 0.3881
231 332 271 330 273 372 233 374 roundabout 0.3046
25 1074 67 1078 62 1128 21 1124 roundabout 0.1936
616 486 660 499 647 547 602 535 roundabout 0.1414
4 1315 33 1318 28 1371 0 1368 roundabout 0.1142
545 786 566 789 563 810 542 808 roundabout 0.1020
6 1316 32 1318 27 1372 1 1369 swimming-pool 0.1394
18 1073 63 1073 63 1129 18 1129 swimming-pool 0.1168
