869 372 898 354 919 390 890 407 plane 0.1999
814 1214 807 1206 823 1192 830 1200 plane 0.1652
607 654 529 474 870 326 948 507 ground-track-field 0.7538
530 895 517 751 777 729 789 872 ground-track-field 0.2283
844 717 800 641 929 566 973 642 ground-track-field 0.1637
828 711 800 615 930 577 958 673 tennis-court 0.1374
683 505 694 442 816 463 805 526 basketball-court 0.1709
828 711 800 615 930 577 958 673 basketball-court 0.1115
827 713 796 630 931 579 962 662 soccer-ball-field 0.7380
583 886 556 752 762 711 789 844 soccer-ball-field 0.6900
636 670 548 518 835 350 924 503 soccer-ball-field 0.2754
377 978 467 984 461 1083 371 1077 roundabout 0.8487
1119 195 1184 175 1206 244 1141 264 roundabout 0.7911
837 246 873 252 866 291 830 285 roundabout 0.7267
1178 72 1286 87 1269 203 1162 188 roundabout 0.4362
1251 735 1285 728 1293 767 1259 774 roundabout 0.1090
1233 114 1263 120 1257 155 1226 150 roundabout 0.1021
