2 157 16 157 12 268 0 268 bridge 0.1284
453 52 449 36 491 25 495 42 small-vehicle 0.4356
461 29 456 14 492 4 496 19 small-vehicle 0.4012
459 27 456 13 493 5 496 20 large-vehicle 0.2946
454 52 450 35 490 25 494 42 large-vehicle 0.2590
461 29 456 14 492 4 496 19 ship 0.1271
455 52 450 36 491 23 496 39 ship 0.1086
410 393 488 394 484 560 406 559 tennis-court 0.9931
295 390 374 394 366 561 287 558 tennis-court 0.9876
530 117 608 116 609 283 531 283 tennis-court 0.9875
417 118 496 120 491 286 413 284 tennis-court 0.9864
180 111 257 109 260 274 182 275 tennis-court 0.9861
304 112 383 117 371 284 292 278 tennis-court 0.9856
529 395 606 399 598 559 521 556 tennis-court 0.9827
175 388 254 389 253 554 174 554 tennis-court 0.9755
422 105 498 113 481 284 405 277 basketball-court 0.1891
415 392 492 400 474 567 396 559 basketball-court 0.1538
539 115 612 121 597 296 523 290 basketball-court 0.1380
538 383 611 395 582 565 509 553 basketball-court 0.1256
301 109 377 113 367 283 292 279 basketball-court 0.1023
44 116 60 117 48 322 32 321 harbor 0.1787
1 115 18 115 14 293 -3 293 harbor 0.1296
