1518 328 1644 323 1649 473 1523 477 plane 0.9554
1154 369 1291 349 1314 509 1177 529 plane 0.9455
1860 1081 1905 955 2042 1004 1998 1130 plane 0.9341
1344 347 1477 333 1493 496 1360 509 plane 0.9311
2246 834 2370 893 2303 1033 2179 973 plane 0.9260
2129 754 2239 814 2171 938 2061 878 plane 0.9086
1082 791 1184 803 1169 929 1067 917 plane 0.9067
1330 29 1471 2 1502 161 1360 188 plane 0.9031
2221 359 2337 301 2400 426 2284 484 plane 0.8830
856 145 959 140 965 265 862 270 plane 0.8610
710 257 815 258 813 384 708 382 plane 0.8518
2078 320 2209 334 2193 487 2061 473 plane 0.8492
435 607 390 515 497 462 542 554 plane 0.8243
1207 776 1334 749 1362 886 1235 912 plane 0.8216
1724 742 1850 719 1878 870 1752 893 plane 0.8159
957 813 1059 822 1047 949 946 940 plane 0.7867
1895 333 2013 329 2018 473 1900 477 plane 0.7680
350 320 391 221 503 267 462 367 plane 0.7390
1927 702 2071 724 2044 901 1900 879 plane 0.7151
714 987 675 919 768 866 807 935 plane 0.5277
374 446 386 371 467 383 455 459 plane 0.3682
275 1021 238 910 385 860 423 971 plane 0.3507
447 995 405 933 498 871 540 933 plane 0.3278
463 438 483 423 502 448 483 462 plane 0.2733
445 350 454 326 485 338 475 362 plane 0.2224
474 424 482 398 510 406 503 432 plane 0.2090
525 534 513 504 547 492 559 521 plane 0.2009
2340 1032 2343 1013 2371 1017 2369 1036 plane 0.1607
448 394 458 371 488 384 479 407 plane 0.1368
529 776 541 749 573 764 561 791 plane 0.1218
461 375 462 358 485 360 484 376 plane 0.1194
1965 885 1972 856 2018 866 2011 896 plane 0.1150
1539 502 1535 487 1560 481 1564 496 plane 0.1138
488 447 490 421 534 423 532 450 plane 0.1080
474 343 486 321 513 335 501 357 plane 0.1077
714 1013 710 991 749 985 753 1007 plane 0.1037
1696 1304 1693 1293 1718 1285 1722 1295 small-vehicle 0.1302
1803 1325 1810 1319 1824 1334 1817 1341 small-vehicle 0.1216
1734 1311 1745 1308 1753 1338 1742 1341 small-vehicle 0.1177
1924 1322 1936 1321 1938 1345 1926 1346 small-vehicle 0.1149
1307 1338 1308 1322 1343 1323 1343 1339 small-vehicle 0.1091
1749 1307 1761 1306 1765 1336 1753 1338 small-vehicle 0.1052
1241 1325 1249 1313 1273 1328 1265 1340 small-vehicle 0.1017
1721 1313 1732 1308 1745 1334 1735 1339 small-vehicle 0.1016
1503 307 1499 295 1532 284 1536 297 large-vehicle 0.1789
828 781 842 781 840 825 827 825 large-vehicle 0.1463
1502 316 1499 303 1535 296 1538 309 large-vehicle 0.1394
1118 705 1116 693 1149 687 1151 699 large-vehicle 0.1148
880 980 892 986 876 1022 864 1017 large-vehicle 0.1137
1699 1305 1694 1293 1722 1282 1727 1294 large-vehicle 0.1102
1795 504 1802 493 1840 517 1833 529 large-vehicle 0.1061
1820 685 1821 675 1848 678 1847 689 large-vehicle 0.1041
2174 674 2176 664 2209 671 2207 682 large-vehicle 0.1025
2050 598 2051 587 2098 592 2097 603 large-vehicle 0.1001
374 446 386 371 467 383 455 459 harbor 0.1665
354 270 444 211 507 308 418 367 helicopter 0.2913
368 444 381 372 463 386 451 458 helicopter 0.2852
443 611 390 533 502 456 555 533 helicopter 0.1525
2244 324 2382 320 2386 458 2247 462 helicopter 0.1507
1240 769 1359 776 1352 904 1233 898 helicopter 0.1418
463 438 483 423 502 448 483 462 helicopter 0.1234
710 253 814 254 813 377 709 376 helicopter 0.1149
1743 732 1867 741 1857 881 1734 872 helicopter 0.1106
2091 317 2210 343 2180 479 2061 453 helicopter 0.1028
