1329 262 1454 273 1437 465 1312 453 ground-track-field 0.1064
556 509 557 489 605 492 603 512 small-vehicle 0.2019
526 246 611 248 608 417 523 416 tennis-court 0.9679
176 237 256 238 253 409 173 407 tennis-court 0.9640
415 245 498 243 503 413 421 415 tennis-court 0.9601
283 236 368 242 357 412 272 407 tennis-court 0.9576
635 252 719 250 723 417 639 419 tennis-court 0.9023
1018 269 1122 276 1110 451 1006 444 tennis-court 0.1495
1167 270 1271 267 1276 455 1172 458 tennis-court 0.1165
836 256 971 263 961 452 825 445 tennis-court 0.1030
1021 257 1127 266 1112 456 1006 448 basketball-court 0.9295
852 253 962 255 959 444 849 442 basketball-court 0.9129
1173 260 1277 266 1265 452 1161 445 basketball-court 0.9085
1333 260 1446 270 1430 452 1317 442 basketball-court 0.8745
633 270 730 260 747 419 649 429 basketball-court 0.1374
1295 65 1332 79 1318 117 1281 103 storage-tank 0.2047
959 475 955 258 1319 251 1323 467 soccer-ball-field 0.1296
1329 262 1454 273 1437 465 1312 453 soccer-ball-field 0.1293
