261 730 270 710 329 738 319 758 bridge 0.1088
871 769 867 750 903 742 907 761 small-vehicle 0.6606
868 731 862 712 900 699 907 718 small-vehicle 0.6567
612 880 600 863 638 837 650 854 small-vehicle 0.6353
278 830 283 811 319 821 315 839 small-vehicle 0.6242
959 700 957 681 1000 677 1002 695 small-vehicle 0.6234
183 552 202 552 201 600 182 599 small-vehicle 0.6211
92 700 109 709 91 745 74 736 small-vehicle 0.6066
428 25 448 23 451 64 431 65 small-vehicle 0.6038
605 843 595 825 635 803 645 822 small-vehicle 0.5987
845 570 840 552 876 542 881 561 small-vehicle 0.5943
395 653 395 632 441 632 441 653 small-vehicle 0.5766
620 922 609 906 646 881 657 898 small-vehicle 0.5744
434 836 431 816 478 809 481 830 small-vehicle 0.5545
268 790 270 770 306 773 304 794 small-vehicle 0.5452
319 23 340 22 343 63 322 64 small-vehicle 0.5438
712 1036 733 1033 739 1074 718 1077 small-vehicle 0.5431
468 17 488 16 491 60 470 61 small-vehicle 0.5403
888 18 909 16 914 55 893 58 small-vehicle 0.5368
890 856 885 836 926 826 931 846 small-vehicle 0.5344
957 640 954 619 1003 611 1006 632 small-vehicle 0.5290
885 825 881 807 919 798 924 816 small-vehicle 0.5259
551 20 572 19 573 63 552 64 small-vehicle 0.5184
510 21 532 21 532 66 510 66 small-vehicle 0.5179
264 765 266 743 301 746 299 768 small-vehicle 0.5143
573 17 595 17 596 62 574 62 small-vehicle 0.5092
414 627 411 606 460 599 463 621 small-vehicle 0.5031
733 1034 755 1030 763 1071 741 1075 small-vehicle 0.5026
70 744 87 753 67 788 50 779 small-vehicle 0.4951
6 1014 16 998 51 1019 40 1036 small-vehicle 0.4886
850 590 846 572 882 564 886 582 small-vehicle 0.4877
247 310 248 294 286 296 284 313 small-vehicle 0.4821
264 701 272 682 313 699 305 718 small-vehicle 0.4754
595 17 614 15 619 54 600 57 small-vehicle 0.4717
492 23 513 25 509 67 488 65 small-vehicle 0.4695
833 1019 854 1016 859 1055 838 1058 small-vehicle 0.4591
981 779 976 760 1014 750 1019 769 small-vehicle 0.4469
932 460 932 441 974 441 974 460 small-vehicle 0.4347
-6 1043 6 1026 50 1061 37 1078 small-vehicle 0.4085
915 17 936 18 934 56 913 55 small-vehicle 0.4082
720 14 742 14 742 58 720 58 small-vehicle 0.3956
209 429 218 408 288 437 280 458 small-vehicle 0.3785
223 468 231 450 292 475 284 494 small-vehicle 0.3777
853 19 871 19 871 58 853 58 small-vehicle 0.3765
784 17 805 16 807 56 786 57 small-vehicle 0.3734
445 870 466 872 462 915 441 914 small-vehicle 0.3720
842 552 834 534 868 518 877 536 small-vehicle 0.3599
261 730 270 710 329 738 319 758 small-vehicle 0.3591
235 572 242 549 308 568 301 591 small-vehicle 0.3536
42 412 62 402 79 439 60 448 small-vehicle 0.3487
921 245 908 226 949 199 961 218 small-vehicle 0.3461
277 857 286 840 348 869 340 887 small-vehicle 0.3428
993 835 992 815 1036 812 1038 832 small-vehicle 0.3415
828 433 824 416 861 407 865 424 small-vehicle 0.3322
681 18 700 18 700 57 681 57 small-vehicle 0.3257
170 144 190 154 160 215 139 204 small-vehicle 0.3217
418 814 415 790 488 780 491 804 small-vehicle 0.3159
862 675 854 656 887 642 895 661 small-vehicle 0.3133
615 14 636 12 642 53 620 56 small-vehicle 0.3061
234 602 242 580 309 603 302 625 small-vehicle 0.3046
197 327 205 307 276 336 268 356 small-vehicle 0.3017
227 504 235 482 295 505 286 526 small-vehicle 0.2981
29 630 46 618 68 647 52 660 small-vehicle 0.2956
49 1013 63 997 120 1046 106 1063 small-vehicle 0.2824
889 235 876 216 935 175 948 194 small-vehicle 0.2820
481 916 498 930 463 972 446 958 small-vehicle 0.2820
244 633 251 614 313 638 306 656 small-vehicle 0.2804
870 17 888 17 888 55 869 55 small-vehicle 0.2796
30 919 45 906 87 955 72 968 small-vehicle 0.2718
410 679 404 662 440 648 446 665 small-vehicle 0.2645
200 362 206 344 277 367 271 385 small-vehicle 0.2616
0 935 13 919 63 961 50 977 small-vehicle 0.2609
531 18 552 19 550 64 529 63 small-vehicle 0.2584
764 16 784 19 780 58 760 56 small-vehicle 0.2527
407 738 401 715 475 697 481 720 small-vehicle 0.2478
448 20 468 18 471 61 451 62 small-vehicle 0.2471
286 923 295 904 360 935 351 955 small-vehicle 0.2432
699 17 720 16 722 59 701 60 small-vehicle 0.2429
101 151 121 162 85 229 65 218 small-vehicle 0.2421
340 15 361 13 367 60 346 63 small-vehicle 0.2412
387 443 385 423 449 417 452 437 small-vehicle 0.2355
743 17 762 17 761 56 742 56 small-vehicle 0.2292
638 147 662 143 672 206 648 210 small-vehicle 0.2280
828 15 850 15 851 57 829 57 small-vehicle 0.2193
806 17 826 15 828 54 809 55 small-vehicle 0.2192
548 747 547 727 593 725 594 745 small-vehicle 0.2179
884 207 868 186 919 147 935 167 small-vehicle 0.2147
388 1134 411 1148 384 1193 361 1179 small-vehicle 0.2130
395 534 394 511 463 507 465 529 small-vehicle 0.2122
695 129 718 127 723 198 700 200 small-vehicle 0.2109
8 648 27 648 28 691 8 691 small-vehicle 0.2052
615 150 638 148 643 212 621 214 small-vehicle 0.2017
589 148 610 147 614 211 593 212 small-vehicle 0.2012
506 196 529 193 536 257 513 259 small-vehicle 0.2004
21 164 44 169 33 223 10 218 small-vehicle 0.1944
993 876 991 855 1032 852 1034 872 small-vehicle 0.1924
515 146 537 147 535 193 512 192 small-vehicle 0.1924
929 420 927 400 982 397 983 417 small-vehicle 0.1904
64 915 79 899 142 955 128 972 small-vehicle 0.1883
382 419 379 398 442 389 445 409 small-vehicle 0.1868
501 1116 520 1127 489 1185 469 1174 small-vehicle 0.1856
669 138 692 137 695 202 672 203 small-vehicle 0.1800
386 11 410 12 407 61 384 60 small-vehicle 0.1786
992 856 992 836 1032 834 1032 855 small-vehicle 0.1728
573 1110 595 1120 569 1174 547 1163 small-vehicle 0.1721
856 1017 879 1012 889 1055 865 1060 small-vehicle 0.1708
390 510 385 486 465 471 469 495 small-vehicle 0.1696
374 393 370 370 451 355 455 379 small-vehicle 0.1685
564 167 586 167 584 243 562 243 small-vehicle 0.1682
409 19 429 21 425 62 405 60 small-vehicle 0.1675
379 482 375 460 455 447 459 468 small-vehicle 0.1610
410 769 407 748 486 739 488 760 small-vehicle 0.1605
636 15 656 13 659 55 639 56 small-vehicle 0.1491
658 18 679 18 680 61 659 61 small-vehicle 0.1458
361 16 381 13 388 59 368 62 small-vehicle 0.1445
331 624 342 623 344 655 333 656 small-vehicle 0.1410
168 1164 180 1156 195 1179 183 1187 small-vehicle 0.1376
431 1116 459 1131 425 1198 396 1183 small-vehicle 0.1368
536 191 559 190 562 274 539 275 small-vehicle 0.1321
227 531 232 513 270 523 265 542 small-vehicle 0.1298
86 126 107 138 81 184 61 173 small-vehicle 0.1294
238 1139 264 1137 269 1182 243 1185 small-vehicle 0.1130
933 433 937 414 982 423 978 442 small-vehicle 0.1127
893 882 888 858 942 847 947 870 small-vehicle 0.1090
814 1013 835 1014 832 1053 811 1051 small-vehicle 0.1052
545 160 541 140 586 132 589 153 small-vehicle 0.1030
49 711 69 723 28 795 8 784 small-vehicle 0.1009
489 195 508 203 492 239 473 231 small-vehicle 0.1002
378 481 376 459 455 449 458 472 large-vehicle 0.8010
411 770 407 750 487 737 490 756 large-vehicle 0.7863
535 193 558 192 562 274 539 275 large-vehicle 0.7704
393 511 388 488 463 471 468 495 large-vehicle 0.7631
64 916 78 899 149 958 134 976 large-vehicle 0.7462
563 165 586 166 585 243 561 242 large-vehicle 0.7232
405 732 402 713 476 700 479 719 large-vehicle 0.7145
237 601 244 580 307 601 300 622 large-vehicle 0.7029
235 569 244 548 306 573 297 594 large-vehicle 0.6976
390 446 386 424 454 412 458 433 large-vehicle 0.6894
245 635 252 615 313 636 306 656 large-vehicle 0.6817
49 1013 63 997 120 1046 106 1063 large-vehicle 0.6799
395 533 394 510 465 507 466 530 large-vehicle 0.6777
507 195 528 192 535 253 514 255 large-vehicle 0.6699
588 148 611 147 614 211 592 212 large-vehicle 0.6676
694 134 719 132 724 201 700 203 large-vehicle 0.6563
615 150 638 148 643 212 621 214 large-vehicle 0.6528
196 325 205 305 275 335 266 355 large-vehicle 0.6487
669 138 692 137 695 202 672 203 large-vehicle 0.6487
201 361 210 340 274 368 265 388 large-vehicle 0.6454
373 389 370 367 448 358 450 380 large-vehicle 0.6425
211 427 220 407 286 437 277 457 large-vehicle 0.6382
418 816 414 792 489 778 494 801 large-vehicle 0.6304
29 923 44 907 89 951 74 966 large-vehicle 0.6303
278 859 287 840 348 867 340 886 large-vehicle 0.6286
99 153 119 164 87 228 66 217 large-vehicle 0.6179
223 470 231 448 291 470 284 492 large-vehicle 0.6141
383 421 379 400 443 386 447 408 large-vehicle 0.6106
2 934 16 919 62 961 48 976 large-vehicle 0.6086
642 145 663 143 668 206 647 208 large-vehicle 0.5942
228 502 236 482 297 507 288 527 large-vehicle 0.5905
261 731 270 711 330 738 321 757 large-vehicle 0.5889
542 1110 560 1123 512 1188 495 1176 large-vehicle 0.5827
889 234 877 214 933 178 945 198 large-vehicle 0.5651
885 203 871 184 920 149 934 169 large-vehicle 0.5428
500 1117 519 1128 488 1184 468 1172 large-vehicle 0.5154
49 711 69 723 28 795 8 784 large-vehicle 0.5072
174 144 193 156 157 213 138 201 large-vehicle 0.4888
573 1110 595 1120 569 1174 547 1163 large-vehicle 0.4879
-6 1041 7 1025 53 1063 39 1080 large-vehicle 0.4017
286 923 295 904 360 935 351 955 large-vehicle 0.3546
921 245 908 226 949 199 961 218 large-vehicle 0.3295
432 836 430 816 478 810 480 830 large-vehicle 0.3217
423 1133 444 1146 420 1187 399 1175 large-vehicle 0.2917
548 747 547 727 593 725 594 745 large-vehicle 0.2596
387 1132 410 1144 386 1191 363 1179 large-vehicle 0.2390
481 916 498 930 463 972 446 958 large-vehicle 0.2173
263 706 271 684 326 703 319 724 large-vehicle 0.1961
958 638 956 617 1004 613 1006 634 large-vehicle 0.1833
21 164 44 169 33 223 10 218 large-vehicle 0.1819
414 627 411 606 460 599 463 621 large-vehicle 0.1667
263 759 268 741 303 752 298 769 large-vehicle 0.1579
41 433 61 446 18 516 -1 504 large-vehicle 0.1549
618 920 609 905 646 882 655 897 large-vehicle 0.1421
277 828 283 810 320 823 314 840 large-vehicle 0.1343
86 133 105 148 74 188 55 174 large-vehicle 0.1272
5 1014 14 997 49 1017 40 1034 large-vehicle 0.1270
468 17 488 16 491 60 470 61 large-vehicle 0.1192
508 21 530 19 534 65 512 67 large-vehicle 0.1185
959 700 957 681 1000 677 1002 695 large-vehicle 0.1175
549 21 569 18 575 63 556 66 large-vehicle 0.1150
395 653 395 632 441 632 441 653 large-vehicle 0.1145
866 727 864 707 903 703 905 722 large-vehicle 0.1127
932 426 927 402 982 390 988 414 large-vehicle 0.1124
610 845 597 827 631 802 644 820 large-vehicle 0.1119
386 11 410 12 407 61 384 60 large-vehicle 0.1114
247 310 248 294 286 296 284 313 large-vehicle 0.1114
183 552 202 552 201 600 182 599 large-vehicle 0.1079
331 624 342 623 344 655 333 656 large-vehicle 0.1066
613 879 601 862 637 836 650 853 large-vehicle 0.1062
827 417 855 407 884 490 855 500 large-vehicle 0.1055
933 462 931 445 972 439 974 457 large-vehicle 0.1018
850 590 846 572 882 564 886 582 large-vehicle 0.1001
34 435 55 444 25 517 4 509 ship 0.3048
47 718 66 729 23 797 4 785 ship 0.1457
25 163 43 167 29 220 11 215 ship 0.1302
19 416 37 421 25 460 6 454 ship 0.1137
261 730 270 710 329 738 319 758 ship 0.1001
870 770 866 748 902 742 906 763 storage-tank 0.1268
