2091 1180 2122 1132 2187 1173 2155 1222 plane 0.7180
1485 555 1547 529 1579 603 1516 629 plane 0.6956
1681 734 1719 692 1776 745 1738 786 plane 0.6764
3645 702 3692 729 3649 801 3602 774 plane 0.6748
2253 1101 2302 1138 2250 1206 2201 1168 plane 0.6688
3769 641 3826 668 3784 755 3727 727 plane 0.6678
266 1438 337 1420 357 1502 286 1519 plane 0.6423
2488 1406 2536 1377 2576 1446 2529 1474 plane 0.6286
3521 987 3515 941 3576 933 3582 979 plane 0.6251
3281 849 3325 879 3280 943 3237 912 plane 0.6194
1990 969 2037 947 2073 1021 2026 1044 plane 0.6181
3609 481 3650 510 3604 572 3564 542 plane 0.6131
1795 895 1834 857 1891 916 1852 953 plane 0.6075
2295 1345 2332 1299 2398 1351 2361 1398 plane 0.6012
1702 838 1722 793 1784 822 1764 866 plane 0.6003
1995 1072 2034 1040 2084 1102 2045 1134 plane 0.5734
3345 767 3388 797 3339 866 3296 835 plane 0.5696
3617 856 3653 877 3619 937 3582 917 plane 0.5660
3537 560 3585 589 3546 653 3498 624 plane 0.5633
353 1368 388 1332 442 1384 407 1420 plane 0.5616
3816 685 3781 644 3844 591 3879 632 plane 0.5563
3756 576 3804 602 3764 675 3716 649 plane 0.5480
1792 819 1821 784 1875 828 1846 863 plane 0.5256
2500 1500 2542 1470 2585 1531 2543 1561 plane 0.5128
1878 906 1915 866 1973 919 1936 959 plane 0.4910
436 1320 429 1282 494 1270 501 1308 plane 0.4674
549 1169 592 1199 550 1257 508 1227 plane 0.4614
3004 1419 3056 1466 2969 1561 2918 1514 plane 0.4537
1897 987 1924 952 1983 999 1956 1033 plane 0.4351
2145 1549 2185 1515 2236 1575 2195 1609 plane 0.4241
1183 467 1158 412 1228 380 1253 436 plane 0.4114
686 1057 668 1017 731 988 750 1028 plane 0.3750
3600 782 3637 813 3594 864 3557 833 plane 0.3654
3525 844 3578 853 3565 932 3512 923 plane 0.3307
609 1163 584 1131 638 1089 663 1121 plane 0.2915
1896 1046 1916 1019 1965 1054 1944 1082 plane 0.2721
2889 1543 2946 1588 2853 1708 2796 1664 plane 0.2713
2285 1233 2326 1214 2352 1272 2311 1291 plane 0.2606
3110 1313 3146 1347 3075 1422 3039 1388 plane 0.2527
3662 1461 3719 1479 3693 1563 3636 1545 plane 0.2256
3176 1276 3151 1229 3238 1184 3262 1231 plane 0.2143
2389 1038 2401 1018 2434 1039 2422 1059 plane 0.1832
2490 1850 2515 1823 2569 1873 2544 1900 plane 0.1228
641 269 659 249 695 282 677 302 plane 0.1100
2403 690 2410 662 2466 676 2459 704 plane 0.1089
2490 1727 2510 1705 2559 1747 2539 1770 small-vehicle 0.1066
2549 782 2572 782 2571 827 2549 827 small-vehicle 0.1001
2278 512 2295 528 2249 575 2233 560 large-vehicle 0.1580
646 1803 662 1787 714 1840 698 1856 large-vehicle 0.1160
558 398 538 375 615 308 635 331 large-vehicle 0.1133
2480 1736 2491 1712 2549 1738 2539 1762 large-vehicle 0.1115
685 618 680 584 774 569 779 604 ship 0.2479
2484 1728 2507 1705 2557 1754 2535 1777 ship 0.1179
1795 895 1834 857 1891 916 1852 953 harbor 0.1889
1878 906 1915 866 1973 919 1936 959 harbor 0.1669
1791 818 1824 784 1876 834 1843 868 harbor 0.1560
1900 987 1929 955 1980 1002 1951 1034 harbor 0.1143
2251 1099 2304 1134 2256 1205 2203 1170 harbor 0.1100
1183 467 1158 412 1228 380 1253 436 helicopter 0.1799
2253 1101 2302 1138 2250 1206 2201 1168 helicopter 0.1283
2297 1345 2333 1299 2395 1349 2359 1394 helicopter 0.1157
550 1166 594 1197 551 1258 508 1228 helicopter 0.1132
273 1432 345 1429 350 1515 277 1518 helicopter 0.1105
433 1318 434 1276 496 1277 495 1319 helicopter 0.1101
2144 1554 2183 1516 2238 1574 2199 1611 helicopter 0.1090
2491 1401 2545 1377 2577 1452 2523 1475 helicopter 0.1087
684 1057 665 1016 727 988 745 1029 helicopter 0.1037
