656 1584 653 1557 688 1553 691 1580 plane 0.8663
969 854 975 819 1021 828 1014 863 plane 0.8634
940 803 949 779 984 791 975 815 plane 0.8565
907 741 938 742 938 785 907 784 plane 0.8328
735 1746 762 1748 760 1787 733 1785 plane 0.8160
836 1829 868 1826 872 1869 840 1872 plane 0.8076
813 1736 849 1740 844 1783 809 1780 plane 0.7979
864 1494 860 1470 890 1465 894 1489 plane 0.7805
809 1634 808 1605 845 1603 846 1632 plane 0.7765
437 1037 429 1010 464 1001 472 1028 plane 0.7763
998 1014 1021 998 1044 1031 1022 1047 plane 0.7698
699 1654 738 1653 739 1697 700 1698 plane 0.7588
1093 802 1096 775 1133 779 1130 806 plane 0.7569
1238 957 1250 930 1284 945 1272 972 plane 0.7548
954 1018 977 1002 998 1032 975 1048 plane 0.7519
863 1623 862 1591 902 1590 903 1622 plane 0.7464
951 1187 964 1162 998 1181 985 1205 plane 0.7446
513 1852 555 1850 558 1898 516 1901 plane 0.7419
1056 742 1080 723 1105 755 1082 774 plane 0.7382
497 466 530 464 532 506 500 509 plane 0.7361
488 1781 513 1764 532 1792 507 1809 plane 0.7320
908 1501 899 1477 932 1466 941 1490 plane 0.7282
1022 1247 1052 1233 1070 1272 1040 1285 plane 0.7259
850 1070 866 1047 896 1069 880 1092 plane 0.7239
890 908 906 891 928 912 912 929 plane 0.7231
1021 698 1049 686 1065 725 1037 737 plane 0.7215
355 1069 344 1038 382 1024 394 1055 plane 0.7194
1035 1066 1046 1043 1075 1058 1064 1081 plane 0.7194
816 1803 837 1781 865 1809 844 1830 plane 0.7172
920 979 941 963 965 995 944 1011 plane 0.7049
848 1874 874 1867 885 1907 858 1914 plane 0.7002
914 1146 933 1123 964 1148 946 1171 plane 0.6961
1167 872 1183 854 1208 877 1192 895 plane 0.6940
818 1020 848 1011 859 1051 830 1060 plane 0.6930
1081 937 1108 928 1119 964 1093 973 plane 0.6896
605 1603 601 1579 627 1575 631 1599 plane 0.6887
1275 983 1301 970 1318 1005 1293 1018 plane 0.6885
1209 927 1205 903 1236 898 1240 922 plane 0.6861
928 1760 963 1754 970 1795 935 1801 plane 0.6832
552 1579 546 1553 578 1546 584 1572 plane 0.6830
547 546 576 526 599 561 569 580 plane 0.6812
932 956 937 934 967 941 961 963 plane 0.6786
555 1987 589 1981 597 2026 562 2032 plane 0.6786
991 1051 1014 1040 1030 1074 1008 1085 plane 0.6782
1124 823 1149 802 1177 837 1153 858 plane 0.6651
539 1627 532 1599 566 1591 573 1619 plane 0.6627
749 943 779 933 792 970 762 981 plane 0.6590
623 701 644 684 667 712 646 729 plane 0.6583
676 1545 672 1522 707 1517 710 1540 plane 0.6571
462 1949 489 1938 503 1972 476 1984 plane 0.6535
499 1830 524 1804 551 1829 526 1856 plane 0.6505
865 868 880 855 902 879 886 893 plane 0.6504
537 1027 527 1001 559 989 569 1015 plane 0.6492
487 1020 482 994 515 988 519 1015 plane 0.6459
742 1799 761 1788 776 1814 758 1825 plane 0.6441
1012 878 1023 861 1046 875 1035 892 plane 0.6438
494 1593 488 1569 521 1560 528 1584 plane 0.6417
750 1839 784 1832 793 1876 760 1883 plane 0.6339
494 2032 522 2024 533 2064 505 2071 plane 0.6319
308 1080 301 1053 332 1045 339 1072 plane 0.6278
852 513 882 500 900 541 870 554 plane 0.6225
679 1441 670 1414 706 1402 715 1430 plane 0.6219
1096 1159 1124 1152 1134 1191 1106 1198 plane 0.6148
673 678 697 667 712 699 689 711 plane 0.6031
1137 1161 1162 1151 1175 1187 1150 1196 plane 0.6030
398 1764 419 1748 443 1778 422 1795 plane 0.5969
827 837 838 817 871 835 860 855 plane 0.5930
453 1910 478 1898 493 1929 467 1941 plane 0.5907
765 1898 774 1876 802 1887 793 1909 plane 0.5639
1120 989 1129 971 1152 983 1144 1001 plane 0.5602
1071 1724 1098 1715 1110 1750 1083 1759 plane 0.5594
885 1102 903 1089 922 1113 905 1127 plane 0.5561
1052 1697 1076 1680 1097 1711 1074 1728 plane 0.5474
774 676 787 654 816 671 803 693 plane 0.5428
395 1056 386 1028 423 1016 432 1044 plane 0.5416
481 1631 486 1613 509 1619 504 1638 plane 0.5412
1069 1100 1077 1081 1110 1095 1102 1114 plane 0.5366
426 721 455 714 464 756 436 763 plane 0.5348
445 1857 469 1858 468 1889 444 1888 plane 0.5321
724 1429 716 1400 756 1389 764 1418 plane 0.5297
1044 1649 1064 1638 1079 1664 1059 1675 plane 0.5234
98 819 105 794 137 802 130 828 plane 0.4942
401 1841 434 1841 434 1881 402 1881 plane 0.4916
785 1956 775 1932 805 1920 815 1944 plane 0.4889
1057 1954 1089 1958 1083 2004 1052 2000 plane 0.4470
1032 1608 1059 1600 1069 1636 1042 1644 plane 0.4469
705 358 726 341 752 375 732 391 plane 0.4405
1148 1025 1163 1003 1195 1025 1179 1047 plane 0.4395
1105 1957 1124 1954 1129 1985 1110 1988 plane 0.4337
603 857 625 841 648 873 626 889 plane 0.4305
294 1516 285 1488 320 1476 329 1504 plane 0.4231
1034 1944 1026 1911 1078 1898 1086 1931 plane 0.2930
521 1614 514 1590 541 1583 547 1607 plane 0.2914
764 1384 783 1373 798 1400 779 1411 plane 0.2796
1011 1764 1026 1752 1044 1775 1029 1787 plane 0.2180
762 2060 755 2038 791 2027 797 2049 plane 0.1850
565 748 586 733 604 759 583 774 plane 0.1584
585 1584 583 1564 607 1562 609 1582 plane 0.1569
530 2103 526 2085 552 2079 556 2097 plane 0.1485
860 851 873 844 883 862 870 869 plane 0.1417
1085 1921 1102 1917 1107 1943 1090 1947 plane 0.1373
766 1925 774 1904 803 1915 795 1937 plane 0.1361
805 1200 795 1183 833 1161 843 1178 plane 0.1359
1387 1588 1401 1588 1400 1618 1386 1618 plane 0.1314
610 259 629 242 658 274 640 291 plane 0.1313
564 1599 573 1580 596 1590 587 1610 plane 0.1298
232 1125 226 1112 252 1100 258 1114 plane 0.1294
551 720 570 711 585 742 567 751 plane 0.1099
1367 1904 1376 1897 1387 1911 1379 1918 plane 0.1026
1166 1762 1161 1751 1183 1741 1188 1753 plane 0.1021
538 2074 551 2063 568 2082 555 2093 plane 0.1019
155 1047 145 1031 173 1013 183 1029 plane 0.1001
1367 1961 1372 1948 1400 1960 1395 1973 small-vehicle 0.1218
277 831 291 826 302 858 288 863 small-vehicle 0.1083
654 796 668 783 699 815 685 828 small-vehicle 0.1065
291 831 304 825 319 855 306 862 small-vehicle 0.1009
435 414 444 404 471 428 462 438 large-vehicle 0.1884
1132 1587 1122 1575 1151 1551 1160 1563 large-vehicle 0.1442
654 796 668 783 699 815 685 828 large-vehicle 0.1319
591 1725 585 1706 625 1693 631 1713 large-vehicle 0.1278
385 440 385 428 416 428 416 440 large-vehicle 0.1235
701 2038 695 2025 720 2014 726 2027 large-vehicle 0.1208
793 1212 790 1195 840 1185 843 1202 large-vehicle 0.1198
394 81 406 89 386 119 374 111 large-vehicle 0.1138
655 1263 651 1248 684 1238 689 1254 large-vehicle 0.1024
652 793 666 780 700 817 686 830 ship 0.2298
446 884 469 880 476 920 454 924 ship 0.1850
701 2038 695 2025 720 2014 726 2027 ship 0.1312
655 1263 651 1248 684 1238 689 1254 ship 0.1108
762 2060 755 2038 791 2027 797 2049 ship 0.1056
1152 1024 1169 1006 1195 1030 1178 1048 storage-tank 0.1252
548 544 580 528 598 565 567 580 storage-tank 0.1004
622 701 640 685 664 710 646 727 harbor 0.1163
850 513 881 497 902 540 871 555 helicopter 0.1502
705 358 726 341 752 375 732 391 helicopter 0.1480
1022 1247 1052 1233 1070 1272 1040 1285 helicopter 0.1129
401 1841 434 1841 434 1881 402 1881 helicopter 0.1099
699 1654 738 1653 739 1697 700 1698 helicopter 0.1077
777 679 788 656 817 670 806 693 helicopter 0.1044
1054 1957 1087 1959 1083 2003 1051 2000 helicopter 0.1017
