624 903 611 851 672 835 685 888 plane 0.9527
484 461 475 404 545 392 554 449 plane 0.9354
275 391 383 428 341 550 233 512 plane 0.9346
371 618 371 567 438 566 438 618 plane 0.9253
463 989 448 946 502 927 518 970 plane 0.9221
562 1035 617 1006 652 1073 597 1102 plane 0.9208
679 839 663 794 718 774 734 819 plane 0.9048
703 1103 772 1086 793 1171 724 1187 plane 0.8721
471 771 455 748 489 724 505 747 plane 0.8417
1523 1238 1555 1239 1554 1283 1521 1282 plane 0.8091
1401 1173 1429 1177 1422 1218 1395 1214 plane 0.7976
854 1342 853 1264 948 1262 950 1340 plane 0.7716
1522 1177 1558 1174 1562 1218 1526 1221 plane 0.7598
515 781 506 757 538 745 547 769 plane 0.7360
1355 1265 1388 1269 1383 1316 1349 1313 plane 0.7328
418 795 405 771 438 752 451 776 plane 0.7293
968 472 954 431 1005 414 1019 454 plane 0.7205
396 836 398 805 442 808 440 839 plane 0.7053
291 713 283 678 328 668 336 703 plane 0.6842
750 369 785 363 793 411 758 417 plane 0.6777
523 738 509 715 546 693 559 716 plane 0.6700
574 467 607 460 617 505 584 512 plane 0.6544
360 829 347 804 384 784 397 810 plane 0.6305
595 518 623 504 642 541 614 555 plane 0.6287
454 806 452 779 490 777 492 803 plane 0.6275
1402 1109 1435 1113 1430 1153 1398 1149 plane 0.6134
569 758 554 733 584 714 599 739 plane 0.5743
1360 1140 1392 1143 1388 1191 1356 1188 plane 0.5712
1524 961 1550 941 1573 971 1547 991 plane 0.4922
1461 987 1488 1007 1462 1042 1435 1022 plane 0.4840
608 427 640 425 642 467 611 469 plane 0.4468
1236 1144 1268 1144 1268 1185 1236 1186 plane 0.4215
1506 934 1528 955 1497 988 1475 967 plane 0.4085
1235 1198 1269 1203 1262 1249 1228 1244 plane 0.3783
177 475 216 477 214 529 175 528 plane 0.3056
1526 1305 1550 1301 1556 1338 1532 1342 plane 0.3029
1255 742 1264 732 1281 749 1272 758 small-vehicle 0.1467
609 664 619 657 638 681 629 689 small-vehicle 0.1459
1220 765 1225 754 1245 763 1240 774 small-vehicle 0.1403
632 644 644 639 658 671 647 676 small-vehicle 0.1274
611 251 620 246 632 267 623 272 small-vehicle 0.1261
1285 716 1296 712 1304 732 1293 736 small-vehicle 0.1229
1369 766 1382 764 1386 792 1373 794 small-vehicle 0.1218
621 654 632 647 651 675 640 683 small-vehicle 0.1200
1418 681 1429 680 1431 704 1420 705 small-vehicle 0.1172
1059 1039 1069 1034 1080 1058 1070 1063 small-vehicle 0.1151
883 825 875 814 895 801 902 812 small-vehicle 0.1145
1382 666 1390 660 1402 676 1393 682 small-vehicle 0.1129
1333 690 1343 689 1346 709 1337 710 small-vehicle 0.1127
651 284 665 281 671 311 656 314 small-vehicle 0.1123
1343 788 1353 782 1366 806 1356 811 small-vehicle 0.1090
1279 822 1289 815 1305 837 1294 845 small-vehicle 0.1067
1077 1032 1088 1030 1094 1053 1084 1056 small-vehicle 0.1053
1250 838 1261 836 1266 859 1255 861 small-vehicle 0.1049
1406 849 1416 846 1421 865 1410 867 small-vehicle 0.1003
473 267 463 257 488 234 498 245 large-vehicle 0.1884
502 318 495 306 524 291 530 303 large-vehicle 0.1804
620 69 628 60 668 94 660 102 large-vehicle 0.1601
463 257 455 247 483 224 491 234 large-vehicle 0.1598
609 664 619 657 638 681 629 689 large-vehicle 0.1567
495 306 486 295 507 277 516 288 large-vehicle 0.1474
680 741 680 729 704 728 705 740 large-vehicle 0.1310
621 654 632 647 651 675 640 683 large-vehicle 0.1070
1004 1020 999 1010 1030 995 1035 1005 large-vehicle 0.1035
1460 988 1488 1009 1461 1044 1434 1022 helicopter 0.1089
177 475 216 477 214 529 175 528 helicopter 0.1055
