399 719 391 603 533 593 542 709 plane 0.1490
44 1150 35 1129 80 1110 89 1131 ground-track-field 0.1021
1581 869 1548 757 1823 677 1856 788 ground-track-field 0.1001
2085 538 2097 536 2102 564 2089 566 small-vehicle 0.1799
1915 424 1917 414 1940 418 1938 427 small-vehicle 0.1208
370 486 380 476 400 497 390 507 small-vehicle 0.1204
1920 438 1917 427 1939 422 1942 432 small-vehicle 0.1101
416 461 422 448 449 463 443 475 small-vehicle 0.1087
1292 449 1336 430 1379 527 1336 547 tennis-court 0.8361
1566 766 1611 749 1648 850 1603 867 tennis-court 0.8258
1399 608 1439 590 1483 685 1444 703 tennis-court 0.8222
1447 398 1495 377 1538 478 1490 499 tennis-court 0.8202
1486 587 1525 568 1569 659 1529 678 tennis-court 0.7962
1380 423 1424 405 1460 496 1416 513 tennis-court 0.7942
335 867 372 847 420 934 383 954 tennis-court 0.7823
1331 651 1367 632 1413 719 1378 738 tennis-court 0.7536
1442 220 1487 203 1523 300 1479 317 tennis-court 0.7419
1499 800 1540 781 1583 874 1542 893 tennis-court 0.7333
264 912 303 883 362 963 323 991 tennis-court 0.7034
173 790 209 758 276 834 240 865 tennis-court 0.6784
1644 753 1687 740 1713 826 1670 839 tennis-court 0.6309
1285 269 1327 254 1360 346 1318 361 tennis-court 0.5649
381 829 413 792 489 859 457 895 tennis-court 0.5402
1224 494 1262 471 1310 549 1272 572 tennis-court 0.5390
645 465 676 432 747 498 717 531 tennis-court 0.5161
1366 248 1407 231 1442 318 1402 335 tennis-court 0.4121
1717 459 1752 434 1802 506 1767 531 tennis-court 0.4040
1771 391 1812 374 1846 455 1805 472 tennis-court 0.3877
1776 721 1817 703 1850 778 1809 796 tennis-court 0.3341
526 561 556 533 616 598 586 626 tennis-court 0.3156
280 752 317 751 320 827 283 828 tennis-court 0.2826
631 692 665 671 707 739 673 760 tennis-court 0.2568
1625 595 1642 560 1707 592 1690 627 tennis-court 0.2226
1414 807 1475 781 1525 899 1464 925 tennis-court 0.2190
1370 647 1392 631 1425 676 1404 692 tennis-court 0.2168
333 732 361 713 394 763 366 781 tennis-court 0.2118
1563 624 1573 593 1632 612 1622 643 tennis-court 0.1912
289 727 287 693 351 688 353 723 tennis-court 0.1844
619 577 620 544 683 546 682 579 tennis-court 0.1729
679 542 681 510 747 513 745 545 tennis-court 0.1668
614 693 600 661 657 636 671 669 tennis-court 0.1630
382 859 402 847 424 884 403 896 tennis-court 0.1599
1262 578 1263 554 1305 557 1303 581 tennis-court 0.1492
1546 571 1552 547 1598 558 1592 582 tennis-court 0.1479
1553 609 1554 590 1581 592 1580 610 tennis-court 0.1442
1272 323 1281 310 1304 325 1295 338 tennis-court 0.1430
293 755 297 730 340 736 337 760 tennis-court 0.1420
1603 533 1614 504 1667 525 1655 554 tennis-court 0.1420
647 701 635 613 821 588 833 675 tennis-court 0.1395
1712 778 1741 751 1792 807 1762 834 tennis-court 0.1368
442 1040 481 1019 509 1070 469 1091 tennis-court 0.1364
1719 430 1739 401 1796 440 1776 469 tennis-court 0.1296
1546 588 1552 568 1585 578 1580 598 tennis-court 0.1282
244 772 237 747 285 733 293 758 tennis-court 0.1275
639 507 652 490 681 512 668 529 tennis-court 0.1271
1768 461 1782 442 1812 464 1798 482 tennis-court 0.1249
653 484 675 470 698 508 676 522 tennis-court 0.1240
1765 741 1787 727 1807 759 1786 773 tennis-court 0.1188
445 733 471 672 568 713 542 774 tennis-court 0.1135
1616 583 1611 568 1636 559 1642 573 tennis-court 0.1129
1434 723 1428 695 1481 684 1487 712 tennis-court 0.1080
1786 493 1800 462 1856 487 1843 518 tennis-court 0.1078
1218 312 1232 285 1274 306 1260 333 tennis-court 0.1077
1223 365 1238 330 1302 357 1287 392 tennis-court 0.1069
1581 869 1548 757 1823 677 1856 788 basketball-court 0.2315
1297 290 1334 276 1365 356 1328 371 basketball-court 0.2213
547 608 507 514 688 436 728 530 basketball-court 0.1785
1438 211 1488 195 1521 299 1471 315 basketball-court 0.1776
1414 807 1475 781 1525 899 1464 925 basketball-court 0.1752
1368 265 1403 246 1443 318 1408 337 basketball-court 0.1371
381 829 413 792 489 859 457 895 basketball-court 0.1364
645 736 616 641 810 581 839 677 basketball-court 0.1347
280 752 317 751 320 827 283 828 basketball-court 0.1231
535 590 553 555 626 593 608 627 basketball-court 0.1105
173 790 209 758 276 834 240 865 basketball-court 0.1082
442 1040 481 1019 509 1070 469 1091 basketball-court 0.1075
335 867 372 847 420 934 383 954 basketball-court 0.1062
1407 617 1446 600 1485 689 1446 706 basketball-court 0.1036
1486 587 1525 568 1569 659 1529 678 basketball-court 0.1014
1581 869 1548 757 1823 677 1856 788 soccer-ball-field 0.1574
474 770 476 704 562 707 560 773 swimming-pool 0.3706
1807 1191 1798 1172 1833 1155 1842 1175 swimming-pool 0.3286
1847 655 1841 637 1894 621 1899 639 swimming-pool 0.2893
613 961 637 953 646 983 622 990 swimming-pool 0.2548
1104 842 1098 811 1164 798 1170 829 swimming-pool 0.2498
44 1150 35 1129 80 1110 89 1131 swimming-pool 0.1866
2042 634 2061 629 2070 663 2051 668 swimming-pool 0.1406
1886 548 1921 539 1938 610 1903 619 swimming-pool 0.1241
581 954 607 955 605 985 579 984 swimming-pool 0.1196
277 188 265 134 343 116 356 171 swimming-pool 0.1122
20 417 15 397 50 387 56 406 swimming-pool 0.1087
933 53 951 52 954 84 936 86 swimming-pool 0.1066
1112 865 1106 841 1151 829 1157 853 swimming-pool 0.1004
