1045 896 1056 880 1090 903 1079 919 small-vehicle 0.6599
1068 861 1078 845 1114 867 1104 883 small-vehicle 0.6402
1117 791 1126 776 1158 795 1149 810 small-vehicle 0.6296
1110 988 1120 974 1152 996 1143 1010 small-vehicle 0.6209
787 903 803 913 779 949 764 938 small-vehicle 0.6155
730 1040 741 1025 773 1049 762 1064 small-vehicle 0.6144
288 830 305 839 284 874 268 865 small-vehicle 0.6133
306 841 322 849 304 883 288 875 small-vehicle 0.6097
1081 845 1090 829 1125 850 1115 866 small-vehicle 0.6050
801 917 817 927 798 957 782 948 small-vehicle 0.6011
1023 930 1035 913 1073 939 1061 957 small-vehicle 0.5991
769 896 784 909 757 939 743 927 small-vehicle 0.5968
507 973 524 983 503 1017 487 1007 small-vehicle 0.5836
488 962 504 971 486 1004 470 995 small-vehicle 0.5736
300 758 312 742 349 768 336 785 small-vehicle 0.5704
575 1017 593 1025 576 1061 558 1052 small-vehicle 0.5627
524 981 541 990 521 1025 505 1016 small-vehicle 0.5570
837 934 855 946 830 984 811 972 small-vehicle 0.5557
549 923 559 907 594 931 583 946 small-vehicle 0.5539
1109 1132 1126 1142 1103 1183 1086 1173 small-vehicle 0.5520
1033 912 1043 896 1078 920 1067 936 small-vehicle 0.5474
349 793 358 776 395 795 386 812 small-vehicle 0.5441
975 1029 993 1039 971 1075 954 1064 small-vehicle 0.5112
272 817 288 828 268 860 251 849 small-vehicle 0.4979
218 703 230 687 263 712 252 727 small-vehicle 0.4902
222 779 238 790 214 824 198 813 small-vehicle 0.4790
974 816 987 799 1022 825 1010 842 small-vehicle 0.4660
771 1070 784 1053 819 1080 806 1097 small-vehicle 0.4633
994 1038 1014 1046 996 1085 977 1076 small-vehicle 0.4607
956 847 969 830 1001 856 988 873 small-vehicle 0.4606
646 1066 663 1075 646 1108 629 1099 small-vehicle 0.4192
386 813 397 797 431 822 420 837 small-vehicle 0.4098
596 487 614 500 586 540 567 527 small-vehicle 0.4004
890 970 908 980 889 1015 870 1005 small-vehicle 0.3904
684 1006 700 993 728 1027 713 1040 small-vehicle 0.3647
913 981 929 993 904 1024 889 1011 small-vehicle 0.3392
1096 998 1108 984 1142 1013 1130 1027 small-vehicle 0.3361
362 870 382 880 362 918 342 908 small-vehicle 0.3302
862 663 883 675 847 736 826 724 small-vehicle 0.3205
954 1011 977 1021 958 1062 935 1052 small-vehicle 0.3202
360 556 378 570 340 622 321 608 small-vehicle 0.2960
1009 1046 1032 1054 1018 1095 995 1088 small-vehicle 0.2925
944 1007 960 1019 936 1052 919 1039 small-vehicle 0.2874
466 865 478 849 514 875 502 892 small-vehicle 0.2858
598 1031 613 1044 586 1074 571 1060 small-vehicle 0.2706
561 1007 577 1019 552 1052 536 1040 small-vehicle 0.2644
842 644 861 658 816 719 797 705 small-vehicle 0.2633
679 536 697 548 660 605 642 594 small-vehicle 0.2596
755 871 775 880 754 928 734 918 small-vehicle 0.2531
542 452 559 465 515 524 497 511 small-vehicle 0.2500
814 624 834 638 793 696 773 682 small-vehicle 0.2470
414 366 435 380 399 434 378 421 small-vehicle 0.2467
622 507 642 520 598 585 578 571 small-vehicle 0.2427
895 677 914 690 871 754 852 742 small-vehicle 0.2326
724 874 744 886 708 949 687 937 small-vehicle 0.2247
916 704 935 717 899 772 880 759 small-vehicle 0.2242
649 518 669 530 629 599 608 587 small-vehicle 0.2189
761 589 781 602 737 669 717 656 small-vehicle 0.2156
812 1144 832 1142 835 1175 815 1177 small-vehicle 0.2156
732 573 751 587 710 648 690 635 small-vehicle 0.2148
484 711 506 727 457 794 436 779 small-vehicle 0.2118
594 779 613 794 565 857 546 842 small-vehicle 0.2087
516 434 535 452 489 501 470 484 small-vehicle 0.2085
485 417 504 429 467 493 447 481 small-vehicle 0.1923
1085 1171 1100 1176 1092 1200 1077 1195 small-vehicle 0.1885
782 610 802 623 766 680 745 667 small-vehicle 0.1862
644 967 663 957 683 995 664 1005 small-vehicle 0.1861
512 886 527 874 552 906 537 918 small-vehicle 0.1839
701 555 722 566 682 636 662 624 small-vehicle 0.1708
225 800 246 790 266 831 246 841 small-vehicle 0.1705
147 1171 139 1162 157 1146 165 1155 small-vehicle 0.1670
828 761 852 765 841 839 817 835 small-vehicle 0.1669
678 842 699 854 661 920 640 908 small-vehicle 0.1660
313 303 332 316 293 375 274 362 small-vehicle 0.1656
300 371 319 382 274 463 254 452 small-vehicle 0.1490
575 757 594 770 568 812 548 799 small-vehicle 0.1411
178 674 191 660 222 689 209 703 small-vehicle 0.1410
819 928 834 941 810 969 795 957 small-vehicle 0.1375
637 818 657 832 615 893 595 878 small-vehicle 0.1199
48 16 78 26 45 123 14 113 small-vehicle 0.1178
926 993 944 1004 922 1040 903 1029 small-vehicle 0.1106
210 64 213 44 256 50 253 71 small-vehicle 0.1094
196 803 184 791 208 769 219 782 small-vehicle 0.1042
701 555 722 566 682 636 662 624 large-vehicle 0.8006
484 711 506 727 457 794 436 779 large-vehicle 0.7541
865 664 884 678 845 734 826 721 large-vehicle 0.7464
837 645 857 658 818 720 798 708 large-vehicle 0.7364
382 361 404 375 335 492 313 479 large-vehicle 0.7359
731 574 751 586 712 649 692 637 large-vehicle 0.7264
814 624 834 638 793 696 773 682 large-vehicle 0.7197
648 522 669 536 632 593 611 578 large-vehicle 0.7164
784 609 804 622 764 686 744 674 large-vehicle 0.7161
622 507 642 520 598 585 578 571 large-vehicle 0.7087
361 344 382 359 304 472 284 458 large-vehicle 0.7069
888 678 910 689 876 754 854 743 large-vehicle 0.6981
513 430 533 443 495 506 474 494 large-vehicle 0.6932
758 593 778 605 737 669 717 656 large-vehicle 0.6672
677 537 697 548 664 610 643 599 large-vehicle 0.6573
445 392 465 408 364 538 344 522 large-vehicle 0.6534
486 419 506 431 465 495 445 483 large-vehicle 0.6475
337 308 359 321 279 462 256 449 large-vehicle 0.6465
542 448 561 463 512 524 494 509 large-vehicle 0.6022
921 698 941 713 896 772 877 758 large-vehicle 0.5971
628 810 653 820 622 895 597 884 large-vehicle 0.5939
276 290 297 301 225 436 204 424 large-vehicle 0.5662
592 781 612 796 568 855 549 840 large-vehicle 0.5330
414 366 435 380 398 433 377 419 large-vehicle 0.5171
691 837 710 853 655 918 636 902 large-vehicle 0.4917
829 768 853 774 838 838 813 832 large-vehicle 0.4769
360 556 378 570 340 622 321 608 large-vehicle 0.4431
596 487 614 500 586 540 567 527 large-vehicle 0.4313
312 306 332 320 293 375 273 362 large-vehicle 0.4188
259 112 281 126 234 203 212 190 large-vehicle 0.4035
723 875 745 888 709 947 687 934 large-vehicle 0.3962
55 18 81 30 41 118 15 107 large-vehicle 0.2730
653 233 667 214 718 251 705 270 large-vehicle 0.1984
838 934 856 947 828 987 810 974 large-vehicle 0.1666
636 259 649 239 703 275 690 294 large-vehicle 0.1639
300 761 312 743 347 767 335 785 large-vehicle 0.1458
769 896 784 909 757 939 743 927 large-vehicle 0.1413
788 904 803 915 779 949 764 938 large-vehicle 0.1312
624 283 638 265 686 300 672 318 large-vehicle 0.1251
29 10 50 15 30 93 9 88 large-vehicle 0.1248
671 928 653 908 711 855 730 875 large-vehicle 0.1186
1023 930 1035 912 1073 938 1061 956 large-vehicle 0.1152
218 703 230 687 263 712 252 727 large-vehicle 0.1128
627 904 609 883 675 826 693 846 large-vehicle 0.1079
731 1041 741 1026 774 1049 764 1064 large-vehicle 0.1031
577 1015 595 1025 574 1064 556 1054 large-vehicle 0.1019
575 757 594 770 568 812 548 799 large-vehicle 0.1019
359 557 377 571 338 621 320 607 ship 0.1001
1085 1171 1100 1176 1092 1201 1076 1195 storage-tank 0.1131
