469 305 495 288 518 325 492 341 plane 0.9804
531 318 560 323 553 362 524 357 plane 0.9742
306 935 310 903 353 909 349 940 plane 0.9637
557 184 586 191 577 229 549 222 plane 0.9622
549 227 576 232 567 272 540 267 plane 0.9614
543 270 570 279 556 320 529 311 plane 0.9543
219 919 225 887 267 894 261 926 plane 0.9217
349 940 360 911 400 926 389 955 plane 0.9210
456 260 480 262 477 296 452 294 plane 0.9105
174 909 181 881 221 892 213 920 plane 0.9064
90 899 92 870 132 874 129 902 plane 0.8810
309 34 319 4 361 19 351 49 plane 0.8581
583 227 596 230 589 261 575 258 plane 0.3173
82 442 85 432 106 436 103 447 small-vehicle 0.2158
66 270 66 259 88 260 88 271 small-vehicle 0.2060
174 37 183 36 186 58 177 59 small-vehicle 0.1979
191 178 191 168 211 168 211 179 small-vehicle 0.1836
117 284 118 272 140 275 138 287 small-vehicle 0.1742
195 34 206 33 207 52 197 53 small-vehicle 0.1733
115 304 118 293 140 299 137 310 small-vehicle 0.1710
43 374 45 363 67 367 65 378 small-vehicle 0.1704
226 406 229 393 268 403 264 417 small-vehicle 0.1692
43 357 46 345 70 350 68 361 small-vehicle 0.1667
122 263 125 252 145 259 142 269 small-vehicle 0.1666
70 249 69 237 91 236 92 248 small-vehicle 0.1646
375 300 386 301 384 327 373 326 small-vehicle 0.1645
51 336 49 324 73 320 74 332 small-vehicle 0.1610
76 459 79 449 100 455 97 466 small-vehicle 0.1593
579 230 592 230 592 258 580 258 small-vehicle 0.1551
100 373 102 363 122 367 120 377 small-vehicle 0.1507
62 280 63 269 86 271 86 282 small-vehicle 0.1447
137 188 138 176 159 179 158 190 small-vehicle 0.1431
61 290 63 279 84 283 83 293 small-vehicle 0.1391
47 349 47 338 69 338 70 349 small-vehicle 0.1374
93 393 96 384 115 391 111 400 small-vehicle 0.1296
95 118 97 107 117 110 115 121 small-vehicle 0.1204
296 27 308 27 307 60 295 60 small-vehicle 0.1153
267 18 277 19 274 57 263 56 small-vehicle 0.1116
159 302 160 291 181 294 180 305 small-vehicle 0.1019
266 14 279 15 274 57 261 55 large-vehicle 0.3329
282 25 292 26 289 57 279 55 large-vehicle 0.2308
227 405 231 393 265 406 260 418 large-vehicle 0.2034
295 26 307 26 306 62 294 61 large-vehicle 0.1843
215 327 217 313 293 323 292 336 large-vehicle 0.1215
375 300 386 301 384 327 373 326 large-vehicle 0.1033
581 228 593 229 591 258 579 257 ship 0.2024
295 26 307 26 306 62 294 61 ship 0.1557
288 24 298 26 291 57 281 54 ship 0.1331
264 12 279 13 277 56 262 56 ship 0.1088
227 405 231 393 265 406 260 418 ship 0.1024
374 300 386 300 385 326 374 326 ship 0.1010
316 551 332 387 598 413 582 577 soccer-ball-field 0.1345
415 703 535 744 471 933 351 892 soccer-ball-field 0.1292
