1741 1034 1732 1013 1778 994 1787 1015 small-vehicle 0.1572
1311 144 1304 126 1344 111 1351 128 small-vehicle 0.1560
1628 621 1655 612 1672 663 1644 672 small-vehicle 0.1064
363 770 444 749 489 919 408 941 tennis-court 0.9259
396 449 474 431 513 596 435 615 tennis-court 0.9230
253 487 328 461 384 621 309 647 tennis-court 0.9199
679 1113 757 1090 806 1258 728 1281 tennis-court 0.9198
605 790 685 773 721 938 641 955 tennis-court 0.9189
595 454 674 433 717 599 638 619 tennis-court 0.9163
436 1067 513 1041 568 1206 490 1231 tennis-court 0.9149
225 806 304 786 347 955 268 975 tennis-court 0.9146
737 764 814 742 862 908 786 931 tennis-court 0.9130
728 418 808 395 857 560 777 584 tennis-court 0.9106
303 1100 385 1080 426 1250 344 1270 tennis-court 0.8995
810 1084 887 1057 943 1219 866 1246 tennis-court 0.8931
1479 1016 1556 992 1608 1156 1531 1180 tennis-court 0.8887
1022 1124 1095 1104 1138 1270 1064 1289 tennis-court 0.8683
1344 1043 1422 1022 1468 1189 1391 1210 tennis-court 0.8648
1081 737 1156 718 1197 877 1122 896 tennis-court 0.8345
1158 1091 1235 1072 1277 1239 1200 1258 tennis-court 0.8231
1081 383 1156 356 1211 510 1136 536 tennis-court 0.8227
948 407 1022 390 1062 565 988 582 tennis-court 0.6494
1351 398 1352 285 1513 287 1512 400 tennis-court 0.1466
1062 724 1154 694 1213 873 1121 903 basketball-court 0.1344
591 447 675 430 711 607 626 624 basketball-court 0.1325
397 449 476 431 517 605 438 624 basketball-court 0.1207
259 490 330 467 376 612 305 634 basketball-court 0.1104
1653 216 1755 180 1816 349 1713 386 basketball-court 0.1068
947 405 1035 393 1061 582 973 594 basketball-court 0.1013
1020 1127 1095 1107 1139 1272 1064 1293 harbor 0.1478
1077 736 1151 716 1195 879 1121 899 harbor 0.1025
1361 411 1339 298 1513 265 1535 377 swimming-pool 0.8235
