402 384 419 362 448 385 432 407 plane 0.9716
331 886 357 901 336 938 310 924 plane 0.9673
495 315 513 290 544 314 526 338 plane 0.9656
594 186 623 175 637 211 609 222 plane 0.9653
598 362 614 336 649 358 633 384 plane 0.9590
561 373 579 348 612 371 594 396 plane 0.9555
311 931 340 945 322 982 293 967 plane 0.9519
559 180 566 148 608 158 601 189 plane 0.9490
541 458 562 440 585 468 564 486 plane 0.9484
216 939 244 954 225 992 196 977 plane 0.9448
507 430 529 409 558 438 536 460 plane 0.9376
534 299 553 279 582 306 562 326 plane 0.9373
529 142 542 118 579 139 565 163 plane 0.9354
407 711 427 685 462 711 442 737 plane 0.9199
433 409 455 388 485 419 463 440 plane 0.9172
625 231 639 206 672 224 658 249 plane 0.9138
505 265 524 248 549 277 530 294 plane 0.9124
268 843 298 855 284 891 254 879 plane 0.9112
349 607 372 583 402 613 379 637 plane 0.9095
319 576 346 559 368 594 341 611 plane 0.9030
617 267 633 247 661 269 645 289 plane 0.8985
673 159 693 138 723 166 703 187 plane 0.8979
518 178 533 153 564 173 548 197 plane 0.8905
470 244 492 223 518 250 497 271 plane 0.8856
346 456 359 428 393 443 381 471 plane 0.8818
464 604 489 576 526 609 501 637 plane 0.8622
240 537 257 514 290 539 273 562 plane 0.8552
506 467 520 448 547 468 534 487 plane 0.8311
413 341 440 325 458 356 431 371 plane 0.8298
570 336 583 314 613 331 600 353 plane 0.7483
612 109 628 84 662 106 646 131 plane 0.7455
325 869 340 850 373 877 357 896 plane 0.1599
117 519 152 477 211 526 176 568 bridge 0.1250
55 477 77 428 153 462 130 512 bridge 0.1175
527 574 536 580 524 598 516 592 small-vehicle 0.1871
146 729 154 720 172 735 165 743 small-vehicle 0.1822
162 713 170 706 185 722 177 729 small-vehicle 0.1795
636 59 642 65 628 80 622 73 small-vehicle 0.1678
706 275 716 280 708 295 698 290 small-vehicle 0.1674
32 671 44 668 49 691 37 694 small-vehicle 0.1640
596 68 604 73 593 90 585 85 small-vehicle 0.1638
605 77 613 82 602 99 594 94 small-vehicle 0.1545
19 680 29 683 20 702 11 698 small-vehicle 0.1252
211 695 218 688 232 704 225 710 small-vehicle 0.1247
510 665 519 667 515 682 506 679 small-vehicle 0.1237
241 663 249 659 259 677 251 682 small-vehicle 0.1131
138 740 144 733 159 746 153 753 small-vehicle 0.1125
599 51 612 43 627 67 614 75 small-vehicle 0.1089
90 985 98 991 84 1010 75 1003 small-vehicle 0.1064
226 683 234 678 243 694 235 699 small-vehicle 0.1062
232 673 240 668 251 684 244 689 small-vehicle 0.1010
23 683 35 683 34 710 23 710 small-vehicle 0.1004
58 693 66 686 92 717 84 724 large-vehicle 0.2159
67 687 74 679 101 704 94 712 large-vehicle 0.2126
577 585 583 589 573 605 567 601 large-vehicle 0.1945
50 701 57 694 84 725 77 732 large-vehicle 0.1663
45 716 53 708 79 735 70 743 large-vehicle 0.1594
27 734 36 725 66 757 57 766 large-vehicle 0.1348
28 732 37 724 67 758 57 766 ship 0.4117
18 740 27 732 58 763 50 772 ship 0.3929
45 715 54 708 79 735 70 743 ship 0.3723
49 704 57 696 85 725 78 733 ship 0.2613
38 727 45 719 73 746 66 754 ship 0.2586
12 762 18 752 45 770 38 779 ship 0.2571
52 780 52 772 70 771 70 780 ship 0.2362
56 696 63 688 95 715 88 723 ship 0.2280
36 804 34 796 56 791 58 799 ship 0.2064
72 752 76 742 98 750 95 760 ship 0.1422
66 687 74 678 106 707 98 716 ship 0.1265
3 834 4 825 25 826 24 835 ship 0.1176
-9 849 -8 841 12 844 10 852 ship 0.1168
352 732 373 706 442 764 420 789 tennis-court 0.1017
624 229 640 204 673 226 657 251 harbor 0.1027
519 177 534 155 566 175 550 198 helicopter 0.1486
625 231 639 206 672 224 658 249 helicopter 0.1127
320 573 346 558 366 594 340 609 helicopter 0.1043
505 469 516 449 548 467 537 487 helicopter 0.1030
