596 534 590 516 627 503 633 522 small-vehicle 0.6649
306 550 298 533 338 514 346 532 small-vehicle 0.6551
593 514 585 498 618 480 627 497 small-vehicle 0.6479
594 557 588 537 633 524 639 544 small-vehicle 0.6349
266 435 256 417 291 396 302 413 small-vehicle 0.6282
308 571 301 552 346 535 353 555 small-vehicle 0.6248
305 523 297 505 337 487 345 505 small-vehicle 0.5976
294 501 286 482 328 465 335 485 small-vehicle 0.5784
318 588 312 570 352 557 358 575 small-vehicle 0.5759
559 469 553 451 592 438 598 456 small-vehicle 0.5737
253 384 245 365 282 349 290 368 small-vehicle 0.5522
566 492 556 473 593 454 603 473 small-vehicle 0.5497
858 54 881 55 879 98 857 97 small-vehicle 0.5437
695 733 712 730 718 769 702 772 small-vehicle 0.5383
606 577 600 557 642 544 648 563 small-vehicle 0.5363
224 195 214 179 251 155 261 172 small-vehicle 0.5013
239 331 236 315 270 308 273 325 small-vehicle 0.4950
546 450 540 435 571 420 578 435 small-vehicle 0.4706
248 360 245 342 282 335 285 352 small-vehicle 0.4509
1081 669 1094 682 1069 709 1055 696 small-vehicle 0.4025
968 106 991 113 975 162 953 155 small-vehicle 0.3966
270 452 262 433 303 418 310 437 small-vehicle 0.2912
322 608 317 590 364 577 369 596 small-vehicle 0.1929
908 74 932 76 926 146 901 144 small-vehicle 0.1898
1000 146 1022 140 1040 219 1018 224 small-vehicle 0.1893
882 56 906 56 905 115 881 115 small-vehicle 0.1714
883 508 902 489 966 554 947 573 small-vehicle 0.1483
934 61 959 62 954 147 929 146 small-vehicle 0.1411
608 598 602 578 648 564 654 584 small-vehicle 0.1271
764 40 767 13 854 23 851 50 small-vehicle 0.1237
961 394 986 376 1050 465 1024 483 small-vehicle 0.1202
367 165 390 157 429 270 406 278 small-vehicle 0.1157
980 381 997 365 1071 442 1054 458 large-vehicle 0.8790
959 403 976 388 1048 466 1032 481 large-vehicle 0.8560
309 190 335 182 368 294 343 302 large-vehicle 0.8143
275 214 298 204 339 299 316 309 large-vehicle 0.8077
257 228 278 221 311 322 290 329 large-vehicle 0.7846
365 167 391 159 429 270 403 279 large-vehicle 0.7360
1012 355 1031 339 1108 429 1090 445 large-vehicle 0.6533
530 127 554 119 589 223 565 231 large-vehicle 0.5722
485 149 509 139 546 226 523 236 large-vehicle 0.5701
940 60 965 64 952 149 926 145 large-vehicle 0.5468
764 39 768 12 853 23 850 50 large-vehicle 0.3787
912 65 935 68 922 150 898 146 large-vehicle 0.3713
883 508 902 489 966 554 947 573 large-vehicle 0.3153
967 105 991 111 980 160 956 155 large-vehicle 0.2921
887 55 910 59 901 123 877 119 large-vehicle 0.2497
1001 149 1024 144 1039 222 1016 226 large-vehicle 0.1878
327 610 320 590 364 574 371 594 large-vehicle 0.1665
389 695 411 686 432 735 410 744 large-vehicle 0.1607
190 204 211 195 249 291 227 300 large-vehicle 0.1457
318 590 310 573 352 555 359 572 large-vehicle 0.1386
308 571 301 552 346 535 353 555 large-vehicle 0.1377
306 551 298 533 339 514 347 533 large-vehicle 0.1194
864 52 886 58 875 102 852 97 large-vehicle 0.1034
271 455 263 437 303 419 311 437 large-vehicle 0.1031
227 194 216 181 245 157 256 171 large-vehicle 0.1026
1004 150 1025 146 1037 222 1015 226 ship 0.1307
912 65 938 70 922 149 897 144 ship 0.1194
889 58 911 63 898 123 876 118 ship 0.1079
