935 239 930 221 968 210 973 229 small-vehicle 0.7165
68 818 65 801 101 793 104 810 small-vehicle 0.6984
944 257 940 240 977 231 982 249 small-vehicle 0.6878
893 280 886 260 925 245 933 265 small-vehicle 0.6609
903 307 896 287 938 273 944 293 small-vehicle 0.6514
927 217 923 198 963 190 967 209 small-vehicle 0.6486
949 282 944 263 982 252 987 271 small-vehicle 0.6481
61 778 51 763 85 741 95 756 small-vehicle 0.6429
50 752 46 733 89 723 93 742 small-vehicle 0.6381
903 109 898 88 940 79 945 100 small-vehicle 0.6147
950 302 946 282 986 274 990 294 small-vehicle 0.6086
917 149 912 132 947 121 952 138 small-vehicle 0.6037
170 456 190 454 194 498 174 500 small-vehicle 0.5399
1004 102 1000 83 1041 72 1046 91 small-vehicle 0.5289
1023 174 1018 154 1060 145 1064 164 small-vehicle 0.5096
44 730 41 712 79 705 82 723 small-vehicle 0.5059
910 128 906 112 940 102 945 118 small-vehicle 0.4201
140 446 160 445 163 483 142 485 small-vehicle 0.4089
3 515 18 513 23 559 7 561 small-vehicle 0.3352
81 862 74 842 111 829 118 849 small-vehicle 0.2702
302 157 330 158 329 240 300 239 small-vehicle 0.2381
501 566 523 558 551 628 528 637 small-vehicle 0.2112
454 333 479 328 492 397 467 402 small-vehicle 0.2072
318 362 342 355 364 429 341 437 small-vehicle 0.2070
416 340 440 331 465 399 441 408 small-vehicle 0.2016
996 421 1020 413 1044 487 1021 495 small-vehicle 0.2011
820 163 839 157 850 193 832 199 small-vehicle 0.1978
854 509 876 498 899 544 877 555 small-vehicle 0.1965
969 428 992 420 1015 490 992 497 small-vehicle 0.1962
1020 410 1044 402 1067 479 1043 486 small-vehicle 0.1941
822 523 843 515 870 580 849 589 small-vehicle 0.1876
943 428 968 421 988 496 963 502 small-vehicle 0.1874
768 528 793 526 797 598 773 599 small-vehicle 0.1850
618 287 642 281 663 363 640 369 small-vehicle 0.1820
1096 394 1120 383 1146 446 1122 457 small-vehicle 0.1818
794 530 818 524 836 602 813 607 small-vehicle 0.1809
286 371 312 365 331 443 306 450 small-vehicle 0.1786
353 596 347 576 394 563 400 583 small-vehicle 0.1731
351 355 374 348 397 427 375 434 small-vehicle 0.1698
899 48 890 32 920 14 930 30 small-vehicle 0.1665
718 263 743 256 764 338 739 345 small-vehicle 0.1626
230 389 256 382 272 445 245 451 small-vehicle 0.1620
530 564 553 555 585 634 561 644 small-vehicle 0.1579
651 275 673 269 698 357 676 363 small-vehicle 0.1578
584 292 609 285 633 369 608 376 small-vehicle 0.1576
1070 394 1097 387 1117 463 1091 470 small-vehicle 0.1575
1046 403 1068 396 1094 471 1072 478 small-vehicle 0.1476
681 271 704 264 729 349 706 356 small-vehicle 0.1467
545 308 572 298 600 372 572 383 small-vehicle 0.1408
802 80 821 78 826 119 807 121 small-vehicle 0.1380
868 476 884 468 902 507 886 515 small-vehicle 0.1139
1020 570 1015 549 1057 539 1062 559 small-vehicle 0.1073
90 448 114 444 122 495 98 499 small-vehicle 0.1058
683 271 708 265 727 348 702 354 large-vehicle 0.8561
649 281 672 273 702 358 679 366 large-vehicle 0.8551
619 291 643 285 665 365 641 371 large-vehicle 0.8385
587 296 610 290 632 370 609 376 large-vehicle 0.8092
718 265 743 258 764 338 739 344 large-vehicle 0.8049
351 355 374 348 397 427 375 434 large-vehicle 0.7876
1071 396 1097 390 1115 469 1090 475 large-vehicle 0.7719
545 308 570 298 600 374 576 384 large-vehicle 0.7490
748 262 777 254 815 393 787 401 large-vehicle 0.7413
317 363 341 356 363 426 340 433 large-vehicle 0.7361
1023 408 1047 403 1064 482 1040 487 large-vehicle 0.7127
452 330 478 325 492 396 466 401 large-vehicle 0.7075
941 428 966 420 993 496 967 505 large-vehicle 0.7027
283 377 307 367 335 441 311 450 large-vehicle 0.7015
419 337 441 330 463 403 440 410 large-vehicle 0.6981
498 567 520 557 552 627 530 637 large-vehicle 0.6925
533 566 555 559 581 634 559 642 large-vehicle 0.6913
995 418 1018 410 1044 482 1021 490 large-vehicle 0.6825
1046 403 1068 396 1094 471 1072 478 large-vehicle 0.6821
968 426 993 418 1017 490 992 498 large-vehicle 0.6447
1098 391 1123 383 1145 452 1120 460 large-vehicle 0.5382
228 391 254 384 273 447 247 455 large-vehicle 0.5369
793 530 816 523 843 621 820 627 large-vehicle 0.5324
823 523 846 517 870 601 846 608 large-vehicle 0.4305
767 536 791 530 812 610 787 616 large-vehicle 0.4302
216 637 208 610 397 556 405 583 large-vehicle 0.3919
796 262 817 259 826 327 804 330 large-vehicle 0.2976
302 157 330 158 329 240 300 239 large-vehicle 0.2781
354 643 389 634 421 759 386 767 large-vehicle 0.2549
586 576 620 570 630 634 597 640 large-vehicle 0.2243
548 678 544 651 624 639 628 665 large-vehicle 0.2201
90 448 114 444 122 495 98 499 large-vehicle 0.1915
1024 172 1020 155 1059 146 1063 163 large-vehicle 0.1691
921 382 900 341 984 297 1006 338 large-vehicle 0.1641
458 581 482 561 536 622 513 643 large-vehicle 0.1428
573 710 565 681 636 662 644 692 large-vehicle 0.1361
904 110 898 90 939 79 944 99 large-vehicle 0.1257
857 500 880 494 892 543 870 548 large-vehicle 0.1190
444 588 485 589 482 716 440 715 large-vehicle 0.1115
1152 117 1180 116 1188 235 1160 236 large-vehicle 0.1108
151 635 225 632 232 788 157 791 large-vehicle 0.1053
2 517 19 515 23 557 6 559 ship 0.1139
144 660 199 643 249 796 194 814 harbor 0.1790
144 660 199 643 249 796 194 814 helicopter 0.1252
