1710 68 1712 44 1745 48 1742 72 plane 0.2864
2441 684 2539 704 2407 1367 2309 1347 bridge 0.2206
1275 414 1287 308 1863 376 1851 482 bridge 0.1680
-38 65 -22 -39 596 54 580 159 bridge 0.1648
635 204 666 100 1177 251 1146 356 bridge 0.1492
1926 546 1951 443 2481 570 2456 673 bridge 0.1334
2652 508 2678 512 2669 570 2643 566 small-vehicle 0.2067
2493 376 2516 381 2507 427 2484 422 small-vehicle 0.1874
1593 -5 1615 1 1599 49 1577 42 small-vehicle 0.1760
441 28 442 12 474 15 473 31 small-vehicle 0.1647
1582 138 1601 148 1579 190 1559 179 small-vehicle 0.1637
2627 359 2647 365 2632 411 2612 404 small-vehicle 0.1620
1436 51 1456 56 1443 103 1423 98 small-vehicle 0.1596
1052 103 1073 111 1055 162 1034 155 small-vehicle 0.1565
929 77 947 82 937 124 918 119 small-vehicle 0.1557
1362 45 1383 50 1370 101 1349 96 small-vehicle 0.1516
1291 28 1309 32 1300 69 1283 65 small-vehicle 0.1460
1493 114 1512 120 1497 164 1478 157 small-vehicle 0.1449
2717 282 2736 286 2726 336 2706 332 small-vehicle 0.1415
2041 217 2058 223 2045 263 2027 257 small-vehicle 0.1414
1061 202 1063 183 1105 188 1103 206 small-vehicle 0.1397
2083 259 2104 265 2088 317 2068 311 small-vehicle 0.1391
1990 206 2008 212 1994 257 1976 251 small-vehicle 0.1356
1548 78 1569 82 1560 130 1539 126 small-vehicle 0.1336
1416 197 1433 201 1422 241 1405 237 small-vehicle 0.1325
1464 204 1486 206 1480 255 1458 252 small-vehicle 0.1317
2089 123 2107 127 2097 173 2080 170 small-vehicle 0.1290
2171 387 2193 390 2185 441 2163 437 small-vehicle 0.1282
1535 229 1552 237 1532 278 1515 270 small-vehicle 0.1274
2214 401 2236 406 2227 450 2205 445 small-vehicle 0.1256
2123 372 2148 376 2138 435 2112 431 small-vehicle 0.1240
2290 333 2300 321 2322 341 2311 352 small-vehicle 0.1225
1777 191 1799 189 1802 249 1780 251 small-vehicle 0.1185
1589 153 1607 157 1599 195 1581 191 small-vehicle 0.1173
2133 260 2155 265 2143 324 2120 319 small-vehicle 0.1170
2147 137 2164 144 2150 177 2134 170 small-vehicle 0.1167
1007 91 1027 97 1014 144 994 138 small-vehicle 0.1160
1655 118 1675 121 1669 161 1649 158 small-vehicle 0.1158
1848 216 1869 217 1867 264 1846 263 small-vehicle 0.1156
1324 77 1342 80 1337 122 1319 120 small-vehicle 0.1135
1936 330 1958 334 1949 388 1928 384 small-vehicle 0.1127
1523 -11 1540 -8 1533 32 1516 29 small-vehicle 0.1114
2466 320 2483 330 2456 376 2439 366 small-vehicle 0.1085
1546 129 1565 137 1549 177 1530 169 small-vehicle 0.1067
1905 172 1920 180 1899 218 1884 210 small-vehicle 0.1062
2259 416 2278 418 2272 463 2253 461 small-vehicle 0.1046
1554 240 1569 245 1555 281 1541 275 small-vehicle 0.1031
1837 161 1855 166 1844 208 1826 203 small-vehicle 0.1023
1977 198 1993 203 1979 242 1964 237 small-vehicle 0.1020
1982 244 2002 244 2002 295 1982 295 small-vehicle 0.1013
1459 -14 1486 -19 1494 22 1468 27 small-vehicle 0.1011
1556 318 1566 303 1601 326 1591 341 small-vehicle 0.1002
2005 352 2021 350 2025 387 2008 389 small-vehicle 0.1000
1322 255 1331 235 1427 276 1419 296 large-vehicle 0.1657
2090 123 2106 125 2101 171 2084 169 large-vehicle 0.1468
2517 889 2596 909 2525 1179 2446 1158 large-vehicle 0.1404
1127 197 1133 175 1181 189 1175 211 large-vehicle 0.1328
2049 47 2053 34 2090 44 2087 57 large-vehicle 0.1312
2652 508 2678 512 2669 570 2643 566 large-vehicle 0.1143
1659 259 1677 264 1662 313 1645 309 large-vehicle 0.1142
2511 234 2528 238 2517 284 2501 280 large-vehicle 0.1122
2218 1219 2321 1236 2262 1609 2158 1593 ship 0.8468
329 412 448 429 368 1000 248 983 ship 0.8368
1868 746 1993 788 1821 1300 1696 1258 ship 0.7740
1194 720 1313 759 1141 1284 1022 1245 ship 0.7170
601 367 694 391 593 792 500 769 ship 0.6183
2521 898 2597 924 2518 1159 2442 1133 ship 0.5022
1146 366 1219 379 1035 1361 963 1348 ship 0.2745
1283 774 1304 773 1307 830 1286 831 ship 0.2742
1833 494 1925 521 1641 1495 1549 1468 ship 0.2571
553 691 580 693 576 755 549 753 ship 0.2354
529 692 549 695 542 750 522 748 ship 0.2238
2334 1130 2415 1144 2321 1690 2241 1676 ship 0.2000
497 222 583 242 367 1201 281 1182 ship 0.1751
1126 1177 1156 1194 1124 1253 1093 1236 ship 0.1495
1000 1104 1037 1109 1006 1310 969 1304 ship 0.1462
1221 1141 1251 1167 1200 1223 1171 1197 ship 0.1448
626 371 651 366 663 426 637 431 ship 0.1327
1196 752 1203 723 1275 740 1268 770 ship 0.1110
610 621 627 627 605 687 589 681 ship 0.1027
2491 680 2611 722 2281 1681 2160 1639 harbor 0.5444
1870 536 1933 556 1605 1571 1542 1550 harbor 0.4792
1182 275 1252 289 1031 1370 961 1356 harbor 0.3436
496 428 579 452 375 1177 292 1154 harbor 0.2483
558 248 673 263 587 906 472 890 harbor 0.2242
1237 409 1356 440 1126 1343 1006 1312 harbor 0.1665
486 235 585 268 315 1083 216 1050 harbor 0.1167
