21 185 24 176 60 186 57 196 large-vehicle 0.1439
362 189 448 214 393 399 308 374 tennis-court 0.9830
575 253 661 273 620 450 535 431 tennis-court 0.9825
463 223 550 241 512 421 425 402 tennis-court 0.9814
324 527 410 548 366 730 280 710 tennis-court 0.9807
436 565 524 582 489 758 402 740 tennis-court 0.9763
206 495 291 516 245 702 160 680 tennis-court 0.9700
252 158 337 181 286 368 201 345 tennis-court 0.9695
600 234 677 268 596 455 518 421 basketball-court 0.1088
769 280 916 345 791 629 644 564 soccer-ball-field 0.1005
