531 732 554 720 590 791 568 803 small-vehicle 0.4058
194 107 213 99 233 145 214 153 small-vehicle 0.3522
1069 597 1094 586 1129 666 1104 677 small-vehicle 0.3023
223 218 241 210 259 247 241 256 small-vehicle 0.2739
598 730 622 717 661 794 636 806 small-vehicle 0.2590
1031 659 1056 645 1101 728 1076 742 small-vehicle 0.2563
572 739 594 728 628 803 606 813 small-vehicle 0.2332
999 675 1024 663 1059 735 1034 747 small-vehicle 0.2317
718 654 744 639 787 715 760 730 small-vehicle 0.1992
1267 309 1296 293 1346 386 1317 401 small-vehicle 0.1943
892 772 917 760 952 838 927 850 small-vehicle 0.1839
635 702 662 693 693 783 666 792 small-vehicle 0.1762
1176 34 1196 22 1233 80 1214 92 small-vehicle 0.1701
1588 1256 1601 1268 1570 1299 1558 1287 small-vehicle 0.1555
948 706 975 688 1036 779 1009 797 small-vehicle 0.1182
898 626 922 606 980 680 956 699 small-vehicle 0.1142
1124 339 1162 329 1198 467 1160 477 small-vehicle 0.1125
1605 1241 1619 1238 1625 1267 1611 1270 small-vehicle 0.1043
630 704 659 690 701 779 672 793 large-vehicle 0.6901
581 217 603 207 663 342 641 352 large-vehicle 0.6742
594 728 619 715 660 794 635 807 large-vehicle 0.6672
960 700 982 689 1023 779 1000 789 large-vehicle 0.6507
1030 659 1056 646 1098 727 1073 740 large-vehicle 0.6486
1121 342 1144 328 1237 480 1215 493 large-vehicle 0.6193
568 745 593 731 637 807 612 821 large-vehicle 0.6178
999 674 1025 662 1059 738 1032 750 large-vehicle 0.6130
1061 593 1089 579 1131 659 1104 673 large-vehicle 0.5798
218 666 237 682 153 780 133 764 large-vehicle 0.5647
1268 316 1295 299 1346 383 1319 399 large-vehicle 0.5563
660 679 685 668 737 787 712 798 large-vehicle 0.5459
718 653 745 640 786 719 759 733 large-vehicle 0.5167
1170 340 1193 329 1256 464 1234 474 large-vehicle 0.5137
693 666 718 654 764 758 739 769 large-vehicle 0.5105
425 130 449 118 514 256 490 268 large-vehicle 0.5096
529 732 550 719 595 795 574 808 large-vehicle 0.5008
907 616 929 602 978 682 956 696 large-vehicle 0.4993
628 188 650 176 694 259 673 270 large-vehicle 0.4968
892 772 917 760 952 838 927 850 large-vehicle 0.4838
601 204 622 193 689 319 668 330 large-vehicle 0.4367
250 683 271 703 182 795 162 775 large-vehicle 0.4363
707 145 731 134 806 295 782 306 large-vehicle 0.3810
198 647 218 666 127 763 107 744 large-vehicle 0.3653
453 713 476 698 552 817 528 832 large-vehicle 0.3583
1167 557 1193 547 1239 660 1214 671 large-vehicle 0.3017
1131 562 1161 550 1207 674 1177 685 large-vehicle 0.2431
1355 441 1376 432 1430 548 1409 558 large-vehicle 0.2423
1219 490 1239 479 1307 608 1288 618 large-vehicle 0.2404
1250 479 1269 468 1332 580 1313 591 large-vehicle 0.2401
1096 571 1121 561 1172 676 1147 687 large-vehicle 0.2163
1278 470 1300 458 1355 559 1333 571 large-vehicle 0.1778
552 910 580 895 645 1023 617 1037 large-vehicle 0.1748
931 713 951 703 1008 809 989 820 large-vehicle 0.1687
652 173 673 164 706 242 685 251 large-vehicle 0.1654
1304 452 1324 442 1380 562 1360 571 large-vehicle 0.1599
431 934 455 921 516 1032 491 1045 large-vehicle 0.1562
503 732 523 720 576 807 556 819 large-vehicle 0.1495
431 728 457 714 524 842 498 856 large-vehicle 0.1429
917 749 939 742 972 836 950 843 large-vehicle 0.1364
978 692 1000 679 1047 756 1026 770 large-vehicle 0.1240
400 737 424 723 502 849 478 864 large-vehicle 0.1145
506 925 535 913 588 1041 559 1053 large-vehicle 0.1095
538 139 550 132 571 168 559 175 large-vehicle 0.1092
1186 39 1206 29 1230 78 1210 88 large-vehicle 0.1039
1328 451 1349 440 1405 544 1385 555 large-vehicle 0.1003
1181 37 1200 25 1234 80 1216 92 ship 0.1077
