620 65 627 48 663 62 656 80 small-vehicle 0.6950
508 78 516 61 552 78 544 95 small-vehicle 0.6837
816 203 833 211 815 252 797 244 small-vehicle 0.6813
628 45 636 28 671 46 663 62 small-vehicle 0.6701
606 102 613 86 646 101 639 116 small-vehicle 0.6669
616 85 623 70 655 84 649 99 small-vehicle 0.6596
521 35 529 21 560 39 552 53 small-vehicle 0.6549
642 28 649 15 677 28 670 42 small-vehicle 0.6534
600 121 608 107 637 124 629 137 small-vehicle 0.6186
527 16 537 1 568 20 559 35 small-vehicle 0.5902
515 56 524 41 556 59 548 75 small-vehicle 0.5892
643 9 650 -6 685 7 679 23 small-vehicle 0.5361
565 96 579 98 574 132 560 130 small-vehicle 0.4639
470 23 478 6 513 22 505 39 small-vehicle 0.4216
535 -1 546 -16 576 4 565 20 small-vehicle 0.1409
351 803 431 847 340 1013 260 970 tennis-court 0.9503
242 752 320 796 230 956 152 912 tennis-court 0.9339
356 516 437 552 362 723 281 687 tennis-court 0.9267
483 568 559 612 467 773 391 730 tennis-court 0.9206
400 462 465 357 642 466 577 571 tennis-court 0.2048
451 306 574 219 695 391 572 478 tennis-court 0.1755
391 458 452 352 634 456 574 562 basketball-court 0.9578
457 342 518 232 708 338 646 447 basketball-court 0.9202
