513 822 526 830 509 860 496 853 small-vehicle 0.6875
493 811 508 819 491 852 475 843 small-vehicle 0.6500
72 584 88 591 74 624 58 617 small-vehicle 0.6412
549 841 562 850 543 879 530 871 small-vehicle 0.6301
309 712 323 720 305 753 291 745 small-vehicle 0.6014
279 693 293 701 275 734 261 726 small-vehicle 0.5960
93 592 106 599 91 628 78 621 small-vehicle 0.5895
126 617 141 626 121 662 106 654 small-vehicle 0.5550
183 641 199 651 175 690 159 680 small-vehicle 0.5417
104 603 122 609 108 648 91 642 small-vehicle 0.5367
48 579 64 587 46 619 30 611 small-vehicle 0.4910
238 675 252 681 238 713 224 706 small-vehicle 0.4294
595 862 608 867 596 895 583 890 small-vehicle 0.4254
201 529 213 535 199 558 188 552 small-vehicle 0.4129
295 701 308 709 292 737 279 729 small-vehicle 0.3826
556 846 570 848 565 880 551 878 small-vehicle 0.3183
514 168 528 173 520 198 506 193 small-vehicle 0.2887
341 -3 356 5 338 33 323 23 small-vehicle 0.2256
550 186 565 194 553 219 538 211 small-vehicle 0.1413
577 859 592 863 584 899 569 896 small-vehicle 0.1153
184 640 200 650 176 690 159 681 large-vehicle 0.3225
717 85 735 98 709 136 690 123 large-vehicle 0.2772
768 79 790 91 745 173 723 161 large-vehicle 0.2024
127 619 142 628 120 664 105 655 large-vehicle 0.1918
48 577 63 583 47 618 33 612 large-vehicle 0.1772
104 603 122 609 108 648 91 642 large-vehicle 0.1599
279 693 293 701 275 734 261 726 large-vehicle 0.1535
341 -4 356 5 337 33 322 22 large-vehicle 0.1283
594 860 609 867 595 899 580 893 large-vehicle 0.1220
548 839 563 848 545 879 531 871 large-vehicle 0.1194
407 -10 423 -1 387 55 372 45 large-vehicle 0.1190
292 699 307 705 296 733 282 728 large-vehicle 0.1171
493 811 508 819 491 852 475 843 large-vehicle 0.1143
307 713 323 720 307 754 291 746 large-vehicle 0.1132
72 585 86 592 71 624 57 617 large-vehicle 0.1110
513 822 526 830 509 860 496 853 large-vehicle 0.1086
239 674 253 680 238 713 224 706 large-vehicle 0.1043
556 392 635 429 557 592 479 554 tennis-court 0.9759
362 284 434 330 339 481 267 435 tennis-court 0.9698
662 445 738 483 658 643 582 606 tennis-court 0.9664
465 337 538 382 445 536 371 492 tennis-court 0.9657
255 225 330 267 243 424 168 382 tennis-court 0.9586
773 504 845 548 750 703 678 659 tennis-court 0.9554
236 616 281 549 430 649 386 716 tennis-court 0.8990
488 763 529 690 686 779 645 852 tennis-court 0.8446
