274 221 288 228 272 261 258 254 small-vehicle 0.7205
537 339 552 347 534 378 520 371 small-vehicle 0.6861
516 328 530 336 512 367 499 359 small-vehicle 0.6448
559 347 574 356 554 387 539 378 small-vehicle 0.6420
398 261 414 270 395 305 379 297 small-vehicle 0.6009
316 242 329 250 308 284 295 276 small-vehicle 0.5761
227 209 243 219 221 254 205 244 small-vehicle 0.5291
231 1099 219 1086 248 1059 260 1073 small-vehicle 0.3770
201 1004 220 994 238 1027 220 1037 small-vehicle 0.2662
6 329 19 339 0 365 -13 355 small-vehicle 0.1789
582 341 597 344 589 374 574 370 small-vehicle 0.1499
575 109 590 109 591 138 577 138 small-vehicle 0.1493
429 21 439 0 487 22 477 43 small-vehicle 0.1174
227 209 243 219 221 254 205 244 large-vehicle 0.1268
399 260 414 269 394 304 379 295 large-vehicle 0.1263
316 242 329 250 308 284 295 276 large-vehicle 0.1155
231 1099 219 1086 248 1059 260 1073 large-vehicle 0.1086
175 662 218 584 371 670 327 748 tennis-court 0.9573
273 469 316 400 466 493 423 563 tennis-court 0.9472
218 562 266 488 417 585 369 659 tennis-court 0.9435
126 750 165 681 319 768 280 837 tennis-court 0.9289
323 377 364 306 514 394 473 465 tennis-court 0.8941
272 480 304 409 468 484 436 555 basketball-court 0.1139
272 480 304 409 468 484 436 555 swimming-pool 0.1157
