660 80 676 65 706 99 690 114 small-vehicle 0.7733
160 288 176 277 197 310 181 320 small-vehicle 0.7600
627 101 643 91 665 125 650 135 small-vehicle 0.7536
737 28 753 17 775 48 759 59 small-vehicle 0.7535
264 202 279 189 303 219 287 231 small-vehicle 0.7529
720 41 735 30 758 63 743 74 small-vehicle 0.7467
682 64 699 54 720 89 704 99 small-vehicle 0.7346
176 274 192 261 218 294 202 306 small-vehicle 0.7203
333 144 348 132 372 164 357 175 small-vehicle 0.7177
282 187 296 173 322 199 308 213 small-vehicle 0.7150
301 173 314 159 342 185 329 199 small-vehicle 0.7113
704 55 719 46 740 79 724 88 small-vehicle 0.7036
352 132 368 120 392 152 376 164 small-vehicle 0.7005
245 216 260 205 283 237 268 248 small-vehicle 0.6994
141 302 156 291 179 322 164 333 small-vehicle 0.6980
200 254 217 246 234 277 217 286 small-vehicle 0.6870
228 234 243 221 267 249 253 262 small-vehicle 0.6858
176 399 193 387 218 420 201 432 small-vehicle 0.6771
213 245 228 234 249 261 234 272 small-vehicle 0.6692
608 114 624 104 644 138 628 148 small-vehicle 0.6679
505 151 522 138 547 172 530 184 small-vehicle 0.6307
591 131 606 121 626 152 611 161 small-vehicle 0.6099
413 220 430 206 459 239 442 254 small-vehicle 0.6034
776 3 792 -8 817 27 800 39 small-vehicle 0.5927
318 155 334 146 352 179 337 188 small-vehicle 0.5893
198 385 216 372 242 408 224 421 small-vehicle 0.5856
0 403 16 392 38 428 21 439 small-vehicle 0.5702
218 364 237 351 262 389 243 401 small-vehicle 0.5671
388 235 405 222 434 260 416 273 small-vehicle 0.5405
435 200 451 187 479 223 463 236 small-vehicle 0.5320
241 345 257 330 291 366 276 381 small-vehicle 0.5246
452 184 469 170 500 210 483 223 small-vehicle 0.5061
360 253 375 239 409 277 394 291 small-vehicle 0.4662
261 324 280 311 309 351 290 364 small-vehicle 0.4646
473 167 489 152 524 188 507 204 small-vehicle 0.4401
798 -6 814 -18 836 12 820 23 small-vehicle 0.3824
338 272 353 258 387 295 372 309 small-vehicle 0.3804
-18 414 -2 403 18 436 2 447 small-vehicle 0.1708
626 644 620 635 641 619 647 628 small-vehicle 0.1372
50 408 35 388 119 324 134 343 small-vehicle 0.1347
48 401 35 382 120 322 133 340 large-vehicle 0.8006
452 185 469 171 501 211 483 225 large-vehicle 0.5169
242 344 259 329 292 368 274 383 large-vehicle 0.5154
261 324 280 311 309 351 290 364 large-vehicle 0.5063
362 253 377 240 409 277 394 290 large-vehicle 0.4945
475 164 493 151 522 191 503 204 large-vehicle 0.4898
338 272 353 258 387 297 372 310 large-vehicle 0.4827
217 365 236 351 264 388 245 402 large-vehicle 0.4005
434 201 451 187 480 223 463 237 large-vehicle 0.3691
198 386 215 373 242 408 225 421 large-vehicle 0.3630
413 221 428 206 459 240 444 255 large-vehicle 0.3583
387 237 403 224 434 260 418 274 large-vehicle 0.3544
505 150 524 138 545 173 526 185 large-vehicle 0.1708
175 399 192 386 217 421 201 433 large-vehicle 0.1548
382 105 397 95 423 134 409 143 large-vehicle 0.1480
0 404 18 393 40 430 21 441 large-vehicle 0.1372
244 216 259 204 284 235 269 247 large-vehicle 0.1227
775 6 789 -6 818 24 804 37 large-vehicle 0.1221
352 132 368 120 392 152 376 164 large-vehicle 0.1193
332 145 346 132 374 162 360 175 large-vehicle 0.1127
626 644 620 635 641 619 647 628 large-vehicle 0.1070
798 -6 814 -18 836 12 820 23 large-vehicle 0.1016
515 310 596 257 704 422 623 475 tennis-court 0.9786
332 433 414 383 516 551 434 600 tennis-court 0.9785
665 208 745 159 850 330 770 379 tennis-court 0.9721
761 143 839 90 950 254 872 307 tennis-court 0.9712
419 375 496 321 609 481 533 536 tennis-court 0.9697
11 659 91 606 202 772 121 825 tennis-court 0.9658
233 499 308 447 422 613 346 665 tennis-court 0.9502
-82 713 -5 663 100 828 23 877 tennis-court 0.3699
