173 303 188 309 174 343 159 337 small-vehicle 0.7006
119 264 134 269 123 302 107 297 small-vehicle 0.6662
190 312 206 316 198 350 182 346 small-vehicle 0.6598
533 245 526 230 557 215 564 230 small-vehicle 0.6478
492 252 490 237 524 233 526 248 small-vehicle 0.6385
552 380 568 383 560 418 544 415 small-vehicle 0.6320
424 221 441 223 437 259 421 258 small-vehicle 0.6234
192 245 210 250 197 291 179 285 small-vehicle 0.6143
157 340 174 346 162 381 146 376 small-vehicle 0.6114
160 392 179 398 165 437 147 431 small-vehicle 0.5929
132 477 149 482 138 516 122 510 small-vehicle 0.5872
128 420 146 424 137 462 119 458 small-vehicle 0.5786
449 266 451 249 488 255 485 272 small-vehicle 0.5540
431 141 437 126 471 140 465 155 small-vehicle 0.5521
63 401 80 404 73 445 56 442 small-vehicle 0.5509
86 352 102 359 88 394 71 387 small-vehicle 0.5306
539 254 542 238 583 246 580 261 small-vehicle 0.4993
34 330 39 314 76 326 71 342 small-vehicle 0.4927
232 136 248 142 233 178 217 172 small-vehicle 0.4918
532 273 535 255 576 261 573 279 small-vehicle 0.4752
567 641 570 625 606 630 604 647 small-vehicle 0.4703
497 86 503 71 537 85 531 100 small-vehicle 0.4589
10 352 26 355 20 394 4 391 small-vehicle 0.4500
302 130 312 116 342 136 333 150 small-vehicle 0.4367
482 830 490 813 531 832 523 848 small-vehicle 0.4134
601 250 619 258 604 297 586 289 small-vehicle 0.3972
533 181 539 165 571 179 565 195 small-vehicle 0.3970
490 269 489 253 526 251 527 267 small-vehicle 0.3913
501 235 492 222 521 203 529 215 small-vehicle 0.3451
116 527 133 533 120 570 103 564 small-vehicle 0.3450
338 19 347 3 377 19 369 35 small-vehicle 0.3284
585 603 585 587 619 587 619 604 small-vehicle 0.3046
453 245 450 228 495 220 498 236 small-vehicle 0.2916
307 532 328 540 311 588 290 581 small-vehicle 0.2758
373 317 393 317 394 356 374 356 small-vehicle 0.2674
492 813 495 795 533 803 529 820 small-vehicle 0.2656
360 579 367 562 426 585 419 602 small-vehicle 0.2655
419 162 436 168 419 213 402 207 small-vehicle 0.2638
436 173 453 178 440 218 423 213 small-vehicle 0.2584
178 538 179 522 240 527 238 543 small-vehicle 0.2378
494 298 498 279 564 294 560 312 small-vehicle 0.2350
64 273 80 272 82 300 66 301 small-vehicle 0.2335
586 577 594 562 625 581 617 595 small-vehicle 0.2250
33 357 34 341 68 343 67 359 small-vehicle 0.2247
581 120 588 106 621 122 614 136 small-vehicle 0.2221
649 371 656 358 682 372 675 386 small-vehicle 0.2192
223 814 239 814 240 850 223 850 small-vehicle 0.2179
473 852 481 835 511 849 504 866 small-vehicle 0.2170
541 429 564 435 548 494 524 487 small-vehicle 0.2075
117 598 131 602 122 630 108 626 small-vehicle 0.2052
519 735 524 718 578 733 573 750 small-vehicle 0.2034
477 163 482 146 525 158 520 175 small-vehicle 0.1969
98 307 116 311 110 347 92 344 small-vehicle 0.1929
636 703 654 705 651 744 633 742 small-vehicle 0.1921
276 216 279 199 332 207 330 224 small-vehicle 0.1891
278 418 295 419 293 458 276 457 small-vehicle 0.1839
273 187 280 168 352 192 345 212 small-vehicle 0.1706
479 140 485 125 517 139 511 154 small-vehicle 0.1650
658 347 672 340 686 366 672 373 small-vehicle 0.1625
390 227 410 232 392 301 372 296 small-vehicle 0.1588
586 306 596 305 599 333 590 334 small-vehicle 0.1587
621 138 626 123 660 135 655 149 small-vehicle 0.1574
227 305 233 287 305 310 299 328 small-vehicle 0.1531
435 737 457 746 426 821 404 812 small-vehicle 0.1511
445 678 468 684 452 747 429 741 small-vehicle 0.1502
221 350 230 334 297 372 287 389 small-vehicle 0.1472
153 813 169 818 160 852 144 847 small-vehicle 0.1403
167 494 171 477 250 495 246 512 small-vehicle 0.1403
462 333 467 315 542 335 537 353 small-vehicle 0.1385
453 289 457 274 489 281 486 297 small-vehicle 0.1373
405 499 408 482 493 496 490 514 small-vehicle 0.1325
323 555 339 553 342 593 326 594 small-vehicle 0.1294
220 378 229 362 290 395 281 410 small-vehicle 0.1285
283 446 301 451 277 544 259 539 small-vehicle 0.1268
179 471 183 450 254 463 250 484 small-vehicle 0.1196
200 409 205 391 283 416 277 434 small-vehicle 0.1180
493 220 485 205 520 187 528 203 small-vehicle 0.1172
511 507 532 514 504 604 483 597 small-vehicle 0.1163
186 439 191 422 270 444 265 462 small-vehicle 0.1154
17 494 35 493 38 530 20 532 small-vehicle 0.1142
133 556 141 540 175 557 168 573 small-vehicle 0.1126
370 554 377 537 466 574 460 590 small-vehicle 0.1124
374 359 393 361 384 440 365 438 small-vehicle 0.1097
308 447 328 451 311 532 292 528 small-vehicle 0.1096
453 203 461 186 499 207 491 223 small-vehicle 0.1068
440 374 447 357 516 386 509 403 small-vehicle 0.1066
222 326 231 310 306 350 297 366 small-vehicle 0.1059
637 52 636 36 669 33 670 49 small-vehicle 0.1040
247 281 253 266 327 298 321 313 small-vehicle 0.1037
439 416 442 396 524 408 521 428 small-vehicle 0.1012
110 814 125 811 130 843 116 845 small-vehicle 0.1008
258 238 264 220 351 251 344 269 small-vehicle 0.1004
8 574 26 578 17 613 0 609 small-vehicle 0.1004
453 357 459 340 531 365 525 382 large-vehicle 0.8824
370 554 377 537 466 574 460 590 large-vehicle 0.8658
464 331 470 313 546 338 540 356 large-vehicle 0.8635
225 327 234 311 306 349 297 365 large-vehicle 0.8512
263 241 268 225 355 251 350 268 large-vehicle 0.8482
227 354 236 338 296 371 287 387 large-vehicle 0.8424
279 459 297 463 280 541 261 536 large-vehicle 0.8393
230 302 237 286 307 318 300 334 large-vehicle 0.8341
310 456 329 462 308 530 288 523 large-vehicle 0.8166
374 354 396 358 383 441 361 438 large-vehicle 0.8131
179 471 183 450 254 463 250 484 large-vehicle 0.8106
438 377 444 360 520 385 514 403 large-vehicle 0.8047
509 510 531 516 507 605 485 599 large-vehicle 0.8040
249 280 256 266 323 299 316 313 large-vehicle 0.8038
250 264 257 245 337 273 331 292 large-vehicle 0.8027
276 185 282 169 353 196 346 213 large-vehicle 0.7993
221 380 229 363 290 392 281 409 large-vehicle 0.7907
385 540 391 521 475 544 470 564 large-vehicle 0.7857
365 490 383 495 360 570 343 564 large-vehicle 0.7837
199 412 204 393 282 411 277 430 large-vehicle 0.7758
359 580 366 561 423 583 415 602 large-vehicle 0.7725
174 500 177 480 250 492 246 512 large-vehicle 0.7724
412 498 416 480 492 498 488 516 large-vehicle 0.7706
435 737 457 746 426 821 404 812 large-vehicle 0.7677
540 426 566 433 550 494 524 487 large-vehicle 0.7629
494 298 498 279 564 294 560 312 large-vehicle 0.7608
190 445 194 423 267 437 263 458 large-vehicle 0.7601
401 521 406 501 482 521 477 540 large-vehicle 0.7560
435 405 441 387 520 414 514 432 large-vehicle 0.7271
394 225 413 230 394 302 375 297 large-vehicle 0.7251
449 246 446 230 494 221 497 236 large-vehicle 0.6856
302 533 326 539 315 588 290 582 large-vehicle 0.6791
421 161 438 169 417 216 400 208 large-vehicle 0.6341
279 212 285 196 328 211 323 227 large-vehicle 0.6202
439 169 456 175 439 221 422 214 large-vehicle 0.6151
181 542 181 523 234 523 234 542 large-vehicle 0.5579
445 678 467 683 452 749 430 744 large-vehicle 0.4699
519 735 524 718 578 733 573 750 large-vehicle 0.4363
483 833 487 817 530 828 525 844 large-vehicle 0.4218
444 206 449 187 502 201 498 220 large-vehicle 0.3922
17 530 40 535 22 615 -1 610 large-vehicle 0.3506
196 243 212 248 197 292 181 287 large-vehicle 0.3005
532 272 536 254 577 263 573 280 large-vehicle 0.2727
491 252 487 235 522 228 525 246 large-vehicle 0.2701
491 268 491 253 528 252 528 268 large-vehicle 0.2683
449 267 450 250 488 253 487 270 large-vehicle 0.2552
158 391 177 396 165 439 146 433 large-vehicle 0.2465
475 161 482 144 535 165 528 181 large-vehicle 0.2372
539 254 542 238 583 246 580 261 large-vehicle 0.2367
431 141 437 126 471 140 465 155 large-vehicle 0.1894
232 136 248 142 233 178 217 172 large-vehicle 0.1832
533 181 539 165 571 179 565 195 large-vehicle 0.1828
600 250 619 258 603 296 585 288 large-vehicle 0.1760
65 398 82 402 74 443 57 439 large-vehicle 0.1746
532 245 524 230 558 214 565 230 large-vehicle 0.1713
94 315 111 320 90 392 73 387 large-vehicle 0.1704
496 86 502 71 538 85 532 100 large-vehicle 0.1680
302 130 311 115 340 133 331 148 large-vehicle 0.1602
375 317 394 319 388 357 370 354 large-vehicle 0.1587
126 418 144 420 139 464 120 461 large-vehicle 0.1571
260 589 283 598 242 699 219 690 large-vehicle 0.1531
487 862 490 842 532 849 529 868 large-vehicle 0.1522
117 264 134 268 125 303 108 299 large-vehicle 0.1494
131 472 151 475 143 518 123 515 large-vehicle 0.1491
324 547 341 546 342 594 325 594 large-vehicle 0.1485
34 330 39 314 76 326 71 342 large-vehicle 0.1451
157 342 173 347 163 381 147 377 large-vehicle 0.1409
490 812 497 795 534 812 526 828 large-vehicle 0.1408
278 424 295 423 295 461 278 461 large-vehicle 0.1390
112 526 132 531 122 570 103 565 large-vehicle 0.1348
567 641 570 625 606 630 604 647 large-vehicle 0.1270
555 377 571 383 557 421 541 415 large-vehicle 0.1238
499 233 493 219 521 208 527 222 large-vehicle 0.1213
424 221 441 223 437 259 421 258 large-vehicle 0.1212
270 783 286 788 275 828 258 823 large-vehicle 0.1080
40 77 58 49 126 92 109 120 large-vehicle 0.1014
10 354 25 356 21 393 6 391 ship 0.1272
249 280 257 265 326 300 318 316 ship 0.1171
541 253 545 237 584 247 580 263 ship 0.1163
531 271 534 254 575 262 571 279 ship 0.1121
25 529 45 535 20 617 0 611 ship 0.1008
219 580 252 585 230 718 197 713 harbor 0.1463
