508 617 519 628 475 673 464 662 bridge 0.1298
128 121 130 102 219 112 217 131 bridge 0.1090
713 316 704 304 736 283 744 295 small-vehicle 0.2966
791 869 801 866 806 886 796 889 small-vehicle 0.1970
834 975 846 977 842 1003 829 1000 small-vehicle 0.1582
425 987 419 972 459 958 464 973 ship 0.8280
417 1024 412 1010 452 994 458 1009 ship 0.7440
418 1044 413 1031 450 1018 455 1031 ship 0.7150
419 968 415 955 451 943 456 956 ship 0.7081
475 978 492 982 481 1030 463 1026 ship 0.6694
418 1001 416 987 454 983 455 997 ship 0.6375
617 925 632 927 627 965 612 963 ship 0.6278
466 933 477 930 485 959 474 962 ship 0.5971
521 962 536 965 528 1003 513 1000 ship 0.5704
560 950 573 950 575 981 561 982 ship 0.5631
479 925 490 921 501 954 490 958 ship 0.5497
529 908 541 904 551 934 539 938 ship 0.5040
655 921 668 921 666 952 653 951 ship 0.5039
346 292 342 279 374 271 377 284 ship 0.4992
620 883 632 879 642 909 630 913 ship 0.4983
760 829 773 826 779 851 765 854 ship 0.3572
376 245 388 243 391 264 379 266 ship 0.3387
705 860 716 856 723 879 713 882 ship 0.3200
359 132 372 137 362 164 349 159 ship 0.2088
204 23 219 24 217 58 202 57 ship 0.1843
446 943 454 936 472 957 464 963 ship 0.1646
351 780 359 774 378 797 371 804 ship 0.1448
347 305 345 291 381 287 383 301 ship 0.1139
713 316 704 304 736 283 744 295 ship 0.1018
348 69 383 79 351 183 317 173 harbor 0.8683
355 314 344 256 451 235 462 292 harbor 0.7910
31 587 33 553 166 561 164 595 harbor 0.7895
368 403 375 384 448 411 441 430 harbor 0.7628
400 552 453 596 371 693 319 649 harbor 0.7290
124 119 127 101 220 114 217 132 harbor 0.7264
141 58 146 12 215 19 211 65 harbor 0.7262
456 1029 427 952 760 825 789 902 harbor 0.7086
409 846 393 813 746 641 762 673 harbor 0.5150
309 836 280 794 465 670 493 711 harbor 0.4880
748 965 756 959 765 971 757 977 harbor 0.2415
351 780 359 774 378 797 371 804 harbor 0.1191
778 219 761 193 806 164 823 189 swimming-pool 0.2230
