594 306 603 314 585 335 576 327 ship 0.4135
1141 160 1138 150 1159 142 1163 152 ship 0.3159
573 291 583 296 573 315 563 310 ship 0.3024
1098 729 1092 720 1123 699 1129 708 ship 0.1631
685 703 710 715 686 767 660 755 ship 0.1328
586 296 595 304 578 322 570 315 ship 0.1319
950 108 976 99 999 162 974 171 ship 0.1022
223 206 258 208 255 246 220 243 roundabout 0.2033
311 146 348 152 341 194 304 188 roundabout 0.1875
229 446 278 451 268 541 219 536 harbor 0.8016
729 118 749 111 778 192 758 199 harbor 0.7280
328 415 357 406 381 484 352 493 harbor 0.7204
1178 762 1197 740 1247 783 1227 805 harbor 0.6771
953 101 982 96 994 164 965 169 harbor 0.6499
1135 74 1164 74 1164 147 1136 147 harbor 0.5977
651 660 676 653 688 703 663 709 harbor 0.5732
429 669 444 667 453 730 438 733 harbor 0.4660
830 148 841 146 851 208 840 210 harbor 0.4501
194 814 197 800 247 813 243 827 harbor 0.2631
1075 723 1073 709 1127 701 1129 714 harbor 0.2560
616 263 627 273 583 320 572 310 harbor 0.2313
815 789 830 790 827 822 813 821 harbor 0.1975
25 108 32 113 17 138 9 133 harbor 0.1333
570 290 581 293 575 314 564 311 harbor 0.1210
607 287 617 294 587 334 577 326 harbor 0.1145
1140 159 1137 147 1160 141 1163 152 harbor 0.1142
