444 280 446 269 553 289 551 300 bridge 0.1740
211 921 210 910 436 890 437 900 bridge 0.1005
432 822 432 813 460 813 460 822 ship 0.4144
297 670 307 672 302 704 292 703 ship 0.3265
429 814 428 804 459 799 460 809 ship 0.2602
488 599 488 586 522 587 522 601 ship 0.1861
283 725 293 731 278 757 268 751 ship 0.1701
412 896 408 886 431 877 435 886 ship 0.1653
490 610 491 596 532 599 531 613 ship 0.1394
255 384 265 385 263 404 253 403 ship 0.1300
498 637 498 627 528 624 528 634 ship 0.1208
230 925 229 899 435 885 437 911 ship 0.1111
302 622 309 620 316 645 309 647 ship 0.1040
252 856 248 824 458 794 463 825 ship 0.1001
227 928 225 905 427 883 429 907 harbor 0.6593
246 857 242 826 458 803 461 834 harbor 0.6045
356 622 358 582 548 589 547 628 harbor 0.5817
411 441 418 426 531 482 523 498 harbor 0.3416
446 284 453 262 563 295 557 316 harbor 0.3414
259 723 282 721 284 751 261 753 harbor 0.3296
481 135 482 127 519 135 518 143 harbor 0.2458
295 670 308 672 303 703 290 701 harbor 0.2159
303 621 310 620 314 646 308 647 harbor 0.1984
316 612 317 602 421 614 420 623 harbor 0.1724
241 886 238 854 445 834 448 866 harbor 0.1553
369 90 367 76 389 73 391 86 swimming-pool 0.3887
186 651 205 655 198 684 180 680 swimming-pool 0.2742
273 521 295 526 288 552 267 547 swimming-pool 0.1867
