1218 949 1210 934 1247 914 1255 929 bridge 0.1009
1220 1193 1216 1176 1245 1168 1250 1185 small-vehicle 0.1919
1048 1123 1059 1121 1063 1147 1052 1149 small-vehicle 0.1415
1459 1016 1468 1009 1481 1027 1472 1034 small-vehicle 0.1189
1504 1055 1515 1059 1506 1084 1495 1080 small-vehicle 0.1073
739 1371 734 1354 772 1344 776 1361 small-vehicle 0.1036
1139 501 1130 487 1176 455 1185 468 ship 0.3003
273 1096 295 1092 302 1139 280 1142 ship 0.2705
695 845 711 841 719 876 703 880 ship 0.1733
1100 515 1112 519 1094 576 1082 572 ship 0.1689
873 572 864 558 907 532 916 547 ship 0.1585
257 1097 293 1089 334 1282 298 1290 harbor 0.7841
706 821 735 818 761 1019 731 1023 harbor 0.7275
858 557 933 505 1025 641 950 692 harbor 0.7257
1274 246 1302 221 1385 311 1358 336 harbor 0.7149
441 1030 474 1027 493 1229 460 1232 harbor 0.7131
517 904 548 900 570 1113 539 1116 harbor 0.6217
936 113 960 85 1276 350 1252 378 harbor 0.5912
1381 145 1394 126 1468 177 1455 197 harbor 0.5385
897 794 907 784 949 828 939 837 harbor 0.4751
797 860 812 853 872 997 856 1004 harbor 0.3333
1223 931 1232 918 1266 943 1257 955 harbor 0.2111
1205 342 1217 330 1280 392 1268 404 harbor 0.1240
479 1121 480 1106 518 1110 516 1125 harbor 0.1069
1113 979 1138 957 1175 998 1150 1020 swimming-pool 0.6028
1339 967 1353 947 1390 972 1376 992 swimming-pool 0.4857
820 1359 817 1339 856 1333 859 1353 swimming-pool 0.1290
