1223 1039 1216 1026 1237 1014 1245 1027 plane 0.1131
527 410 560 404 573 470 540 477 ground-track-field 0.2732
1260 1071 1266 1060 1290 1074 1284 1085 small-vehicle 0.1690
1278 1055 1286 1046 1304 1061 1296 1071 small-vehicle 0.1079
1138 927 1150 935 1124 978 1112 970 large-vehicle 0.1059
68 543 78 534 95 554 85 563 ship 0.2991
1222 703 1236 713 1155 830 1141 820 ship 0.1794
85 640 94 630 126 657 117 666 ship 0.1552
1263 1071 1273 1062 1290 1079 1281 1088 ship 0.1334
530 414 559 407 574 470 544 476 basketball-court 0.1537
560 237 591 239 582 381 552 379 harbor 0.7982
1112 616 1132 629 1072 716 1052 702 harbor 0.7230
820 419 836 429 799 492 782 482 harbor 0.7048
226 444 253 424 287 473 260 492 harbor 0.7003
1221 704 1237 715 1161 826 1145 815 harbor 0.6687
72 554 94 528 183 602 160 628 harbor 0.4108
214 678 237 693 212 733 189 718 swimming-pool 0.5077
704 1061 714 1049 741 1070 731 1083 swimming-pool 0.3711
526 416 555 407 574 466 545 476 swimming-pool 0.2547
