664 229 682 217 711 259 693 271 small-vehicle 0.6319
631 188 647 176 675 210 660 223 small-vehicle 0.4771
299 677 304 660 342 671 337 688 small-vehicle 0.4357
1091 544 1111 548 1101 587 1082 582 small-vehicle 0.4240
1306 462 1315 447 1348 465 1340 481 small-vehicle 0.3259
1052 526 1047 511 1077 501 1083 516 small-vehicle 0.2777
1225 149 1233 136 1255 150 1247 163 small-vehicle 0.1788
1076 542 1092 544 1086 584 1070 582 small-vehicle 0.1727
508 1129 519 1118 545 1142 534 1154 small-vehicle 0.1712
1118 770 1131 754 1161 778 1148 794 small-vehicle 0.1448
619 336 640 350 610 393 590 379 small-vehicle 0.1278
881 549 895 546 900 571 886 574 small-vehicle 0.1213
339 257 372 283 317 350 284 324 large-vehicle 0.1472
1140 729 1162 692 1228 731 1206 768 large-vehicle 0.1257
631 188 647 176 675 210 660 223 large-vehicle 0.1212
900 702 958 670 1013 771 956 803 tennis-court 0.1102
339 251 376 281 316 356 279 326 tennis-court 0.1016
622 978 641 925 741 960 722 1013 swimming-pool 0.7737
900 729 932 685 1001 735 969 779 swimming-pool 0.7043
966 616 963 569 1051 562 1054 609 swimming-pool 0.6171
326 250 372 275 328 356 282 331 swimming-pool 0.6004
1135 731 1155 692 1228 729 1209 767 swimming-pool 0.5610
902 728 930 685 1001 732 974 775 helicopter 0.1085
334 248 373 272 324 353 285 329 helicopter 0.1016
