16 759 29 767 9 798 -3 789 small-vehicle 0.5485
0 740 13 746 0 778 -13 772 small-vehicle 0.1375
16 757 31 767 8 800 -6 790 large-vehicle 0.1514
16 757 31 767 8 800 -6 790 ship 0.1075
573 124 662 115 680 297 591 306 tennis-court 0.9878
683 116 768 103 796 287 711 300 tennis-court 0.9854
663 456 749 448 767 632 681 640 tennis-court 0.9838
460 133 550 124 566 308 477 316 tennis-court 0.9814
346 143 436 137 449 321 360 327 tennis-court 0.9786
229 155 322 145 342 331 249 341 tennis-court 0.9702
229 147 316 143 324 333 237 336 basketball-court 0.1123
677 114 762 98 798 294 714 310 basketball-court 0.1016
672 450 751 450 753 640 674 640 basketball-court 0.1015
-19 54 202 43 216 331 -5 342 soccer-ball-field 0.1527
290 504 392 310 674 457 572 652 soccer-ball-field 0.1110
