626 787 617 772 652 752 661 767 small-vehicle 0.7279
445 1083 433 1069 464 1042 476 1056 small-vehicle 0.7150
412 1119 406 1104 441 1088 448 1103 small-vehicle 0.7078
783 906 774 889 813 867 822 884 small-vehicle 0.7067
690 906 681 891 714 873 722 889 small-vehicle 0.7061
371 948 364 930 403 916 410 933 small-vehicle 0.7049
579 1132 570 1114 608 1096 616 1113 small-vehicle 0.7018
657 942 652 928 688 917 692 931 small-vehicle 0.6990
309 930 301 913 340 895 348 912 small-vehicle 0.6957
699 929 689 914 721 892 732 907 small-vehicle 0.6941
712 767 706 750 745 736 751 753 small-vehicle 0.6927
365 1028 356 1012 392 992 401 1008 small-vehicle 0.6884
404 1102 396 1087 432 1070 439 1085 small-vehicle 0.6864
637 809 628 794 663 774 672 790 small-vehicle 0.6862
392 1082 385 1066 422 1051 429 1067 small-vehicle 0.6798
325 950 316 932 351 915 360 932 small-vehicle 0.6756
663 960 659 943 696 934 701 950 small-vehicle 0.6687
767 1063 756 1048 789 1026 799 1041 small-vehicle 0.6678
774 883 765 868 800 848 809 863 small-vehicle 0.6641
588 808 579 793 611 774 620 790 small-vehicle 0.6607
778 1084 767 1067 803 1043 814 1060 small-vehicle 0.6602
648 926 639 910 674 891 683 907 small-vehicle 0.6589
499 547 511 531 543 557 531 572 small-vehicle 0.6575
801 942 793 924 829 907 837 924 small-vehicle 0.6523
421 1145 411 1131 445 1107 455 1121 small-vehicle 0.6516
414 1031 402 1018 430 991 442 1004 small-vehicle 0.6492
418 1047 410 1031 448 1013 455 1028 small-vehicle 0.6425
750 1044 741 1027 780 1007 789 1024 small-vehicle 0.6397
460 1122 452 1105 489 1088 497 1104 small-vehicle 0.6385
409 1008 397 993 430 965 443 980 small-vehicle 0.6373
473 1139 466 1123 502 1107 509 1123 small-vehicle 0.6311
678 885 670 871 700 853 708 867 small-vehicle 0.6296
278 660 289 646 321 669 310 683 small-vehicle 0.6292
640 1102 631 1085 670 1065 679 1083 small-vehicle 0.6289
687 734 679 716 721 697 729 716 small-vehicle 0.6282
582 1155 574 1135 617 1118 625 1137 small-vehicle 0.6265
737 1099 730 1083 766 1067 773 1083 small-vehicle 0.6232
457 1099 448 1085 479 1066 488 1080 small-vehicle 0.6205
577 788 568 773 601 755 609 770 small-vehicle 0.6181
811 963 803 947 837 929 845 945 small-vehicle 0.6054
682 714 672 697 711 673 721 690 small-vehicle 0.6032
722 787 715 771 754 756 760 771 small-vehicle 0.6032
731 807 724 793 761 775 768 788 small-vehicle 0.6030
758 1135 753 1117 796 1104 801 1122 small-vehicle 0.6019
610 577 600 559 638 536 649 554 small-vehicle 0.5966
393 984 385 968 422 949 430 965 small-vehicle 0.5939
653 850 642 834 677 812 687 828 small-vehicle 0.5908
432 1063 423 1048 453 1028 462 1043 small-vehicle 0.5901
796 1121 787 1104 827 1082 836 1100 small-vehicle 0.5872
300 906 294 888 335 875 341 892 small-vehicle 0.5789
465 926 456 909 495 890 504 908 small-vehicle 0.5778
750 1118 742 1102 775 1085 783 1101 small-vehicle 0.5700
492 811 483 795 520 774 529 790 small-vehicle 0.5698
478 557 491 544 518 572 505 584 small-vehicle 0.5684
750 846 744 831 778 815 785 830 small-vehicle 0.5617
363 929 355 912 393 892 401 909 small-vehicle 0.5606
704 750 696 733 733 715 741 732 small-vehicle 0.5602
740 1021 733 1003 774 987 782 1006 small-vehicle 0.5600
569 1110 562 1092 600 1077 607 1095 small-vehicle 0.5580
320 635 335 620 367 651 352 666 small-vehicle 0.5513
609 759 595 744 630 712 644 728 small-vehicle 0.5491
716 1061 707 1045 740 1026 749 1041 small-vehicle 0.5489
356 1000 350 982 391 970 396 988 small-vehicle 0.5336
739 826 733 810 771 797 776 813 small-vehicle 0.5329
534 520 551 514 563 547 546 554 small-vehicle 0.5201
555 509 572 501 587 537 570 545 small-vehicle 0.5177
504 655 497 635 540 618 548 638 small-vehicle 0.5167
594 830 587 811 627 798 633 817 small-vehicle 0.5107
762 863 754 849 786 831 794 845 small-vehicle 0.5100
347 981 343 964 381 953 386 970 small-vehicle 0.5097
670 867 660 854 689 831 699 844 small-vehicle 0.5056
455 907 445 889 483 868 493 886 small-vehicle 0.4982
790 920 785 904 821 891 826 907 small-vehicle 0.4870
381 1064 374 1045 409 1030 417 1049 small-vehicle 0.4850
728 983 716 969 743 945 755 959 small-vehicle 0.4725
730 1080 722 1065 754 1048 762 1062 small-vehicle 0.4715
830 1006 820 987 858 967 868 985 small-vehicle 0.4713
675 985 668 968 705 952 712 969 small-vehicle 0.4677
501 832 492 815 529 795 538 812 small-vehicle 0.4648
371 1047 366 1030 402 1018 407 1035 small-vehicle 0.4614
564 770 556 755 591 738 598 754 small-vehicle 0.4573
712 963 705 946 742 929 750 945 small-vehicle 0.4565
646 829 637 815 670 796 678 810 small-vehicle 0.4489
553 754 546 736 584 720 592 738 small-vehicle 0.4351
545 738 534 721 569 698 580 715 small-vehicle 0.4323
458 567 470 554 498 581 487 593 small-vehicle 0.4255
819 983 811 966 847 950 854 967 small-vehicle 0.4235
473 945 465 928 502 909 511 926 small-vehicle 0.3990
652 1122 643 1104 679 1086 688 1104 small-vehicle 0.3889
441 1160 431 1146 457 1126 467 1140 small-vehicle 0.3875
484 1160 476 1143 510 1128 518 1145 small-vehicle 0.3743
734 1007 723 990 762 965 773 982 small-vehicle 0.3714
691 1022 685 1002 727 989 733 1009 small-vehicle 0.3705
602 848 598 830 638 821 642 840 small-vehicle 0.3569
545 1077 538 1063 570 1046 577 1060 small-vehicle 0.3548
525 870 516 854 549 834 559 850 small-vehicle 0.3513
630 1082 620 1065 657 1044 667 1060 small-vehicle 0.3467
622 1057 615 1040 654 1025 661 1042 small-vehicle 0.3386
615 868 607 850 642 834 650 852 small-vehicle 0.3355
873 1132 886 1123 903 1150 890 1158 small-vehicle 0.2958
877 1102 869 1085 908 1066 916 1084 small-vehicle 0.2716
866 1079 858 1065 887 1048 895 1062 small-vehicle 0.2590
519 1037 513 1019 544 1010 550 1028 small-vehicle 0.2529
639 633 631 617 667 600 675 616 small-vehicle 0.2280
482 962 477 946 509 935 515 951 small-vehicle 0.2188
590 981 582 964 618 946 627 964 small-vehicle 0.2012
504 1015 502 999 532 994 535 1010 small-vehicle 0.1447
711 948 700 935 730 911 741 924 small-vehicle 0.1369
668 1125 667 1110 697 1108 698 1123 small-vehicle 0.1364
403 926 415 938 388 965 376 954 small-vehicle 0.1332
618 1038 608 1021 644 1002 653 1020 small-vehicle 0.1321
843 1143 853 1134 870 1150 860 1160 small-vehicle 0.1292
448 891 436 874 473 848 485 865 small-vehicle 0.1224
158 714 173 698 208 731 193 747 small-vehicle 0.1223
303 645 317 630 348 659 333 674 small-vehicle 0.1131
512 849 505 832 543 815 551 832 small-vehicle 0.1105
602 990 599 973 635 967 638 984 small-vehicle 0.1068
309 930 301 913 340 895 348 912 large-vehicle 0.1169
493 812 484 797 518 775 527 790 large-vehicle 0.1083
680 713 672 698 711 675 719 691 large-vehicle 0.1019
750 846 744 831 778 815 785 830 ship 0.1359
569 1110 562 1092 600 1077 607 1095 ship 0.1307
579 1132 570 1114 608 1096 616 1113 ship 0.1262
309 930 301 913 340 895 348 912 ship 0.1092
548 1082 536 1068 566 1042 578 1057 ship 0.1089
731 808 724 791 763 774 770 791 ship 0.1057
809 962 802 945 837 930 844 946 ship 0.1044
687 734 679 716 721 697 729 716 ship 0.1004
742 830 734 814 771 795 780 810 ship 0.1003
852 63 944 27 1016 211 924 247 tennis-court 0.9316
979 355 1067 318 1142 495 1054 532 tennis-court 0.9172
76 379 50 326 161 271 187 325 tennis-court 0.9147
741 112 827 71 912 249 826 290 tennis-court 0.9133
103 457 88 402 208 368 223 423 tennis-court 0.9037
481 94 570 54 652 233 563 273 tennis-court 0.9030
308 172 394 138 465 317 380 351 tennis-court 0.9020
996 695 1090 655 1169 844 1074 884 tennis-court 0.9012
870 406 956 367 1036 543 951 582 tennis-court 0.8921
143 542 125 488 234 452 252 506 tennis-court 0.8813
178 631 156 578 268 531 290 584 tennis-court 0.8350
-42 919 -45 837 88 833 91 914 tennis-court 0.1201
157 532 142 490 217 465 231 507 basketball-court 0.1937
195 617 177 577 252 545 269 585 basketball-court 0.1592
76 379 50 326 161 271 187 325 basketball-court 0.1488
113 465 89 415 196 366 219 417 basketball-court 0.1309
325 950 316 932 351 915 360 932 storage-tank 0.1245
349 978 345 961 382 952 387 969 storage-tank 0.1056
-42 919 -45 837 88 833 91 914 soccer-ball-field 0.2233
157 532 142 490 217 465 231 507 soccer-ball-field 0.1146
76 379 50 326 161 271 187 325 swimming-pool 0.1316
