783 482 800 493 776 532 758 521 small-vehicle 0.7370
785 527 801 538 777 574 760 563 small-vehicle 0.7325
793 466 799 446 844 460 838 479 small-vehicle 0.7283
819 558 828 540 865 559 856 577 small-vehicle 0.7023
71 1092 66 1072 109 1061 114 1080 small-vehicle 0.6997
763 422 782 432 760 474 741 464 small-vehicle 0.6970
800 547 818 561 788 599 770 585 small-vehicle 0.6813
762 389 778 403 745 442 729 428 small-vehicle 0.6794
662 605 671 584 718 604 709 625 small-vehicle 0.6626
733 301 753 313 726 360 705 348 small-vehicle 0.6602
817 1157 834 1154 841 1190 824 1193 small-vehicle 0.6591
789 435 795 416 841 432 835 451 small-vehicle 0.6565
810 701 824 686 860 718 846 733 small-vehicle 0.6483
771 367 780 347 830 370 821 390 small-vehicle 0.6465
640 508 648 489 696 510 688 529 small-vehicle 0.6275
84 1112 80 1093 121 1083 125 1102 small-vehicle 0.6260
784 716 797 702 829 731 816 745 small-vehicle 0.6214
725 818 718 797 762 783 768 804 small-vehicle 0.6176
658 569 669 551 714 579 703 597 small-vehicle 0.6045
758 304 768 286 813 310 804 329 small-vehicle 0.5998
711 744 718 725 763 740 757 760 small-vehicle 0.5556
677 1170 697 1162 712 1202 692 1209 small-vehicle 0.5213
702 1160 724 1153 740 1202 718 1209 small-vehicle 0.5172
243 765 263 759 276 807 256 813 small-vehicle 0.5072
745 1155 767 1148 782 1199 760 1205 small-vehicle 0.4551
649 1177 664 1169 682 1202 666 1210 small-vehicle 0.4177
880 366 895 371 886 402 871 398 small-vehicle 0.3912
537 768 560 762 574 821 552 827 small-vehicle 0.3899
299 166 324 161 338 225 313 231 small-vehicle 0.3577
244 189 270 184 282 245 257 250 small-vehicle 0.3565
270 178 294 172 310 231 286 237 small-vehicle 0.3542
379 156 402 150 417 210 394 216 small-vehicle 0.3502
422 1019 429 995 484 1011 477 1035 small-vehicle 0.3485
420 628 429 607 485 633 476 654 small-vehicle 0.3426
428 663 441 643 504 684 491 704 small-vehicle 0.3397
351 159 376 153 390 219 366 225 small-vehicle 0.3360
426 1082 438 1061 492 1091 480 1112 small-vehicle 0.3328
561 560 555 537 620 520 627 543 small-vehicle 0.3300
117 214 142 211 152 276 127 280 small-vehicle 0.3234
278 394 289 372 349 399 339 421 small-vehicle 0.3193
413 590 424 570 488 605 477 625 small-vehicle 0.3106
575 622 568 599 640 574 648 598 small-vehicle 0.2983
624 1176 640 1174 643 1206 627 1207 small-vehicle 0.2972
534 114 558 110 568 176 544 179 small-vehicle 0.2965
142 207 168 203 179 272 154 276 small-vehicle 0.2798
622 822 620 796 693 790 695 815 small-vehicle 0.2781
379 377 389 355 448 385 438 406 small-vehicle 0.2760
280 430 290 409 363 443 353 464 small-vehicle 0.2746
303 990 324 987 330 1032 309 1035 small-vehicle 0.2724
855 683 871 681 876 710 860 713 small-vehicle 0.2708
189 187 212 179 240 257 217 266 small-vehicle 0.2627
82 211 106 204 126 275 103 282 small-vehicle 0.2627
482 131 507 126 518 185 494 190 small-vehicle 0.2626
611 91 635 84 656 160 633 166 small-vehicle 0.2623
413 984 423 961 490 989 481 1012 small-vehicle 0.2529
500 116 526 108 548 182 522 190 small-vehicle 0.2521
718 70 738 63 760 132 740 138 small-vehicle 0.2514
557 103 581 97 598 169 573 174 small-vehicle 0.2511
547 524 537 503 604 470 614 491 small-vehicle 0.2473
589 657 584 636 655 620 659 641 small-vehicle 0.2463
519 1080 515 1060 556 1053 560 1072 small-vehicle 0.2423
374 863 385 842 456 879 445 900 small-vehicle 0.2410
392 906 402 885 469 915 459 937 small-vehicle 0.2383
397 146 423 137 447 202 421 212 small-vehicle 0.2380
637 855 630 831 698 813 704 837 small-vehicle 0.2379
456 747 466 731 529 769 519 786 small-vehicle 0.2345
338 691 347 669 417 697 408 719 small-vehicle 0.2331
661 959 647 939 709 896 723 915 small-vehicle 0.2322
58 221 85 216 99 292 73 297 small-vehicle 0.2302
673 988 656 970 705 924 722 942 small-vehicle 0.2292
394 516 405 497 472 538 461 557 small-vehicle 0.2274
311 570 322 549 391 583 380 605 small-vehicle 0.2259
650 926 640 904 710 870 721 892 small-vehicle 0.2205
309 535 320 513 387 548 376 569 small-vehicle 0.2195
380 483 388 462 459 492 450 513 small-vehicle 0.2178
359 762 370 740 437 775 426 796 small-vehicle 0.2173
338 654 352 633 412 672 398 693 small-vehicle 0.2165
594 691 588 665 666 649 671 675 small-vehicle 0.2155
373 800 384 780 446 814 434 835 small-vehicle 0.2149
586 1195 592 1182 616 1193 610 1205 small-vehicle 0.2140
294 500 303 477 366 501 357 524 small-vehicle 0.2119
424 130 446 122 474 200 452 208 small-vehicle 0.2116
768 50 794 45 810 121 784 127 small-vehicle 0.2101
683 1016 667 994 720 955 736 978 small-vehicle 0.2099
493 959 505 938 579 981 567 1002 small-vehicle 0.2077
345 731 354 707 435 738 426 761 small-vehicle 0.2072
436 711 445 692 517 722 508 742 small-vehicle 0.2060
428 1047 439 1027 503 1062 492 1083 small-vehicle 0.2049
490 926 503 905 574 949 561 970 small-vehicle 0.2049
662 76 685 70 705 145 682 151 small-vehicle 0.2018
404 946 413 924 485 956 476 977 small-vehicle 0.2014
281 467 288 444 361 465 354 488 small-vehicle 0.2001
370 448 381 426 458 462 448 485 small-vehicle 0.1985
502 840 513 820 586 861 575 880 small-vehicle 0.1978
641 78 664 73 679 150 656 155 small-vehicle 0.1942
453 787 463 766 538 802 528 823 small-vehicle 0.1911
471 850 484 831 556 880 543 899 small-vehicle 0.1901
556 1174 571 1168 584 1201 569 1207 small-vehicle 0.1893
687 65 711 59 730 137 706 143 small-vehicle 0.1877
502 998 512 980 582 1018 573 1036 small-vehicle 0.1856
850 41 874 37 884 100 860 104 small-vehicle 0.1822
373 834 384 811 451 844 439 867 small-vehicle 0.1813
365 413 376 392 443 428 432 448 small-vehicle 0.1792
797 52 819 46 837 117 815 123 small-vehicle 0.1693
112 723 106 700 180 681 186 704 small-vehicle 0.1382
687 725 710 725 709 772 687 772 small-vehicle 0.1110
739 1129 755 1122 768 1154 752 1161 small-vehicle 0.1027
49 264 67 259 79 297 62 302 small-vehicle 0.1023
500 837 512 817 583 858 571 879 large-vehicle 0.8328
434 710 444 689 516 722 505 744 large-vehicle 0.7975
578 623 568 601 640 571 650 593 large-vehicle 0.7847
456 787 468 765 541 805 530 827 large-vehicle 0.7837
493 959 505 938 579 981 567 1002 large-vehicle 0.7800
377 831 388 812 453 851 441 870 large-vehicle 0.7793
390 518 402 496 471 533 459 554 large-vehicle 0.7723
502 997 515 976 586 1018 573 1040 large-vehicle 0.7686
472 854 484 833 557 875 546 896 large-vehicle 0.7630
368 798 379 778 446 816 435 835 large-vehicle 0.7585
452 748 465 728 532 771 520 790 large-vehicle 0.7500
370 448 381 426 458 462 448 485 large-vehicle 0.7496
597 690 590 667 665 646 671 670 large-vehicle 0.7435
379 482 389 460 462 493 452 515 large-vehicle 0.7428
590 658 583 635 652 617 659 640 large-vehicle 0.7397
411 973 423 954 490 997 478 1016 large-vehicle 0.7342
335 651 347 632 414 674 402 693 large-vehicle 0.7317
358 760 368 740 438 776 428 797 large-vehicle 0.7196
660 956 648 935 711 897 724 918 large-vehicle 0.7191
309 528 322 509 385 551 373 570 large-vehicle 0.7184
405 940 417 920 484 960 472 980 large-vehicle 0.7180
352 728 363 708 429 741 419 761 large-vehicle 0.7174
652 924 640 901 706 869 717 892 large-vehicle 0.7064
561 560 555 537 620 520 627 543 large-vehicle 0.7026
365 409 376 390 443 427 432 447 large-vehicle 0.7021
428 128 453 123 470 202 445 207 large-vehicle 0.6969
556 100 583 94 599 167 571 173 large-vehicle 0.6964
541 523 532 501 608 468 617 490 large-vehicle 0.6884
341 689 352 668 418 703 407 723 large-vehicle 0.6868
629 830 620 807 687 781 696 804 large-vehicle 0.6840
371 862 381 841 454 874 444 896 large-vehicle 0.6827
672 986 657 966 710 924 725 944 large-vehicle 0.6769
495 929 508 908 575 949 561 970 large-vehicle 0.6763
425 662 436 643 506 683 495 702 large-vehicle 0.6753
400 135 424 128 445 204 421 211 large-vehicle 0.6710
681 1015 666 994 725 953 740 974 large-vehicle 0.6705
637 854 630 830 693 810 701 835 large-vehicle 0.6676
286 461 296 441 367 478 357 498 large-vehicle 0.6659
312 568 323 549 391 586 380 606 large-vehicle 0.6620
636 80 659 73 683 147 660 155 large-vehicle 0.6599
604 89 630 80 658 157 633 166 large-vehicle 0.6582
686 66 713 60 730 138 703 144 large-vehicle 0.6581
488 112 515 106 532 187 505 193 large-vehicle 0.6541
281 428 292 408 361 444 351 464 large-vehicle 0.6388
426 1046 437 1026 511 1068 499 1088 large-vehicle 0.6255
392 906 402 885 469 915 459 937 large-vehicle 0.6237
410 588 422 569 487 608 476 627 large-vehicle 0.6186
188 186 214 178 238 252 212 261 large-vehicle 0.6172
292 494 303 474 370 510 359 530 large-vehicle 0.6121
134 203 162 196 180 270 153 277 large-vehicle 0.6110
664 75 687 70 704 143 681 149 large-vehicle 0.6059
86 209 110 202 132 280 108 287 large-vehicle 0.5876
419 1010 431 989 498 1027 486 1048 large-vehicle 0.5821
299 154 325 150 338 225 312 229 large-vehicle 0.5759
58 221 85 216 99 292 73 297 large-vehicle 0.5734
379 377 388 356 451 385 441 405 large-vehicle 0.5698
348 155 372 148 391 219 367 225 large-vehicle 0.5585
238 175 263 169 280 248 255 253 large-vehicle 0.5554
533 113 557 109 568 174 544 178 large-vehicle 0.5296
276 392 285 371 353 403 344 424 large-vehicle 0.5223
419 629 428 607 485 631 476 652 large-vehicle 0.5149
269 174 293 167 310 229 286 236 large-vehicle 0.5149
538 766 563 762 572 823 547 827 large-vehicle 0.5070
426 1083 437 1061 494 1091 482 1113 large-vehicle 0.4968
717 61 743 56 759 134 732 139 large-vehicle 0.4469
282 921 311 915 333 1029 304 1035 large-vehicle 0.4450
113 214 137 207 155 274 131 280 large-vehicle 0.4409
378 156 401 150 417 212 395 218 large-vehicle 0.4260
768 51 792 46 807 120 783 125 large-vehicle 0.3974
111 726 104 704 179 679 186 701 large-vehicle 0.3814
229 734 253 727 278 804 254 812 large-vehicle 0.2811
704 1159 726 1153 740 1204 718 1210 large-vehicle 0.2727
799 45 823 41 834 122 810 125 large-vehicle 0.2669
744 1155 767 1147 783 1194 760 1202 large-vehicle 0.2641
658 571 668 552 719 579 709 598 large-vehicle 0.2493
771 367 780 347 830 370 821 390 large-vehicle 0.2389
733 292 755 303 728 359 706 348 large-vehicle 0.2287
662 605 671 584 718 604 709 625 large-vehicle 0.2118
679 1169 699 1163 712 1204 691 1211 large-vehicle 0.2117
89 1104 118 1096 139 1173 110 1181 large-vehicle 0.2089
798 549 816 560 789 600 772 588 large-vehicle 0.2019
31 910 68 898 113 1044 77 1055 large-vehicle 0.1993
849 44 873 40 885 100 861 104 large-vehicle 0.1954
553 330 580 322 607 414 581 422 large-vehicle 0.1898
640 508 648 489 696 510 688 529 large-vehicle 0.1876
722 815 718 795 764 787 768 807 large-vehicle 0.1809
756 302 768 283 812 310 800 329 large-vehicle 0.1796
518 1087 509 1064 557 1046 566 1069 large-vehicle 0.1747
713 749 716 729 762 737 758 757 large-vehicle 0.1589
456 118 483 113 499 194 472 199 large-vehicle 0.1579
647 1173 665 1166 680 1203 662 1210 large-vehicle 0.1542
788 437 794 416 840 429 834 450 large-vehicle 0.1525
527 1112 520 1086 575 1072 582 1097 large-vehicle 0.1399
884 44 904 44 907 98 886 99 large-vehicle 0.1385
763 422 782 432 760 474 741 464 large-vehicle 0.1272
762 389 778 403 745 442 729 428 large-vehicle 0.1245
786 526 803 538 776 574 759 562 large-vehicle 0.1243
783 481 802 493 776 532 757 519 large-vehicle 0.1210
49 264 67 259 79 297 62 302 large-vehicle 0.1124
288 392 286 356 389 352 390 388 large-vehicle 0.1091
793 466 799 446 844 460 838 479 large-vehicle 0.1084
799 45 823 41 834 122 810 125 ship 0.4658
767 41 790 37 807 126 785 130 ship 0.3920
718 70 738 63 760 132 740 138 ship 0.3166
851 43 875 40 882 100 857 103 ship 0.1634
682 66 709 60 726 141 698 146 ship 0.1550
189 187 212 179 240 257 217 266 ship 0.1358
884 44 904 44 907 98 886 99 ship 0.1268
351 159 376 153 390 219 366 225 ship 0.1233
641 78 664 73 679 150 656 155 ship 0.1219
378 158 401 152 417 211 395 218 ship 0.1157
611 91 635 84 655 157 631 164 ship 0.1151
534 114 558 110 568 176 544 179 ship 0.1100
420 624 431 604 485 635 474 655 ship 0.1035
116 215 140 210 153 275 128 280 ship 0.1031
277 390 288 370 352 404 341 424 ship 0.1029
557 103 581 97 598 169 573 174 ship 0.1020
773 45 795 42 805 126 783 128 helicopter 0.1670
800 50 824 47 835 123 811 127 helicopter 0.1643
717 61 743 56 759 134 732 139 helicopter 0.1488
503 114 527 109 543 181 519 186 helicopter 0.1049
