109 331 126 320 151 357 135 368 small-vehicle 0.3677
45 207 57 195 86 225 73 238 small-vehicle 0.1165
223 15 221 4 242 0 244 12 small-vehicle 0.1105
108 330 124 318 151 355 135 367 large-vehicle 0.5075
390 294 457 241 572 384 505 438 tennis-court 0.9898
482 227 549 174 658 313 592 365 tennis-court 0.9891
214 425 282 376 387 523 318 571 tennis-court 0.9890
578 158 645 105 757 246 690 299 tennis-court 0.9887
304 354 375 306 479 457 407 505 tennis-court 0.9880
28 472 187 421 261 648 101 699 soccer-ball-field 0.1124
