491 -1 507 5 492 40 476 33 small-vehicle 0.6369
181 82 187 68 221 84 214 97 small-vehicle 0.6193
72 25 80 11 111 28 103 42 small-vehicle 0.5126
144 64 150 50 186 67 180 81 small-vehicle 0.5050
41 10 47 -3 75 8 69 22 small-vehicle 0.4788
229 109 237 95 269 113 261 127 small-vehicle 0.4138
325 160 331 145 366 160 360 175 small-vehicle 0.3482
751 61 757 46 789 58 784 73 small-vehicle 0.3475
517 48 526 52 515 78 506 73 small-vehicle 0.1052
325 160 331 145 366 160 360 175 large-vehicle 0.2264
229 109 237 95 269 113 261 127 large-vehicle 0.1572
169 352 192 363 169 411 146 400 large-vehicle 0.1565
491 -1 507 5 492 40 476 33 large-vehicle 0.1477
144 64 150 50 186 67 180 81 large-vehicle 0.1205
271 201 293 215 263 264 241 250 large-vehicle 0.1142
73 27 79 13 109 26 103 40 large-vehicle 0.1065
488 307 498 290 546 319 535 336 large-vehicle 0.1062
182 80 189 68 220 86 214 98 large-vehicle 0.1040
325 160 331 145 366 160 360 175 ship 0.1236
574 375 669 438 571 583 477 520 tennis-court 0.3157
713 445 813 515 706 667 606 597 tennis-court 0.2407
426 277 541 354 424 529 309 452 tennis-court 0.1802
283 207 394 286 282 441 172 361 tennis-court 0.1301
703 435 812 489 727 661 618 608 basketball-court 0.9066
565 363 671 413 590 586 484 536 basketball-court 0.9019
430 292 534 344 436 537 333 485 basketball-court 0.8491
284 214 391 264 299 458 193 408 basketball-court 0.7362
