370 761 405 710 470 755 434 806 plane 0.9850
441 816 488 770 546 829 499 875 plane 0.9838
389 341 429 298 484 350 444 393 plane 0.9681
212 623 253 583 310 641 269 681 plane 0.9679
290 697 325 648 397 700 362 749 plane 0.9675
525 507 559 462 619 508 585 553 plane 0.9647
369 449 398 407 462 453 433 494 plane 0.9258
336 234 393 262 360 329 303 302 plane 0.9235
515 583 559 532 628 592 584 643 plane 0.9220
222 701 261 652 320 698 282 748 plane 0.9203
150 630 184 583 246 628 212 675 plane 0.9143
192 525 220 544 185 594 157 575 plane 0.3396
492 180 502 167 529 187 519 200 small-vehicle 0.3120
599 268 611 256 636 281 624 293 small-vehicle 0.2552
199 529 216 540 185 586 169 574 ship 0.1932
192 525 220 544 185 594 157 575 harbor 0.1176
192 525 220 544 185 594 157 575 helicopter 0.1436
