1628 1556 1697 1590 1647 1692 1578 1659 plane 0.1263
2408 1910 2443 1858 2560 1938 2525 1990 plane 0.1062
2351 1727 2408 1715 2434 1840 2377 1851 ground-track-field 0.1385
136 325 206 310 229 425 160 439 ground-track-field 0.1185
1265 802 1269 733 1414 741 1411 810 ground-track-field 0.1119
200 607 201 587 239 589 238 608 small-vehicle 0.1818
176 1047 187 1031 221 1053 210 1070 small-vehicle 0.1778
221 1093 246 1089 253 1132 228 1136 small-vehicle 0.1688
1902 686 1887 671 1923 635 1938 650 small-vehicle 0.1572
1118 1458 1122 1436 1164 1444 1160 1465 small-vehicle 0.1533
1329 1124 1343 1106 1380 1133 1366 1151 small-vehicle 0.1524
-15 1575 20 1553 63 1621 28 1644 small-vehicle 0.1404
1989 451 2001 438 2026 460 2013 474 small-vehicle 0.1280
843 52 861 47 872 89 854 94 small-vehicle 0.1235
1730 741 1745 725 1778 757 1763 773 small-vehicle 0.1177
956 1589 966 1573 1002 1595 992 1611 small-vehicle 0.1174
1671 909 1687 921 1661 956 1645 944 small-vehicle 0.1115
393 922 406 908 437 934 424 949 small-vehicle 0.1073
-7 859 4 844 37 870 26 885 small-vehicle 0.1027
1472 1379 1481 1368 1505 1387 1496 1398 small-vehicle 0.1027
1649 1567 1700 1596 1647 1688 1596 1659 large-vehicle 0.1144
948 1419 968 1399 1033 1461 1013 1481 ship 0.1201
1649 1567 1700 1596 1647 1688 1596 1659 tennis-court 0.1164
810 90 993 125 954 324 772 288 roundabout 0.1333
138 326 203 314 224 430 159 442 swimming-pool 0.7089
1833 1505 1793 1437 1885 1384 1924 1452 swimming-pool 0.7063
2166 935 2210 887 2279 952 2235 1000 swimming-pool 0.6963
1652 1565 1699 1596 1640 1685 1593 1654 swimming-pool 0.6838
2356 672 2426 694 2393 800 2323 778 swimming-pool 0.6740
1951 189 1950 126 2051 124 2053 187 swimming-pool 0.5920
959 569 998 599 942 674 902 643 swimming-pool 0.5888
639 1285 670 1258 712 1306 682 1333 swimming-pool 0.5764
1272 787 1286 728 1411 757 1398 816 swimming-pool 0.5720
413 1143 463 1172 420 1248 369 1219 swimming-pool 0.5346
2358 1722 2414 1714 2430 1838 2374 1845 swimming-pool 0.4592
1291 1749 1338 1718 1384 1789 1337 1819 swimming-pool 0.3582
1961 249 1962 213 2040 214 2040 251 swimming-pool 0.1559
1631 1558 1698 1594 1647 1692 1579 1657 helicopter 0.1983
1826 1374 1917 1395 1893 1500 1802 1479 helicopter 0.1423
2358 1723 2412 1716 2428 1841 2374 1848 helicopter 0.1164
2331 681 2414 687 2405 806 2323 800 helicopter 0.1143
