255 357 262 338 302 354 295 373 small-vehicle 0.6747
205 356 213 338 257 359 249 376 small-vehicle 0.6207
830 984 839 966 878 985 869 1004 small-vehicle 0.5977
1216 237 1224 224 1253 244 1245 257 small-vehicle 0.5622
44 577 53 562 88 580 79 596 small-vehicle 0.5555
222 41 244 49 228 90 206 81 small-vehicle 0.5548
1163 837 1177 826 1203 858 1188 870 small-vehicle 0.5262
31 203 40 184 89 210 80 228 small-vehicle 0.5228
2 315 12 300 45 323 35 337 small-vehicle 0.5122
1158 242 1166 223 1210 242 1202 261 small-vehicle 0.4910
942 658 952 642 988 665 978 681 small-vehicle 0.4905
28 620 36 605 73 625 64 640 small-vehicle 0.4749
352 73 361 55 400 76 391 93 small-vehicle 0.4682
43 503 62 512 46 549 26 540 small-vehicle 0.4259
1166 413 1177 398 1213 424 1202 439 small-vehicle 0.4231
1127 390 1135 377 1169 398 1160 411 small-vehicle 0.4015
728 1100 734 1083 770 1097 763 1114 small-vehicle 0.3923
343 40 351 24 387 42 379 58 small-vehicle 0.3732
70 640 78 625 120 647 112 662 small-vehicle 0.3289
309 229 318 213 356 236 347 251 small-vehicle 0.3029
1089 1053 1098 1035 1143 1057 1134 1076 small-vehicle 0.2646
1250 189 1267 202 1241 238 1223 225 small-vehicle 0.2176
-9 746 -2 732 26 747 18 761 small-vehicle 0.2134
25 764 37 750 73 778 62 792 small-vehicle 0.1572
166 484 175 469 209 489 200 504 small-vehicle 0.1430
53 1174 64 1176 59 1202 48 1200 small-vehicle 0.1259
459 1201 457 1175 511 1171 513 1197 small-vehicle 0.1221
40 1169 53 1175 41 1202 28 1196 small-vehicle 0.1203
-16 319 -1 309 19 340 4 350 small-vehicle 0.1161
1165 1143 1191 1156 1171 1199 1145 1187 small-vehicle 0.1087
745 1169 757 1175 744 1200 732 1194 small-vehicle 0.1050
1185 276 1197 281 1189 304 1176 300 small-vehicle 0.1017
223 38 245 47 228 90 206 82 large-vehicle 0.1748
69 639 78 623 120 644 111 661 large-vehicle 0.1170
459 1201 457 1175 511 1171 513 1197 large-vehicle 0.1017
205 354 214 337 257 359 248 376 large-vehicle 0.1015
459 1201 457 1175 511 1171 513 1197 ship 0.1016
389 306 469 333 424 463 344 435 basketball-court 0.1296
341 517 389 523 382 578 333 571 storage-tank 0.1749
336 521 384 518 387 574 339 576 roundabout 0.1281
1054 114 1071 57 1173 86 1157 143 swimming-pool 0.8136
864 515 891 469 975 519 947 565 swimming-pool 0.8107
363 373 410 346 441 399 394 426 swimming-pool 0.6690
522 86 571 69 589 120 540 137 swimming-pool 0.6400
256 599 282 566 320 596 294 629 swimming-pool 0.6296
447 236 491 216 512 262 469 282 swimming-pool 0.6291
1009 259 1032 211 1089 239 1066 287 swimming-pool 0.6006
199 747 230 712 272 750 241 785 swimming-pool 0.5864
322 456 357 416 402 456 367 495 swimming-pool 0.5776
617 1015 646 973 691 1004 663 1046 swimming-pool 0.5550
388 328 401 275 461 289 449 342 swimming-pool 0.5287
456 1198 457 1175 511 1176 510 1199 swimming-pool 0.3001
343 519 392 526 384 577 336 570 swimming-pool 0.2463
468 192 499 139 554 172 523 224 swimming-pool 0.1889
1165 1143 1188 1154 1168 1199 1144 1189 swimming-pool 0.1695
458 150 487 148 489 187 460 189 swimming-pool 0.1655
869 528 884 478 969 502 955 553 helicopter 0.1080
