539 754 528 742 554 719 565 731 small-vehicle 0.6676
553 767 543 753 573 731 584 745 small-vehicle 0.6638
506 711 496 699 523 677 533 690 small-vehicle 0.6488
525 363 541 348 571 378 555 393 small-vehicle 0.6221
544 341 558 328 587 358 573 372 small-vehicle 0.6213
262 763 257 746 295 735 300 753 small-vehicle 0.6159
307 977 304 956 355 948 358 969 small-vehicle 0.5929
103 635 100 619 133 614 135 629 small-vehicle 0.5341
284 857 280 840 322 830 326 847 small-vehicle 0.5301
282 839 276 820 318 806 324 825 small-vehicle 0.4969
80 733 76 714 117 705 121 725 small-vehicle 0.4939
254 717 250 701 284 691 288 707 small-vehicle 0.4934
345 1059 336 1045 368 1023 378 1037 small-vehicle 0.4837
292 875 288 859 328 850 332 866 small-vehicle 0.4664
550 914 539 897 574 876 585 893 small-vehicle 0.4593
323 1022 316 1001 365 985 371 1006 small-vehicle 0.4094
305 957 301 938 349 928 353 947 small-vehicle 0.4082
309 934 304 918 343 905 349 921 small-vehicle 0.3720
96 613 95 596 130 594 131 611 small-vehicle 0.3609
337 1045 327 1028 361 1009 371 1026 small-vehicle 0.3542
414 771 406 755 443 737 451 753 small-vehicle 0.3465
294 893 291 878 332 870 335 885 small-vehicle 0.3205
298 913 294 897 335 887 339 903 small-vehicle 0.3154
394 763 382 747 427 714 439 730 small-vehicle 0.2718
145 471 142 452 200 441 204 460 small-vehicle 0.2650
509 884 497 866 544 836 556 854 small-vehicle 0.2639
317 995 312 978 358 965 363 982 small-vehicle 0.2306
409 805 398 787 454 754 465 772 small-vehicle 0.2142
372 754 358 738 415 691 429 707 small-vehicle 0.2120
79 776 78 747 142 746 143 774 small-vehicle 0.2051
162 498 157 477 240 457 245 479 small-vehicle 0.1740
346 727 334 712 395 665 407 680 small-vehicle 0.1669
195 588 191 567 274 552 278 574 small-vehicle 0.1655
498 923 485 906 550 858 563 875 small-vehicle 0.1592
434 830 419 814 471 766 487 783 small-vehicle 0.1579
609 810 627 808 629 840 612 841 small-vehicle 0.1540
482 777 500 791 455 849 438 836 small-vehicle 0.1520
180 513 177 495 240 485 243 502 small-vehicle 0.1484
136 399 133 379 219 367 221 388 small-vehicle 0.1415
212 622 207 599 286 581 292 604 small-vehicle 0.1371
175 541 172 520 248 508 251 529 small-vehicle 0.1238
517 728 504 710 538 686 550 705 small-vehicle 0.1130
151 451 146 431 228 413 232 433 small-vehicle 0.1127
285 993 305 986 321 1036 302 1043 small-vehicle 0.1059
143 424 141 404 223 396 225 416 small-vehicle 0.1017
140 427 137 407 222 393 225 413 large-vehicle 0.8261
210 618 207 598 289 585 292 604 large-vehicle 0.8233
197 588 193 568 275 553 279 574 large-vehicle 0.8106
367 755 355 740 415 694 426 709 large-vehicle 0.8063
173 542 169 522 249 507 253 527 large-vehicle 0.7983
160 497 156 475 240 459 244 481 large-vehicle 0.7919
134 401 131 382 214 367 218 386 large-vehicle 0.7848
151 449 147 429 231 416 234 436 large-vehicle 0.7726
434 830 419 814 471 766 487 783 large-vehicle 0.7708
405 809 394 790 460 751 471 769 large-vehicle 0.7665
449 847 434 830 494 778 508 795 large-vehicle 0.7578
345 730 331 712 389 666 403 683 large-vehicle 0.7378
498 923 485 906 550 858 563 875 large-vehicle 0.7374
178 515 174 496 241 483 244 502 large-vehicle 0.6996
388 762 379 745 432 717 441 734 large-vehicle 0.6605
377 513 362 498 485 378 501 394 large-vehicle 0.6529
330 450 314 430 446 328 461 348 large-vehicle 0.6325
144 470 141 450 200 442 203 462 large-vehicle 0.6152
508 889 494 872 539 834 554 852 large-vehicle 0.6076
412 773 404 758 442 735 451 750 large-vehicle 0.5338
309 957 303 939 351 926 356 944 large-vehicle 0.5276
294 892 292 877 331 870 333 885 large-vehicle 0.5196
82 779 78 756 140 745 144 768 large-vehicle 0.5163
308 931 305 914 345 907 348 924 large-vehicle 0.5035
298 913 294 897 335 887 339 903 large-vehicle 0.4938
291 872 289 856 330 851 332 867 large-vehicle 0.4927
321 1019 317 1000 363 989 367 1009 large-vehicle 0.4772
310 976 307 956 354 947 358 967 large-vehicle 0.4066
285 856 282 839 322 831 326 849 large-vehicle 0.3790
278 834 276 815 321 810 323 829 large-vehicle 0.3578
77 731 74 712 117 707 119 726 large-vehicle 0.2956
337 1045 327 1028 361 1009 371 1026 large-vehicle 0.2550
317 995 312 978 358 965 363 982 large-vehicle 0.2205
345 1059 336 1045 368 1023 378 1037 large-vehicle 0.2121
526 363 541 348 570 377 555 392 large-vehicle 0.1335
544 341 558 328 587 358 573 372 large-vehicle 0.1255
262 760 259 743 298 736 301 754 large-vehicle 0.1246
506 711 496 699 523 677 533 690 large-vehicle 0.1147
