2 69 9 55 38 68 31 82 small-vehicle 0.3048
587 373 593 360 620 373 613 386 small-vehicle 0.2504
154 713 158 698 193 707 189 722 small-vehicle 0.1328
2 69 8 55 38 68 32 82 large-vehicle 0.1238
187 730 192 711 242 724 238 743 ship 0.6157
142 102 144 83 183 87 181 106 ship 0.5510
501 519 497 501 543 490 548 507 ship 0.5507
154 712 160 697 196 711 190 726 ship 0.3512
2 69 8 55 38 68 32 82 ship 0.2300
588 376 593 361 621 372 616 386 ship 0.1388
80 61 223 -6 349 257 206 325 soccer-ball-field 0.1026
366 188 421 161 454 230 400 257 harbor 0.6989
87 99 82 26 189 18 194 92 harbor 0.6345
520 565 503 535 566 497 584 526 harbor 0.6149
147 715 166 641 260 665 241 739 harbor 0.5569
499 380 495 364 574 342 579 357 harbor 0.3987
497 524 493 498 544 490 549 515 harbor 0.1729
140 100 144 81 183 88 179 108 harbor 0.1246
