420 1086 436 1098 409 1135 393 1123 small-vehicle 0.1255
254 256 273 273 232 319 213 302 ship 0.4566
168 122 190 136 160 182 138 167 ship 0.4187
420 1086 436 1098 409 1135 393 1123 ship 0.2651
558 268 574 277 552 317 535 308 ship 0.2120
1253 834 1285 857 1124 1084 1092 1061 ship 0.1309
286 241 320 252 301 315 267 305 ship 0.1183
759 333 808 366 621 644 572 611 ship 0.1007
579 278 624 310 424 594 379 563 harbor 0.7004
447 232 484 255 324 513 286 490 harbor 0.6804
780 325 822 357 605 643 563 612 harbor 0.6607
1051 601 1115 637 949 942 885 907 harbor 0.6494
936 517 970 541 774 824 740 801 harbor 0.5660
1263 831 1293 855 1103 1095 1073 1072 harbor 0.5595
156 69 200 98 58 318 13 290 harbor 0.5549
283 238 322 262 183 492 144 469 harbor 0.3759
299 240 356 252 303 502 246 489 harbor 0.1615
527 282 570 317 385 541 342 506 harbor 0.1295
