782 30 791 15 825 34 816 49 small-vehicle 0.5608
132 786 147 795 128 827 113 817 small-vehicle 0.5431
558 353 574 361 559 392 543 384 small-vehicle 0.5264
516 31 532 38 518 71 502 64 small-vehicle 0.5202
490 369 508 376 491 417 473 410 small-vehicle 0.5048
228 810 247 816 235 854 217 849 small-vehicle 0.5043
393 283 403 270 431 290 421 303 small-vehicle 0.4994
269 675 287 684 269 719 252 710 small-vehicle 0.4937
382 300 390 284 423 300 416 316 small-vehicle 0.4889
525 380 516 364 551 345 559 361 small-vehicle 0.4817
503 16 520 26 500 62 483 52 small-vehicle 0.4715
73 772 81 756 118 774 110 790 small-vehicle 0.4331
479 11 495 17 482 49 466 42 small-vehicle 0.4261
429 303 436 288 468 304 461 319 small-vehicle 0.4256
419 317 426 302 462 319 454 334 small-vehicle 0.4248
537 39 553 47 534 82 518 74 small-vehicle 0.4022
448 66 456 50 496 71 488 86 small-vehicle 0.3765
577 350 594 357 581 392 564 386 small-vehicle 0.3733
513 112 530 117 520 154 503 149 small-vehicle 0.3724
368 430 370 412 408 415 407 433 small-vehicle 0.3703
773 53 779 36 815 48 810 65 small-vehicle 0.3701
536 317 540 298 594 309 590 328 small-vehicle 0.3604
112 648 119 633 159 650 153 665 small-vehicle 0.3380
165 626 184 632 172 674 153 668 small-vehicle 0.3171
176 631 194 631 196 675 177 675 small-vehicle 0.3051
600 342 618 350 599 392 581 383 small-vehicle 0.2953
378 162 389 148 441 187 430 201 small-vehicle 0.2833
897 444 915 437 934 479 916 487 small-vehicle 0.2510
122 773 136 784 110 819 96 808 small-vehicle 0.2389
406 100 414 83 477 109 469 127 small-vehicle 0.2287
457 317 464 301 529 329 522 345 small-vehicle 0.2255
479 351 487 334 520 350 513 366 small-vehicle 0.2238
422 82 429 65 488 86 481 104 small-vehicle 0.2192
118 772 126 754 189 783 181 801 small-vehicle 0.2181
579 397 586 382 629 400 623 416 small-vehicle 0.2150
322 888 325 874 351 879 347 894 small-vehicle 0.2069
420 259 425 244 463 258 458 273 small-vehicle 0.2018
394 123 403 107 465 138 457 154 small-vehicle 0.1876
243 415 257 405 278 435 265 445 small-vehicle 0.1873
888 512 902 502 921 530 907 539 small-vehicle 0.1738
614 372 620 353 677 371 671 390 small-vehicle 0.1615
596 389 602 371 670 395 663 413 small-vehicle 0.1597
134 597 141 579 210 608 203 626 small-vehicle 0.1535
452 628 461 611 531 648 522 665 small-vehicle 0.1529
124 631 129 615 165 626 161 642 small-vehicle 0.1529
381 754 389 735 464 768 456 787 small-vehicle 0.1512
547 112 552 96 595 109 590 125 small-vehicle 0.1473
262 539 270 523 346 560 338 577 small-vehicle 0.1447
543 87 553 73 586 98 575 111 small-vehicle 0.1445
479 555 489 536 571 582 561 600 small-vehicle 0.1397
186 460 195 443 272 486 262 503 small-vehicle 0.1384
312 663 331 665 328 700 310 698 small-vehicle 0.1335
213 805 228 811 216 843 200 837 small-vehicle 0.1318
472 610 480 594 550 632 541 647 small-vehicle 0.1279
366 778 374 760 455 798 446 816 small-vehicle 0.1258
565 65 572 48 613 66 605 83 small-vehicle 0.1234
364 810 372 793 444 826 436 843 small-vehicle 0.1227
519 454 528 434 628 481 619 500 small-vehicle 0.1220
343 831 352 812 429 852 420 870 small-vehicle 0.1185
213 633 223 615 291 655 281 673 small-vehicle 0.1159
905 620 928 620 928 675 905 675 small-vehicle 0.1124
194 444 202 423 282 452 275 472 small-vehicle 0.1122
172 487 185 469 254 516 242 534 small-vehicle 0.1106
135 562 145 545 219 587 209 605 small-vehicle 0.1095
222 612 231 595 309 634 300 651 small-vehicle 0.1078
239 587 247 569 331 607 323 625 small-vehicle 0.1063
402 274 408 258 441 271 435 287 small-vehicle 0.1063
159 509 171 493 233 538 221 554 small-vehicle 0.1058
638 353 648 340 685 369 675 382 small-vehicle 0.1056
245 558 254 542 341 588 332 604 small-vehicle 0.1046
644 333 655 317 692 342 681 359 small-vehicle 0.1030
600 14 608 7 620 23 612 29 small-vehicle 0.1019
429 676 440 661 512 712 501 727 small-vehicle 0.1018
402 725 411 708 481 745 472 762 small-vehicle 0.1012
248 561 256 543 336 583 327 601 large-vehicle 0.9153
235 587 242 568 329 605 321 623 large-vehicle 0.9054
432 682 443 665 513 710 502 727 large-vehicle 0.8785
404 724 414 707 481 747 471 765 large-vehicle 0.8680
419 704 429 687 499 727 490 744 large-vehicle 0.8587
134 562 145 543 219 588 208 606 large-vehicle 0.8568
266 538 276 521 348 563 338 579 large-vehicle 0.8496
186 461 194 445 271 485 263 501 large-vehicle 0.8492
149 539 158 522 229 560 219 577 large-vehicle 0.8459
215 634 225 617 297 659 287 676 large-vehicle 0.8454
167 490 177 471 257 513 247 532 large-vehicle 0.8429
406 100 414 83 477 109 469 127 large-vehicle 0.8385
228 614 237 597 309 635 300 652 large-vehicle 0.8348
383 751 392 733 466 774 456 792 large-vehicle 0.8314
368 775 377 758 448 796 439 813 large-vehicle 0.8286
422 82 429 65 488 86 481 104 large-vehicle 0.8265
398 126 406 109 469 137 461 155 large-vehicle 0.8226
453 628 461 611 535 649 526 666 large-vehicle 0.8128
361 809 370 790 442 824 433 843 large-vehicle 0.8096
298 465 308 445 384 483 374 502 large-vehicle 0.8004
471 611 480 593 548 629 539 646 large-vehicle 0.7947
190 434 199 416 283 458 274 476 large-vehicle 0.7940
285 483 295 465 376 514 366 532 large-vehicle 0.7924
131 597 138 579 211 609 203 627 large-vehicle 0.7916
157 512 166 496 238 537 229 553 large-vehicle 0.7695
526 424 535 405 634 453 625 472 large-vehicle 0.7653
483 552 494 535 572 586 561 603 large-vehicle 0.7577
377 165 387 150 439 183 429 199 large-vehicle 0.7512
584 368 598 349 668 403 653 422 large-vehicle 0.7237
519 454 528 434 628 481 619 500 large-vehicle 0.7214
116 773 124 755 190 782 182 801 large-vehicle 0.7130
503 143 515 123 602 175 590 196 large-vehicle 0.7094
345 831 355 813 429 853 419 871 large-vehicle 0.6796
451 318 457 301 524 324 518 341 large-vehicle 0.6689
536 316 541 297 592 312 587 331 large-vehicle 0.6117
424 254 434 237 521 286 511 304 large-vehicle 0.5578
164 626 182 630 173 673 155 669 large-vehicle 0.5030
111 648 118 632 163 652 155 668 large-vehicle 0.4688
897 444 915 437 934 479 916 487 large-vehicle 0.4309
176 630 196 630 196 674 176 674 large-vehicle 0.4014
450 65 458 50 494 70 486 85 large-vehicle 0.3453
614 372 620 353 677 371 671 390 large-vehicle 0.2949
576 350 593 354 583 391 567 387 large-vehicle 0.2701
73 772 81 756 118 774 110 790 large-vehicle 0.2273
130 783 147 791 129 829 113 821 large-vehicle 0.2079
537 38 553 47 535 81 518 72 large-vehicle 0.2061
579 397 586 382 629 400 623 416 large-vehicle 0.1982
487 366 507 372 494 416 474 410 large-vehicle 0.1950
428 303 435 289 469 304 463 318 large-vehicle 0.1923
500 17 518 24 502 61 484 54 large-vehicle 0.1826
269 669 288 677 271 719 252 712 large-vehicle 0.1721
516 31 532 38 518 71 502 64 large-vehicle 0.1694
525 380 516 364 551 345 559 361 large-vehicle 0.1640
393 283 403 270 431 290 421 303 large-vehicle 0.1476
228 808 249 813 239 857 218 852 large-vehicle 0.1406
416 319 422 303 461 316 456 332 large-vehicle 0.1393
558 352 575 360 560 391 543 383 large-vehicle 0.1347
782 30 791 15 825 34 816 49 large-vehicle 0.1343
564 65 570 48 616 65 610 82 large-vehicle 0.1288
382 298 390 283 423 301 414 316 large-vehicle 0.1278
907 599 931 600 929 665 905 664 large-vehicle 0.1260
480 10 497 18 482 50 466 43 large-vehicle 0.1259
122 773 136 784 110 819 96 808 large-vehicle 0.1130
478 351 484 335 519 348 513 364 large-vehicle 0.1074
638 353 648 340 685 369 675 382 large-vehicle 0.1073
368 430 370 412 408 415 407 433 large-vehicle 0.1051
369 776 380 757 451 796 441 815 ship 0.1068
172 487 185 469 254 516 242 534 ship 0.1033
385 753 395 734 466 772 456 791 ship 0.1007
