1309 874 1317 875 1314 897 1305 896 small-vehicle 0.1012
1149 1590 1164 1581 1185 1614 1171 1623 ship 0.3031
850 1188 838 1174 876 1142 887 1155 ship 0.3009
315 395 309 379 351 363 357 379 ship 0.2470
851 1192 862 1181 884 1202 873 1213 ship 0.2305
173 273 186 262 227 305 215 317 ship 0.2096
527 462 519 452 537 438 545 447 ship 0.1906
403 534 416 524 446 565 433 575 ship 0.1857
1154 1580 1167 1559 1210 1584 1198 1605 ship 0.1703
956 1312 969 1305 987 1335 974 1342 ship 0.1680
768 1031 781 1025 795 1052 782 1058 ship 0.1441
1172 1067 1196 1084 1164 1128 1140 1111 tennis-court 0.1211
218 321 182 276 302 180 339 225 harbor 0.8064
426 560 401 510 532 446 556 496 harbor 0.6905
787 1055 763 1022 840 968 863 1002 harbor 0.6283
860 1210 833 1177 941 1085 969 1118 harbor 0.6184
1040 1461 1021 1430 1123 1367 1142 1398 harbor 0.6150
1167 1619 1143 1584 1240 1516 1264 1550 harbor 0.5741
389 297 407 313 324 406 306 390 harbor 0.4920
971 1342 958 1324 1038 1265 1051 1283 harbor 0.4766
557 721 545 704 611 657 623 674 harbor 0.4416
693 773 735 785 706 890 665 878 harbor 0.3060
768 1031 781 1025 795 1052 782 1058 harbor 0.1140
660 864 676 853 692 875 677 886 harbor 0.1132
403 534 416 524 446 565 433 575 harbor 0.1082
527 460 521 450 540 438 546 448 harbor 0.1063
