703 352 719 361 699 396 683 387 small-vehicle 0.6241
304 219 319 231 294 261 279 249 small-vehicle 0.6061
663 385 680 392 668 421 651 414 small-vehicle 0.5868
597 428 596 409 640 406 642 425 small-vehicle 0.5612
321 233 336 246 311 276 296 264 small-vehicle 0.5602
305 874 309 856 347 865 343 883 small-vehicle 0.5521
777 924 780 903 827 908 824 929 small-vehicle 0.5513
266 78 276 58 318 81 308 100 small-vehicle 0.5354
685 337 703 347 682 387 664 377 small-vehicle 0.4784
409 248 428 260 403 299 384 287 small-vehicle 0.4723
1079 935 1077 916 1123 911 1125 931 small-vehicle 0.4385
235 279 250 290 226 321 211 310 small-vehicle 0.4259
1168 659 1184 674 1150 713 1134 698 small-vehicle 0.4231
771 475 784 461 814 487 802 501 small-vehicle 0.4158
730 451 740 434 781 459 771 476 small-vehicle 0.4147
342 172 366 177 358 222 334 218 small-vehicle 0.4103
328 274 342 255 383 287 369 305 small-vehicle 0.3465
91 831 96 809 135 817 131 838 small-vehicle 0.3365
655 911 659 888 703 895 699 918 small-vehicle 0.3278
1011 348 1032 360 1008 401 988 390 small-vehicle 0.3207
247 424 262 436 236 468 221 456 small-vehicle 0.3023
1080 751 1094 762 1070 794 1056 782 small-vehicle 0.2361
269 236 280 243 263 267 253 259 small-vehicle 0.2052
519 368 529 349 603 387 593 406 small-vehicle 0.2013
342 10 358 19 338 55 322 46 small-vehicle 0.2001
487 416 497 397 576 435 566 454 small-vehicle 0.1869
579 684 578 661 646 657 647 680 small-vehicle 0.1846
521 744 517 724 606 708 609 729 small-vehicle 0.1814
960 408 984 416 969 458 945 450 small-vehicle 0.1698
536 771 535 749 609 747 609 769 small-vehicle 0.1697
408 478 416 457 511 490 504 512 small-vehicle 0.1678
696 494 715 472 768 516 749 538 small-vehicle 0.1675
362 460 383 470 343 552 323 542 small-vehicle 0.1545
888 610 905 626 870 665 853 650 small-vehicle 0.1526
493 381 504 362 579 406 568 424 small-vehicle 0.1518
466 642 486 654 457 700 437 688 small-vehicle 0.1491
561 709 560 688 652 682 653 704 small-vehicle 0.1428
564 298 581 310 552 350 535 337 small-vehicle 0.1353
631 337 653 332 664 385 642 389 small-vehicle 0.1307
659 483 677 498 619 570 601 556 small-vehicle 0.1249
842 569 859 582 806 652 789 640 small-vehicle 0.1199
729 545 749 559 705 621 686 608 small-vehicle 0.1180
386 515 393 490 487 517 480 541 small-vehicle 0.1179
349 439 366 453 296 534 279 519 small-vehicle 0.1161
460 452 471 432 556 478 546 497 small-vehicle 0.1116
281 190 278 172 316 164 320 182 small-vehicle 0.1112
717 653 733 667 678 729 662 715 small-vehicle 0.1080
303 600 321 614 269 682 251 668 small-vehicle 0.1026
531 499 552 514 488 601 466 586 small-vehicle 0.1026
798 581 816 594 766 662 748 649 small-vehicle 0.1019
712 688 730 699 686 776 667 765 small-vehicle 0.1018
767 549 782 563 720 629 704 615 small-vehicle 0.1003
717 653 733 667 678 729 662 715 large-vehicle 0.7875
533 505 551 520 485 600 467 585 large-vehicle 0.7842
712 688 730 699 686 776 667 765 large-vehicle 0.7787
490 383 500 363 580 403 570 423 large-vehicle 0.7652
549 529 568 544 502 633 482 618 large-vehicle 0.7619
781 558 799 571 749 640 731 627 large-vehicle 0.7357
360 458 382 468 347 548 325 538 large-vehicle 0.7300
420 479 429 455 509 484 500 508 large-vehicle 0.7291
513 362 523 343 605 390 594 409 large-vehicle 0.7191
349 439 366 453 296 534 279 519 large-vehicle 0.7123
390 514 398 489 482 517 473 541 large-vehicle 0.7021
484 413 495 393 576 436 565 456 large-vehicle 0.7020
798 581 816 594 766 662 748 649 large-vehicle 0.7015
303 555 321 570 257 649 238 634 large-vehicle 0.6433
767 545 784 560 724 627 707 613 large-vehicle 0.6335
659 487 675 501 615 568 599 554 large-vehicle 0.6317
462 454 471 435 555 474 546 493 large-vehicle 0.6156
843 570 860 584 808 648 791 634 large-vehicle 0.6132
459 601 478 615 418 696 399 682 large-vehicle 0.5919
573 549 591 564 522 644 505 629 large-vehicle 0.5914
256 516 277 530 220 616 199 602 large-vehicle 0.5899
598 636 595 618 681 607 684 625 large-vehicle 0.5821
517 747 512 723 609 702 614 726 large-vehicle 0.5710
729 545 749 559 705 621 686 608 large-vehicle 0.5605
279 539 298 554 233 639 214 624 large-vehicle 0.5416
238 501 256 514 196 596 178 584 large-vehicle 0.5132
558 711 556 688 656 681 657 704 large-vehicle 0.4934
722 715 742 726 706 793 686 782 large-vehicle 0.4879
303 600 321 614 269 682 251 668 large-vehicle 0.4764
198 460 216 474 149 567 131 553 large-vehicle 0.4598
702 499 718 478 770 520 753 541 large-vehicle 0.4562
527 772 527 750 609 748 609 769 large-vehicle 0.4430
371 546 377 519 470 538 464 565 large-vehicle 0.4383
799 619 816 631 767 703 750 691 large-vehicle 0.4179
216 486 233 499 166 588 149 576 large-vehicle 0.3933
469 640 489 655 422 743 402 727 large-vehicle 0.3733
564 681 563 659 645 656 646 678 large-vehicle 0.3693
593 570 610 586 532 665 515 649 large-vehicle 0.3454
882 575 900 589 844 657 827 643 large-vehicle 0.3238
730 451 740 434 781 459 771 476 large-vehicle 0.2811
564 298 581 310 552 350 535 337 large-vehicle 0.2724
886 609 905 622 874 665 855 652 large-vehicle 0.2553
408 555 428 567 371 656 351 643 large-vehicle 0.2138
594 429 594 409 641 409 641 428 large-vehicle 0.1924
328 274 342 255 383 287 369 305 large-vehicle 0.1723
1165 660 1184 675 1153 713 1135 698 large-vehicle 0.1513
697 511 724 533 674 596 646 574 large-vehicle 0.1411
343 9 359 18 339 55 323 46 large-vehicle 0.1208
905 620 927 632 892 693 870 681 large-vehicle 0.1189
266 78 276 58 318 81 308 100 large-vehicle 0.1187
1071 833 1068 807 1151 796 1155 821 large-vehicle 0.1138
410 248 429 261 403 302 383 290 large-vehicle 0.1123
681 337 702 345 685 388 664 380 large-vehicle 0.1097
319 286 337 300 281 372 263 358 large-vehicle 0.1082
108 511 125 525 95 561 78 546 large-vehicle 0.1036
982 704 995 685 1039 715 1026 734 large-vehicle 0.1028
634 330 660 328 664 383 638 385 large-vehicle 0.1017
777 923 780 902 830 908 827 929 large-vehicle 0.1005
544 530 563 543 502 637 482 624 ship 0.1262
1096 386 1143 405 1084 552 1036 532 harbor 0.1950
