567 1248 555 1219 753 1135 765 1163 bridge 0.1682
198 1565 202 1543 272 1554 268 1577 ship 0.3615
923 251 912 224 972 199 984 226 ship 0.1329
353 711 358 688 449 707 444 731 ship 0.1179
173 1046 176 982 330 987 328 1051 harbor 0.7905
836 109 885 75 984 219 934 253 harbor 0.6869
385 490 413 438 569 519 542 571 harbor 0.6515
53 1551 69 1500 268 1561 252 1613 harbor 0.6424
653 356 706 343 725 423 673 436 harbor 0.6329
571 1286 545 1251 729 1117 754 1152 harbor 0.4718
214 1344 228 1317 306 1357 292 1384 harbor 0.4568
341 722 357 685 444 721 428 758 harbor 0.3793
396 765 396 745 438 743 439 763 harbor 0.1016
