2142 416 2198 403 2333 999 2276 1011 bridge 0.1231
90 470 109 468 112 503 94 505 ship 0.1752
87 121 86 103 124 101 125 119 tennis-court 0.1338
2198 393 2253 389 2290 980 2235 983 harbor 0.7900
1283 198 1309 203 1283 341 1256 336 harbor 0.7041
466 137 516 132 549 469 499 473 harbor 0.6878
28 173 74 169 102 510 56 514 harbor 0.6450
355 123 398 118 436 476 393 481 harbor 0.5502
584 143 627 143 628 472 585 472 harbor 0.4639
1629 282 1672 288 1610 794 1567 788 harbor 0.3812
539 124 581 125 568 480 525 479 harbor 0.1262
395 135 446 125 513 482 462 492 harbor 0.1223
85 125 82 106 120 102 122 121 swimming-pool 0.1715
