785 821 793 802 833 819 825 837 small-vehicle 0.4899
172 119 187 113 198 140 184 147 small-vehicle 0.1500
221 1033 244 1031 249 1086 226 1089 small-vehicle 0.1060
785 821 793 802 833 819 825 837 large-vehicle 0.1087
222 1032 245 1032 246 1084 222 1085 ship 0.5763
624 320 613 304 659 272 670 289 ship 0.5646
290 1032 310 1022 331 1065 310 1075 ship 0.4954
270 204 288 187 325 226 307 243 ship 0.4799
364 1050 386 1038 410 1085 387 1096 ship 0.4560
460 569 471 552 513 577 502 595 ship 0.4445
333 811 342 791 383 809 374 829 ship 0.4389
134 802 150 814 126 846 110 834 ship 0.4176
524 471 535 458 563 482 552 495 ship 0.2781
310 1021 325 1012 350 1056 335 1065 ship 0.2196
377 847 386 840 398 856 389 863 ship 0.2176
313 823 319 808 377 835 370 850 ship 0.2076
115 794 130 802 110 840 95 832 ship 0.1810
246 1033 261 1033 263 1086 247 1086 ship 0.1797
28 495 60 437 206 517 173 576 harbor 0.7617
624 315 655 277 740 344 709 383 harbor 0.7308
539 439 597 411 640 500 582 529 harbor 0.7067
446 608 461 578 578 636 562 667 harbor 0.7009
321 830 348 760 521 827 494 897 harbor 0.6658
210 145 244 114 337 217 303 247 harbor 0.6455
53 874 39 857 117 795 130 812 harbor 0.3557
789 42 868 78 815 194 736 158 harbor 0.2477
296 1035 333 1010 385 1089 348 1114 harbor 0.2434
311 820 318 805 379 837 371 852 harbor 0.1240
247 1035 262 1035 262 1086 247 1086 harbor 0.1210
803 58 818 69 783 117 768 107 harbor 0.1191
464 566 511 514 627 621 580 672 harbor 0.1108
