380 504 393 505 393 531 380 531 small-vehicle 0.2116
375 431 373 420 394 416 396 427 small-vehicle 0.1362
378 446 392 446 393 531 379 531 large-vehicle 0.1957
48 414 65 416 52 507 35 505 large-vehicle 0.1863
187 326 267 330 257 513 178 509 tennis-court 0.4535
83 333 162 340 147 504 68 497 tennis-court 0.3959
198 24 276 30 264 180 186 174 tennis-court 0.3825
87 23 168 26 161 209 80 206 tennis-court 0.3245
187 326 267 330 257 513 178 509 basketball-court 0.1294
186 324 265 327 259 515 180 512 soccer-ball-field 0.1669
83 333 162 340 147 504 68 497 soccer-ball-field 0.1201
194 26 269 29 262 221 187 218 soccer-ball-field 0.1084
