407 -11 421 -5 404 36 391 31 bridge 0.1356
312 147 324 153 282 233 270 227 bridge 0.1317
153 944 162 930 192 950 183 964 small-vehicle 0.6504
5 879 13 866 43 885 34 898 small-vehicle 0.6022
288 1034 297 1020 327 1039 318 1053 small-vehicle 0.5445
228 209 243 218 223 250 208 240 small-vehicle 0.4856
827 511 842 520 821 558 805 549 small-vehicle 0.1731
266 1012 275 1003 291 1019 282 1028 small-vehicle 0.1701
272 1051 282 1032 316 1050 306 1069 small-vehicle 0.1010
5 879 13 866 43 885 34 898 large-vehicle 0.1256
601 399 676 442 587 595 512 552 tennis-court 0.9442
515 339 587 386 488 537 416 490 tennis-court 0.9401
341 669 412 714 317 864 246 819 tennis-court 0.9298
442 728 512 776 410 927 339 879 tennis-court 0.9237
239 614 317 659 226 816 149 771 tennis-court 0.9082
701 452 776 499 680 653 604 606 tennis-court 0.9024
418 304 488 340 409 493 339 456 tennis-court 0.8779
565 668 609 681 591 742 546 728 tennis-court 0.1366
421 114 426 95 461 104 457 123 harbor 0.1123
565 666 611 681 592 741 546 727 swimming-pool 0.4567
