793 555 956 592 913 779 749 741 baseball-diamond 0.2247
630 1044 649 1052 635 1089 615 1081 small-vehicle 0.5669
502 1039 507 1024 542 1037 536 1052 small-vehicle 0.4895
276 918 291 922 282 955 267 951 small-vehicle 0.4496
662 1105 668 1086 707 1100 701 1118 small-vehicle 0.4019
334 937 351 943 337 983 320 976 small-vehicle 0.3811
582 1047 600 1038 619 1072 601 1082 small-vehicle 0.3233
662 1105 668 1086 707 1100 701 1118 large-vehicle 0.1800
630 1044 649 1052 635 1089 615 1081 large-vehicle 0.1290
560 223 645 191 710 360 625 393 tennis-court 0.9666
354 628 435 663 364 829 283 794 tennis-court 0.9642
450 267 533 233 602 400 518 434 tennis-court 0.9576
454 670 535 702 469 869 388 837 tennis-court 0.9531
675 177 762 148 817 317 730 346 tennis-court 0.9492
250 588 332 623 260 791 178 756 tennis-court 0.9422
339 303 423 270 491 443 407 476 tennis-court 0.9288
