520 325 536 328 529 366 513 363 small-vehicle 0.2511
568 195 586 194 587 252 568 252 small-vehicle 0.1672
259 398 258 384 290 381 292 396 small-vehicle 0.1321
538 239 556 242 549 289 530 287 small-vehicle 0.1208
211 800 223 803 218 827 206 825 small-vehicle 0.1005
569 194 590 195 585 254 565 253 large-vehicle 0.4132
567 195 586 195 586 253 567 253 ship 0.1503
258 507 338 529 292 695 213 673 tennis-court 0.9835
362 541 442 561 401 724 321 703 tennis-court 0.9832
427 134 506 158 456 325 377 302 tennis-court 0.9712
325 104 404 127 355 293 276 270 tennis-court 0.9695
221 76 301 97 255 269 175 248 tennis-court 0.9648
152 475 229 493 188 662 112 643 tennis-court 0.9400
44 443 117 456 90 607 17 594 tennis-court 0.8668
