717 918 734 925 716 967 699 959 small-vehicle 0.3946
1000 830 1014 843 981 881 967 868 small-vehicle 0.3816
874 464 898 464 899 515 875 515 small-vehicle 0.3414
1010 887 1024 899 994 932 980 920 small-vehicle 0.3220
978 781 991 791 965 826 951 816 small-vehicle 0.3073
636 938 656 943 642 990 623 984 small-vehicle 0.2962
1025 316 1035 301 1064 321 1054 336 small-vehicle 0.2869
670 979 685 985 672 1017 657 1011 small-vehicle 0.2863
919 596 938 592 947 631 928 635 small-vehicle 0.2806
875 722 890 731 867 771 851 762 small-vehicle 0.2555
806 404 819 415 791 449 778 437 small-vehicle 0.2547
861 669 877 678 856 715 840 706 small-vehicle 0.2530
764 910 783 918 765 962 746 955 small-vehicle 0.2519
953 1063 966 1072 947 1099 934 1090 small-vehicle 0.2491
64 625 79 636 55 670 40 660 small-vehicle 0.2430
819 127 831 138 807 166 795 155 small-vehicle 0.2406
966 1085 980 1095 957 1126 943 1116 small-vehicle 0.2287
1040 1023 1054 1034 1027 1068 1013 1057 small-vehicle 0.2270
841 298 831 285 865 259 875 271 small-vehicle 0.2178
1440 1545 1454 1536 1471 1562 1457 1571 small-vehicle 0.2120
1023 1344 1037 1352 1018 1383 1004 1374 small-vehicle 0.2067
1423 273 1417 256 1463 241 1469 258 small-vehicle 0.2059
1065 1503 1080 1514 1055 1549 1039 1538 small-vehicle 0.2042
666 928 684 934 667 982 649 975 small-vehicle 0.1996
1514 190 1526 178 1551 203 1539 216 small-vehicle 0.1994
1488 1531 1502 1521 1523 1551 1509 1560 small-vehicle 0.1984
974 845 963 831 996 806 1007 820 small-vehicle 0.1977
1176 277 1184 262 1214 280 1206 294 small-vehicle 0.1965
1019 950 1030 960 1007 986 996 976 small-vehicle 0.1955
1039 1397 1052 1408 1027 1436 1014 1424 small-vehicle 0.1937
828 506 841 518 811 552 798 541 small-vehicle 0.1921
747 158 759 169 728 204 716 193 small-vehicle 0.1913
830 149 842 159 821 186 809 177 small-vehicle 0.1910
977 1135 991 1144 971 1176 956 1167 small-vehicle 0.1895
739 958 756 963 745 999 728 993 small-vehicle 0.1895
1321 797 1309 784 1341 753 1353 766 small-vehicle 0.1865
1030 973 1043 983 1015 1021 1002 1010 small-vehicle 0.1833
850 229 863 240 833 275 820 263 small-vehicle 0.1782
1490 197 1501 188 1522 212 1511 222 small-vehicle 0.1778
1257 1598 1269 1584 1296 1607 1284 1620 small-vehicle 0.1777
1307 1578 1320 1565 1346 1593 1332 1605 small-vehicle 0.1715
1557 1515 1570 1513 1575 1540 1561 1542 small-vehicle 0.1690
1053 1080 1063 1090 1040 1116 1029 1106 small-vehicle 0.1686
1357 229 1370 219 1391 247 1378 257 small-vehicle 0.1655
79 682 90 692 69 720 57 711 small-vehicle 0.1583
875 793 865 782 894 756 904 767 small-vehicle 0.1546
1522 1522 1536 1516 1549 1545 1535 1551 small-vehicle 0.1477
1040 1147 1030 1134 1063 1110 1073 1124 small-vehicle 0.1362
1143 1473 1156 1481 1133 1518 1119 1510 small-vehicle 0.1331
1574 1512 1585 1504 1601 1527 1590 1535 small-vehicle 0.1295
689 973 704 976 696 1013 680 1009 small-vehicle 0.1254
1467 211 1477 200 1494 215 1484 226 small-vehicle 0.1246
1383 221 1394 211 1416 235 1405 245 small-vehicle 0.1236
1473 1537 1487 1531 1498 1559 1484 1564 small-vehicle 0.1193
79 639 92 651 62 686 49 674 small-vehicle 0.1184
978 322 990 310 1014 335 1002 347 small-vehicle 0.1144
1283 1585 1297 1577 1311 1604 1297 1611 small-vehicle 0.1142
1039 1455 1055 1458 1050 1489 1034 1486 small-vehicle 0.1140
1043 1357 1054 1365 1035 1391 1024 1383 small-vehicle 0.1119
1057 1416 1067 1426 1041 1453 1031 1443 small-vehicle 0.1092
976 1112 987 1122 967 1146 956 1137 small-vehicle 0.1086
840 526 853 538 821 574 807 562 small-vehicle 0.1075
840 658 829 646 862 614 873 626 small-vehicle 0.1043
1589 27 1600 34 1584 64 1572 58 small-vehicle 0.1040
1120 300 1121 283 1153 285 1152 302 small-vehicle 0.1031
640 1079 636 1061 729 1037 734 1055 large-vehicle 0.4429
841 298 831 285 865 259 875 271 large-vehicle 0.1998
850 229 863 240 833 275 820 263 large-vehicle 0.1644
1000 830 1014 843 981 881 967 868 large-vehicle 0.1299
806 404 819 415 791 449 778 437 large-vehicle 0.1053
875 722 890 731 867 771 851 762 large-vehicle 0.1002
875 722 890 731 867 771 851 762 ship 0.1686
1256 1599 1267 1584 1297 1605 1286 1620 ship 0.1634
1307 1578 1320 1565 1346 1593 1332 1605 ship 0.1612
837 526 852 539 817 579 802 566 ship 0.1561
861 669 877 678 856 715 840 706 ship 0.1419
826 508 841 519 813 556 798 545 ship 0.1378
1042 1023 1055 1035 1027 1065 1014 1054 ship 0.1263
1003 830 1016 844 980 881 966 868 ship 0.1260
850 229 863 240 833 275 820 263 ship 0.1255
1029 972 1043 982 1013 1021 999 1010 ship 0.1156
1490 198 1503 188 1522 213 1508 223 ship 0.1128
841 298 831 285 865 259 875 271 ship 0.1035
1053 1080 1063 1090 1040 1116 1029 1106 ship 0.1021
766 1409 840 1384 891 1540 817 1565 tennis-court 0.9849
867 1383 941 1359 992 1515 917 1539 tennis-court 0.9804
669 1428 744 1408 785 1564 710 1584 tennis-court 0.9760
334 513 408 493 452 656 377 676 tennis-court 0.9725
218 548 293 525 341 681 267 704 tennis-court 0.9722
1184 908 1260 887 1303 1045 1226 1066 tennis-court 0.9681
449 492 524 469 572 625 498 648 tennis-court 0.9600
1286 883 1363 864 1403 1021 1326 1040 tennis-court 0.9445
1079 926 1154 907 1192 1063 1117 1081 tennis-court 0.9344
689 654 763 632 809 790 735 812 tennis-court 0.9306
676 1151 749 1132 790 1287 716 1306 tennis-court 0.9193
806 1117 886 1100 920 1263 839 1280 tennis-court 0.9103
601 317 675 295 720 449 646 471 tennis-court 0.9081
111 562 190 542 233 708 154 728 tennis-court 0.8709
311 1478 460 1358 621 1557 472 1677 tennis-court 0.1368
377 51 477 30 512 199 412 220 basketball-court 0.8623
262 77 359 62 387 239 290 255 basketball-court 0.8604
1279 890 1355 864 1408 1017 1331 1043 basketball-court 0.1203
691 656 771 634 816 790 735 812 basketball-court 0.1068
311 1478 460 1358 621 1557 472 1677 basketball-court 0.1030
354 1411 509 1365 574 1582 418 1628 swimming-pool 0.7411
807 1120 889 1104 919 1264 837 1280 swimming-pool 0.1125
