1316 546 1340 547 1332 694 1308 693 bridge 0.1012
1348 312 1361 312 1362 348 1349 349 small-vehicle 0.1415
588 1008 599 1013 582 1047 571 1042 large-vehicle 0.1087
897 407 907 393 948 423 938 437 large-vehicle 0.1043
1348 314 1362 314 1362 350 1347 350 large-vehicle 0.1042
693 326 702 313 738 340 729 352 ship 0.7550
277 758 285 746 323 771 314 783 ship 0.7471
252 796 262 782 303 809 294 823 ship 0.7299
748 350 758 333 810 363 800 381 ship 0.7231
650 510 662 498 699 532 688 545 ship 0.7208
675 930 683 917 719 942 710 954 ship 0.6785
637 413 646 402 679 430 670 441 ship 0.6712
509 619 521 598 609 648 597 669 ship 0.6697
662 800 669 784 729 811 721 828 ship 0.6653
265 775 274 761 317 788 308 801 ship 0.6535
681 349 688 337 726 358 719 370 ship 0.6525
732 690 743 674 790 706 780 722 ship 0.6514
688 457 695 444 732 465 725 478 ship 0.6307
419 757 426 741 470 763 463 779 ship 0.6067
716 711 728 696 773 731 761 746 ship 0.6021
597 603 605 587 659 615 650 631 ship 0.5992
729 389 737 377 768 399 759 411 ship 0.5900
461 820 469 807 508 829 501 842 ship 0.5884
652 390 660 379 692 402 684 413 ship 0.5785
805 914 811 902 841 920 834 931 ship 0.5777
897 407 907 393 948 423 938 437 ship 0.5766
824 877 834 867 860 890 850 900 ship 0.5762
399 788 407 775 443 797 435 810 ship 0.5751
443 849 452 837 491 866 482 879 ship 0.5711
922 376 929 364 964 384 957 396 ship 0.5687
374 827 383 812 425 835 416 850 ship 0.5668
615 451 623 438 658 459 650 472 ship 0.5613
707 887 714 875 745 891 738 904 ship 0.5540
637 544 644 531 682 553 674 567 ship 0.5523
936 359 943 348 977 370 969 381 ship 0.5520
710 308 718 298 746 322 738 332 ship 0.5506
381 937 389 923 430 947 422 960 ship 0.5328
689 760 696 747 752 775 745 788 ship 0.5285
956 323 964 313 993 337 984 347 ship 0.5162
852 843 857 829 892 840 888 854 ship 0.5140
347 871 356 860 387 884 378 895 ship 0.5101
972 299 980 289 1012 316 1004 326 ship 0.5050
727 842 736 829 771 853 762 866 ship 0.5032
1029 338 1036 326 1067 343 1060 355 ship 0.4987
582 920 593 902 652 941 641 959 ship 0.4904
592 486 600 474 632 497 624 509 ship 0.4889
946 333 955 323 983 345 974 356 ship 0.4811
354 860 362 848 396 871 388 883 ship 0.4771
663 387 667 375 701 387 696 398 ship 0.4770
1109 346 1119 330 1171 363 1161 378 ship 0.4720
657 848 664 837 698 858 691 869 ship 0.4676
329 711 334 700 358 711 353 722 ship 0.4447
512 409 519 398 550 419 542 430 ship 0.4424
307 935 315 920 360 943 352 958 ship 0.4394
845 847 850 837 878 853 873 863 ship 0.4201
462 698 469 687 497 704 490 716 ship 0.4191
490 772 497 761 530 785 522 795 ship 0.4159
300 734 306 722 340 738 334 750 ship 0.4108
562 318 569 306 604 328 597 339 ship 0.4082
1048 523 1057 514 1078 537 1070 546 ship 0.4062
879 438 887 427 917 450 908 460 ship 0.4036
831 871 837 859 867 874 861 886 ship 0.3923
562 531 570 519 609 548 600 559 ship 0.3798
1055 306 1061 294 1089 310 1082 322 ship 0.3703
875 803 881 792 911 809 904 820 ship 0.3697
442 719 450 708 483 731 475 742 ship 0.3602
681 504 692 495 715 527 703 535 ship 0.3519
721 280 727 265 762 279 756 293 ship 0.3488
1091 457 1096 447 1120 461 1114 471 ship 0.3337
604 647 609 639 637 658 632 666 ship 0.3310
938 692 946 680 980 703 972 715 ship 0.3066
666 959 672 948 698 964 692 974 ship 0.2729
383 593 390 580 427 599 421 612 ship 0.2539
1073 485 1079 475 1105 491 1099 501 ship 0.2326
947 843 955 848 941 869 932 863 ship 0.2312
590 1008 602 1014 581 1051 570 1044 ship 0.2192
847 519 852 508 884 521 880 533 ship 0.2133
738 831 745 820 773 839 765 849 ship 0.1977
767 396 772 387 792 399 787 408 ship 0.1857
742 823 747 812 779 825 774 837 ship 0.1835
701 426 707 415 743 435 737 446 ship 0.1708
291 742 297 730 326 746 320 757 ship 0.1506
988 268 992 256 1021 267 1017 279 ship 0.1376
1141 365 1200 406 1012 678 953 637 ship 0.1156
1348 430 1362 431 1361 463 1347 463 ship 0.1092
650 403 657 392 689 412 681 424 ship 0.1082
454 715 460 704 487 718 482 729 ship 0.1042
1004 209 1095 258 905 610 813 560 harbor 0.8317
460 671 563 729 375 1068 272 1010 harbor 0.7932
753 626 866 686 688 1020 575 960 harbor 0.7732
354 568 423 607 218 963 149 923 harbor 0.7419
728 228 840 287 637 673 525 613 harbor 0.7261
929 671 991 704 818 1028 756 995 harbor 0.7143
594 194 670 241 451 597 374 550 harbor 0.6938
1147 333 1207 369 1022 676 962 640 harbor 0.6613
382 586 392 576 427 607 417 618 harbor 0.1432
240 739 245 729 273 742 268 751 harbor 0.1285
604 647 609 639 637 658 632 666 harbor 0.1172
767 396 772 387 792 399 787 408 harbor 0.1036
1074 520 1095 500 1128 533 1107 553 harbor 0.1028
874 803 880 791 910 807 904 819 harbor 0.1023
