-10 249 156 260 143 445 -23 433 baseball-diamond 0.6494
432 777 421 764 446 742 457 755 small-vehicle 0.1470
570 193 629 137 748 263 689 319 tennis-court 0.9830
271 463 332 405 460 536 399 595 tennis-court 0.9829
471 277 532 223 654 360 592 414 tennis-court 0.9789
369 367 432 311 554 448 491 504 tennis-court 0.9787
179 551 240 495 361 627 301 683 tennis-court 0.9763
674 89 737 36 853 173 790 227 tennis-court 0.9752
76 645 134 584 265 709 207 770 tennis-court 0.9693
38 335 119 343 100 523 19 515 tennis-court 0.1429
242 -22 480 13 441 269 203 233 soccer-ball-field 0.1056
