302 90 314 71 357 98 345 116 small-vehicle 0.2968
326 141 353 127 378 177 352 191 small-vehicle 0.2884
681 672 694 664 712 694 699 702 small-vehicle 0.2881
250 77 256 58 294 69 289 88 small-vehicle 0.2610
539 514 553 506 573 538 559 546 small-vehicle 0.2336
630 554 647 549 658 583 642 589 small-vehicle 0.2279
561 557 576 549 595 583 580 591 small-vehicle 0.2235
372 64 370 48 403 43 406 59 small-vehicle 0.2223
497 64 490 47 524 34 530 50 small-vehicle 0.2098
788 888 801 882 816 914 802 920 small-vehicle 0.2073
811 944 824 934 845 962 832 972 small-vehicle 0.1788
580 305 595 300 604 332 589 337 small-vehicle 0.1632
600 296 614 288 629 316 615 323 small-vehicle 0.1405
610 516 621 508 641 537 629 545 small-vehicle 0.1273
326 141 353 127 378 177 352 191 large-vehicle 0.1056
181 1413 211 1406 236 1509 206 1516 ship 0.8106
422 1112 408 1082 513 1032 528 1062 ship 0.7880
461 1194 447 1165 545 1118 559 1147 ship 0.7778
341 1440 373 1428 407 1521 375 1532 ship 0.7506
102 467 85 429 199 378 216 417 ship 0.7310
356 1002 341 972 459 911 474 942 ship 0.7034
461 1247 452 1216 577 1179 586 1211 ship 0.6940
66 957 93 950 117 1042 90 1049 ship 0.6806
445 1159 435 1140 481 1114 492 1133 ship 0.6139
170 542 159 522 234 482 244 502 ship 0.5576
499 1111 490 1097 524 1073 534 1086 ship 0.5268
145 395 136 380 173 357 182 372 ship 0.4913
327 795 316 779 361 750 372 767 ship 0.4716
590 1472 579 1452 631 1421 643 1441 ship 0.4425
108 340 100 323 140 304 148 321 ship 0.4151
248 481 260 474 278 502 266 510 ship 0.3614
188 1210 252 1195 276 1298 212 1313 ship 0.3557
497 1272 490 1257 530 1240 536 1255 ship 0.3494
230 603 223 585 273 564 280 582 ship 0.3383
137 527 126 504 233 453 243 476 ship 0.3304
344 956 333 940 369 913 381 929 ship 0.3229
280 682 275 661 322 650 327 671 ship 0.3185
193 451 184 439 217 415 226 427 ship 0.2984
564 1319 556 1299 609 1277 617 1297 ship 0.2859
89 1047 99 1037 123 1063 113 1073 ship 0.2835
410 1034 403 1014 455 994 463 1013 ship 0.2796
537 1119 551 1114 560 1146 547 1150 ship 0.1909
79 291 64 271 112 235 127 256 ship 0.1628
94 415 86 400 127 380 135 395 ship 0.1391
241 510 247 499 270 512 264 523 ship 0.1325
121 483 111 465 151 444 161 462 ship 0.1313
567 1125 555 1112 588 1082 600 1095 ship 0.1028
23 292 11 269 116 218 128 241 ship 0.1001
745 469 723 404 870 354 892 418 tennis-court 0.1598
530 1344 515 1280 667 1243 682 1307 harbor 0.7689
323 927 292 848 436 792 467 871 harbor 0.7239
31 317 8 248 165 195 188 264 harbor 0.7023
152 555 129 489 298 430 322 496 harbor 0.6835
406 1077 374 1031 507 940 538 985 harbor 0.6575
283 832 248 765 387 691 423 757 harbor 0.6145
460 1260 443 1208 624 1150 641 1202 harbor 0.6097
364 1005 341 965 492 876 515 916 harbor 0.4958
593 1411 737 1392 762 1587 617 1605 harbor 0.4855
247 710 232 652 344 623 359 681 harbor 0.3692
77 447 113 336 280 389 245 500 harbor 0.3540
228 671 174 614 283 512 337 569 harbor 0.3462
467 1204 439 1161 571 1076 599 1119 harbor 0.2955
107 394 78 356 183 276 212 314 harbor 0.2680
174 1230 238 1197 283 1284 218 1317 harbor 0.1916
420 1125 398 1085 538 1007 560 1046 harbor 0.1894
47 333 38 318 131 264 140 280 harbor 0.1668
202 387 193 373 240 341 249 355 harbor 0.1257
266 782 260 769 333 733 340 746 harbor 0.1247
154 177 188 158 232 236 198 255 harbor 0.1246
181 607 172 591 233 558 241 573 harbor 0.1171
567 1125 555 1112 588 1082 600 1095 harbor 0.1153
632 279 646 272 661 303 647 310 swimming-pool 0.1199
