143 263 190 275 173 346 125 335 plane 0.1028
781 1091 789 1076 818 1092 811 1106 small-vehicle 0.3127
484 1048 503 1058 483 1098 464 1089 small-vehicle 0.2846
145 748 154 730 192 750 183 768 small-vehicle 0.2698
48 828 67 837 49 873 30 864 small-vehicle 0.2627
243 643 259 654 236 685 221 675 small-vehicle 0.2569
357 846 367 831 401 852 391 868 small-vehicle 0.2551
252 805 261 789 295 806 287 822 small-vehicle 0.2321
692 1036 703 1023 733 1047 723 1060 small-vehicle 0.1788
391 881 403 859 446 883 434 904 small-vehicle 0.1666
182 783 184 758 232 762 229 787 small-vehicle 0.1503
167 1042 183 1047 171 1090 155 1086 small-vehicle 0.1043
659 970 691 961 715 1044 683 1054 large-vehicle 0.1167
515 360 539 373 499 446 475 433 ship 0.6659
457 294 489 310 445 397 413 381 ship 0.6057
209 185 236 205 188 270 161 250 ship 0.5392
1348 898 1368 910 1331 974 1311 962 ship 0.4698
1147 750 1168 757 1148 814 1127 806 ship 0.4643
1319 894 1336 905 1310 949 1293 939 ship 0.4155
495 346 514 359 484 401 465 388 ship 0.4098
322 375 329 362 358 376 351 389 ship 0.4035
373 324 390 334 366 376 348 366 ship 0.3825
1153 817 1166 823 1152 855 1139 849 ship 0.3635
1106 777 1122 785 1101 825 1085 816 ship 0.3557
829 601 846 610 822 655 806 647 ship 0.3367
1489 1026 1507 1036 1478 1082 1461 1072 ship 0.3360
1032 687 1052 695 1032 745 1012 737 ship 0.3286
889 642 910 653 885 703 864 692 ship 0.3265
1078 772 1095 780 1075 824 1058 816 ship 0.3175
1047 819 1074 833 1039 897 1012 883 ship 0.3091
1177 770 1194 779 1174 817 1157 808 ship 0.2985
618 442 639 455 606 511 585 499 ship 0.2575
123 133 143 142 123 185 103 175 ship 0.2297
654 519 671 528 650 571 633 562 ship 0.2199
1581 1039 1603 1051 1575 1103 1553 1091 ship 0.2059
7 43 20 53 -2 82 -15 72 ship 0.2038
698 474 713 486 685 523 669 512 ship 0.1959
247 240 266 244 250 308 231 303 ship 0.1760
1129 801 1148 812 1123 857 1103 846 ship 0.1384
3 138 13 143 2 166 -8 160 ship 0.1234
1219 791 1278 827 1196 965 1136 930 ship 0.1211
309 286 327 290 315 342 296 338 ship 0.1136
147 261 188 275 164 344 123 329 ship 0.1127
603 410 666 436 591 614 529 588 tennis-court 0.3054
1219 791 1278 827 1196 965 1136 930 tennis-court 0.1805
879 581 941 615 853 776 791 742 tennis-court 0.1421
1016 673 1068 696 996 857 943 833 tennis-court 0.1346
715 468 788 522 675 676 602 623 tennis-court 0.1202
961 644 1013 671 935 821 883 794 tennis-court 0.1195
143 263 190 275 173 346 125 335 tennis-court 0.1062
114 124 188 166 111 301 37 259 tennis-court 0.1059
962 647 1012 672 934 824 884 798 harbor 0.7522
703 468 784 516 689 674 609 626 harbor 0.7482
609 413 672 444 591 608 529 577 harbor 0.7285
1417 906 1476 949 1359 1108 1300 1065 harbor 0.7156
129 123 198 174 95 314 26 263 harbor 0.7050
1135 736 1195 764 1119 925 1059 897 harbor 0.6923
300 249 356 275 287 422 231 395 harbor 0.6880
1262 849 1342 860 1319 1032 1239 1021 harbor 0.6501
886 577 947 616 841 782 779 743 harbor 0.6423
1109 717 1151 746 1040 905 998 876 harbor 0.6019
187 171 242 200 159 354 105 325 harbor 0.5992
439 298 498 319 428 520 368 499 harbor 0.5606
822 545 876 598 749 727 695 674 harbor 0.5294
260 210 307 237 218 395 171 368 harbor 0.5270
1016 673 1068 696 996 857 943 833 harbor 0.5195
558 384 593 404 500 563 465 543 harbor 0.4645
373 278 421 308 327 456 279 426 harbor 0.4414
1193 777 1300 805 1250 993 1144 965 harbor 0.4297
513 330 556 356 441 543 398 517 harbor 0.3362
1581 1002 1632 1021 1603 1105 1551 1087 harbor 0.2551
1513 969 1558 1003 1483 1103 1438 1069 harbor 0.2033
73 233 86 216 124 245 111 262 harbor 0.1239
1579 1004 1594 1015 1543 1081 1529 1069 harbor 0.1047
1208 1039 1223 1014 1293 1056 1278 1081 swimming-pool 0.3881
143 263 190 275 173 346 125 335 helicopter 0.1417
