868 30 881 17 914 48 901 62 small-vehicle 0.1477
2042 707 2045 685 2091 690 2089 712 small-vehicle 0.1308
1138 170 1154 155 1187 190 1171 205 small-vehicle 0.1169
197 353 231 311 415 456 381 499 ship 0.7785
991 654 1032 679 945 825 904 801 ship 0.6756
558 352 611 377 528 550 475 525 ship 0.6452
1783 1183 1821 1187 1808 1329 1769 1325 ship 0.6433
736 556 775 576 722 679 683 659 ship 0.5825
671 442 709 464 623 611 586 588 ship 0.5574
1020 746 1039 755 1017 802 998 793 ship 0.5085
1036 814 1056 827 1025 875 1005 862 ship 0.4992
348 345 364 329 405 369 389 385 ship 0.4846
624 411 640 420 612 473 595 464 ship 0.4646
1067 833 1085 846 1057 886 1039 873 ship 0.4497
717 480 737 492 708 538 688 525 ship 0.3644
552 543 534 524 582 479 600 498 ship 0.3111
389 325 401 315 429 347 418 358 ship 0.2902
1236 948 1257 964 1217 1018 1196 1002 ship 0.2347
1677 1224 1699 1236 1670 1290 1648 1278 ship 0.2303
1858 1222 1877 1224 1869 1299 1850 1297 ship 0.2064
1174 891 1189 899 1168 937 1153 928 ship 0.1866
137 59 155 52 169 92 151 98 ship 0.1682
478 504 493 495 516 532 502 541 ship 0.1620
916 695 936 704 915 754 895 745 ship 0.1616
1137 171 1153 154 1188 188 1172 204 ship 0.1525
320 363 335 347 398 406 384 422 ship 0.1515
1099 856 1116 870 1068 926 1051 912 ship 0.1367
1123 876 1140 893 1102 933 1085 916 ship 0.1350
1948 136 1966 142 1952 183 1933 176 ship 0.1312
1154 887 1174 903 1111 983 1091 967 ship 0.1288
983 777 997 787 964 836 949 826 ship 0.1237
2044 706 2048 684 2092 691 2089 714 ship 0.1196
871 33 882 20 914 46 902 60 ship 0.1105
1732 -16 1754 -11 1741 40 1719 34 ship 0.1087
803 559 824 575 732 692 711 675 ship 0.1030
1647 1106 1747 1129 1705 1311 1605 1288 harbor 0.7981
1290 813 1374 864 1252 1064 1168 1013 harbor 0.7110
1944 1163 1968 1162 1970 1309 1946 1309 harbor 0.6787
1063 712 1193 747 1138 955 1007 920 harbor 0.5913
1804 -3 1828 15 1769 88 1746 69 harbor 0.5814
714 492 886 506 868 730 696 716 harbor 0.5550
1363 925 1447 969 1361 1136 1277 1093 harbor 0.5541
685 419 745 465 627 617 567 571 harbor 0.5399
1472 938 1588 1006 1466 1211 1350 1143 harbor 0.5261
2103 131 2136 149 2066 273 2033 254 harbor 0.5049
190 104 298 75 342 235 234 264 harbor 0.4765
322 281 398 186 552 310 476 404 harbor 0.4082
203 382 253 297 451 413 401 498 harbor 0.4072
1787 1175 1839 1181 1820 1327 1769 1320 harbor 0.3803
2000 229 1931 152 2029 63 2099 140 harbor 0.3706
1977 29 1999 49 1914 142 1892 122 harbor 0.3670
565 335 621 361 535 547 479 521 harbor 0.3472
991 654 1049 699 947 831 889 786 harbor 0.2949
1928 -4 1943 7 1872 105 1856 94 harbor 0.2473
1858 1222 1877 1224 1869 1299 1850 1297 harbor 0.2421
1154 887 1174 903 1111 983 1091 967 harbor 0.2057
137 69 156 61 242 244 223 252 harbor 0.2032
1728 1106 1750 1116 1719 1184 1697 1174 harbor 0.1490
1744 -9 1757 0 1731 35 1718 26 harbor 0.1364
1219 745 1304 801 1165 1011 1080 955 harbor 0.1348
991 605 1011 617 964 688 945 676 harbor 0.1347
1054 699 1067 710 1032 749 1020 738 harbor 0.1344
1953 133 1970 142 1950 181 1933 172 harbor 0.1304
617 383 676 424 572 574 513 533 harbor 0.1292
1850 1179 1906 1159 1957 1299 1902 1319 harbor 0.1250
1212 741 1228 750 1186 821 1170 811 harbor 0.1154
1842 1159 1859 1161 1855 1199 1838 1197 harbor 0.1147
1844 1207 1862 1210 1854 1259 1836 1256 harbor 0.1130
673 433 704 402 749 448 718 479 harbor 0.1113
1630 1207 1651 1215 1623 1285 1602 1276 harbor 0.1070
1185 887 1196 899 1160 935 1148 924 harbor 0.1029
1987 447 2032 397 2110 467 2066 517 swimming-pool 0.3864
1835 159 1880 179 1850 246 1806 227 swimming-pool 0.3589
2070 1026 2129 1025 2130 1150 2071 1151 swimming-pool 0.2856
