2562 125 2570 109 2606 128 2598 143 large-vehicle 0.1186
1791 629 1820 629 1819 712 1790 711 ship 0.6606
1873 633 1900 630 1905 699 1878 701 ship 0.6047
1465 464 1467 439 1544 447 1542 472 ship 0.5167
1471 518 1471 494 1539 495 1539 520 ship 0.4973
1838 607 1842 587 1893 596 1889 617 ship 0.4834
3025 773 3030 745 3099 757 3094 784 ship 0.4790
1507 374 1510 352 1563 359 1561 381 ship 0.4753
1495 581 1493 558 1555 554 1556 576 ship 0.4737
2755 671 2784 676 2770 756 2740 751 ship 0.4683
1624 626 1652 622 1665 702 1636 707 ship 0.4653
1970 571 1969 549 2021 545 2022 567 ship 0.4562
2808 696 2828 700 2819 755 2799 752 ship 0.4464
1505 637 1508 618 1552 625 1549 644 ship 0.4451
1340 641 1363 635 1379 692 1357 698 ship 0.4373
1807 602 1816 584 1863 609 1853 627 ship 0.4355
1965 619 1963 597 2016 592 2018 614 ship 0.4355
1845 629 1873 627 1877 705 1849 706 ship 0.4294
1509 625 1508 608 1548 605 1550 622 ship 0.4271
1671 608 1675 586 1729 597 1724 619 ship 0.4249
1625 496 1624 473 1672 471 1673 494 ship 0.4160
1785 548 1783 526 1826 523 1828 544 ship 0.4139
2876 754 2887 727 2965 759 2954 786 ship 0.4093
1468 338 1467 321 1509 319 1510 337 ship 0.4069
1671 640 1693 632 1714 696 1692 703 ship 0.4034
1969 497 1970 475 2021 476 2020 499 ship 0.3956
1969 518 1967 496 2019 493 2020 515 ship 0.3954
1786 572 1785 549 1827 547 1828 570 ship 0.3940
1466 418 1466 399 1510 398 1510 416 ship 0.3922
1478 598 1476 578 1526 572 1529 592 ship 0.3835
2142 746 2143 722 2200 722 2200 746 ship 0.3822
1627 341 1627 319 1674 320 1674 342 ship 0.3801
1672 619 1681 601 1725 625 1716 642 ship 0.3763
1842 496 1845 475 1896 483 1892 504 ship 0.3746
1972 393 1969 370 2023 363 2026 386 ship 0.3737
1994 661 2019 657 2028 719 2003 723 ship 0.3729
1973 550 1971 529 2017 526 2019 546 ship 0.3701
1971 470 1971 449 2019 447 2020 469 ship 0.3686
1614 572 1617 549 1660 554 1658 577 ship 0.3676
1968 595 1967 575 2012 571 2014 592 ship 0.3649
1454 655 1477 646 1496 696 1473 705 ship 0.3624
1675 580 1679 561 1726 570 1722 589 ship 0.3619
1464 392 1468 374 1513 383 1509 401 ship 0.3597
2057 675 2080 669 2097 732 2074 739 ship 0.3584
1621 367 1624 346 1670 352 1668 373 ship 0.3581
1501 652 1510 634 1552 654 1543 672 ship 0.3570
2047 526 2044 508 2090 500 2094 518 ship 0.3509
1852 438 1855 418 1904 427 1900 447 ship 0.3488
1495 665 1512 651 1547 693 1530 707 ship 0.3441
1962 643 1960 621 2012 616 2014 638 ship 0.3420
1687 361 1687 344 1734 343 1734 360 ship 0.3414
1792 468 1793 448 1835 450 1834 470 ship 0.3409
1635 287 1629 269 1669 257 1675 275 ship 0.3404
1860 363 1868 351 1895 368 1888 381 ship 0.3392
3028 733 3032 707 3102 719 3098 745 ship 0.3383
1281 631 1305 630 1308 694 1284 695 ship 0.3380
1841 520 1843 499 1895 503 1893 524 ship 0.3341
1658 415 1664 398 1704 413 1697 430 ship 0.3326
1687 412 1694 394 1737 410 1730 428 ship 0.3320
1969 438 1973 417 2023 428 2018 449 ship 0.3305
1617 392 1618 372 1664 375 1663 395 ship 0.3244
2151 699 2153 676 2207 681 2205 704 ship 0.3238
1796 363 1795 343 1839 343 1839 362 ship 0.3238
1856 390 1861 373 1905 384 1901 401 ship 0.3222
565 665 569 638 644 648 640 675 ship 0.3218
1843 550 1843 528 1897 528 1897 550 ship 0.3167
1854 414 1858 395 1905 405 1901 423 ship 0.3167
1619 608 1631 592 1661 614 1649 630 ship 0.3135
1496 278 1503 258 1557 278 1550 297 ship 0.3127
1468 322 1467 306 1510 305 1510 321 ship 0.3116
1470 490 1470 467 1535 469 1535 492 ship 0.3103
1846 473 1848 452 1895 457 1893 477 ship 0.3099
2474 747 2481 725 2548 744 2542 767 ship 0.3095
1474 621 1473 601 1519 598 1520 618 ship 0.3094
1686 342 1687 326 1736 327 1736 344 ship 0.3083
1466 238 1465 222 1505 221 1506 238 ship 0.3070
1615 420 1614 398 1661 396 1662 418 ship 0.3069
1798 598 1797 578 1845 575 1846 595 ship 0.3050
1455 640 1460 618 1504 627 1499 650 ship 0.3027
1812 305 1805 288 1839 273 1847 290 ship 0.3026
1622 515 1624 493 1669 497 1667 519 ship 0.3020
1797 387 1798 367 1841 370 1840 389 ship 0.2981
1979 346 1973 323 2023 311 2029 334 ship 0.2977
1785 522 1788 500 1836 507 1834 529 ship 0.2977
1800 348 1796 329 1838 322 1841 341 ship 0.2949
331 643 341 619 422 652 412 676 ship 0.2940
1480 543 1478 521 1533 515 1535 537 ship 0.2934
1658 434 1666 418 1702 437 1694 453 ship 0.2924
1618 548 1618 527 1661 528 1660 550 ship 0.2924
1624 471 1621 450 1663 444 1665 465 ship 0.2907
1859 328 1867 316 1892 333 1884 344 ship 0.2897
1501 447 1504 429 1549 435 1546 453 ship 0.2893
1307 639 1328 638 1331 696 1310 697 ship 0.2886
1498 353 1499 334 1551 339 1550 358 ship 0.2876
2054 593 2053 573 2088 571 2089 590 ship 0.2837
1628 309 1627 289 1671 288 1672 307 ship 0.2805
1791 445 1791 426 1832 428 1831 447 ship 0.2804
1466 365 1466 346 1511 345 1512 364 ship 0.2786
1799 414 1801 395 1845 398 1843 417 ship 0.2778
2051 573 2048 554 2088 549 2090 568 ship 0.2759
2925 728 2933 715 2967 738 2958 750 ship 0.2748
2154 668 2161 648 2206 663 2199 683 ship 0.2725
2589 736 2602 713 2646 737 2633 760 ship 0.2720
2327 744 2329 721 2396 727 2394 750 ship 0.2710
1971 409 1974 389 2022 396 2020 416 ship 0.2710
1688 315 1689 300 1728 303 1727 318 ship 0.2703
655 658 662 633 737 654 730 678 ship 0.2675
2049 545 2045 527 2088 519 2091 537 ship 0.2675
2453 716 2464 704 2485 723 2474 735 ship 0.2670
1688 470 1693 454 1734 467 1728 483 ship 0.2661
1680 553 1682 536 1723 543 1720 560 ship 0.2651
270 625 288 608 334 656 316 673 ship 0.2637
1839 570 1842 547 1895 553 1892 577 ship 0.2629
2045 503 2045 485 2095 484 2095 502 ship 0.2622
306 613 328 601 360 663 338 675 ship 0.2620
2050 613 2053 592 2086 598 2083 618 ship 0.2613
1617 440 1615 420 1660 415 1662 436 ship 0.2611
2652 690 2669 679 2697 726 2681 736 ship 0.2592
2651 721 2667 708 2701 750 2685 763 ship 0.2589
1689 483 1696 469 1734 488 1727 502 ship 0.2572
1467 265 1465 247 1507 242 1509 260 ship 0.2572
2021 665 2043 665 2043 716 2021 716 ship 0.2552
2028 588 2029 572 2056 573 2055 590 ship 0.2499
1691 292 1693 277 1725 281 1724 296 ship 0.2493
1478 669 1497 659 1517 700 1499 709 ship 0.2462
1463 279 1463 262 1505 262 1505 279 ship 0.2437
2790 683 2812 686 2803 747 2781 743 ship 0.2435
1360 486 1363 470 1400 477 1397 493 ship 0.2397
1494 307 1498 290 1546 302 1543 318 ship 0.2397
2029 568 2027 552 2056 549 2057 565 ship 0.2395
1469 443 1468 424 1513 422 1514 441 ship 0.2388
1795 492 1795 473 1838 474 1838 493 ship 0.2388
2157 559 2167 547 2189 567 2179 578 ship 0.2378
876 675 877 652 937 653 937 677 ship 0.2338
1514 295 1519 281 1559 297 1553 311 ship 0.2333
2149 588 2149 569 2188 571 2187 590 ship 0.2329
1857 289 1863 276 1894 291 1887 304 ship 0.2325
3052 718 3048 701 3086 692 3090 710 ship 0.2321
1651 469 1656 453 1695 466 1690 482 ship 0.2314
2157 720 2157 702 2202 702 2202 720 ship 0.2276
1692 394 1692 379 1728 378 1728 393 ship 0.2266
2022 614 2026 597 2054 605 2049 621 ship 0.2259
2155 527 2157 510 2190 515 2187 532 ship 0.2247
1842 309 1844 291 1887 295 1886 314 ship 0.2243
1520 250 1525 235 1563 248 1558 263 ship 0.2235
1362 503 1364 488 1396 493 1394 508 ship 0.2221
2462 710 2470 697 2492 710 2484 723 ship 0.2186
2930 746 2938 732 2973 753 2965 767 ship 0.2178
1955 652 1969 636 2000 663 1986 679 ship 0.2165
2655 678 2666 667 2696 695 2685 706 ship 0.2164
1358 410 1363 395 1399 407 1394 422 ship 0.2158
1222 648 1242 646 1247 690 1227 692 ship 0.2153
1360 602 1370 588 1398 607 1388 622 ship 0.2146
2931 721 2934 709 2963 715 2960 728 ship 0.2132
2053 480 2054 462 2091 464 2090 482 ship 0.2128
1797 314 1798 298 1822 301 1820 317 ship 0.2100
2306 687 2314 666 2373 687 2366 708 ship 0.2094
1465 570 1465 551 1506 551 1506 570 ship 0.2088
2161 650 2161 633 2194 633 2194 650 ship 0.2084
1357 431 1361 417 1393 426 1390 440 ship 0.2055
1503 417 1506 399 1553 406 1550 424 ship 0.2053
1759 231 1761 215 1807 221 1805 237 ship 0.2034
1359 590 1365 575 1397 588 1391 602 ship 0.2017
2143 541 2150 525 2174 535 2167 551 ship 0.1989
1683 506 1690 492 1728 509 1721 524 ship 0.1987
393 635 408 625 431 661 416 671 ship 0.1971
1538 241 1544 229 1567 240 1562 252 ship 0.1962
1359 542 1362 527 1393 534 1390 549 ship 0.1962
1014 652 1030 640 1061 680 1045 693 ship 0.1953
2608 691 2626 678 2658 725 2639 737 ship 0.1921
1361 325 1366 310 1405 322 1400 338 ship 0.1907
1363 396 1365 381 1398 386 1396 401 ship 0.1905
2593 769 2598 745 2646 755 2641 778 ship 0.1897
2480 717 2488 699 2542 723 2533 742 ship 0.1882
2046 663 2064 660 2069 694 2051 696 ship 0.1878
2019 634 2028 623 2047 637 2039 649 ship 0.1878
2312 655 2322 634 2362 654 2352 674 ship 0.1846
1466 214 1467 197 1511 199 1510 216 ship 0.1832
2494 676 2503 661 2542 684 2534 699 ship 0.1817
2464 693 2470 681 2491 691 2485 703 ship 0.1816
1510 224 1512 208 1552 214 1549 230 ship 0.1803
2221 -71 2481 -125 2649 691 2389 745 ship 0.1802
1358 559 1363 545 1393 556 1388 570 ship 0.1790
2459 679 2466 661 2502 675 2496 693 ship 0.1743
2018 471 2018 456 2050 456 2050 471 ship 0.1723
1460 226 1459 213 1484 211 1486 224 ship 0.1715
2319 717 2327 702 2359 720 2351 735 ship 0.1713
1457 195 1459 177 1503 184 1500 201 ship 0.1693
1823 652 1843 656 1833 714 1813 711 ship 0.1687
2826 708 2843 713 2832 753 2815 749 ship 0.1632
1357 617 1371 606 1391 633 1377 644 ship 0.1630
2048 626 2057 613 2076 628 2067 640 ship 0.1616
1585 208 1587 194 1617 197 1615 211 ship 0.1605
1984 316 1982 294 2025 289 2027 311 ship 0.1598
2625 678 2641 667 2666 704 2650 715 ship 0.1589
2155 609 2154 591 2187 590 2188 607 ship 0.1566
1365 357 1369 342 1400 349 1396 364 ship 0.1565
2052 446 2058 430 2084 440 2078 455 ship 0.1521
2510 668 2517 654 2547 671 2541 684 ship 0.1515
2135 606 2141 590 2163 599 2157 615 ship 0.1507
1661 663 1683 662 1683 711 1662 711 ship 0.1489
2356 689 2363 674 2402 693 2394 708 ship 0.1483
1548 212 1553 201 1576 212 1571 223 ship 0.1469
1866 280 1869 268 1898 274 1895 287 ship 0.1437
1966 669 1989 666 1996 709 1972 713 ship 0.1433
2110 684 2120 668 2151 686 2142 702 ship 0.1409
2189 639 2200 632 2214 652 2203 660 ship 0.1399
1697 268 1697 254 1728 254 1728 268 ship 0.1396
2166 620 2173 608 2195 620 2189 632 ship 0.1384
2716 685 2736 684 2738 740 2717 741 ship 0.1383
477 776 478 754 529 755 528 777 ship 0.1372
1777 605 1793 586 1827 615 1810 634 ship 0.1369
2137 515 2146 503 2165 515 2156 528 ship 0.1366
1340 601 1352 591 1368 611 1356 621 ship 0.1340
1390 484 1397 474 1416 487 1408 497 ship 0.1337
1467 185 1467 169 1503 169 1503 184 ship 0.1319
2883 724 2891 707 2928 723 2921 740 ship 0.1316
245 629 263 617 286 654 268 665 ship 0.1298
965 641 981 626 1026 676 1010 691 ship 0.1296
2351 716 2357 700 2401 716 2395 731 ship 0.1292
2157 494 2167 481 2191 500 2181 512 ship 0.1292
2385 709 2394 701 2409 718 2400 726 ship 0.1291
2505 775 2509 755 2548 763 2544 783 ship 0.1290
1249 629 1268 628 1271 667 1251 669 ship 0.1284
2505 711 2511 698 2544 712 2538 726 ship 0.1268
1392 500 1400 490 1416 502 1408 512 ship 0.1255
2387 727 2395 718 2412 733 2404 742 ship 0.1237
1605 330 1608 316 1631 320 1628 335 ship 0.1233
1370 280 1374 266 1405 274 1400 288 ship 0.1233
1962 368 1963 348 1996 349 1995 369 ship 0.1231
2648 765 2657 748 2692 767 2682 784 ship 0.1227
322 595 336 584 365 620 351 632 ship 0.1218
1260 672 1276 667 1284 698 1268 702 ship 0.1213
1543 275 1550 264 1573 279 1566 290 ship 0.1204
938 650 951 633 1001 671 988 688 ship 0.1187
2388 689 2397 680 2412 696 2403 704 ship 0.1179
1550 297 1556 287 1574 299 1568 309 ship 0.1165
3075 747 3086 729 3121 750 3110 767 ship 0.1151
609 622 629 610 666 670 646 683 ship 0.1139
3050 669 3050 650 3085 650 3085 669 ship 0.1127
2115 660 2121 645 2147 655 2141 670 ship 0.1126
2010 364 2013 349 2048 355 2045 371 ship 0.1125
1700 249 1703 236 1735 243 1732 256 ship 0.1102
1544 335 1549 325 1568 334 1564 344 ship 0.1101
342 567 349 557 372 573 365 584 ship 0.1100
1721 226 1726 212 1765 226 1760 240 ship 0.1095
1840 277 1841 264 1868 266 1867 279 ship 0.1095
2642 667 2646 654 2666 661 2662 673 ship 0.1092
2123 635 2127 621 2149 627 2145 641 ship 0.1090
1393 385 1401 375 1417 387 1410 397 ship 0.1084
2075 672 2092 666 2107 705 2090 712 ship 0.1074
1602 303 1605 289 1628 293 1625 308 ship 0.1055
808 552 804 537 832 530 835 546 ship 0.1052
1376 266 1380 250 1413 259 1409 274 ship 0.1050
1791 258 1791 242 1830 243 1830 258 ship 0.1046
2053 398 2058 386 2077 394 2072 406 ship 0.1043
2084 612 2093 599 2111 611 2103 624 ship 0.1033
2298 693 2312 679 2336 701 2322 716 ship 0.1031
1395 351 1402 341 1419 354 1412 363 ship 0.1028
2660 671 2665 659 2684 667 2679 678 ship 0.1025
1790 284 1788 268 1816 265 1818 281 ship 0.1025
1393 465 1400 455 1417 466 1410 476 ship 0.1012
1413 249 1580 213 1690 720 1523 756 harbor 0.4468
1744 226 1886 214 1932 749 1791 761 harbor 0.3380
1922 248 2070 209 2197 688 2049 727 harbor 0.2141
1301 338 1414 296 1574 721 1461 763 harbor 0.1616
2422 752 2430 621 2848 646 2841 777 harbor 0.1551
958 608 982 609 980 679 955 679 harbor 0.1336
1620 188 1741 171 1818 706 1697 724 harbor 0.1181
2598 422 2597 394 2650 393 2651 421 swimming-pool 0.3494
1610 24 1632 16 1650 60 1628 68 swimming-pool 0.1308
2601 369 2600 345 2650 344 2651 368 swimming-pool 0.1244
2565 397 2577 380 2603 399 2590 416 swimming-pool 0.1217
2581 440 2588 421 2620 433 2613 452 swimming-pool 0.1103
