1545 585 1614 586 1610 952 1541 951 bridge 0.1030
1218 630 1221 610 1274 620 1270 639 ship 0.9030
1238 510 1242 491 1298 502 1294 521 ship 0.8861
1203 731 1206 711 1269 720 1266 740 ship 0.8782
1202 704 1204 685 1258 691 1256 709 ship 0.8664
1031 612 1035 593 1089 604 1085 623 ship 0.8556
1209 680 1211 660 1268 665 1266 685 ship 0.8484
1243 486 1247 468 1303 480 1299 499 ship 0.8452
1019 680 1024 663 1070 675 1065 692 ship 0.8366
1181 516 1185 500 1226 509 1222 525 ship 0.8252
1250 442 1253 421 1310 431 1306 452 ship 0.8244
1069 405 1073 386 1126 397 1122 416 ship 0.8198
1038 590 1041 571 1092 579 1089 598 ship 0.8173
1255 419 1258 399 1314 411 1310 430 ship 0.8167
1225 583 1228 563 1284 570 1282 589 ship 0.8162
1045 517 1049 499 1103 511 1099 529 ship 0.8157
1216 655 1218 636 1268 641 1266 660 ship 0.8149
1411 595 1414 571 1493 581 1491 604 ship 0.8143
1194 396 1200 377 1251 394 1245 412 ship 0.8122
1163 603 1168 586 1214 598 1210 615 ship 0.8110
1014 702 1021 683 1070 700 1064 719 ship 0.8065
958 704 964 687 1007 702 1001 719 ship 0.8057
1168 559 1171 541 1221 552 1217 570 ship 0.7995
1227 607 1230 588 1276 596 1273 614 ship 0.7971
713 299 719 279 777 296 771 315 ship 0.7901
706 407 711 391 756 406 751 422 ship 0.7888
896 481 899 463 944 470 941 488 ship 0.7888
1060 449 1064 432 1112 442 1109 460 ship 0.7884
1252 465 1254 448 1302 455 1300 472 ship 0.7847
1143 699 1146 680 1196 688 1193 707 ship 0.7840
1175 493 1178 474 1230 483 1227 501 ship 0.7824
1263 396 1267 375 1320 386 1316 406 ship 0.7822
904 440 907 422 954 429 951 447 ship 0.7794
1191 419 1196 401 1247 414 1242 433 ship 0.7724
756 447 761 430 802 442 797 459 ship 0.7721
865 627 867 609 914 615 911 634 ship 0.7693
703 430 708 413 754 427 749 444 ship 0.7658
1014 727 1019 710 1059 723 1053 740 ship 0.7639
879 561 883 544 926 552 923 569 ship 0.7631
597 377 597 360 640 360 640 377 ship 0.7594
984 577 988 561 1030 572 1026 587 ship 0.7560
1181 466 1186 447 1237 461 1232 479 ship 0.7553
425 306 424 285 493 282 494 304 ship 0.7541
1189 445 1195 427 1244 441 1238 460 ship 0.7489
1043 564 1045 548 1090 555 1087 572 ship 0.7478
1034 640 1036 622 1086 626 1085 644 ship 0.7478
908 393 913 374 958 385 954 404 ship 0.7426
1553 611 1552 587 1623 584 1624 608 ship 0.7426
537 296 536 275 612 272 613 292 ship 0.7420
1000 471 1004 456 1047 467 1042 482 ship 0.7416
1203 374 1208 355 1261 369 1256 388 ship 0.7411
952 725 958 709 1002 724 996 741 ship 0.7386
864 671 867 655 908 661 905 677 ship 0.7380
1057 471 1061 453 1107 465 1103 483 ship 0.7374
1237 535 1240 516 1292 525 1289 544 ship 0.7362
709 324 714 305 769 318 765 337 ship 0.7335
1148 669 1153 653 1198 665 1194 681 ship 0.7330
1231 559 1234 540 1295 549 1292 568 ship 0.7309
1033 327 1038 304 1101 318 1096 341 ship 0.7296
1017 393 1020 377 1060 384 1058 400 ship 0.7268
591 339 590 320 644 318 645 337 ship 0.7176
1080 363 1083 342 1140 351 1136 372 ship 0.7157
764 413 767 397 806 405 803 421 ship 0.7136
890 278 895 255 966 270 961 294 ship 0.7120
967 666 970 649 1014 658 1011 674 ship 0.7084
1050 496 1054 477 1106 487 1102 505 ship 0.7048
643 361 637 344 680 328 687 344 ship 0.7039
905 417 907 399 952 406 949 424 ship 0.7013
918 350 921 334 964 341 961 358 ship 0.6991
1044 544 1046 527 1093 533 1091 550 ship 0.6972
989 536 993 520 1036 531 1032 547 ship 0.6940
1007 430 1011 414 1053 423 1050 439 ship 0.6925
735 580 738 565 776 572 773 588 ship 0.6863
949 753 952 736 999 746 995 763 ship 0.6851
1404 635 1407 620 1445 629 1442 644 ship 0.6837
1019 367 1023 350 1067 361 1063 378 ship 0.6804
738 546 741 529 782 537 779 553 ship 0.6786
245 630 246 614 282 616 281 632 ship 0.6768
914 329 917 310 967 319 964 338 ship 0.6757
850 732 856 716 898 732 892 748 ship 0.6737
857 713 861 695 904 706 900 723 ship 0.6711
592 319 587 302 629 289 634 305 ship 0.6677
609 499 610 483 646 486 645 502 ship 0.6657
721 370 723 354 762 360 760 375 ship 0.6591
701 456 706 439 750 451 745 468 ship 0.6573
770 356 773 339 815 346 812 363 ship 0.6555
298 315 298 293 362 294 362 315 ship 0.6538
841 503 844 488 885 495 882 510 ship 0.6523
1153 650 1157 633 1203 643 1199 660 ship 0.6519
825 597 829 584 863 593 859 607 ship 0.6516
858 391 862 376 901 385 897 401 ship 0.6475
1589 656 1589 641 1624 641 1624 656 ship 0.6448
1569 916 1569 901 1605 900 1606 915 ship 0.6447
809 685 815 671 850 684 845 698 ship 0.6445
729 592 735 577 774 594 768 609 ship 0.6426
1569 832 1573 816 1610 826 1606 842 ship 0.6411
889 519 893 502 936 512 932 529 ship 0.6392
1160 627 1165 611 1208 622 1204 639 ship 0.6354
611 550 611 535 643 534 643 549 ship 0.6353
921 310 923 293 967 297 965 314 ship 0.6343
1390 797 1393 783 1430 791 1427 806 ship 0.6305
1000 494 1005 480 1043 493 1038 507 ship 0.6292
995 513 1000 497 1040 507 1036 523 ship 0.6278
1582 632 1582 615 1625 616 1625 633 ship 0.6263
864 650 867 632 913 640 910 658 ship 0.6247
1025 341 1033 325 1073 346 1065 362 ship 0.6229
1529 698 1534 683 1572 697 1567 712 ship 0.6174
837 545 840 531 875 538 872 553 ship 0.6167
709 341 714 324 766 339 761 356 ship 0.6164
599 420 600 404 639 405 638 421 ship 0.6144
740 522 744 504 789 514 785 533 ship 0.6125
822 637 823 622 856 626 855 640 ship 0.6123
1441 794 1441 778 1479 779 1478 795 ship 0.6116
1400 769 1402 755 1436 760 1434 775 ship 0.6108
1451 677 1453 662 1487 667 1485 682 ship 0.6107
857 370 860 353 907 362 903 379 ship 0.6101
1453 646 1452 631 1487 628 1488 643 ship 0.6076
969 618 973 601 1018 614 1014 631 ship 0.6065
698 545 701 531 732 538 729 552 ship 0.6038
696 507 701 491 740 504 735 520 ship 0.6030
783 315 787 299 824 309 820 325 ship 0.6006
451 618 452 605 486 608 484 621 ship 0.5993
558 404 553 393 584 380 588 391 ship 0.5983
871 296 878 280 918 296 911 312 ship 0.5947
844 466 850 452 885 467 879 481 ship 0.5900
971 636 977 620 1017 634 1011 650 ship 0.5876
965 689 966 673 1008 677 1006 693 ship 0.5874
1385 936 1387 921 1423 926 1421 941 ship 0.5833
1567 870 1568 855 1607 858 1606 873 ship 0.5817
1449 718 1450 703 1488 705 1486 720 ship 0.5805
1524 845 1527 831 1562 839 1559 853 ship 0.5794
1440 860 1441 844 1478 847 1477 863 ship 0.5756
1441 824 1442 809 1479 811 1478 826 ship 0.5712
1409 679 1410 665 1445 666 1444 680 ship 0.5675
1435 900 1437 884 1474 887 1472 903 ship 0.5658
1557 1005 1559 988 1596 992 1594 1009 ship 0.5652
889 546 889 530 932 529 932 545 ship 0.5644
1532 755 1535 739 1572 747 1569 762 ship 0.5643
851 448 856 431 895 443 890 459 ship 0.5638
615 605 613 591 652 587 653 602 ship 0.5637
1380 995 1383 981 1414 989 1411 1003 ship 0.5618
622 649 617 635 645 625 650 639 ship 0.5605
1587 711 1585 696 1622 693 1623 707 ship 0.5602
1395 726 1401 709 1441 722 1436 739 ship 0.5600
873 336 876 322 910 331 906 345 ship 0.5594
482 448 482 435 512 435 512 448 ship 0.5582
1520 917 1522 903 1555 907 1553 921 ship 0.5575
715 389 719 373 759 383 755 399 ship 0.5574
303 379 305 364 343 370 340 385 ship 0.5570
377 694 378 681 407 683 406 696 ship 0.5544
1433 919 1435 904 1470 910 1467 925 ship 0.5541
761 390 765 373 807 383 803 400 ship 0.5535
1443 769 1446 753 1484 759 1481 775 ship 0.5531
693 565 695 552 727 558 725 572 ship 0.5505
245 596 246 582 277 584 276 598 ship 0.5486
602 459 603 443 643 445 642 461 ship 0.5472
368 599 370 584 404 589 402 604 ship 0.5469
199 563 200 551 233 554 232 566 ship 0.5458
436 483 437 471 470 473 469 485 ship 0.5439
197 543 197 529 235 528 236 542 ship 0.5428
1581 761 1583 745 1621 750 1618 766 ship 0.5411
988 558 992 542 1030 551 1027 566 ship 0.5404
1532 810 1532 798 1562 797 1563 809 ship 0.5402
857 404 861 389 899 400 894 415 ship 0.5385
345 347 346 332 380 334 379 348 ship 0.5348
364 527 364 511 401 513 400 528 ship 0.5338
354 404 352 391 381 387 383 400 ship 0.5335
431 358 429 345 463 340 465 354 ship 0.5332
574 592 570 579 599 572 602 585 ship 0.5328
213 681 211 666 243 663 244 678 ship 0.5325
717 676 721 662 755 670 752 685 ship 0.5323
841 520 845 505 882 514 878 530 ship 0.5321
1540 645 1542 630 1577 635 1575 650 ship 0.5305
1541 664 1543 650 1576 655 1574 669 ship 0.5278
239 540 238 525 270 524 271 539 ship 0.5258
1525 886 1528 873 1559 880 1556 893 ship 0.5256
610 525 609 511 645 510 646 524 ship 0.5248
317 513 315 499 348 494 350 508 ship 0.5212
1409 613 1415 597 1455 612 1449 627 ship 0.5191
1392 831 1393 816 1430 818 1429 833 ship 0.5167
483 461 482 448 511 446 512 459 ship 0.5164
491 572 488 560 520 554 522 567 ship 0.5137
556 327 551 314 578 305 583 318 ship 0.5107
718 652 720 635 763 641 760 657 ship 0.5098
576 641 577 628 608 631 607 644 ship 0.5072
1380 962 1381 947 1422 949 1421 964 ship 0.5057
1523 858 1525 845 1561 851 1559 864 ship 0.5049
256 723 253 710 284 704 286 718 ship 0.5017
822 576 825 561 867 570 863 586 ship 0.4975
481 435 482 421 512 424 511 438 ship 0.4964
1421 992 1426 976 1465 988 1461 1003 ship 0.4963
370 578 366 564 398 554 402 568 ship 0.4957
314 461 313 446 344 443 345 457 ship 0.4939
1563 963 1566 947 1604 954 1601 970 ship 0.4934
721 616 726 601 766 614 762 629 ship 0.4931
475 391 477 378 509 383 507 396 ship 0.4921
354 472 356 455 395 460 393 477 ship 0.4917
874 322 877 307 911 316 907 331 ship 0.4914
356 437 355 423 386 421 387 435 ship 0.4912
505 697 503 684 529 678 532 692 ship 0.4896
487 548 488 535 520 538 519 551 ship 0.4895
566 522 566 509 598 508 598 522 ship 0.4889
321 536 321 524 352 525 351 537 ship 0.4859
875 586 878 568 922 578 918 595 ship 0.4849
1565 949 1566 934 1602 937 1601 953 ship 0.4843
251 681 250 666 281 664 282 679 ship 0.4839
1558 986 1562 970 1599 979 1596 995 ship 0.4838
614 587 610 574 643 563 647 576 ship 0.4835
1003 457 1005 441 1050 446 1048 462 ship 0.4792
432 396 433 382 464 384 463 398 ship 0.4768
579 691 578 679 611 678 611 690 ship 0.4760
330 607 329 594 359 592 360 605 ship 0.4732
1014 761 1015 746 1050 749 1049 765 ship 0.4711
326 561 326 549 355 548 355 560 ship 0.4698
560 450 559 435 592 434 593 448 ship 0.4670
1387 913 1390 898 1426 903 1424 918 ship 0.4667
729 276 735 261 775 277 769 292 ship 0.4662
375 705 377 691 410 695 409 709 ship 0.4621
1390 885 1391 870 1427 871 1426 886 ship 0.4619
427 331 427 316 465 316 465 331 ship 0.4615
457 685 456 673 483 670 485 682 ship 0.4613
553 344 553 332 583 332 584 344 ship 0.4607
1438 844 1440 829 1478 836 1475 851 ship 0.4581
317 488 319 475 348 479 347 491 ship 0.4578
750 501 753 486 789 492 787 507 ship 0.4574
1410 694 1410 680 1446 677 1447 691 ship 0.4538
315 425 310 413 339 402 344 414 ship 0.4538
304 338 307 321 347 326 345 343 ship 0.4530
332 705 332 693 365 695 364 707 ship 0.4525
700 492 703 478 742 486 739 500 ship 0.4491
806 730 807 716 837 719 836 733 ship 0.4479
1586 674 1588 660 1622 664 1620 678 ship 0.4476
1520 981 1520 968 1552 969 1552 982 ship 0.4472
255 744 256 730 290 732 289 745 ship 0.4468
372 641 374 628 406 632 404 645 ship 0.4449
580 682 578 670 609 665 611 677 ship 0.4433
308 408 308 394 341 393 342 407 ship 0.4430
914 368 915 352 959 357 958 373 ship 0.4425
430 346 428 331 463 326 465 341 ship 0.4421
597 399 597 382 639 383 638 399 ship 0.4410
449 566 447 552 477 548 479 561 ship 0.4406
575 623 575 608 606 608 606 622 ship 0.4404
784 297 786 281 824 286 822 301 ship 0.4354
332 644 334 631 363 634 361 647 ship 0.4351
496 631 496 618 527 619 526 631 ship 0.4341
1569 891 1569 877 1605 875 1606 889 ship 0.4314
1289 854 1308 858 1299 915 1280 911 ship 0.4314
1450 733 1446 721 1471 712 1476 724 ship 0.4294
550 367 551 354 588 358 586 371 ship 0.4262
1576 781 1579 765 1619 771 1616 787 ship 0.4261
1516 1010 1515 996 1546 995 1546 1009 ship 0.4260
1575 802 1574 786 1609 784 1610 800 ship 0.4247
439 447 439 434 472 434 472 447 ship 0.4215
377 730 377 717 408 719 407 732 ship 0.4163
553 359 552 345 584 341 585 355 ship 0.4163
443 464 439 452 465 442 469 453 ship 0.4129
483 426 481 415 507 411 509 422 ship 0.4092
1570 904 1569 889 1603 886 1605 901 ship 0.4071
213 645 209 634 234 624 238 636 ship 0.4042
1533 797 1534 784 1564 786 1563 799 ship 0.4038
1590 742 1591 731 1620 733 1619 745 ship 0.4032
1533 783 1535 770 1566 774 1564 788 ship 0.4017
483 497 482 483 512 479 514 493 ship 0.4011
755 472 757 455 791 460 789 477 ship 0.3978
714 699 718 686 752 696 748 710 ship 0.3976
443 521 442 509 472 506 473 518 ship 0.3966
244 577 244 562 277 561 278 576 ship 0.3964
133 690 135 678 169 684 167 696 ship 0.3886
1405 707 1405 692 1445 692 1445 706 ship 0.3885
623 680 623 666 651 666 651 680 ship 0.3871
331 695 332 683 364 684 363 696 ship 0.3870
1275 931 1295 935 1282 990 1262 985 ship 0.3858
217 708 216 697 241 695 242 706 ship 0.3858
1532 686 1536 672 1573 681 1570 696 ship 0.3846
336 668 336 657 363 656 363 668 ship 0.3813
249 653 247 638 281 634 282 649 ship 0.3793
458 656 456 643 484 639 486 652 ship 0.3780
1538 677 1540 663 1575 667 1573 682 ship 0.3772
1435 940 1434 926 1465 924 1465 939 ship 0.3770
317 521 319 510 350 515 348 527 ship 0.3742
207 600 206 588 233 587 233 599 ship 0.3734
1584 728 1585 715 1619 717 1618 731 ship 0.3716
578 665 579 653 610 655 609 668 ship 0.3695
132 670 130 655 162 650 165 665 ship 0.3692
133 703 135 691 170 697 168 709 ship 0.3623
378 682 378 670 405 669 405 681 ship 0.3603
473 358 469 344 500 336 504 350 ship 0.3602
980 599 984 582 1026 592 1023 608 ship 0.3599
583 703 581 691 610 688 612 700 ship 0.3555
491 541 488 528 513 522 516 535 ship 0.3543
456 646 453 632 484 626 487 639 ship 0.3511
215 742 216 729 247 732 246 745 ship 0.3505
569 484 565 473 592 464 595 476 ship 0.3470
215 634 210 623 232 613 237 625 ship 0.3457
778 333 783 320 818 333 813 346 ship 0.3444
829 565 831 551 868 558 865 572 ship 0.3443
1446 743 1448 728 1481 734 1479 748 ship 0.3428
473 345 470 332 497 325 500 339 ship 0.3415
458 327 456 310 500 305 502 322 ship 0.3406
626 707 628 692 659 696 657 711 ship 0.3397
366 555 365 540 400 538 401 553 ship 0.3373
1588 690 1589 678 1618 681 1617 693 ship 0.3262
442 497 439 486 471 479 473 491 ship 0.3260
346 739 341 729 362 720 367 730 ship 0.3243
1382 974 1383 961 1417 962 1416 975 ship 0.3229
1394 866 1394 852 1426 853 1426 867 ship 0.3224
492 586 490 572 521 569 523 583 ship 0.3221
434 421 433 408 464 406 465 418 ship 0.3215
1532 772 1534 757 1568 760 1567 775 ship 0.3210
510 725 507 715 530 709 533 719 ship 0.3183
855 426 858 411 896 419 892 435 ship 0.3179
497 620 497 608 524 607 525 619 ship 0.3139
590 715 586 705 610 696 614 706 ship 0.3134
605 436 604 421 640 420 640 435 ship 0.3094
470 733 469 723 489 720 490 729 ship 0.3073
380 671 378 660 404 655 406 666 ship 0.3066
713 714 716 700 752 706 749 720 ship 0.3031
342 726 342 717 360 715 361 725 ship 0.3024
253 705 253 691 287 692 286 706 ship 0.3014
1449 761 1447 747 1474 742 1476 756 ship 0.3008
460 700 459 689 488 686 490 697 ship 0.3001
331 592 328 580 356 574 359 586 ship 0.2957
438 435 438 422 469 421 469 433 ship 0.2945
444 511 440 499 465 492 469 503 ship 0.2915
135 718 136 707 170 708 170 720 ship 0.2911
133 677 134 664 167 666 166 679 ship 0.2901
1392 848 1390 833 1427 828 1429 843 ship 0.2872
449 551 448 538 475 534 477 546 ship 0.2868
254 731 256 719 287 723 285 735 ship 0.2864
351 387 350 374 379 370 381 383 ship 0.2847
340 333 340 319 376 318 376 333 ship 0.2824
215 690 215 678 242 677 243 689 ship 0.2810
485 511 485 498 515 499 514 513 ship 0.2793
375 631 371 618 399 608 404 621 ship 0.2788
484 473 483 460 511 458 513 470 ship 0.2782
482 408 481 397 506 394 507 405 ship 0.2756
815 665 817 650 854 657 851 671 ship 0.2741
491 530 487 517 512 510 515 523 ship 0.2711
348 367 348 353 382 354 382 368 ship 0.2660
1390 900 1391 885 1426 886 1426 900 ship 0.2657
337 716 336 706 363 704 364 714 ship 0.2638
144 744 143 732 173 730 173 742 ship 0.2609
331 622 329 609 360 603 362 616 ship 0.2609
1176 531 1180 515 1224 527 1220 542 ship 0.2606
142 733 141 723 170 720 171 731 ship 0.2602
375 612 375 600 402 601 402 613 ship 0.2581
444 589 445 575 479 577 478 590 ship 0.2578
566 473 563 461 590 455 593 467 ship 0.2519
498 654 499 641 528 643 527 657 ship 0.2513
242 565 237 551 268 539 273 553 ship 0.2499
1408 659 1404 644 1448 634 1451 649 ship 0.2479
607 489 602 474 634 462 640 477 ship 0.2475
329 580 326 568 355 561 359 573 ship 0.2473
208 589 206 578 232 573 234 584 ship 0.2456
1441 807 1442 792 1477 795 1476 810 ship 0.2400
1010 771 1011 760 1039 762 1038 773 ship 0.2393
434 386 433 372 462 369 463 383 ship 0.2387
317 470 317 457 346 457 346 470 ship 0.2381
622 630 617 618 642 608 647 620 ship 0.2371
231 720 229 709 252 706 253 717 ship 0.2370
471 537 469 527 486 524 487 535 ship 0.2362
308 394 308 380 340 380 340 394 ship 0.2351
624 618 620 606 651 596 655 608 ship 0.2325
591 660 585 650 608 639 614 649 ship 0.2323
492 602 492 587 525 588 524 603 ship 0.2320
474 371 470 358 501 348 505 362 ship 0.2305
1461 661 1464 651 1485 658 1482 668 ship 0.2303
458 667 456 655 483 651 485 663 ship 0.2294
253 691 252 678 283 678 283 691 ship 0.2290
213 655 210 643 239 636 242 648 ship 0.2276
1544 631 1546 615 1586 620 1583 636 ship 0.2248
221 732 220 722 243 720 244 730 ship 0.2242
613 565 610 552 642 546 644 559 ship 0.2210
710 484 709 470 748 467 749 481 ship 0.2207
500 666 502 653 530 657 529 670 ship 0.2188
448 538 446 527 473 523 475 535 ship 0.2169
618 509 618 499 644 498 644 509 ship 0.2124
379 507 382 496 400 502 397 512 ship 0.2118
1013 750 1012 732 1050 730 1051 748 ship 0.2105
1277 851 1294 858 1276 898 1260 891 ship 0.2105
627 696 627 681 655 681 655 696 ship 0.2099
246 618 245 604 275 601 276 615 ship 0.2069
481 683 478 674 495 668 498 678 ship 0.2065
331 501 329 491 351 485 354 495 ship 0.2048
468 526 467 515 484 513 486 523 ship 0.2037
567 535 567 522 598 522 598 535 ship 0.2008
507 706 505 696 530 691 532 701 ship 0.2001
468 724 467 714 488 712 489 722 ship 0.1999
306 358 309 344 341 349 338 363 ship 0.1991
553 383 554 371 585 373 585 385 ship 0.1990
570 551 568 538 598 533 600 546 ship 0.1985
1135 699 1147 699 1148 724 1135 724 ship 0.1957
136 126 137 114 168 116 167 128 ship 0.1945
55 659 67 664 55 691 43 685 ship 0.1926
1431 960 1432 945 1465 948 1464 963 ship 0.1909
1520 967 1520 954 1552 953 1553 966 ship 0.1894
271 770 270 759 299 757 300 768 ship 0.1891
355 421 353 408 382 402 384 415 ship 0.1858
363 517 360 504 382 498 386 511 ship 0.1841
372 723 369 711 393 705 396 717 ship 0.1836
737 562 736 547 774 545 775 560 ship 0.1797
1004 781 1008 770 1033 779 1030 790 ship 0.1796
449 605 450 593 481 595 480 607 ship 0.1785
1445 709 1442 697 1474 688 1477 701 ship 0.1761
476 705 475 695 493 694 494 704 ship 0.1730
567 498 564 486 592 480 595 492 ship 0.1726
208 612 207 600 233 599 233 611 ship 0.1659
870 606 870 589 911 590 911 608 ship 0.1658
618 536 617 525 644 524 644 534 ship 0.1648
1555 1018 1556 1005 1586 1007 1585 1020 ship 0.1645
754 487 755 472 788 474 787 489 ship 0.1595
467 570 468 559 490 559 490 570 ship 0.1587
820 717 819 705 845 704 846 716 ship 0.1524
1427 975 1431 961 1466 971 1462 985 ship 0.1518
1219 806 1244 802 1249 836 1224 839 ship 0.1508
558 417 558 405 588 405 588 418 ship 0.1493
230 753 229 742 250 739 251 749 ship 0.1473
362 500 358 489 378 481 383 492 ship 0.1458
1032 297 1131 313 1053 795 954 779 harbor 0.7601
1190 329 1308 342 1260 794 1142 782 harbor 0.6673
303 273 385 268 414 747 331 752 harbor 0.6567
871 248 959 258 900 772 812 761 harbor 0.6535
561 254 641 250 661 738 581 741 harbor 0.6401
738 236 811 243 767 719 695 713 harbor 0.6343
1413 570 1487 573 1467 1071 1393 1068 harbor 0.6211
413 273 482 265 539 729 470 737 harbor 0.5157
1530 569 1623 572 1605 1041 1512 1037 harbor 0.5085
182 502 279 494 301 758 204 766 harbor 0.4808
1257 853 1314 871 1275 989 1218 971 harbor 0.3898
111 672 158 656 191 751 144 767 harbor 0.3799
1117 794 1139 745 1263 803 1240 852 harbor 0.2211
1200 970 1206 935 1657 1014 1651 1049 harbor 0.1934
200 396 233 361 661 770 628 805 harbor 0.1117
703 327 713 278 842 303 832 352 harbor 0.1115
523 790 526 769 574 777 570 798 swimming-pool 0.4478
798 1061 815 1052 830 1079 813 1089 swimming-pool 0.2335
