720 253 762 177 866 233 825 310 plane 0.1238
301 721 315 713 333 744 319 752 small-vehicle 0.3859
29 326 43 318 61 348 48 356 small-vehicle 0.3433
281 770 294 763 311 794 297 802 small-vehicle 0.3209
126 559 140 549 164 582 150 592 small-vehicle 0.3208
348 781 363 773 386 816 370 824 small-vehicle 0.3053
1104 634 1109 615 1147 625 1143 643 small-vehicle 0.2960
1241 676 1248 659 1282 674 1275 690 small-vehicle 0.2914
86 409 99 401 119 431 106 440 small-vehicle 0.2679
884 550 892 535 926 554 918 568 small-vehicle 0.2362
1285 769 1300 760 1326 805 1311 814 small-vehicle 0.2309
1319 702 1326 684 1368 700 1361 718 small-vehicle 0.1494
266 570 257 554 292 534 301 550 small-vehicle 0.1182
1325 14 1337 0 1372 27 1360 42 small-vehicle 0.1064
1287 769 1302 761 1325 807 1311 815 large-vehicle 0.1249
1245 76 1236 55 1294 29 1303 50 ship 0.8243
1222 125 1213 98 1287 72 1297 99 ship 0.8212
1209 169 1199 142 1277 112 1287 139 ship 0.7860
1310 43 1331 28 1378 94 1357 109 ship 0.7661
605 691 584 662 664 602 685 630 ship 0.7646
1301 80 1315 69 1343 105 1329 116 ship 0.6932
226 133 211 111 270 68 285 90 ship 0.6658
649 740 631 717 688 673 706 697 ship 0.6447
828 86 835 57 920 80 913 108 ship 0.6417
1294 126 1308 113 1340 149 1326 162 ship 0.6351
1236 41 1226 13 1285 -6 1295 21 ship 0.6213
1401 393 1428 402 1405 476 1378 468 ship 0.5975
282 207 268 185 335 141 349 163 ship 0.5910
1259 360 1284 362 1280 416 1254 414 ship 0.5902
1279 179 1298 160 1353 212 1334 232 ship 0.5872
1161 329 1172 303 1242 332 1232 358 ship 0.5663
180 25 175 6 223 -4 228 15 ship 0.5401
1328 12 1343 0 1370 35 1355 47 ship 0.5348
670 760 662 743 710 720 718 737 ship 0.5210
1231 187 1224 165 1271 150 1278 171 ship 0.4793
257 150 245 132 287 103 299 122 ship 0.4342
322 236 312 221 354 193 364 208 ship 0.4194
800 703 815 694 839 736 824 745 ship 0.4159
619 716 605 695 677 648 690 669 ship 0.4017
971 273 982 255 1022 278 1011 296 ship 0.3748
242 35 258 50 226 85 210 70 ship 0.3637
782 57 789 37 836 53 830 73 ship 0.3498
1363 391 1385 399 1366 452 1345 445 ship 0.3353
382 243 405 224 445 274 422 293 ship 0.3255
509 525 496 508 539 476 552 493 ship 0.3222
834 701 847 693 870 728 857 737 ship 0.3045
870 797 863 783 898 767 904 781 ship 0.2932
808 632 820 643 790 673 779 661 ship 0.2852
563 -2 574 -21 626 5 615 25 ship 0.2762
859 824 856 807 889 802 892 819 ship 0.2752
870 56 878 40 920 62 912 78 ship 0.2507
1242 350 1261 360 1237 404 1219 394 ship 0.2002
799 206 807 190 851 213 843 229 ship 0.1964
306 232 291 216 337 175 351 191 ship 0.1840
659 750 649 734 703 698 714 714 ship 0.1632
561 641 542 602 609 570 627 609 ship 0.1452
1337 -7 1354 -23 1389 11 1373 27 ship 0.1447
1281 214 1290 198 1326 217 1317 234 ship 0.1419
256 172 245 152 298 121 309 140 ship 0.1311
1260 236 1266 217 1316 234 1310 253 ship 0.1239
1152 344 1169 320 1227 361 1210 385 ship 0.1228
1292 167 1302 152 1345 180 1336 196 ship 0.1152
1286 769 1301 761 1326 808 1311 816 ship 0.1076
492 512 475 494 520 452 537 471 ship 0.1057
1228 216 1227 194 1299 192 1299 215 ship 0.1028
725 267 758 186 858 228 824 309 tennis-court 0.1085
689 828 667 786 729 753 751 796 tennis-court 0.1081
1309 381 1342 392 1316 469 1283 458 harbor 0.8530
1038 286 1073 293 1057 371 1022 364 harbor 0.8340
974 280 1011 295 984 357 948 341 harbor 0.8261
726 271 757 187 862 226 831 309 harbor 0.7772
1097 310 1132 317 1116 402 1080 395 harbor 0.7748
901 252 944 265 922 341 879 328 harbor 0.7698
689 828 667 786 729 753 751 796 harbor 0.7606
1170 321 1232 343 1200 435 1138 414 harbor 0.7426
590 574 619 602 577 647 548 619 harbor 0.7220
795 645 867 630 884 717 813 732 harbor 0.6566
374 345 425 322 455 389 404 411 harbor 0.6489
353 325 320 281 384 232 417 277 harbor 0.6466
1249 -55 1372 -40 1338 227 1216 212 harbor 0.6220
1260 363 1297 389 1250 455 1213 429 harbor 0.4743
205 129 192 95 269 66 282 99 harbor 0.4602
477 516 461 489 521 455 537 481 harbor 0.4548
802 74 799 3 918 -1 921 69 harbor 0.4217
535 579 519 557 562 527 577 549 harbor 0.3714
318 141 343 165 287 223 262 200 harbor 0.3331
895 831 876 802 926 768 946 798 harbor 0.3278
559 624 636 578 735 743 659 790 harbor 0.3050
281 96 311 121 267 175 237 150 harbor 0.2759
614 -3 621 -24 737 15 729 37 harbor 0.2686
239 36 257 53 210 101 192 84 harbor 0.2653
1368 391 1393 398 1371 476 1346 469 harbor 0.2627
320 236 310 220 351 194 361 210 harbor 0.2519
678 762 665 747 704 716 716 730 harbor 0.2014
1386 395 1424 402 1408 488 1370 481 harbor 0.1920
332 175 350 193 301 242 283 224 harbor 0.1821
507 524 497 506 543 480 553 498 harbor 0.1749
622 715 607 697 661 653 676 671 harbor 0.1657
834 701 847 693 870 726 858 735 harbor 0.1523
1310 43 1341 26 1378 93 1346 110 harbor 0.1472
1232 357 1252 360 1245 409 1225 406 harbor 0.1429
874 805 863 789 897 765 908 781 harbor 0.1407
1210 231 1215 210 1318 234 1313 255 harbor 0.1398
143 92 139 80 165 70 170 82 harbor 0.1390
1244 460 1273 442 1298 481 1269 500 harbor 0.1348
814 5 839 -77 1084 -5 1059 77 harbor 0.1248
437 499 462 487 494 555 468 567 harbor 0.1148
893 235 916 245 894 291 872 280 harbor 0.1144
790 672 780 660 814 632 824 645 harbor 0.1067
812 74 823 46 920 85 909 113 harbor 0.1058
905 671 922 671 921 721 905 721 harbor 0.1057
795 320 811 294 858 324 841 350 harbor 0.1041
378 240 399 221 447 274 426 293 harbor 0.1037
971 273 982 255 1022 278 1011 296 harbor 0.1037
374 345 425 322 455 389 404 411 helicopter 0.1032
