594 1089 591 1071 640 1061 643 1079 ship 0.8221
418 844 436 837 459 896 440 903 ship 0.8137
337 871 358 862 383 922 363 931 ship 0.8005
533 797 531 781 578 772 581 788 ship 0.7972
537 819 536 802 583 798 585 815 ship 0.7929
816 771 813 750 875 742 878 763 ship 0.7882
562 869 556 850 639 827 644 846 ship 0.7777
396 853 413 849 425 896 408 901 ship 0.7740
364 861 383 853 406 911 386 919 ship 0.7740
1105 358 1100 343 1139 328 1144 344 ship 0.7729
316 884 335 878 353 932 335 939 ship 0.7721
606 1131 602 1113 646 1104 650 1123 ship 0.7694
479 1161 475 1145 528 1134 531 1150 ship 0.7620
287 888 304 881 327 937 309 944 ship 0.7590
439 832 458 824 484 888 466 896 ship 0.7558
1190 751 1186 729 1255 716 1259 738 ship 0.7469
239 977 261 973 275 1055 253 1059 ship 0.7448
1045 685 1043 668 1111 660 1113 677 ship 0.7434
701 814 698 796 754 788 756 806 ship 0.7363
513 715 509 697 559 687 563 705 ship 0.7338
573 701 571 687 607 683 609 697 ship 0.7298
612 1150 609 1135 655 1127 658 1142 ship 0.7281
281 822 297 817 313 866 298 871 ship 0.7275
384 786 402 779 421 829 403 836 ship 0.7255
302 820 317 813 336 855 322 862 ship 0.7206
366 798 382 792 398 835 382 840 ship 0.7190
325 813 340 808 356 851 341 857 ship 0.7180
1086 786 1084 767 1138 761 1140 780 ship 0.7178
589 763 588 749 622 747 623 761 ship 0.7155
509 669 506 653 553 646 556 662 ship 0.7101
256 958 274 952 294 1005 276 1011 ship 0.7054
458 1076 454 1059 503 1048 507 1065 ship 0.7016
256 834 270 825 297 870 282 879 ship 0.6982
672 718 669 704 708 697 711 711 ship 0.6916
343 805 359 798 378 842 361 849 ship 0.6907
580 1026 575 1011 618 996 623 1011 ship 0.6889
718 700 717 686 747 685 747 699 ship 0.6874
1041 513 1039 498 1074 495 1075 509 ship 0.6868
613 1167 613 1149 660 1150 660 1168 ship 0.6840
1302 712 1295 698 1331 683 1337 697 ship 0.6835
289 696 305 692 317 736 301 740 ship 0.6798
692 791 689 777 725 768 728 782 ship 0.6743
206 981 231 976 249 1053 223 1058 ship 0.6741
1290 695 1280 681 1320 652 1330 666 ship 0.6740
538 548 538 533 575 532 575 548 ship 0.6715
418 1031 438 1028 447 1086 428 1089 ship 0.6681
738 982 734 966 773 955 777 971 ship 0.6680
470 825 488 820 503 872 485 877 ship 0.6664
1092 316 1089 300 1130 292 1133 308 ship 0.6640
327 687 341 682 354 719 340 724 ship 0.6622
553 603 550 589 585 582 587 596 ship 0.6592
639 1041 638 1025 681 1021 683 1037 ship 0.6532
676 1154 674 1139 713 1133 715 1148 ship 0.6506
524 753 523 736 570 731 571 749 ship 0.6501
1115 416 1113 399 1158 393 1160 411 ship 0.6431
489 585 488 570 530 565 532 581 ship 0.6409
1188 490 1182 477 1212 465 1217 479 ship 0.6406
579 1050 574 1034 628 1018 633 1034 ship 0.6403
527 498 522 483 558 471 563 486 ship 0.6399
1065 622 1064 606 1100 603 1102 619 ship 0.6358
480 551 477 536 521 525 525 541 ship 0.6348
450 770 467 765 483 819 465 824 ship 0.6342
466 1121 462 1104 512 1091 517 1108 ship 0.6335
460 1097 456 1080 512 1068 516 1085 ship 0.6325
1144 515 1141 500 1176 493 1179 507 ship 0.6320
318 639 332 636 339 671 326 674 ship 0.6310
1182 636 1178 621 1237 604 1241 620 ship 0.6303
660 666 657 651 696 642 699 657 ship 0.6303
1294 980 1291 964 1326 959 1329 974 ship 0.6276
850 879 845 858 912 843 917 864 ship 0.6267
1040 949 1041 935 1072 936 1072 950 ship 0.6252
596 824 595 808 636 806 636 822 ship 0.6247
530 776 527 759 571 751 574 768 ship 0.6239
837 710 838 697 869 698 868 711 ship 0.6209
819 625 816 612 847 605 849 618 ship 0.6194
545 841 541 824 587 814 591 831 ship 0.6178
237 717 251 713 260 752 246 755 ship 0.6164
257 664 269 664 270 698 258 698 ship 0.6112
1167 622 1161 606 1211 586 1217 602 ship 0.6112
413 781 427 777 440 820 426 824 ship 0.6104
362 667 378 663 389 706 373 710 ship 0.6091
807 693 825 688 836 738 818 742 ship 0.6087
747 458 764 451 781 496 765 502 ship 0.6073
1277 926 1275 912 1310 907 1312 921 ship 0.6066
928 1014 925 999 962 993 964 1008 ship 0.6060
567 1004 565 986 616 979 619 996 ship 0.6054
773 1131 770 1117 807 1107 810 1121 ship 0.6039
501 625 499 610 540 604 542 620 ship 0.6021
1120 436 1118 422 1158 417 1160 431 ship 0.6001
1011 387 1010 373 1044 370 1045 384 ship 0.5995
655 1081 651 1064 695 1056 698 1073 ship 0.5983
563 973 562 952 614 949 615 971 ship 0.5953
678 523 677 510 708 508 709 521 ship 0.5889
839 722 839 709 871 709 871 722 ship 0.5888
821 1119 817 1107 847 1097 851 1110 ship 0.5879
633 1004 630 990 669 981 673 995 ship 0.5868
566 664 563 648 600 641 603 656 ship 0.5861
1247 812 1246 797 1280 795 1281 809 ship 0.5858
626 974 617 957 658 936 667 954 ship 0.5854
977 415 975 403 1006 396 1008 408 ship 0.5850
1049 550 1048 536 1083 533 1084 547 ship 0.5841
810 1079 808 1065 844 1060 846 1074 ship 0.5840
665 1115 662 1099 704 1093 707 1109 ship 0.5828
639 1019 636 1004 676 995 679 1010 ship 0.5813
683 753 681 739 717 734 719 749 ship 0.5807
594 788 592 774 627 769 629 783 ship 0.5773
1029 462 1026 447 1060 439 1064 454 ship 0.5772
487 1205 485 1187 532 1182 534 1200 ship 0.5771
599 810 594 796 625 786 630 800 ship 0.5769
979 837 973 820 1029 801 1034 819 ship 0.5761
690 577 688 564 721 560 722 573 ship 0.5756
484 1182 480 1166 530 1155 533 1171 ship 0.5752
798 548 796 535 829 531 831 544 ship 0.5750
888 1019 886 1006 916 1001 918 1014 ship 0.5746
745 1018 743 1003 780 997 782 1013 ship 0.5743
1224 890 1223 878 1255 875 1256 887 ship 0.5738
1309 732 1304 719 1338 707 1342 721 ship 0.5725
984 880 981 868 1009 860 1012 872 ship 0.5710
1012 571 1008 558 1040 546 1045 559 ship 0.5709
357 629 370 628 372 658 359 659 ship 0.5708
1153 908 1148 896 1176 886 1180 897 ship 0.5701
1143 539 1142 522 1186 520 1187 536 ship 0.5699
896 906 892 891 929 882 933 896 ship 0.5696
1022 1303 1019 1289 1051 1282 1054 1296 ship 0.5693
1275 1317 1273 1305 1300 1299 1303 1311 ship 0.5677
677 499 672 488 700 475 705 487 ship 0.5638
873 966 870 953 904 946 907 960 ship 0.5628
1030 903 1028 889 1060 886 1061 900 ship 0.5612
753 1041 748 1026 783 1014 788 1029 ship 0.5602
453 1052 450 1035 500 1025 503 1042 ship 0.5592
226 922 238 920 245 948 233 951 ship 0.5589
958 364 956 350 993 344 995 357 ship 0.5586
632 991 627 977 665 965 669 979 ship 0.5583
793 1004 791 988 827 983 830 998 ship 0.5581
556 624 555 610 592 607 593 621 ship 0.5579
451 1033 447 1018 495 1005 499 1021 ship 0.5575
492 602 490 585 535 580 537 597 ship 0.5563
942 1067 940 1053 974 1048 976 1062 ship 0.5549
1193 516 1191 503 1219 500 1220 512 ship 0.5544
1134 1010 1132 996 1166 990 1169 1004 ship 0.5540
1318 757 1314 744 1349 734 1353 747 ship 0.5513
925 734 921 718 978 702 983 718 ship 0.5507
983 1336 978 1322 1013 1308 1018 1323 ship 0.5502
731 765 728 751 762 743 766 758 ship 0.5496
510 686 509 669 556 667 557 684 ship 0.5495
784 499 783 486 815 484 816 497 ship 0.5491
621 485 622 471 663 474 661 489 ship 0.5485
702 638 700 623 733 620 734 635 ship 0.5484
1110 379 1107 365 1147 356 1150 371 ship 0.5441
726 945 723 929 767 921 769 938 ship 0.5441
945 673 943 660 972 655 974 668 ship 0.5441
778 954 773 940 808 927 813 942 ship 0.5437
629 511 628 497 660 494 662 507 ship 0.5432
911 961 908 948 943 940 946 953 ship 0.5430
916 711 913 698 947 690 950 703 ship 0.5428
302 1171 315 1155 364 1193 352 1209 ship 0.5416
1229 1286 1224 1274 1253 1264 1257 1275 ship 0.5403
1324 783 1320 771 1355 761 1358 773 ship 0.5401
805 576 803 563 835 558 837 571 ship 0.5392
986 902 986 888 1024 888 1023 902 ship 0.5390
279 953 295 947 308 988 293 993 ship 0.5384
886 421 886 408 919 409 918 423 ship 0.5378
1130 481 1127 467 1170 457 1173 471 ship 0.5377
1276 644 1266 631 1300 604 1309 617 ship 0.5376
290 655 303 653 307 686 293 687 ship 0.5366
1128 462 1123 448 1161 436 1165 450 ship 0.5364
473 1142 468 1126 520 1111 525 1127 ship 0.5328
919 560 915 546 947 539 950 553 ship 0.5324
897 637 895 624 928 619 930 633 ship 0.5323
1028 653 1023 639 1058 627 1063 641 ship 0.5310
1154 382 1152 368 1187 362 1190 376 ship 0.5291
1012 993 1010 980 1043 973 1046 986 ship 0.5289
394 1041 411 1035 427 1082 410 1088 ship 0.5281
535 525 532 512 567 503 570 517 ship 0.5273
800 1034 795 1021 825 1009 830 1023 ship 0.5272
428 771 444 768 454 818 438 821 ship 0.5270
317 692 330 688 340 723 327 727 ship 0.5261
415 634 429 630 443 671 429 676 ship 0.5237
777 457 777 445 808 446 808 458 ship 0.5234
1022 625 1021 612 1056 608 1057 621 ship 0.5228
1093 836 1092 823 1122 820 1123 832 ship 0.5213
1243 786 1242 773 1274 769 1276 783 ship 0.5208
1137 842 1132 830 1158 819 1163 832 ship 0.5190
815 1102 814 1086 850 1086 850 1102 ship 0.5181
1158 578 1154 564 1195 551 1200 565 ship 0.5174
658 640 654 626 689 616 693 630 ship 0.5173
1201 789 1200 778 1229 774 1230 786 ship 0.5169
256 708 272 702 287 744 272 750 ship 0.5169
648 610 646 596 681 589 683 603 ship 0.5168
1246 965 1245 952 1277 949 1278 962 ship 0.5166
828 651 829 642 851 646 849 655 ship 0.5164
618 460 618 447 651 447 651 460 ship 0.5158
992 521 992 506 1031 505 1032 520 ship 0.5152
978 448 977 434 1012 429 1013 443 ship 0.5137
296 1208 306 1189 364 1219 354 1239 ship 0.5130
1175 1013 1175 1000 1207 998 1207 1011 ship 0.5118
1096 337 1093 321 1132 313 1135 328 ship 0.5116
995 546 993 531 1033 526 1036 541 ship 0.5112
1387 1306 1383 1292 1411 1283 1416 1296 ship 0.5112
969 1293 969 1280 1003 1280 1003 1292 ship 0.5112
927 601 926 586 958 583 959 598 ship 0.5094
1090 287 1089 273 1127 272 1127 286 ship 0.5094
911 1083 904 1072 924 1058 931 1069 ship 0.5091
1170 959 1165 949 1188 938 1193 948 ship 0.5084
829 670 825 660 849 649 854 660 ship 0.5083
775 469 775 456 810 456 810 469 ship 0.5082
681 1176 677 1163 712 1152 716 1165 ship 0.5076
170 931 186 930 187 966 172 967 ship 0.5063
954 331 951 320 981 312 984 323 ship 0.5054
995 930 993 916 1027 911 1029 924 ship 0.5051
760 1056 757 1043 790 1035 793 1048 ship 0.5043
847 415 843 403 872 394 876 406 ship 0.5042
976 434 976 421 1009 419 1010 432 ship 0.5040
1022 1024 1018 1011 1048 1002 1052 1014 ship 0.5030
1144 307 1143 295 1171 294 1171 306 ship 0.5028
727 927 723 912 774 896 779 910 ship 0.5012
1023 437 1020 424 1055 418 1057 432 ship 0.5010
387 665 400 660 415 697 401 702 ship 0.5008
1065 647 1064 631 1109 629 1110 644 ship 0.5000
993 318 991 304 1026 299 1029 312 ship 0.4997
187 928 200 925 208 956 195 959 ship 0.4987
571 687 567 672 602 662 606 677 ship 0.4985
775 434 775 422 803 422 803 433 ship 0.4982
769 1095 766 1082 800 1075 803 1087 ship 0.4979
1032 1341 1027 1328 1062 1313 1067 1326 ship 0.4976
835 689 834 678 863 674 864 686 ship 0.4971
788 517 788 504 821 506 820 519 ship 0.4969
1201 566 1198 554 1228 547 1230 558 ship 0.4960
785 1151 778 1139 811 1122 817 1134 ship 0.4954
1299 1003 1295 990 1325 981 1329 994 ship 0.4939
763 1079 761 1064 798 1058 801 1073 ship 0.4932
1133 829 1129 817 1156 809 1159 821 ship 0.4924
946 696 947 682 980 685 979 699 ship 0.4923
1099 863 1098 849 1130 846 1132 860 ship 0.4898
634 550 632 535 672 530 674 545 ship 0.4889
140 940 154 937 161 970 148 973 ship 0.4889
1057 587 1055 571 1092 566 1094 581 ship 0.4884
1159 593 1157 578 1203 569 1205 584 ship 0.4883
1020 874 1017 861 1048 854 1051 867 ship 0.4872
1267 1289 1267 1275 1297 1274 1298 1288 ship 0.4859
735 439 731 428 760 418 764 430 ship 0.4847
316 1153 324 1142 355 1164 347 1175 ship 0.4834
1199 775 1197 763 1230 757 1232 770 ship 0.4828
901 483 897 471 927 463 930 475 ship 0.4814
1153 347 1150 335 1177 328 1181 339 ship 0.4808
1113 917 1111 904 1141 898 1143 911 ship 0.4808
731 429 729 418 755 411 758 422 ship 0.4798
1266 888 1264 873 1301 868 1303 882 ship 0.4793
724 738 723 724 757 721 758 735 ship 0.4792
783 966 778 952 812 940 817 954 ship 0.4790
425 1129 424 1116 457 1112 458 1125 ship 0.4786
933 1029 928 1015 965 1003 969 1018 ship 0.4775
894 450 891 437 922 431 924 444 ship 0.4767
1263 1007 1258 997 1280 985 1286 995 ship 0.4760
998 335 995 321 1031 315 1033 329 ship 0.4749
1326 1223 1323 1211 1351 1203 1355 1215 ship 0.4728
990 486 989 472 1024 469 1025 483 ship 0.4724
1391 1338 1391 1325 1423 1327 1422 1340 ship 0.4701
660 470 660 457 694 456 695 469 ship 0.4695
1171 436 1168 422 1201 414 1204 428 ship 0.4679
1122 952 1121 940 1152 937 1153 949 ship 0.4660
233 679 244 677 248 703 237 704 ship 0.4659
875 536 874 524 903 520 904 532 ship 0.4656
1007 854 1000 839 1039 820 1046 834 ship 0.4645
1030 1051 1029 1038 1063 1035 1064 1048 ship 0.4634
916 534 910 523 936 508 943 518 ship 0.4631
910 685 906 673 936 663 940 675 ship 0.4630
318 570 329 567 334 594 323 596 ship 0.4627
1127 975 1127 962 1159 961 1159 974 ship 0.4622
1283 589 1278 578 1307 562 1313 573 ship 0.4621
864 928 862 915 894 910 897 922 ship 0.4591
698 611 693 597 725 585 730 598 ship 0.4589
774 423 770 412 798 404 801 415 ship 0.4582
1216 844 1213 832 1243 824 1246 836 ship 0.4575
1335 1253 1331 1241 1361 1233 1364 1245 ship 0.4567
1222 1260 1217 1248 1246 1236 1251 1247 ship 0.4553
562 637 561 624 593 621 594 634 ship 0.4548
544 579 542 564 579 560 581 574 ship 0.4545
661 1103 658 1088 699 1080 702 1095 ship 0.4542
955 346 952 333 985 324 988 336 ship 0.4527
1004 360 1001 345 1037 338 1040 352 ship 0.4525
1345 839 1344 826 1376 823 1377 837 ship 0.4517
1450 1279 1447 1269 1479 1260 1482 1271 ship 0.4516
879 1341 872 1328 904 1311 911 1324 ship 0.4506
686 561 681 548 715 535 720 549 ship 0.4501
720 725 717 710 750 704 753 719 ship 0.4493
1161 1317 1158 1306 1184 1297 1188 1308 ship 0.4477
1453 1270 1448 1261 1474 1248 1479 1257 ship 0.4475
1025 1318 1021 1306 1055 1295 1059 1308 ship 0.4466
1252 838 1250 824 1285 818 1287 832 ship 0.4445
1046 537 1043 522 1077 516 1080 531 ship 0.4444
1339 1271 1336 1259 1365 1252 1368 1264 ship 0.4434
787 992 785 977 821 970 824 985 ship 0.4429
777 445 777 433 805 433 805 444 ship 0.4424
765 515 780 510 794 553 779 558 ship 0.4419
1178 1028 1175 1015 1208 1008 1211 1021 ship 0.4416
643 573 640 559 672 552 675 566 ship 0.4399
1364 1346 1358 1336 1382 1321 1388 1331 ship 0.4395
775 936 767 925 797 905 805 916 ship 0.4394
1157 1294 1156 1284 1182 1282 1183 1291 ship 0.4394
1044 928 1038 918 1063 904 1069 914 ship 0.4387
1468 1335 1466 1325 1495 1321 1497 1331 ship 0.4385
781 585 799 580 816 644 798 649 ship 0.4379
342 682 356 678 366 713 352 717 ship 0.4376
1258 853 1253 838 1289 828 1293 843 ship 0.4366
1152 1277 1149 1267 1176 1260 1179 1270 ship 0.4366
297 580 307 578 312 603 302 605 ship 0.4361
963 387 959 373 995 364 998 378 ship 0.4355
1374 1264 1371 1252 1397 1246 1400 1258 ship 0.4352
620 1188 618 1172 659 1165 661 1181 ship 0.4348
483 529 478 516 512 506 516 519 ship 0.4345
851 436 850 423 881 419 883 432 ship 0.4345
879 561 877 548 909 542 911 555 ship 0.4333
578 729 575 715 613 706 616 720 ship 0.4309
218 886 218 875 245 873 246 885 ship 0.4304
935 636 933 622 966 618 968 632 ship 0.4304
985 475 983 462 1020 458 1021 471 ship 0.4298
644 589 642 576 675 570 678 583 ship 0.4298
1173 992 1170 979 1199 972 1202 985 ship 0.4285
1282 940 1278 926 1311 916 1315 930 ship 0.4277
910 514 906 502 936 492 940 504 ship 0.4277
1236 926 1233 914 1263 906 1266 919 ship 0.4271
949 686 946 675 972 667 975 677 ship 0.4264
1263 873 1258 860 1291 847 1296 859 ship 0.4250
1112 890 1107 878 1131 866 1137 877 ship 0.4249
1141 294 1142 285 1169 286 1168 296 ship 0.4248
819 1337 816 1324 857 1315 860 1328 ship 0.4240
1163 1338 1164 1325 1194 1327 1194 1340 ship 0.4237
867 499 865 487 898 484 899 496 ship 0.4234
1203 589 1202 575 1234 572 1235 587 ship 0.4227
924 586 923 572 952 570 953 584 ship 0.4227
654 625 650 611 685 602 689 616 ship 0.4219
1274 917 1268 903 1305 889 1311 903 ship 0.4199
1178 447 1174 435 1203 424 1207 436 ship 0.4183
1118 1313 1117 1301 1149 1297 1151 1309 ship 0.4178
899 927 894 913 931 900 936 914 ship 0.4176
768 408 766 397 794 391 796 402 ship 0.4174
1140 280 1138 269 1163 264 1166 275 ship 0.4171
670 681 666 669 700 658 704 670 ship 0.4150
728 751 726 737 759 732 761 747 ship 0.4150
520 732 518 716 565 708 568 723 ship 0.4148
942 664 937 651 965 641 970 654 ship 0.4139
435 1157 431 1146 459 1136 463 1147 ship 0.4114
948 1106 944 1093 978 1082 982 1095 ship 0.4112
1118 1288 1114 1279 1137 1268 1141 1278 ship 0.4109
442 1185 442 1172 473 1171 473 1184 ship 0.4107
310 573 320 571 324 596 314 598 ship 0.4102
910 942 907 929 939 922 942 935 ship 0.4097
693 588 691 575 723 570 725 583 ship 0.4084
190 976 203 976 203 1004 190 1004 ship 0.4079
1251 977 1250 965 1278 963 1279 975 ship 0.4078
1260 1255 1256 1240 1287 1231 1292 1245 ship 0.4072
1140 863 1138 851 1167 846 1169 858 ship 0.4070
675 509 674 497 706 495 706 508 ship 0.4064
331 564 342 563 344 592 333 593 ship 0.4058
859 464 856 451 887 444 890 457 ship 0.4056
1057 1024 1055 1009 1087 1007 1088 1022 ship 0.4052
1349 1322 1347 1309 1377 1302 1379 1315 ship 0.4052
862 916 858 904 889 895 893 908 ship 0.4049
1266 997 1259 987 1280 973 1286 983 ship 0.4038
1341 1289 1341 1277 1373 1276 1373 1289 ship 0.4028
682 538 679 525 710 520 712 533 ship 0.4028
893 624 892 611 925 609 925 622 ship 0.4027
900 493 897 482 925 474 928 485 ship 0.4011
902 1069 899 1056 926 1051 929 1064 ship 0.4002
207 853 204 843 231 835 234 845 ship 0.3997
714 674 708 663 736 648 742 659 ship 0.3995
937 1052 936 1038 970 1036 971 1049 ship 0.3987
1451 1291 1449 1280 1483 1274 1485 1285 ship 0.3980
877 370 876 359 904 356 905 368 ship 0.3976
812 591 811 580 839 577 841 588 ship 0.3974
1020 425 1017 411 1052 404 1054 419 ship 0.3973
1464 1314 1461 1303 1491 1295 1494 1306 ship 0.3956
343 632 357 630 361 664 346 665 ship 0.3952
824 638 823 627 849 623 850 635 ship 0.3934
1412 452 1404 437 1444 417 1452 432 ship 0.3923
1032 479 1029 465 1066 456 1069 470 ship 0.3907
1138 852 1136 840 1164 835 1166 847 ship 0.3897
1161 940 1157 929 1184 919 1188 931 ship 0.3893
1214 1244 1211 1232 1240 1226 1243 1237 ship 0.3889
917 979 913 964 948 956 952 970 ship 0.3883
1457 1303 1455 1291 1490 1285 1492 1297 ship 0.3868
1050 998 1051 984 1082 985 1082 999 ship 0.3867
589 1067 584 1051 632 1037 636 1053 ship 0.3866
938 649 938 635 969 633 970 647 ship 0.3865
1245 799 1243 785 1275 781 1277 795 ship 0.3858
1147 892 1145 879 1174 872 1177 885 ship 0.3852
891 611 888 598 918 593 920 606 ship 0.3837
1015 585 1010 573 1041 559 1046 571 ship 0.3831
1356 1331 1354 1321 1381 1316 1382 1327 ship 0.3823
873 525 872 513 901 511 902 523 ship 0.3823
865 486 864 474 894 472 894 484 ship 0.3821
1240 951 1238 937 1270 933 1272 947 ship 0.3820
1060 598 1059 584 1093 580 1094 594 ship 0.3819
1152 1267 1149 1257 1175 1251 1177 1261 ship 0.3813
887 587 886 574 918 571 919 584 ship 0.3812
403 650 418 647 428 686 414 690 ship 0.3808
838 376 837 364 867 361 868 374 ship 0.3795
1133 499 1130 483 1175 473 1178 489 ship 0.3778
1453 1260 1449 1252 1471 1239 1475 1248 ship 0.3775
1149 322 1150 312 1173 314 1172 323 ship 0.3774
663 445 662 434 690 434 691 445 ship 0.3754
1018 602 1014 589 1049 579 1052 592 ship 0.3740
1442 1240 1440 1229 1469 1224 1470 1235 ship 0.3737
1121 939 1120 926 1153 923 1154 936 ship 0.3734
1240 1330 1239 1319 1266 1316 1267 1328 ship 0.3731
1045 974 1043 961 1075 957 1077 970 ship 0.3725
1001 951 997 939 1028 931 1031 943 ship 0.3724
1174 1001 1173 989 1203 986 1204 999 ship 0.3708
1152 335 1150 324 1173 318 1175 329 ship 0.3706
1468 1325 1465 1315 1491 1308 1493 1318 ship 0.3704
1338 1008 1338 996 1364 996 1364 1008 ship 0.3702
667 1130 665 1115 707 1109 709 1124 ship 0.3700
1150 356 1148 343 1179 340 1180 352 ship 0.3700
785 488 784 477 813 473 814 485 ship 0.3699
670 487 667 475 696 466 700 477 ship 0.3697
399 619 412 621 406 657 393 655 ship 0.3696
1276 1325 1275 1314 1303 1310 1305 1322 ship 0.3696
423 1115 423 1102 456 1101 456 1114 ship 0.3693
984 1353 979 1336 1020 1325 1024 1341 ship 0.3692
1330 800 1328 787 1363 782 1365 794 ship 0.3691
1143 876 1141 864 1170 858 1172 870 ship 0.3691
1163 1327 1161 1316 1190 1313 1191 1324 ship 0.3687
1263 1014 1260 1003 1287 996 1290 1006 ship 0.3687
1285 953 1280 939 1314 926 1319 940 ship 0.3679
1155 1289 1152 1279 1176 1271 1179 1281 ship 0.3678
633 532 630 519 663 512 666 525 ship 0.3661
1235 1316 1232 1304 1262 1296 1265 1308 ship 0.3640
1086 816 1084 802 1126 795 1128 809 ship 0.3638
884 1112 890 1101 912 1114 906 1125 ship 0.3631
866 938 864 925 895 921 897 933 ship 0.3625
728 781 728 767 764 765 764 779 ship 0.3605
1173 965 1170 956 1193 948 1196 958 ship 0.3587
862 475 860 463 890 458 892 470 ship 0.3580
891 399 894 390 911 396 908 405 ship 0.3575
1123 1332 1121 1321 1150 1317 1152 1328 ship 0.3572
143 907 139 895 175 883 179 896 ship 0.3561
306 695 321 693 327 729 312 731 ship 0.3560
1217 1236 1210 1225 1236 1209 1243 1220 ship 0.3556
1255 1242 1253 1229 1282 1223 1285 1236 ship 0.3549
258 595 269 595 269 620 258 621 ship 0.3543
876 977 873 965 904 957 907 969 ship 0.3538
1216 300 1213 292 1235 284 1238 292 ship 0.3525
1249 428 1249 419 1266 419 1266 427 ship 0.3510
869 510 868 498 900 495 901 508 ship 0.3508
488 567 485 553 527 544 530 559 ship 0.3506
1185 1041 1182 1028 1212 1020 1215 1034 ship 0.3503
1288 1345 1285 1335 1311 1329 1314 1339 ship 0.3482
1232 1296 1229 1286 1253 1278 1257 1289 ship 0.3473
1337 813 1335 800 1369 796 1371 809 ship 0.3463
881 990 878 978 908 970 911 982 ship 0.3451
1354 864 1354 853 1382 852 1383 863 ship 0.3446
1399 425 1393 409 1433 393 1439 409 ship 0.3440
1218 323 1219 313 1243 314 1242 325 ship 0.3437
848 426 846 413 877 409 879 422 ship 0.3434
1224 1270 1221 1258 1250 1251 1253 1263 ship 0.3427
922 1002 917 987 951 976 956 991 ship 0.3407
1437 1228 1436 1216 1468 1214 1469 1226 ship 0.3403
446 1195 445 1183 468 1182 469 1194 ship 0.3402
882 385 879 375 904 368 907 379 ship 0.3400
1252 439 1251 430 1267 430 1268 438 ship 0.3397
885 398 881 387 907 378 911 389 ship 0.3392
1012 975 1008 963 1033 954 1037 966 ship 0.3381
1201 550 1198 538 1226 530 1229 542 ship 0.3377
394 543 407 543 409 570 396 570 ship 0.3363
1114 1278 1110 1268 1136 1257 1140 1268 ship 0.3356
1045 988 1043 974 1078 968 1080 982 ship 0.3353
1200 538 1197 527 1222 519 1225 531 ship 0.3353
384 623 395 624 393 654 382 654 ship 0.3349
1390 1315 1387 1304 1415 1298 1417 1310 ship 0.3347
1379 1278 1376 1267 1401 1260 1405 1271 ship 0.3346
1422 294 1437 291 1445 332 1429 335 ship 0.3346
979 1320 973 1308 1005 1293 1010 1305 ship 0.3342
303 657 315 656 315 683 303 683 ship 0.3337
897 1041 893 1028 922 1019 926 1032 ship 0.3334
803 1050 797 1040 822 1024 828 1034 ship 0.3334
206 843 203 834 228 827 230 836 ship 0.3330
1045 940 1039 929 1063 914 1070 925 ship 0.3317
344 558 356 558 357 586 346 587 ship 0.3316
904 663 903 650 931 648 932 660 ship 0.3314
734 346 742 345 745 369 737 370 ship 0.3305
430 1144 427 1132 455 1123 459 1135 ship 0.3285
944 1090 942 1075 979 1069 981 1083 ship 0.3285
203 832 199 824 218 815 222 823 ship 0.3273
994 511 991 497 1028 491 1030 505 ship 0.3265
1021 613 1017 600 1052 589 1056 603 ship 0.3250
1240 780 1234 766 1267 751 1274 765 ship 0.3249
860 900 856 888 886 879 890 891 ship 0.3237
588 751 581 738 612 722 619 734 ship 0.3217
1025 888 1024 876 1054 873 1055 886 ship 0.3213
280 580 293 577 300 609 287 611 ship 0.3212
1169 975 1167 963 1194 958 1197 970 ship 0.3210
246 850 256 844 272 870 262 876 ship 0.3196
1214 272 1207 263 1225 250 1231 260 ship 0.3193
265 668 275 660 293 684 283 691 ship 0.3183
114 948 124 945 131 975 121 978 ship 0.3175
1365 1224 1368 1211 1394 1218 1391 1231 ship 0.3157
213 879 211 869 239 863 241 874 ship 0.3150
157 876 153 864 181 856 184 867 ship 0.3150
1367 901 1363 892 1387 883 1390 892 ship 0.3145
238 579 249 573 262 594 251 600 ship 0.3135
360 550 373 551 369 583 357 581 ship 0.3111
1369 921 1366 911 1390 903 1393 914 ship 0.3107
1057 567 1054 554 1086 545 1090 558 ship 0.3107
975 402 972 390 1002 382 1005 394 ship 0.3102
894 438 893 427 921 422 923 434 ship 0.3096
1232 909 1228 898 1256 889 1259 901 ship 0.3083
1109 1266 1108 1255 1134 1250 1136 1261 ship 0.3082
1032 1350 1032 1333 1074 1332 1075 1349 ship 0.3081
885 575 882 563 911 555 915 567 ship 0.3075
1128 817 1124 805 1151 798 1154 810 ship 0.3073
804 561 801 549 829 543 832 554 ship 0.3064
1369 913 1365 903 1388 893 1392 903 ship 0.3056
1239 411 1237 402 1260 398 1261 408 ship 0.3046
1226 344 1225 334 1251 331 1252 341 ship 0.3040
736 421 730 413 748 399 754 407 ship 0.3033
897 1057 894 1043 924 1037 927 1050 ship 0.3030
899 650 897 637 928 632 929 645 ship 0.3029
895 460 894 448 924 445 925 457 ship 0.3028
700 624 695 611 726 600 730 612 ship 0.3027
1099 847 1095 836 1122 828 1125 840 ship 0.2996
1238 1307 1233 1296 1256 1285 1261 1296 ship 0.2969
1066 1049 1064 1036 1090 1033 1091 1046 ship 0.2969
284 1214 295 1201 337 1237 327 1250 ship 0.2959
273 584 285 586 280 617 268 615 ship 0.2953
933 1038 932 1025 967 1021 968 1035 ship 0.2941
662 458 661 446 688 445 689 457 ship 0.2940
437 1227 437 1214 470 1215 469 1229 ship 0.2933
872 952 869 941 897 933 900 944 ship 0.2919
1286 1333 1283 1325 1305 1319 1308 1328 ship 0.2918
648 1056 647 1040 689 1036 691 1052 ship 0.2917
377 1188 387 1182 401 1208 391 1214 ship 0.2899
1119 1299 1115 1290 1138 1280 1142 1289 ship 0.2898
818 1351 815 1335 865 1327 868 1343 ship 0.2895
1198 526 1196 515 1220 510 1223 520 ship 0.2891
439 1170 438 1159 461 1157 462 1168 ship 0.2881
1163 396 1158 385 1186 373 1191 384 ship 0.2880
809 1066 803 1053 835 1039 841 1052 ship 0.2870
915 1104 910 1094 930 1084 935 1094 ship 0.2865
936 615 933 603 961 595 964 607 ship 0.2842
448 533 443 522 466 511 471 522 ship 0.2835
411 1225 407 1213 436 1203 440 1215 ship 0.2818
671 691 668 679 700 671 703 683 ship 0.2801
143 998 145 986 172 990 170 1002 ship 0.2796
99 1120 100 1107 130 1110 129 1123 ship 0.2783
1018 1291 1014 1279 1043 1268 1047 1280 ship 0.2780
982 463 980 450 1016 445 1018 458 ship 0.2780
1435 1217 1434 1205 1467 1202 1468 1215 ship 0.2778
915 697 911 686 938 676 942 688 ship 0.2774
1294 1147 1305 1146 1308 1170 1297 1172 ship 0.2771
1362 885 1359 875 1385 868 1388 878 ship 0.2763
1211 203 1231 180 1261 207 1240 230 storage-tank 0.1022
444 481 526 452 662 844 579 873 harbor 0.7021
554 949 645 920 737 1207 646 1236 harbor 0.6939
401 1017 499 995 557 1250 458 1272 harbor 0.6704
1079 259 1162 239 1254 622 1171 642 harbor 0.6686
224 906 226 796 511 802 509 912 harbor 0.6081
615 428 682 413 771 815 704 829 harbor 0.5967
1184 714 1260 693 1350 1011 1274 1033 harbor 0.5939
967 798 1032 780 1107 1057 1042 1075 harbor 0.5712
222 734 213 658 454 629 463 705 harbor 0.5664
849 860 918 841 996 1120 927 1140 harbor 0.5600
960 270 1029 258 1108 685 1039 697 harbor 0.5548
727 902 802 886 863 1173 787 1189 harbor 0.5452
1316 1206 1386 1183 1442 1358 1372 1380 harbor 0.5261
1071 773 1138 753 1227 1057 1160 1076 harbor 0.5216
313 1110 401 1106 407 1242 319 1246 harbor 0.5195
1195 1218 1272 1192 1329 1364 1252 1389 harbor 0.5179
827 361 891 344 993 737 929 754 harbor 0.4909
711 401 771 378 918 754 858 777 harbor 0.4800
1094 1247 1167 1222 1216 1365 1143 1390 harbor 0.4583
245 633 227 580 452 502 471 555 harbor 0.4368
-19 1069 -7 1038 124 1089 113 1120 harbor 0.3221
966 1272 1034 1246 1077 1361 1010 1387 harbor 0.2772
1403 1207 1468 1182 1516 1307 1451 1332 harbor 0.2477
818 1358 808 1309 906 1290 916 1339 harbor 0.2317
1308 621 1349 613 1419 988 1378 996 harbor 0.2219
159 708 215 714 182 1045 126 1039 harbor 0.1464
663 381 725 367 825 788 763 803 harbor 0.1295
296 1208 306 1189 364 1219 354 1239 harbor 0.1064
896 325 954 312 1040 715 982 727 harbor 0.1024
199 971 240 956 273 1044 232 1060 harbor 0.1018
1206 205 1229 179 1261 208 1238 234 swimming-pool 0.4938
1533 830 1512 792 1594 748 1615 786 swimming-pool 0.1058
