63 1143 75 1129 101 1152 89 1166 small-vehicle 0.3062
172 1240 187 1229 210 1258 196 1270 small-vehicle 0.2786
11 883 23 870 49 895 37 908 small-vehicle 0.2720
134 1207 145 1197 170 1225 159 1235 small-vehicle 0.2597
92 1264 104 1253 126 1280 114 1290 small-vehicle 0.2553
20 1100 31 1091 55 1119 44 1128 small-vehicle 0.2334
142 1318 152 1307 183 1335 173 1346 small-vehicle 0.2324
231 1302 244 1291 267 1318 254 1329 small-vehicle 0.2232
98 1173 111 1163 130 1187 118 1197 small-vehicle 0.2155
59 1240 69 1228 93 1248 83 1260 small-vehicle 0.2135
1608 1099 1625 1098 1626 1139 1610 1140 small-vehicle 0.2081
28 1210 39 1198 64 1221 53 1233 small-vehicle 0.1966
197 1262 208 1253 231 1280 220 1289 small-vehicle 0.1918
121 1291 131 1281 158 1310 147 1320 small-vehicle 0.1462
1118 1379 1128 1372 1140 1392 1130 1399 small-vehicle 0.1327
206 1376 218 1369 235 1399 223 1406 small-vehicle 0.1315
-4 1078 6 1070 26 1096 16 1104 small-vehicle 0.1159
175 1347 189 1338 213 1376 199 1384 small-vehicle 0.1105
1607 1102 1625 1099 1631 1140 1613 1143 ship 0.1642
902 244 985 262 945 441 863 423 tennis-court 0.9264
964 568 1048 585 1012 764 927 747 tennis-court 0.9226
832 540 910 556 876 724 797 708 tennis-court 0.8979
760 211 841 219 822 405 741 397 tennis-court 0.8979
1038 271 1122 287 1087 471 1002 455 tennis-court 0.8929
1176 299 1262 322 1211 512 1125 489 tennis-court 0.8925
1098 600 1183 616 1148 798 1063 782 tennis-court 0.8850
1372 354 1458 373 1416 565 1329 546 tennis-court 0.8636
1297 654 1382 671 1347 842 1263 825 tennis-court 0.8588
707 1083 739 1079 744 1114 712 1118 storage-tank 0.1929
457 1253 323 1075 660 822 794 1000 swimming-pool 0.5590
358 1001 375 979 403 1000 386 1022 swimming-pool 0.1841
705 1087 736 1081 743 1115 712 1121 swimming-pool 0.1451
