-4 209 82 130 169 226 81 305 baseball-diamond 0.6928
615 549 807 262 1304 594 1113 881 ground-track-field 0.2371
300 120 541 103 570 527 330 544 ground-track-field 0.1360
697 162 692 71 832 63 838 154 ground-track-field 0.1117
1209 947 1224 946 1225 976 1210 977 small-vehicle 0.1864
1357 71 1359 60 1380 64 1378 76 small-vehicle 0.1693
1339 671 1337 659 1360 655 1362 668 small-vehicle 0.1586
1368 249 1378 254 1369 274 1359 270 small-vehicle 0.1562
1356 736 1367 737 1365 760 1354 759 small-vehicle 0.1395
1332 694 1334 681 1361 686 1358 699 small-vehicle 0.1361
1370 736 1379 738 1375 760 1366 758 small-vehicle 0.1336
671 1106 671 1096 693 1097 693 1107 small-vehicle 0.1318
1382 739 1390 742 1384 762 1375 759 small-vehicle 0.1249
1335 614 1338 602 1359 608 1356 620 small-vehicle 0.1173
1338 654 1338 642 1360 642 1360 653 small-vehicle 0.1149
1333 181 1346 180 1348 208 1335 209 small-vehicle 0.1083
1334 714 1332 703 1354 700 1356 712 small-vehicle 0.1058
1381 685 1377 676 1395 668 1399 677 small-vehicle 0.1041
1390 250 1402 252 1397 277 1385 275 small-vehicle 0.1008
667 831 681 832 680 868 666 868 large-vehicle 0.1282
592 112 610 113 608 148 589 147 ship 0.1044
285 759 332 759 331 847 284 847 tennis-court 0.9763
285 620 335 618 339 713 289 716 tennis-court 0.9701
423 762 470 762 469 855 423 854 tennis-court 0.9674
213 618 262 615 268 711 219 714 tennis-court 0.9645
352 758 401 758 401 852 352 852 tennis-court 0.9639
417 896 470 899 465 991 413 989 tennis-court 0.9599
488 899 537 900 534 997 486 995 tennis-court 0.9583
358 621 405 621 404 717 357 717 tennis-court 0.9402
478 751 542 742 558 860 493 868 tennis-court 0.2788
322 98 571 111 547 563 298 550 tennis-court 0.2271
665 367 902 343 947 775 710 800 tennis-court 0.1701
924 365 1165 356 1181 774 940 783 tennis-court 0.1524
579 867 650 885 620 1006 549 988 tennis-court 0.1453
621 299 609 185 798 166 810 280 tennis-court 0.1282
576 866 646 879 623 1003 554 990 basketball-court 0.6460
478 749 547 743 558 862 489 868 basketball-court 0.4041
546 768 608 742 646 831 584 857 basketball-court 0.2793
417 896 470 899 465 991 413 989 basketball-court 0.1558
488 899 537 900 534 997 486 995 basketball-court 0.1484
357 533 345 458 499 435 510 510 basketball-court 0.1330
285 759 332 759 331 847 284 847 basketball-court 0.1244
213 618 262 615 268 711 219 714 basketball-court 0.1123
285 620 335 618 339 713 289 716 basketball-court 0.1032
665 367 902 343 947 775 710 800 basketball-court 0.1022
471 645 528 669 501 733 444 709 storage-tank 0.1417
-18 197 85 123 166 238 62 311 storage-tank 0.1189
943 358 1182 361 1178 785 938 783 soccer-ball-field 0.9290
329 92 583 114 545 560 292 539 soccer-ball-field 0.9146
682 362 913 346 943 776 712 793 soccer-ball-field 0.8444
381 199 390 120 528 136 519 214 soccer-ball-field 0.2169
741 749 743 693 863 697 861 753 soccer-ball-field 0.1662
1002 780 992 712 1125 691 1136 758 soccer-ball-field 0.1313
1206 292 1226 296 1220 320 1200 316 roundabout 0.1172
-135 172 29 -52 274 126 109 351 roundabout 0.1129
635 262 640 176 808 185 804 271 swimming-pool 0.6787
684 162 682 66 834 64 836 160 swimming-pool 0.6048
608 301 619 253 711 274 700 322 swimming-pool 0.4638
357 618 403 617 406 717 359 718 swimming-pool 0.1053
