1148 216 1229 215 1230 396 1149 397 tennis-court 0.9259
1432 598 1513 596 1516 768 1435 770 tennis-court 0.8914
243 564 322 562 327 730 248 732 tennis-court 0.8908
1092 544 1180 543 1180 718 1093 718 tennis-court 0.8816
814 187 893 185 898 359 819 361 tennis-court 0.8723
665 185 743 183 750 361 672 364 tennis-court 0.8709
1270 927 1352 924 1360 1114 1278 1118 tennis-court 0.8706
1074 875 1155 877 1151 1028 1070 1026 tennis-court 0.8570
609 640 691 639 693 817 611 818 tennis-court 0.8534
1004 216 1086 218 1082 394 1001 392 tennis-court 0.8485
950 541 1032 538 1038 717 956 720 tennis-court 0.8454
526 193 602 191 607 359 531 361 tennis-court 0.8189
1284 592 1363 590 1368 764 1288 766 tennis-court 0.8041
1408 927 1491 924 1499 1119 1416 1123 tennis-court 0.7445
480 639 554 644 544 811 469 807 tennis-court 0.6991
783 540 886 530 908 747 804 757 tennis-court 0.6237
800 544 898 541 903 724 804 726 basketball-court 0.1148
518 207 600 200 613 358 531 365 basketball-court 0.1056
1055 1026 1077 1030 1060 1122 1039 1118 harbor 0.1706
362 343 402 348 395 408 355 403 swimming-pool 0.1747
