1391 259 1393 239 1437 244 1435 264 small-vehicle 0.3933
1345 263 1344 244 1382 240 1384 260 small-vehicle 0.3336
1212 261 1212 242 1250 243 1250 262 small-vehicle 0.3305
851 252 851 232 894 232 894 252 small-vehicle 0.3168
911 251 914 232 959 239 956 259 small-vehicle 0.3031
1281 262 1279 242 1322 240 1323 260 small-vehicle 0.2986
416 246 415 224 457 221 458 244 small-vehicle 0.2983
610 248 610 229 649 229 649 248 small-vehicle 0.2909
1451 262 1452 242 1489 245 1487 265 small-vehicle 0.2740
1648 238 1644 220 1686 212 1690 230 small-vehicle 0.2613
973 256 971 236 1010 232 1013 251 small-vehicle 0.2606
556 247 556 229 595 229 595 247 small-vehicle 0.2454
372 242 372 222 409 224 408 243 small-vehicle 0.2452
740 249 739 232 773 229 774 247 small-vehicle 0.2438
683 248 688 229 725 239 720 258 small-vehicle 0.2338
1569 425 1590 424 1592 468 1570 469 small-vehicle 0.2297
119 236 121 219 158 223 156 240 small-vehicle 0.2193
1157 258 1158 241 1198 243 1197 260 small-vehicle 0.2139
794 248 795 225 840 227 838 251 small-vehicle 0.1998
1576 314 1596 317 1589 364 1569 362 small-vehicle 0.1932
62 234 65 216 104 222 101 240 small-vehicle 0.1680
1104 260 1101 242 1139 237 1141 256 small-vehicle 0.1668
1043 251 1046 234 1082 240 1079 257 small-vehicle 0.1547
178 240 178 223 220 221 221 238 small-vehicle 0.1423
296 226 306 210 335 229 324 245 small-vehicle 0.1193
248 232 256 217 283 230 275 245 small-vehicle 0.1117
476 236 489 214 523 234 510 256 small-vehicle 0.1087
1230 96 1247 95 1249 141 1232 141 small-vehicle 0.1086
1281 262 1279 242 1322 240 1323 260 large-vehicle 0.1047
1388 262 1388 241 1436 240 1436 262 large-vehicle 0.1033
743 333 832 331 836 521 746 523 tennis-court 0.9803
634 329 723 328 726 521 637 522 tennis-court 0.9731
860 336 948 338 944 521 857 519 tennis-court 0.9714
268 320 356 323 350 511 262 508 tennis-court 0.9712
378 326 471 330 464 520 371 517 tennis-court 0.9687
969 341 1054 339 1058 519 972 521 tennis-court 0.9685
1110 340 1196 340 1197 523 1110 523 tennis-court 0.9635
1218 344 1305 343 1307 523 1219 523 tennis-court 0.9629
1330 343 1420 344 1417 533 1327 532 tennis-court 0.9571
488 326 582 329 576 522 482 519 tennis-court 0.9504
1439 344 1528 344 1530 531 1441 532 tennis-court 0.9329
156 319 243 320 242 508 155 507 tennis-court 0.9143
