766 13 783 4 804 49 786 57 small-vehicle 0.1921
892 439 904 423 937 447 925 463 small-vehicle 0.1919
887 121 900 127 887 155 874 148 small-vehicle 0.1742
990 327 985 311 1019 301 1023 318 small-vehicle 0.1741
923 529 938 520 955 552 940 560 small-vehicle 0.1683
909 398 913 377 956 385 953 406 small-vehicle 0.1605
996 378 996 360 1037 360 1037 378 small-vehicle 0.1594
983 477 988 459 1023 468 1019 486 small-vehicle 0.1566
664 188 675 173 707 196 695 211 small-vehicle 0.1559
763 365 758 349 793 338 798 355 small-vehicle 0.1559
820 448 810 430 847 407 858 426 small-vehicle 0.1533
793 504 807 515 779 547 766 536 small-vehicle 0.1444
641 314 637 294 677 287 680 306 small-vehicle 0.1375
754 328 748 312 780 299 787 315 small-vehicle 0.1360
830 524 848 532 830 573 812 565 small-vehicle 0.1348
901 417 908 399 944 414 937 431 small-vehicle 0.1318
748 508 738 494 769 472 778 485 small-vehicle 0.1301
721 332 736 329 743 362 727 365 small-vehicle 0.1273
735 493 728 475 767 460 774 478 small-vehicle 0.1262
942 517 955 507 976 535 963 545 small-vehicle 0.1229
901 326 893 311 924 294 932 310 small-vehicle 0.1222
993 449 1004 434 1032 454 1021 469 small-vehicle 0.1198
680 172 688 160 716 178 708 191 small-vehicle 0.1145
962 501 975 489 999 515 986 526 small-vehicle 0.1102
645 244 648 225 686 232 683 250 small-vehicle 0.1091
1173 109 1196 106 1200 135 1177 138 small-vehicle 0.1085
805 522 821 530 805 563 789 556 small-vehicle 0.1083
726 460 718 448 747 429 755 441 small-vehicle 0.1046
1208 107 1234 107 1235 140 1209 140 small-vehicle 0.1020
670 997 689 986 720 1042 702 1053 ship 0.7839
146 567 169 555 208 627 185 640 ship 0.7805
545 1068 563 1057 595 1109 578 1120 ship 0.7790
205 436 227 422 266 483 244 497 ship 0.7754
58 515 92 496 178 650 144 669 ship 0.7725
340 360 358 349 391 410 372 420 ship 0.7674
516 1084 533 1073 571 1132 553 1143 ship 0.7657
236 415 260 401 299 466 275 480 ship 0.7645
306 378 327 367 361 427 340 439 ship 0.7635
483 999 504 990 530 1050 509 1059 ship 0.7498
578 1042 598 1031 629 1088 608 1099 ship 0.7483
749 1159 772 1147 807 1214 784 1226 ship 0.7448
831 1662 863 1647 906 1739 874 1754 ship 0.7433
141 466 165 454 195 519 171 531 ship 0.7428
736 1640 770 1616 856 1738 822 1762 ship 0.7407
693 1197 714 1188 739 1247 718 1256 ship 0.7372
426 417 446 407 479 475 459 485 ship 0.7350
275 400 294 391 321 446 302 455 ship 0.7328
232 791 264 773 322 878 289 896 ship 0.7308
180 450 200 440 228 499 208 509 ship 0.7263
228 523 252 508 297 582 273 597 ship 0.7248
913 1613 942 1596 1000 1690 971 1708 ship 0.7246
191 544 213 531 255 602 232 615 ship 0.7212
379 353 395 344 419 389 403 397 ship 0.7205
636 1013 655 1002 685 1055 667 1066 ship 0.7174
508 980 532 967 567 1032 544 1045 ship 0.7077
400 330 420 321 446 379 427 388 ship 0.7051
535 729 559 717 596 789 572 802 ship 0.6954
1023 1548 1040 1537 1071 1583 1055 1594 ship 0.6922
396 806 416 794 454 859 433 871 ship 0.6882
459 771 481 758 523 827 502 840 ship 0.6852
482 1099 500 1087 534 1139 517 1150 ship 0.6807
626 1337 657 1323 696 1411 665 1425 ship 0.6792
788 1141 812 1132 837 1196 812 1206 ship 0.6756
577 940 600 929 632 992 610 1004 ship 0.6687
462 658 486 646 522 715 498 728 ship 0.6647
386 433 410 424 440 502 416 512 ship 0.6637
305 476 332 462 373 538 345 553 ship 0.6606
638 906 661 894 694 957 671 969 ship 0.6485
111 483 131 472 163 531 142 541 ship 0.6440
709 981 726 970 755 1017 739 1027 ship 0.6349
848 1517 871 1501 922 1576 898 1592 ship 0.6341
731 957 753 947 780 1007 758 1017 ship 0.6325
741 1264 769 1253 805 1346 776 1357 ship 0.6269
992 1566 1013 1556 1048 1624 1028 1635 ship 0.6211
666 1316 690 1304 733 1388 709 1400 ship 0.6155
385 696 411 687 439 763 413 772 ship 0.6148
432 1020 450 1007 492 1067 473 1079 ship 0.6122
1056 1531 1075 1523 1098 1578 1079 1586 ship 0.6051
648 1225 665 1214 697 1262 681 1273 ship 0.5972
935 1469 967 1456 1002 1540 970 1554 ship 0.5968
323 849 349 837 381 908 355 920 ship 0.5938
422 307 442 296 478 361 458 372 ship 0.5881
307 740 334 725 375 795 348 811 ship 0.5861
463 386 484 380 502 451 481 456 ship 0.5779
892 1189 918 1176 960 1262 934 1274 ship 0.5643
774 1555 800 1541 846 1626 820 1640 ship 0.5574
97 304 91 284 147 268 153 287 ship 0.5386
540 1286 569 1268 617 1344 588 1362 ship 0.5340
200 -16 221 2 165 61 145 42 ship 0.4787
851 1015 864 1006 895 1050 881 1060 ship 0.3659
467 1126 481 1116 507 1153 493 1163 ship 0.2371
456 311 471 302 497 347 482 356 ship 0.2299
829 525 846 533 829 570 812 562 ship 0.2157
882 1073 893 1066 912 1095 901 1103 ship 0.2122
797 925 808 915 836 944 826 954 ship 0.1924
811 518 826 530 801 562 786 551 ship 0.1910
793 504 807 515 779 547 766 536 ship 0.1904
751 1562 765 1554 785 1589 771 1597 ship 0.1493
907 400 908 377 956 380 954 402 ship 0.1283
413 1028 431 1016 462 1067 443 1078 ship 0.1198
955 1585 964 1570 998 1590 989 1605 ship 0.1121
645 244 648 225 686 232 683 250 ship 0.1100
653 1004 673 993 704 1049 684 1060 ship 0.1049
1080 1426 1093 1418 1119 1459 1106 1467 ship 0.1043
1173 111 1198 108 1201 136 1177 138 storage-tank 0.2528
1158 152 1180 153 1178 180 1156 178 storage-tank 0.1945
1210 109 1235 109 1235 140 1210 140 storage-tank 0.1903
981 826 1117 756 1201 919 1064 989 storage-tank 0.1186
981 826 1117 756 1201 919 1064 989 roundabout 0.1679
326 918 249 748 615 584 691 754 harbor 0.6873
490 1174 417 1037 793 836 866 972 harbor 0.6526
836 1737 753 1556 1063 1413 1146 1594 harbor 0.6280
631 1401 563 1241 967 1068 1035 1228 harbor 0.6159
171 655 75 511 450 261 546 405 harbor 0.6060
733 821 718 798 805 740 820 763 harbor 0.2324
452 365 489 345 739 821 702 841 harbor 0.1343
730 844 764 826 1138 1535 1104 1553 harbor 0.1077
