725 41 741 35 753 69 738 75 small-vehicle 0.6672
715 -4 730 -8 739 27 723 31 small-vehicle 0.3459
120 722 139 713 157 752 138 760 small-vehicle 0.1321
453 566 469 563 478 610 462 613 large-vehicle 0.1460
433 501 450 497 468 568 451 572 large-vehicle 0.1123
594 415 682 391 730 572 642 595 tennis-court 0.9562
709 380 799 356 849 539 759 564 tennis-court 0.9548
475 446 567 422 613 600 521 624 tennis-court 0.9541
164 528 252 502 305 679 217 705 tennis-court 0.9528
288 494 377 472 424 654 335 677 tennis-court 0.9477
51 560 139 540 178 722 90 741 tennis-court 0.9390
830 345 918 323 964 508 876 530 tennis-court 0.9344
949 315 1035 291 1086 473 1000 497 tennis-court 0.9079
-2 302 88 270 141 420 50 453 tennis-court 0.2214
274 183 374 167 405 359 305 375 tennis-court 0.1155
72 57 176 25 234 210 129 242 tennis-court 0.1110
413 199 527 167 576 345 461 376 tennis-court 0.1015
75 51 186 24 233 216 121 243 basketball-court 0.8565
221 25 319 0 362 163 264 188 basketball-court 0.7978
577 148 677 143 686 305 585 310 basketball-court 0.7220
267 184 381 167 409 358 296 375 basketball-court 0.7133
128 243 234 213 283 384 177 414 basketball-court 0.6800
-21 110 44 102 62 242 -2 250 basketball-court 0.5232
416 194 530 165 576 343 462 373 basketball-court 0.4271
0 307 91 276 141 422 51 453 basketball-court 0.3753
354 1 467 -36 522 127 408 164 basketball-court 0.3427
12 295 104 277 133 429 40 447 soccer-ball-field 0.2513
349 27 456 -23 522 115 416 166 soccer-ball-field 0.1401
416 194 530 165 576 343 462 373 soccer-ball-field 0.1392
