683 2546 681 2431 2276 2399 2278 2514 bridge 0.1488
499 1449 500 1422 572 1425 571 1452 ship 0.7057
606 1771 619 1749 676 1780 663 1803 ship 0.6869
767 1416 771 1389 836 1399 832 1425 ship 0.6783
1508 2050 1507 2028 1557 2027 1558 2049 ship 0.6683
1109 754 1124 733 1180 772 1166 793 ship 0.6656
1157 452 1168 433 1223 463 1212 482 ship 0.6644
430 1416 439 1395 494 1418 485 1439 ship 0.6541
1681 2095 1684 2073 1735 2079 1733 2101 ship 0.6522
628 1728 638 1707 693 1733 683 1754 ship 0.6477
754 1450 762 1422 837 1444 830 1471 ship 0.6469
329 1798 336 1772 402 1791 394 1817 ship 0.6402
1079 619 1087 599 1141 621 1133 641 ship 0.6359
1126 523 1136 505 1188 533 1178 552 ship 0.6346
1051 2277 1049 2257 1090 2251 1093 2271 ship 0.6336
1069 838 1082 818 1137 854 1124 874 ship 0.6322
1173 619 1186 595 1246 626 1233 650 ship 0.6223
509 1392 516 1368 573 1385 565 1410 ship 0.6135
2090 1691 2110 1698 2094 1745 2074 1738 ship 0.6093
667 1453 675 1427 740 1447 732 1473 ship 0.6089
827 2265 832 2238 899 2251 894 2277 ship 0.6088
971 2272 971 2246 1032 2246 1032 2272 ship 0.6069
1683 2043 1687 2019 1740 2029 1735 2053 ship 0.6065
844 1943 848 1923 894 1933 890 1953 ship 0.6031
736 1493 745 1471 809 1500 799 1522 ship 0.6030
1177 1730 1176 1711 1218 1710 1219 1729 ship 0.6028
1187 1569 1187 1544 1247 1543 1247 1569 ship 0.6017
838 1693 838 1670 895 1671 895 1693 ship 0.6011
1965 1620 1966 1592 2036 1593 2035 1621 ship 0.5985
928 509 931 484 995 491 992 516 ship 0.5983
370 1690 373 1671 419 1679 416 1698 ship 0.5982
833 1280 855 1282 851 1330 830 1329 ship 0.5982
1148 487 1155 469 1210 489 1204 507 ship 0.5965
1909 1571 1905 1547 1984 1534 1988 1558 ship 0.5957
828 2130 833 2105 893 2117 888 2142 ship 0.5885
1140 699 1148 675 1214 697 1206 722 ship 0.5878
690 1576 705 1555 760 1594 744 1616 ship 0.5855
1037 910 1047 889 1110 920 1100 941 ship 0.5852
234 1607 241 1585 297 1604 289 1626 ship 0.5832
771 2071 768 2051 812 2045 815 2065 ship 0.5819
1678 2201 1678 2180 1728 2179 1729 2200 ship 0.5777
671 1635 679 1615 734 1637 726 1656 ship 0.5773
310 1332 319 1314 362 1337 352 1355 ship 0.5772
1890 2052 1893 2030 1946 2036 1943 2059 ship 0.5771
985 2222 990 2200 1045 2212 1040 2234 ship 0.5759
417 1479 422 1458 476 1469 472 1490 ship 0.5740
203 1729 208 1709 264 1723 259 1743 ship 0.5730
1891 2158 1891 2137 1943 2138 1943 2159 ship 0.5730
459 1566 468 1543 533 1569 524 1592 ship 0.5725
1343 1658 1344 1637 1394 1640 1393 1661 ship 0.5710
653 1663 666 1643 720 1678 706 1698 ship 0.5701
991 2178 992 2157 1044 2160 1042 2180 ship 0.5672
402 1553 407 1532 466 1545 461 1567 ship 0.5660
768 1879 770 1858 825 1862 823 1884 ship 0.5618
842 1877 843 1855 896 1858 895 1880 ship 0.5614
1021 768 1026 751 1072 764 1068 781 ship 0.5587
827 2184 831 2161 892 2171 889 2193 ship 0.5572
1698 1601 1697 1579 1752 1577 1752 1600 ship 0.5567
273 1456 279 1434 334 1449 329 1471 ship 0.5565
726 445 732 423 792 440 786 461 ship 0.5561
1069 683 1074 667 1113 681 1108 696 ship 0.5552
1179 1681 1179 1662 1221 1663 1221 1683 ship 0.5535
752 917 772 919 769 964 749 963 ship 0.5495
622 1071 641 1068 648 1112 628 1115 ship 0.5476
853 540 855 522 898 528 896 545 ship 0.5469
1900 1708 1901 1687 1953 1688 1952 1710 ship 0.5468
780 2147 779 2124 826 2121 828 2145 ship 0.5434
556 1351 572 1333 610 1367 594 1385 ship 0.5425
1071 667 1077 649 1123 663 1117 681 ship 0.5416
838 941 855 945 847 982 830 979 ship 0.5415
654 938 672 940 667 981 650 979 ship 0.5391
995 1901 997 1883 1042 1886 1041 1904 ship 0.5364
192 1786 198 1764 256 1779 250 1802 ship 0.5360
477 1536 485 1513 547 1533 540 1556 ship 0.5357
1222 515 1234 494 1296 530 1284 551 ship 0.5355
1232 500 1240 477 1306 503 1297 525 ship 0.5347
1896 1804 1899 1787 1937 1794 1934 1811 ship 0.5337
1694 1834 1694 1814 1740 1814 1740 1834 ship 0.5307
710 957 729 957 728 996 710 996 ship 0.5302
1343 1793 1344 1773 1392 1776 1391 1796 ship 0.5299
985 2092 986 2072 1041 2076 1040 2096 ship 0.5278
1685 2154 1683 2132 1731 2129 1732 2150 ship 0.5275
853 521 860 500 909 515 903 536 ship 0.5267
678 513 701 508 709 549 686 553 ship 0.5254
841 1822 840 1800 892 1797 894 1818 ship 0.5248
550 1008 569 1009 566 1059 547 1057 ship 0.5233
1741 2208 1739 2190 1791 2184 1793 2202 ship 0.5224
1969 1753 1970 1733 2015 1736 2013 1756 ship 0.5211
1891 1987 1892 1966 1947 1969 1946 1990 ship 0.5204
1898 1908 1897 1889 1943 1886 1944 1905 ship 0.5201
841 1988 842 1965 894 1967 894 1990 ship 0.5199
1344 1704 1345 1684 1392 1687 1390 1707 ship 0.5198
577 1829 587 1805 644 1829 634 1853 ship 0.5195
1756 1857 1752 1837 1794 1830 1798 1849 ship 0.5189
846 1769 846 1747 900 1747 899 1770 ship 0.5187
1185 570 1196 545 1274 578 1263 603 ship 0.5174
284 1395 294 1374 349 1402 338 1423 ship 0.5169
709 591 709 570 756 571 756 592 ship 0.5161
1143 673 1152 648 1225 672 1216 697 ship 0.5154
1342 1987 1343 1966 1388 1969 1387 1989 ship 0.5139
500 1045 518 1048 512 1091 493 1089 ship 0.5128
1747 2170 1744 2150 1788 2142 1792 2162 ship 0.5126
1040 758 1044 743 1081 752 1077 767 ship 0.5125
772 1923 770 1902 822 1899 823 1920 ship 0.5118
1005 1566 1006 1544 1064 1547 1063 1568 ship 0.5109
595 1023 611 1026 605 1063 589 1061 ship 0.5107
944 459 950 436 1005 450 999 473 ship 0.5104
1514 1816 1515 1794 1566 1794 1566 1817 ship 0.5099
1898 1755 1900 1736 1941 1741 1939 1760 ship 0.5089
1970 1691 1972 1666 2027 1670 2025 1695 ship 0.5086
668 1432 674 1405 743 1420 738 1446 ship 0.5080
1062 1762 1066 1746 1104 1756 1100 1772 ship 0.5078
779 1786 783 1766 835 1776 831 1795 ship 0.5062
1903 1618 1902 1599 1947 1598 1948 1617 ship 0.5056
1757 1605 1755 1583 1800 1580 1802 1602 ship 0.5042
1343 1838 1344 1819 1388 1823 1387 1842 ship 0.5041
1902 1596 1903 1574 1956 1577 1955 1599 ship 0.5039
995 1835 995 1816 1043 1816 1043 1836 ship 0.5038
454 1300 474 1294 492 1352 473 1358 ship 0.5021
791 1271 810 1274 803 1315 785 1312 ship 0.5021
1511 2178 1511 2160 1553 2160 1553 2178 ship 0.5017
1745 1567 1742 1544 1792 1538 1795 1561 ship 0.5015
1899 1879 1897 1861 1940 1855 1942 1873 ship 0.5010
1105 570 1115 552 1165 579 1155 597 ship 0.4985
1340 1924 1342 1906 1385 1910 1383 1928 ship 0.4979
890 1000 910 995 920 1037 900 1041 ship 0.4974
1904 1637 1902 1619 1946 1614 1948 1632 ship 0.4964
768 1833 770 1813 824 1818 822 1839 ship 0.4947
1506 2129 1508 2108 1560 2113 1557 2134 ship 0.4945
616 1376 622 1353 675 1367 669 1390 ship 0.4925
368 1283 389 1275 408 1325 387 1332 ship 0.4922
881 1134 901 1135 899 1182 879 1181 ship 0.4916
1040 2188 1040 2169 1084 2168 1084 2187 ship 0.4908
1221 2025 1220 2007 1261 2005 1262 2023 ship 0.4896
1897 2246 1896 2223 1943 2220 1945 2243 ship 0.4884
1690 1987 1691 1968 1736 1971 1735 1990 ship 0.4869
1755 1747 1751 1729 1794 1721 1798 1739 ship 0.4869
1144 2275 1148 2252 1205 2263 1201 2286 ship 0.4868
1740 2072 1739 2050 1792 2046 1794 2068 ship 0.4858
1581 1649 1576 1629 1620 1618 1625 1639 ship 0.4845
881 1294 899 1293 901 1337 883 1338 ship 0.4841
218 1654 226 1629 288 1650 279 1675 ship 0.4841
1702 1790 1701 1774 1738 1770 1740 1787 ship 0.4839
413 1294 430 1291 439 1338 421 1341 ship 0.4827
670 722 676 703 727 720 721 738 ship 0.4826
251 1529 258 1505 320 1524 313 1548 ship 0.4818
1560 2207 1562 2191 1603 2196 1601 2212 ship 0.4818
992 2160 993 2143 1037 2145 1036 2163 ship 0.4808
377 1633 384 1614 435 1632 429 1651 ship 0.4808
615 894 632 892 638 931 622 934 ship 0.4807
987 2132 985 2112 1039 2107 1041 2127 ship 0.4805
849 600 846 581 884 574 887 593 ship 0.4771
1972 1898 1967 1878 2013 1869 2017 1890 ship 0.4766
646 1239 664 1236 670 1273 653 1276 ship 0.4753
1513 1988 1515 1967 1562 1971 1560 1992 ship 0.4751
1051 1854 1053 1833 1099 1837 1098 1858 ship 0.4739
1575 1597 1573 1575 1623 1571 1624 1592 ship 0.4737
793 1761 793 1744 832 1744 832 1762 ship 0.4736
723 409 727 386 787 396 783 419 ship 0.4730
1966 1589 1966 1565 2031 1566 2031 1590 ship 0.4729
420 1496 424 1477 472 1486 468 1506 ship 0.4729
1127 556 1132 538 1184 553 1178 571 ship 0.4724
578 1066 599 1066 599 1109 578 1109 ship 0.4716
991 1006 994 986 1049 992 1047 1013 ship 0.4708
1181 406 1191 381 1255 407 1245 432 ship 0.4695
984 837 994 817 1045 842 1035 862 ship 0.4695
1119 1498 1135 1486 1164 1524 1148 1537 ship 0.4695
1039 737 1044 721 1082 732 1077 748 ship 0.4691
1399 1853 1400 1833 1442 1834 1442 1854 ship 0.4681
871 482 873 461 922 467 920 488 ship 0.4678
792 776 797 760 832 771 828 786 ship 0.4677
1388 2213 1386 2193 1430 2188 1432 2208 ship 0.4669
632 1036 647 1036 647 1073 631 1072 ship 0.4667
1338 2044 1339 2025 1385 2027 1384 2047 ship 0.4662
1082 653 1084 635 1135 641 1133 658 ship 0.4655
438 1197 453 1196 455 1225 441 1226 ship 0.4654
1900 1860 1897 1843 1936 1837 1939 1853 ship 0.4644
673 813 690 805 708 846 691 854 ship 0.4642
1902 1656 1903 1638 1947 1639 1946 1658 ship 0.4623
1227 1796 1224 1776 1268 1769 1271 1789 ship 0.4611
415 1791 415 1769 467 1769 468 1790 ship 0.4605
225 1842 231 1824 289 1842 283 1861 ship 0.4604
837 2041 838 2018 888 2020 887 2043 ship 0.4598
1093 801 1104 778 1163 805 1153 828 ship 0.4587
831 2088 830 2065 885 2064 886 2086 ship 0.4585
1346 1594 1347 1572 1394 1574 1393 1596 ship 0.4584
768 1986 767 1966 819 1963 820 1984 ship 0.4581
597 1172 618 1173 614 1221 593 1219 ship 0.4577
1259 436 1265 409 1333 425 1326 452 ship 0.4573
1898 1834 1895 1817 1933 1810 1936 1827 ship 0.4572
424 1456 429 1435 483 1447 478 1468 ship 0.4564
834 650 837 630 880 637 877 657 ship 0.4558
659 1186 678 1188 672 1233 653 1231 ship 0.4556
683 901 700 901 702 942 685 943 ship 0.4554
1566 2154 1565 2136 1609 2135 1610 2153 ship 0.4546
851 571 851 555 890 554 890 570 ship 0.4533
843 1724 844 1703 897 1705 896 1725 ship 0.4526
214 1684 221 1662 276 1681 269 1703 ship 0.4520
1343 2135 1341 2118 1383 2114 1384 2131 ship 0.4505
1338 2092 1341 2073 1391 2080 1388 2099 ship 0.4488
680 673 685 652 740 665 735 686 ship 0.4488
727 1265 744 1265 744 1300 727 1300 ship 0.4479
687 658 690 640 741 647 738 666 ship 0.4479
842 988 861 987 865 1023 846 1025 ship 0.4472
416 1760 420 1738 466 1745 463 1767 ship 0.4470
1955 2088 1976 2085 1982 2131 1960 2134 ship 0.4467
997 1793 997 1773 1048 1773 1048 1793 ship 0.4465
846 832 847 817 880 820 878 836 ship 0.4464
448 1373 450 1354 501 1359 499 1378 ship 0.4463
992 2024 996 2005 1039 2012 1036 2032 ship 0.4456
653 589 675 578 693 616 671 627 ship 0.4452
771 1969 770 1950 818 1947 819 1966 ship 0.4446
314 1861 317 1838 384 1846 381 1869 ship 0.4445
861 1133 880 1133 880 1175 862 1175 ship 0.4441
800 754 801 737 838 740 837 757 ship 0.4434
905 595 908 570 965 578 962 602 ship 0.4429
1353 1725 1349 1707 1388 1700 1391 1717 ship 0.4408
435 1295 454 1290 469 1342 450 1348 ship 0.4402
1174 1857 1172 1838 1216 1835 1217 1854 ship 0.4397
407 1522 410 1501 467 1509 464 1530 ship 0.4385
485 1199 503 1197 508 1239 490 1242 ship 0.4380
362 1712 368 1691 417 1705 411 1725 ship 0.4378
726 486 728 468 772 473 770 491 ship 0.4374
1893 2097 1898 2076 1948 2088 1943 2109 ship 0.4369
694 1252 712 1255 705 1295 687 1292 ship 0.4354
1239 1625 1238 1608 1274 1607 1275 1624 ship 0.4353
581 932 598 923 617 961 600 969 ship 0.4347
1743 2121 1747 2099 1791 2107 1787 2129 ship 0.4343
574 1220 593 1220 593 1261 575 1261 ship 0.4328
765 1105 782 1112 768 1147 751 1140 ship 0.4326
999 1745 999 1725 1046 1724 1046 1744 ship 0.4322
439 1690 440 1670 493 1673 492 1693 ship 0.4321
1703 1642 1703 1624 1746 1624 1747 1642 ship 0.4312
1159 2239 1162 2220 1208 2227 1205 2246 ship 0.4311
1900 1791 1901 1774 1937 1776 1936 1793 ship 0.4311
814 1121 833 1125 825 1165 805 1161 ship 0.4307
1690 1902 1690 1883 1732 1885 1731 1904 ship 0.4305
791 762 795 747 836 757 833 773 ship 0.4301
1891 1961 1898 1939 1951 1957 1945 1978 ship 0.4277
684 1042 701 1041 704 1083 686 1084 ship 0.4263
1513 1880 1513 1861 1559 1859 1559 1879 ship 0.4257
1185 1786 1183 1768 1224 1765 1225 1783 ship 0.4251
876 728 879 708 923 713 920 733 ship 0.4249
1701 1699 1700 1680 1741 1679 1742 1697 ship 0.4226
1175 2177 1172 2159 1207 2153 1210 2171 ship 0.4211
1226 1841 1227 1821 1269 1823 1268 1843 ship 0.4211
692 1097 712 1100 706 1139 686 1136 ship 0.4206
527 1008 547 1007 548 1053 528 1053 ship 0.4205
1514 1967 1514 1946 1557 1947 1557 1967 ship 0.4198
622 1231 641 1228 647 1269 628 1272 ship 0.4197
1007 1664 1002 1648 1038 1638 1043 1654 ship 0.4197
663 1245 682 1244 685 1283 666 1284 ship 0.4195
673 701 678 682 730 694 725 714 ship 0.4193
893 1247 912 1247 913 1292 894 1292 ship 0.4189
1008 793 1017 776 1062 800 1052 817 ship 0.4188
1523 1589 1521 1571 1561 1565 1564 1583 ship 0.4185
1062 1804 1065 1789 1096 1797 1093 1811 ship 0.4184
1051 2071 1050 2053 1092 2052 1093 2070 ship 0.4183
816 981 834 980 835 1018 817 1019 ship 0.4182
997 1854 997 1835 1042 1834 1043 1853 ship 0.4178
1006 1613 1003 1596 1042 1591 1045 1607 ship 0.4154
1109 589 1117 574 1159 596 1151 611 ship 0.4153
632 898 648 895 654 930 638 933 ship 0.4151
766 2022 766 2002 815 2001 816 2021 ship 0.4149
670 765 672 752 704 757 702 770 ship 0.4144
293 1367 301 1348 354 1373 345 1391 ship 0.4133
1511 2163 1511 2144 1554 2144 1554 2163 ship 0.4118
1564 2086 1563 2066 1607 2064 1608 2084 ship 0.4113
697 640 699 621 744 626 742 645 ship 0.4109
1507 1917 1508 1897 1553 1899 1552 1919 ship 0.4106
1751 1953 1746 1933 1793 1921 1798 1942 ship 0.4104
470 1142 486 1142 487 1177 472 1178 ship 0.4102
1169 2048 1173 2028 1216 2036 1212 2055 ship 0.4101
1397 2005 1398 1986 1438 1987 1438 2006 ship 0.4096
1226 1651 1232 1632 1277 1645 1272 1664 ship 0.4088
1333 2217 1329 2198 1370 2191 1374 2210 ship 0.4086
1178 1611 1179 1593 1218 1596 1217 1613 ship 0.4085
664 786 667 767 707 774 704 793 ship 0.4077
995 1969 993 1948 1040 1944 1042 1965 ship 0.4077
792 1224 810 1223 812 1266 794 1267 ship 0.4065
849 944 868 941 878 991 859 995 ship 0.4064
1568 1785 1572 1764 1619 1773 1615 1794 ship 0.4051
1525 1748 1522 1729 1560 1722 1564 1741 ship 0.4049
791 930 808 931 805 971 788 970 ship 0.4048
562 1062 582 1062 581 1106 561 1106 ship 0.4046
352 1744 357 1721 413 1734 408 1757 ship 0.4044
1520 1614 1521 1594 1562 1597 1560 1617 ship 0.4034
1222 2138 1223 2121 1264 2123 1263 2140 ship 0.4034
751 962 770 962 771 1001 752 1002 ship 0.4027
1697 1745 1699 1727 1738 1730 1737 1748 ship 0.4022
1957 1810 1959 1789 2007 1792 2006 1813 ship 0.4020
1388 2065 1393 2048 1435 2061 1430 2078 ship 0.4019
1340 2118 1340 2099 1387 2097 1387 2116 ship 0.4018
1346 1615 1344 1593 1392 1589 1394 1610 ship 0.4017
826 2213 827 2191 888 2194 887 2216 ship 0.4014
940 1019 958 1013 969 1049 951 1055 ship 0.4013
1007 1642 1002 1626 1039 1616 1043 1632 ship 0.4012
568 780 590 777 595 827 573 829 ship 0.4009
732 821 747 821 747 860 731 859 ship 0.4006
1042 2011 1043 1988 1095 1991 1094 2013 ship 0.4002
1334 2184 1333 2165 1375 2164 1376 2183 ship 0.4002
890 416 895 393 943 403 939 426 ship 0.3994
919 1147 936 1144 943 1183 926 1186 ship 0.3993
1005 1702 1003 1684 1046 1680 1047 1698 ship 0.3992
713 1100 732 1103 726 1144 707 1141 ship 0.3987
1169 2112 1170 2091 1213 2092 1212 2113 ship 0.3981
860 849 881 846 888 892 867 895 ship 0.3981
981 1289 998 1296 981 1338 964 1331 ship 0.3978
1747 1644 1747 1625 1790 1626 1789 1645 ship 0.3970
832 1121 851 1124 845 1163 827 1160 ship 0.3969
402 1869 401 1853 443 1851 443 1868 ship 0.3967
722 524 726 506 772 515 768 534 ship 0.3964
1339 2073 1341 2053 1388 2057 1386 2077 ship 0.3956
561 890 578 879 603 917 586 928 ship 0.3953
1065 1631 1066 1619 1096 1622 1095 1635 ship 0.3950
1066 1615 1068 1598 1105 1604 1102 1621 ship 0.3938
726 503 729 486 771 493 768 510 ship 0.3937
775 1219 793 1220 790 1260 772 1259 ship 0.3936
883 1088 899 1089 895 1128 879 1126 ship 0.3931
1004 814 1010 797 1052 811 1046 829 ship 0.3931
1576 1859 1574 1839 1616 1837 1617 1856 ship 0.3924
849 1750 847 1730 895 1724 898 1744 ship 0.3917
698 2221 701 2209 729 2216 726 2228 ship 0.3916
996 1812 995 1793 1042 1792 1043 1811 ship 0.3916
832 1239 849 1242 843 1278 827 1275 ship 0.3915
185 1824 191 1808 232 1823 226 1838 ship 0.3908
1698 1657 1699 1638 1746 1642 1744 1661 ship 0.3907
617 935 634 931 643 971 626 975 ship 0.3901
839 610 842 592 886 599 883 617 ship 0.3900
452 1047 467 1048 463 1079 448 1077 ship 0.3878
628 807 644 801 659 837 644 843 ship 0.3875
555 1212 574 1212 572 1254 554 1253 ship 0.3873
1891 1939 1898 1918 1947 1934 1941 1954 ship 0.3872
481 1503 487 1476 557 1492 551 1520 ship 0.3859
1052 1872 1054 1851 1099 1855 1098 1875 ship 0.3858
1510 2097 1509 2077 1555 2076 1555 2096 ship 0.3857
1749 2042 1744 2021 1792 2010 1797 2031 ship 0.3854
1233 1672 1237 1658 1271 1667 1267 1681 ship 0.3853
657 811 673 806 686 845 670 850 ship 0.3849
988 1057 995 1039 1045 1058 1038 1076 ship 0.3847
876 464 879 444 926 452 923 471 ship 0.3833
1235 1633 1240 1620 1269 1631 1264 1644 ship 0.3833
728 1100 746 1101 744 1144 726 1143 ship 0.3827
724 1203 742 1206 736 1251 717 1249 ship 0.3826
854 775 859 759 896 769 891 786 ship 0.3821
1214 2258 1222 2242 1260 2260 1253 2276 ship 0.3816
1172 1986 1171 1967 1214 1965 1215 1984 ship 0.3811
260 1506 267 1483 327 1500 320 1523 ship 0.3804
1062 1779 1065 1764 1100 1771 1097 1786 ship 0.3801
1224 1955 1222 1937 1267 1930 1270 1949 ship 0.3796
708 1200 726 1204 716 1243 698 1238 ship 0.3792
1004 1593 1004 1575 1050 1575 1050 1593 ship 0.3786
725 1053 741 1053 743 1087 727 1088 ship 0.3782
994 1935 993 1916 1039 1913 1040 1932 ship 0.3775
477 1196 493 1199 487 1234 470 1231 ship 0.3760
1226 1745 1226 1723 1271 1724 1271 1746 ship 0.3756
790 972 810 972 811 1017 791 1017 ship 0.3754
511 1202 528 1201 532 1241 514 1242 ship 0.3747
1523 1725 1524 1706 1567 1708 1566 1728 ship 0.3745
1562 2245 1560 2227 1604 2221 1607 2239 ship 0.3745
1053 1992 1051 1973 1097 1967 1100 1987 ship 0.3741
1001 1682 999 1663 1045 1656 1047 1676 ship 0.3741
905 621 904 601 949 599 950 618 ship 0.3741
726 960 745 960 745 996 726 996 ship 0.3739
892 1290 912 1285 925 1337 905 1342 ship 0.3737
1407 1902 1403 1887 1437 1878 1441 1894 ship 0.3732
1694 1768 1694 1750 1735 1750 1735 1768 ship 0.3731
1580 1736 1577 1716 1617 1710 1620 1730 ship 0.3730
1510 1901 1509 1881 1553 1879 1555 1898 ship 0.3720
900 1092 915 1094 910 1131 895 1129 ship 0.3717
1177 1801 1177 1782 1214 1783 1214 1802 ship 0.3713
1407 1732 1404 1713 1442 1708 1444 1728 ship 0.3713
659 2154 657 2141 687 2137 689 2150 ship 0.3704
1062 1937 1068 1922 1100 1934 1095 1949 ship 0.3692
610 1031 624 1030 627 1057 613 1058 ship 0.3688
881 711 881 692 925 692 925 711 ship 0.3685
1559 2221 1561 2203 1606 2210 1603 2228 ship 0.3681
472 1308 489 1301 509 1351 492 1358 ship 0.3670
920 963 937 962 940 999 924 1001 ship 0.3657
675 2185 677 2172 707 2177 705 2191 ship 0.3656
669 740 672 723 719 733 716 750 ship 0.3651
671 2162 676 2152 699 2164 694 2174 ship 0.3646
1062 1650 1065 1637 1094 1644 1091 1656 ship 0.3645
426 1133 443 1129 451 1167 434 1171 ship 0.3641
1179 1634 1178 1618 1212 1615 1213 1631 ship 0.3640
812 1230 831 1231 828 1274 810 1274 ship 0.3626
1754 1729 1750 1710 1791 1703 1794 1722 ship 0.3623
1899 1684 1896 1666 1942 1657 1945 1676 ship 0.3622
516 1154 531 1156 527 1191 512 1189 ship 0.3622
1566 2052 1567 2032 1612 2032 1612 2052 ship 0.3620
1393 2154 1394 2138 1431 2140 1430 2157 ship 0.3614
656 1044 672 1041 680 1082 664 1085 ship 0.3610
902 638 904 619 945 623 943 642 ship 0.3608
1055 1563 1059 1545 1101 1555 1097 1573 ship 0.3604
858 990 880 988 885 1032 864 1035 ship 0.3598
600 2042 589 2024 635 1996 646 2014 ship 0.3586
502 1317 520 1310 537 1354 520 1361 ship 0.3579
910 569 918 546 974 565 967 587 ship 0.3573
1750 1811 1754 1791 1799 1799 1795 1819 ship 0.3562
812 941 828 942 825 975 810 974 ship 0.3557
1224 1899 1223 1879 1266 1878 1267 1897 ship 0.3555
967 1110 985 1109 988 1154 970 1155 ship 0.3554
1342 1869 1343 1850 1384 1851 1384 1869 ship 0.3551
1222 2179 1222 2163 1258 2163 1258 2179 ship 0.3550
1573 1832 1575 1813 1618 1817 1616 1836 ship 0.3546
1516 1938 1513 1920 1551 1914 1554 1932 ship 0.3544
586 890 603 883 620 928 603 934 ship 0.3543
997 2010 998 1992 1039 1993 1038 2012 ship 0.3541
403 1833 403 1812 449 1812 450 1832 ship 0.3538
877 686 880 668 919 676 915 693 ship 0.3537
990 853 999 838 1037 860 1027 876 ship 0.3526
1569 1984 1571 1963 1615 1965 1614 1986 ship 0.3518
1185 1768 1183 1751 1219 1746 1221 1763 ship 0.3512
868 954 885 949 896 992 879 996 ship 0.3512
1171 2067 1172 2048 1214 2051 1212 2070 ship 0.3500
1690 2005 1691 1986 1734 1987 1734 2006 ship 0.3499
1527 1677 1528 1660 1561 1661 1561 1678 ship 0.3497
1051 1694 1056 1673 1101 1685 1096 1705 ship 0.3488
851 1247 866 1248 865 1279 849 1278 ship 0.3482
1528 2005 1528 1988 1570 1988 1570 2005 ship 0.3466
1753 1904 1751 1885 1794 1880 1796 1899 ship 0.3463
256 1373 274 1371 278 1404 260 1407 ship 0.3462
1181 1590 1183 1571 1229 1575 1228 1594 ship 0.3460
1344 1898 1345 1880 1386 1883 1385 1901 ship 0.3453
848 1861 847 1841 895 1838 896 1858 ship 0.3450
1002 1729 1001 1710 1047 1708 1048 1726 ship 0.3450
1224 2077 1224 2060 1260 2060 1260 2077 ship 0.3447
1182 1942 1178 1926 1207 1918 1212 1934 ship 0.3443
369 1169 387 1161 405 1198 387 1207 ship 0.3440
1691 1942 1690 1923 1732 1920 1734 1939 ship 0.3427
1172 2032 1173 2012 1215 2015 1214 2034 ship 0.3422
1351 1742 1347 1723 1384 1714 1389 1733 ship 0.3416
617 2070 612 2053 650 2042 655 2059 ship 0.3414
581 1020 598 1023 589 1063 573 1059 ship 0.3411
798 792 803 779 829 791 823 803 ship 0.3397
1176 1924 1175 1906 1215 1905 1215 1923 ship 0.3392
1569 1922 1569 1903 1614 1902 1614 1921 ship 0.3389
790 1940 786 1923 825 1914 829 1931 ship 0.3386
1054 2052 1053 2034 1094 2031 1095 2049 ship 0.3363
1754 2020 1749 1999 1793 1988 1798 2009 ship 0.3362
845 787 852 770 894 789 887 805 ship 0.3361
433 1666 436 1649 478 1658 474 1675 ship 0.3350
862 750 866 736 893 743 890 757 ship 0.3340
1222 2113 1224 2097 1259 2100 1258 2116 ship 0.3331
1690 1968 1690 1950 1732 1949 1733 1966 ship 0.3324
769 1854 770 1834 820 1839 818 1859 ship 0.3323
1002 894 1017 887 1032 918 1017 925 ship 0.3321
1347 1774 1346 1755 1392 1753 1393 1771 ship 0.3313
918 860 933 861 929 896 914 894 ship 0.3312
1742 1914 1747 1892 1799 1905 1793 1927 ship 0.3307
895 1140 912 1138 918 1178 901 1180 ship 0.3299
720 545 722 527 761 531 759 549 ship 0.3294
702 1050 717 1049 720 1084 704 1085 ship 0.3289
786 1072 802 1064 820 1101 804 1109 ship 0.3287
533 1210 549 1212 545 1247 529 1246 ship 0.3286
326 1310 337 1296 368 1321 357 1335 ship 0.3285
990 2045 992 2026 1037 2031 1035 2051 ship 0.3280
1005 1769 997 1752 1031 1736 1039 1753 ship 0.3278
1409 1593 1411 1575 1448 1578 1446 1596 ship 0.3277
829 671 830 653 872 656 870 674 ship 0.3272
419 1182 434 1185 428 1215 413 1213 ship 0.3261
871 742 874 723 914 729 911 748 ship 0.3256
739 1216 756 1216 755 1254 738 1253 ship 0.3255
1508 2241 1507 2221 1555 2219 1556 2239 ship 0.3255
1701 1919 1698 1903 1735 1898 1737 1914 ship 0.3252
1056 1960 1057 1940 1099 1942 1098 1962 ship 0.3251
1193 2160 1192 2146 1225 2143 1226 2157 ship 0.3241
681 942 700 941 704 987 685 989 ship 0.3235
271 1474 278 1455 328 1471 321 1490 ship 0.3232
748 1271 764 1273 761 1307 745 1305 ship 0.3231
998 1878 998 1860 1041 1860 1042 1878 ship 0.3230
746 825 762 825 762 864 746 864 ship 0.3223
1207 544 1216 522 1288 553 1278 574 ship 0.3222
1198 2010 1196 1993 1235 1989 1236 2006 ship 0.3214
1699 1683 1698 1665 1742 1662 1743 1680 ship 0.3211
778 960 798 963 791 1009 771 1005 ship 0.3195
936 964 953 961 961 1001 944 1004 ship 0.3188
1173 2196 1172 2178 1209 2176 1210 2193 ship 0.3185
934 1263 949 1264 946 1298 931 1296 ship 0.3184
777 1111 793 1114 787 1148 771 1145 ship 0.3183
1410 1632 1412 1616 1448 1619 1447 1635 ship 0.3174
806 725 809 709 848 716 845 732 ship 0.3162
1401 1880 1400 1863 1438 1860 1440 1877 ship 0.3142
1063 1585 1070 1569 1107 1584 1100 1601 ship 0.3141
1518 1767 1518 1748 1563 1749 1562 1768 ship 0.3129
1398 1990 1397 1971 1437 1970 1437 1989 ship 0.3128
209 1758 208 1744 251 1741 252 1755 ship 0.3124
1221 2157 1222 2140 1262 2142 1262 2159 ship 0.3122
769 919 790 921 785 967 765 965 ship 0.3115
1413 1613 1413 1596 1447 1597 1447 1614 ship 0.3112
996 1116 1015 1122 999 1167 981 1161 ship 0.3112
935 1141 951 1139 956 1181 939 1182 ship 0.3106
714 566 717 550 752 556 750 572 ship 0.3098
703 621 705 602 748 606 746 625 ship 0.3096
858 1286 878 1286 878 1333 858 1333 ship 0.3092
1401 1656 1404 1638 1444 1645 1441 1663 ship 0.3089
1745 1677 1746 1659 1788 1663 1786 1680 ship 0.3087
1398 1944 1398 1926 1439 1927 1438 1946 ship 0.3085
653 2142 652 2128 688 2125 689 2140 ship 0.3075
1758 1873 1755 1857 1792 1851 1795 1868 ship 0.3074
967 1279 982 1288 962 1322 947 1313 ship 0.3072
814 706 817 689 853 695 850 711 ship 0.3071
1338 2156 1338 2138 1379 2138 1379 2156 ship 0.3067
1223 2092 1224 2075 1260 2079 1259 2096 ship 0.3058
850 1127 867 1131 860 1166 842 1162 ship 0.3054
859 1082 876 1083 873 1125 855 1123 ship 0.3037
604 2054 600 2034 646 2025 650 2045 ship 0.3026
1050 2135 1052 2116 1091 2122 1088 2141 ship 0.3026
1395 2053 1398 2037 1437 2043 1435 2060 ship 0.3025
1181 2002 1177 1986 1205 1978 1210 1995 ship 0.3025
1571 2000 1573 1981 1613 1985 1611 2004 ship 0.3013
546 1059 563 1061 559 1099 542 1097 ship 0.3013
1053 1894 1055 1873 1100 1878 1098 1899 ship 0.3012
1050 710 1056 695 1095 712 1089 727 ship 0.3010
886 441 888 422 933 427 931 446 ship 0.2997
1045 2033 1045 2012 1093 2011 1093 2032 ship 0.2977
408 1842 416 1828 447 1846 440 1859 ship 0.2977
1061 1833 1065 1819 1095 1827 1092 1841 ship 0.2965
893 656 900 637 943 653 936 672 ship 0.2961
635 2101 634 2086 667 2083 668 2098 ship 0.2958
1350 1681 1345 1663 1381 1652 1386 1669 ship 0.2952
1220 2193 1223 2178 1258 2185 1255 2200 ship 0.2941
536 1160 550 1164 540 1199 526 1195 ship 0.2938
1357 1809 1354 1794 1387 1788 1389 1803 ship 0.2932
1059 866 1069 846 1122 874 1112 893 ship 0.2923
1360 2032 1357 2018 1391 2012 1394 2027 ship 0.2919
1570 1942 1566 1924 1609 1914 1613 1932 ship 0.2907
1549 2189 1546 2174 1584 2166 1587 2182 ship 0.2903
1178 1832 1175 1815 1212 1810 1214 1828 ship 0.2901
1052 2086 1056 2068 1093 2075 1089 2094 ship 0.2900
526 919 547 920 547 962 526 962 ship 0.2899
1190 2097 1188 2082 1228 2075 1230 2091 ship 0.2899
1759 1800 1755 1783 1794 1772 1799 1790 ship 0.2898
1571 1869 1575 1850 1617 1859 1613 1878 ship 0.2888
486 1144 502 1143 504 1185 487 1185 ship 0.2885
1055 1924 1058 1904 1101 1909 1099 1930 ship 0.2881
1756 1772 1753 1755 1793 1748 1796 1765 ship 0.2870
713 820 726 821 723 853 710 852 ship 0.2869
1220 1983 1219 1966 1261 1963 1262 1980 ship 0.2868
1751 1710 1750 1691 1789 1689 1790 1707 ship 0.2867
562 927 578 927 578 958 563 958 ship 0.2865
1461 2259 1466 2242 1503 2251 1498 2269 ship 0.2860
1398 1960 1399 1942 1438 1944 1437 1963 ship 0.2858
1980 1713 1981 1698 2015 1702 2013 1717 ship 0.2854
297 1425 299 1409 338 1414 336 1430 ship 0.2851
1889 2030 1890 2006 1954 2009 1953 2033 ship 0.2851
1938 1790 1940 1774 1970 1779 1967 1794 ship 0.2844
736 924 753 923 755 959 738 960 ship 0.2837
339 1281 354 1271 374 1301 359 1311 ship 0.2828
1399 1789 1401 1769 1443 1774 1440 1794 ship 0.2827
1387 2089 1390 2073 1429 2081 1426 2097 ship 0.2814
1226 1708 1226 1689 1267 1690 1267 1708 ship 0.2814
665 1488 667 1464 732 1471 729 1495 ship 0.2813
1518 1798 1517 1779 1562 1777 1563 1797 ship 0.2810
656 792 666 780 694 802 683 815 ship 0.2809
387 1152 400 1142 421 1168 408 1179 ship 0.2801
849 1792 846 1773 891 1766 894 1785 ship 0.2798
451 1702 453 1687 488 1693 485 1708 ship 0.2796
1512 2197 1512 2181 1550 2180 1550 2197 ship 0.2795
1187 1874 1185 1858 1221 1854 1223 1871 ship 0.2784
623 2079 622 2061 664 2060 664 2078 ship 0.2781
694 2217 691 2202 725 2196 728 2212 ship 0.2779
895 967 911 964 918 994 902 997 ship 0.2778
673 1092 690 1093 688 1125 671 1124 ship 0.2775
1398 2023 1398 2005 1435 2005 1435 2023 ship 0.2770
1522 1703 1522 1684 1562 1684 1562 1702 ship 0.2761
1390 2109 1394 2093 1430 2101 1427 2117 ship 0.2758
1579 1815 1576 1797 1614 1792 1616 1810 ship 0.2751
896 861 913 862 910 897 894 895 ship 0.2747
1585 1619 1583 1604 1615 1600 1617 1614 ship 0.2739
795 839 813 836 818 874 801 877 ship 0.2739
1364 1968 1361 1955 1390 1948 1393 1961 ship 0.2738
590 789 607 787 613 828 596 830 ship 0.2731
848 806 852 790 896 802 892 818 ship 0.2726
327 1823 330 1800 392 1808 389 1831 ship 0.2725
1193 2226 1193 2211 1229 2211 1229 2226 ship 0.2724
1194 1898 1194 1881 1230 1881 1230 1898 ship 0.2708
758 389 765 373 802 390 794 406 ship 0.2707
2141 1997 2165 1990 2182 2046 2157 2053 ship 0.2699
551 1169 565 1174 554 1206 540 1202 ship 0.2688
1581 1764 1586 1750 1614 1760 1609 1774 ship 0.2674
1694 1888 1693 1871 1730 1869 1730 1886 ship 0.2674
1531 1664 1524 1646 1553 1636 1560 1654 ship 0.2670
943 865 958 865 958 900 944 900 ship 0.2669
1181 1959 1176 1942 1207 1935 1211 1951 ship 0.2662
689 1194 705 1200 693 1233 677 1227 ship 0.2660
669 902 684 903 681 936 666 935 ship 0.2653
870 765 873 751 903 758 900 772 ship 0.2642
769 835 785 832 790 869 774 871 ship 0.2630
924 1015 940 1013 944 1044 928 1047 ship 0.2621
1751 2147 1748 2128 1789 2121 1793 2140 ship 0.2613
1186 338 1300 375 1100 976 987 939 harbor 0.5477
544 353 541 299 1280 254 1284 308 harbor 0.5329
521 971 550 853 1071 978 1042 1096 harbor 0.5323
1906 1493 2022 1500 1985 2152 1868 2145 harbor 0.5003
445 1230 474 1122 975 1259 945 1367 harbor 0.4249
452 1098 471 989 1022 1085 1003 1194 harbor 0.4240
782 1659 905 1664 884 2226 761 2221 harbor 0.4109
982 1504 1079 1500 1113 2296 1015 2300 harbor 0.4092
1716 1511 1808 1517 1758 2260 1666 2254 harbor 0.3951
685 1488 789 1526 590 2067 486 2028 harbor 0.3864
723 294 810 307 737 799 649 786 harbor 0.3795
886 195 1000 210 915 849 801 834 harbor 0.3795
337 1095 468 1063 657 1853 526 1884 harbor 0.3492
1152 1439 1248 1434 1292 2277 1195 2282 harbor 0.2964
1496 1512 1591 1509 1621 2267 1526 2271 harbor 0.2840
136 1473 278 1420 446 1872 304 1924 harbor 0.2693
1354 1487 1428 1484 1459 2280 1385 2283 harbor 0.2543
528 2080 649 2013 753 2198 632 2266 harbor 0.2500
327 908 346 837 563 896 544 967 harbor 0.1961
389 1413 399 1331 839 1385 829 1468 harbor 0.1912
106 1323 121 1248 347 1294 331 1368 harbor 0.1852
461 249 515 202 1025 788 971 834 harbor 0.1596
454 347 474 287 1158 517 1138 576 harbor 0.1556
113 1414 185 1311 422 1476 351 1578 harbor 0.1405
358 1454 497 1455 495 1939 355 1938 harbor 0.1402
1195 1428 1296 1414 1425 2321 1324 2336 harbor 0.1400
1514 434 1560 394 1878 762 1831 802 harbor 0.1387
411 755 440 670 1145 914 1116 999 harbor 0.1339
942 261 1056 258 1073 925 959 927 harbor 0.1310
1578 1518 1662 1513 1711 2267 1627 2273 harbor 0.1137
540 203 592 160 1035 701 983 744 harbor 0.1135
1413 1495 1498 1490 1539 2277 1454 2282 harbor 0.1111
1712 2305 1688 2202 1947 2141 1971 2243 harbor 0.1104
1014 1769 1073 1700 1918 2426 1859 2495 harbor 0.1021
