751 7 771 -15 805 13 785 37 plane 0.1047
1681 891 1696 883 1719 931 1704 938 large-vehicle 0.1502
1409 51 1420 55 1409 84 1398 80 large-vehicle 0.1149
596 1792 621 1798 601 1873 577 1867 large-vehicle 0.1075
643 1912 654 1905 672 1931 660 1939 large-vehicle 0.1002
2014 1593 2021 1571 2073 1588 2065 1610 ship 0.5881
2151 1708 2156 1681 2236 1697 2230 1725 ship 0.5489
2026 1545 2033 1520 2088 1537 2081 1561 ship 0.5415
2218 1453 2226 1431 2280 1451 2273 1473 ship 0.5051
2138 1240 2147 1219 2200 1241 2191 1262 ship 0.4672
2199 1502 2207 1481 2258 1501 2250 1522 ship 0.4655
1988 1639 1996 1617 2054 1636 2047 1658 ship 0.4520
2309 1779 2314 1758 2366 1771 2361 1792 ship 0.4490
2174 1574 2183 1553 2232 1573 2223 1594 ship 0.4425
2123 1727 2129 1710 2170 1723 2164 1740 ship 0.4291
901 1789 920 1796 902 1841 884 1833 ship 0.4081
2186 1548 2191 1528 2242 1541 2237 1561 ship 0.4071
2299 1810 2303 1790 2352 1802 2348 1821 ship 0.4049
2276 1889 2279 1868 2328 1876 2325 1896 ship 0.4002
2192 1754 2192 1735 2236 1735 2236 1753 ship 0.3990
1953 1805 1958 1788 2001 1800 1996 1817 ship 0.3975
2325 979 2345 964 2385 1016 2366 1031 ship 0.3928
1127 1957 1148 1964 1131 2019 1110 2012 ship 0.3920
2233 1403 2242 1380 2294 1400 2284 1423 ship 0.3904
2053 1447 2061 1428 2112 1450 2103 1469 ship 0.3877
1982 1688 1990 1669 2042 1691 2034 1711 ship 0.3861
2323 1574 2326 1557 2354 1562 2352 1578 ship 0.3811
2104 1787 2110 1772 2146 1784 2140 1799 ship 0.3799
2045 1480 2053 1458 2100 1478 2091 1499 ship 0.3788
971 1815 993 1825 971 1873 949 1863 ship 0.3768
2337 1536 2339 1519 2373 1524 2371 1541 ship 0.3680
1958 1749 1965 1727 2019 1745 2012 1766 ship 0.3648
2302 1626 2308 1608 2347 1619 2342 1638 ship 0.3635
2071 1416 2079 1397 2129 1417 2121 1436 ship 0.3614
2175 1792 2179 1775 2220 1786 2216 1803 ship 0.3556
1977 1712 1984 1693 2030 1709 2023 1729 ship 0.3549
531 886 535 867 579 876 574 895 ship 0.3511
835 1765 852 1776 824 1819 808 1809 ship 0.3475
431 1226 428 1205 475 1197 478 1219 ship 0.3446
2154 1864 2160 1853 2186 1868 2180 1880 ship 0.3381
2168 1820 2170 1803 2211 1807 2209 1825 ship 0.3233
323 1152 331 1136 375 1160 367 1175 ship 0.3231
2294 1830 2298 1812 2343 1823 2339 1840 ship 0.3192
548 1680 567 1682 562 1729 543 1727 ship 0.3138
2159 1838 2162 1820 2204 1825 2201 1843 ship 0.3061
865 84 881 68 915 102 900 118 ship 0.3043
2330 1554 2331 1538 2368 1542 2367 1558 ship 0.3037
2093 1838 2097 1821 2133 1828 2129 1846 ship 0.3015
2256 1960 2256 1937 2305 1939 2304 1962 ship 0.3010
688 416 690 396 731 401 728 422 ship 0.2980
2356 1473 2356 1453 2394 1454 2393 1474 ship 0.2962
2088 1861 2091 1844 2128 1851 2125 1868 ship 0.2956
2445 1525 2459 1532 2443 1564 2428 1557 ship 0.2954
1153 1757 1180 1763 1168 1812 1141 1805 ship 0.2953
1014 1712 1034 1718 1019 1762 999 1755 ship 0.2942
1950 1823 1956 1804 2003 1820 1997 1839 ship 0.2927
2285 1854 2289 1835 2338 1848 2333 1866 ship 0.2927
506 978 513 963 550 981 543 997 ship 0.2852
2161 1597 2167 1578 2212 1592 2207 1610 ship 0.2839
411 1263 421 1242 464 1263 454 1283 ship 0.2819
2263 1940 2260 1920 2302 1915 2305 1936 ship 0.2782
284 1437 281 1417 326 1409 329 1429 ship 0.2758
2192 1522 2199 1502 2247 1518 2240 1538 ship 0.2735
859 1657 878 1664 862 1708 843 1701 ship 0.2734
2318 1597 2318 1580 2352 1580 2352 1597 ship 0.2719
2096 1811 2103 1795 2142 1812 2135 1828 ship 0.2699
1983 1657 1989 1637 2044 1652 2038 1673 ship 0.2683
377 1028 377 1012 416 1011 417 1027 ship 0.2658
2151 1858 2153 1842 2192 1847 2190 1864 ship 0.2620
2390 1273 2378 1253 2417 1229 2429 1249 ship 0.2592
1958 1787 1963 1770 2004 1781 2000 1798 ship 0.2590
1938 1849 1943 1825 1997 1837 1992 1861 ship 0.2585
2088 1364 2095 1344 2157 1365 2150 1384 ship 0.2584
326 1172 332 1158 367 1172 361 1186 ship 0.2514
2269 926 2285 912 2320 953 2304 967 ship 0.2499
442 778 446 758 494 770 490 789 ship 0.2489
1969 1731 1973 1711 2021 1720 2017 1741 ship 0.2472
300 1509 295 1490 337 1480 342 1498 ship 0.2469
345 1086 350 1072 387 1084 382 1099 ship 0.2376
821 1765 834 1775 812 1805 799 1795 ship 0.2374
2073 1882 2082 1866 2111 1883 2101 1899 ship 0.2373
2091 1241 2107 1243 2104 1283 2088 1281 ship 0.2369
2129 1753 2130 1740 2158 1744 2156 1756 ship 0.2366
2155 1887 2164 1878 2184 1895 2176 1905 ship 0.2360
1147 1965 1167 1971 1150 2026 1130 2020 ship 0.2302
2194 1770 2193 1755 2229 1753 2230 1769 ship 0.2294
766 1748 783 1757 762 1799 745 1791 ship 0.2285
2139 1916 2141 1900 2181 1907 2178 1923 ship 0.2276
301 1219 305 1202 351 1213 347 1230 ship 0.2270
2226 1436 2230 1416 2283 1428 2279 1447 ship 0.2226
2117 1303 2122 1284 2164 1294 2160 1312 ship 0.2216
1954 1768 1957 1750 2000 1757 1997 1776 ship 0.2181
735 1622 754 1627 742 1674 723 1669 ship 0.2173
827 140 841 128 866 156 852 169 ship 0.2165
300 1532 292 1511 345 1492 352 1513 ship 0.2163
531 1674 548 1678 539 1722 522 1718 ship 0.2146
1085 1944 1101 1955 1066 2002 1051 1991 ship 0.2145
2208 1487 2211 1466 2257 1474 2253 1495 ship 0.2122
570 1691 584 1697 570 1731 556 1726 ship 0.2115
2300 1793 2304 1776 2335 1784 2331 1802 ship 0.2096
293 1414 290 1400 321 1394 324 1408 ship 0.2087
282 1342 284 1324 327 1328 325 1347 ship 0.2050
2339 1469 2350 1458 2368 1476 2357 1487 ship 0.2033
577 341 588 323 635 354 624 371 ship 0.2031
580 1000 600 996 608 1034 588 1038 ship 0.2021
689 187 696 171 735 188 728 204 ship 0.1990
2102 1770 2111 1757 2133 1771 2124 1784 ship 0.1971
2337 1580 2343 1570 2362 1581 2356 1591 ship 0.1951
666 1593 685 1597 675 1642 656 1638 ship 0.1923
276 1360 280 1340 326 1349 322 1369 ship 0.1846
806 1637 825 1643 810 1690 791 1684 ship 0.1786
642 1707 657 1716 633 1755 618 1746 ship 0.1778
429 1602 446 1615 416 1655 399 1643 ship 0.1775
684 1722 705 1728 690 1780 668 1774 ship 0.1757
2271 1913 2272 1898 2308 1901 2307 1917 ship 0.1743
2205 1589 2215 1581 2233 1601 2223 1609 ship 0.1722
2087 1378 2090 1363 2131 1372 2128 1387 ship 0.1708
2362 1484 2370 1472 2391 1488 2383 1499 ship 0.1701
1661 38 1684 14 1825 145 1802 170 ship 0.1700
349 1670 367 1659 392 1700 375 1711 ship 0.1699
588 1693 602 1700 586 1735 572 1728 ship 0.1682
2341 1502 2346 1489 2368 1497 2363 1510 ship 0.1678
384 965 389 944 432 955 427 975 ship 0.1671
2147 1363 2148 1349 2191 1352 2190 1365 ship 0.1668
284 1457 279 1440 321 1427 326 1444 ship 0.1666
514 1676 530 1681 519 1719 503 1715 ship 0.1661
310 1183 321 1168 362 1197 350 1213 ship 0.1622
2171 1772 2170 1759 2198 1758 2198 1771 ship 0.1621
893 43 899 25 941 39 934 58 ship 0.1605
2352 1450 2353 1435 2384 1438 2383 1453 ship 0.1591
567 408 573 393 607 405 601 420 ship 0.1576
536 916 538 900 570 903 569 919 ship 0.1567
529 551 535 533 571 545 566 563 ship 0.1551
508 962 511 943 553 951 550 970 ship 0.1539
594 1559 624 1569 605 1623 576 1613 ship 0.1529
2329 1447 2341 1436 2361 1457 2348 1469 ship 0.1500
2196 1727 2203 1713 2236 1728 2229 1742 ship 0.1492
1072 1642 1099 1651 1084 1693 1058 1683 ship 0.1490
590 973 603 959 631 986 618 1000 ship 0.1458
2136 1790 2139 1780 2160 1785 2157 1796 ship 0.1440
2161 1613 2167 1595 2209 1610 2202 1628 ship 0.1428
559 802 565 785 596 795 591 813 ship 0.1421
1964 1374 1979 1372 1987 1421 1972 1423 ship 0.1420
2334 1608 2339 1596 2360 1606 2355 1618 ship 0.1415
605 1705 617 1713 600 1736 588 1727 ship 0.1388
2083 1388 2092 1371 2136 1394 2127 1411 ship 0.1385
2145 1818 2147 1806 2170 1812 2168 1823 ship 0.1352
2261 1505 2272 1498 2287 1520 2276 1527 ship 0.1339
2286 1405 2297 1395 2314 1416 2303 1426 ship 0.1336
21 32 23 14 66 20 63 38 ship 0.1327
353 1108 359 1095 386 1106 380 1120 ship 0.1326
397 1712 415 1704 431 1742 413 1750 ship 0.1304
2313 1519 2321 1510 2337 1525 2329 1534 ship 0.1283
671 466 676 444 723 454 718 476 ship 0.1271
837 129 851 116 879 147 865 159 ship 0.1253
684 437 685 417 729 419 728 439 ship 0.1247
585 1793 607 1790 616 1843 595 1847 ship 0.1224
852 100 866 85 897 115 882 130 ship 0.1216
362 1035 368 1017 410 1032 404 1049 ship 0.1206
384 1009 387 992 421 996 418 1013 ship 0.1200
1225 1992 1241 1999 1220 2047 1204 2040 ship 0.1191
349 1070 356 1054 392 1070 385 1086 ship 0.1169
1106 1951 1124 1961 1098 2006 1080 1996 ship 0.1165
399 1586 417 1593 402 1633 384 1626 ship 0.1158
844 1781 864 1789 841 1843 822 1835 ship 0.1157
2134 1700 2136 1682 2168 1685 2166 1703 ship 0.1155
623 603 633 580 678 600 668 622 ship 0.1143
796 1757 812 1766 792 1803 776 1794 ship 0.1143
1775 141 1791 133 1809 168 1792 176 ship 0.1140
427 1662 415 1647 454 1617 466 1632 ship 0.1135
1968 1868 1974 1852 2005 1864 1999 1880 ship 0.1130
2052 1407 2059 1397 2079 1411 2071 1421 ship 0.1119
740 1829 758 1820 776 1854 758 1863 ship 0.1116
2315 1423 2324 1411 2346 1429 2336 1441 ship 0.1083
312 1238 317 1221 355 1231 350 1249 ship 0.1075
2266 1455 2278 1447 2294 1471 2282 1479 ship 0.1070
549 973 561 961 586 984 574 997 ship 0.1067
2134 1263 2136 1244 2179 1248 2177 1267 ship 0.1066
291 1324 296 1309 326 1318 321 1334 ship 0.1059
2367 1435 2369 1419 2404 1424 2402 1440 ship 0.1032
2079 1777 2091 1767 2109 1787 2097 1797 ship 0.1032
2377 1517 2390 1512 2400 1537 2386 1542 ship 0.1015
2279 992 2304 973 2344 1026 2319 1045 ship 0.1014
2289 1441 2302 1437 2308 1460 2296 1463 ship 0.1003
1273 838 1307 858 1258 941 1224 921 tennis-court 0.1261
1490 1646 1565 1637 1577 1727 1502 1737 roundabout 0.2576
1265 1787 1289 1799 1267 1842 1243 1829 harbor 0.3482
1282 1905 1287 1878 1332 1885 1327 1913 harbor 0.3160
1023 2021 1031 1950 1234 1973 1225 2044 harbor 0.2545
588 1553 621 1563 604 1624 571 1615 harbor 0.2527
2292 1433 2406 1435 2403 1649 2289 1648 harbor 0.2394
1983 1449 2066 1454 2036 1911 1952 1905 harbor 0.2336
2153 1341 2336 1347 2321 1885 2138 1880 harbor 0.2241
690 1720 713 1730 687 1793 664 1783 harbor 0.2017
969 1657 989 1666 962 1723 943 1714 harbor 0.1900
580 755 583 737 635 745 633 762 harbor 0.1774
1672 121 1688 131 1625 227 1609 216 harbor 0.1735
2032 1407 2159 1408 2156 1944 2029 1944 harbor 0.1624
699 102 714 81 752 109 736 130 harbor 0.1508
447 1490 432 1466 470 1441 485 1465 harbor 0.1459
2291 1157 2310 1161 2299 1212 2281 1208 harbor 0.1431
546 792 584 692 740 749 703 850 harbor 0.1418
457 964 459 875 704 880 702 969 harbor 0.1361
808 1833 869 1765 1004 1886 943 1954 harbor 0.1309
495 1770 503 1682 723 1701 715 1789 harbor 0.1281
920 1918 930 1894 988 1917 978 1942 harbor 0.1230
595 736 553 647 711 572 753 661 harbor 0.1228
1073 1943 1089 1949 1069 1996 1053 1989 harbor 0.1224
765 1751 784 1760 762 1808 743 1799 harbor 0.1164
764 18 776 -2 812 18 800 38 harbor 0.1161
272 1231 292 1154 529 1214 509 1292 harbor 0.1140
666 1583 687 1590 667 1645 647 1638 harbor 0.1124
2063 1317 2108 1228 2365 1358 2321 1447 harbor 0.1087
418 857 428 844 456 865 447 877 harbor 0.1082
450 712 456 696 498 712 492 727 harbor 0.1016
1273 838 1307 858 1258 941 1224 921 swimming-pool 0.6333
314 1934 338 1919 364 1962 340 1976 swimming-pool 0.4131
2591 1928 2608 1928 2607 1975 2590 1975 swimming-pool 0.1721
