1361 1799 1407 1795 1412 1861 1366 1865 plane 0.1129
2981 1675 3020 1670 3041 1853 3001 1857 large-vehicle 0.1292
1281 1934 1308 1928 1334 2053 1307 2059 large-vehicle 0.1104
4198 1399 4200 1361 4291 1364 4290 1403 ship 0.3090
2669 1361 2711 1365 2703 1468 2660 1465 ship 0.2873
1738 1121 1767 1140 1718 1211 1689 1191 ship 0.2621
2565 1422 2598 1417 2609 1495 2577 1500 ship 0.2492
2785 1432 2815 1442 2790 1512 2761 1501 ship 0.2357
1446 944 1474 927 1516 996 1488 1012 ship 0.2034
3593 1482 3574 1425 3682 1388 3701 1445 ship 0.1836
4112 1320 4151 1314 4165 1406 4125 1412 ship 0.1829
3432 1490 3454 1470 3495 1516 3473 1536 ship 0.1755
1542 1057 1569 1078 1528 1132 1500 1111 ship 0.1610
1538 1006 1565 999 1579 1058 1552 1064 ship 0.1512
1488 976 1510 960 1550 1013 1528 1030 ship 0.1358
2295 1384 2327 1385 2325 1459 2293 1458 ship 0.1270
1530 1927 1574 1944 1530 2062 1486 2046 ship 0.1260
1740 1957 1769 1973 1727 2052 1697 2037 ship 0.1211
1601 1061 1628 1075 1593 1146 1566 1132 ship 0.1192
1376 460 1373 427 1449 418 1452 451 ship 0.1170
2549 1407 2577 1412 2561 1486 2533 1480 ship 0.1125
4169 1430 4196 1409 4259 1492 4231 1513 ship 0.1103
2443 1360 2465 1365 2449 1437 2426 1432 ship 0.1068
3818 1486 3858 1483 3869 1643 3829 1646 ship 0.1066
1613 1055 1638 1053 1643 1108 1618 1111 ship 0.1029
1452 979 1479 985 1467 1042 1439 1036 ship 0.1023
2633 1441 2656 1449 2633 1509 2610 1500 ship 0.1005
1661 21 1759 40 1738 145 1640 126 storage-tank 0.2400
4436 1367 4515 1365 4523 1684 4443 1686 harbor 0.3542
3587 1440 3662 1422 3712 1631 3637 1649 harbor 0.2673
3172 1429 3282 1429 3283 1859 3172 1860 harbor 0.1398
4106 1342 4225 1305 4317 1602 4198 1639 harbor 0.1100
4467 1372 4492 1342 4550 1390 4525 1420 harbor 0.1099
