207 512 237 512 237 561 207 562 plane 0.1539
2657 1988 2675 1975 2700 2010 2682 2023 plane 0.1509
2359 1194 2400 1196 2397 1256 2357 1255 plane 0.1415
2059 2265 2065 2235 2109 2243 2104 2273 plane 0.1187
1153 2186 1152 2175 1174 2173 1175 2183 small-vehicle 0.1073
2224 2072 2248 2056 2299 2134 2275 2150 large-vehicle 0.1336
987 2261 985 2243 1026 2237 1028 2256 large-vehicle 0.1131
1726 384 1752 392 1726 471 1700 462 large-vehicle 0.1093
2586 2247 2601 2236 2640 2289 2625 2300 large-vehicle 0.1089
982 887 1006 896 980 962 957 953 large-vehicle 0.1054
2780 2159 2795 2149 2826 2192 2812 2202 large-vehicle 0.1039
1492 1123 1523 1135 1481 1242 1450 1230 large-vehicle 0.1017
472 1450 501 1318 1389 1517 1360 1649 ship 0.3547
150 1806 170 1791 202 1836 182 1850 ship 0.3129
216 1859 212 1837 260 1829 263 1852 ship 0.3012
200 1560 227 1539 263 1587 235 1608 ship 0.2721
207 700 223 699 226 741 210 742 ship 0.2706
244 1131 265 1129 269 1180 248 1182 ship 0.2559
2080 1949 2090 1933 2120 1951 2110 1967 ship 0.2505
205 1906 206 1887 239 1888 239 1908 ship 0.2373
3070 1749 3110 1737 3133 1811 3093 1823 ship 0.2256
151 1712 174 1706 186 1751 162 1757 ship 0.2223
176 1555 206 1546 221 1594 191 1603 ship 0.2221
1859 982 1881 956 1991 1048 1969 1074 ship 0.2211
279 718 297 707 319 744 301 755 ship 0.2109
2211 1236 2240 1247 2219 1301 2189 1289 ship 0.2037
1670 1716 1639 1454 3096 1283 3127 1545 ship 0.1990
1797 1001 1811 982 1850 1011 1836 1030 ship 0.1979
2083 2317 2085 2289 2136 2293 2134 2321 ship 0.1940
208 1123 232 1120 237 1165 214 1168 ship 0.1855
1239 1910 1238 1887 1303 1886 1304 1909 ship 0.1819
2921 1561 2915 1540 2950 1530 2956 1551 ship 0.1776
531 1265 582 1135 1407 1456 1356 1587 ship 0.1762
198 787 217 787 219 834 200 835 ship 0.1745
182 870 218 871 216 928 180 927 ship 0.1682
1137 718 1279 623 1986 1667 1844 1762 ship 0.1660
167 1472 179 1454 210 1476 198 1493 ship 0.1656
2211 2429 2228 2420 2243 2448 2227 2457 ship 0.1638
212 1804 216 1787 253 1796 249 1813 ship 0.1629
207 512 237 512 237 561 207 562 ship 0.1585
2814 1329 2840 1309 2869 1349 2842 1368 ship 0.1581
185 1231 206 1213 238 1250 217 1268 ship 0.1577
221 1506 230 1490 255 1502 246 1519 ship 0.1572
284 710 295 687 341 709 330 731 ship 0.1553
180 2094 198 2089 208 2127 190 2132 ship 0.1551
-112 258 -137 160 112 97 137 195 ship 0.1495
3181 1590 3205 1582 3226 1643 3202 1652 ship 0.1492
212 614 233 607 247 654 225 660 ship 0.1473
228 707 242 706 243 740 229 741 ship 0.1379
2918 1616 2939 1597 2968 1629 2948 1648 ship 0.1343
251 1125 274 1115 298 1176 276 1185 ship 0.1318
229 1548 236 1524 276 1534 269 1558 ship 0.1292
243 1237 258 1218 293 1244 278 1264 ship 0.1270
3125 1752 3141 1744 3163 1789 3147 1797 ship 0.1268
2163 2110 2184 2103 2200 2157 2178 2163 ship 0.1230
3100 1841 3107 1820 3163 1839 3156 1861 ship 0.1230
2009 2317 2027 2294 2069 2327 2052 2350 ship 0.1229
3180 1706 3206 1705 3209 1761 3183 1762 ship 0.1227
163 1854 173 1837 204 1853 194 1871 ship 0.1174
2200 2410 2216 2402 2229 2426 2213 2434 ship 0.1173
222 1963 227 1946 259 1955 255 1972 ship 0.1148
274 687 276 670 307 674 305 690 ship 0.1141
2032 1999 2055 1985 2102 2059 2079 2074 ship 0.1131
2161 2400 2181 2391 2195 2425 2175 2433 ship 0.1128
220 326 240 325 241 371 221 372 ship 0.1125
2209 2561 2221 2541 2263 2566 2252 2586 ship 0.1120
234 701 248 696 259 725 245 730 ship 0.1113
547 421 563 408 599 452 583 465 ship 0.1108
2116 2422 2138 2416 2147 2450 2126 2457 ship 0.1105
236 1427 249 1406 284 1428 271 1449 ship 0.1103
2974 1530 2970 1509 3013 1500 3018 1520 ship 0.1099
259 660 266 642 306 656 299 675 ship 0.1097
170 1901 183 1885 211 1907 198 1924 ship 0.1087
2207 2451 2223 2441 2238 2465 2221 2475 ship 0.1087
2972 1511 2966 1490 3016 1476 3022 1497 ship 0.1066
2179 2102 2201 2093 2229 2161 2207 2169 ship 0.1065
516 1928 539 1799 2684 2179 2661 2308 ship 0.1063
2059 2265 2065 2235 2109 2243 2104 2273 ship 0.1062
1551 962 1570 952 1590 993 1571 1002 ship 0.1056
2212 2489 2237 2481 2252 2525 2227 2533 ship 0.1046
974 893 997 899 981 962 959 956 ship 0.1039
2252 1893 2279 1884 2305 1962 2277 1971 ship 0.1034
3054 1782 3083 1776 3094 1831 3064 1836 ship 0.1033
2308 2366 2332 2354 2359 2409 2335 2421 ship 0.1030
2078 1976 2099 1961 2139 2018 2118 2033 ship 0.1023
260 1092 266 1067 316 1077 311 1102 ship 0.1023
260 1557 276 1536 311 1563 295 1584 ship 0.1010
2423 173 2500 181 2491 271 2414 263 roundabout 0.1426
2207 1134 2248 1150 2224 1209 2183 1192 harbor 0.3360
2288 1179 2333 1180 2331 1249 2287 1248 harbor 0.2981
496 263 528 291 472 354 440 325 harbor 0.2592
3040 1540 3072 1548 3061 1599 3028 1591 harbor 0.2458
176 985 201 982 206 1021 182 1024 harbor 0.2199
2755 1252 2791 1246 2801 1302 2765 1309 harbor 0.1931
178 1409 192 1384 231 1406 217 1430 harbor 0.1879
176 1231 201 1213 229 1252 203 1270 harbor 0.1801
175 873 210 871 213 922 177 924 harbor 0.1770
1586 2281 1553 2096 2647 1901 2680 2085 harbor 0.1731
2354 1189 2397 1195 2387 1263 2344 1257 harbor 0.1724
211 611 235 610 236 657 212 657 harbor 0.1610
557 771 618 646 1971 1310 1910 1434 harbor 0.1607
259 1460 287 1249 1374 1395 1345 1607 harbor 0.1602
2912 1286 2944 1280 2953 1332 2922 1338 harbor 0.1602
1670 1716 1639 1454 3096 1283 3127 1545 harbor 0.1555
2885 1679 2899 1665 2939 1702 2925 1716 harbor 0.1554
2972 1612 2992 1608 3000 1649 2979 1653 harbor 0.1525
2451 1258 2459 1228 2509 1240 2502 1270 harbor 0.1456
2009 2317 2027 2294 2069 2327 2052 2350 harbor 0.1332
2599 1250 2645 1251 2643 1314 2598 1313 harbor 0.1313
2116 2426 2142 2421 2150 2459 2124 2464 harbor 0.1291
207 512 237 512 237 561 207 562 harbor 0.1237
1899 2653 1888 2562 2156 2528 2168 2618 harbor 0.1194
3181 1590 3205 1582 3226 1643 3202 1652 harbor 0.1156
680 403 707 420 660 498 633 482 harbor 0.1096
239 1412 260 1390 295 1424 274 1446 harbor 0.1073
2849 1265 2879 1266 2878 1318 2848 1317 harbor 0.1041
431 2019 452 2006 474 2040 453 2054 swimming-pool 0.4430
1504 148 1494 118 1546 99 1557 129 swimming-pool 0.3702
2745 156 2763 140 2794 174 2776 190 swimming-pool 0.3510
2069 1482 2060 1461 2100 1446 2108 1466 swimming-pool 0.3459
587 1452 590 1425 639 1431 636 1458 swimming-pool 0.2906
836 591 859 594 853 650 830 648 swimming-pool 0.2493
287 2285 289 2264 325 2268 323 2289 swimming-pool 0.2251
2702 1441 2721 1450 2700 1491 2681 1482 swimming-pool 0.1947
746 2129 748 2110 782 2114 780 2133 swimming-pool 0.1805
398 2020 417 2009 434 2039 414 2050 swimming-pool 0.1567
2728 157 2746 146 2766 180 2749 191 swimming-pool 0.1461
1499 108 1500 85 1544 87 1543 110 swimming-pool 0.1112
2094 1468 2104 1451 2140 1471 2130 1488 swimming-pool 0.1078
1495 169 1504 150 1534 163 1526 182 swimming-pool 0.1008
2059 2265 2065 2235 2109 2243 2104 2273 helicopter 0.1324
283 2292 277 2271 315 2259 322 2280 helicopter 0.1053
