753 398 753 379 793 378 794 397 small-vehicle 0.1414
974 1611 991 1601 1011 1634 995 1644 small-vehicle 0.1297
768 806 780 805 783 829 772 831 small-vehicle 0.1179
970 1473 983 1467 996 1493 983 1499 small-vehicle 0.1170
988 1646 999 1638 1018 1663 1007 1671 small-vehicle 0.1126
807 993 815 988 825 1007 817 1011 small-vehicle 0.1110
720 1958 739 1947 767 1995 748 2006 ship 0.4931
198 447 228 440 249 530 218 537 ship 0.4593
222 665 253 658 275 748 243 756 ship 0.4422
391 1148 416 1138 441 1204 416 1214 ship 0.4392
333 938 358 929 379 992 354 1000 ship 0.3808
731 1929 756 1906 815 1971 790 1993 ship 0.3301
970 1049 996 1040 1018 1105 992 1114 ship 0.1925
890 1272 904 1267 914 1299 900 1303 ship 0.1459
257 508 273 502 287 541 272 546 ship 0.1362
391 1143 397 1122 440 1133 435 1154 ship 0.1212
780 1795 787 1781 820 1797 813 1811 ship 0.1033
241 545 228 446 399 423 412 522 harbor 0.7956
486 1401 454 1317 605 1259 638 1342 harbor 0.7832
547 1623 519 1566 696 1480 723 1536 harbor 0.7783
262 758 237 670 433 614 458 702 harbor 0.7718
194 291 193 222 352 220 353 289 harbor 0.7687
363 989 341 922 497 871 519 938 harbor 0.7474
426 1223 394 1134 550 1078 582 1167 harbor 0.7362
671 1849 655 1788 743 1765 759 1825 harbor 0.6018
713 1938 757 1869 847 1928 803 1997 harbor 0.4164
