635 382 647 391 627 418 615 409 plane 0.1042
152 18 156 -9 305 9 302 37 bridge 0.1005
168 368 177 354 209 373 200 387 small-vehicle 0.5556
283 378 290 362 325 378 318 395 small-vehicle 0.5492
134 349 153 362 129 397 110 383 small-vehicle 0.5392
153 387 164 372 199 397 188 412 small-vehicle 0.5147
967 1217 984 1210 998 1249 981 1256 small-vehicle 0.5110
202 494 213 480 247 504 237 519 small-vehicle 0.5092
185 340 193 323 233 340 225 357 small-vehicle 0.4986
141 408 151 392 186 414 175 431 small-vehicle 0.4847
250 429 259 415 292 437 282 451 small-vehicle 0.4383
351 275 359 257 396 273 389 291 small-vehicle 0.4351
226 460 234 446 267 463 259 478 small-vehicle 0.4084
261 413 270 396 303 413 295 430 small-vehicle 0.3987
192 511 201 500 231 523 223 534 small-vehicle 0.3724
931 1228 950 1223 960 1261 941 1266 small-vehicle 0.3678
311 342 319 329 349 346 341 359 small-vehicle 0.3338
988 1136 981 1112 1032 1099 1039 1123 small-vehicle 0.3295
220 285 230 270 261 292 251 306 small-vehicle 0.3143
126 424 136 411 166 432 156 446 small-vehicle 0.2921
261 628 274 638 250 668 237 657 small-vehicle 0.2914
98 541 89 526 124 506 132 521 small-vehicle 0.2789
295 706 284 692 312 670 322 684 small-vehicle 0.2679
273 688 267 675 300 661 306 674 small-vehicle 0.2645
235 270 242 255 272 270 265 285 small-vehicle 0.2597
276 637 291 647 270 680 255 670 small-vehicle 0.2567
290 1221 299 1206 330 1224 321 1239 small-vehicle 0.2563
404 188 412 175 443 195 435 207 small-vehicle 0.2174
133 716 156 718 151 759 128 756 small-vehicle 0.2132
268 204 278 185 320 205 311 224 small-vehicle 0.2119
230 655 218 643 242 619 254 630 small-vehicle 0.2067
417 170 426 156 457 175 448 189 small-vehicle 0.2006
1048 1192 1071 1188 1079 1227 1056 1232 small-vehicle 0.1899
554 101 546 85 587 65 595 82 small-vehicle 0.1884
905 1124 922 1122 926 1162 908 1164 small-vehicle 0.1771
307 723 297 709 325 689 335 703 small-vehicle 0.1670
195 323 203 305 242 321 234 340 small-vehicle 0.1663
314 154 314 134 362 134 362 154 small-vehicle 0.1660
117 575 109 559 149 540 156 557 small-vehicle 0.1635
320 740 309 725 338 703 349 717 small-vehicle 0.1633
111 560 104 544 140 528 147 544 small-vehicle 0.1565
41 441 31 424 70 402 79 418 small-vehicle 0.1564
599 1106 590 1091 623 1071 632 1086 small-vehicle 0.1545
942 1120 959 1117 966 1151 949 1154 small-vehicle 0.1486
356 783 347 763 386 745 396 765 small-vehicle 0.1442
579 1073 569 1062 593 1040 603 1051 small-vehicle 0.1436
83 528 75 515 110 494 118 508 small-vehicle 0.1412
588 1086 581 1074 608 1058 615 1070 small-vehicle 0.1383
139 354 163 353 165 402 142 403 small-vehicle 0.1354
505 981 498 968 528 952 535 965 small-vehicle 0.1351
7 860 31 856 37 900 14 904 small-vehicle 0.1318
530 1011 525 999 552 986 558 998 small-vehicle 0.1316
618 1121 609 1108 636 1088 646 1101 small-vehicle 0.1315
924 1120 943 1120 943 1158 924 1157 small-vehicle 0.1315
722 475 729 465 749 481 741 490 small-vehicle 0.1314
690 520 698 510 719 528 711 538 small-vehicle 0.1282
1051 1251 1052 1235 1083 1237 1082 1252 small-vehicle 0.1265
472 942 464 928 494 911 502 925 small-vehicle 0.1260
626 1138 617 1121 653 1103 662 1120 small-vehicle 0.1243
709 482 722 481 725 509 712 511 small-vehicle 0.1208
565 1057 557 1047 582 1027 590 1037 small-vehicle 0.1189
489 957 480 943 507 926 516 939 small-vehicle 0.1148
526 1001 516 991 536 971 547 981 small-vehicle 0.1068
113 719 133 720 131 759 111 758 small-vehicle 0.1050
451 909 441 896 470 874 480 886 small-vehicle 0.1038
953 1223 970 1217 982 1254 965 1259 small-vehicle 0.1029
620 1035 608 1014 654 988 666 1009 small-vehicle 0.1028
207 302 218 286 250 308 239 324 small-vehicle 0.1020
136 348 153 363 124 397 107 383 large-vehicle 0.1134
967 1216 987 1210 998 1250 979 1255 large-vehicle 0.1031
226 460 234 446 267 463 259 478 ship 0.1704
588 1086 581 1074 608 1058 615 1070 ship 0.1678
967 1217 984 1210 999 1248 982 1255 ship 0.1626
599 1106 590 1091 623 1071 632 1086 ship 0.1553
931 1228 950 1223 960 1261 941 1266 ship 0.1517
579 1073 569 1062 593 1040 603 1051 ship 0.1434
98 541 89 526 124 506 132 521 ship 0.1248
295 706 284 692 312 670 322 684 ship 0.1075
277 691 269 676 303 657 311 672 ship 0.1041
83 528 75 515 110 494 118 508 ship 0.1038
618 1121 609 1108 636 1088 646 1101 ship 0.1038
569 1057 560 1046 583 1026 592 1037 ship 0.1010
496 202 560 243 465 389 402 348 tennis-court 0.8534
188 109 255 148 159 308 93 268 tennis-court 0.8290
337 492 375 434 516 527 478 585 tennis-court 0.7913
277 581 321 524 454 628 410 685 tennis-court 0.7854
600 266 658 304 563 449 505 411 tennis-court 0.7817
372 1134 435 1073 557 1198 493 1259 tennis-court 0.7393
159 854 223 802 337 943 272 995 tennis-court 0.7258
622 702 768 775 693 924 548 850 tennis-court 0.1185
783 64 802 3 999 64 980 125 harbor 0.5875
563 727 718 713 736 904 580 918 swimming-pool 0.7070
759 900 787 864 827 895 799 932 swimming-pool 0.3255
276 588 313 529 455 619 418 678 swimming-pool 0.1820
593 270 654 308 565 452 504 415 swimming-pool 0.1429
334 500 370 439 516 523 480 584 swimming-pool 0.1205
