-34 1784 -15 1767 80 1880 60 1896 bridge 0.1161
1193 1600 1202 1575 1250 1593 1241 1618 ship 0.3182
2378 480 2394 470 2434 530 2419 541 ship 0.2834
689 1578 677 1558 727 1529 738 1548 ship 0.2773
2386 535 2405 519 2437 559 2417 574 ship 0.1801
2017 1909 2038 1930 1992 1976 1971 1955 ship 0.1386
892 756 913 750 935 822 914 828 ship 0.1193
822 1640 876 1632 895 1753 840 1761 harbor 0.8228
925 1609 993 1612 988 1741 920 1738 harbor 0.7816
1281 1605 1352 1626 1299 1803 1229 1782 harbor 0.7561
1537 621 1607 621 1608 711 1538 711 harbor 0.7467
200 1800 246 1790 260 1860 214 1869 harbor 0.7162
1967 2218 1915 2157 2166 1941 2218 2002 harbor 0.7092
1443 1668 1481 1673 1464 1811 1426 1806 harbor 0.6615
1091 1605 1169 1598 1181 1732 1102 1739 harbor 0.6484
1746 1875 1710 1827 1784 1771 1820 1819 harbor 0.6370
1904 544 1958 541 1963 647 1910 650 harbor 0.6166
643 1311 675 1293 699 1339 667 1356 harbor 0.5868
628 1695 683 1698 678 1790 622 1787 harbor 0.5287
292 1793 339 1780 358 1850 311 1863 harbor 0.5000
1892 2037 1863 1974 2027 1899 2056 1962 harbor 0.4712
1862 1993 1843 1965 1970 1876 1989 1904 harbor 0.4448
682 876 693 847 883 915 873 944 harbor 0.4372
2179 2131 2208 2128 2236 2388 2207 2391 harbor 0.3633
892 748 913 743 932 825 910 830 harbor 0.3345
1202 1598 1276 1624 1221 1778 1148 1752 harbor 0.3274
754 1053 749 1034 819 1017 823 1035 harbor 0.3026
712 1231 715 1213 786 1227 783 1245 harbor 0.3003
380 1749 411 1744 422 1823 391 1828 harbor 0.2664
1476 1669 1500 1674 1487 1740 1463 1735 harbor 0.2463
689 1580 674 1543 977 1421 992 1458 harbor 0.1770
692 1244 697 1227 753 1244 747 1262 harbor 0.1145
1095 1610 1103 1586 1155 1603 1147 1627 harbor 0.1097
739 1023 739 990 819 990 819 1023 harbor 0.1075
817 789 811 760 904 740 910 770 harbor 0.1027
