361 514 365 502 537 556 533 569 bridge 0.1008
30 1164 66 1165 65 1226 30 1226 ground-track-field 0.1463
1002 749 1002 727 1072 727 1072 749 ship 0.7824
998 773 1001 750 1075 758 1073 782 ship 0.7361
1012 807 1010 786 1071 781 1073 803 ship 0.7116
1104 1607 1096 1589 1143 1568 1151 1586 ship 0.5449
1498 1409 1512 1412 1505 1445 1490 1441 ship 0.5370
686 1053 695 1037 739 1062 730 1078 ship 0.4618
1015 846 1014 828 1080 823 1082 840 ship 0.3938
941 712 947 693 979 702 973 722 ship 0.3479
1102 586 1115 569 1160 605 1147 621 ship 0.3466
772 1257 786 1239 844 1284 830 1302 ship 0.3465
1033 926 1063 930 1042 1086 1013 1083 ship 0.2899
1085 735 1085 718 1123 718 1122 735 ship 0.2815
80 1520 98 1517 106 1566 87 1569 ship 0.2672
228 1536 247 1535 251 1588 232 1590 ship 0.2099
839 575 851 564 885 602 873 612 ship 0.2035
1127 1553 1138 1546 1155 1573 1143 1580 ship 0.1555
795 1568 791 1510 864 1504 868 1563 soccer-ball-field 0.1016
34 1176 65 1182 56 1225 26 1218 roundabout 0.1392
183 1438 250 1448 231 1584 164 1575 harbor 0.8155
689 1134 735 1160 701 1219 656 1193 harbor 0.7941
1284 570 1347 605 1276 734 1213 699 harbor 0.7832
678 437 727 401 882 612 832 648 harbor 0.7674
1289 825 1290 734 1439 735 1438 826 harbor 0.7575
801 1572 785 1520 857 1499 873 1551 harbor 0.7516
938 461 1048 442 1118 865 1008 883 harbor 0.7396
592 619 612 574 858 682 838 727 harbor 0.7279
728 821 737 782 908 823 899 862 harbor 0.6455
724 1204 819 1194 830 1302 735 1312 harbor 0.6408
1196 485 1233 518 1145 615 1109 582 harbor 0.6287
251 1461 273 1464 254 1591 232 1588 harbor 0.5718
1542 952 1567 968 1519 1043 1493 1026 harbor 0.5604
102 1433 128 1435 117 1569 91 1567 harbor 0.5531
621 1014 626 992 727 1014 722 1036 harbor 0.4942
0 1430 51 1429 53 1508 0 1509 harbor 0.3423
1036 898 1084 911 1034 1096 986 1083 harbor 0.2303
1085 735 1085 718 1123 718 1122 735 harbor 0.1437
1228 685 1242 675 1276 726 1262 736 harbor 0.1224
935 510 933 497 964 494 965 507 harbor 0.1144
685 1055 693 1036 739 1057 731 1076 harbor 0.1073
