529 1644 538 1635 561 1657 551 1666 small-vehicle 0.1299
485 1676 494 1674 499 1693 490 1695 small-vehicle 0.1045
410 1666 404 1656 424 1644 430 1653 small-vehicle 0.1039
473 632 487 622 515 662 501 672 ship 0.7102
424 484 436 473 464 505 453 516 ship 0.6708
540 582 554 571 584 612 570 622 ship 0.6687
509 605 521 595 552 631 540 641 ship 0.6591
518 1046 533 1036 563 1083 547 1093 ship 0.6550
561 1003 577 995 604 1044 589 1053 ship 0.6550
850 693 865 682 900 734 884 744 ship 0.6538
385 691 400 678 435 718 420 731 ship 0.6505
566 568 577 558 605 591 593 601 ship 0.6471
472 881 486 871 517 914 503 924 ship 0.6458
425 928 438 918 467 953 454 964 ship 0.6457
402 429 415 419 442 452 430 462 ship 0.6447
807 1309 820 1299 848 1336 834 1347 ship 0.6416
667 492 681 485 700 519 687 527 ship 0.6402
510 678 524 669 546 706 532 714 ship 0.6331
423 666 437 656 465 694 452 705 ship 0.6323
698 538 712 529 736 562 723 572 ship 0.6317
449 912 461 902 490 934 478 945 ship 0.6269
528 1106 542 1097 565 1134 551 1143 ship 0.6268
559 637 574 625 605 666 590 677 ship 0.6245
308 769 320 758 350 791 337 802 ship 0.6231
463 383 474 374 497 400 487 410 ship 0.6157
308 498 318 489 345 519 335 528 ship 0.6155
597 803 610 794 634 831 620 839 ship 0.6136
791 659 806 650 829 689 814 698 ship 0.6090
609 539 620 529 645 558 634 567 ship 0.6052
476 707 490 695 521 730 508 742 ship 0.6050
615 786 628 777 656 813 643 823 ship 0.6025
658 744 674 734 703 781 686 791 ship 0.6021
494 1053 509 1044 535 1089 520 1098 ship 0.6000
755 685 769 677 793 715 778 723 ship 0.5991
31 287 40 276 65 298 56 309 ship 0.5981
207 587 219 579 243 614 230 622 ship 0.5960
358 462 370 449 400 480 387 492 ship 0.5939
367 791 380 781 408 817 395 827 ship 0.5919
502 415 514 406 540 438 528 448 ship 0.5909
35 1147 50 1148 48 1186 33 1185 ship 0.5907
668 558 683 549 706 583 692 593 ship 0.5891
434 403 447 393 473 426 461 436 ship 0.5889
394 504 406 494 434 527 422 537 ship 0.5875
158 600 173 590 207 643 192 653 ship 0.5864
530 664 543 653 574 686 561 698 ship 0.5864
1045 1337 1056 1328 1081 1358 1069 1367 ship 0.5844
640 512 652 502 677 534 665 544 ship 0.5843
369 522 382 513 405 548 392 557 ship 0.5827
345 810 357 800 383 834 370 844 ship 0.5805
243 634 253 624 281 652 271 662 ship 0.5804
458 455 470 444 497 473 485 484 ship 0.5803
564 833 576 822 603 850 592 862 ship 0.5764
491 618 504 607 537 648 524 659 ship 0.5757
346 740 357 731 383 760 372 770 ship 0.5737
853 1284 867 1275 888 1310 874 1318 ship 0.5701
605 599 619 588 648 627 634 638 ship 0.5689
531 392 543 380 573 410 561 422 ship 0.5670
260 624 270 615 297 645 286 654 ship 0.5645
485 430 497 420 525 455 513 465 ship 0.5645
820 633 835 624 859 667 844 675 ship 0.5581
919 741 932 732 960 773 947 781 ship 0.5581
629 1097 643 1089 669 1133 655 1141 ship 0.5574
57 1124 74 1122 79 1167 62 1169 ship 0.5557
950 844 967 831 1007 886 989 899 ship 0.5541
68 318 76 306 102 322 95 334 ship 0.5529
285 600 294 590 319 613 311 623 ship 0.5509
1027 1350 1040 1343 1058 1374 1045 1381 ship 0.5497
460 1059 453 1044 489 1026 496 1041 ship 0.5487
482 354 498 344 522 384 505 394 ship 0.5478
644 1081 659 1071 689 1116 674 1126 ship 0.5477
729 508 743 499 768 535 754 545 ship 0.5459
192 601 204 593 224 628 212 635 ship 0.5455
712 1400 724 1390 746 1418 734 1427 ship 0.5448
280 534 287 523 320 547 313 557 ship 0.5437
696 465 713 457 733 497 716 505 ship 0.5433
224 649 234 640 261 668 251 678 ship 0.5381
736 776 749 764 778 796 765 808 ship 0.5370
331 748 342 738 368 767 357 777 ship 0.5342
863 1271 874 1261 904 1291 893 1302 ship 0.5322
695 734 707 723 733 753 721 763 ship 0.5314
735 1377 748 1368 770 1401 757 1410 ship 0.5272
412 761 424 750 454 782 442 793 ship 0.5253
601 875 615 864 647 907 633 917 ship 0.5227
464 979 475 969 502 1001 491 1010 ship 0.5208
1010 1168 1023 1159 1045 1193 1031 1202 ship 0.5198
54 256 61 244 88 260 81 272 ship 0.5197
555 1105 567 1096 592 1134 580 1142 ship 0.5186
243 564 253 550 284 575 274 588 ship 0.5179
345 546 354 536 383 560 374 571 ship 0.5160
440 729 453 721 478 757 465 766 ship 0.5147
276 781 292 771 317 813 301 823 ship 0.5146
789 1335 801 1327 820 1355 808 1363 ship 0.5141
896 1255 908 1246 929 1275 917 1284 ship 0.5102
859 1349 870 1340 898 1372 887 1382 ship 0.5102
36 372 40 358 71 368 67 381 ship 0.5088
967 1194 980 1185 1001 1218 987 1226 ship 0.5038
501 882 512 873 533 899 522 908 ship 0.5038
869 807 882 800 905 843 892 850 ship 0.5026
730 713 739 705 760 729 751 737 ship 0.5017
211 657 222 647 249 675 239 685 ship 0.5005
599 1059 609 1049 633 1075 623 1085 ship 0.4999
907 902 922 895 942 934 926 942 ship 0.4999
462 718 475 708 503 741 491 751 ship 0.4987
316 576 326 564 355 590 345 601 ship 0.4980
899 749 911 742 928 773 915 780 ship 0.4968
13 311 20 302 45 318 38 328 ship 0.4956
986 1186 998 1178 1016 1208 1004 1215 ship 0.4870
644 582 655 571 683 602 672 612 ship 0.4862
810 1513 820 1504 846 1535 836 1544 ship 0.4860
52 1225 55 1207 96 1214 93 1232 ship 0.4858
28 390 33 378 63 391 57 404 ship 0.4852
582 888 596 878 620 914 606 924 ship 0.4851
630 780 640 769 673 798 663 809 ship 0.4804
570 978 582 969 606 1000 594 1009 ship 0.4799
908 1442 922 1435 939 1470 925 1477 ship 0.4796
807 1419 821 1413 836 1446 822 1452 ship 0.4789
218 580 231 569 259 605 246 615 ship 0.4772
336 550 348 540 375 574 362 583 ship 0.4770
397 763 412 754 437 791 423 801 ship 0.4768
1067 1593 1082 1587 1096 1623 1080 1629 ship 0.4732
1101 1101 1112 1090 1141 1119 1130 1130 ship 0.4724
71 229 75 219 101 230 96 240 ship 0.4703
806 727 817 717 845 750 834 759 ship 0.4686
1129 1078 1144 1068 1168 1103 1154 1113 ship 0.4683
842 818 854 810 875 841 863 850 ship 0.4658
1079 1311 1093 1303 1112 1335 1098 1344 ship 0.4641
577 1138 591 1127 625 1170 611 1182 ship 0.4639
106 250 111 239 139 251 134 262 ship 0.4618
871 674 881 666 903 692 893 700 ship 0.4612
1144 1265 1156 1258 1175 1288 1162 1296 ship 0.4605
18 1251 23 1237 60 1251 55 1265 ship 0.4539
705 454 721 441 754 480 738 493 ship 0.4516
747 496 762 489 781 529 767 536 ship 0.4502
96 1199 97 1183 144 1185 143 1201 ship 0.4494
778 1343 791 1334 810 1365 797 1373 ship 0.4463
11 1149 27 1152 20 1191 4 1189 ship 0.4461
745 1438 755 1425 789 1452 779 1464 ship 0.4461
516 406 527 395 555 423 544 433 ship 0.4450
1130 1223 1140 1213 1168 1242 1157 1252 ship 0.4437
1195 1501 1208 1496 1221 1526 1208 1532 ship 0.4430
876 872 888 862 910 889 898 899 ship 0.4427
946 1370 957 1361 978 1388 967 1397 ship 0.4353
903 1248 911 1236 939 1256 931 1268 ship 0.4347
847 632 860 625 878 658 865 665 ship 0.4346
275 608 285 599 311 629 301 638 ship 0.4340
833 1460 844 1453 863 1479 852 1486 ship 0.4320
737 810 751 803 768 834 754 842 ship 0.4319
767 679 780 669 806 702 794 712 ship 0.4314
853 1483 865 1476 884 1508 872 1515 ship 0.4277
755 997 772 984 809 1031 791 1044 ship 0.4270
988 846 1003 836 1024 872 1009 881 ship 0.4252
-5 1263 1 1249 40 1267 33 1282 ship 0.4245
1227 1390 1239 1383 1254 1408 1243 1415 ship 0.4244
927 1431 936 1424 955 1450 946 1457 ship 0.4233
887 697 898 690 919 722 908 729 ship 0.4214
1098 1200 1111 1194 1124 1220 1111 1226 ship 0.4184
95 180 100 170 130 183 126 193 ship 0.4179
118 226 121 215 148 224 144 235 ship 0.4164
761 1478 773 1467 804 1500 792 1511 ship 0.4162
993 1397 1002 1394 1011 1417 1002 1421 ship 0.4135
367 726 374 715 407 735 401 746 ship 0.4125
898 861 906 854 927 878 918 885 ship 0.4107
689 1419 702 1409 724 1438 711 1448 ship 0.4095
96 1111 109 1113 104 1147 91 1145 ship 0.4088
1242 1211 1254 1203 1275 1234 1264 1243 ship 0.4082
837 950 851 941 874 977 860 986 ship 0.4079
60 241 65 229 95 241 90 253 ship 0.4064
446 667 453 655 483 674 475 685 ship 0.4016
980 1398 991 1395 998 1420 987 1424 ship 0.3973
627 592 639 582 665 613 653 624 ship 0.3970
85 277 95 266 120 289 110 300 ship 0.3961
40 280 45 270 72 286 67 296 ship 0.3943
927 792 938 782 979 824 968 835 ship 0.3881
114 239 118 228 146 237 142 249 ship 0.3875
666 831 675 821 703 846 694 857 ship 0.3871
604 1029 612 1023 632 1046 624 1052 ship 0.3869
838 1442 844 1433 864 1446 858 1455 ship 0.3868
0 348 5 337 32 351 26 362 ship 0.3839
439 475 451 466 475 497 463 506 ship 0.3838
234 564 247 556 270 594 256 602 ship 0.3837
9 422 17 408 45 426 37 440 ship 0.3836
100 261 105 250 132 264 127 275 ship 0.3811
1055 1243 1065 1237 1083 1267 1073 1273 ship 0.3807
9 88 18 76 52 99 43 111 ship 0.3798
498 348 512 339 536 378 522 387 ship 0.3795
380 514 393 506 416 541 403 549 ship 0.3771
689 997 704 988 729 1030 714 1039 ship 0.3736
1229 1173 1238 1169 1251 1195 1242 1200 ship 0.3721
420 411 432 401 459 436 447 445 ship 0.3699
255 849 251 837 286 824 290 837 ship 0.3685
92 269 100 258 127 278 119 289 ship 0.3660
904 1311 913 1302 932 1322 923 1331 ship 0.3638
871 16 872 0 916 1 915 19 ship 0.3617
117 146 124 135 150 150 144 162 ship 0.3597
1026 1223 1037 1217 1055 1245 1044 1252 ship 0.3594
648 837 659 828 681 851 670 861 ship 0.3546
469 694 467 681 499 675 502 688 ship 0.3544
996 1310 1006 1301 1035 1332 1024 1342 ship 0.3519
805 653 817 645 839 676 827 685 ship 0.3518
398 951 411 942 437 976 425 986 ship 0.3436
1074 1276 1085 1268 1108 1299 1098 1307 ship 0.3414
1180 1724 1194 1717 1209 1748 1195 1755 ship 0.3404
1223 1181 1234 1177 1243 1201 1232 1205 ship 0.3382
1080 27 1087 18 1121 44 1114 53 ship 0.3377
132 202 137 191 163 202 159 213 ship 0.3359
945 1232 949 1220 977 1228 973 1241 ship 0.3330
85 194 90 184 116 194 111 205 ship 0.3329
830 1306 841 1297 863 1328 852 1336 ship 0.3310
517 936 530 927 561 973 548 982 ship 0.3299
961 1360 971 1350 998 1376 989 1386 ship 0.3277
338 480 350 473 369 503 357 510 ship 0.3252
1306 1699 1316 1694 1326 1717 1316 1721 ship 0.3243
127 1140 137 1137 145 1162 134 1165 ship 0.3226
1068 1129 1080 1123 1093 1149 1082 1155 ship 0.3222
715 786 725 777 749 805 738 814 ship 0.3196
3 134 7 122 35 131 31 143 ship 0.3186
887 1395 895 1385 928 1409 921 1419 ship 0.3109
677 484 689 476 710 507 698 515 ship 0.3108
976 1262 986 1254 1013 1288 1003 1296 ship 0.3070
912 1304 921 1293 943 1314 934 1324 ship 0.3042
127 215 128 204 158 207 157 219 ship 0.3004
55 341 60 330 87 342 82 354 ship 0.2875
801 1529 812 1522 828 1547 817 1554 ship 0.2825
725 1544 740 1533 773 1579 758 1589 ship 0.2780
28 1241 30 1228 68 1235 66 1248 ship 0.2703
85 205 89 194 114 203 110 214 ship 0.2700
-8 142 -1 129 29 144 23 158 ship 0.2653
78 1210 84 1196 116 1212 109 1225 ship 0.2642
891 1422 898 1412 922 1427 915 1438 ship 0.2609
87 215 91 206 111 216 107 224 ship 0.2565
105 168 109 157 135 167 131 178 ship 0.2534
643 960 657 954 677 997 662 1004 ship 0.2521
621 529 630 523 649 550 639 556 ship 0.2408
773 843 781 834 805 855 797 863 ship 0.2406
82 288 89 280 106 294 99 302 ship 0.2385
1198 1138 1208 1129 1229 1155 1220 1163 ship 0.2371
704 1407 715 1399 732 1424 721 1432 ship 0.2289
822 786 833 775 861 805 849 815 ship 0.2289
478 439 490 430 511 461 499 469 ship 0.2282
783 1401 787 1388 815 1398 811 1411 ship 0.2280
546 652 559 642 585 672 572 683 ship 0.2260
667 826 671 813 699 823 694 835 ship 0.2251
474 374 484 366 503 393 493 400 ship 0.2203
-5 69 3 62 17 80 8 87 ship 0.2163
669 550 677 537 709 557 702 570 ship 0.2159
81 1117 94 1118 91 1150 79 1149 ship 0.2147
77 221 80 211 102 219 98 229 ship 0.2091
798 1322 810 1315 827 1345 816 1352 ship 0.2064
737 945 752 934 790 984 775 996 ship 0.2055
711 1048 722 1041 742 1074 730 1081 ship 0.2046
666 817 665 803 702 801 703 815 ship 0.2034
32 379 38 367 66 382 60 393 ship 0.2021
358 799 370 791 392 820 381 829 ship 0.2003
1206 1163 1215 1158 1226 1177 1216 1182 ship 0.2003
-13 169 -8 157 17 168 12 180 ship 0.1983
766 820 774 812 794 832 787 839 ship 0.1967
619 930 632 922 659 963 646 971 ship 0.1966
-9 451 -1 440 22 458 13 469 ship 0.1959
674 740 687 731 709 765 696 774 ship 0.1928
421 1009 428 1002 453 1027 445 1034 ship 0.1923
892 874 903 864 938 903 927 913 ship 0.1919
692 745 703 738 724 769 713 776 ship 0.1879
727 789 752 771 885 956 860 974 ship 0.1831
272 822 277 812 298 824 293 833 ship 0.1824
67 289 74 281 93 295 87 304 ship 0.1819
716 732 723 723 747 744 740 753 ship 0.1800
334 895 343 888 372 920 363 928 ship 0.1785
266 552 275 542 298 565 289 575 ship 0.1738
409 945 418 936 444 961 435 970 ship 0.1675
751 762 745 751 775 736 780 748 ship 0.1654
110 1109 121 1108 122 1134 112 1135 ship 0.1636
87 671 100 658 125 686 112 698 ship 0.1627
812 909 824 902 844 937 832 944 ship 0.1611
475 705 474 692 504 690 504 703 ship 0.1598
333 767 341 757 368 780 359 790 ship 0.1596
22 400 27 390 50 401 45 411 ship 0.1590
290 525 298 516 322 538 314 546 ship 0.1580
795 706 800 697 824 712 819 721 ship 0.1579
732 1401 741 1391 765 1414 756 1424 ship 0.1575
-2 380 3 370 23 381 17 391 ship 0.1567
149 167 157 160 177 181 169 189 ship 0.1529
669 849 680 840 704 870 693 878 ship 0.1527
627 524 637 515 660 539 649 549 ship 0.1494
764 1378 772 1369 795 1389 787 1398 ship 0.1473
880 1264 891 1254 910 1276 900 1285 ship 0.1467
863 660 871 654 883 672 874 677 ship 0.1460
-13 1276 2 1269 17 1299 0 1307 ship 0.1457
48 352 52 343 71 351 67 361 ship 0.1441
956 1246 958 1234 982 1238 980 1250 ship 0.1407
386 773 396 762 423 789 413 800 ship 0.1386
649 763 660 755 683 787 671 795 ship 0.1372
70 307 74 297 96 307 92 317 ship 0.1371
957 1213 965 1204 984 1221 976 1230 ship 0.1330
984 1384 991 1377 1006 1395 999 1401 ship 0.1314
473 977 478 967 504 978 499 989 ship 0.1284
748 1373 757 1364 777 1385 767 1394 ship 0.1284
310 518 320 510 341 534 331 542 ship 0.1261
236 880 233 863 289 853 293 869 ship 0.1255
-9 84 6 77 21 109 5 117 ship 0.1254
133 175 139 165 164 182 158 192 ship 0.1253
264 863 260 851 294 840 298 853 ship 0.1237
-9 308 3 299 21 323 8 333 ship 0.1236
617 1052 625 1044 646 1065 638 1074 ship 0.1232
579 821 591 812 613 842 601 851 ship 0.1231
358 1156 375 1156 375 1194 358 1194 ship 0.1214
294 775 307 767 327 803 314 810 ship 0.1213
472 952 474 938 509 945 507 959 ship 0.1173
723 758 726 746 755 754 752 766 ship 0.1170
3 1268 13 1262 25 1283 15 1289 ship 0.1160
770 1354 781 1348 796 1371 785 1378 ship 0.1142
524 917 522 903 559 898 561 912 ship 0.1137
148 764 163 754 183 784 168 794 ship 0.1125
609 1019 616 1013 628 1027 621 1033 ship 0.1117
750 1450 758 1442 777 1462 769 1470 ship 0.1115
904 1283 910 1273 933 1290 926 1299 ship 0.1103
67 1121 76 1117 85 1137 75 1141 ship 0.1102
275 545 287 534 314 561 303 573 ship 0.1090
748 1549 757 1542 774 1562 765 1569 ship 0.1083
189 658 195 646 226 663 219 675 ship 0.1079
435 969 438 958 467 967 464 978 ship 0.1078
872 1319 879 1312 895 1327 888 1334 ship 0.1066
20 1228 22 1218 54 1223 52 1234 ship 0.1061
7 365 12 354 36 365 32 376 ship 0.1060
96 1166 102 1156 131 1175 124 1184 ship 0.1056
315 560 323 549 356 572 347 583 ship 0.1055
555 840 567 830 589 856 576 866 ship 0.1054
522 864 534 856 552 884 540 892 ship 0.1054
919 1319 930 1311 979 1373 969 1381 ship 0.1048
43 323 50 315 68 331 61 339 ship 0.1042
23 345 26 336 47 344 43 353 ship 0.1040
-3 389 11 383 21 410 5 415 ship 0.1035
838 1298 849 1290 866 1314 856 1321 ship 0.1033
701 730 701 719 726 720 726 732 ship 0.1028
808 758 813 745 842 758 837 771 ship 0.1018
115 119 189 163 6 466 -67 422 harbor 0.5793
48 723 34 685 101 660 115 699 harbor 0.5154
109 806 99 783 174 748 185 770 harbor 0.5015
182 740 110 653 520 317 591 405 harbor 0.4961
295 903 231 822 712 448 775 530 harbor 0.4752
798 1423 737 1304 1199 1066 1260 1185 harbor 0.4660
675 1532 702 1500 787 1570 759 1603 harbor 0.2822
494 936 520 915 694 1127 669 1148 harbor 0.2814
796 711 826 695 948 927 918 942 harbor 0.2526
615 1489 622 1383 941 1402 934 1508 harbor 0.2323
247 898 274 802 824 958 796 1054 harbor 0.2323
836 662 858 646 1023 875 1001 891 harbor 0.2114
376 1135 357 1075 668 977 687 1037 harbor 0.2058
301 1064 278 1034 431 919 453 949 harbor 0.1922
209 906 200 889 281 844 290 861 harbor 0.1872
179 868 191 841 765 1117 752 1143 harbor 0.1806
-6 1234 -6 1179 134 1180 134 1236 harbor 0.1789
568 864 595 845 748 1058 721 1078 harbor 0.1648
639 808 668 788 817 1017 787 1036 harbor 0.1635
727 789 752 771 885 956 860 974 harbor 0.1521
455 975 479 958 628 1171 603 1188 harbor 0.1497
1080 27 1087 18 1121 44 1114 53 harbor 0.1416
191 919 185 903 225 889 231 905 harbor 0.1271
1120 1078 1161 1052 1275 1226 1234 1253 harbor 0.1248
783 1313 808 1287 972 1446 947 1472 harbor 0.1216
-17 1077 -10 1067 52 1117 45 1126 harbor 0.1144
90 666 104 658 123 688 110 697 harbor 0.1105
-34 67 27 57 44 152 -17 163 harbor 0.1087
183 692 213 591 989 820 959 921 harbor 0.1044
0 1175 12 1120 142 1148 130 1203 harbor 0.1029
416 867 437 781 886 890 865 976 harbor 0.1009
623 846 600 793 961 635 985 687 harbor 0.1003
