223 393 246 367 283 400 260 426 plane 0.2805
638 838 655 826 675 855 658 867 plane 0.1311
870 965 907 977 892 1021 855 1008 plane 0.1274
2225 1617 2242 1609 2260 1646 2242 1654 ship 0.1517
2064 2282 2079 2267 2113 2302 2099 2317 ship 0.1433
1689 2005 1701 1985 1733 2003 1721 2023 ship 0.1355
1411 200 1394 161 1474 125 1492 163 tennis-court 0.1236
1817 2010 1892 1915 2089 2072 2013 2167 basketball-court 0.1008
1791 1981 1875 1885 2089 2073 2005 2169 soccer-ball-field 0.1522
1339 1566 1334 1454 1531 1444 1537 1556 soccer-ball-field 0.1444
1519 1808 1489 1774 1670 1610 1701 1644 harbor 0.4578
1863 1839 1878 1854 1716 2020 1700 2005 harbor 0.2168
1478 1728 1429 1638 1610 1537 1660 1627 harbor 0.1934
863 969 902 966 905 1017 867 1019 harbor 0.1622
1402 1658 1427 1653 1433 1685 1408 1690 harbor 0.1553
995 1186 979 1168 1031 1121 1047 1139 harbor 0.1298
1140 1377 1110 1281 1302 1222 1331 1318 harbor 0.1253
1228 1398 1245 1390 1256 1416 1240 1423 harbor 0.1224
1693 2013 1697 1989 1735 1996 1730 2020 harbor 0.1206
1030 1260 997 1141 1199 1085 1233 1204 harbor 0.1172
1277 1470 1225 1379 1389 1285 1441 1375 harbor 0.1167
1089 1297 1110 1289 1121 1317 1099 1325 harbor 0.1093
1983 557 2021 584 1971 653 1933 626 swimming-pool 0.1151
223 393 246 367 283 400 260 426 helicopter 0.1200
870 965 907 977 892 1021 855 1008 helicopter 0.1183
