667 1277 678 1269 697 1292 686 1301 ship 0.2843
676 1309 687 1300 707 1325 695 1334 ship 0.2756
797 1156 815 1153 820 1183 802 1186 ship 0.2272
1177 404 1177 387 1210 388 1209 405 ship 0.2125
1218 242 1222 224 1252 230 1248 248 ship 0.2014
498 1447 512 1434 545 1468 531 1481 ship 0.2012
1094 648 1107 638 1125 661 1112 671 ship 0.1822
1185 368 1193 354 1220 370 1212 383 ship 0.1689
846 1063 863 1057 874 1090 857 1096 ship 0.1618
118 1680 128 1669 154 1693 144 1704 ship 0.1577
1101 643 1108 629 1136 643 1129 657 ship 0.1555
612 1346 614 1333 642 1338 640 1351 ship 0.1524
1008 889 1026 888 1028 924 1011 925 ship 0.1488
1040 760 1059 768 1041 810 1022 801 ship 0.1089
1174 395 1192 355 1375 438 1357 477 harbor 0.6374
852 1066 872 1040 1051 1172 1032 1198 harbor 0.6045
270 1633 300 1602 448 1742 418 1773 harbor 0.6044
1003 911 1018 878 1189 954 1174 987 harbor 0.5977
1136 485 1148 453 1362 528 1351 561 harbor 0.5977
1021 796 1033 756 1252 820 1240 861 harbor 0.5877
1223 239 1232 210 1440 278 1431 307 harbor 0.5525
797 1162 819 1138 983 1283 961 1308 harbor 0.5447
1096 662 1109 628 1290 697 1277 731 harbor 0.5231
502 1434 533 1412 652 1580 622 1602 harbor 0.5084
122 1665 157 1637 323 1842 289 1870 harbor 0.5013
657 1284 681 1260 837 1410 814 1435 harbor 0.4264
596 1335 628 1309 775 1497 742 1522 harbor 0.2955
1278 -4 1283 -23 1462 20 1458 39 harbor 0.2534
632 1305 669 1277 806 1458 769 1487 harbor 0.1580
807 1098 857 1044 1035 1213 984 1266 harbor 0.1572
265 1641 268 1625 304 1631 301 1647 harbor 0.1236
1120 454 1141 386 1399 464 1379 532 harbor 0.1229
