926 1111 938 1113 933 1139 921 1136 small-vehicle 0.1711
698 1042 699 1032 720 1035 719 1045 small-vehicle 0.1463
663 619 666 610 688 617 685 626 small-vehicle 0.1227
533 645 544 646 541 667 531 666 small-vehicle 0.1171
993 1079 994 1070 1012 1072 1011 1081 small-vehicle 0.1123
604 1033 607 1024 627 1030 624 1039 small-vehicle 0.1110
790 687 801 688 800 715 788 714 small-vehicle 0.1077
780 683 792 685 787 713 775 711 small-vehicle 0.1077
569 1025 571 1017 589 1022 586 1031 small-vehicle 0.1008
911 697 931 700 913 799 893 795 large-vehicle 0.1888
1508 537 1522 549 1482 593 1468 580 large-vehicle 0.1868
699 626 699 612 741 613 741 627 large-vehicle 0.1769
531 1088 550 1089 545 1145 526 1143 large-vehicle 0.1632
821 712 843 714 836 784 813 781 large-vehicle 0.1514
772 693 794 696 785 790 763 788 large-vehicle 0.1447
1439 525 1451 534 1410 590 1398 581 large-vehicle 0.1350
1106 967 1133 968 1130 1060 1103 1059 large-vehicle 0.1311
1465 332 1483 337 1462 406 1444 400 large-vehicle 0.1258
1189 974 1215 976 1205 1071 1180 1069 large-vehicle 0.1248
1234 218 1257 221 1244 315 1221 312 large-vehicle 0.1234
1573 364 1577 345 1641 359 1637 378 large-vehicle 0.1193
741 682 765 686 749 784 726 781 large-vehicle 0.1174
1433 328 1450 330 1443 402 1426 400 large-vehicle 0.1167
1079 965 1103 967 1094 1055 1070 1053 large-vehicle 0.1129
691 635 690 623 722 623 722 634 large-vehicle 0.1125
707 589 706 579 731 577 731 587 large-vehicle 0.1116
1151 973 1181 974 1178 1075 1147 1074 large-vehicle 0.1088
610 1089 624 1091 620 1136 606 1135 large-vehicle 0.1078
1557 427 1560 408 1619 417 1616 436 large-vehicle 0.1072
549 561 552 540 637 551 634 572 large-vehicle 0.1005
1204 223 1226 226 1212 323 1190 320 large-vehicle 0.1002
958 898 974 900 969 935 954 933 ship 0.6064
1014 902 1028 903 1025 939 1010 938 ship 0.6022
1212 154 1227 152 1231 188 1216 190 ship 0.5953
1034 903 1049 903 1051 946 1035 946 ship 0.5905
1183 154 1200 151 1206 189 1190 192 ship 0.5733
739 798 754 799 753 839 738 839 ship 0.5699
618 785 635 786 632 828 615 827 ship 0.5644
1265 146 1280 145 1282 185 1267 185 ship 0.5559
912 895 926 895 927 928 913 929 ship 0.5461
651 797 666 797 664 830 650 829 ship 0.5304
1106 175 1122 172 1130 210 1114 213 ship 0.5249
598 867 613 869 609 898 595 896 ship 0.5200
1074 846 1088 850 1078 886 1064 882 ship 0.5176
518 855 533 859 525 892 510 888 ship 0.5053
729 254 742 255 738 290 725 288 ship 0.5048
859 893 871 898 859 928 847 923 ship 0.5014
1327 133 1346 130 1353 174 1334 177 ship 0.4935
697 801 708 803 704 829 693 828 ship 0.4930
1110 850 1122 851 1119 885 1107 884 ship 0.4920
1019 861 1025 849 1054 863 1048 875 ship 0.4863
959 825 971 827 966 858 954 856 ship 0.4851
909 851 916 840 943 856 936 867 ship 0.4787
798 808 812 809 809 842 795 841 ship 0.4783
572 788 584 787 586 818 574 819 ship 0.4773
753 883 769 884 769 917 753 916 ship 0.4756
1083 175 1097 174 1100 208 1086 209 ship 0.4729
895 222 910 222 910 255 895 255 ship 0.4718
593 787 607 786 608 822 594 823 ship 0.4666
670 875 684 877 680 907 666 905 ship 0.4551
638 874 652 877 644 908 630 905 ship 0.4530
363 843 378 843 377 874 362 873 ship 0.4521
1245 149 1260 149 1260 187 1245 187 ship 0.4499
942 822 954 823 951 855 939 854 ship 0.4469
683 799 694 801 691 827 680 825 ship 0.4403
671 252 686 254 683 283 668 282 ship 0.4338
880 898 892 898 890 927 879 926 ship 0.4311
1186 864 1198 868 1189 892 1178 887 ship 0.4307
981 221 994 224 988 254 974 251 ship 0.4276
553 864 568 865 565 896 551 895 ship 0.4156
1358 136 1373 135 1374 166 1360 167 ship 0.4078
1457 145 1473 145 1474 183 1458 183 ship 0.4059
1383 138 1396 139 1395 175 1381 175 ship 0.4038
1120 853 1132 853 1130 886 1118 886 ship 0.4001
864 848 868 835 902 846 898 859 ship 0.3991
789 890 794 879 818 890 813 900 ship 0.3987
1133 855 1144 856 1143 886 1131 885 ship 0.3963
926 212 939 213 937 243 924 243 ship 0.3943
1193 919 1206 922 1200 948 1187 945 ship 0.3922
862 810 874 811 871 842 859 841 ship 0.3921
1213 867 1226 870 1220 902 1207 900 ship 0.3904
828 896 839 892 850 922 838 926 ship 0.3855
997 904 1009 907 999 939 987 935 ship 0.3845
516 779 528 782 521 812 509 809 ship 0.3813
470 774 483 775 481 807 468 806 ship 0.3729
720 884 736 885 733 920 717 918 ship 0.3722
1111 930 1111 919 1139 919 1139 930 ship 0.3695
1143 855 1155 855 1154 884 1142 884 ship 0.3609
1617 944 1617 930 1647 930 1647 944 ship 0.3573
920 901 935 898 943 939 928 942 ship 0.3441
532 780 544 782 540 812 527 810 ship 0.3393
1069 179 1084 178 1087 216 1072 217 ship 0.3327
770 800 783 802 780 835 767 834 ship 0.3208
677 877 689 874 698 902 685 906 ship 0.3123
565 784 578 787 572 815 560 813 ship 0.3068
192 1091 202 1079 229 1101 219 1113 ship 0.3064
841 811 852 813 847 839 835 837 ship 0.2944
945 215 956 221 943 247 932 242 ship 0.2920
1201 220 1225 223 1215 308 1191 306 ship 0.2907
314 836 327 840 318 868 305 864 ship 0.2893
752 253 765 254 764 283 752 282 ship 0.2849
973 901 985 904 977 936 965 933 ship 0.2847
1645 556 1659 562 1648 589 1633 583 ship 0.2797
431 787 444 785 447 814 434 816 ship 0.2676
388 851 401 845 416 880 403 885 ship 0.2639
1420 143 1435 146 1426 181 1411 177 ship 0.2636
134 1066 148 1067 146 1098 131 1097 ship 0.2610
831 240 849 241 846 290 828 289 ship 0.2597
789 812 800 814 797 838 785 837 ship 0.2564
900 897 911 898 908 926 897 925 ship 0.2557
1234 219 1256 222 1245 315 1223 312 ship 0.2465
1173 226 1195 227 1191 303 1170 302 ship 0.2428
711 802 723 804 719 832 707 830 ship 0.2426
1067 248 1095 249 1091 319 1064 318 ship 0.2386
456 776 467 776 468 804 457 804 ship 0.2289
968 836 978 837 974 859 964 857 ship 0.2282
584 795 596 794 597 820 586 821 ship 0.2273
1140 947 1141 937 1169 938 1169 948 ship 0.2269
391 786 398 776 424 794 417 804 ship 0.2239
205 1089 200 1076 230 1066 235 1079 ship 0.2203
1156 164 1172 158 1189 201 1172 208 ship 0.2197
488 773 501 776 494 808 481 805 ship 0.2181
1605 925 1602 903 1644 897 1647 919 ship 0.2164
542 786 553 788 550 810 539 808 ship 0.2152
1573 364 1577 345 1641 359 1637 378 ship 0.2148
1033 212 1049 209 1057 249 1040 252 ship 0.2144
822 804 835 807 827 840 814 836 ship 0.2143
698 881 711 883 706 912 693 909 ship 0.2072
711 254 722 259 712 286 700 282 ship 0.2062
339 327 351 318 370 344 357 353 ship 0.2035
624 923 649 930 626 1020 600 1014 ship 0.2026
1105 241 1129 242 1126 321 1103 321 ship 0.2025
912 216 926 218 922 247 909 245 ship 0.1960
1137 236 1159 237 1158 323 1136 323 ship 0.1948
1163 857 1174 859 1170 886 1159 884 ship 0.1913
823 704 843 707 831 784 811 781 ship 0.1872
642 798 654 799 652 827 640 827 ship 0.1860
459 893 489 898 474 990 443 985 ship 0.1841
429 886 455 893 431 976 405 969 ship 0.1838
1666 669 1678 675 1662 709 1649 703 ship 0.1800
934 819 946 824 936 851 924 847 ship 0.1797
1084 935 1087 924 1111 930 1109 941 ship 0.1753
1592 331 1598 313 1657 330 1651 349 ship 0.1750
1598 1143 1599 1126 1632 1129 1631 1146 ship 0.1733
970 219 980 225 969 246 959 240 ship 0.1703
795 904 806 897 820 919 808 926 ship 0.1701
891 830 900 826 910 849 900 853 ship 0.1671
1057 922 1066 919 1072 937 1064 940 ship 0.1655
403 856 415 849 433 880 421 887 ship 0.1639
150 1060 172 1059 173 1099 151 1100 ship 0.1628
381 771 393 769 396 797 384 798 ship 0.1612
885 234 901 238 889 287 873 283 ship 0.1608
508 904 520 894 538 916 527 926 ship 0.1596
1090 926 1092 916 1114 919 1113 930 ship 0.1589
593 918 615 922 600 1010 579 1007 ship 0.1586
1506 648 1517 642 1531 670 1520 676 ship 0.1574
779 886 794 882 803 910 788 915 ship 0.1561
1202 866 1214 868 1209 894 1197 892 ship 0.1555
738 682 766 686 754 781 726 778 ship 0.1541
1011 235 1033 237 1018 374 996 372 ship 0.1507
810 899 815 890 836 903 831 912 ship 0.1505
950 238 965 242 925 375 911 370 ship 0.1480
348 758 362 760 357 789 344 787 ship 0.1454
418 856 431 850 445 882 432 888 ship 0.1445
176 728 193 736 177 768 161 760 ship 0.1414
472 864 483 861 490 887 478 889 ship 0.1412
1263 219 1282 217 1291 294 1272 297 ship 0.1408
982 827 991 829 987 852 978 850 ship 0.1398
690 699 714 703 701 779 677 775 ship 0.1394
1508 537 1522 549 1482 593 1468 580 ship 0.1380
689 265 707 271 681 342 663 336 ship 0.1355
647 769 658 764 669 786 658 791 ship 0.1350
1116 941 1117 929 1144 933 1143 945 ship 0.1320
592 249 605 254 596 280 582 275 ship 0.1300
1077 948 1081 938 1102 947 1097 957 ship 0.1299
1620 310 1622 290 1653 292 1651 313 ship 0.1285
910 704 929 707 914 797 894 794 ship 0.1283
1004 841 1012 834 1026 850 1018 857 ship 0.1281
494 787 504 786 506 811 495 812 ship 0.1278
1064 214 1076 212 1080 241 1068 243 ship 0.1243
374 846 386 841 401 872 389 877 ship 0.1242
543 909 567 914 550 993 526 988 ship 0.1217
848 825 858 823 863 844 853 847 ship 0.1148
1101 847 1112 850 1103 878 1092 874 ship 0.1144
784 937 788 927 806 937 801 946 ship 0.1142
588 910 599 902 614 924 604 931 ship 0.1138
1591 176 1606 182 1593 218 1577 213 ship 0.1106
613 878 626 879 624 906 610 905 ship 0.1080
623 898 636 898 636 931 623 931 ship 0.1080
1133 160 1155 154 1169 209 1148 215 ship 0.1069
367 762 378 766 370 792 358 788 ship 0.1056
916 865 919 857 937 863 934 872 ship 0.1052
540 891 551 886 563 909 551 915 ship 0.1044
1079 965 1103 967 1094 1055 1070 1053 ship 0.1043
444 789 454 787 458 809 447 810 ship 0.1042
1195 976 1219 981 1199 1076 1175 1071 ship 0.1041
943 323 928 194 1520 126 1535 255 ship 0.1039
1020 852 1024 839 1052 847 1048 860 ship 0.1033
1597 1100 1604 1085 1633 1097 1627 1112 ship 0.1017
286 364 306 348 362 418 342 434 ship 0.1005
212 947 218 925 295 946 289 968 ship 0.1002
132 961 177 947 193 1001 148 1015 harbor 0.6595
233 399 253 383 307 447 287 464 harbor 0.6528
484 250 510 252 503 363 477 362 harbor 0.6349
286 364 306 348 362 418 342 434 harbor 0.6193
568 252 598 254 590 379 559 377 harbor 0.6128
162 489 186 451 250 491 227 529 harbor 0.5921
127 608 134 572 198 584 192 620 harbor 0.5912
193 774 173 750 213 718 233 742 harbor 0.5806
155 879 198 870 209 925 165 933 harbor 0.5624
322 336 362 324 387 408 348 420 harbor 0.5527
134 1039 176 1035 181 1089 138 1093 harbor 0.5063
1576 172 1598 180 1580 235 1557 228 harbor 0.4821
1640 198 1667 211 1646 254 1619 241 harbor 0.4388
1588 741 1594 725 1637 741 1631 757 harbor 0.4318
625 262 654 263 650 386 621 385 harbor 0.4265
670 249 706 253 692 386 655 382 harbor 0.3713
1005 223 1028 223 1024 382 1001 382 harbor 0.3691
760 252 793 258 770 391 737 385 harbor 0.3652
1319 183 1330 118 1491 148 1480 212 harbor 0.3440
814 240 874 260 831 398 770 379 harbor 0.3129
1604 927 1601 902 1645 896 1648 921 harbor 0.3007
1595 1059 1600 1042 1634 1051 1630 1068 harbor 0.2820
1612 815 1632 814 1633 841 1613 842 harbor 0.2529
1036 294 1015 177 1359 113 1381 230 harbor 0.2455
942 215 970 218 950 392 923 389 harbor 0.2396
1600 1105 1602 1087 1632 1091 1630 1109 harbor 0.2392
1581 1126 1580 1102 1621 1100 1623 1124 harbor 0.2293
182 725 196 736 171 769 157 758 harbor 0.2284
554 915 560 857 776 878 770 937 harbor 0.2257
303 835 322 842 309 876 290 868 harbor 0.2008
1590 1014 1589 995 1632 993 1633 1012 harbor 0.1940
945 211 969 206 1008 386 985 391 harbor 0.1905
906 948 909 892 1031 897 1028 953 harbor 0.1896
128 1009 139 995 160 1012 150 1025 harbor 0.1865
1605 762 1615 744 1645 760 1635 779 harbor 0.1696
1596 1140 1599 1122 1631 1128 1628 1146 harbor 0.1547
464 822 461 751 861 730 865 801 harbor 0.1536
1061 960 1072 905 1192 930 1181 984 harbor 0.1334
348 758 362 760 357 789 344 787 harbor 0.1329
1592 1066 1607 1053 1631 1081 1617 1093 harbor 0.1299
211 668 208 647 290 637 293 657 harbor 0.1235
828 875 828 808 1242 810 1242 877 harbor 0.1198
1605 1039 1606 1021 1638 1023 1638 1041 harbor 0.1176
729 259 741 263 732 295 720 292 harbor 0.1033
734 273 750 273 748 382 732 382 harbor 0.1014
