3641 967 3646 945 3688 955 3683 977 small-vehicle 0.1462
3453 1011 3449 992 3483 986 3487 1004 small-vehicle 0.1372
1352 1436 1357 1411 1408 1421 1403 1446 small-vehicle 0.1268
2208 1252 2205 1232 2241 1226 2244 1247 small-vehicle 0.1184
1696 1375 1716 1376 1713 1428 1693 1427 small-vehicle 0.1020
2117 1348 2108 1325 2156 1305 2166 1328 small-vehicle 0.1019
1667 1366 1688 1363 1697 1427 1675 1429 large-vehicle 0.1220
1500 559 1533 558 1534 618 1501 619 ship 0.4117
1658 518 1690 515 1695 583 1663 585 ship 0.3795
626 857 650 868 625 921 601 910 ship 0.3174
563 812 581 782 639 815 621 846 ship 0.2300
1298 514 1329 522 1313 585 1283 577 ship 0.2289
1462 576 1500 581 1488 673 1450 668 ship 0.1703
718 827 752 832 741 905 707 900 ship 0.1449
1203 649 1231 641 1242 676 1214 685 ship 0.1360
694 831 719 835 709 899 684 896 ship 0.1346
543 824 560 805 598 840 581 859 ship 0.1207
593 860 615 861 612 906 590 904 ship 0.1167
1631 528 1659 522 1672 575 1644 581 ship 0.1156
1227 551 1265 543 1285 638 1246 646 ship 0.1072
3152 703 3217 702 3219 810 3154 811 tennis-court 0.1835
1901 499 1953 485 1987 612 1935 626 harbor 0.6813
2750 157 2819 151 2850 511 2781 517 harbor 0.6804
2555 280 2627 273 2647 473 2574 481 harbor 0.6652
3242 204 3295 196 3325 395 3272 403 harbor 0.6523
2260 278 2315 266 2358 469 2303 481 harbor 0.6268
1732 499 1815 493 1835 773 1752 778 harbor 0.6058
3085 288 3132 272 3209 500 3161 516 harbor 0.5915
3459 245 3503 236 3530 369 3487 378 harbor 0.5468
2106 347 2149 338 2176 463 2133 473 harbor 0.3891
1621 527 1663 526 1671 747 1629 748 harbor 0.3036
1449 587 1485 582 1499 671 1463 676 harbor 0.2143
1228 534 1267 522 1294 613 1255 624 harbor 0.1733
2974 527 3016 502 3055 567 3013 592 harbor 0.1615
2977 636 2973 599 3038 594 3041 631 harbor 0.1538
1268 523 1304 519 1311 587 1275 591 harbor 0.1269
1059 546 1091 543 1099 648 1068 651 harbor 0.1149
1506 557 1539 562 1530 624 1498 619 harbor 0.1113
2537 274 2575 270 2582 332 2544 336 harbor 0.1037
3252 1384 3251 1351 3319 1349 3320 1383 swimming-pool 0.3312
2678 851 2665 819 2717 798 2730 830 swimming-pool 0.2939
3160 706 3218 708 3215 805 3157 803 swimming-pool 0.1587
2971 643 2972 600 3038 602 3037 644 swimming-pool 0.1542
3220 1388 3226 1365 3268 1376 3262 1398 swimming-pool 0.1324
3221 1345 3227 1318 3274 1328 3268 1355 swimming-pool 0.1160
2630 850 2626 826 2669 818 2673 842 swimming-pool 0.1078
3246 1412 3247 1386 3299 1389 3298 1414 swimming-pool 0.1049
3190 813 3221 810 3226 860 3195 863 swimming-pool 0.1040
