962 965 957 952 984 942 989 955 large-vehicle 0.1046
428 1243 440 1236 458 1266 446 1273 large-vehicle 0.1010
1152 1406 1165 1393 1192 1421 1179 1434 ship 0.3237
394 1712 411 1711 414 1745 397 1747 ship 0.2938
791 841 803 833 820 860 809 868 ship 0.2529
498 1674 511 1661 532 1683 519 1695 ship 0.1818
901 401 913 393 929 416 917 424 ship 0.1668
745 395 762 384 792 428 776 440 ship 0.1664
1646 822 1657 813 1674 836 1663 844 ship 0.1400
949 1433 967 1434 965 1465 948 1464 ship 0.1308
1753 616 1764 616 1764 639 1753 639 ship 0.1125
781 387 790 378 812 403 804 411 ship 0.1041
92 1655 64 1595 219 1525 247 1586 basketball-court 0.1213
403 1501 430 1488 523 1686 495 1699 harbor 0.5586
281 1544 308 1531 412 1751 385 1764 harbor 0.5378
547 1401 579 1392 631 1592 600 1600 harbor 0.4583
987 1195 1011 1175 1212 1406 1189 1426 harbor 0.4560
1456 606 1487 583 1677 840 1645 863 harbor 0.4494
813 1315 831 1298 976 1450 958 1467 harbor 0.4365
1584 308 1600 291 1720 402 1704 419 harbor 0.4258
1256 970 1286 949 1412 1122 1382 1143 harbor 0.3850
1727 70 1740 57 1784 100 1772 113 harbor 0.3410
1089 1097 1112 1080 1257 1269 1234 1287 harbor 0.3084
1332 856 1364 834 1520 1059 1488 1081 harbor 0.2601
13 1670 26 1660 121 1783 108 1793 harbor 0.2446
1529 407 1555 381 1786 620 1760 646 harbor 0.2371
928 1221 966 1197 1114 1434 1076 1457 harbor 0.2166
1185 1050 1200 1035 1361 1195 1347 1210 harbor 0.1603
1480 1033 1502 1025 1515 1060 1494 1068 harbor 0.1387
1697 387 1709 390 1705 412 1693 410 harbor 0.1160
1317 1176 1328 1168 1345 1190 1334 1198 harbor 0.1144
949 1432 968 1434 963 1467 944 1464 harbor 0.1117
1226 1267 1237 1253 1261 1271 1251 1285 harbor 0.1095
1448 17 1459 -2 1485 11 1474 31 swimming-pool 0.2063
878 309 880 293 904 296 902 312 swimming-pool 0.1828
551 715 568 722 548 773 531 767 swimming-pool 0.1640
