2335 1364 2364 1362 2369 1432 2341 1434 small-vehicle 0.1311
66 1390 91 1380 114 1438 89 1448 ship 0.4193
1623 409 1656 404 1666 470 1633 475 ship 0.3724
674 701 661 678 710 649 724 672 ship 0.3094
2589 413 2619 407 2631 467 2601 473 ship 0.2996
2335 1364 2364 1362 2369 1432 2341 1434 ship 0.2902
687 724 677 697 731 676 741 703 ship 0.1474
86 1365 113 1355 137 1420 109 1430 ship 0.1059
1791 428 1868 413 1951 823 1874 839 harbor 0.8216
2942 292 3021 280 3096 780 3018 792 harbor 0.7997
2217 407 2286 395 2359 805 2290 817 harbor 0.7857
345 735 417 702 616 1140 544 1172 harbor 0.7292
2047 437 2103 431 2151 830 2094 837 harbor 0.7067
1048 478 1106 466 1188 856 1130 868 harbor 0.6797
1656 414 1719 407 1768 832 1705 839 harbor 0.6707
1401 490 1477 478 1533 831 1456 843 harbor 0.6421
2376 398 2440 386 2522 842 2458 854 harbor 0.6196
688 675 739 667 801 1065 749 1073 harbor 0.6114
2558 405 2615 394 2675 726 2618 736 harbor 0.5632
2281 399 2364 377 2485 828 2403 850 harbor 0.1767
61 1423 85 1340 371 1421 347 1505 harbor 0.1143
2104 422 2204 396 2313 805 2213 831 harbor 0.1035
