592 196 594 175 635 178 633 199 ship 0.4145
572 694 563 674 605 655 614 675 ship 0.4029
820 1332 812 1306 870 1287 878 1313 ship 0.3259
77 1464 75 1443 122 1438 124 1459 ship 0.2795
617 811 606 790 651 767 662 788 ship 0.2729
675 996 663 961 719 943 731 978 ship 0.1199
869 1459 857 1429 934 1398 946 1428 ship 0.1066
533 1310 504 1243 789 1117 818 1185 tennis-court 0.1408
375 783 366 746 613 683 622 720 harbor 0.7455
512 1323 484 1264 792 1116 820 1175 harbor 0.7243
520 1425 508 1383 870 1274 883 1316 harbor 0.7187
434 1046 420 985 697 922 711 983 harbor 0.6885
355 525 348 488 542 454 548 490 harbor 0.6686
388 913 377 871 656 795 668 837 harbor 0.6651
476 1561 466 1509 901 1420 912 1473 harbor 0.6131
360 656 351 624 565 561 575 594 harbor 0.5615
186 413 174 365 679 242 690 289 harbor 0.4273
199 325 185 262 627 162 641 225 harbor 0.4077
137 429 132 416 350 342 354 356 harbor 0.1715
420 1004 395 940 677 828 702 891 harbor 0.1383
403 1318 397 1301 509 1260 515 1277 harbor 0.1168
50 -23 66 -19 55 42 38 39 harbor 0.1102
447 1479 439 1434 960 1347 968 1392 harbor 0.1099
110 333 128 288 576 465 559 510 harbor 0.1024
