1098 788 1116 785 1124 824 1106 828 ship 0.1994
1907 416 1926 416 1926 450 1908 450 ship 0.1911
1634 418 1655 417 1657 464 1637 465 ship 0.1727
481 181 507 193 473 267 447 255 ship 0.1505
815 1029 825 1015 849 1032 839 1046 ship 0.1302
1560 506 1575 505 1577 534 1561 535 ship 0.1239
798 878 817 875 825 922 806 925 ship 0.1112
2177 962 2221 952 2242 1046 2198 1056 tennis-court 0.7882
2115 983 2155 967 2188 1050 2148 1066 tennis-court 0.6944
1529 506 1563 504 1571 613 1536 615 harbor 0.5482
454 904 494 904 494 1014 453 1014 harbor 0.5010
621 917 648 922 635 1000 607 996 harbor 0.4655
252 930 274 925 308 1087 287 1092 harbor 0.4509
1261 685 1285 679 1298 738 1274 743 harbor 0.4223
1777 389 1801 383 1841 557 1817 563 harbor 0.4218
1693 459 1721 454 1748 603 1719 608 harbor 0.4015
707 907 737 902 752 996 722 1001 harbor 0.3874
1956 428 1985 429 1982 567 1954 566 harbor 0.3835
338 933 360 932 363 1033 341 1033 harbor 0.3389
799 880 819 877 833 970 813 973 harbor 0.3177
2112 312 2136 308 2170 477 2147 482 harbor 0.3140
1007 839 1033 840 1029 910 1003 909 harbor 0.2797
1637 418 1661 416 1681 624 1657 626 harbor 0.2632
2034 347 2054 339 2117 513 2097 520 harbor 0.2598
1173 725 1191 721 1210 815 1192 819 harbor 0.2572
897 885 919 881 940 986 918 991 harbor 0.2063
1915 407 1936 407 1937 570 1916 570 harbor 0.1939
1907 416 1925 416 1924 455 1905 454 harbor 0.1646
1558 504 1577 501 1581 536 1562 538 harbor 0.1512
1098 788 1116 785 1124 824 1106 828 harbor 0.1494
1493 552 1515 550 1525 676 1503 678 harbor 0.1471
1708 453 1726 450 1732 482 1715 485 harbor 0.1400
471 907 487 890 522 922 506 939 harbor 0.1274
