1033 19 1042 0 1076 18 1067 37 plane 0.1168
1178 898 1170 868 1230 852 1238 883 ship 0.3963
1541 559 1563 549 1587 597 1565 608 ship 0.2690
1416 574 1445 565 1461 617 1432 626 ship 0.1718
2495 357 2510 357 2511 393 2496 394 ship 0.1638
2610 311 2639 311 2638 366 2609 365 ship 0.1603
1601 550 1623 547 1629 602 1607 604 ship 0.1517
2361 324 2394 325 2392 404 2358 403 ship 0.1385
1750 526 1776 526 1775 568 1749 568 ship 0.1253
2447 344 2468 345 2466 388 2445 387 ship 0.1242
1015 954 998 913 1213 824 1230 865 ship 0.1189
1567 557 1587 549 1610 605 1591 613 ship 0.1069
799 619 830 609 876 748 844 758 ship 0.1042
1033 65 1131 103 1086 221 988 184 storage-tank 0.1435
397 674 434 670 455 849 418 853 harbor 0.5590
777 610 813 593 889 754 852 771 harbor 0.5555
2585 150 2627 148 2638 360 2596 362 harbor 0.4717
2343 285 2386 280 2399 400 2357 405 harbor 0.4440
2167 260 2214 251 2251 440 2204 449 harbor 0.3976
2431 247 2469 244 2481 397 2443 400 harbor 0.3364
1422 565 1455 564 1457 623 1424 624 harbor 0.3055
1347 548 1374 555 1356 626 1329 619 harbor 0.3015
1589 472 1636 475 1628 611 1581 608 harbor 0.2983
2071 341 2090 340 2098 462 2079 463 harbor 0.2839
1752 518 1781 517 1781 567 1752 568 harbor 0.2734
1246 546 1279 550 1265 661 1232 657 harbor 0.2629
1843 436 1880 432 1891 530 1854 534 harbor 0.2529
2791 164 2818 158 2855 347 2828 352 harbor 0.2309
2678 104 2711 94 2788 355 2755 364 harbor 0.2078
1534 547 1557 536 1584 594 1561 604 harbor 0.1578
2468 340 2493 342 2490 390 2465 388 harbor 0.1499
899 947 892 884 1235 850 1241 913 harbor 0.1330
1721 387 1824 368 1857 551 1754 570 harbor 0.1173
1136 540 1158 538 1167 647 1144 649 harbor 0.1114
2491 357 2508 355 2512 392 2495 394 harbor 0.1091
1157 354 1202 340 1220 398 1176 413 swimming-pool 0.2856
1388 151 1409 152 1406 224 1385 223 swimming-pool 0.1711
