1262 313 1315 307 1323 378 1270 384 plane 0.1516
848 381 873 355 909 391 885 416 plane 0.1105
1215 56 1211 20 1272 14 1276 50 plane 0.1007
3271 551 3297 550 3302 675 3276 676 large-vehicle 0.1342
3332 168 3354 161 3375 225 3353 232 large-vehicle 0.1008
2843 369 2842 332 2921 330 2922 366 ship 0.1966
1394 539 1388 508 1487 487 1494 519 ship 0.1807
3196 185 3218 177 3238 235 3216 243 ship 0.1682
2596 550 2630 544 2667 748 2633 754 ship 0.1358
3271 551 3297 550 3302 675 3276 676 ship 0.1007
1078 29 1118 24 1128 101 1087 106 tennis-court 0.1002
2596 550 2630 544 2667 748 2633 754 harbor 0.3105
2568 207 2607 207 2608 275 2569 275 harbor 0.2353
1262 313 1315 307 1323 378 1270 384 harbor 0.2201
23 364 54 360 65 459 33 462 harbor 0.1980
2656 551 2687 550 2691 709 2660 710 harbor 0.1930
703 385 730 359 775 407 748 433 harbor 0.1723
2851 187 2883 190 2879 243 2847 240 harbor 0.1652
2938 229 2944 209 2983 222 2977 242 harbor 0.1223
2846 369 2844 336 2947 329 2949 362 harbor 0.1222
1969 76 2010 78 2001 282 1960 280 harbor 0.1204
954 311 986 312 984 375 952 374 harbor 0.1203
1842 198 1880 201 1871 306 1833 302 harbor 0.1126
2817 540 2845 540 2848 641 2820 642 harbor 0.1113
634 332 659 335 654 388 629 386 harbor 0.1084
1292 170 1316 174 1294 313 1270 309 harbor 0.1032
1262 313 1315 307 1323 378 1270 384 helicopter 0.1378
