169 1388 163 1368 196 1358 202 1377 plane 0.1674
1415 668 1410 656 1437 646 1441 657 small-vehicle 0.1178
1777 1375 1782 1365 1799 1373 1794 1383 small-vehicle 0.1108
1013 1383 1012 1368 1055 1366 1055 1380 large-vehicle 0.1122
1235 323 1251 321 1254 353 1238 355 ship 0.1774
795 356 802 237 1216 260 1209 380 ship 0.1767
957 1119 955 1104 986 1101 988 1116 ship 0.1568
823 491 819 476 858 467 861 482 ship 0.1546
1632 477 1643 463 1671 485 1660 499 ship 0.1540
775 609 781 592 819 605 813 622 ship 0.1485
888 1074 893 1061 917 1070 912 1083 ship 0.1473
1575 151 1567 132 1603 116 1611 135 ship 0.1441
848 612 844 597 874 590 878 605 ship 0.1440
921 1000 926 980 965 989 960 1009 ship 0.1402
846 550 838 535 868 520 876 535 ship 0.1356
1724 888 1727 874 1756 881 1752 895 ship 0.1300
1242 503 1252 494 1273 515 1263 524 ship 0.1297
1610 367 1623 356 1642 381 1629 391 ship 0.1253
1709 833 1707 818 1738 814 1740 829 ship 0.1238
1255 499 1263 492 1282 511 1273 519 ship 0.1224
1626 440 1625 426 1656 425 1657 439 ship 0.1188
1222 459 1225 445 1254 452 1250 466 ship 0.1151
966 1171 965 1158 995 1157 996 1170 ship 0.1151
2113 779 2132 780 2131 837 2112 836 ship 0.1135
1701 527 1695 517 1714 507 1720 517 ship 0.1126
1687 729 1679 713 1714 695 1722 711 ship 0.1125
1270 1045 1269 1031 1299 1030 1299 1044 ship 0.1096
844 887 854 878 871 899 861 907 ship 0.1058
1696 544 1690 533 1713 519 1719 530 ship 0.1057
892 1111 896 1095 926 1104 922 1120 ship 0.1052
1254 110 1272 96 1293 124 1275 138 ship 0.1029
942 1058 945 1044 974 1049 972 1062 ship 0.1027
871 1027 872 1011 901 1014 899 1029 ship 0.1023
1520 658 1511 613 1564 602 1573 647 tennis-court 0.1170
840 216 861 214 864 246 843 248 harbor 0.4949
921 955 914 928 959 917 965 943 harbor 0.4664
1601 631 1594 608 1628 598 1634 622 harbor 0.4653
1320 922 1317 905 1355 898 1358 915 harbor 0.4493
1630 806 1628 784 1667 780 1669 802 harbor 0.4142
427 941 418 927 450 906 459 920 harbor 0.3955
528 1091 529 1068 562 1069 561 1092 harbor 0.3807
618 254 638 250 645 281 624 286 harbor 0.3801
1599 270 1594 247 1628 240 1632 264 harbor 0.3775
2025 744 2017 722 2076 703 2083 725 harbor 0.3707
462 808 456 785 498 774 504 797 harbor 0.3621
1663 619 1660 588 1705 584 1708 615 harbor 0.3619
530 1154 527 1133 567 1127 570 1148 harbor 0.3507
1266 643 1255 624 1287 606 1297 625 harbor 0.3357
1166 482 1159 468 1189 454 1196 468 harbor 0.3350
331 534 327 516 369 507 373 524 harbor 0.3327
2014 701 2008 681 2055 666 2061 686 harbor 0.3324
857 662 859 641 890 643 889 664 harbor 0.3261
1495 143 1485 123 1515 109 1525 129 harbor 0.3181
503 980 494 965 527 946 535 961 harbor 0.3124
432 1049 429 1032 461 1027 464 1043 harbor 0.3124
1589 207 1598 187 1628 200 1620 220 harbor 0.3116
1663 963 1665 947 1700 951 1698 967 harbor 0.3067
1321 864 1319 843 1356 840 1357 860 harbor 0.3039
2004 639 2002 619 2045 616 2046 636 harbor 0.3010
907 884 911 866 941 874 937 891 harbor 0.2951
576 1269 564 1250 591 1233 603 1252 harbor 0.2917
1673 662 1674 644 1705 645 1705 663 harbor 0.2904
1255 120 1269 102 1292 121 1278 138 harbor 0.2894
474 1219 471 1203 514 1197 516 1213 harbor 0.2881
1702 785 1697 768 1730 759 1734 776 harbor 0.2839
2053 786 2045 769 2089 750 2096 766 harbor 0.2825
1333 982 1328 964 1366 954 1371 973 harbor 0.2810
838 550 833 536 863 526 868 540 harbor 0.2803
303 432 300 411 339 405 342 427 harbor 0.2793
457 750 454 733 483 727 486 744 harbor 0.2783
1277 968 1290 966 1295 994 1281 996 harbor 0.2685
1658 908 1660 890 1697 895 1694 913 harbor 0.2684
445 1117 439 1099 474 1087 480 1105 harbor 0.2642
492 1271 488 1253 523 1245 527 1264 harbor 0.2637
398 804 392 786 422 776 428 794 harbor 0.2628
1572 148 1567 129 1601 121 1606 140 harbor 0.2614
1130 301 1141 283 1168 299 1157 317 harbor 0.2580
409 879 405 859 444 850 448 870 harbor 0.2558
1687 729 1679 713 1714 695 1722 711 harbor 0.2522
429 994 424 976 460 965 466 983 harbor 0.2513
1535 332 1537 315 1566 318 1565 335 harbor 0.2493
1512 231 1510 211 1545 207 1547 227 harbor 0.2456
349 588 344 574 379 561 385 575 harbor 0.2453
916 993 927 975 957 993 946 1011 harbor 0.2433
1304 800 1301 780 1334 775 1337 796 harbor 0.2410
1136 372 1127 352 1165 336 1173 355 harbor 0.2403
1611 688 1613 670 1646 674 1644 692 harbor 0.2348
1608 320 1609 305 1640 306 1639 321 harbor 0.2341
1189 282 1200 271 1220 290 1209 302 harbor 0.2330
1619 743 1615 726 1650 717 1654 735 harbor 0.2311
388 765 385 747 425 739 429 758 harbor 0.2304
363 645 372 630 402 648 393 663 harbor 0.2293
852 614 844 600 873 583 881 597 harbor 0.2274
554 1209 546 1190 583 1173 591 1191 harbor 0.2188
871 1027 872 1011 901 1014 899 1029 harbor 0.2183
772 567 768 551 804 542 808 558 harbor 0.2181
1724 888 1727 874 1756 881 1752 895 harbor 0.2176
1277 1045 1277 1031 1310 1031 1310 1045 harbor 0.2166
297 374 303 359 342 372 337 387 harbor 0.2076
794 376 799 360 826 368 821 385 harbor 0.2075
1569 431 1581 427 1588 453 1576 456 harbor 0.2067
1192 591 1194 576 1223 580 1221 595 harbor 0.2058
380 703 373 690 404 674 411 688 harbor 0.2054
1205 637 1210 622 1237 632 1231 647 harbor 0.2034
395 524 393 506 427 503 428 520 harbor 0.2026
1142 429 1139 412 1175 405 1178 423 harbor 0.2018
2100 782 2115 793 2086 833 2071 821 harbor 0.2015
1181 539 1178 524 1208 517 1211 532 harbor 0.2012
794 677 790 664 818 656 822 669 harbor 0.2010
1291 1108 1285 1093 1325 1077 1331 1093 harbor 0.1992
875 714 875 698 904 697 904 713 harbor 0.1964
1235 818 1235 802 1264 801 1265 817 harbor 0.1959
1276 691 1276 674 1305 675 1305 691 harbor 0.1949
888 1074 893 1061 917 1070 912 1083 harbor 0.1946
1363 1074 1376 1068 1390 1101 1377 1106 harbor 0.1930
1552 395 1549 380 1579 373 1582 388 harbor 0.1891
1612 367 1625 357 1645 380 1632 391 harbor 0.1834
1365 183 1399 76 1514 113 1479 220 harbor 0.1793
760 494 764 479 796 487 792 502 harbor 0.1747
808 714 820 707 833 729 821 736 harbor 0.1686
844 887 854 878 871 899 861 907 harbor 0.1680
1682 1016 1683 1003 1719 1004 1719 1018 harbor 0.1674
470 860 473 843 505 848 502 865 harbor 0.1663
423 632 418 616 454 604 459 620 harbor 0.1640
817 782 823 770 847 782 841 794 harbor 0.1609
1122 198 1133 192 1144 215 1133 221 harbor 0.1589
859 960 856 946 887 940 889 954 harbor 0.1583
1223 457 1229 444 1254 455 1248 468 harbor 0.1560
892 1111 896 1095 926 1104 922 1120 harbor 0.1529
2023 726 2010 705 2057 677 2070 699 harbor 0.1524
486 912 491 897 519 905 514 921 harbor 0.1475
746 437 750 420 783 427 779 444 harbor 0.1469
1705 829 1709 813 1737 820 1734 835 harbor 0.1467
468 1166 461 1151 497 1134 504 1148 harbor 0.1466
375 391 380 373 414 383 409 401 harbor 0.1461
2045 773 2031 755 2075 721 2089 739 harbor 0.1385
1732 940 1742 929 1762 948 1753 959 harbor 0.1380
1326 1099 1339 1097 1347 1130 1334 1133 harbor 0.1379
1196 196 1240 138 1354 224 1310 282 harbor 0.1341
815 485 819 472 849 481 845 494 harbor 0.1337
1212 695 1221 686 1240 706 1232 714 harbor 0.1312
2113 779 2132 780 2131 837 2112 836 harbor 0.1275
1655 552 1653 537 1686 534 1687 549 harbor 0.1237
1685 574 1681 560 1708 552 1712 567 harbor 0.1223
388 782 384 762 425 755 428 775 harbor 0.1222
1215 324 1230 321 1236 350 1221 353 harbor 0.1199
1611 204 1615 169 1665 175 1661 209 harbor 0.1198
466 789 459 775 487 760 494 775 harbor 0.1186
1210 397 1213 383 1240 388 1237 402 harbor 0.1184
1575 495 1584 485 1604 502 1595 512 harbor 0.1182
789 605 797 591 827 608 818 622 harbor 0.1181
1264 984 1277 976 1291 999 1278 1007 harbor 0.1162
942 1058 945 1044 974 1049 972 1062 harbor 0.1158
1235 323 1251 321 1254 353 1238 355 harbor 0.1157
392 566 402 558 419 579 409 587 harbor 0.1123
820 271 853 262 864 306 831 314 harbor 0.1104
2015 662 2015 644 2053 642 2054 661 harbor 0.1103
1269 655 1266 637 1295 633 1297 651 harbor 0.1085
895 1097 898 1085 920 1089 917 1101 harbor 0.1080
872 699 872 682 901 682 900 699 harbor 0.1078
875 595 876 579 906 581 905 597 harbor 0.1060
956 1114 958 1100 986 1104 984 1118 harbor 0.1057
442 1083 450 1069 482 1085 475 1100 harbor 0.1042
367 676 370 659 405 666 402 683 harbor 0.1041
921 908 920 890 946 889 947 907 harbor 0.1039
1310 826 1309 810 1339 809 1340 825 harbor 0.1034
2076 733 2088 731 2092 749 2081 752 harbor 0.1032
1358 1074 1369 1072 1373 1105 1361 1106 harbor 0.1016
752 573 759 498 911 513 904 588 harbor 0.1008
1199 333 1211 325 1226 347 1214 355 harbor 0.1002
840 1195 849 1169 886 1182 877 1208 swimming-pool 0.1194
1881 41 1878 25 1908 19 1911 35 swimming-pool 0.1184
