757 331 777 323 794 365 774 374 small-vehicle 0.4772
788 321 807 317 817 358 797 362 small-vehicle 0.4729
617 277 611 258 648 247 654 266 small-vehicle 0.3602
774 397 794 393 801 431 781 435 small-vehicle 0.3542
687 471 675 457 708 429 720 443 small-vehicle 0.3446
676 443 666 428 700 406 710 420 small-vehicle 0.3222
860 300 880 295 888 333 868 338 small-vehicle 0.3096
627 302 620 284 657 270 663 288 small-vehicle 0.2313
47 914 48 893 88 895 87 916 small-vehicle 0.2163
691 490 684 472 725 456 733 474 small-vehicle 0.1867
635 326 628 308 664 293 671 311 small-vehicle 0.1811
896 1189 910 1182 925 1213 911 1220 small-vehicle 0.1600
648 345 639 329 673 309 682 325 small-vehicle 0.1418
669 418 659 408 683 384 693 394 small-vehicle 0.1396
88 974 102 959 132 985 119 1000 small-vehicle 0.1357
888 291 906 287 913 323 895 327 small-vehicle 0.1233
815 1284 828 1273 852 1303 839 1314 small-vehicle 0.1176
973 660 990 659 993 699 976 700 small-vehicle 0.1091
911 1142 923 1134 940 1160 928 1167 small-vehicle 0.1059
320 418 389 397 435 553 366 574 tennis-court 0.9320
214 449 286 425 335 575 264 599 tennis-court 0.9074
497 666 570 645 615 799 542 821 tennis-court 0.9067
393 695 468 672 515 830 441 853 tennis-court 0.8991
282 718 357 691 419 858 343 886 tennis-court 0.8808
450 981 528 958 576 1116 497 1139 tennis-court 0.8794
759 893 836 873 880 1037 803 1058 tennis-court 0.8705
411 387 483 359 548 520 476 549 tennis-court 0.8695
856 869 923 844 978 995 911 1020 tennis-court 0.8667
351 1012 423 991 467 1145 395 1166 tennis-court 0.8176
607 938 689 914 736 1080 654 1103 tennis-court 0.8047
473 36 468 -12 606 -27 612 21 swimming-pool 0.1346
