395 122 407 120 410 139 398 141 small-vehicle 0.2409
395 157 409 160 402 193 388 190 small-vehicle 0.1218
37 443 33 366 206 357 210 434 tennis-court 0.9499
30 323 40 245 207 269 197 346 tennis-court 0.9424
14 532 25 453 192 474 182 553 tennis-court 0.9280
9 740 13 667 182 676 178 749 tennis-court 0.9265
20 642 21 564 194 566 193 644 tennis-court 0.9193
8 843 9 770 172 773 170 846 tennis-court 0.9032
41 341 35 270 212 254 219 325 basketball-court 0.1393
13 849 9 766 174 759 177 843 basketball-court 0.1140
37 443 33 366 206 357 210 434 basketball-court 0.1108
13 849 9 766 174 759 177 843 swimming-pool 0.1064
