501 275 515 259 571 307 557 324 large-vehicle 0.1563
1565 159 1576 153 1591 179 1580 185 large-vehicle 0.1118
1115 1024 1131 1019 1139 1049 1123 1053 ship 0.2799
722 1324 734 1314 753 1336 742 1346 ship 0.2569
1708 802 1723 800 1727 830 1711 832 ship 0.2502
2086 392 2102 384 2120 419 2104 428 ship 0.2405
1678 710 1667 690 1709 667 1720 687 ship 0.2317
228 1915 219 1899 258 1876 267 1892 ship 0.2259
2047 433 2056 419 2084 436 2075 451 ship 0.2248
1790 555 1799 548 1816 572 1807 579 ship 0.2116
2057 427 2063 408 2103 422 2097 440 ship 0.2039
1533 787 1543 773 1572 793 1562 807 ship 0.1955
2146 256 2163 246 2211 323 2194 334 ship 0.1939
675 1268 688 1258 711 1285 698 1296 ship 0.1879
1058 928 1074 919 1134 1023 1118 1032 ship 0.1793
1579 757 1587 736 1623 749 1616 770 ship 0.1754
354 1601 365 1595 377 1619 366 1625 ship 0.1716
709 1289 715 1281 746 1305 739 1313 ship 0.1670
1114 738 1114 723 1160 723 1161 737 ship 0.1563
2056 399 2068 385 2103 412 2092 427 ship 0.1497
1392 868 1404 858 1428 887 1416 897 ship 0.1494
1955 463 1970 452 1996 488 1982 499 ship 0.1328
1387 890 1399 880 1420 906 1408 916 ship 0.1328
527 1487 541 1477 558 1500 543 1510 ship 0.1278
1460 855 1460 838 1500 838 1500 855 ship 0.1258
1332 794 1347 788 1369 842 1355 849 ship 0.1152
1301 845 1347 843 1352 929 1305 931 ship 0.1097
964 1041 975 1032 1034 1101 1023 1110 ship 0.1066
864 795 966 744 1064 940 962 991 basketball-court 0.1499
1765 539 1704 470 1859 332 1920 401 basketball-court 0.1404
266 1481 289 1466 379 1608 356 1622 harbor 0.5467
1266 812 1330 787 1381 916 1316 941 harbor 0.3961
163 1627 176 1613 262 1698 249 1712 harbor 0.3679
385 1309 421 1275 590 1454 554 1489 harbor 0.3653
504 1237 523 1221 656 1376 637 1393 harbor 0.3516
1610 536 1663 517 1724 688 1671 707 harbor 0.3388
1374 746 1423 708 1514 827 1465 865 harbor 0.3360
84 1634 95 1624 191 1725 179 1735 harbor 0.3201
1893 218 1925 188 2129 408 2097 438 harbor 0.2896
1918 409 1935 397 1995 478 1978 491 harbor 0.2770
2018 76 2048 57 2228 336 2198 355 harbor 0.2514
1470 699 1493 687 1563 813 1540 826 harbor 0.2474
806 1070 828 1059 904 1217 882 1227 harbor 0.2132
1523 665 1565 644 1619 753 1578 774 harbor 0.2119
1042 899 1057 891 1131 1020 1116 1028 harbor 0.1712
141 1630 155 1615 244 1702 230 1717 harbor 0.1505
1026 835 1072 767 1188 847 1142 914 harbor 0.1394
117 1639 133 1623 214 1706 198 1722 harbor 0.1390
1787 558 1795 550 1817 570 1809 579 harbor 0.1329
440 1275 483 1231 644 1389 601 1433 harbor 0.1312
1529 784 1543 770 1572 798 1558 812 harbor 0.1236
572 1151 606 1126 763 1335 729 1361 harbor 0.1173
338 1401 344 1387 401 1415 394 1429 harbor 0.1113
951 1032 960 1022 1021 1082 1011 1092 harbor 0.1110
1453 843 1459 826 1501 840 1495 857 harbor 0.1048
1332 794 1347 788 1369 842 1355 849 harbor 0.1046
1918 175 1949 151 2161 413 2130 438 harbor 0.1020
481 367 497 359 514 392 498 400 swimming-pool 0.3706
482 366 498 357 517 391 502 400 helicopter 0.1002
