243 261 241 244 289 239 291 256 small-vehicle 0.4132
184 44 180 27 222 18 225 36 small-vehicle 0.3628
279 379 275 359 318 350 322 370 small-vehicle 0.3572
279 331 273 317 303 303 310 317 small-vehicle 0.2755
283 340 279 326 312 316 316 331 small-vehicle 0.2542
298 115 295 102 321 96 324 109 small-vehicle 0.2539
182 20 181 5 218 3 219 18 small-vehicle 0.2245
234 194 229 176 283 160 288 178 small-vehicle 0.2151
240 220 236 200 290 189 294 208 small-vehicle 0.2086
216 110 212 92 269 77 274 94 small-vehicle 0.2004
7 498 21 495 26 521 12 524 small-vehicle 0.1996
221 140 217 123 274 107 279 125 small-vehicle 0.1964
229 167 225 148 276 135 281 154 small-vehicle 0.1797
378 316 392 311 403 341 388 346 small-vehicle 0.1614
295 435 292 416 334 409 337 428 small-vehicle 0.1517
143 448 140 429 206 418 209 437 small-vehicle 0.1398
278 321 268 309 297 285 308 298 small-vehicle 0.1363
170 590 163 571 226 548 233 567 small-vehicle 0.1339
151 473 149 454 214 450 215 468 small-vehicle 0.1288
159 535 153 516 220 496 226 515 small-vehicle 0.1226
157 505 152 486 211 469 216 488 small-vehicle 0.1191
193 84 190 65 225 61 227 80 small-vehicle 0.1134
341 227 354 224 359 249 346 252 small-vehicle 0.1042
322 146 338 141 348 180 332 184 small-vehicle 0.1038
158 529 155 510 222 500 224 519 large-vehicle 0.8099
152 475 149 456 213 446 216 465 large-vehicle 0.8031
228 167 223 149 277 135 281 152 large-vehicle 0.7924
153 504 149 484 215 472 218 492 large-vehicle 0.7913
216 109 211 91 265 77 270 95 large-vehicle 0.7646
234 194 230 175 282 163 287 182 large-vehicle 0.7536
222 141 217 123 272 107 277 125 large-vehicle 0.7361
167 584 163 565 229 551 233 570 large-vehicle 0.7255
138 452 135 432 206 419 210 439 large-vehicle 0.7151
240 220 236 200 290 189 294 208 large-vehicle 0.7084
279 379 275 359 318 350 322 370 large-vehicle 0.4961
246 263 242 246 281 238 284 255 large-vehicle 0.4606
186 43 183 25 221 19 224 36 large-vehicle 0.3376
277 217 303 216 310 325 284 327 large-vehicle 0.2306
196 92 187 78 226 54 235 68 large-vehicle 0.2216
282 340 278 325 312 316 316 331 large-vehicle 0.1957
323 144 339 140 350 180 333 185 large-vehicle 0.1427
358 326 379 325 382 396 360 397 large-vehicle 0.1277
295 435 292 416 334 409 337 428 large-vehicle 0.1019
186 47 180 30 219 16 225 34 ship 0.1180
241 220 236 201 290 188 295 206 ship 0.1175
277 378 273 360 318 351 322 369 ship 0.1081
