4089 1462 4356 1501 4311 1806 4044 1767 plane 0.9533
2089 2789 2037 2618 2252 2553 2304 2725 plane 0.9400
907 1086 1049 1103 1029 1273 886 1255 plane 0.9395
1796 2771 1784 2590 2006 2574 2019 2755 plane 0.9333
596 952 740 977 711 1149 567 1125 plane 0.9106
1079 1155 1224 1182 1192 1353 1047 1326 plane 0.8890
3779 1703 3733 1470 3998 1417 4044 1651 plane 0.8693
3902 4094 3895 3917 4120 3908 4127 4085 plane 0.8652
4377 1818 4304 1600 4552 1517 4625 1735 plane 0.8632
5091 858 5335 952 5206 1286 4963 1192 plane 0.8618
1347 2785 1368 2525 1667 2549 1646 2809 plane 0.8582
138 1643 378 1493 543 1754 303 1905 plane 0.8580
3558 739 3807 654 3902 935 3653 1020 plane 0.8528
4720 860 4988 820 5033 1121 4765 1160 plane 0.8490
5158 1210 5355 1119 5458 1341 5261 1432 plane 0.8485
4854 1768 4882 1585 5101 1618 5073 1802 plane 0.8286
778 1031 886 1052 860 1178 753 1157 plane 0.8105
3455 1055 3573 871 3794 1012 3675 1197 plane 0.8024
1396 1282 1534 1328 1484 1482 1345 1436 plane 0.7119
564 1557 785 1651 668 1924 447 1829 plane 0.6102
464 900 547 932 506 1039 423 1006 plane 0.1999
3444 1217 3486 1231 3463 1296 3422 1282 plane 0.1197
3540 124 3572 140 3501 284 3468 268 large-vehicle 0.1524
1975 1677 2003 1627 2217 1745 2190 1795 large-vehicle 0.1221
3679 4193 3684 4161 3772 4175 3766 4207 large-vehicle 0.1089
4980 646 5002 655 4967 744 4946 735 large-vehicle 0.1056
257 841 397 849 390 985 250 977 storage-tank 0.2428
1397 1280 1537 1319 1492 1480 1352 1441 helicopter 0.1558
4862 1776 4877 1591 5093 1609 5078 1794 helicopter 0.1476
3732 1628 3796 1407 4052 1482 3988 1703 helicopter 0.1232
