510 2228 509 2180 572 2179 573 2228 plane 0.4548
1967 548 2016 555 2005 624 1957 617 plane 0.2470
857 1760 890 1750 904 1799 870 1808 plane 0.2358
1936 907 1957 881 1991 908 1970 934 plane 0.1936
1793 2461 1852 2460 1853 2532 1794 2533 plane 0.1749
1900 1004 1929 985 1953 1024 1925 1042 plane 0.1744
428 1504 439 1472 480 1487 469 1518 plane 0.1474
2056 2472 2090 2452 2119 2502 2085 2522 plane 0.1373
2147 2062 2181 2064 2178 2114 2144 2112 plane 0.1169
1929 918 1952 906 1968 935 1945 948 plane 0.1117
1674 2759 1682 2729 1723 2741 1715 2770 plane 0.1091
647 678 649 655 681 658 679 681 plane 0.1054
1934 990 1950 974 1976 1001 1959 1017 plane 0.1046
2174 1741 2213 1744 2208 1800 2169 1797 plane 0.1007
1729 1863 1754 1860 1764 1945 1739 1948 large-vehicle 0.1510
528 2827 625 2852 597 2958 500 2932 storage-tank 0.2362
1416 3090 1482 3098 1473 3168 1407 3159 storage-tank 0.1228
2396 2356 2383 2326 2446 2300 2458 2329 swimming-pool 0.1394
2392 2397 2382 2368 2445 2347 2455 2376 swimming-pool 0.1177
