3186 1145 3205 1111 3249 1135 3230 1169 plane 0.1951
3109 1162 3138 1143 3166 1184 3137 1204 plane 0.1669
1875 1553 1901 1539 1920 1575 1894 1589 plane 0.1586
3430 1611 3442 1587 3481 1607 3469 1632 plane 0.1415
2686 2476 2708 2450 2747 2483 2725 2509 plane 0.1409
3153 1151 3174 1122 3212 1150 3190 1179 plane 0.1206
2338 661 2336 626 2389 623 2390 659 plane 0.1117
3414 1797 3406 1767 3463 1754 3470 1783 plane 0.1074
536 2531 557 2492 613 2523 592 2562 plane 0.1072
3408 1810 3414 1781 3469 1793 3463 1822 plane 0.1034
3191 1278 3191 1252 3230 1253 3230 1279 plane 0.1001
2543 274 2541 254 2588 249 2590 269 large-vehicle 0.1307
2313 287 2291 261 2333 227 2355 253 large-vehicle 0.1250
2425 3588 2459 3589 2453 3718 2419 3716 large-vehicle 0.1224
2899 384 2919 379 2930 431 2910 435 large-vehicle 0.1145
2587 4015 2582 3986 2633 3976 2639 4005 large-vehicle 0.1073
2272 409 2312 403 2324 486 2284 492 tennis-court 0.1153
2452 1436 2539 1470 2505 1561 2417 1527 storage-tank 0.1239
2458 1445 2541 1474 2511 1560 2427 1530 roundabout 0.2402
1758 3274 1812 3211 1892 3278 1838 3342 roundabout 0.2200
1385 2600 1435 2588 1450 2653 1400 2665 roundabout 0.1282
