2407 1767 2746 1841 2662 2227 2322 2153 plane 0.9360
3020 1364 3350 1384 3327 1772 2997 1752 plane 0.9298
558 4920 710 4914 717 5100 566 5106 plane 0.9277
482 4650 644 4640 656 4835 494 4845 plane 0.9266
1403 4626 1722 4722 1615 5077 1296 4981 plane 0.9104
1012 3655 1199 3404 1503 3630 1316 3881 plane 0.9048
2437 4683 2616 4741 2547 4951 2369 4892 plane 0.9002
1887 2299 2190 2197 2308 2546 2005 2648 plane 0.8970
3621 1439 3923 1552 3795 1895 3493 1782 plane 0.8897
2753 942 2910 1029 2805 1218 2648 1130 plane 0.8869
2518 770 2699 835 2626 1034 2446 968 plane 0.8790
629 5141 768 5166 740 5325 601 5301 plane 0.8707
2481 4005 2491 3670 2849 3681 2839 4016 plane 0.8636
3403 2534 3559 2475 3634 2672 3478 2732 plane 0.8375
5018 3471 4988 3307 5171 3274 5200 3438 plane 0.8350
1061 3195 1317 2971 1566 3256 1310 3480 plane 0.8347
4614 4470 4742 4449 4766 4595 4638 4615 plane 0.8302
780 5786 949 5844 876 6058 707 6000 plane 0.8096
5038 2748 5211 2824 5121 3029 4948 2954 plane 0.7764
1867 5394 1897 5195 2116 5228 2086 5427 plane 0.7532
5043 3545 5208 3569 5179 3773 5013 3749 plane 0.7305
1976 1943 2116 1948 2111 2097 1971 2092 plane 0.7188
5155 3236 5152 3053 5354 3050 5357 3233 plane 0.7137
4408 4673 4540 4607 4608 4743 4477 4809 plane 0.6488
5052 4309 5180 4353 5125 4513 4997 4469 plane 0.5348
2618 4767 2660 4712 2728 4762 2686 4818 plane 0.3650
4015 1660 4072 1660 4073 1754 4016 1755 plane 0.3068
5235 3484 5225 3395 5319 3385 5329 3474 plane 0.2865
5267 3595 5358 3646 5297 3753 5206 3702 plane 0.2669
5386 3708 5474 3664 5530 3775 5442 3819 plane 0.2351
5203 3345 5229 3268 5348 3308 5321 3385 plane 0.2249
5598 3640 5632 3560 5731 3602 5697 3682 plane 0.2186
2804 5081 2799 5035 2867 5027 2872 5074 plane 0.1812
5109 3561 5123 3461 5228 3476 5214 3576 plane 0.1736
5484 3549 5544 3471 5655 3556 5596 3634 plane 0.1661
5223 3547 5317 3496 5373 3597 5279 3648 plane 0.1232
5459 3627 5564 3582 5619 3713 5514 3757 plane 0.1182
5306 3123 5347 3035 5444 3081 5403 3168 plane 0.1138
5302 3453 5428 3386 5506 3533 5381 3600 plane 0.1130
4896 3355 4993 3294 5052 3390 4955 3450 plane 0.1111
3943 1647 3994 1654 3982 1742 3931 1735 plane 0.1092
1045 2637 1226 2752 706 3575 525 3461 bridge 0.1221
4509 4353 4470 4310 4574 4217 4612 4260 large-vehicle 0.1455
3999 4752 4043 4758 4028 4860 3984 4853 large-vehicle 0.1023
2733 3229 2724 3185 2835 3161 2844 3205 large-vehicle 0.1006
4204 4993 4343 4983 4362 5244 4223 5254 tennis-court 0.1180
3989 5142 3974 5011 4178 4988 4192 5119 tennis-court 0.1015
3973 5241 4010 5129 4229 5202 4191 5314 tennis-court 0.1003
3910 5218 3955 4919 4494 5001 4449 5299 basketball-court 0.2504
3355 3656 3244 3531 3384 3406 3495 3531 storage-tank 0.2758
2692 3996 2954 3046 3947 3321 3684 4270 storage-tank 0.1706
5593 4837 6115 4779 6210 5632 5688 5690 soccer-ball-field 0.1050
726 1175 1347 1242 1251 2138 630 2072 roundabout 0.1255
2944 4171 2695 3147 3773 2885 4022 3909 roundabout 0.1218
3364 3394 3501 3519 3380 3653 3242 3529 roundabout 0.1028
5018 3471 4988 3307 5171 3274 5200 3438 helicopter 0.1912
5081 4304 5205 4383 5110 4532 4986 4453 helicopter 0.1618
1976 1943 2116 1948 2111 2097 1971 2092 helicopter 0.1603
5024 3560 5192 3558 5194 3763 5026 3764 helicopter 0.1337
4419 4660 4546 4614 4597 4754 4470 4800 helicopter 0.1330
813 5782 968 5874 849 6072 694 5979 helicopter 0.1285
1885 5412 1879 5217 2091 5211 2096 5406 helicopter 0.1203
1061 3209 1294 2972 1570 3243 1337 3480 helicopter 0.1149
614 5145 759 5148 756 5309 611 5306 helicopter 0.1025
2431 4678 2617 4734 2553 4947 2367 4891 helicopter 0.1015
