2691 2003 2622 1795 2871 1713 2939 1921 plane 0.9275
2389 1786 2421 1615 2616 1652 2584 1823 plane 0.8831
2194 2826 2379 2618 2616 2829 2431 3036 plane 0.8796
4052 3746 4025 3655 4126 3625 4153 3716 plane 0.8786
3666 3211 3839 3138 3932 3360 3759 3433 plane 0.8633
560 432 732 499 656 694 483 627 plane 0.8566
3291 2980 3253 2882 3379 2833 3417 2930 plane 0.8477
4871 4815 4840 4743 4931 4704 4961 4777 plane 0.8219
3863 3781 3855 3680 3961 3672 3969 3773 plane 0.8082
4125 3681 4162 3492 4386 3537 4349 3726 plane 0.8076
3822 2764 3784 2677 3901 2625 3940 2711 plane 0.8026
4710 4849 4701 4769 4791 4759 4800 4839 plane 0.7897
4984 4955 4979 4871 5078 4866 5083 4949 plane 0.7715
4164 4092 4151 4002 4243 3990 4255 4079 plane 0.7517
5192 4891 5194 4806 5301 4809 5299 4893 plane 0.7481
4280 4380 4219 4301 4311 4229 4372 4307 plane 0.7480
3515 2885 3497 2791 3643 2761 3662 2856 plane 0.7348
4022 4485 3949 4402 4056 4309 4128 4392 plane 0.7333
4757 4375 4737 4292 4832 4269 4852 4352 plane 0.7321
3746 2784 3730 2710 3814 2691 3831 2765 plane 0.7293
5089 4502 5076 4417 5165 4403 5179 4488 plane 0.7199
3905 4281 3867 4163 4015 4115 4054 4232 plane 0.7082
4958 4772 4934 4697 5022 4669 5046 4744 plane 0.7058
2756 2247 2700 2156 2813 2086 2869 2178 plane 0.6896
4601 4403 4624 4323 4706 4347 4683 4427 plane 0.6870
2625 2330 2581 2248 2689 2189 2733 2272 plane 0.6864
2768 2958 2766 2824 2918 2822 2919 2956 plane 0.6830
4033 3918 4001 3836 4102 3797 4133 3878 plane 0.6806
3397 2655 3462 2637 3486 2722 3420 2740 plane 0.6552
4080 4417 4090 4321 4188 4331 4178 4427 plane 0.6532
3188 2552 3214 2488 3283 2517 3257 2580 plane 0.6503
4922 4559 4903 4490 4984 4468 5002 4538 plane 0.6482
3082 2620 3188 2560 3248 2665 3142 2725 plane 0.6438
4796 5053 4771 4964 4883 4934 4907 5023 plane 0.6435
5111 4663 5146 4618 5210 4666 5175 4712 plane 0.6420
3337 2389 3352 2312 3443 2330 3427 2407 plane 0.6190
3647 3821 3790 3819 3792 3996 3649 3998 plane 0.6125
3829 3974 3828 3894 3915 3894 3915 3973 plane 0.6086
4043 2727 4037 2645 4129 2638 4135 2720 plane 0.6013
4133 4190 4203 4163 4237 4252 4167 4279 plane 0.5999
4519 4416 4528 4347 4621 4358 4613 4427 plane 0.5825
825 1402 942 1378 970 1517 853 1540 plane 0.5733
3522 2238 3579 2183 3645 2251 3587 2306 plane 0.5674
2969 2844 2950 2721 3121 2695 3140 2818 plane 0.5647
2758 2678 2725 2552 2875 2512 2908 2639 plane 0.5523
3429 2305 3487 2258 3545 2330 3487 2376 plane 0.5247
3541 3898 3599 3836 3662 3895 3604 3957 plane 0.5149
4990 4512 4994 4437 5077 4442 5072 4516 plane 0.5047
2514 2381 2492 2289 2611 2262 2632 2354 plane 0.5028
3243 2233 3264 2169 3337 2193 3316 2257 plane 0.4998
5043 4230 5061 4162 5145 4184 5126 4253 plane 0.4827
3466 2169 3430 2095 3516 2052 3552 2126 plane 0.4809
5080 4925 5091 4845 5178 4858 5167 4937 plane 0.4779
1003 538 1146 524 1161 679 1018 693 plane 0.4585
4460 5138 4478 5074 4557 5096 4539 5161 plane 0.4464
3805 4215 3835 4149 3918 4187 3887 4254 plane 0.4454
949 1286 1036 1300 1017 1417 929 1403 plane 0.4285
3142 2263 3212 2271 3202 2349 3133 2341 plane 0.4191
2867 2116 2845 2015 2962 1990 2984 2090 plane 0.4042
5037 4722 5044 4650 5125 4658 5117 4730 plane 0.3921
2923 2418 2997 2431 2982 2517 2908 2504 plane 0.3631
4896 3113 4967 3106 4976 3188 4905 3196 plane 0.3432
2398 2460 2389 2363 2522 2351 2531 2448 plane 0.3425
4750 3215 4814 3200 4830 3273 4767 3287 plane 0.3120
3271 2475 3335 2452 3358 2519 3294 2541 plane 0.3065
4801 3385 4854 3329 4917 3390 4863 3445 plane 0.2699
4695 3416 4701 3349 4785 3356 4779 3423 plane 0.2681
4163 2684 4178 2623 4250 2640 4235 2701 plane 0.2674
3368 2442 3406 2392 3458 2431 3421 2481 plane 0.2587
4583 3302 4631 3315 4612 3381 4564 3367 plane 0.2542
4738 2397 4807 2352 4862 2435 4793 2480 plane 0.2410
4862 3226 4925 3237 4912 3312 4849 3302 plane 0.2316
4481 4404 4514 4372 4559 4419 4526 4451 plane 0.2214
3283 2181 3321 2119 3395 2165 3357 2226 plane 0.2073
4910 4327 4884 4262 4959 4231 4986 4295 plane 0.2040
3317 2254 3360 2205 3415 2253 3372 2302 plane 0.2016
4900 3193 4956 3194 4954 3265 4898 3263 plane 0.1978
4618 3408 4639 3343 4718 3368 4696 3434 plane 0.1964
2840 2506 2925 2461 2974 2552 2890 2598 plane 0.1941
4723 5066 4721 4989 4800 4987 4802 5064 plane 0.1900
3235 2459 3276 2441 3300 2493 3260 2512 plane 0.1803
4914 3037 4987 3040 4984 3130 4910 3127 plane 0.1750
996 1563 1053 1568 1045 1655 989 1650 plane 0.1526
4489 4463 4536 4451 4555 4525 4508 4537 plane 0.1451
5321 4813 5385 4800 5399 4862 5335 4876 plane 0.1442
4190 2651 4164 2611 4228 2570 4254 2609 plane 0.1399
3764 4002 3763 3928 3840 3926 3841 4000 plane 0.1394
3330 2322 3346 2270 3401 2287 3385 2339 plane 0.1327
3078 2335 3154 2336 3153 2413 3077 2412 plane 0.1258
3431 2794 3461 2729 3522 2757 3493 2822 plane 0.1257
1116 1167 1180 1159 1190 1240 1127 1248 plane 0.1244
2313 2432 2396 2388 2447 2483 2363 2527 plane 0.1226
4265 2889 4296 2902 4273 2956 4242 2942 plane 0.1212
3317 2099 3365 2071 3403 2134 3355 2162 plane 0.1197
4846 3131 4895 3134 4891 3194 4842 3190 plane 0.1189
3637 2816 3667 2748 3727 2775 3696 2843 plane 0.1103
3199 2287 3257 2273 3271 2336 3213 2349 plane 0.1069
3523 2190 3549 2134 3612 2162 3586 2219 plane 0.1058
3253 2273 3285 2236 3326 2271 3294 2308 plane 0.1015
3195 2214 3248 2195 3267 2251 3214 2270 plane 0.1013
3183 2956 3200 2898 3268 2917 3252 2975 plane 0.1010
3790 4913 3871 4885 3917 5017 3837 5045 bridge 0.1516
3476 5261 3336 5020 3713 4801 3853 5041 bridge 0.1234
584 1389 610 1368 678 1453 653 1474 large-vehicle 0.2197
1182 2470 1207 2443 1384 2607 1359 2635 large-vehicle 0.1044
4644 5518 4589 5275 5071 5166 5126 5408 basketball-court 0.1034
5332 4805 5390 4810 5385 4867 5327 4862 storage-tank 0.1378
5267 4632 5349 4616 5365 4703 5283 4719 storage-tank 0.1030
3647 3821 3790 3819 3792 3996 3649 3998 harbor 0.1139
2778 2969 2753 2839 2899 2811 2924 2941 helicopter 0.1772
3663 3245 3794 3139 3939 3319 3808 3425 helicopter 0.1730
3920 4309 3835 4205 3972 4092 4058 4195 helicopter 0.1492
1008 526 1150 526 1150 685 1009 686 helicopter 0.1375
2758 2676 2727 2542 2879 2507 2910 2640 helicopter 0.1364
4013 4490 3945 4411 4043 4326 4111 4406 helicopter 0.1343
2363 2455 2392 2359 2521 2399 2492 2495 helicopter 0.1269
3651 4013 3670 3912 3782 3933 3763 4034 helicopter 0.1213
485 457 691 445 704 662 498 673 helicopter 0.1180
2763 2250 2701 2154 2816 2080 2878 2175 helicopter 0.1150
5184 4896 5191 4799 5311 4807 5304 4904 helicopter 0.1131
2383 1780 2426 1610 2616 1658 2574 1827 helicopter 0.1001
