2784 4 2812 -47 3165 141 3138 193 bridge 0.1339
2749 739 2723 693 3205 419 3232 466 bridge 0.1098
1938 794 1957 773 2018 830 1999 851 ship 0.4051
859 861 882 841 925 891 902 911 ship 0.3506
2363 1254 2381 1238 2433 1301 2414 1316 ship 0.3197
1158 1221 1139 1200 1201 1144 1220 1165 ship 0.3128
1486 187 1507 171 1560 241 1538 257 ship 0.2785
1162 1274 1152 1252 1218 1221 1228 1242 ship 0.2579
3847 1481 3834 1457 3939 1402 3952 1425 ship 0.2536
2018 2139 2000 2115 2060 2070 2078 2095 ship 0.2368
1469 1648 1445 1624 1530 1538 1554 1562 ship 0.2172
2234 1164 2251 1154 2289 1217 2271 1227 ship 0.2132
1158 1252 1141 1230 1204 1181 1221 1202 ship 0.1958
1948 2093 1940 2065 2008 2044 2017 2071 ship 0.1901
1419 58 1436 43 1483 98 1466 113 ship 0.1873
1963 1447 1983 1431 2044 1507 2024 1523 ship 0.1499
1530 1666 1534 1646 1601 1658 1598 1678 ship 0.1303
3635 3932 3653 3915 3703 3969 3684 3986 ship 0.1270
1961 2114 1952 2087 2029 2062 2037 2090 ship 0.1229
2011 2150 2007 2125 2063 2114 2068 2139 ship 0.1170
3835 2140 3909 2068 4106 2270 4032 2342 ship 0.1157
1485 1326 1520 1331 1513 1392 1477 1388 ship 0.1103
2567 1181 2586 1171 2625 1246 2606 1256 ship 0.1049
1541 152 1559 134 1616 189 1599 207 ship 0.1002
990 1056 1016 1073 979 1130 953 1113 harbor 0.1805
1948 2093 1940 2065 2008 2044 2017 2071 harbor 0.1481
2020 2145 2000 2122 2051 2076 2072 2099 harbor 0.1287
2814 732 2780 682 3187 411 3220 461 harbor 0.1271
1961 2114 1952 2087 2029 2062 2037 2090 harbor 0.1003
