3920 253 3970 251 3972 307 3921 308 plane 0.1167
2190 3528 2194 3487 2296 3496 2293 3537 bridge 0.6277
2451 2997 2495 3000 2490 3064 2447 3062 bridge 0.4631
1643 3474 1640 3434 1699 3431 1702 3470 bridge 0.4308
2257 1501 2274 1449 2375 1482 2358 1533 bridge 0.4050
2231 1939 2243 1892 2440 1945 2427 1991 bridge 0.3701
2912 2284 2942 2293 2924 2355 2894 2346 bridge 0.1769
1671 3438 1673 3411 1713 3415 1710 3442 bridge 0.1229
2628 3670 2653 3608 2744 3644 2719 3706 bridge 0.1213
3920 253 3970 251 3972 307 3921 308 small-vehicle 0.1081
2210 2765 2253 2765 2251 2950 2209 2950 ship 0.1705
3485 206 3549 216 3539 284 3475 274 storage-tank 0.7278
3806 4 3868 0 3873 62 3812 67 storage-tank 0.7211
3593 87 3649 91 3644 157 3588 152 storage-tank 0.6684
3516 75 3570 81 3563 138 3509 132 storage-tank 0.6571
3562 225 3622 231 3616 296 3557 290 storage-tank 0.6553
3783 138 3823 142 3820 188 3780 185 storage-tank 0.5980
3912 317 3958 319 3955 373 3909 370 storage-tank 0.5767
3741 -19 3802 -9 3792 56 3731 46 storage-tank 0.5633
3585 151 3646 166 3629 234 3568 219 storage-tank 0.5544
3935 190 3985 188 3987 247 3937 248 storage-tank 0.5522
3503 150 3556 159 3547 215 3494 206 storage-tank 0.5016
3771 177 3808 177 3808 225 3771 225 storage-tank 0.4860
3922 255 3967 253 3969 305 3924 307 storage-tank 0.4731
3725 129 3760 124 3765 162 3730 167 storage-tank 0.4635
3420 97 3455 98 3454 137 3419 136 storage-tank 0.4033
3194 51 3229 51 3230 92 3195 93 storage-tank 0.4033
3698 253 3731 247 3739 289 3707 295 storage-tank 0.3762
3272 74 3306 68 3314 110 3279 116 storage-tank 0.3530
3729 255 3759 247 3769 286 3739 294 storage-tank 0.3496
3757 301 3788 299 3791 332 3759 334 storage-tank 0.3401
3234 69 3266 62 3273 99 3241 106 storage-tank 0.3290
3703 120 3734 123 3731 156 3700 153 storage-tank 0.3274
3361 91 3396 85 3403 129 3367 135 storage-tank 0.3234
3431 56 3465 61 3460 99 3426 94 storage-tank 0.3092
3388 54 3424 56 3421 95 3386 93 storage-tank 0.3056
3701 308 3727 301 3734 327 3709 334 storage-tank 0.2934
3725 311 3749 301 3758 325 3734 334 storage-tank 0.2923
3325 87 3360 84 3363 123 3328 126 storage-tank 0.2891
3686 166 3715 169 3712 202 3683 200 storage-tank 0.2882
3292 30 3327 23 3336 67 3301 74 storage-tank 0.2746
3730 184 3764 182 3766 223 3732 224 storage-tank 0.2735
3673 133 3705 137 3702 169 3669 166 storage-tank 0.2670
3231 31 3265 30 3267 62 3232 64 storage-tank 0.2340
3678 286 3710 283 3712 316 3680 319 storage-tank 0.2254
3957 126 3997 125 3999 176 3960 178 storage-tank 0.2196
3196 9 3237 6 3241 57 3200 60 storage-tank 0.2021
3688 199 3717 202 3714 228 3686 226 storage-tank 0.1841
3326 43 3360 45 3358 86 3324 84 storage-tank 0.1717
2532 54 2554 56 2551 80 2530 77 storage-tank 0.1715
3764 236 3796 236 3796 279 3764 280 storage-tank 0.1674
3657 294 3685 295 3685 321 3656 321 storage-tank 0.1637
3674 312 3701 311 3702 338 3675 340 storage-tank 0.1576
2547 56 2565 51 2572 78 2554 83 storage-tank 0.1508
2548 31 2564 36 2558 55 2542 49 storage-tank 0.1472
3464 158 3500 163 3495 199 3459 194 storage-tank 0.1331
3353 45 3389 37 3398 82 3362 89 storage-tank 0.1314
3626 262 3661 266 3657 301 3621 296 storage-tank 0.1202
2504 52 2526 57 2520 88 2498 83 storage-tank 0.1158
3480 75 3520 83 3512 124 3473 117 storage-tank 0.1153
2569 57 2586 52 2594 79 2577 84 storage-tank 0.1115
3644 112 3682 119 3675 157 3637 150 storage-tank 0.1093
2572 39 2588 32 2596 54 2581 61 storage-tank 0.1003
