1249 2985 1272 2961 1334 3020 1311 3044 plane 0.1883
1310 3018 1327 3002 1365 3045 1348 3060 plane 0.1600
1221 2923 1252 2909 1282 2974 1251 2988 plane 0.1334
1381 2889 1408 2863 1464 2923 1436 2949 plane 0.1318
1151 3064 1174 3044 1219 3095 1196 3115 plane 0.1253
1352 2824 1392 2824 1392 2905 1352 2905 plane 0.1216
1204 3075 1228 3061 1255 3108 1231 3122 plane 0.1213
1402 2956 1408 2926 1473 2941 1467 2971 plane 0.1209
1400 2816 1428 2825 1408 2891 1380 2882 plane 0.1188
1068 2971 1101 2951 1147 3023 1114 3044 plane 0.1184
3583 4048 3587 4011 3665 4020 3661 4057 plane 0.1181
1221 3007 1245 2995 1268 3039 1244 3051 plane 0.1134
1200 2912 1229 2906 1240 2955 1211 2961 plane 0.1122
1422 2825 1446 2826 1444 2877 1419 2876 plane 0.1018
1113 3033 1139 3015 1175 3064 1148 3083 plane 0.1015
144 3533 161 3510 210 3546 193 3569 small-vehicle 0.1212
2562 43 2575 6 2643 29 2631 66 small-vehicle 0.1203
3800 2483 3818 2457 3894 2510 3875 2536 large-vehicle 0.1648
2243 3866 2248 3836 2339 3852 2334 3882 large-vehicle 0.1381
2165 3879 2164 3849 2250 3847 2250 3877 large-vehicle 0.1097
227 1145 259 1115 331 1192 299 1222 ship 0.3983
3469 2699 3495 2671 3547 2720 3520 2748 ship 0.3753
932 867 962 847 1018 930 987 951 ship 0.3443
2606 3551 2637 3519 2730 3610 2700 3641 ship 0.3387
2567 3834 2593 3822 2627 3901 2601 3912 ship 0.3350
299 1101 327 1071 398 1138 370 1168 ship 0.3323
2427 3865 2439 3831 2530 3863 2518 3897 ship 0.3274
743 654 772 628 828 690 799 716 ship 0.3198
345 1036 370 1009 437 1072 412 1098 ship 0.3183
2649 3801 2672 3785 2717 3850 2694 3867 ship 0.3125
619 766 639 738 714 792 693 820 ship 0.3063
526 887 545 861 603 905 583 931 ship 0.3056
428 988 457 963 517 1032 489 1057 ship 0.3023
574 825 595 796 665 847 644 876 ship 0.2920
592 794 617 766 687 832 662 860 ship 0.2887
465 920 486 897 543 947 522 971 ship 0.2818
466 958 490 936 545 994 521 1017 ship 0.2796
661 742 679 714 750 762 731 789 ship 0.2770
694 703 720 683 770 747 745 767 ship 0.2738
776 589 798 561 870 618 848 646 ship 0.2726
860 973 884 945 953 1003 929 1032 ship 0.2698
2496 3644 2524 3623 2595 3719 2567 3740 ship 0.2691
1056 1329 1087 1318 1120 1412 1089 1423 ship 0.2682
775 1058 800 1030 866 1088 842 1116 ship 0.2612
561 1427 587 1407 636 1471 609 1491 ship 0.2587
837 1208 876 1188 939 1309 900 1330 ship 0.2528
898 1164 931 1141 1009 1255 976 1277 ship 0.2528
568 1515 570 1478 687 1484 685 1522 ship 0.2505
602 1192 641 1181 670 1276 631 1288 ship 0.2485
2669 3769 2699 3753 2744 3836 2714 3852 ship 0.2465
2550 3628 2571 3605 2645 3673 2624 3696 ship 0.2457
502 905 522 881 577 924 558 949 ship 0.2384
554 852 575 824 641 874 620 902 ship 0.2372
2473 3395 2500 3374 2570 3464 2544 3485 ship 0.2354
683 1134 713 1107 772 1174 742 1201 ship 0.2341
890 923 913 899 987 965 964 990 ship 0.2324
510 1870 546 1831 649 1927 613 1966 ship 0.2189
574 1218 608 1215 616 1307 582 1310 ship 0.2168
392 1023 413 996 474 1047 453 1073 ship 0.2153
654 1583 684 1575 704 1645 673 1654 ship 0.2152
538 1282 562 1265 601 1319 577 1336 ship 0.2150
822 997 845 977 899 1039 875 1059 ship 0.2127
2599 3833 2620 3817 2671 3883 2650 3899 ship 0.2114
641 1356 672 1337 724 1422 694 1441 ship 0.2097
2673 3489 2699 3463 2788 3553 2762 3578 ship 0.2077
2741 3717 2776 3711 2792 3806 2756 3812 ship 0.1995
1153 1485 1180 1470 1222 1549 1195 1563 ship 0.1975
577 1413 598 1390 665 1449 644 1472 ship 0.1955
2664 3965 2646 3927 2775 3867 2793 3905 ship 0.1954
3801 2488 3816 2462 3893 2507 3877 2534 ship 0.1925
653 1154 677 1140 711 1202 687 1216 ship 0.1925
2552 3350 2576 3335 2625 3414 2602 3429 ship 0.1922
2509 3358 2531 3336 2605 3408 2584 3430 ship 0.1912
721 693 745 669 797 721 772 745 ship 0.1898
2549 3658 2566 3644 2608 3697 2591 3711 ship 0.1878
686 1330 718 1312 762 1391 730 1409 ship 0.1875
762 632 784 604 847 656 825 683 ship 0.1868
271 1127 300 1101 361 1172 332 1197 ship 0.1843
912 1891 923 1862 997 1890 986 1919 ship 0.1836
838 982 858 960 906 1004 886 1026 ship 0.1819
2588 3606 2608 3588 2666 3650 2646 3669 ship 0.1799
1348 1738 1371 1720 1421 1783 1398 1801 ship 0.1794
700 1631 726 1622 748 1684 722 1693 ship 0.1771
2375 3501 2399 3481 2464 3559 2439 3579 ship 0.1759
808 1748 837 1724 914 1817 885 1840 ship 0.1758
2449 3754 2459 3728 2528 3755 2517 3781 ship 0.1744
786 1748 817 1738 845 1821 814 1832 ship 0.1725
3574 3796 3597 3806 3572 3866 3548 3857 ship 0.1693
993 1350 1025 1341 1049 1426 1016 1435 ship 0.1683
2427 3441 2451 3423 2510 3501 2485 3519 ship 0.1654
2453 3417 2478 3397 2546 3483 2521 3502 ship 0.1644
342 1080 368 1055 434 1122 408 1148 ship 0.1620
2612 3805 2631 3792 2664 3842 2645 3854 ship 0.1618
950 1929 958 1897 1030 1915 1022 1947 ship 0.1614
611 1386 636 1367 680 1423 656 1443 ship 0.1611
1036 2005 1068 1986 1109 2055 1078 2074 ship 0.1609
1117 1938 1147 1918 1202 2001 1173 2021 ship 0.1601
798 558 819 531 910 605 888 632 ship 0.1571
2659 3288 2690 3282 2708 3365 2678 3372 ship 0.1571
915 2669 946 2651 984 2715 952 2733 ship 0.1568
771 1278 801 1257 860 1341 830 1362 ship 0.1566
824 1036 846 1021 888 1084 867 1098 ship 0.1565
1143 1501 1169 1491 1197 1569 1171 1578 ship 0.1546
2703 3755 2731 3744 2761 3816 2733 3827 ship 0.1541
1239 1612 1264 1590 1327 1664 1302 1685 ship 0.1492
941 1416 966 1394 1041 1477 1016 1499 ship 0.1488
828 1710 856 1692 913 1778 886 1796 ship 0.1486
2396 3474 2421 3455 2489 3541 2465 3561 ship 0.1463
624 1173 652 1158 691 1232 663 1246 ship 0.1463
1023 1334 1056 1322 1084 1398 1051 1410 ship 0.1446
259 3314 293 3282 385 3378 352 3410 ship 0.1432
2779 3690 2812 3681 2835 3759 2802 3769 ship 0.1428
732 1085 756 1062 817 1122 794 1146 ship 0.1405
2448 3715 2462 3690 2525 3726 2511 3751 ship 0.1403
539 963 566 949 601 1018 574 1032 ship 0.1383
1069 1520 1101 1510 1125 1591 1094 1600 ship 0.1342
1296 1774 1321 1757 1370 1828 1345 1845 ship 0.1334
920 630 957 664 832 801 794 767 ship 0.1318
990 798 1018 778 1074 856 1046 877 ship 0.1292
715 1313 745 1293 804 1384 774 1404 ship 0.1286
1012 1568 1042 1550 1088 1629 1058 1646 ship 0.1277
797 2776 814 2752 893 2809 876 2833 ship 0.1259
858 1705 885 1688 925 1753 898 1769 ship 0.1248
1340 1782 1364 1770 1399 1840 1375 1852 ship 0.1233
1246 1813 1269 1794 1320 1857 1298 1875 ship 0.1232
1226 1838 1247 1819 1309 1888 1288 1907 ship 0.1228
2938 3585 2962 3568 3009 3634 2985 3651 ship 0.1205
914 1639 942 1616 1004 1691 976 1714 ship 0.1197
1144 1921 1173 1903 1214 1970 1185 1988 ship 0.1182
1415 1889 1450 1877 1479 1961 1445 1973 ship 0.1180
768 2094 766 2058 851 2052 853 2087 ship 0.1179
485 1008 509 987 556 1039 532 1061 ship 0.1159
985 1404 1008 1390 1052 1463 1029 1477 ship 0.1133
1199 1877 1222 1854 1282 1916 1259 1938 ship 0.1129
937 1150 966 1134 1030 1252 1001 1268 ship 0.1118
443 1036 468 1016 516 1074 492 1094 ship 0.1107
811 701 848 717 791 849 754 833 ship 0.1106
537 1017 564 997 616 1068 589 1088 ship 0.1106
739 1295 763 1275 815 1338 791 1358 ship 0.1103
825 1262 854 1249 894 1340 865 1353 ship 0.1096
2355 3530 2380 3514 2419 3576 2394 3592 ship 0.1094
2684 3539 2705 3517 2768 3578 2747 3599 ship 0.1086
1383 1798 1405 1784 1438 1834 1416 1848 ship 0.1083
704 1556 731 1544 754 1598 728 1610 ship 0.1078
1722 2258 1740 2243 1789 2303 1770 2318 ship 0.1060
1058 1557 1085 1548 1111 1631 1084 1639 ship 0.1049
1049 1798 1072 1775 1135 1835 1112 1858 ship 0.1041
1036 931 1068 907 1140 1003 1109 1027 ship 0.1038
2802 3436 2823 3408 2889 3458 2868 3486 ship 0.1029
2600 3177 2631 3176 2633 3241 2602 3242 ship 0.1025
969 1833 992 1814 1046 1875 1023 1894 ship 0.1021
503 1276 531 1264 556 1324 529 1336 ship 0.1020
1641 2251 1667 2246 1682 2325 1655 2330 ship 0.1019
204 1177 229 1149 288 1203 263 1231 ship 0.1006
3677 1677 3890 1723 3796 2151 3583 2104 basketball-court 0.1489
3677 1677 3890 1723 3796 2151 3583 2104 soccer-ball-field 0.2418
3746 4781 3891 4712 3987 4912 3841 4982 soccer-ball-field 0.1238
3015 4327 3119 4321 3126 4445 3022 4450 roundabout 0.1658
953 3064 1011 2865 1330 2958 1272 3158 harbor 0.2429
504 1379 462 1216 1091 1052 1134 1215 harbor 0.2206
509 1587 510 1381 1255 1386 1254 1592 harbor 0.2088
1166 2808 1252 2663 1551 2840 1465 2986 harbor 0.1898
2315 3536 2391 3306 2831 3452 2755 3681 harbor 0.1719
738 1899 733 1639 1368 1628 1372 1889 harbor 0.1628
1132 1313 1249 1235 1941 2270 1824 2348 harbor 0.1594
81 813 249 481 1175 949 1007 1281 harbor 0.1379
941 999 1073 924 1332 1382 1199 1457 harbor 0.1205
1344 2703 1423 2497 1829 2651 1750 2858 harbor 0.1100
3406 4617 3460 4660 3361 4785 3306 4742 swimming-pool 0.4726
1049 5183 1057 5146 1122 5160 1113 5197 swimming-pool 0.1862
2456 5141 2486 5120 2530 5184 2499 5205 swimming-pool 0.1801
1444 5112 1438 5073 1516 5063 1521 5101 swimming-pool 0.1539
1475 3864 1506 3841 1550 3902 1519 3925 swimming-pool 0.1473
307 4738 336 4716 377 4769 348 4791 swimming-pool 0.1251
2050 5240 2075 5222 2117 5276 2092 5295 swimming-pool 0.1242
1799 3594 1836 3574 1881 3658 1844 3678 swimming-pool 0.1164
2420 5180 2450 5159 2498 5231 2468 5251 swimming-pool 0.1094
