3104 1721 3123 1671 3194 1698 3175 1747 plane 0.4036
2044 2303 2045 2246 2121 2248 2120 2305 plane 0.4010
5362 368 5399 328 5457 381 5420 421 plane 0.1834
2589 1718 2602 1652 2715 1673 2703 1739 plane 0.1659
4485 870 4518 835 4570 884 4538 919 plane 0.1593
2734 1690 2775 1651 2826 1705 2785 1744 plane 0.1575
4531 720 4598 685 4646 775 4579 810 plane 0.1546
876 1246 865 1192 965 1171 977 1225 plane 0.1416
4548 834 4597 798 4648 868 4599 904 plane 0.1317
2797 1706 2822 1673 2877 1715 2851 1748 plane 0.1273
4953 2115 5004 2105 5019 2178 4968 2188 plane 0.1055
3677 1045 3680 992 3855 1002 3852 1055 large-vehicle 0.1657
266 1841 298 1840 304 2046 272 2047 large-vehicle 0.1515
4436 2152 4473 2146 4489 2243 4453 2249 large-vehicle 0.1452
359 1785 391 1786 390 1851 357 1851 large-vehicle 0.1292
914 904 906 858 1023 840 1030 886 large-vehicle 0.1125
3799 3551 3816 3512 3886 3542 3869 3581 swimming-pool 0.1204
3524 3542 3546 3507 3617 3551 3596 3586 swimming-pool 0.1203
