485 3715 640 3782 562 3962 407 3896 plane 0.8587
4681 1702 4771 1518 4991 1625 4901 1809 plane 0.8297
2179 4077 2163 4007 2248 3987 2264 4057 plane 0.6751
1913 3966 1988 3949 2007 4035 1932 4052 plane 0.6596
4634 1810 4829 1716 4955 1979 4760 2073 plane 0.6554
1799 4070 1860 4033 1905 4107 1844 4144 plane 0.6527
3648 3024 3739 2936 3840 3041 3750 3129 plane 0.6337
5156 869 5199 665 5435 715 5392 918 plane 0.6127
1595 3956 1665 3963 1657 4047 1587 4040 plane 0.5902
1501 3835 1569 3834 1569 3920 1502 3921 plane 0.5262
281 3160 311 3051 452 3090 422 3198 plane 0.5198
5072 503 5212 363 5384 536 5243 676 plane 0.4878
1716 3992 1784 4017 1749 4111 1681 4086 plane 0.4767
1635 3396 1717 3371 1755 3490 1673 3516 plane 0.4766
1875 3512 1952 3548 1904 3650 1827 3613 plane 0.4715
1424 3794 1484 3821 1446 3907 1386 3880 plane 0.4492
1650 3233 1669 3163 1759 3187 1740 3256 plane 0.4444
763 2851 871 2856 864 2985 756 2979 plane 0.3993
4406 1352 4499 1258 4613 1370 4520 1464 plane 0.3978
2293 3200 2274 3143 2351 3118 2370 3175 plane 0.3502
764 2696 839 2630 912 2713 837 2779 plane 0.3365
1627 3341 1652 3283 1732 3318 1706 3375 plane 0.3250
2272 3280 2296 3223 2380 3258 2356 3315 plane 0.3005
2264 3429 2303 3425 2307 3475 2269 3478 plane 0.2871
4278 2484 4302 2418 4403 2455 4379 2520 plane 0.2732
1155 4433 1203 4401 1257 4481 1209 4513 plane 0.2236
1144 3071 1227 3044 1265 3162 1182 3189 plane 0.2213
4908 967 5031 976 5020 1123 4897 1114 plane 0.2077
2149 3516 2199 3481 2248 3551 2197 3586 plane 0.1930
2065 3573 2116 3551 2145 3622 2095 3643 plane 0.1909
2863 2926 2890 2890 2949 2933 2923 2969 plane 0.1837
2199 4097 2197 4059 2254 4055 2256 4093 plane 0.1289
2283 3301 2309 3274 2349 3312 2323 3339 plane 0.1164
4762 114 4783 99 4817 149 4795 163 plane 0.1147
5645 148 5678 137 5699 199 5666 210 plane 0.1118
2231 3402 2266 3392 2279 3440 2244 3449 plane 0.1098
2290 3376 2319 3370 2327 3407 2298 3413 plane 0.1067
1867 4018 1929 3991 1959 4060 1897 4087 plane 0.1067
494 4842 534 4800 604 4866 564 4908 plane 0.1056
5111 628 5095 416 5338 398 5353 610 tennis-court 0.1010
1003 2733 1206 2735 1204 2956 1001 2955 storage-tank 0.1991
3893 2380 4166 2389 4156 2677 3883 2667 storage-tank 0.1379
5103 646 5079 416 5342 389 5367 619 soccer-ball-field 0.1039
2960 3150 3163 3133 3180 3339 2978 3356 roundabout 0.1514
1003 2733 1206 2735 1204 2956 1001 2955 roundabout 0.1432
3755 1820 4665 2189 4296 3099 3386 2731 roundabout 0.1172
5111 628 5095 416 5338 398 5353 610 harbor 0.1714
1640 3394 1724 3370 1758 3489 1673 3513 harbor 0.1552
1424 3794 1484 3821 1446 3907 1386 3880 harbor 0.1492
753 2856 862 2847 873 2971 763 2980 harbor 0.1440
3653 3019 3740 2938 3841 3047 3754 3128 harbor 0.1320
4406 1352 4499 1258 4613 1370 4520 1464 harbor 0.1244
1639 3340 1670 3286 1746 3329 1715 3383 harbor 0.1235
5156 869 5199 665 5435 715 5392 918 harbor 0.1212
1713 3995 1781 4017 1750 4114 1682 4092 harbor 0.1210
1508 3834 1579 3840 1571 3936 1500 3930 harbor 0.1172
283 3135 333 3048 455 3118 405 3205 harbor 0.1066
1584 3967 1657 3955 1671 4037 1599 4049 harbor 0.1038
5150 658 5085 445 5318 373 5384 586 swimming-pool 0.1063
5122 656 5079 433 5336 383 5379 606 helicopter 0.3374
4637 1782 4872 1729 4937 2012 4701 2065 helicopter 0.2382
759 2852 862 2847 868 2974 765 2979 helicopter 0.2141
5134 846 5196 652 5454 734 5392 928 helicopter 0.1801
4398 1367 4483 1255 4620 1360 4534 1472 helicopter 0.1744
3649 3025 3736 2931 3847 3035 3759 3129 helicopter 0.1516
281 3160 311 3051 452 3090 422 3198 helicopter 0.1322
468 3726 630 3766 581 3965 418 3925 helicopter 0.1121
1847 3518 1938 3528 1925 3644 1834 3634 helicopter 0.1026
