415 1505 571 1574 486 1764 330 1695 plane 0.9037
1503 1818 1471 1611 1743 1568 1776 1775 plane 0.8685
4631 1744 4759 1736 4768 1898 4640 1906 plane 0.8679
185 1549 311 1543 318 1688 192 1695 plane 0.8255
2375 1768 2357 1537 2601 1518 2619 1749 plane 0.7823
4635 1576 4755 1571 4761 1711 4641 1716 plane 0.7138
5184 1926 5423 1918 5433 2195 5194 2203 plane 0.7072
3491 900 3548 862 3602 943 3545 981 plane 0.6109
3636 882 3715 882 3716 992 3637 992 plane 0.5652
3726 1149 3807 1162 3790 1271 3708 1258 plane 0.4373
2337 1326 2414 1188 2611 1297 2534 1435 plane 0.3447
4680 2365 4763 2366 4763 2484 4680 2483 plane 0.2689
3564 905 3621 872 3671 956 3614 990 plane 0.1710
1208 2460 1220 2392 1400 2425 1388 2493 large-vehicle 0.1458
1193 2592 1204 2523 1383 2550 1373 2619 large-vehicle 0.1030
4680 2365 4763 2366 4763 2484 4680 2483 harbor 0.1286
5184 1926 5423 1918 5433 2195 5194 2203 helicopter 0.2030
2325 1333 2430 1165 2627 1287 2521 1456 helicopter 0.1793
1503 1818 1471 1611 1743 1568 1776 1775 helicopter 0.1134
2329 1728 2367 1528 2656 1583 2618 1783 helicopter 0.1044
4675 2366 4765 2364 4767 2481 4677 2483 helicopter 0.1022
