4412 369 5080 314 5177 1503 4510 1558 baseball-diamond 0.1207
510 659 546 634 672 815 636 840 bridge 0.5161
163 956 198 934 308 1107 274 1130 bridge 0.2177
667 241 940 83 1156 458 883 616 bridge 0.1158
4489 288 5169 291 5163 1585 4482 1582 ground-track-field 0.8626
866 1598 1540 1573 1585 2756 912 2782 ground-track-field 0.8422
2874 674 3006 669 3015 903 2883 908 ground-track-field 0.1042
510 659 546 634 672 815 636 840 large-vehicle 0.1043
4024 1168 4132 1166 4135 1350 4027 1352 tennis-court 0.5819
3859 1184 3951 1181 3958 1349 3866 1353 tennis-court 0.5236
3862 1477 3959 1485 3944 1662 3847 1654 tennis-court 0.3565
3982 1459 4082 1464 4073 1687 3973 1683 tennis-court 0.3317
1897 1849 1999 1837 2023 2039 1921 2051 tennis-court 0.3286
4120 1465 4222 1478 4196 1691 4093 1678 tennis-court 0.3142
2461 1631 2586 1615 2617 1863 2492 1879 tennis-court 0.2569
2169 1843 2270 1846 2265 2045 2164 2043 tennis-court 0.2352
2467 1114 2583 1120 2571 1339 2456 1333 tennis-court 0.2207
1767 2112 1880 2121 1861 2356 1747 2346 tennis-court 0.2084
2047 1843 2163 1849 2153 2070 2037 2065 tennis-court 0.2033
4285 1483 4396 1477 4406 1692 4295 1697 tennis-court 0.1927
2168 1636 2252 1624 2273 1771 2188 1783 tennis-court 0.1912
2333 1442 2425 1420 2475 1625 2383 1647 tennis-court 0.1831
1731 1464 1812 1457 1824 1594 1744 1601 tennis-court 0.1814
1762 1821 1870 1825 1862 2048 1755 2044 tennis-court 0.1806
2350 1653 2469 1641 2487 1824 2369 1836 tennis-court 0.1702
2628 1415 2734 1421 2721 1632 2615 1626 tennis-court 0.1693
2569 1126 2677 1109 2710 1315 2602 1332 tennis-court 0.1683
2465 905 2567 905 2567 1097 2465 1097 tennis-court 0.1622
1849 1433 1925 1430 1930 1568 1854 1571 tennis-court 0.1595
2763 1664 2868 1645 2911 1880 2806 1899 tennis-court 0.1487
2359 1856 2481 1870 2459 2072 2337 2058 tennis-court 0.1408
2455 1418 2581 1416 2585 1642 2459 1644 tennis-court 0.1346
2880 1643 2998 1632 3021 1866 2903 1878 tennis-court 0.1345
2639 1632 2760 1646 2732 1891 2611 1877 tennis-court 0.1301
1966 1422 2047 1423 2046 1574 1965 1573 tennis-court 0.1274
2602 892 2712 901 2695 1117 2585 1109 tennis-court 0.1271
1923 2142 2021 2153 1999 2348 1900 2337 tennis-court 0.1262
2881 1417 3004 1434 2978 1625 2856 1609 tennis-court 0.1262
2174 1461 2257 1461 2257 1569 2173 1568 tennis-court 0.1083
1941 931 2117 909 2162 1264 1986 1286 tennis-court 0.1026
2731 657 2851 648 2869 895 2750 904 tennis-court 0.1019
4222 1148 4405 1156 4392 1421 4210 1413 tennis-court 0.1002
2444 1438 2567 1413 2610 1623 2487 1648 basketball-court 0.6310
2887 656 3016 659 3010 906 2880 903 basketball-court 0.6206
2629 1665 2739 1667 2735 1864 2625 1861 basketball-court 0.6198
2317 1434 2438 1411 2477 1619 2356 1642 basketball-court 0.5899
2731 655 2855 649 2867 900 2744 906 basketball-court 0.5829
2456 906 2563 901 2572 1089 2465 1094 basketball-court 0.5471
2770 1649 2895 1650 2892 1893 2767 1892 basketball-court 0.5455
2628 1418 2736 1429 2718 1615 2609 1605 basketball-court 0.5228
2604 1114 2720 1134 2683 1350 2567 1330 basketball-court 0.5188
2602 892 2712 901 2695 1117 2585 1109 basketball-court 0.5153
2461 1631 2586 1615 2617 1863 2492 1879 basketball-court 0.4687
2737 896 2858 902 2848 1109 2727 1102 basketball-court 0.4658
2895 1651 3010 1647 3017 1870 2902 1874 basketball-court 0.4492
2339 1665 2458 1646 2488 1832 2369 1851 basketball-court 0.3264
2759 1433 2865 1438 2856 1624 2751 1619 basketball-court 0.3209
2047 1843 2163 1849 2153 2070 2037 2065 basketball-court 0.2894
2359 1856 2481 1870 2459 2072 2337 2058 basketball-court 0.2854
1897 1849 1999 1837 2023 2039 1921 2051 basketball-court 0.2699
2735 1113 2848 1116 2844 1333 2730 1331 basketball-court 0.2654
1757 1825 1871 1828 1866 2048 1752 2046 basketball-court 0.2500
2467 1114 2583 1120 2571 1339 2456 1333 basketball-court 0.2417
3849 1480 3941 1481 3939 1672 3847 1671 basketball-court 0.2347
2165 1839 2256 1833 2270 2058 2179 2064 basketball-court 0.2178
4120 1476 4219 1481 4208 1684 4109 1679 basketball-court 0.2162
2868 893 3000 888 3010 1156 2878 1161 basketball-court 0.2113
3842 1130 3961 1117 3984 1337 3865 1350 basketball-court 0.1914
3976 1478 4073 1471 4089 1677 3992 1684 basketball-court 0.1900
1767 2112 1880 2121 1861 2356 1747 2346 basketball-court 0.1857
2881 1417 3004 1434 2978 1625 2856 1609 basketball-court 0.1630
4024 1168 4132 1166 4135 1350 4027 1352 basketball-court 0.1475
1834 1440 1910 1431 1927 1564 1851 1574 basketball-court 0.1466
4285 1483 4396 1477 4406 1692 4295 1697 basketball-court 0.1406
1919 2125 2023 2137 2002 2337 1897 2326 basketball-court 0.1288
1957 1427 2040 1425 2044 1564 1960 1566 basketball-court 0.1215
1873 1049 2092 820 2445 1159 2226 1388 basketball-court 0.1200
1731 1464 1812 1457 1824 1594 1744 1601 basketball-court 0.1199
4694 665 5062 749 4922 1362 4554 1278 basketball-court 0.1191
2862 1129 2996 1113 3022 1333 2888 1349 basketball-court 0.1108
937 1649 1564 1677 1517 2749 890 2722 soccer-ball-field 0.5449
4514 386 5179 399 5154 1579 4489 1566 soccer-ball-field 0.2642
2461 911 2563 909 2565 1085 2463 1086 soccer-ball-field 0.1467
3849 1480 3941 1481 3939 1672 3847 1671 soccer-ball-field 0.1312
4285 1483 4396 1477 4406 1692 4295 1697 soccer-ball-field 0.1248
2897 1649 3006 1649 3006 1864 2897 1864 soccer-ball-field 0.1183
2166 1842 2258 1835 2275 2038 2183 2046 soccer-ball-field 0.1052
1941 909 2160 897 2182 1302 1963 1314 swimming-pool 0.5787
