2426 3539 2447 3531 2465 3577 2444 3585 small-vehicle 0.1338
2389 3544 2400 3528 2438 3554 2427 3570 small-vehicle 0.1313
1739 296 1769 294 1773 359 1744 361 small-vehicle 0.1271
304 1130 309 1111 340 1119 335 1138 small-vehicle 0.1236
1541 527 1555 516 1577 546 1563 556 small-vehicle 0.1192
1072 2763 1067 2749 1096 2739 1101 2753 small-vehicle 0.1186
1399 2398 1409 2383 1443 2405 1433 2420 small-vehicle 0.1137
2153 4005 2167 3995 2185 4020 2172 4030 small-vehicle 0.1086
1656 3928 1683 3935 1672 3979 1644 3972 small-vehicle 0.1024
2013 3126 2028 3127 2026 3161 2011 3160 small-vehicle 0.1010
1435 3530 1438 3498 1568 3511 1565 3543 large-vehicle 0.2529
859 2757 861 2729 969 2738 966 2767 large-vehicle 0.2446
684 2120 699 2100 788 2164 774 2184 large-vehicle 0.2166
789 2021 773 1998 866 1937 881 1961 large-vehicle 0.2053
1413 1732 1398 1704 1488 1657 1503 1685 large-vehicle 0.1841
464 1090 455 1052 571 1026 579 1064 large-vehicle 0.1841
732 2113 750 2100 803 2170 784 2184 large-vehicle 0.1826
1679 2301 1678 2282 1793 2273 1795 2292 large-vehicle 0.1813
1378 3386 1383 3357 1480 3371 1476 3400 large-vehicle 0.1774
2092 1650 2127 1650 2127 1775 2093 1775 large-vehicle 0.1717
740 1870 724 1843 821 1786 838 1813 large-vehicle 0.1651
1486 2133 1506 2112 1590 2187 1571 2209 large-vehicle 0.1649
772 2107 787 2095 832 2153 817 2164 large-vehicle 0.1647
545 2015 535 1990 623 1952 633 1977 large-vehicle 0.1596
1689 1906 1671 1883 1751 1821 1769 1844 large-vehicle 0.1596
802 2111 816 2100 863 2163 849 2173 large-vehicle 0.1593
1767 3580 1777 3556 1860 3592 1850 3616 large-vehicle 0.1540
1628 3111 1658 3111 1660 3206 1630 3207 large-vehicle 0.1538
834 2118 851 2105 902 2174 884 2187 large-vehicle 0.1512
1181 2115 1201 2102 1248 2176 1228 2189 large-vehicle 0.1489
1293 2056 1279 2027 1376 1978 1391 2007 large-vehicle 0.1477
1082 2118 1102 2102 1162 2174 1143 2190 large-vehicle 0.1437
618 1720 602 1689 721 1628 737 1659 large-vehicle 0.1411
1154 2116 1174 2104 1215 2176 1195 2188 large-vehicle 0.1410
1168 1743 1153 1715 1257 1662 1271 1690 large-vehicle 0.1404
1047 1901 1031 1880 1111 1821 1127 1842 large-vehicle 0.1362
1272 1733 1258 1703 1357 1655 1372 1684 large-vehicle 0.1357
1478 2891 1517 2892 1515 3012 1476 3011 large-vehicle 0.1334
1335 2126 1354 2110 1418 2189 1399 2204 large-vehicle 0.1300
1272 2130 1291 2116 1345 2188 1325 2202 large-vehicle 0.1251
1208 2120 1227 2108 1271 2174 1252 2187 large-vehicle 0.1234
606 1872 592 1840 712 1786 727 1819 large-vehicle 0.1229
1120 2117 1139 2105 1186 2175 1167 2188 large-vehicle 0.1225
1657 1715 1643 1695 1702 1654 1716 1673 large-vehicle 0.1222
759 1725 744 1702 830 1646 845 1669 large-vehicle 0.1208
567 1091 557 1054 648 1030 658 1066 large-vehicle 0.1195
958 2129 977 2109 1040 2167 1022 2187 large-vehicle 0.1194
1573 2074 1558 2049 1668 1983 1683 2009 large-vehicle 0.1165
1674 3118 1701 3117 1705 3207 1678 3208 large-vehicle 0.1157
1671 2140 1691 2120 1766 2196 1747 2216 large-vehicle 0.1141
1312 2131 1330 2116 1385 2186 1367 2201 large-vehicle 0.1141
920 1721 910 1693 1005 1661 1015 1689 large-vehicle 0.1138
1089 1726 1072 1705 1137 1649 1155 1670 large-vehicle 0.1116
862 2126 878 2114 919 2173 903 2184 large-vehicle 0.1102
1565 468 1549 443 1635 386 1652 411 large-vehicle 0.1099
1031 1738 1016 1716 1097 1660 1112 1681 large-vehicle 0.1090
1712 3556 1738 3542 1781 3621 1755 3635 large-vehicle 0.1063
567 3590 568 3563 635 3563 635 3591 large-vehicle 0.1031
1293 2056 1279 2027 1376 1978 1391 2007 ship 0.1486
1196 1725 1188 1695 1284 1669 1293 1700 ship 0.1356
1174 1740 1170 1720 1223 1709 1227 1730 ship 0.1167
622 1725 607 1698 719 1633 735 1660 ship 0.1118
1335 2126 1354 2110 1418 2189 1399 2204 ship 0.1038
1272 2130 1291 2116 1345 2188 1325 2202 ship 0.1013
1307 1709 1298 1683 1373 1655 1382 1680 swimming-pool 0.1312
