1906 2251 1906 2235 1940 2234 1940 2249 small-vehicle 0.1613
2002 3105 2019 3104 2021 3141 2005 3142 small-vehicle 0.1174
396 2965 410 2956 428 2986 414 2994 small-vehicle 0.1022
589 2890 593 2875 623 2884 619 2899 small-vehicle 0.1016
1088 3252 1115 3244 1147 3361 1121 3369 large-vehicle 0.1858
1052 3266 1081 3261 1102 3373 1073 3378 large-vehicle 0.1548
278 1666 288 1645 352 1675 342 1697 large-vehicle 0.1519
1429 2756 1453 2758 1447 2841 1423 2839 large-vehicle 0.1495
1037 3281 1061 3277 1075 3367 1052 3371 large-vehicle 0.1439
1195 2570 1183 2546 1287 2494 1299 2518 large-vehicle 0.1336
1215 2636 1206 2610 1305 2573 1315 2598 large-vehicle 0.1332
1246 2861 1236 2835 1336 2796 1347 2821 large-vehicle 0.1142
1020 2550 1028 2531 1086 2557 1077 2576 large-vehicle 0.1099
1450 2813 1471 2810 1477 2864 1456 2866 large-vehicle 0.1097
741 587 769 595 750 663 722 655 large-vehicle 0.1069
1206 2599 1192 2573 1300 2515 1314 2541 large-vehicle 0.1064
765 1050 771 1021 855 1041 848 1070 ship 0.3014
708 1121 719 1094 798 1125 788 1152 ship 0.2345
784 949 792 919 880 944 872 973 ship 0.2109
853 638 858 612 935 626 930 653 ship 0.2089
747 1076 753 1050 840 1070 834 1096 ship 0.2037
804 888 805 858 891 861 890 891 ship 0.2033
894 563 894 543 948 543 948 562 ship 0.1988
826 794 830 763 911 774 907 805 ship 0.1709
728 1101 731 1078 808 1088 805 1111 ship 0.1648
924 534 929 509 992 521 987 546 ship 0.1577
898 597 897 577 953 574 954 595 ship 0.1553
912 494 922 464 1002 492 992 521 ship 0.1431
883 694 884 672 941 674 940 696 ship 0.1416
1309 669 1316 642 1426 670 1420 696 ship 0.1313
1306 704 1310 680 1413 697 1409 722 ship 0.1147
862 583 861 562 907 562 907 582 ship 0.1132
848 660 853 635 920 650 914 675 ship 0.1108
839 694 848 676 896 699 887 718 ship 0.1027
844 530 854 508 908 533 898 555 ship 0.1017
877 488 887 469 933 494 922 514 ship 0.1014
270 1790 344 1756 379 1834 305 1868 storage-tank 0.2906
1206 2075 1478 2010 1548 2304 1275 2368 roundabout 0.5583
