360 531 378 536 367 581 349 577 small-vehicle 0.1592
296 519 324 520 319 588 292 586 small-vehicle 0.1391
294 407 316 402 326 446 305 451 small-vehicle 0.1347
681 1192 701 1187 711 1228 691 1233 small-vehicle 0.1315
234 532 255 534 249 590 228 588 small-vehicle 0.1271
1677 2796 1692 2784 1721 2820 1706 2832 small-vehicle 0.1244
458 511 482 513 477 573 453 571 small-vehicle 0.1244
368 383 390 379 399 430 377 434 small-vehicle 0.1226
218 532 238 535 229 595 208 591 small-vehicle 0.1177
2090 3553 2086 3529 2143 3520 2147 3544 small-vehicle 0.1174
1742 2695 1764 2696 1760 2742 1738 2740 small-vehicle 0.1153
1586 2936 1604 2931 1617 2972 1599 2978 small-vehicle 0.1147
325 525 344 526 341 579 322 578 small-vehicle 0.1136
515 842 507 827 540 808 548 823 small-vehicle 0.1123
1645 2802 1665 2787 1700 2833 1680 2848 small-vehicle 0.1101
1709 1473 1724 1471 1730 1506 1714 1509 small-vehicle 0.1084
436 2707 447 2696 467 2717 456 2728 small-vehicle 0.1055
1167 573 1178 558 1213 583 1202 598 small-vehicle 0.1049
268 528 291 529 288 586 265 584 small-vehicle 0.1048
313 392 337 388 346 443 323 447 small-vehicle 0.1028
806 3749 816 3732 849 3753 839 3769 small-vehicle 0.1026
580 803 586 786 621 799 615 815 small-vehicle 0.1017
1018 834 1022 816 1062 824 1059 842 small-vehicle 0.1013
586 748 586 728 626 728 626 748 small-vehicle 0.1008
1703 2894 1718 2893 1721 2934 1705 2935 small-vehicle 0.1007
1069 3497 1086 3493 1096 3534 1079 3538 small-vehicle 0.1006
464 336 490 331 507 420 481 425 large-vehicle 0.2430
492 341 515 336 532 423 508 428 large-vehicle 0.1074
302 524 328 529 318 587 292 582 ship 0.1257
229 536 249 537 247 588 227 587 ship 0.1147
356 528 379 532 370 582 348 578 ship 0.1025
26 3502 32 3465 81 3474 74 3510 swimming-pool 0.1208
59 739 52 716 103 700 110 723 swimming-pool 0.1206
