2025 2027 3146 2210 2910 3661 1789 3479 baseball-diamond 0.1126
2907 1688 2941 1703 2913 1770 2879 1755 bridge 0.2951
3155 1819 3186 1835 3154 1894 3123 1877 bridge 0.1196
2525 2214 3034 2473 2516 3489 2007 3229 ground-track-field 0.6927
923 2008 941 1976 1026 2027 1008 2058 small-vehicle 0.2037
704 2402 710 2352 877 2375 870 2425 large-vehicle 0.1558
598 1438 653 1490 542 1606 487 1554 tennis-court 0.8504
505 1364 563 1417 448 1543 390 1490 tennis-court 0.7227
684 1485 756 1534 657 1679 584 1630 tennis-court 0.7217
383 1311 461 1342 400 1496 322 1465 tennis-court 0.2702
3003 1016 3076 1065 2981 1208 2908 1159 tennis-court 0.2397
735 685 888 664 926 944 772 964 tennis-court 0.2330
880 1042 1008 1121 865 1351 737 1272 tennis-court 0.2075
3089 1074 3183 1119 3099 1293 3006 1248 tennis-court 0.2071
2899 988 2973 1031 2908 1142 2835 1099 tennis-court 0.1931
683 1312 737 1257 855 1375 800 1430 tennis-court 0.1914
3019 744 3123 803 3017 990 2913 931 tennis-court 0.1677
960 878 1044 827 1147 997 1062 1048 tennis-court 0.1405
3099 832 3179 868 3107 1031 3026 995 tennis-court 0.1351
3242 614 3321 674 3203 830 3124 771 tennis-court 0.1149
582 1125 661 1126 660 1308 581 1308 tennis-court 0.1065
3003 1016 3076 1065 2981 1208 2908 1159 basketball-court 0.8165
3087 1071 3182 1113 3105 1287 3009 1245 basketball-court 0.7886
3197 1130 3296 1177 3220 1335 3121 1288 basketball-court 0.7503
3115 828 3194 866 3120 1020 3041 982 basketball-court 0.7432
796 1154 860 1085 983 1198 919 1268 basketball-court 0.7391
3233 889 3311 942 3215 1082 3137 1028 basketball-court 0.6486
3014 751 3114 802 3027 972 2927 921 basketball-court 0.5398
747 761 825 689 967 843 888 916 basketball-court 0.4959
3331 956 3410 996 3342 1131 3263 1091 basketball-court 0.4369
662 925 732 849 866 971 796 1047 basketball-court 0.4223
2894 978 2970 1016 2907 1142 2832 1104 basketball-court 0.4117
3242 614 3321 674 3203 830 3124 771 basketball-court 0.3473
3142 555 3225 605 3125 769 3042 719 basketball-court 0.3004
675 1305 747 1245 860 1381 788 1441 basketball-court 0.2721
730 1234 814 1180 909 1328 825 1382 basketball-court 0.2061
707 815 779 758 903 915 831 972 basketball-court 0.2039
3321 709 3408 731 3371 883 3284 862 basketball-court 0.2029
997 829 1128 858 1085 1053 954 1024 basketball-court 0.1951
3442 737 3518 764 3463 918 3387 891 basketball-court 0.1815
548 1128 618 1101 682 1263 612 1290 basketball-court 0.1603
571 1049 636 996 746 1129 681 1183 basketball-court 0.1292
2446 2683 2461 2498 2835 2528 2820 2713 basketball-court 0.1286
2156 3099 2222 2972 2519 3125 2453 3252 basketball-court 0.1267
2956 892 3004 908 2987 958 2939 942 storage-tank 0.1748
3342 679 3392 680 3391 733 3341 732 storage-tank 0.1574
942 679 984 683 979 735 937 731 storage-tank 0.1223
3247 623 3299 635 3287 685 3235 673 storage-tank 0.1110
2477 2353 2928 2577 2518 3400 2068 3176 soccer-ball-field 0.6812
2154 3099 2214 2974 2512 3118 2451 3243 soccer-ball-field 0.1058
