1622 1079 1634 1061 1678 1092 1665 1110 small-vehicle 0.3520
1586 1050 1599 1034 1637 1064 1625 1080 small-vehicle 0.3367
151 210 153 192 190 196 188 214 small-vehicle 0.2994
1460 1279 1474 1264 1516 1302 1502 1317 small-vehicle 0.2666
1846 1052 1863 1063 1835 1105 1818 1094 small-vehicle 0.2605
1811 1026 1826 1037 1799 1072 1785 1060 small-vehicle 0.2528
1251 1117 1265 1102 1321 1152 1307 1168 small-vehicle 0.2516
1539 1022 1550 1006 1587 1031 1577 1047 small-vehicle 0.2487
1176 1204 1195 1188 1250 1253 1231 1269 small-vehicle 0.2431
1417 1242 1431 1229 1462 1265 1448 1278 small-vehicle 0.2430
1284 1059 1304 1043 1357 1107 1337 1123 small-vehicle 0.2390
1698 1096 1705 1078 1742 1092 1735 1110 small-vehicle 0.2357
1267 1086 1284 1072 1337 1130 1321 1145 small-vehicle 0.2325
1343 1177 1366 1181 1358 1235 1334 1231 small-vehicle 0.2324
1565 963 1580 945 1615 972 1600 991 small-vehicle 0.2309
1375 1248 1394 1233 1431 1280 1413 1295 small-vehicle 0.2283
1241 1146 1255 1132 1301 1178 1286 1193 small-vehicle 0.2215
1611 988 1626 973 1657 1005 1642 1019 small-vehicle 0.2197
1591 580 1598 562 1633 577 1626 595 small-vehicle 0.2151
1635 611 1642 594 1675 608 1668 624 small-vehicle 0.2131
1677 1034 1694 1016 1733 1052 1716 1070 small-vehicle 0.2095
1372 1197 1388 1184 1421 1223 1405 1236 small-vehicle 0.2089
1522 767 1535 750 1570 777 1558 793 small-vehicle 0.2059
1342 1264 1360 1250 1423 1331 1405 1345 small-vehicle 0.2056
1742 980 1759 993 1733 1028 1716 1015 small-vehicle 0.2052
1468 597 1482 582 1512 610 1498 625 small-vehicle 0.2042
1771 999 1787 1015 1754 1050 1738 1035 small-vehicle 0.2031
1433 1285 1452 1274 1480 1319 1461 1331 small-vehicle 0.2022
1198 1178 1215 1165 1264 1229 1248 1242 small-vehicle 0.2006
1579 662 1595 647 1626 682 1610 697 small-vehicle 0.1941
1074 1677 1086 1661 1120 1686 1108 1702 small-vehicle 0.1941
1134 1754 1152 1763 1133 1800 1115 1791 small-vehicle 0.1933
1567 612 1581 598 1609 625 1596 639 small-vehicle 0.1918
1508 543 1519 527 1549 546 1538 562 small-vehicle 0.1917
1413 1290 1434 1284 1449 1335 1428 1341 small-vehicle 0.1907
1157 1253 1174 1239 1222 1300 1205 1314 small-vehicle 0.1881
1693 1149 1699 1131 1745 1145 1739 1164 small-vehicle 0.1878
1626 524 1636 506 1673 526 1663 544 small-vehicle 0.1870
1610 1874 1624 1879 1613 1910 1599 1905 small-vehicle 0.1849
134 972 143 952 186 972 177 992 small-vehicle 0.1847
1083 1731 1100 1740 1082 1776 1065 1767 small-vehicle 0.1827
1135 1279 1151 1265 1200 1321 1184 1335 small-vehicle 0.1822
1887 1069 1909 1083 1879 1132 1857 1118 small-vehicle 0.1797
990 1639 999 1624 1031 1643 1022 1658 small-vehicle 0.1784
1039 1710 1056 1717 1040 1752 1023 1744 small-vehicle 0.1777
1220 1162 1235 1148 1283 1203 1267 1216 small-vehicle 0.1775
1718 1927 1732 1933 1721 1961 1707 1955 small-vehicle 0.1759
1547 722 1561 708 1592 738 1579 752 small-vehicle 0.1757
1536 1223 1555 1227 1548 1269 1528 1265 small-vehicle 0.1749
1968 944 1984 956 1958 991 1942 979 small-vehicle 0.1658
1340 1305 1364 1293 1394 1352 1370 1365 small-vehicle 0.1657
1165 1233 1182 1217 1232 1269 1215 1285 small-vehicle 0.1634
1375 1004 1395 996 1409 1034 1389 1041 small-vehicle 0.1628
1351 1126 1370 1142 1310 1214 1291 1198 small-vehicle 0.1627
1669 1904 1686 1909 1676 1943 1659 1938 small-vehicle 0.1624
2164 1421 2178 1434 2150 1464 2136 1452 small-vehicle 0.1619
1768 1090 1779 1079 1807 1109 1796 1120 small-vehicle 0.1609
937 1628 948 1616 975 1640 964 1652 small-vehicle 0.1600
1552 853 1565 860 1542 898 1529 890 small-vehicle 0.1586
551 1245 538 1229 574 1201 587 1217 small-vehicle 0.1583
1075 1865 1092 1872 1078 1905 1062 1898 small-vehicle 0.1581
486 1303 504 1290 532 1328 514 1342 small-vehicle 0.1579
1728 970 1744 981 1721 1015 1705 1004 small-vehicle 0.1573
967 1080 988 1080 988 1118 967 1118 small-vehicle 0.1557
1316 578 1326 562 1358 581 1348 598 small-vehicle 0.1544
627 594 643 599 630 637 615 632 small-vehicle 0.1531
1554 1930 1569 1930 1569 1963 1555 1963 small-vehicle 0.1531
943 1081 966 1093 924 1171 900 1158 small-vehicle 0.1507
965 1097 989 1110 945 1193 920 1180 small-vehicle 0.1485
1469 952 1489 962 1469 1003 1449 993 small-vehicle 0.1481
1029 1652 1041 1637 1074 1664 1061 1679 small-vehicle 0.1475
1671 539 1684 528 1711 558 1698 570 small-vehicle 0.1438
911 1652 924 1637 954 1664 940 1678 small-vehicle 0.1431
1415 1811 1427 1813 1421 1840 1410 1838 small-vehicle 0.1426
1227 1804 1231 1791 1263 1800 1260 1813 small-vehicle 0.1387
1120 1744 1136 1755 1113 1790 1096 1779 small-vehicle 0.1380
1430 1351 1449 1354 1440 1403 1421 1399 small-vehicle 0.1353
566 492 577 478 603 500 592 513 small-vehicle 0.1315
1919 961 1905 947 1934 917 1948 932 small-vehicle 0.1300
1731 1934 1747 1939 1736 1971 1720 1965 small-vehicle 0.1275
1721 1059 1734 1044 1768 1074 1754 1089 small-vehicle 0.1260
589 569 604 579 585 608 570 598 small-vehicle 0.1257
2133 1032 2150 1041 2129 1079 2112 1070 small-vehicle 0.1246
1495 1267 1510 1252 1584 1322 1569 1338 small-vehicle 0.1239
611 451 625 440 650 470 637 482 small-vehicle 0.1233
2134 1416 2148 1426 2124 1458 2110 1448 small-vehicle 0.1207
1987 959 2000 970 1974 1000 1962 990 small-vehicle 0.1192
580 470 594 458 617 487 603 498 small-vehicle 0.1182
1321 1334 1338 1347 1293 1406 1275 1393 small-vehicle 0.1170
582 614 597 622 578 655 563 647 small-vehicle 0.1158
1745 1943 1760 1949 1748 1980 1733 1974 small-vehicle 0.1153
1067 1728 1083 1735 1068 1767 1053 1760 small-vehicle 0.1137
594 463 606 452 631 477 619 489 small-vehicle 0.1136
1413 1029 1435 1042 1387 1121 1365 1108 small-vehicle 0.1119
965 1717 982 1718 980 1755 963 1754 small-vehicle 0.1116
1757 1951 1771 1956 1760 1987 1746 1982 small-vehicle 0.1110
1680 942 1696 951 1677 986 1661 978 small-vehicle 0.1100
1244 1288 1262 1300 1212 1377 1194 1366 small-vehicle 0.1098
615 584 627 593 607 620 595 611 small-vehicle 0.1092
1930 971 1918 955 1950 930 1962 945 small-vehicle 0.1091
1592 1898 1602 1897 1604 1918 1594 1919 small-vehicle 0.1091
237 1792 247 1776 288 1803 278 1818 small-vehicle 0.1091
1769 1959 1785 1965 1772 2001 1756 1995 small-vehicle 0.1088
1625 1415 1647 1414 1649 1460 1627 1461 small-vehicle 0.1077
1094 1787 1106 1781 1118 1804 1106 1810 small-vehicle 0.1067
1478 1331 1490 1316 1560 1372 1548 1387 small-vehicle 0.1063
1768 115 1773 101 1805 112 1800 127 small-vehicle 0.1062
1209 1926 1223 1924 1227 1954 1214 1956 small-vehicle 0.1054
1791 1522 1807 1528 1792 1564 1776 1558 small-vehicle 0.1041
1168 1162 1193 1179 1126 1277 1102 1261 small-vehicle 0.1039
151 221 154 207 181 211 179 225 small-vehicle 0.1035
1567 1919 1577 1918 1579 1943 1569 1944 small-vehicle 0.1032
1118 1308 1131 1294 1184 1343 1171 1357 small-vehicle 0.1025
903 1661 915 1650 938 1676 926 1687 small-vehicle 0.1023
1155 1165 1181 1181 1115 1292 1090 1277 large-vehicle 0.7073
1026 1113 1048 1127 990 1216 968 1202 large-vehicle 0.7058
1078 1146 1096 1158 1037 1250 1018 1238 large-vehicle 0.6567
1244 1288 1262 1300 1212 1377 1194 1366 large-vehicle 0.6310
1418 1025 1440 1040 1383 1122 1361 1107 large-vehicle 0.5940
965 1097 989 1110 945 1193 920 1180 large-vehicle 0.5424
1103 1158 1124 1170 1064 1269 1043 1257 large-vehicle 0.5415
1295 1198 1315 1209 1274 1284 1254 1273 large-vehicle 0.5398
1129 1154 1151 1165 1096 1276 1074 1265 large-vehicle 0.5283
1135 1279 1151 1265 1200 1321 1184 1335 large-vehicle 0.5253
1495 1267 1510 1252 1584 1322 1569 1338 large-vehicle 0.5167
1390 1353 1411 1366 1361 1455 1340 1443 large-vehicle 0.4875
1176 1204 1195 1188 1250 1253 1231 1269 large-vehicle 0.4734
1487 1379 1513 1387 1484 1478 1458 1470 large-vehicle 0.4707
1154 1254 1172 1240 1219 1298 1201 1312 large-vehicle 0.4556
1326 1273 1348 1288 1282 1387 1260 1372 large-vehicle 0.4433
1285 1055 1306 1041 1354 1112 1334 1126 large-vehicle 0.4303
1346 1272 1366 1254 1434 1330 1414 1348 large-vehicle 0.4257
1061 1129 1082 1144 1011 1239 990 1224 large-vehicle 0.3943
1343 1349 1362 1363 1313 1431 1294 1417 large-vehicle 0.3841
1466 1284 1479 1266 1561 1324 1548 1342 large-vehicle 0.3742
1268 1292 1287 1306 1232 1382 1213 1368 large-vehicle 0.3679
1321 1334 1338 1347 1293 1406 1275 1393 large-vehicle 0.3673
1355 1120 1374 1135 1319 1208 1299 1193 large-vehicle 0.3470
1198 1178 1215 1165 1264 1229 1248 1242 large-vehicle 0.3400
1165 1233 1182 1217 1232 1269 1215 1285 large-vehicle 0.3207
1467 1376 1490 1387 1453 1469 1430 1459 large-vehicle 0.3179
983 867 997 851 1055 905 1041 920 large-vehicle 0.3113
1267 1086 1284 1072 1337 1130 1321 1145 large-vehicle 0.2886
941 1088 962 1099 925 1172 904 1162 large-vehicle 0.2853
1121 1306 1135 1294 1181 1344 1167 1357 large-vehicle 0.2835
965 897 976 882 1041 928 1031 944 large-vehicle 0.2795
1340 1305 1364 1293 1394 1352 1370 1365 large-vehicle 0.2745
1549 1390 1576 1404 1526 1500 1499 1486 large-vehicle 0.2709
1711 1491 1731 1501 1694 1576 1675 1567 large-vehicle 0.2518
1342 1190 1363 1205 1298 1300 1276 1285 large-vehicle 0.2502
1251 1117 1265 1102 1321 1152 1307 1168 large-vehicle 0.2431
1437 1378 1459 1391 1424 1450 1402 1436 large-vehicle 0.2418
1245 1146 1260 1133 1298 1179 1283 1192 large-vehicle 0.2406
1222 1164 1236 1151 1278 1199 1264 1211 large-vehicle 0.2270
350 1292 363 1276 415 1319 401 1335 large-vehicle 0.2100
1361 1353 1382 1366 1338 1439 1317 1427 large-vehicle 0.2099
1754 1483 1777 1497 1726 1583 1702 1569 large-vehicle 0.1978
991 1105 1014 1119 966 1200 943 1186 large-vehicle 0.1899
1399 1285 1419 1273 1451 1328 1431 1339 large-vehicle 0.1890
975 879 985 867 1040 914 1029 926 large-vehicle 0.1649
795 1591 783 1577 833 1534 845 1548 large-vehicle 0.1513
1375 1248 1394 1233 1431 1280 1413 1295 large-vehicle 0.1472
1471 953 1489 962 1467 1002 1449 992 large-vehicle 0.1468
1839 1251 1864 1266 1808 1366 1782 1352 large-vehicle 0.1443
1535 1232 1555 1227 1570 1290 1549 1295 large-vehicle 0.1396
1380 1001 1399 999 1403 1043 1384 1044 large-vehicle 0.1350
1672 1510 1690 1519 1664 1574 1645 1565 large-vehicle 0.1328
1539 1022 1550 1006 1587 1031 1577 1047 large-vehicle 0.1298
1486 1335 1499 1319 1566 1371 1553 1388 large-vehicle 0.1292
1433 1285 1452 1274 1480 1319 1461 1331 large-vehicle 0.1281
1586 1050 1599 1034 1637 1064 1625 1080 large-vehicle 0.1277
1622 1077 1634 1061 1679 1093 1667 1109 large-vehicle 0.1256
1422 1350 1442 1355 1427 1412 1408 1407 large-vehicle 0.1240
1003 845 1012 831 1072 872 1063 886 large-vehicle 0.1215
1647 1487 1666 1500 1630 1553 1611 1540 large-vehicle 0.1211
651 1928 674 1901 720 1940 698 1967 large-vehicle 0.1089
1415 1245 1430 1231 1464 1268 1448 1282 large-vehicle 0.1020
1666 1582 1687 1598 1642 1657 1621 1641 ship 0.3676
1647 1487 1666 1500 1630 1553 1611 1540 ship 0.3541
1754 1483 1777 1497 1726 1583 1702 1569 ship 0.3540
1729 1603 1750 1608 1737 1663 1717 1659 ship 0.3212
1711 1491 1731 1501 1694 1576 1675 1567 ship 0.3199
1672 1510 1690 1519 1664 1574 1645 1565 ship 0.2864
1701 1595 1721 1606 1684 1671 1663 1659 ship 0.2796
1646 1569 1662 1584 1612 1638 1596 1622 ship 0.2465
965 1097 989 1110 945 1193 920 1180 ship 0.2056
1198 1178 1215 1165 1264 1229 1248 1242 ship 0.2027
1267 1086 1284 1072 1337 1130 1321 1145 ship 0.1935
1241 1146 1255 1132 1301 1178 1286 1193 ship 0.1910
1789 1520 1803 1530 1779 1566 1764 1556 ship 0.1858
1737 1584 1755 1575 1770 1608 1753 1616 ship 0.1836
1251 1117 1265 1102 1321 1152 1307 1168 ship 0.1803
1220 1162 1235 1148 1283 1203 1267 1216 ship 0.1791
1597 1457 1607 1444 1643 1473 1633 1486 ship 0.1722
941 1088 962 1099 925 1172 904 1162 ship 0.1708
1284 1059 1304 1043 1357 1107 1337 1123 ship 0.1664
1625 1415 1647 1414 1649 1460 1627 1461 ship 0.1657
1176 1204 1195 1188 1250 1253 1231 1269 ship 0.1588
1858 1232 1886 1251 1811 1357 1784 1338 ship 0.1517
1405 1343 1427 1359 1354 1458 1332 1441 ship 0.1499
1754 1436 1771 1444 1753 1484 1736 1477 ship 0.1430
1567 1492 1582 1477 1617 1512 1602 1527 ship 0.1398
1581 1473 1592 1460 1628 1489 1617 1503 ship 0.1295
1437 1378 1459 1391 1424 1450 1402 1436 ship 0.1272
1755 1622 1775 1630 1754 1684 1733 1675 ship 0.1150
1323 1325 1342 1339 1295 1402 1277 1388 ship 0.1118
345 1295 358 1277 416 1318 403 1336 ship 0.1084
1642 1530 1654 1541 1623 1577 1611 1566 ship 0.1064
136 973 144 954 186 973 178 992 ship 0.1058
1351 1126 1370 1142 1310 1214 1291 1198 ship 0.1051
1326 1273 1348 1288 1282 1387 1260 1372 ship 0.1044
1773 1503 1791 1516 1760 1561 1741 1548 ship 0.1000
712 644 775 568 931 699 868 775 tennis-court 0.1353
1746 1477 1814 1544 1665 1695 1598 1628 harbor 0.1068
1255 1120 1270 1105 1317 1153 1302 1167 helicopter 0.1402
1245 1146 1260 1133 1298 1179 1283 1192 helicopter 0.1249
1197 1185 1214 1170 1266 1228 1250 1243 helicopter 0.1116
1179 1201 1196 1187 1248 1250 1231 1264 helicopter 0.1050
1262 1104 1276 1089 1328 1136 1315 1151 helicopter 0.1046
1218 1171 1233 1157 1279 1205 1265 1219 helicopter 0.1004
