588 1496 609 1483 632 1522 611 1535 small-vehicle 0.2436
2111 1962 2130 1978 2071 2045 2052 2029 small-vehicle 0.2277
223 1461 243 1459 245 1495 225 1497 small-vehicle 0.2122
316 1303 338 1303 337 1345 316 1345 small-vehicle 0.2078
484 1275 502 1278 495 1315 478 1312 small-vehicle 0.2052
426 1282 446 1285 440 1325 420 1321 small-vehicle 0.2050
280 1314 300 1312 304 1350 283 1352 small-vehicle 0.2024
343 1300 363 1298 368 1336 348 1338 small-vehicle 0.2007
275 2019 292 2019 292 2053 275 2053 small-vehicle 0.2003
283 1029 307 1027 317 1138 292 1140 small-vehicle 0.1801
398 1282 419 1286 410 1329 389 1325 small-vehicle 0.1717
228 1539 247 1536 254 1587 235 1589 small-vehicle 0.1664
230 2257 251 2256 251 2301 231 2301 small-vehicle 0.1656
288 2142 303 2140 308 2172 292 2174 small-vehicle 0.1642
297 2234 311 2232 316 2266 301 2268 small-vehicle 0.1549
2159 1972 2179 1989 2101 2079 2081 2062 small-vehicle 0.1512
614 1238 642 1199 760 1284 731 1324 small-vehicle 0.1509
259 1870 280 1869 282 1909 262 1910 small-vehicle 0.1492
299 1307 319 1306 320 1343 300 1343 small-vehicle 0.1488
1928 708 1957 729 1871 845 1842 824 small-vehicle 0.1486
915 871 949 846 1040 969 1006 994 small-vehicle 0.1481
743 874 783 849 862 977 821 1002 small-vehicle 0.1478
235 1674 250 1669 262 1700 246 1706 small-vehicle 0.1467
2006 56 2021 57 2021 91 2005 91 small-vehicle 0.1439
506 2323 503 2301 546 2295 549 2317 small-vehicle 0.1439
72 316 94 320 86 369 64 365 small-vehicle 0.1438
128 1740 127 1720 165 1718 166 1739 small-vehicle 0.1436
464 1274 482 1275 479 1315 461 1314 small-vehicle 0.1410
459 2102 478 2099 486 2136 467 2140 small-vehicle 0.1400
932 1242 968 1213 1054 1319 1018 1348 small-vehicle 0.1397
444 1279 463 1283 455 1319 437 1315 small-vehicle 0.1381
47 875 63 874 67 905 51 907 small-vehicle 0.1362
301 2276 317 2272 326 2308 310 2312 small-vehicle 0.1340
254 1828 269 1825 275 1858 260 1861 small-vehicle 0.1339
870 1309 891 1292 967 1390 946 1406 small-vehicle 0.1330
96 926 114 930 105 966 88 961 small-vehicle 0.1268
223 1512 242 1511 243 1548 224 1549 small-vehicle 0.1254
1659 1926 1670 1922 1678 1946 1667 1950 small-vehicle 0.1236
680 968 700 956 735 1016 716 1028 small-vehicle 0.1193
35 869 53 871 51 908 33 907 small-vehicle 0.1172
1746 459 1770 457 1772 497 1748 498 small-vehicle 0.1164
449 1740 442 1723 482 1707 488 1724 small-vehicle 0.1131
241 1726 256 1719 268 1749 252 1755 small-vehicle 0.1078
123 2288 139 2281 152 2313 136 2319 small-vehicle 0.1069
1020 850 1041 838 1098 944 1077 956 small-vehicle 0.1061
2037 1833 2060 1852 1986 1945 1963 1926 small-vehicle 0.1061
517 920 550 903 615 1032 581 1048 small-vehicle 0.1054
753 1184 790 1148 888 1248 851 1285 small-vehicle 0.1044
648 1192 664 1195 654 1242 638 1239 small-vehicle 0.1043
2154 474 2173 454 2259 537 2240 557 small-vehicle 0.1016
1906 252 1921 233 1958 263 1943 282 small-vehicle 0.1012
762 1354 784 1340 856 1446 835 1461 small-vehicle 0.1008
1766 2251 1759 2206 1920 2181 1927 2225 small-vehicle 0.1006
350 963 379 960 394 1109 365 1112 large-vehicle 0.8461
719 884 741 869 827 996 805 1011 large-vehicle 0.8432
2084 550 2102 530 2200 617 2182 637 large-vehicle 0.8422
858 1296 878 1280 970 1401 949 1416 large-vehicle 0.8397
1914 1755 1937 1772 1844 1897 1821 1880 large-vehicle 0.8159
754 868 779 852 856 975 830 991 large-vehicle 0.8157
808 1293 828 1277 920 1390 900 1406 large-vehicle 0.8093
404 968 429 955 494 1079 469 1092 large-vehicle 0.8068
921 874 945 857 1031 980 1006 997 large-vehicle 0.7833
2113 525 2129 508 2223 592 2207 610 large-vehicle 0.7756
444 958 470 944 539 1081 513 1094 large-vehicle 0.7724
484 943 509 928 584 1054 559 1069 large-vehicle 0.7574
686 898 708 884 787 1005 765 1019 large-vehicle 0.7322
754 1350 775 1334 861 1445 841 1461 large-vehicle 0.7269
1779 2249 1770 2215 1911 2178 1920 2212 large-vehicle 0.7268
516 927 543 910 617 1030 590 1046 large-vehicle 0.7257
2037 1833 2060 1852 1986 1945 1963 1926 large-vehicle 0.7203
1884 1747 1904 1766 1804 1872 1785 1853 large-vehicle 0.7125
644 1226 662 1203 761 1281 743 1304 large-vehicle 0.7114
1923 707 1953 727 1869 850 1840 830 large-vehicle 0.7099
2067 573 2083 558 2168 645 2152 661 large-vehicle 0.7066
2158 480 2181 457 2264 541 2242 563 large-vehicle 0.7056
614 1254 635 1227 740 1310 718 1337 large-vehicle 0.6842
943 1230 967 1214 1042 1323 1018 1340 large-vehicle 0.6834
2072 1867 2094 1886 2009 1985 1986 1966 large-vehicle 0.6599
1020 850 1041 838 1098 944 1077 956 large-vehicle 0.6569
317 979 347 977 360 1128 330 1131 large-vehicle 0.6251
765 1175 787 1158 865 1260 843 1277 large-vehicle 0.6204
648 912 670 898 738 1011 716 1024 large-vehicle 0.5942
2161 1964 2185 1986 2097 2083 2073 2061 large-vehicle 0.4925
274 977 303 974 325 1138 296 1142 large-vehicle 0.4633
1072 1863 1101 1847 1197 2021 1169 2037 large-vehicle 0.4408
2123 1939 2145 1956 2073 2048 2050 2030 large-vehicle 0.4275
1662 2048 1675 2021 1783 2070 1771 2097 large-vehicle 0.3558
2107 667 2149 698 2039 843 1998 812 large-vehicle 0.2862
2180 451 2198 432 2288 517 2271 536 large-vehicle 0.1614
2116 2099 2101 2082 2167 2025 2182 2042 large-vehicle 0.1569
783 1322 818 1294 913 1415 878 1443 large-vehicle 0.1494
954 852 989 828 1080 959 1045 984 large-vehicle 0.1476
776 1164 791 1147 885 1233 870 1249 large-vehicle 0.1199
648 1192 664 1195 654 1242 638 1239 large-vehicle 0.1171
1903 250 1921 235 1955 274 1937 289 ship 0.1061
7 2128 15 2102 66 2118 57 2144 swimming-pool 0.1820
820 1730 815 1713 850 1704 854 1721 swimming-pool 0.1583
742 1754 751 1732 792 1748 783 1771 swimming-pool 0.1237
20 716 50 714 53 763 23 765 swimming-pool 0.1115
2072 2030 2056 2012 2152 1925 2169 1944 swimming-pool 0.1021
