336 286 344 140 560 152 552 298 baseball-diamond 0.1837
215 108 607 85 653 851 261 875 ground-track-field 0.8470
702 139 985 152 961 670 679 657 ground-track-field 0.2104
30 59 30 49 51 48 52 58 small-vehicle 0.1374
248 309 268 309 267 347 247 346 ship 0.1121
831 133 884 131 888 231 836 233 tennis-court 0.3354
773 137 825 136 827 231 775 232 tennis-court 0.3240
716 134 766 135 765 238 715 238 tennis-court 0.2572
726 551 775 548 781 650 731 653 tennis-court 0.2052
790 550 836 546 844 643 798 647 tennis-court 0.2049
788 432 841 432 841 525 788 526 tennis-court 0.1709
725 430 771 424 783 525 737 530 tennis-court 0.1298
851 543 907 541 912 640 856 643 tennis-court 0.1213
856 429 905 429 906 521 857 522 tennis-court 0.1124
324 655 315 606 409 589 418 639 tennis-court 0.1020
713 141 766 140 768 237 715 237 basketball-court 0.8546
727 551 778 550 779 654 728 655 basketball-court 0.8480
793 551 844 551 843 650 792 649 basketball-court 0.8380
718 313 773 313 774 410 719 411 basketball-court 0.8232
783 309 835 310 833 408 782 408 basketball-court 0.8166
725 430 771 424 783 525 737 530 basketball-court 0.8075
773 142 823 140 826 235 775 236 basketball-court 0.7970
831 133 884 131 888 231 836 233 basketball-court 0.7951
856 547 910 547 911 639 857 639 basketball-court 0.7822
784 439 835 432 848 521 796 528 basketball-court 0.7765
843 309 895 304 904 402 851 407 basketball-court 0.7416
850 435 904 432 909 521 856 524 basketball-court 0.7243
663 532 697 550 673 597 638 580 storage-tank 0.1502
638 346 676 328 697 373 660 391 storage-tank 0.1406
319 254 584 278 548 680 284 656 soccer-ball-field 0.9309
831 133 884 131 888 231 836 233 soccer-ball-field 0.1150
