1723 2804 1689 2598 1929 2558 1963 2765 plane 0.8745
1127 1732 1040 1546 1287 1431 1374 1618 plane 0.8311
1512 342 1654 294 1720 491 1578 538 plane 0.7974
2067 2029 2055 1926 2171 1913 2183 2016 plane 0.7829
2016 2905 2160 2912 2149 3117 2005 3109 plane 0.7191
443 487 559 465 586 604 471 627 plane 0.6938
1680 2589 1591 2454 1751 2348 1840 2482 plane 0.6819
1055 1484 944 1345 1107 1214 1218 1353 plane 0.6035
239 599 338 571 376 709 277 736 plane 0.5967
2359 3782 2410 3715 2497 3782 2447 3849 plane 0.5547
1316 1932 1207 1807 1364 1669 1473 1794 plane 0.5430
667 430 719 358 810 423 759 495 plane 0.5388
2769 3245 2865 3172 2951 3284 2855 3358 plane 0.4324
2240 2943 2301 2870 2393 2947 2332 3020 plane 0.3760
1029 1511 1051 1499 1068 1530 1046 1543 plane 0.2355
1169 763 1266 769 1259 887 1162 880 plane 0.2265
2184 3020 2211 3010 2225 3051 2199 3060 plane 0.1776
1042 1482 1067 1475 1078 1511 1052 1518 plane 0.1642
942 1315 935 1284 999 1268 1007 1299 plane 0.1363
1081 161 1138 132 1177 207 1120 236 plane 0.1306
1030 1544 1050 1528 1072 1556 1053 1572 plane 0.1302
2254 3093 2262 3076 2292 3091 2284 3108 plane 0.1189
2270 3044 2286 3017 2326 3041 2311 3067 plane 0.1141
1041 841 1050 809 1108 824 1100 856 plane 0.1063
2254 3060 2270 3039 2303 3064 2287 3085 plane 0.1016
2573 590 2592 602 2551 665 2532 653 large-vehicle 0.1810
1512 342 1654 294 1720 491 1578 538 storage-tank 0.1157
665 395 760 346 817 453 722 503 swimming-pool 0.1002
657 422 720 344 820 425 757 503 helicopter 0.2778
443 487 559 465 586 604 471 627 helicopter 0.1963
1493 383 1618 280 1746 435 1621 538 helicopter 0.1632
2235 2916 2323 2859 2398 2975 2310 3032 helicopter 0.1609
1166 746 1270 757 1255 895 1152 884 helicopter 0.1532
2361 3796 2397 3717 2496 3763 2460 3841 helicopter 0.1489
2769 3218 2895 3166 2954 3308 2827 3361 helicopter 0.1126
2081 2058 2035 1952 2154 1901 2200 2008 helicopter 0.1070
2007 2899 2162 2905 2153 3124 1998 3118 helicopter 0.1037
