1180 164 1248 159 1256 250 1188 255 plane 0.2071
426 40 458 14 545 121 513 147 bridge 0.5782
1623 955 1658 961 1646 1020 1612 1013 bridge 0.4156
1056 425 1042 387 1113 362 1127 400 bridge 0.3190
3802 1039 3831 1044 3819 1116 3790 1111 bridge 0.2827
2370 1212 2399 1213 2397 1283 2368 1282 bridge 0.2215
1999 3881 2045 3871 2062 3947 2016 3958 small-vehicle 0.1612
2070 3876 2118 3868 2131 3942 2083 3950 small-vehicle 0.1261
1316 3115 1348 3124 1328 3191 1296 3181 large-vehicle 0.1181
783 1502 807 1497 819 1563 795 1567 large-vehicle 0.1096
1489 635 1578 642 1570 736 1482 729 storage-tank 0.3263
2726 1695 2814 1710 2798 1809 2710 1795 storage-tank 0.2139
543 3023 604 3031 595 3101 534 3093 storage-tank 0.2063
1886 3531 1948 3524 1957 3604 1896 3611 storage-tank 0.1824
1820 626 1874 633 1866 691 1812 683 storage-tank 0.1797
697 499 787 487 803 611 713 623 storage-tank 0.1063
917 1464 993 1481 973 1569 898 1553 roundabout 0.1149
541 3033 601 3033 601 3100 541 3100 roundabout 0.1074
1447 969 1646 984 1629 1205 1431 1191 roundabout 0.1059
