2590 2975 2614 2940 2659 2970 2636 3006 bridge 0.3154
2418 786 2421 754 2485 759 2482 792 bridge 0.1630
3120 2592 3180 2505 3366 2635 3306 2721 ground-track-field 0.1530
160 141 122 0 391 -71 429 69 ground-track-field 0.1355
160 141 122 0 391 -71 429 69 basketball-court 0.1047
3576 3827 3659 3830 3656 3917 3573 3915 storage-tank 0.3569
3037 3506 3085 3504 3087 3558 3040 3561 storage-tank 0.2088
3416 3559 3489 3573 3473 3652 3401 3638 storage-tank 0.1525
3541 3533 3615 3543 3603 3626 3529 3616 storage-tank 0.1416
3245 3655 3324 3665 3314 3746 3235 3737 storage-tank 0.1306
2888 2681 2960 2691 2949 2764 2878 2754 storage-tank 0.1303
3585 3657 3650 3674 3632 3746 3567 3729 storage-tank 0.1238
2230 1980 2306 1982 2304 2062 2228 2060 storage-tank 0.1143
195 -5 279 31 237 126 153 89 storage-tank 0.1076
1080 2712 1120 2696 1136 2738 1096 2754 storage-tank 0.1046
3222 3584 3271 3593 3262 3645 3212 3636 storage-tank 0.1022
1575 2660 1829 2559 2028 3060 1774 3161 soccer-ball-field 0.1044
