3102 860 3226 863 3223 1001 3099 998 baseball-diamond 0.1081
642 2369 735 2319 843 2522 750 2571 ground-track-field 0.1841
1371 3756 1382 3725 1482 3759 1472 3789 large-vehicle 0.1974
1378 3689 1382 3658 1490 3672 1486 3703 large-vehicle 0.1049
1257 3669 1264 3639 1339 3655 1333 3685 large-vehicle 0.1035
640 2369 726 2318 846 2518 760 2570 basketball-court 0.1081
853 1830 986 1855 960 1993 827 1968 storage-tank 0.2740
1837 4032 1952 4085 1898 4204 1783 4151 storage-tank 0.1837
550 1989 610 1981 619 2049 559 2057 storage-tank 0.1386
1000 1855 1070 1846 1080 1922 1010 1931 storage-tank 0.1386
626 2020 694 2011 703 2085 636 2093 storage-tank 0.1337
952 1966 1082 1982 1065 2126 934 2110 storage-tank 0.1278
1057 1972 1106 1893 1208 1957 1158 2036 storage-tank 0.1156
414 4523 480 4511 494 4587 428 4599 storage-tank 0.1075
