687 486 712 472 753 543 729 557 bridge 0.2198
2614 453 2585 418 2651 364 2680 398 bridge 0.1938
1963 1202 1955 1171 2080 1138 2088 1169 bridge 0.1676
2209 2714 2250 2703 2276 2808 2236 2818 ship 0.2303
2151 2667 2189 2657 2216 2759 2178 2769 ship 0.2264
1883 162 1922 154 1935 218 1896 226 ship 0.1285
1885 2686 1932 2689 1926 2803 1879 2801 ship 0.1251
1939 212 1971 231 1934 293 1902 274 ship 0.1158
1844 146 1895 165 1853 275 1802 256 ship 0.1046
3250 2789 3294 2785 3298 2833 3254 2837 storage-tank 0.2380
3217 2761 3253 2763 3250 2805 3214 2803 storage-tank 0.1900
3467 3386 3508 3383 3511 3428 3471 3431 storage-tank 0.1449
3219 2426 3281 2425 3283 2496 3221 2498 storage-tank 0.1370
2688 377 2798 414 2758 534 2648 498 storage-tank 0.1175
3443 3349 3474 3351 3472 3390 3441 3389 storage-tank 0.1038
770 3780 825 3797 807 3858 752 3842 storage-tank 0.1036
699 325 805 357 771 470 665 438 roundabout 0.1260
