2861 1384 2838 1339 2904 1304 2927 1350 bridge 0.4725
1656 2008 1712 2004 1723 2157 1667 2161 bridge 0.4291
3616 2145 3645 2153 3624 2229 3595 2221 bridge 0.2827
1154 2200 1112 2028 1650 1897 1692 2070 bridge 0.1769
1018 3170 1045 3134 1110 3182 1083 3218 bridge 0.1712
2232 1051 2254 1049 2264 1144 2241 1146 bridge 0.1456
1830 -1 1871 -12 1935 221 1894 232 bridge 0.1298
3384 1085 3411 1048 3489 1105 3463 1142 bridge 0.1077
2220 1741 2252 1760 2212 1825 2180 1806 ship 0.1384
3914 1999 3964 2005 3953 2097 3903 2092 ship 0.1178
2172 1665 2210 1681 2178 1759 2140 1743 ship 0.1175
3223 3379 3271 3381 3268 3436 3220 3434 storage-tank 0.2952
3256 3438 3301 3433 3306 3484 3261 3488 storage-tank 0.2433
1828 2237 1873 2232 1878 2280 1833 2284 storage-tank 0.2281
3593 400 3639 399 3640 454 3595 455 storage-tank 0.1716
2176 2375 2240 2380 2235 2454 2171 2449 storage-tank 0.1292
1820 2188 1861 2187 1862 2234 1820 2235 storage-tank 0.1176
842 3009 900 3001 911 3076 853 3084 storage-tank 0.1079
1020 3046 1090 3042 1096 3123 1026 3128 storage-tank 0.1024
