2568 2421 2604 2405 2648 2509 2613 2525 bridge 0.5297
2135 2633 2177 2633 2177 2739 2135 2739 bridge 0.3331
2640 1516 2610 1443 2723 1397 2753 1470 bridge 0.2804
1352 1191 1381 1198 1338 1365 1309 1358 bridge 0.2496
1643 1288 1672 1295 1648 1388 1619 1381 bridge 0.2084
2067 1530 2130 1508 2180 1647 2117 1669 bridge 0.1037
1174 3277 1201 3284 1182 3354 1155 3346 large-vehicle 0.1316
359 285 387 266 456 372 427 390 ship 0.1949
2819 340 2848 331 2869 400 2839 408 ship 0.1171
2623 2699 2667 2679 2717 2792 2673 2812 ship 0.1161
2740 3800 2782 3780 2828 3875 2786 3895 ship 0.1039
422 509 410 481 487 447 499 474 ship 0.1026
