64 362 79 373 53 406 38 394 small-vehicle 0.5631
311 339 311 321 345 322 344 340 small-vehicle 0.5160
106 552 109 531 171 539 168 560 small-vehicle 0.2538
338 796 342 774 418 787 415 809 small-vehicle 0.1465
330 738 336 713 449 738 444 764 small-vehicle 0.1453
503 893 501 875 533 872 535 889 small-vehicle 0.1418
65 918 69 895 179 914 176 936 small-vehicle 0.1224
341 610 345 585 468 604 464 630 small-vehicle 0.1156
342 528 348 501 466 526 460 553 small-vehicle 0.1145
63 954 66 928 176 939 173 964 small-vehicle 0.1100
280 979 285 954 423 978 419 1002 small-vehicle 0.1020
305 848 308 825 443 841 441 864 large-vehicle 0.8535
311 879 313 854 434 863 433 888 large-vehicle 0.7857
277 978 281 954 421 978 417 1003 large-vehicle 0.7716
333 742 337 718 453 734 449 758 large-vehicle 0.7591
283 926 287 901 417 920 413 945 large-vehicle 0.7559
56 917 59 894 179 912 176 935 large-vehicle 0.7501
61 945 65 923 179 944 175 966 large-vehicle 0.7460
341 612 345 586 471 605 468 630 large-vehicle 0.7383
343 528 346 506 468 525 464 547 large-vehicle 0.7361
368 423 372 399 492 418 488 442 large-vehicle 0.6558
322 819 325 798 451 817 448 838 large-vehicle 0.5676
338 795 342 773 419 787 415 809 large-vehicle 0.3994
110 554 112 530 173 536 171 560 large-vehicle 0.3943
326 774 327 751 452 756 451 780 large-vehicle 0.3598
99 686 100 663 178 667 177 690 large-vehicle 0.2089
60 363 75 373 54 406 39 395 large-vehicle 0.1131
