721 1215 722 1197 748 1199 747 1218 plane 0.1105
232 585 236 565 285 575 281 595 small-vehicle 0.3468
234 557 238 539 289 550 285 569 small-vehicle 0.3172
229 610 233 592 288 605 284 623 small-vehicle 0.3046
1 1463 0 1443 34 1441 35 1461 small-vehicle 0.2616
22 1274 22 1254 55 1255 54 1275 small-vehicle 0.2556
241 508 244 487 296 495 292 516 small-vehicle 0.2522
198 1154 199 1135 229 1136 229 1155 small-vehicle 0.2490
224 640 226 620 285 627 282 648 small-vehicle 0.2250
79 1103 78 1084 112 1084 112 1103 small-vehicle 0.2226
932 1655 934 1636 977 1641 975 1660 small-vehicle 0.2181
242 533 247 515 291 527 286 545 small-vehicle 0.2148
932 1626 938 1606 982 1620 976 1639 small-vehicle 0.2146
139 1363 138 1343 178 1340 179 1361 small-vehicle 0.2070
934 1571 938 1551 983 1561 979 1580 small-vehicle 0.1699
431 528 433 503 495 510 493 534 small-vehicle 0.1589
215 716 216 696 270 700 269 720 small-vehicle 0.1581
247 424 252 400 308 411 303 435 small-vehicle 0.1514
933 1543 938 1525 995 1538 991 1556 small-vehicle 0.1511
403 648 408 629 451 640 447 659 small-vehicle 0.1511
936 1518 940 1498 1005 1513 1001 1532 small-vehicle 0.1449
240 480 243 460 299 468 296 488 small-vehicle 0.1424
957 1737 955 1724 989 1718 992 1731 small-vehicle 0.1410
379 677 384 656 456 672 452 693 small-vehicle 0.1392
930 1685 934 1667 974 1677 970 1695 small-vehicle 0.1352
234 693 232 675 272 670 275 687 small-vehicle 0.1347
413 491 417 464 502 475 498 502 small-vehicle 0.1346
858 1460 876 1462 868 1528 851 1526 small-vehicle 0.1261
428 1440 433 1418 514 1436 509 1459 small-vehicle 0.1255
400 712 405 694 450 709 444 726 small-vehicle 0.1230
222 665 224 645 275 652 272 673 small-vehicle 0.1220
245 456 247 436 301 440 300 460 small-vehicle 0.1211
957 1497 962 1478 1009 1490 1005 1508 small-vehicle 0.1204
403 1577 408 1557 482 1576 477 1596 small-vehicle 0.1188
419 554 424 530 493 545 488 569 small-vehicle 0.1184
417 1526 422 1506 493 1521 489 1541 small-vehicle 0.1149
820 1600 838 1600 837 1635 820 1635 small-vehicle 0.1138
741 1625 744 1607 807 1615 805 1634 small-vehicle 0.1132
417 588 420 564 488 574 484 598 small-vehicle 0.1125
443 1413 449 1393 526 1416 520 1436 small-vehicle 0.1117
388 616 393 591 477 606 472 631 small-vehicle 0.1112
1005 1221 1021 1224 1016 1254 1000 1251 small-vehicle 0.1092
797 1440 801 1426 859 1444 855 1458 small-vehicle 0.1091
596 1371 617 1375 603 1457 582 1453 small-vehicle 0.1055
743 1653 747 1635 801 1646 797 1664 small-vehicle 0.1036
426 1498 432 1477 502 1495 497 1516 small-vehicle 0.1031
941 1460 947 1441 1016 1461 1010 1480 small-vehicle 0.1022
759 1512 765 1495 833 1518 827 1535 small-vehicle 0.1015
750 1568 756 1549 823 1570 816 1589 small-vehicle 0.1004
407 1561 410 1535 489 1547 485 1572 small-vehicle 0.1001
672 1501 675 1483 748 1498 744 1516 large-vehicle 0.7590
631 1369 652 1374 631 1456 610 1451 large-vehicle 0.7417
759 1512 765 1495 833 1518 827 1535 large-vehicle 0.7052
665 1530 668 1512 740 1523 738 1540 large-vehicle 0.6912
755 1537 762 1518 832 1542 826 1562 large-vehicle 0.6647
752 1571 759 1551 824 1571 818 1591 large-vehicle 0.6638
690 1459 693 1441 763 1455 759 1472 large-vehicle 0.6385
942 1458 949 1438 1018 1460 1012 1480 large-vehicle 0.6368
660 1578 662 1561 732 1567 730 1584 large-vehicle 0.6309
947 1427 953 1408 1019 1432 1013 1451 large-vehicle 0.6113
769 1485 776 1466 842 1489 836 1508 large-vehicle 0.6033
597 1369 618 1372 603 1456 582 1453 large-vehicle 0.5921
388 618 392 593 480 607 477 631 large-vehicle 0.5841
955 1404 960 1383 1032 1402 1027 1423 large-vehicle 0.5787
936 1518 940 1498 1005 1513 1001 1532 large-vehicle 0.5773
660 1298 678 1305 654 1374 636 1367 large-vehicle 0.5698
657 1368 679 1373 660 1457 638 1453 large-vehicle 0.5697
665 1553 669 1535 736 1547 733 1564 large-vehicle 0.5635
863 1460 883 1465 864 1536 844 1530 large-vehicle 0.5408
793 1444 798 1426 862 1441 858 1459 large-vehicle 0.5360
442 1413 449 1392 522 1414 515 1436 large-vehicle 0.5302
245 456 247 436 301 440 300 460 large-vehicle 0.5247
418 589 422 565 488 575 484 599 large-vehicle 0.5225
631 1293 651 1298 633 1367 614 1362 large-vehicle 0.5184
682 1476 688 1458 755 1481 748 1499 large-vehicle 0.5042
888 1454 908 1459 890 1535 871 1530 large-vehicle 0.5007
419 554 424 530 493 545 488 569 large-vehicle 0.4885
911 1455 929 1458 918 1533 900 1530 large-vehicle 0.4863
430 1441 437 1417 510 1439 503 1462 large-vehicle 0.4840
933 1543 938 1525 995 1538 991 1556 large-vehicle 0.4735
410 492 412 467 506 475 504 500 large-vehicle 0.4731
372 745 376 721 459 735 455 760 large-vehicle 0.4729
250 425 253 402 313 410 310 433 large-vehicle 0.4700
939 1364 959 1371 933 1446 913 1439 large-vehicle 0.4648
699 1432 702 1413 773 1423 770 1443 large-vehicle 0.4591
408 457 411 432 506 444 503 469 large-vehicle 0.4556
954 1498 958 1478 1010 1488 1006 1508 large-vehicle 0.4488
421 395 424 370 512 381 509 407 large-vehicle 0.4426
427 1498 433 1476 505 1495 499 1518 large-vehicle 0.4354
781 1465 786 1446 853 1465 848 1484 large-vehicle 0.4330
500 1658 506 1636 583 1657 576 1679 large-vehicle 0.4179
654 1598 657 1580 728 1592 725 1609 large-vehicle 0.4087
224 640 226 620 285 627 282 648 large-vehicle 0.4001
737 1594 742 1574 814 1593 809 1613 large-vehicle 0.3939
420 428 423 402 517 414 514 439 large-vehicle 0.3933
712 1367 717 1348 781 1365 776 1383 large-vehicle 0.3824
960 1380 964 1360 1029 1372 1026 1392 large-vehicle 0.3802
214 744 219 725 274 738 269 757 large-vehicle 0.3778
399 712 405 693 451 707 445 726 large-vehicle 0.3689
231 610 235 592 290 603 286 621 large-vehicle 0.3675
644 1630 647 1609 715 1616 712 1638 large-vehicle 0.3625
387 680 390 660 459 672 456 693 large-vehicle 0.3551
431 528 433 503 495 510 493 534 large-vehicle 0.3521
240 480 243 460 299 468 296 488 large-vehicle 0.3484
705 1387 708 1370 780 1382 777 1399 large-vehicle 0.3478
403 648 408 629 451 640 447 659 large-vehicle 0.3461
702 1411 706 1395 776 1412 772 1428 large-vehicle 0.3385
234 557 238 539 289 550 285 569 large-vehicle 0.3290
411 1525 416 1502 491 1519 486 1542 large-vehicle 0.3285
241 508 244 487 296 495 292 516 large-vehicle 0.3252
909 1352 926 1357 908 1425 891 1421 large-vehicle 0.3231
214 710 220 690 271 705 266 725 large-vehicle 0.3231
432 1472 438 1450 508 1467 502 1489 large-vehicle 0.3069
741 1623 746 1603 810 1620 805 1640 large-vehicle 0.3043
447 1622 450 1601 508 1609 506 1630 large-vehicle 0.2955
233 584 236 566 286 575 283 593 large-vehicle 0.2910
407 1561 410 1535 489 1547 485 1572 large-vehicle 0.2840
875 1368 894 1369 888 1440 869 1438 large-vehicle 0.2815
222 665 224 645 275 652 272 673 large-vehicle 0.2588
216 778 214 762 269 757 271 774 large-vehicle 0.2577
602 1285 622 1290 601 1370 582 1365 large-vehicle 0.2564
793 1423 797 1406 862 1421 858 1438 large-vehicle 0.2526
368 778 376 754 451 778 443 802 large-vehicle 0.2489
831 1577 847 1580 835 1635 818 1631 large-vehicle 0.2485
223 685 225 666 275 673 272 692 large-vehicle 0.2427
242 533 247 515 291 527 286 545 large-vehicle 0.2415
266 354 268 333 318 337 317 358 large-vehicle 0.2359
796 1400 801 1383 862 1400 857 1417 large-vehicle 0.2262
720 1336 727 1318 785 1342 778 1359 large-vehicle 0.2211
409 1584 413 1560 485 1573 480 1597 large-vehicle 0.2162
934 1570 939 1552 984 1563 979 1581 large-vehicle 0.1808
634 1276 642 1258 696 1281 689 1299 large-vehicle 0.1766
233 169 265 170 260 288 229 286 large-vehicle 0.1694
203 804 204 781 271 784 270 807 large-vehicle 0.1663
743 1653 747 1635 801 1646 797 1664 large-vehicle 0.1462
450 1640 456 1620 505 1636 499 1655 large-vehicle 0.1220
186 917 190 901 239 912 235 929 large-vehicle 0.1189
751 1497 754 1484 827 1500 824 1513 large-vehicle 0.1155
414 1527 419 1503 495 1519 490 1543 ship 0.2832
428 1497 436 1475 506 1497 499 1519 ship 0.2772
407 1561 410 1535 489 1547 485 1572 ship 0.2689
430 1439 438 1417 509 1440 502 1462 ship 0.2352
409 1584 413 1560 485 1573 480 1597 ship 0.1910
942 1553 940 1534 992 1528 994 1547 ship 0.1722
431 1472 435 1451 505 1465 501 1486 ship 0.1687
741 1623 746 1603 810 1620 805 1640 ship 0.1656
936 1576 936 1558 985 1557 985 1576 ship 0.1409
793 1443 797 1426 861 1441 857 1458 ship 0.1344
437 1414 443 1394 520 1416 514 1437 ship 0.1330
750 1568 756 1549 823 1570 816 1589 ship 0.1302
955 1404 960 1383 1032 1402 1027 1423 ship 0.1263
863 1460 883 1465 864 1536 844 1530 ship 0.1257
419 396 421 372 501 379 499 403 ship 0.1202
224 640 226 620 285 627 282 648 ship 0.1138
932 1626 938 1606 982 1620 976 1639 ship 0.1136
947 1427 953 1408 1019 1432 1013 1451 ship 0.1113
742 1593 749 1575 814 1600 807 1618 ship 0.1106
960 1380 964 1360 1029 1372 1026 1392 ship 0.1100
929 1683 936 1666 976 1682 969 1699 ship 0.1098
239 508 243 487 298 497 294 518 ship 0.1093
938 1519 942 1499 1003 1512 998 1532 ship 0.1086
233 584 236 566 286 575 283 593 ship 0.1082
235 555 239 537 289 551 285 568 ship 0.1079
759 1512 765 1495 833 1518 827 1535 ship 0.1072
245 456 247 436 301 440 300 460 ship 0.1071
945 1461 950 1440 1016 1457 1011 1478 ship 0.1049
231 610 235 592 290 603 286 621 ship 0.1047
403 648 408 629 451 640 447 659 ship 0.1021
226 690 227 672 272 674 272 691 ship 0.1021
445 1619 449 1600 509 1613 504 1633 ship 0.1011
797 1395 803 1379 862 1398 857 1414 ship 0.1011
769 1485 776 1466 842 1489 836 1508 ship 0.1009
214 710 220 690 271 705 266 725 ship 0.1002
863 1460 883 1465 864 1536 844 1530 helicopter 0.1101
760 1513 766 1495 832 1519 826 1537 helicopter 0.1006
