823 1107 848 1102 861 1157 836 1163 small-vehicle 0.4309
583 961 578 938 637 925 642 948 small-vehicle 0.3594
873 1093 897 1086 916 1147 892 1154 small-vehicle 0.3331
591 990 586 966 641 954 646 978 small-vehicle 0.3276
792 1118 817 1112 831 1171 807 1177 small-vehicle 0.3238
901 1084 929 1077 944 1138 916 1145 small-vehicle 0.2793
592 1017 590 993 646 987 648 1012 small-vehicle 0.2782
632 886 628 862 691 853 695 876 small-vehicle 0.2680
624 863 617 839 680 822 687 845 small-vehicle 0.2369
529 759 526 735 588 728 591 752 small-vehicle 0.2341
537 792 531 767 589 753 595 778 small-vehicle 0.2316
622 832 616 810 678 794 684 816 small-vehicle 0.2292
613 806 605 784 664 763 672 786 small-vehicle 0.2241
603 1052 596 1029 654 1012 661 1034 small-vehicle 0.2213
560 595 557 571 616 563 620 587 small-vehicle 0.2152
654 1152 681 1147 692 1208 665 1213 small-vehicle 0.2113
762 1120 784 1113 804 1181 783 1188 small-vehicle 0.2104
564 1171 590 1164 612 1239 586 1246 small-vehicle 0.2102
657 1010 650 984 715 965 723 991 small-vehicle 0.2064
669 1038 663 1011 725 996 731 1022 small-vehicle 0.2034
593 1165 617 1158 637 1223 613 1230 small-vehicle 0.2032
640 918 636 892 697 883 700 909 small-vehicle 0.2028
623 1157 646 1151 665 1217 642 1223 small-vehicle 0.1976
602 772 597 750 660 737 664 760 small-vehicle 0.1947
732 1129 755 1120 782 1191 759 1199 small-vehicle 0.1926
320 644 311 619 376 596 385 621 small-vehicle 0.1922
507 1189 531 1180 555 1246 531 1255 small-vehicle 0.1918
841 1100 865 1093 883 1150 859 1158 small-vehicle 0.1915
648 973 644 948 709 937 713 962 small-vehicle 0.1832
365 237 380 237 380 266 365 266 small-vehicle 0.1815
570 931 567 907 629 900 632 924 small-vehicle 0.1745
482 1200 505 1193 522 1252 499 1259 small-vehicle 0.1712
547 820 543 796 602 787 605 811 small-vehicle 0.1684
551 565 548 538 611 532 614 559 small-vehicle 0.1670
334 234 350 232 354 261 338 263 small-vehicle 0.1647
453 1198 479 1195 487 1260 462 1264 small-vehicle 0.1637
307 608 302 581 379 566 385 593 small-vehicle 0.1572
317 572 312 554 376 538 380 556 small-vehicle 0.1557
592 744 589 719 652 712 655 737 small-vehicle 0.1541
283 445 276 429 327 406 334 422 small-vehicle 0.1437
309 244 323 239 333 268 318 273 small-vehicle 0.1423
321 671 314 646 388 627 394 652 small-vehicle 0.1302
556 873 554 851 615 846 617 868 small-vehicle 0.1227
737 715 758 705 773 736 752 746 small-vehicle 0.1209
284 488 281 469 344 462 346 482 small-vehicle 0.1136
499 648 491 626 555 605 562 628 small-vehicle 0.1096
283 249 297 241 312 268 298 276 small-vehicle 0.1048
657 1010 650 984 715 965 723 991 large-vehicle 0.6417
321 671 314 646 388 627 394 652 large-vehicle 0.6292
624 863 617 839 680 822 687 845 large-vehicle 0.6026
312 643 305 620 380 599 386 623 large-vehicle 0.5994
311 610 303 583 379 560 387 587 large-vehicle 0.5899
651 974 646 950 710 936 715 960 large-vehicle 0.5848
764 1120 783 1114 803 1183 784 1188 large-vehicle 0.5539
604 773 598 750 657 735 663 759 large-vehicle 0.5504
560 595 557 571 616 563 620 587 large-vehicle 0.5493
613 801 608 777 666 766 670 791 large-vehicle 0.5484
671 1039 664 1013 726 998 733 1024 large-vehicle 0.5427
529 760 526 738 588 728 591 751 large-vehicle 0.5342
633 889 627 866 683 851 689 874 large-vehicle 0.5313
567 1172 590 1166 608 1234 585 1240 large-vehicle 0.5307
312 575 306 554 380 536 386 557 large-vehicle 0.5129
510 1191 534 1184 555 1251 531 1259 large-vehicle 0.5125
596 1164 617 1158 635 1227 615 1233 large-vehicle 0.5090
624 833 618 810 677 795 683 818 large-vehicle 0.5057
738 1131 756 1126 774 1187 756 1193 large-vehicle 0.5036
537 792 531 767 589 753 595 778 large-vehicle 0.4969
593 739 593 715 654 713 655 738 large-vehicle 0.4900
898 1085 924 1076 945 1136 919 1145 large-vehicle 0.4733
551 565 548 538 611 532 614 559 large-vehicle 0.4631
547 820 543 796 602 787 605 811 large-vehicle 0.4506
556 873 554 851 615 846 617 868 large-vehicle 0.4495
873 1093 897 1086 916 1147 892 1154 large-vehicle 0.4484
625 1157 648 1151 664 1216 641 1221 large-vehicle 0.4305
603 1058 593 1038 658 1009 667 1029 large-vehicle 0.4257
653 1148 677 1143 693 1211 670 1217 large-vehicle 0.4255
583 961 578 938 637 925 642 948 large-vehicle 0.4251
591 990 586 966 641 954 646 978 large-vehicle 0.4184
640 918 636 892 697 883 700 909 large-vehicle 0.4127
484 1196 506 1191 521 1253 499 1258 large-vehicle 0.4059
593 1017 590 993 647 985 650 1010 large-vehicle 0.4019
454 1200 478 1196 490 1260 465 1265 large-vehicle 0.3921
499 648 491 626 555 605 562 628 large-vehicle 0.3887
570 931 567 907 629 900 632 924 large-vehicle 0.3829
791 1117 814 1110 834 1171 811 1179 large-vehicle 0.3695
284 488 282 467 344 461 346 482 large-vehicle 0.3327
611 1079 607 1061 664 1049 668 1068 large-vehicle 0.3189
824 1108 848 1103 860 1159 836 1163 large-vehicle 0.3077
507 676 502 653 565 640 570 663 large-vehicle 0.3048
484 584 480 564 536 553 540 574 large-vehicle 0.2758
476 552 472 530 533 520 536 541 large-vehicle 0.2606
428 396 419 363 551 328 560 362 large-vehicle 0.2129
277 467 273 446 338 435 342 456 large-vehicle 0.1521
841 1100 865 1093 883 1150 859 1158 large-vehicle 0.1445
898 984 892 950 1023 925 1029 960 large-vehicle 0.1309
304 554 296 530 362 510 369 534 large-vehicle 0.1082
291 342 309 323 350 363 332 382 large-vehicle 0.1052
284 521 279 494 349 480 354 507 large-vehicle 0.1002
623 1158 647 1151 664 1215 640 1221 ship 0.2037
593 1165 617 1158 637 1223 613 1230 ship 0.1615
654 1149 678 1143 693 1205 669 1211 ship 0.1598
762 1120 784 1113 804 1181 783 1188 ship 0.1473
484 1196 506 1191 521 1253 499 1258 ship 0.1457
510 1190 534 1183 554 1252 529 1259 ship 0.1326
795 1114 819 1109 831 1172 807 1177 ship 0.1318
824 1108 848 1103 860 1159 836 1163 ship 0.1048
594 1168 616 1161 635 1224 614 1231 helicopter 0.1017
