148 1326 133 1297 188 1268 203 1298 plane 0.1005
461 593 484 581 510 635 488 646 small-vehicle 0.5004
436 600 460 589 486 649 463 660 small-vehicle 0.4938
270 470 255 452 291 420 306 438 small-vehicle 0.4761
1518 522 1541 520 1547 583 1523 585 small-vehicle 0.4606
1467 849 1453 831 1504 789 1519 807 small-vehicle 0.4507
1526 766 1508 748 1559 700 1577 719 small-vehicle 0.4311
517 562 540 554 562 614 539 623 small-vehicle 0.4166
1265 513 1283 490 1343 538 1325 561 small-vehicle 0.4010
547 1418 537 1390 604 1368 613 1396 small-vehicle 0.3725
1471 976 1469 952 1540 946 1542 970 small-vehicle 0.3714
634 1347 648 1332 687 1369 674 1383 small-vehicle 0.3696
1423 1024 1447 1021 1456 1087 1432 1091 small-vehicle 0.3691
665 1333 679 1320 718 1360 704 1374 small-vehicle 0.3679
316 433 304 418 335 394 347 410 small-vehicle 0.3633
1381 1043 1406 1041 1410 1104 1386 1106 small-vehicle 0.3605
934 205 938 184 981 190 978 212 small-vehicle 0.3578
1484 865 1472 847 1530 811 1542 829 small-vehicle 0.3515
1622 715 1625 695 1675 702 1672 722 small-vehicle 0.3488
360 408 348 392 382 365 394 380 small-vehicle 0.3476
1626 618 1624 597 1677 591 1679 612 small-vehicle 0.3466
1485 513 1509 509 1519 580 1494 583 small-vehicle 0.3466
989 205 989 182 1038 182 1038 206 small-vehicle 0.3454
1452 688 1441 673 1496 631 1507 646 small-vehicle 0.3333
1640 431 1658 442 1634 480 1617 468 small-vehicle 0.3258
691 1323 705 1305 750 1340 736 1358 small-vehicle 0.3107
1523 873 1542 892 1491 946 1472 927 small-vehicle 0.3077
1629 685 1631 662 1679 666 1678 689 small-vehicle 0.3071
173 531 161 512 198 487 210 506 small-vehicle 0.3024
1625 586 1625 564 1675 562 1676 585 small-vehicle 0.3006
1463 711 1451 693 1514 648 1527 665 small-vehicle 0.2998
548 554 572 547 589 601 565 609 small-vehicle 0.2923
1605 557 1606 537 1660 538 1659 558 small-vehicle 0.2846
1311 943 1327 926 1387 983 1371 1000 small-vehicle 0.2802
1527 332 1550 348 1501 418 1479 402 small-vehicle 0.2801
399 379 388 359 430 337 440 357 small-vehicle 0.2717
1581 369 1599 385 1546 448 1528 432 small-vehicle 0.2717
1321 282 1349 287 1336 358 1308 353 small-vehicle 0.2700
1286 1261 1279 1242 1336 1220 1343 1239 small-vehicle 0.2693
1453 519 1481 516 1490 592 1462 596 small-vehicle 0.2550
1197 1301 1188 1275 1268 1247 1277 1272 small-vehicle 0.2545
1482 1049 1483 1026 1555 1030 1554 1052 small-vehicle 0.2391
1305 979 1322 963 1377 1019 1360 1036 small-vehicle 0.2386
41 526 32 509 66 489 76 505 small-vehicle 0.2361
723 502 741 495 754 530 736 536 small-vehicle 0.2348
1611 639 1614 614 1687 621 1684 647 small-vehicle 0.2335
27 412 46 409 53 448 34 451 small-vehicle 0.2325
1614 796 1613 771 1658 769 1659 794 small-vehicle 0.2309
1475 911 1461 893 1525 844 1539 863 small-vehicle 0.2263
1500 687 1519 704 1462 764 1444 746 small-vehicle 0.2121
1474 1024 1475 999 1548 1003 1546 1027 small-vehicle 0.2116
451 276 444 259 481 244 488 261 small-vehicle 0.2106
1472 1102 1474 1081 1532 1089 1529 1109 small-vehicle 0.2054
1292 1283 1287 1263 1344 1246 1350 1266 small-vehicle 0.2054
1314 872 1326 854 1400 902 1387 921 small-vehicle 0.2044
1308 774 1318 754 1385 788 1376 808 small-vehicle 0.2002
-3 436 8 426 35 457 23 468 small-vehicle 0.1997
915 458 901 418 981 390 994 431 small-vehicle 0.1983
162 704 196 696 211 764 178 772 small-vehicle 0.1978
1284 636 1297 614 1370 655 1357 678 small-vehicle 0.1951
1309 802 1322 785 1386 831 1374 849 small-vehicle 0.1925
1424 526 1449 523 1458 598 1433 601 small-vehicle 0.1911
1482 1000 1481 979 1548 976 1549 997 small-vehicle 0.1897
18 522 31 535 4 562 -8 549 small-vehicle 0.1850
1288 703 1300 681 1376 723 1364 745 small-vehicle 0.1841
883 202 890 181 933 194 927 215 small-vehicle 0.1820
1265 556 1279 535 1356 586 1342 607 small-vehicle 0.1744
1272 1231 1264 1211 1328 1184 1337 1204 small-vehicle 0.1679
1518 1077 1524 1058 1594 1080 1588 1099 small-vehicle 0.1675
1307 1321 1297 1303 1357 1268 1367 1286 small-vehicle 0.1623
398 132 407 117 434 134 424 149 small-vehicle 0.1614
768 266 791 250 842 321 819 338 small-vehicle 0.1567
1673 747 1676 729 1706 734 1702 753 small-vehicle 0.1541
734 275 758 257 812 331 788 348 small-vehicle 0.1517
1532 1411 1541 1397 1566 1415 1557 1428 small-vehicle 0.1510
284 524 265 495 354 436 373 465 small-vehicle 0.1487
30 213 50 201 82 255 62 267 small-vehicle 0.1479
-19 453 -4 442 19 475 4 486 small-vehicle 0.1472
374 76 388 65 410 95 396 106 small-vehicle 0.1339
936 69 938 47 984 52 982 73 small-vehicle 0.1273
853 188 881 189 878 239 850 237 small-vehicle 0.1249
801 258 822 242 878 314 857 330 small-vehicle 0.1196
493 573 519 564 540 623 514 632 small-vehicle 0.1132
161 609 143 584 261 495 280 519 small-vehicle 0.1128
861 235 882 218 952 306 931 323 small-vehicle 0.1126
1254 956 1285 951 1298 1031 1267 1035 small-vehicle 0.1118
890 1235 907 1223 939 1270 921 1282 small-vehicle 0.1113
841 244 863 232 910 317 889 329 small-vehicle 0.1079
647 82 640 65 673 50 680 67 small-vehicle 0.1052
1035 10 1042 -3 1068 7 1062 22 small-vehicle 0.1027
771 444 757 408 921 340 936 376 small-vehicle 0.1006
954 232 978 220 1024 313 1001 325 small-vehicle 0.1005
505 529 490 494 670 415 685 450 large-vehicle 0.7871
356 585 342 555 493 487 507 518 large-vehicle 0.7305
776 437 763 404 914 343 927 376 large-vehicle 0.7021
861 235 882 218 952 306 931 323 large-vehicle 0.6960
1474 1024 1475 999 1548 1003 1546 1027 large-vehicle 0.6629
768 261 789 247 843 322 822 337 large-vehicle 0.6621
1200 834 1233 830 1252 991 1220 995 large-vehicle 0.6577
161 609 143 584 261 495 280 519 large-vehicle 0.6404
1310 875 1320 856 1401 899 1391 919 large-vehicle 0.6386
1285 703 1295 681 1375 720 1365 742 large-vehicle 0.6369
801 258 822 242 878 314 857 330 large-vehicle 0.6367
834 254 853 238 915 309 896 325 large-vehicle 0.6291
1423 525 1450 522 1458 601 1431 604 large-vehicle 0.6023
1482 1000 1481 979 1548 976 1549 997 large-vehicle 0.6018
1309 802 1322 785 1386 831 1374 849 large-vehicle 0.5985
1481 1049 1482 1027 1555 1030 1554 1053 large-vehicle 0.5971
734 275 758 257 812 331 788 348 large-vehicle 0.5928
1308 770 1320 752 1386 796 1373 814 large-vehicle 0.5907
1455 520 1481 517 1490 590 1464 593 large-vehicle 0.5880
1472 971 1474 945 1541 950 1539 976 large-vehicle 0.5799
1289 638 1302 616 1371 655 1359 677 large-vehicle 0.5780
1576 368 1596 382 1550 448 1530 434 large-vehicle 0.5505
1530 331 1552 349 1499 418 1477 400 large-vehicle 0.5406
1472 1102 1474 1081 1532 1089 1529 1109 large-vehicle 0.5324
1458 767 1438 744 1547 645 1567 668 large-vehicle 0.5269
281 574 264 547 399 460 416 487 large-vehicle 0.5260
1311 943 1327 926 1387 983 1371 1000 large-vehicle 0.5203
1485 513 1509 510 1518 580 1494 583 large-vehicle 0.5185
1485 947 1469 928 1523 882 1539 901 large-vehicle 0.5164
287 520 268 491 359 434 377 463 large-vehicle 0.5107
917 456 908 426 985 402 994 432 large-vehicle 0.5076
212 719 203 689 338 648 347 677 large-vehicle 0.4958
947 243 970 227 1024 304 1002 320 large-vehicle 0.4865
1518 1077 1524 1058 1594 1080 1588 1099 large-vehicle 0.4856
1307 981 1324 964 1380 1021 1363 1038 large-vehicle 0.4733
1481 907 1467 889 1527 841 1541 858 large-vehicle 0.4721
1268 565 1279 542 1355 580 1343 603 large-vehicle 0.4708
1203 1304 1191 1280 1265 1242 1278 1267 large-vehicle 0.4308
1484 865 1472 847 1530 811 1542 829 large-vehicle 0.4276
1511 644 1527 658 1471 717 1456 702 large-vehicle 0.4092
1425 1022 1449 1021 1452 1092 1429 1093 large-vehicle 0.4080
607 310 625 293 697 370 679 387 large-vehicle 0.3970
1452 688 1441 673 1496 631 1507 646 large-vehicle 0.3950
545 1420 536 1391 606 1370 615 1400 large-vehicle 0.3885
1558 702 1576 719 1530 765 1513 747 large-vehicle 0.3797
431 503 415 475 499 428 515 456 large-vehicle 0.3771
1382 1044 1406 1042 1410 1106 1386 1107 large-vehicle 0.3770
1286 1261 1279 1242 1336 1220 1343 1239 large-vehicle 0.3705
1467 849 1453 831 1504 789 1519 807 large-vehicle 0.3690
533 463 516 439 626 360 643 384 large-vehicle 0.3631
1518 522 1541 520 1547 583 1523 585 large-vehicle 0.3602
1604 558 1604 537 1659 537 1659 558 large-vehicle 0.3555
961 552 946 518 1069 464 1084 499 large-vehicle 0.3469
693 284 714 275 748 351 727 360 large-vehicle 0.3337
517 562 540 554 562 614 539 623 large-vehicle 0.3297
722 279 742 269 778 342 759 352 large-vehicle 0.3255
1611 639 1614 614 1687 621 1684 647 large-vehicle 0.3235
1256 953 1288 950 1296 1027 1263 1030 large-vehicle 0.3212
1294 1291 1284 1274 1340 1243 1350 1260 large-vehicle 0.3036
231 757 218 731 352 666 365 693 large-vehicle 0.2905
185 623 171 594 265 547 280 576 large-vehicle 0.2792
1262 518 1277 496 1348 542 1333 564 large-vehicle 0.2785
1272 1231 1264 1211 1328 1184 1337 1204 large-vehicle 0.2740
639 284 661 270 718 356 696 371 large-vehicle 0.2723
663 1336 677 1320 722 1359 707 1375 large-vehicle 0.2624
1321 282 1349 287 1336 358 1308 353 large-vehicle 0.2572
634 1347 648 1332 687 1369 674 1383 large-vehicle 0.2509
982 629 970 595 1101 549 1113 584 large-vehicle 0.2497
401 384 421 370 465 432 445 446 large-vehicle 0.2494
365 380 388 366 442 457 419 471 large-vehicle 0.2424
586 316 611 299 666 381 641 398 large-vehicle 0.2339
691 1323 705 1305 750 1340 736 1358 large-vehicle 0.2328
548 554 572 547 589 601 565 609 large-vehicle 0.2303
936 246 956 240 983 317 963 324 large-vehicle 0.2295
1023 252 1047 232 1103 299 1078 319 large-vehicle 0.2113
890 1235 907 1223 939 1270 921 1282 large-vehicle 0.2113
1337 1049 1364 1048 1370 1149 1343 1150 large-vehicle 0.2094
885 222 905 209 966 302 946 315 large-vehicle 0.2066
1437 630 1439 604 1520 612 1518 638 large-vehicle 0.2034
1225 760 1254 755 1278 891 1250 896 large-vehicle 0.2030
158 711 189 698 215 761 184 773 large-vehicle 0.1956
436 600 460 589 486 649 463 660 large-vehicle 0.1829
1306 1319 1296 1302 1353 1269 1363 1286 large-vehicle 0.1824
461 593 484 581 510 635 488 646 large-vehicle 0.1799
994 249 1019 234 1059 301 1034 317 large-vehicle 0.1799
579 447 572 420 666 395 673 423 large-vehicle 0.1634
473 361 495 347 535 414 513 427 large-vehicle 0.1484
1622 715 1625 695 1675 702 1672 722 large-vehicle 0.1462
401 379 389 361 428 336 440 354 large-vehicle 0.1426
1626 618 1624 597 1677 591 1679 612 large-vehicle 0.1392
833 1258 849 1244 887 1290 871 1304 large-vehicle 0.1390
1622 584 1623 562 1675 565 1674 587 large-vehicle 0.1346
30 214 49 202 82 254 63 266 large-vehicle 0.1313
1629 685 1631 662 1679 666 1678 689 large-vehicle 0.1298
1550 347 1570 362 1521 425 1501 410 large-vehicle 0.1295
-1 305 -12 286 44 252 55 270 large-vehicle 0.1274
418 367 443 352 489 426 464 442 large-vehicle 0.1157
1614 796 1613 771 1658 769 1659 794 large-vehicle 0.1110
814 1270 829 1263 848 1303 834 1310 large-vehicle 0.1059
1493 13 1520 -28 1691 85 1663 126 large-vehicle 0.1024
1292 1289 1283 1273 1340 1242 1349 1259 ship 0.1998
1265 556 1279 535 1356 586 1342 607 ship 0.1997
1306 1319 1296 1302 1353 1269 1363 1286 ship 0.1859
665 1333 679 1320 718 1360 704 1374 ship 0.1749
1382 1044 1406 1042 1410 1106 1386 1107 ship 0.1570
1304 975 1322 960 1377 1022 1360 1037 ship 0.1555
1481 907 1467 889 1527 841 1541 858 ship 0.1493
1712 1126 1712 1112 1753 1111 1753 1125 ship 0.1484
1310 942 1329 925 1387 987 1369 1004 ship 0.1475
835 1257 850 1245 886 1290 870 1303 ship 0.1475
890 1235 907 1223 939 1270 921 1282 ship 0.1439
1309 802 1322 785 1386 831 1374 849 ship 0.1410
1282 1258 1277 1236 1335 1221 1340 1243 ship 0.1380
1469 702 1459 685 1523 644 1534 661 ship 0.1355
638 1347 651 1334 688 1373 674 1386 ship 0.1336
1550 637 1570 656 1472 757 1452 738 ship 0.1335
1484 865 1472 847 1530 811 1542 829 ship 0.1311
-5 432 10 422 33 460 18 470 ship 0.1276
1575 364 1598 378 1554 448 1532 434 ship 0.1252
1531 328 1554 347 1499 416 1475 398 ship 0.1249
1485 947 1469 928 1523 882 1539 901 ship 0.1221
1485 513 1509 510 1518 580 1494 583 ship 0.1210
1425 1025 1449 1023 1452 1091 1429 1093 ship 0.1202
548 1421 537 1388 607 1364 618 1396 ship 0.1190
1313 876 1323 857 1400 901 1389 920 ship 0.1186
1199 1302 1189 1276 1267 1244 1277 1270 ship 0.1177
691 1323 705 1305 750 1340 736 1358 ship 0.1138
1457 520 1480 518 1486 588 1463 590 ship 0.1138
1522 1077 1528 1060 1595 1083 1589 1100 ship 0.1109
1264 513 1282 491 1345 540 1327 562 ship 0.1085
814 1270 829 1263 848 1303 834 1310 ship 0.1073
1452 688 1441 673 1496 631 1507 646 ship 0.1009
-19 453 -4 442 19 475 4 486 ship 0.1003
1321 282 1349 287 1336 358 1308 353 ship 0.1001
1752 662 1784 663 1784 698 1752 698 storage-tank 0.3612
1485 511 1509 508 1519 583 1494 586 helicopter 0.1342
1454 519 1481 516 1489 589 1462 592 helicopter 0.1129
28 1069 23 1030 90 1021 95 1061 helicopter 0.1107
