258 367 272 359 292 393 278 401 small-vehicle 0.6912
278 353 294 344 313 380 297 389 small-vehicle 0.6687
223 386 238 378 255 414 240 422 small-vehicle 0.6469
172 415 189 406 207 442 191 450 small-vehicle 0.6292
331 324 345 316 362 348 347 356 small-vehicle 0.6147
309 329 324 322 339 355 324 362 small-vehicle 0.5571
293 457 309 449 324 483 308 491 small-vehicle 0.5506
67 487 58 472 90 452 99 468 small-vehicle 0.5392
271 468 291 460 307 496 288 505 small-vehicle 0.5311
576 763 594 751 620 792 602 804 small-vehicle 0.4145
849 949 866 940 895 990 879 1000 small-vehicle 0.3417
682 921 668 897 721 865 736 889 small-vehicle 0.2543
564 751 550 729 596 698 611 720 small-vehicle 0.2387
731 1001 715 980 771 938 787 959 small-vehicle 0.2381
701 946 686 922 741 888 756 912 small-vehicle 0.2377
625 850 610 828 680 781 695 803 small-vehicle 0.2223
603 508 627 493 667 558 643 573 small-vehicle 0.2159
745 1024 731 998 789 967 803 993 small-vehicle 0.2149
226 836 215 813 284 781 295 804 small-vehicle 0.2109
663 897 649 873 707 839 721 863 small-vehicle 0.2021
645 872 632 848 703 811 716 835 small-vehicle 0.1955
853 935 878 916 925 975 900 995 small-vehicle 0.1851
714 972 700 947 761 913 775 939 small-vehicle 0.1844
422 601 406 578 480 529 495 552 small-vehicle 0.1813
398 737 387 716 445 685 456 706 small-vehicle 0.1798
653 595 675 581 717 649 695 663 small-vehicle 0.1737
543 509 560 491 626 552 609 570 small-vehicle 0.1715
352 683 338 657 437 605 450 631 small-vehicle 0.1659
740 873 760 857 812 923 792 939 small-vehicle 0.1651
700 797 724 784 764 858 739 871 small-vehicle 0.1644
711 697 737 679 785 747 759 765 small-vehicle 0.1618
508 569 533 557 571 634 546 646 small-vehicle 0.1607
352 731 339 709 423 660 436 683 small-vehicle 0.1601
647 713 671 697 716 767 693 783 small-vehicle 0.1598
741 790 763 777 806 851 784 864 small-vehicle 0.1572
104 800 89 774 170 726 185 752 small-vehicle 0.1561
457 701 444 678 524 631 538 654 small-vehicle 0.1551
761 771 788 753 834 819 807 838 small-vehicle 0.1540
798 1087 784 1070 826 1036 840 1053 small-vehicle 0.1539
120 867 108 844 186 803 198 827 small-vehicle 0.1530
592 735 614 721 655 781 634 796 small-vehicle 0.1494
342 652 325 627 408 569 425 594 small-vehicle 0.1472
192 787 177 763 252 716 267 740 small-vehicle 0.1463
807 841 831 826 880 901 856 917 small-vehicle 0.1442
786 867 807 855 853 929 832 942 small-vehicle 0.1418
255 704 239 680 338 617 353 641 small-vehicle 0.1403
618 723 641 711 673 773 650 785 small-vehicle 0.1394
793 957 815 940 863 1004 841 1021 small-vehicle 0.1390
689 703 713 688 761 763 736 779 small-vehicle 0.1390
182 742 171 715 244 685 255 711 small-vehicle 0.1383
904 1018 893 999 937 973 948 992 small-vehicle 0.1374
533 701 521 674 601 637 613 664 small-vehicle 0.1343
436 634 423 610 505 565 518 589 small-vehicle 0.1334
111 834 98 812 172 769 185 791 small-vehicle 0.1326
601 640 622 624 671 688 650 704 small-vehicle 0.1246
283 734 266 711 335 661 352 684 small-vehicle 0.1238
200 820 188 798 263 760 274 783 small-vehicle 0.1236
255 473 276 466 289 503 268 511 small-vehicle 0.1144
438 675 426 652 505 607 518 630 small-vehicle 0.1143
361 425 374 419 385 444 373 449 small-vehicle 0.1096
558 561 582 548 618 614 595 627 small-vehicle 0.1093
436 677 423 656 508 604 521 625 large-vehicle 0.8636
629 848 613 824 680 778 696 802 large-vehicle 0.8383
647 713 671 697 716 767 693 783 large-vehicle 0.8350
200 819 189 796 265 758 276 781 large-vehicle 0.8178
536 697 525 670 603 637 614 664 large-vehicle 0.8093
189 782 177 758 256 719 268 743 large-vehicle 0.8049
119 866 107 843 182 804 194 827 large-vehicle 0.8000
436 634 423 610 505 565 518 589 large-vehicle 0.7982
686 702 712 687 759 773 733 787 large-vehicle 0.7927
457 697 446 673 526 636 538 659 large-vehicle 0.7925
600 510 623 497 661 562 639 575 large-vehicle 0.7851
543 502 560 486 624 554 606 570 large-vehicle 0.7846
352 683 338 657 437 605 450 631 large-vehicle 0.7840
111 838 96 815 172 767 187 790 large-vehicle 0.7810
422 603 407 580 482 532 497 555 large-vehicle 0.7787
652 869 639 846 703 810 715 833 large-vehicle 0.7779
788 863 812 851 853 936 829 947 large-vehicle 0.7754
653 595 675 581 717 649 695 663 large-vehicle 0.7648
105 798 91 773 173 727 187 752 large-vehicle 0.7583
352 731 339 709 423 660 436 683 large-vehicle 0.7582
740 873 760 857 812 923 792 939 large-vehicle 0.7565
508 574 533 560 572 631 547 645 large-vehicle 0.7541
683 918 668 895 719 862 734 886 large-vehicle 0.7500
741 790 763 777 806 851 784 864 large-vehicle 0.7448
276 732 262 709 338 663 352 687 large-vehicle 0.7447
220 847 206 824 284 779 297 802 large-vehicle 0.7306
638 625 660 612 709 691 687 704 large-vehicle 0.7282
730 998 715 975 775 938 789 961 large-vehicle 0.7270
693 791 718 774 769 852 743 869 large-vehicle 0.7265
715 972 701 950 759 914 773 936 large-vehicle 0.7245
255 704 239 680 338 617 353 641 large-vehicle 0.7215
337 648 324 624 404 581 417 605 large-vehicle 0.7171
666 892 654 868 711 841 722 864 large-vehicle 0.7148
601 640 622 624 671 688 650 704 large-vehicle 0.7133
698 945 685 922 742 890 755 912 large-vehicle 0.7105
759 768 784 752 838 831 814 848 large-vehicle 0.7099
185 743 173 718 244 681 257 706 large-vehicle 0.7023
713 694 735 679 783 747 761 762 large-vehicle 0.6995
617 725 638 711 681 776 660 790 large-vehicle 0.6816
806 842 830 828 873 901 849 915 large-vehicle 0.6791
747 1024 732 1000 788 967 802 991 large-vehicle 0.6653
793 950 816 936 859 1007 835 1021 large-vehicle 0.6648
592 735 612 720 657 781 636 796 large-vehicle 0.6482
559 559 583 545 620 611 595 624 large-vehicle 0.6201
855 930 880 914 920 975 895 991 large-vehicle 0.6108
849 949 866 940 895 990 879 1000 large-vehicle 0.5667
398 737 387 716 445 685 456 706 large-vehicle 0.4122
565 749 554 726 602 704 612 727 large-vehicle 0.3157
578 764 597 753 621 794 602 805 large-vehicle 0.2219
314 712 330 728 288 771 272 756 large-vehicle 0.1476
900 1016 891 995 938 972 948 993 large-vehicle 0.1112
67 487 58 472 90 452 99 468 large-vehicle 0.1013
603 508 627 493 667 558 643 573 ship 0.1048
