306 542 324 534 339 572 321 579 small-vehicle 0.4739
378 613 367 594 411 568 422 588 small-vehicle 0.4433
827 760 829 741 868 744 867 763 small-vehicle 0.4188
364 861 382 854 397 894 378 901 small-vehicle 0.3695
129 1328 145 1321 163 1359 146 1367 small-vehicle 0.3640
480 596 496 588 514 626 498 633 small-vehicle 0.3587
562 631 578 623 599 663 582 671 small-vehicle 0.3584
154 633 169 624 190 659 175 668 small-vehicle 0.3508
496 720 515 715 526 753 508 759 small-vehicle 0.3467
270 564 286 557 302 593 286 600 small-vehicle 0.3465
559 676 574 666 599 703 583 714 small-vehicle 0.3442
133 643 149 633 172 668 156 678 small-vehicle 0.3441
447 821 466 812 485 854 466 862 small-vehicle 0.3423
724 199 713 183 752 156 763 172 small-vehicle 0.3398
569 560 584 550 608 588 593 598 small-vehicle 0.3179
884 33 901 41 884 80 866 72 small-vehicle 0.3164
636 862 651 853 672 887 657 896 small-vehicle 0.3097
177 622 192 614 211 647 196 655 small-vehicle 0.3009
637 778 653 768 675 802 660 812 small-vehicle 0.3004
515 715 532 708 547 745 529 752 small-vehicle 0.2991
235 585 249 580 260 612 246 616 small-vehicle 0.2983
588 673 603 666 618 699 604 706 small-vehicle 0.2976
590 766 604 755 629 789 615 800 small-vehicle 0.2908
452 618 466 610 482 640 469 647 small-vehicle 0.2902
453 532 471 534 468 580 450 579 small-vehicle 0.2889
593 628 606 618 629 649 615 659 small-vehicle 0.2883
516 1184 541 1178 556 1244 532 1250 small-vehicle 0.2862
672 197 664 180 699 163 707 181 small-vehicle 0.2860
835 792 832 773 877 765 880 784 small-vehicle 0.2788
336 1112 329 1096 368 1078 376 1094 small-vehicle 0.2778
382 409 404 411 399 457 377 454 small-vehicle 0.2750
339 606 356 605 360 643 342 645 small-vehicle 0.2726
919 -1 931 7 910 35 898 26 small-vehicle 0.2697
299 703 317 694 339 736 322 745 small-vehicle 0.2558
651 522 679 515 698 584 670 592 small-vehicle 0.2556
501 588 517 583 531 622 515 628 small-vehicle 0.2553
517 797 531 790 547 820 534 828 small-vehicle 0.2522
381 655 394 646 415 675 403 684 small-vehicle 0.2497
702 836 719 828 737 866 721 874 small-vehicle 0.2465
678 846 693 838 710 871 695 879 small-vehicle 0.2460
892 928 891 901 968 899 969 926 small-vehicle 0.2437
265 651 283 654 276 694 257 691 small-vehicle 0.2436
33 1361 50 1352 69 1387 52 1397 small-vehicle 0.2424
485 823 499 816 513 846 499 852 small-vehicle 0.2417
425 561 442 560 444 595 427 596 small-vehicle 0.2397
538 571 552 562 575 600 561 608 small-vehicle 0.2388
517 581 531 574 550 611 536 618 small-vehicle 0.2363
626 1007 649 996 680 1061 657 1072 small-vehicle 0.2358
553 308 580 312 569 373 543 369 small-vehicle 0.2348
211 600 225 591 244 621 230 629 small-vehicle 0.2254
402 641 418 634 433 667 416 674 small-vehicle 0.2252
614 796 629 792 637 823 623 827 small-vehicle 0.2248
74 1231 90 1225 106 1264 90 1271 small-vehicle 0.2185
533 499 549 491 571 533 555 541 small-vehicle 0.2185
540 796 555 787 573 820 558 828 small-vehicle 0.2181
670 837 665 820 699 809 705 825 small-vehicle 0.2164
3 1386 18 1378 34 1408 20 1416 small-vehicle 0.2150
504 816 519 807 537 838 522 847 small-vehicle 0.2104
290 639 307 639 305 678 289 677 small-vehicle 0.2098
918 989 916 964 991 958 993 984 small-vehicle 0.2085
61 1335 76 1324 105 1363 90 1374 small-vehicle 0.2075
912 963 908 937 979 924 983 950 small-vehicle 0.2066
314 631 330 629 333 663 317 664 small-vehicle 0.2057
27 1152 41 1145 55 1174 42 1181 small-vehicle 0.2044
834 821 833 797 918 796 918 820 small-vehicle 0.2002
308 455 325 455 325 493 308 493 small-vehicle 0.1941
48 1352 62 1341 90 1375 75 1386 small-vehicle 0.1929
326 704 342 687 392 734 375 751 small-vehicle 0.1922
140 1398 155 1390 175 1427 160 1435 small-vehicle 0.1899
426 628 441 620 458 653 443 661 small-vehicle 0.1885
417 478 429 471 450 506 438 513 small-vehicle 0.1881
486 349 505 354 494 394 474 388 small-vehicle 0.1857
856 854 852 828 931 815 935 841 small-vehicle 0.1830
430 1097 456 1087 484 1162 457 1172 small-vehicle 0.1807
12 1472 25 1463 47 1497 33 1506 small-vehicle 0.1793
74 315 92 307 112 346 93 355 small-vehicle 0.1790
99 1277 115 1271 127 1303 111 1308 small-vehicle 0.1788
459 701 479 692 508 755 488 764 small-vehicle 0.1784
871 883 868 857 936 850 938 877 small-vehicle 0.1782
737 950 764 940 789 1006 761 1016 small-vehicle 0.1759
657 852 672 846 686 879 671 886 small-vehicle 0.1747
712 957 734 950 758 1023 736 1031 small-vehicle 0.1741
677 975 703 965 730 1037 705 1047 small-vehicle 0.1733
278 472 295 470 299 505 283 507 small-vehicle 0.1727
580 486 595 491 585 518 571 514 small-vehicle 0.1715
506 1056 530 1045 565 1125 541 1136 small-vehicle 0.1709
798 927 819 919 847 989 826 997 small-vehicle 0.1706
376 639 369 622 414 603 421 620 small-vehicle 0.1697
769 1082 786 1078 795 1117 778 1121 small-vehicle 0.1626
1166 322 1187 310 1212 358 1191 369 small-vehicle 0.1601
568 1170 585 1162 603 1205 586 1212 small-vehicle 0.1595
309 877 338 874 348 960 320 963 small-vehicle 0.1577
118 1409 134 1399 157 1439 141 1448 small-vehicle 0.1546
184 754 199 743 223 774 209 786 small-vehicle 0.1528
818 1046 839 1039 863 1106 843 1113 small-vehicle 0.1512
433 711 451 702 475 751 458 760 small-vehicle 0.1504
1133 257 1149 244 1179 283 1163 295 small-vehicle 0.1474
-3 1392 12 1388 20 1420 4 1424 small-vehicle 0.1468
791 1056 815 1049 835 1120 812 1127 small-vehicle 0.1458
793 742 792 716 875 713 876 739 small-vehicle 0.1420
230 1040 252 1027 288 1088 266 1101 small-vehicle 0.1411
343 891 362 889 369 938 350 941 small-vehicle 0.1397
556 778 569 766 596 797 583 809 small-vehicle 0.1385
152 1383 168 1372 197 1414 181 1425 small-vehicle 0.1358
169 702 191 700 195 737 174 740 small-vehicle 0.1346
287 1009 312 997 349 1075 324 1087 small-vehicle 0.1339
573 1020 603 1014 620 1102 590 1108 small-vehicle 0.1333
109 564 127 565 124 604 107 603 small-vehicle 0.1285
670 404 663 387 701 370 708 388 small-vehicle 0.1279
-9 1481 5 1473 23 1509 8 1516 small-vehicle 0.1252
987 1129 981 1116 1007 1105 1013 1117 small-vehicle 0.1246
794 708 794 686 863 686 863 709 small-vehicle 0.1241
766 932 795 924 819 1003 791 1011 small-vehicle 0.1201
488 676 502 664 531 700 517 711 small-vehicle 0.1187
482 520 503 520 504 574 483 574 small-vehicle 0.1187
539 1171 559 1163 586 1226 566 1235 small-vehicle 0.1173
1156 1053 1148 1036 1194 1012 1203 1028 small-vehicle 0.1154
1153 302 1152 285 1181 283 1182 300 small-vehicle 0.1128
639 195 643 182 674 190 671 203 small-vehicle 0.1109
681 231 665 212 705 180 721 199 small-vehicle 0.1062
21 1370 37 1363 51 1393 36 1401 small-vehicle 0.1034
875 902 872 880 925 871 928 894 small-vehicle 0.1034
783 675 773 651 831 628 840 652 small-vehicle 0.1031
555 491 572 487 581 527 564 531 small-vehicle 0.1023
280 1419 267 1391 409 1326 422 1354 large-vehicle 0.6545
675 289 659 267 753 197 769 220 large-vehicle 0.5947
918 988 916 963 994 957 996 983 large-vehicle 0.5550
789 1048 816 1042 835 1121 808 1127 large-vehicle 0.4818
818 1040 841 1033 866 1107 843 1115 large-vehicle 0.4782
286 1009 306 998 345 1070 326 1081 large-vehicle 0.4735
505 1358 494 1330 628 1275 640 1303 large-vehicle 0.4641
908 961 906 936 985 928 987 953 large-vehicle 0.4393
847 1025 868 1018 891 1092 871 1098 large-vehicle 0.4390
512 1054 535 1046 564 1125 540 1133 large-vehicle 0.4305
712 957 734 950 758 1023 736 1031 large-vehicle 0.4303
854 853 851 828 927 818 930 843 large-vehicle 0.4295
892 931 890 902 976 897 978 926 large-vehicle 0.4166
309 877 338 874 348 960 320 963 large-vehicle 0.4124
287 1442 280 1412 412 1380 419 1410 large-vehicle 0.4075
677 975 703 965 730 1037 705 1047 large-vehicle 0.3950
798 920 818 913 844 987 824 994 large-vehicle 0.3867
626 1007 649 996 680 1061 657 1072 large-vehicle 0.3793
837 822 835 800 922 793 923 815 large-vehicle 0.3769
795 746 790 721 868 706 873 730 large-vehicle 0.3760
739 945 763 937 786 1003 761 1012 large-vehicle 0.3715
430 1097 456 1087 484 1162 457 1172 large-vehicle 0.3670
230 1040 252 1027 288 1088 266 1101 large-vehicle 0.3524
767 931 791 922 822 1002 797 1011 large-vehicle 0.3371
262 1025 283 1016 317 1090 295 1100 large-vehicle 0.3073
552 307 579 311 570 372 543 368 large-vehicle 0.2987
868 883 865 859 936 850 938 874 large-vehicle 0.2914
794 708 794 686 863 686 863 709 large-vehicle 0.2909
247 745 267 728 320 791 301 808 large-vehicle 0.2777
814 192 798 169 866 123 881 146 large-vehicle 0.2715
600 1010 623 1003 646 1080 623 1086 large-vehicle 0.2595
573 1020 603 1014 620 1102 590 1108 large-vehicle 0.2564
346 980 365 973 392 1047 373 1054 large-vehicle 0.2487
620 1121 641 1113 671 1191 650 1200 large-vehicle 0.2456
649 1106 675 1097 701 1175 674 1184 large-vehicle 0.2439
309 992 332 979 368 1042 344 1055 large-vehicle 0.2362
515 1179 541 1173 557 1244 531 1250 large-vehicle 0.2322
214 784 232 772 269 826 252 839 large-vehicle 0.2274
708 1086 729 1080 752 1157 731 1164 large-vehicle 0.2235
457 696 478 686 510 754 488 764 large-vehicle 0.2214
720 198 712 182 754 160 762 176 large-vehicle 0.2209
684 618 707 608 734 668 711 679 large-vehicle 0.2165
433 711 451 702 475 751 458 760 large-vehicle 0.2153
326 704 342 687 392 734 375 751 large-vehicle 0.2128
580 1118 602 1109 647 1211 625 1221 large-vehicle 0.2079
378 613 367 594 411 568 422 588 large-vehicle 0.2024
481 519 503 518 506 571 484 572 large-vehicle 0.1927
684 512 709 502 735 565 711 576 large-vehicle 0.1870
681 1097 704 1090 726 1169 704 1175 large-vehicle 0.1868
456 1070 482 1061 514 1149 488 1159 large-vehicle 0.1868
787 679 774 654 839 620 852 646 large-vehicle 0.1832
649 529 676 518 701 581 674 592 large-vehicle 0.1764
534 1167 555 1158 585 1229 564 1238 large-vehicle 0.1749
382 411 403 414 398 457 376 454 large-vehicle 0.1744
875 902 873 878 939 872 941 896 large-vehicle 0.1723
884 141 870 121 938 74 953 94 large-vehicle 0.1590
767 1080 785 1075 795 1116 777 1120 large-vehicle 0.1533
471 1064 495 1050 540 1128 516 1142 large-vehicle 0.1328
888 31 903 40 880 80 865 71 large-vehicle 0.1321
799 692 794 668 863 654 868 678 large-vehicle 0.1319
417 476 430 468 451 503 438 511 large-vehicle 0.1256
422 1204 437 1217 403 1256 388 1243 large-vehicle 0.1242
796 165 779 144 848 90 865 111 large-vehicle 0.1227
453 530 473 531 471 577 451 576 large-vehicle 0.1220
732 1068 754 1061 772 1124 751 1130 large-vehicle 0.1196
831 792 828 772 888 764 891 783 large-vehicle 0.1164
919 -1 931 7 910 35 898 26 large-vehicle 0.1127
336 1112 329 1096 368 1078 376 1094 large-vehicle 0.1119
567 1166 585 1160 603 1206 585 1212 large-vehicle 0.1101
343 891 362 889 369 938 350 941 large-vehicle 0.1061
496 720 515 715 526 753 508 759 large-vehicle 0.1010
191 512 209 514 203 560 184 558 ship 0.3880
216 505 233 506 229 554 212 553 ship 0.3473
163 530 183 534 176 579 156 576 ship 0.3044
323 699 340 683 387 732 370 749 ship 0.2962
810 190 796 166 866 125 880 148 ship 0.2950
878 144 864 122 939 73 954 95 ship 0.2800
243 743 260 726 322 789 305 805 ship 0.2721
482 521 504 522 501 577 480 576 ship 0.2229
231 1039 253 1028 288 1095 266 1106 ship 0.1945
888 31 903 40 880 80 865 71 ship 0.1899
309 877 338 874 348 960 320 963 ship 0.1716
258 1022 281 1012 316 1088 293 1099 ship 0.1686
453 530 473 531 471 577 451 576 ship 0.1671
765 1076 782 1071 795 1115 778 1120 ship 0.1655
847 1025 868 1018 891 1092 871 1098 ship 0.1573
290 639 307 639 305 678 289 677 ship 0.1563
294 705 311 692 347 736 330 749 ship 0.1540
214 784 232 772 269 826 252 839 ship 0.1530
856 854 852 828 931 815 935 841 ship 0.1428
911 961 908 936 984 927 987 952 ship 0.1410
287 1009 312 997 349 1075 324 1087 ship 0.1407
265 651 283 654 276 694 257 691 ship 0.1378
818 1046 839 1039 863 1106 843 1113 ship 0.1374
839 822 837 801 920 793 922 814 ship 0.1300
791 1056 815 1049 835 1120 812 1127 ship 0.1280
798 920 818 913 844 987 824 994 ship 0.1269
710 957 736 949 760 1026 734 1033 ship 0.1256
684 512 709 502 735 565 711 576 ship 0.1255
796 165 779 144 848 90 865 111 ship 0.1211
428 1096 453 1085 484 1162 459 1172 ship 0.1200
649 529 676 518 701 581 674 592 ship 0.1129
630 1005 653 996 680 1067 657 1076 ship 0.1109
270 564 286 557 302 593 286 600 ship 0.1100
731 1074 754 1066 774 1125 752 1133 ship 0.1095
735 947 760 937 788 1006 764 1016 ship 0.1089
918 989 916 964 991 958 993 984 ship 0.1084
154 633 169 624 190 659 175 668 ship 0.1045
13 1471 28 1463 47 1499 32 1506 ship 0.1026
767 931 791 922 822 1002 797 1011 ship 0.1004
799 188 782 161 941 67 957 95 harbor 0.1524
