307 394 330 403 311 450 288 440 small-vehicle 0.5920
284 384 307 393 288 439 266 430 small-vehicle 0.5755
856 176 864 157 904 175 896 194 small-vehicle 0.5586
156 899 160 878 204 887 199 908 small-vehicle 0.5472
96 887 102 864 151 876 145 899 small-vehicle 0.5411
664 231 666 207 713 210 711 235 small-vehicle 0.5062
911 200 919 178 975 199 968 220 small-vehicle 0.4410
320 258 345 265 326 326 302 318 small-vehicle 0.4313
553 210 571 185 629 226 612 251 small-vehicle 0.3944
368 98 393 108 372 164 347 154 small-vehicle 0.3841
26 866 30 843 92 855 87 879 small-vehicle 0.3262
751 143 759 122 826 145 818 167 small-vehicle 0.3257
259 378 280 384 266 428 246 421 small-vehicle 0.2882
619 978 640 982 634 1023 612 1020 small-vehicle 0.2864
549 1042 556 1018 623 1038 616 1061 small-vehicle 0.2833
584 322 593 298 661 324 651 348 small-vehicle 0.2577
1134 342 1162 347 1149 420 1122 416 small-vehicle 0.1953
-17 209 -13 190 21 197 17 216 small-vehicle 0.1915
1038 616 1067 626 1049 684 1020 674 small-vehicle 0.1851
491 1027 499 1005 546 1023 538 1045 small-vehicle 0.1712
334 175 361 182 346 243 318 235 small-vehicle 0.1711
491 120 522 131 490 216 460 204 small-vehicle 0.1673
1068 622 1096 629 1079 697 1051 691 small-vehicle 0.1592
702 998 722 1010 703 1043 683 1031 small-vehicle 0.1560
345 246 355 222 441 255 431 280 small-vehicle 0.1541
354 292 362 266 437 287 430 313 small-vehicle 0.1429
1109 336 1137 344 1116 417 1088 410 small-vehicle 0.1406
1137 615 1168 625 1140 710 1108 700 small-vehicle 0.1393
1170 346 1197 354 1174 430 1147 421 small-vehicle 0.1341
405 122 413 97 492 124 483 149 small-vehicle 0.1334
352 208 364 182 452 222 440 248 small-vehicle 0.1313
1109 608 1138 618 1109 706 1080 696 small-vehicle 0.1287
339 312 348 289 444 323 435 347 small-vehicle 0.1273
157 922 162 899 216 910 211 933 small-vehicle 0.1059
355 217 362 191 449 214 442 240 large-vehicle 0.8255
350 286 358 261 441 291 432 316 large-vehicle 0.8215
372 178 382 153 461 185 451 211 large-vehicle 0.8172
352 251 360 225 443 250 435 276 large-vehicle 0.7624
1108 605 1138 614 1109 705 1079 695 large-vehicle 0.7609
381 145 391 119 478 154 467 180 large-vehicle 0.7608
493 118 521 130 486 216 457 204 large-vehicle 0.7537
402 121 411 94 493 122 484 149 large-vehicle 0.7188
1135 610 1168 619 1143 709 1110 700 large-vehicle 0.6890
345 315 354 290 439 317 430 343 large-vehicle 0.6827
364 101 389 107 375 163 350 157 large-vehicle 0.5881
751 143 759 122 826 145 818 167 large-vehicle 0.5728
1138 342 1165 349 1145 422 1119 415 large-vehicle 0.5100
1109 336 1137 344 1116 417 1088 410 large-vehicle 0.4966
588 325 595 303 657 322 650 344 large-vehicle 0.4895
336 174 363 183 344 243 317 234 large-vehicle 0.4762
558 208 573 187 629 225 615 247 large-vehicle 0.4714
321 260 345 269 324 328 300 320 large-vehicle 0.4638
1170 346 1197 354 1174 430 1147 421 large-vehicle 0.4381
914 199 921 179 978 200 971 220 large-vehicle 0.4344
551 1042 556 1020 621 1037 615 1059 large-vehicle 0.3972
23 863 31 842 89 863 81 884 large-vehicle 0.3708
1068 622 1096 629 1079 697 1051 691 large-vehicle 0.3424
-26 888 -16 863 78 897 69 923 large-vehicle 0.3180
1036 614 1069 621 1054 692 1021 684 large-vehicle 0.3009
17 807 26 781 108 810 99 837 large-vehicle 0.2724
1253 446 1286 457 1211 697 1178 687 large-vehicle 0.2708
284 384 307 393 288 439 266 430 large-vehicle 0.2287
97 883 106 862 152 880 143 902 large-vehicle 0.2063
307 394 330 403 311 450 288 440 large-vehicle 0.1829
93 820 107 794 247 872 233 898 large-vehicle 0.1620
259 380 280 389 263 430 242 421 large-vehicle 0.1321
619 978 640 982 634 1023 612 1020 large-vehicle 0.1286
664 231 666 207 713 210 711 235 large-vehicle 0.1284
1292 434 1317 443 1232 691 1207 682 large-vehicle 0.1270
491 1027 499 1005 546 1023 538 1045 large-vehicle 0.1266
413 409 440 419 414 491 386 481 large-vehicle 0.1058
857 176 867 156 906 176 896 196 large-vehicle 0.1032
467 423 498 434 473 504 442 493 large-vehicle 0.1010
