328 1114 334 1091 381 1104 375 1127 small-vehicle 0.2398
657 684 679 690 668 735 646 729 small-vehicle 0.1745
1266 47 1274 19 1350 42 1342 70 small-vehicle 0.1682
607 680 628 690 607 737 586 727 small-vehicle 0.1652
911 723 929 731 913 767 895 760 small-vehicle 0.1636
353 681 358 655 413 668 407 694 small-vehicle 0.1612
545 420 556 400 598 424 586 444 small-vehicle 0.1512
966 726 988 731 976 779 955 774 small-vehicle 0.1449
453 422 461 407 500 427 492 442 small-vehicle 0.1393
540 1138 545 1123 582 1134 577 1149 small-vehicle 0.1315
572 662 591 672 570 713 551 703 small-vehicle 0.1262
1413 17 1419 0 1463 14 1457 32 small-vehicle 0.1235
669 694 689 692 694 734 675 737 small-vehicle 0.1227
1205 52 1216 30 1257 50 1246 72 small-vehicle 0.1219
430 1141 434 1126 467 1134 464 1149 small-vehicle 0.1219
2111 276 2121 258 2164 283 2154 301 small-vehicle 0.1213
548 660 569 668 552 714 530 705 small-vehicle 0.1169
2050 347 2072 350 2065 394 2043 390 small-vehicle 0.1169
1401 105 1407 85 1450 98 1444 118 small-vehicle 0.1145
641 685 660 693 642 737 623 729 small-vehicle 0.1138
540 967 555 949 594 983 578 1001 small-vehicle 0.1138
1458 114 1463 93 1502 103 1497 123 small-vehicle 0.1048
2237 155 2231 119 2362 97 2368 134 small-vehicle 0.1046
929 729 946 738 927 773 909 764 small-vehicle 0.1039
1982 911 1988 882 2090 904 2084 933 small-vehicle 0.1031
1137 38 1145 16 1202 39 1193 61 small-vehicle 0.1017
102 1094 108 1072 145 1083 139 1104 small-vehicle 0.1004
620 425 641 444 574 521 553 502 small-vehicle 0.1003
1773 819 1781 793 1882 822 1874 848 large-vehicle 0.8574
179 483 188 459 284 497 275 521 large-vehicle 0.8204
1761 854 1766 828 1869 847 1865 872 large-vehicle 0.8200
1903 851 1905 827 2014 835 2013 859 large-vehicle 0.7779
1756 895 1758 871 1868 881 1866 905 large-vehicle 0.7774
1666 760 1672 735 1772 760 1766 785 large-vehicle 0.7744
1982 911 1988 882 2090 904 2084 933 large-vehicle 0.7206
1655 793 1662 769 1757 795 1751 819 large-vehicle 0.7174
206 400 218 376 309 424 296 447 large-vehicle 0.7171
2042 836 2048 812 2146 838 2140 861 large-vehicle 0.7124
1771 781 1777 756 1882 782 1876 807 large-vehicle 0.6967
1868 906 1870 882 1978 894 1976 918 large-vehicle 0.6875
192 441 202 418 295 461 285 484 large-vehicle 0.6831
150 519 163 498 247 549 235 570 large-vehicle 0.6802
2026 855 2034 831 2135 862 2127 886 large-vehicle 0.6772
1904 813 1910 789 2011 812 2005 836 large-vehicle 0.6407
1873 876 1875 854 1982 862 1980 884 large-vehicle 0.6316
243 324 254 303 344 352 332 373 large-vehicle 0.5751
2212 44 2206 9 2338 -13 2344 20 large-vehicle 0.5621
2231 156 2225 120 2362 98 2368 134 large-vehicle 0.5543
1101 621 1106 596 1213 614 1208 639 large-vehicle 0.5027
2109 922 2113 897 2222 918 2217 942 large-vehicle 0.4354
617 429 639 446 580 520 558 503 large-vehicle 0.4350
2115 876 2126 844 2253 887 2242 919 large-vehicle 0.4266
2236 84 2228 53 2349 24 2356 55 large-vehicle 0.4229
701 702 711 662 853 696 843 737 large-vehicle 0.2694
2241 122 2230 93 2354 48 2365 77 large-vehicle 0.2124
2003 429 2012 400 2115 431 2106 460 large-vehicle 0.1921
1770 925 1768 907 1850 898 1852 915 large-vehicle 0.1140
1915 89 1925 52 2045 83 2036 120 large-vehicle 0.1134
1275 44 1285 20 1352 47 1343 71 large-vehicle 0.1126
1863 189 1867 169 1926 181 1922 201 large-vehicle 0.1119
167 498 176 476 270 519 260 540 large-vehicle 0.1096
1848 175 1858 155 1921 186 1911 206 ship 0.2689
1923 216 1934 189 2006 216 1996 243 ship 0.2578
1800 129 1808 106 1864 124 1856 148 ship 0.2057
1816 246 1823 226 1875 244 1868 264 ship 0.1869
1926 176 1939 149 2011 183 1998 211 ship 0.1615
352 644 354 618 411 622 410 648 ship 0.1598
2103 933 2104 904 2222 909 2220 938 ship 0.1494
353 675 359 651 409 664 403 688 ship 0.1494
1870 149 1883 128 1941 162 1928 183 ship 0.1240
2115 876 2126 844 2253 887 2242 919 ship 0.1240
2206 43 2201 8 2332 -11 2338 22 ship 0.1154
1811 165 1815 146 1868 156 1864 175 ship 0.1065
