1720 2442 1739 2440 1742 2479 1723 2481 small-vehicle 0.1533
210 1079 232 1085 219 1134 197 1129 small-vehicle 0.1511
230 983 249 980 255 1013 236 1017 small-vehicle 0.1492
14 2108 5 2092 40 2073 49 2090 small-vehicle 0.1444
1666 2450 1685 2447 1691 2485 1673 2488 small-vehicle 0.1426
1977 1094 2000 1087 2018 1149 1995 1156 small-vehicle 0.1385
623 2533 636 2524 654 2551 641 2560 small-vehicle 0.1370
509 2350 522 2340 550 2376 537 2386 small-vehicle 0.1363
1608 2463 1622 2463 1623 2494 1608 2494 small-vehicle 0.1288
68 2538 84 2534 93 2569 76 2573 small-vehicle 0.1269
1783 2428 1803 2426 1808 2467 1788 2469 small-vehicle 0.1266
1692 2369 1702 2370 1701 2393 1690 2393 small-vehicle 0.1240
-3 2054 -13 2037 20 2017 30 2035 small-vehicle 0.1221
345 2441 354 2429 381 2449 372 2462 small-vehicle 0.1189
416 2143 430 2135 449 2167 434 2176 small-vehicle 0.1121
224 2329 223 2314 257 2311 258 2327 small-vehicle 0.1089
35 933 28 916 62 903 68 920 small-vehicle 0.1085
139 428 149 413 182 435 172 450 small-vehicle 0.1084
1837 2121 1832 2107 1863 2098 1867 2112 small-vehicle 0.1043
1956 994 1955 974 1997 971 1998 991 small-vehicle 0.1038
1610 2374 1623 2376 1620 2404 1606 2402 small-vehicle 0.1025
1006 213 1019 209 1029 242 1016 246 small-vehicle 0.1010
169 1255 186 1254 187 1289 170 1289 small-vehicle 0.1006
1921 1730 1923 1709 1963 1712 1961 1733 small-vehicle 0.1006
742 231 755 223 779 266 766 273 large-vehicle 0.1924
1529 10 1548 0 1581 64 1562 74 large-vehicle 0.1698
857 313 850 297 903 272 911 287 large-vehicle 0.1340
883 673 893 667 924 718 914 724 large-vehicle 0.1325
1438 1174 1453 1164 1478 1200 1464 1210 large-vehicle 0.1306
1221 1210 1235 1201 1263 1248 1249 1257 large-vehicle 0.1242
1382 1365 1397 1358 1415 1399 1400 1406 large-vehicle 0.1201
1404 1184 1417 1178 1440 1227 1426 1233 large-vehicle 0.1106
1153 584 1168 577 1195 631 1180 639 large-vehicle 0.1099
933 502 922 489 961 458 971 471 large-vehicle 0.1023
898 394 889 377 944 348 953 365 large-vehicle 0.1022
1076 549 1093 544 1105 593 1089 597 large-vehicle 0.1009
892 2106 891 2086 967 2081 969 2101 large-vehicle 0.1000
1385 1679 1403 1670 1425 1713 1407 1722 ship 0.1546
732 2575 725 2552 781 2534 789 2556 ship 0.1434
1977 1094 2000 1087 2018 1149 1995 1156 ship 0.1135
1529 10 1548 0 1581 64 1562 74 ship 0.1046
742 231 755 223 779 266 766 273 ship 0.1016
1226 1212 1242 1204 1266 1251 1249 1260 ship 0.1004
