883 614 873 597 911 575 921 593 small-vehicle 0.6435
341 419 365 416 371 463 346 466 small-vehicle 0.6407
149 429 171 428 174 474 152 475 small-vehicle 0.5983
176 425 197 425 197 469 175 469 small-vehicle 0.5548
879 629 900 630 899 674 878 673 small-vehicle 0.5538
372 429 393 430 393 473 371 473 small-vehicle 0.5338
149 412 151 391 201 396 198 417 small-vehicle 0.5207
815 128 813 110 851 107 852 125 small-vehicle 0.4995
126 420 149 423 144 472 121 469 small-vehicle 0.4647
208 413 230 413 231 454 208 455 small-vehicle 0.4142
534 422 538 403 601 416 597 436 small-vehicle 0.3384
614 444 642 444 642 508 615 509 small-vehicle 0.3370
757 441 783 440 785 504 759 505 small-vehicle 0.3023
42 371 37 351 74 342 79 362 small-vehicle 0.2973
708 439 732 438 733 506 709 506 small-vehicle 0.2951
733 431 757 431 756 488 732 487 small-vehicle 0.2943
789 439 817 440 816 511 788 511 small-vehicle 0.2786
893 449 921 447 926 523 897 525 small-vehicle 0.2700
677 426 706 427 704 500 675 499 small-vehicle 0.2606
506 436 535 438 531 506 502 505 small-vehicle 0.2592
904 271 935 276 924 347 894 342 small-vehicle 0.2540
312 406 336 409 330 457 306 454 small-vehicle 0.2520
862 466 884 459 902 522 880 529 small-vehicle 0.2003
976 244 976 221 1016 221 1016 244 small-vehicle 0.1975
133 474 153 479 143 521 123 516 small-vehicle 0.1951
767 424 765 398 834 393 836 418 small-vehicle 0.1906
530 434 558 432 565 504 537 506 small-vehicle 0.1856
973 165 995 163 1000 214 977 216 small-vehicle 0.1837
597 461 620 462 617 513 594 512 small-vehicle 0.1829
970 88 989 87 991 123 971 124 small-vehicle 0.1814
565 437 596 438 594 506 562 505 small-vehicle 0.1744
636 430 662 427 670 505 644 508 small-vehicle 0.1606
679 422 679 396 760 394 761 421 small-vehicle 0.1601
966 452 987 452 988 497 967 498 small-vehicle 0.1543
838 422 865 421 866 509 839 510 small-vehicle 0.1467
404 695 418 684 439 712 426 722 small-vehicle 0.1325
820 433 845 437 830 513 806 508 small-vehicle 0.1281
86 417 120 416 123 499 89 500 small-vehicle 0.1264
475 394 503 397 492 513 464 510 small-vehicle 0.1258
543 360 543 332 651 332 651 360 small-vehicle 0.1232
232 353 234 327 352 337 350 364 small-vehicle 0.1150
637 427 666 426 669 509 640 510 large-vehicle 0.7915
163 387 166 359 303 372 300 401 large-vehicle 0.7790
551 360 549 334 639 326 642 352 large-vehicle 0.7781
678 429 705 429 704 497 677 496 large-vehicle 0.7609
675 420 677 392 761 398 759 425 large-vehicle 0.7580
708 439 732 438 733 506 709 506 large-vehicle 0.7525
473 400 503 403 495 502 465 499 large-vehicle 0.7451
221 352 224 324 352 337 349 365 large-vehicle 0.6819
650 357 651 331 744 334 744 359 large-vehicle 0.6735
839 419 866 418 868 502 841 503 large-vehicle 0.6696
535 436 560 437 557 503 532 502 large-vehicle 0.6677
571 437 599 442 588 509 560 505 large-vehicle 0.6594
505 435 531 436 529 510 503 509 large-vehicle 0.6566
532 423 534 402 599 409 596 431 large-vehicle 0.6280
757 441 783 440 785 504 759 505 large-vehicle 0.6106
787 439 814 438 817 508 790 509 large-vehicle 0.5993
893 450 921 450 923 526 894 527 large-vehicle 0.5879
732 431 757 432 755 488 730 487 large-vehicle 0.5834
760 423 759 398 843 394 844 418 large-vehicle 0.5746
65 393 64 367 171 361 173 386 large-vehicle 0.5669
869 461 895 460 898 524 872 526 large-vehicle 0.5538
84 418 117 414 126 501 92 504 large-vehicle 0.5449
613 444 637 441 643 507 619 510 large-vehicle 0.5228
757 353 760 326 850 336 847 363 large-vehicle 0.4931
813 437 840 439 836 502 809 500 large-vehicle 0.4276
907 155 936 158 929 257 899 255 large-vehicle 0.4190
904 271 935 276 924 347 894 342 large-vehicle 0.2930
229 515 230 476 365 480 364 518 large-vehicle 0.2780
341 419 365 416 371 463 346 466 large-vehicle 0.2610
312 411 334 412 332 456 310 455 large-vehicle 0.2578
370 427 392 427 394 473 371 474 large-vehicle 0.2136
855 195 882 194 886 292 858 293 large-vehicle 0.2087
149 412 151 391 201 396 198 417 large-vehicle 0.1918
204 413 230 411 235 469 209 472 large-vehicle 0.1873
597 461 620 462 617 513 594 512 large-vehicle 0.1830
176 425 197 425 197 469 175 469 large-vehicle 0.1518
123 423 145 421 149 467 127 469 large-vehicle 0.1452
974 162 996 161 999 216 977 217 large-vehicle 0.1291
151 428 172 429 168 473 148 471 large-vehicle 0.1249
883 157 909 159 900 274 874 272 large-vehicle 0.1151
884 614 874 597 911 575 921 592 large-vehicle 0.1032
