507 871 516 848 570 867 562 890 small-vehicle 0.2791
481 926 490 902 544 923 535 947 small-vehicle 0.2526
26 868 47 864 56 911 35 915 small-vehicle 0.2235
1132 0 1148 -4 1158 28 1141 33 small-vehicle 0.2059
218 923 212 906 257 890 262 907 small-vehicle 0.2025
1150 1576 1160 1558 1209 1584 1199 1602 small-vehicle 0.1773
290 778 285 763 332 748 337 764 small-vehicle 0.1755
239 794 231 778 278 755 286 771 small-vehicle 0.1736
1214 1572 1221 1556 1248 1568 1241 1584 small-vehicle 0.1735
746 323 759 315 773 340 761 347 small-vehicle 0.1705
1335 1733 1342 1717 1375 1730 1369 1747 small-vehicle 0.1667
178 787 172 769 218 754 224 773 small-vehicle 0.1638
722 1815 730 1803 758 1821 750 1833 small-vehicle 0.1622
770 1841 780 1826 810 1846 800 1860 small-vehicle 0.1585
710 318 728 315 736 351 718 355 small-vehicle 0.1585
1328 1367 1328 1346 1372 1348 1372 1368 small-vehicle 0.1512
935 1547 929 1531 964 1520 969 1535 small-vehicle 0.1506
386 1357 403 1365 389 1397 372 1389 small-vehicle 0.1494
470 954 482 931 535 959 524 981 small-vehicle 0.1487
1249 1430 1254 1414 1281 1421 1277 1437 small-vehicle 0.1470
170 998 165 980 215 964 220 981 small-vehicle 0.1465
1094 15 1106 10 1118 40 1105 45 small-vehicle 0.1455
221 453 221 434 259 433 260 453 small-vehicle 0.1454
666 1425 661 1408 697 1396 702 1413 small-vehicle 0.1453
205 889 198 874 239 855 246 870 small-vehicle 0.1447
603 1398 602 1379 645 1378 645 1398 small-vehicle 0.1438
301 871 301 851 352 850 352 870 small-vehicle 0.1434
455 1364 477 1369 466 1412 444 1407 small-vehicle 0.1434
196 858 193 841 241 832 244 848 small-vehicle 0.1429
144 877 141 859 189 851 192 868 small-vehicle 0.1426
186 817 182 801 229 788 233 804 small-vehicle 0.1425
832 310 848 312 843 353 828 351 small-vehicle 0.1415
693 1439 687 1423 721 1411 727 1427 small-vehicle 0.1406
755 403 774 400 781 438 762 441 small-vehicle 0.1405
906 509 924 509 923 556 905 556 small-vehicle 0.1396
519 850 527 828 582 846 574 868 small-vehicle 0.1382
301 827 300 810 344 808 345 825 small-vehicle 0.1373
800 14 815 12 819 45 804 47 small-vehicle 0.1347
417 1359 437 1365 424 1402 405 1395 small-vehicle 0.1344
1324 1259 1344 1255 1350 1295 1331 1298 small-vehicle 0.1339
1269 1710 1262 1695 1296 1680 1302 1695 small-vehicle 0.1302
312 400 328 395 338 432 321 436 small-vehicle 0.1287
1341 1449 1339 1429 1379 1425 1381 1445 small-vehicle 0.1275
712 396 730 398 726 439 707 437 small-vehicle 0.1274
853 1879 863 1862 901 1886 891 1902 small-vehicle 0.1273
283 944 281 928 330 922 332 938 small-vehicle 0.1270
349 1340 366 1346 350 1387 333 1380 small-vehicle 0.1263
246 513 237 501 264 480 274 492 small-vehicle 0.1263
223 965 220 947 269 941 271 959 small-vehicle 0.1256
894 1524 886 1509 922 1489 931 1504 small-vehicle 0.1252
570 1421 588 1426 576 1463 558 1457 small-vehicle 0.1210
794 1477 788 1461 822 1448 828 1464 small-vehicle 0.1201
858 511 874 512 871 554 855 553 small-vehicle 0.1194
973 3 990 0 995 30 978 33 small-vehicle 0.1191
756 30 766 27 774 52 763 55 small-vehicle 0.1182
365 1348 380 1355 365 1388 350 1381 small-vehicle 0.1175
292 803 289 786 341 777 344 794 small-vehicle 0.1173
748 260 763 256 771 284 756 288 small-vehicle 0.1168
215 420 212 404 250 398 252 415 small-vehicle 0.1162
862 443 881 443 882 494 863 494 small-vehicle 0.1130
268 904 262 889 302 872 308 886 small-vehicle 0.1125
184 1030 178 1006 248 989 254 1013 small-vehicle 0.1121
1253 1458 1268 1432 1373 1489 1359 1515 small-vehicle 0.1118
1351 1060 1363 1051 1384 1078 1372 1087 small-vehicle 0.1106
682 1797 693 1782 719 1800 709 1815 small-vehicle 0.1091
411 1092 421 1076 455 1098 445 1114 small-vehicle 0.1088
921 1535 913 1523 941 1505 949 1518 small-vehicle 0.1075
741 1450 739 1435 766 1432 768 1447 small-vehicle 0.1067
231 490 229 471 266 468 268 486 small-vehicle 0.1066
1215 1598 1228 1575 1364 1654 1351 1676 small-vehicle 0.1063
137 676 133 653 195 642 199 665 small-vehicle 0.1050
200 660 194 642 244 624 251 642 small-vehicle 0.1047
163 950 161 937 212 929 214 942 small-vehicle 0.1044
979 1541 988 1529 1014 1549 1006 1561 small-vehicle 0.1029
431 740 469 731 500 872 462 880 small-vehicle 0.1025
881 503 899 502 903 554 885 555 small-vehicle 0.1021
1341 1682 1351 1672 1380 1702 1370 1711 small-vehicle 0.1021
278 924 273 910 316 894 321 908 small-vehicle 0.1020
301 519 320 513 334 562 315 567 small-vehicle 0.1017
310 895 307 878 355 872 357 889 small-vehicle 0.1005
1277 1510 1285 1490 1341 1515 1332 1535 small-vehicle 0.1004
1123 1225 1153 1222 1157 1258 1127 1261 small-vehicle 0.1002
184 1028 179 1002 312 975 317 1001 large-vehicle 0.7489
205 1072 197 1046 309 1010 317 1035 large-vehicle 0.7365
345 766 377 760 400 885 368 891 large-vehicle 0.7169
1246 1556 1258 1530 1382 1589 1370 1614 large-vehicle 0.6995
163 950 161 937 212 929 214 942 large-vehicle 0.6752
211 1099 203 1078 312 1036 320 1057 large-vehicle 0.6731
1251 1579 1265 1554 1376 1619 1362 1643 large-vehicle 0.6568
1230 1607 1244 1582 1358 1645 1344 1670 large-vehicle 0.6465
218 923 212 906 257 890 262 907 large-vehicle 0.5978
196 858 193 841 241 832 244 848 large-vehicle 0.5900
1259 1462 1273 1434 1376 1487 1361 1515 large-vehicle 0.5836
186 817 182 801 229 788 233 804 large-vehicle 0.5544
154 923 150 907 202 894 206 910 large-vehicle 0.5412
205 889 198 874 239 855 246 870 large-vehicle 0.5379
225 966 218 950 264 932 270 948 large-vehicle 0.5340
301 871 301 851 352 850 352 870 large-vehicle 0.5261
439 740 474 735 495 869 460 874 large-vehicle 0.5245
250 850 244 835 291 816 297 831 large-vehicle 0.5163
619 1268 629 1242 764 1292 755 1319 large-vehicle 0.5080
163 942 159 929 208 913 212 926 large-vehicle 0.5034
243 815 240 799 291 787 295 802 large-vehicle 0.5017
144 877 141 859 189 851 192 868 large-vehicle 0.5004
260 891 256 876 298 864 302 879 large-vehicle 0.4943
452 909 478 921 418 1060 391 1048 large-vehicle 0.4940
204 1194 219 1158 352 1215 337 1251 large-vehicle 0.4885
257 873 249 858 290 836 298 851 large-vehicle 0.4874
170 998 165 980 215 964 220 981 large-vehicle 0.4850
122 802 117 786 171 769 176 785 large-vehicle 0.4850
126 818 121 802 173 787 178 802 large-vehicle 0.4735
228 978 226 960 273 952 276 970 large-vehicle 0.4600
97 686 94 668 151 658 154 676 large-vehicle 0.4573
115 756 111 740 162 727 166 744 large-vehicle 0.4544
290 778 285 763 332 748 337 764 large-vehicle 0.4518
235 795 229 778 284 760 290 777 large-vehicle 0.4365
1277 1510 1285 1490 1341 1515 1332 1535 large-vehicle 0.4303
124 784 118 768 169 750 174 765 large-vehicle 0.4219
132 834 127 820 178 801 183 815 large-vehicle 0.4078
136 849 132 835 179 821 183 835 large-vehicle 0.4021
182 791 173 777 217 751 226 766 large-vehicle 0.4011
195 845 189 830 233 812 240 827 large-vehicle 0.3967
283 944 281 928 330 922 332 938 large-vehicle 0.3936
310 895 307 878 355 872 357 889 large-vehicle 0.3910
278 924 273 910 316 894 321 908 large-vehicle 0.3901
301 827 300 810 344 808 345 825 large-vehicle 0.3840
292 803 289 786 341 777 344 794 large-vehicle 0.3629
246 831 242 816 292 800 297 815 large-vehicle 0.3622
151 904 145 889 194 868 200 883 large-vehicle 0.3593
285 966 281 952 330 939 334 954 large-vehicle 0.3385
571 1277 582 1253 703 1309 692 1334 large-vehicle 0.2734
214 908 206 893 248 871 256 886 large-vehicle 0.2728
343 552 367 546 391 640 367 646 large-vehicle 0.2694
224 940 217 926 259 906 266 920 large-vehicle 0.2608
128 699 120 679 191 649 200 669 large-vehicle 0.2576
164 975 160 959 211 946 215 962 large-vehicle 0.2550
200 660 194 642 244 624 251 642 large-vehicle 0.2406
1231 1239 1252 1249 1207 1348 1186 1338 large-vehicle 0.2197
1282 1259 1302 1268 1252 1380 1233 1371 large-vehicle 0.2104
757 170 773 168 781 223 765 226 large-vehicle 0.2001
855 501 875 501 877 554 857 555 large-vehicle 0.1892
248 650 241 633 294 613 300 630 large-vehicle 0.1845
826 306 846 305 850 353 829 355 large-vehicle 0.1822
821 129 843 129 844 208 822 208 large-vehicle 0.1769
862 443 881 443 882 494 863 494 large-vehicle 0.1765
718 467 719 447 775 451 774 472 large-vehicle 0.1761
851 163 867 163 867 214 851 214 large-vehicle 0.1614
373 548 394 542 417 635 397 640 large-vehicle 0.1568
875 258 893 256 897 308 879 310 large-vehicle 0.1548
906 441 925 439 930 485 911 488 large-vehicle 0.1536
881 503 899 502 903 554 885 555 large-vehicle 0.1532
878 442 897 438 911 492 893 497 large-vehicle 0.1426
295 842 301 821 371 843 364 864 large-vehicle 0.1421
851 311 869 310 873 361 854 362 large-vehicle 0.1400
879 315 897 314 900 367 882 368 large-vehicle 0.1397
1120 1525 1123 1506 1171 1514 1168 1533 large-vehicle 0.1355
902 507 922 505 927 554 907 556 large-vehicle 0.1323
1150 1576 1160 1558 1209 1584 1199 1602 large-vehicle 0.1317
853 261 869 260 874 310 858 312 large-vehicle 0.1288
900 170 917 168 923 209 906 211 large-vehicle 0.1288
418 554 441 544 477 629 454 639 large-vehicle 0.1269
1078 232 1090 231 1091 266 1080 267 large-vehicle 0.1268
872 168 888 167 890 214 874 215 large-vehicle 0.1268
358 1278 377 1282 363 1338 344 1334 large-vehicle 0.1268
872 110 890 107 898 157 880 160 large-vehicle 0.1265
301 519 320 513 334 562 315 567 large-vehicle 0.1237
1303 1350 1322 1346 1332 1395 1314 1399 large-vehicle 0.1235
893 110 912 107 920 159 901 162 large-vehicle 0.1219
381 1281 399 1286 386 1341 367 1336 large-vehicle 0.1208
478 924 483 903 540 917 534 938 large-vehicle 0.1179
1249 1082 1270 1093 1218 1193 1197 1182 large-vehicle 0.1169
1272 1103 1288 1111 1236 1212 1220 1204 large-vehicle 0.1145
901 314 920 313 922 361 903 362 large-vehicle 0.1119
384 550 405 541 446 633 425 642 large-vehicle 0.1111
1214 1570 1222 1558 1250 1574 1242 1587 large-vehicle 0.1072
641 607 659 619 625 668 608 656 large-vehicle 0.1067
272 1263 283 1242 341 1274 330 1295 large-vehicle 0.1067
503 870 513 847 570 871 561 894 large-vehicle 0.1065
1046 233 1059 232 1065 269 1052 271 large-vehicle 0.1064
922 106 938 105 942 157 926 158 large-vehicle 0.1064
819 226 842 225 843 272 820 272 large-vehicle 0.1043
1153 1226 1168 1208 1202 1236 1188 1254 ship 0.2341
1151 1577 1159 1559 1209 1580 1201 1598 ship 0.2281
1092 1554 1105 1541 1141 1579 1128 1591 ship 0.2271
880 312 899 313 898 366 879 366 ship 0.2120
828 307 848 307 849 357 829 358 ship 0.2094
1270 1109 1290 1119 1240 1219 1220 1209 ship 0.1808
901 314 920 313 922 361 903 362 ship 0.1772
851 311 869 310 873 361 854 362 ship 0.1718
1124 1228 1150 1224 1156 1258 1130 1262 ship 0.1640
771 1844 779 1828 812 1844 804 1860 ship 0.1632
427 1137 439 1112 522 1153 510 1178 ship 0.1631
1161 1242 1178 1242 1179 1276 1162 1277 ship 0.1493
712 396 730 398 726 439 707 437 ship 0.1468
1302 1344 1323 1340 1333 1395 1313 1399 ship 0.1431
26 868 47 864 56 909 35 913 ship 0.1421
302 518 321 513 332 562 313 566 ship 0.1417
380 1282 398 1293 363 1349 345 1339 ship 0.1415
1231 1239 1252 1249 1207 1348 1186 1338 ship 0.1368
1119 1526 1122 1507 1172 1515 1169 1534 ship 0.1337
281 946 280 928 330 925 331 943 ship 0.1254
349 1333 366 1342 343 1386 325 1376 ship 0.1224
851 163 867 163 867 214 851 214 ship 0.1219
205 1195 217 1166 352 1218 340 1247 ship 0.1206
1275 1266 1295 1274 1255 1380 1236 1373 ship 0.1194
1244 1076 1268 1087 1219 1196 1195 1185 ship 0.1189
137 676 133 653 195 642 199 665 ship 0.1180
1182 1240 1196 1243 1189 1274 1175 1271 ship 0.1171
1212 762 1224 739 1279 769 1267 791 ship 0.1163
872 168 888 167 890 214 874 215 ship 0.1160
182 791 173 777 217 751 226 766 ship 0.1159
717 465 721 444 777 455 772 477 ship 0.1126
881 503 899 502 903 554 885 555 ship 0.1114
902 507 922 505 927 554 907 556 ship 0.1110
864 440 881 440 881 494 864 494 ship 0.1019
897 167 915 166 917 213 899 213 ship 0.1016
619 1268 629 1243 734 1285 724 1310 ship 0.1013
801 13 815 13 815 43 802 43 ship 0.1008
873 262 887 262 888 314 873 314 ship 0.1008
860 505 878 503 882 556 864 557 ship 0.1001
1092 1280 1129 1291 1118 1330 1081 1320 storage-tank 0.5764
1130 1305 1165 1304 1166 1344 1131 1345 storage-tank 0.5660
1069 1333 1101 1324 1111 1360 1079 1369 storage-tank 0.3836
1124 1228 1150 1224 1156 1258 1130 1262 storage-tank 0.3363
1112 1353 1138 1344 1148 1375 1122 1384 storage-tank 0.3320
1152 1245 1171 1241 1178 1273 1159 1277 storage-tank 0.2024
1142 1272 1166 1274 1164 1304 1140 1302 storage-tank 0.1396
1122 1258 1146 1256 1148 1285 1124 1286 storage-tank 0.1205
1153 1226 1168 1208 1202 1236 1188 1254 storage-tank 0.1001
301 871 301 851 352 850 352 870 helicopter 0.1023
