1726 1430 1744 1428 1750 1471 1732 1473 small-vehicle 0.3482
1840 373 1858 381 1838 422 1821 413 small-vehicle 0.3270
496 1713 513 1702 535 1739 518 1749 small-vehicle 0.3053
549 1657 567 1649 586 1689 569 1697 small-vehicle 0.2852
571 1704 588 1697 604 1735 587 1742 small-vehicle 0.2809
1678 1395 1696 1394 1699 1435 1681 1437 small-vehicle 0.2791
692 1607 710 1603 720 1640 703 1645 small-vehicle 0.2661
659 1673 683 1674 680 1721 657 1720 small-vehicle 0.2651
408 1664 411 1645 451 1651 448 1671 small-vehicle 0.2587
415 1462 429 1452 451 1483 438 1493 small-vehicle 0.2516
611 1738 612 1719 652 1721 651 1740 small-vehicle 0.2476
819 565 807 550 838 524 851 538 small-vehicle 0.2446
625 1682 615 1663 651 1644 661 1663 small-vehicle 0.2379
431 1419 446 1408 471 1443 456 1454 small-vehicle 0.2362
1674 1530 1694 1528 1698 1564 1678 1566 small-vehicle 0.2333
88 1431 109 1428 115 1475 94 1477 small-vehicle 0.2297
1669 1101 1689 1101 1689 1140 1670 1141 small-vehicle 0.2297
359 1659 363 1639 407 1646 404 1666 small-vehicle 0.2271
115 1531 116 1510 160 1511 159 1533 small-vehicle 0.2251
712 1649 727 1640 751 1681 736 1690 small-vehicle 0.2211
663 1561 678 1552 700 1589 685 1598 small-vehicle 0.2110
825 693 825 673 896 673 897 692 small-vehicle 0.2088
-5 1492 -1 1472 39 1480 34 1500 small-vehicle 0.2027
415 1635 416 1614 458 1616 457 1637 small-vehicle 0.1972
501 1578 516 1571 529 1602 514 1609 small-vehicle 0.1934
1103 917 1100 899 1148 892 1151 910 small-vehicle 0.1921
475 1519 490 1511 508 1545 493 1553 small-vehicle 0.1804
911 870 935 875 921 938 897 933 small-vehicle 0.1802
1099 875 1097 856 1134 852 1136 871 small-vehicle 0.1802
1105 590 1100 574 1136 563 1141 579 small-vehicle 0.1735
749 1703 764 1694 790 1733 775 1743 small-vehicle 0.1720
597 1611 591 1592 629 1580 635 1599 small-vehicle 0.1691
1166 1162 1190 1165 1181 1225 1157 1222 small-vehicle 0.1589
364 1584 370 1561 441 1580 435 1603 small-vehicle 0.1568
609 1648 598 1631 632 1609 643 1626 small-vehicle 0.1567
286 885 285 860 366 857 367 882 small-vehicle 0.1542
-2 1468 -1 1451 38 1452 37 1469 small-vehicle 0.1526
1252 1141 1245 1122 1284 1106 1291 1126 small-vehicle 0.1504
880 995 897 991 906 1035 889 1039 small-vehicle 0.1373
670 930 668 908 759 899 761 921 small-vehicle 0.1372
1372 912 1377 892 1415 901 1411 921 small-vehicle 0.1364
1324 1149 1329 1127 1389 1142 1383 1164 small-vehicle 0.1302
223 861 223 842 259 843 259 862 small-vehicle 0.1296
98 1598 107 1582 143 1600 135 1617 small-vehicle 0.1292
362 813 358 797 411 784 415 800 small-vehicle 0.1244
366 1716 374 1711 386 1728 378 1734 small-vehicle 0.1220
329 784 326 765 375 757 378 775 small-vehicle 0.1197
583 1587 574 1569 616 1548 625 1566 small-vehicle 0.1173
787 1098 790 1077 847 1086 844 1106 small-vehicle 0.1161
0 1524 -2 1510 29 1502 32 1517 small-vehicle 0.1148
929 466 929 449 973 449 973 466 small-vehicle 0.1117
1076 694 1072 674 1113 665 1118 684 small-vehicle 0.1102
517 1030 517 1011 555 1011 554 1030 small-vehicle 0.1100
1057 555 1052 539 1095 525 1101 541 small-vehicle 0.1089
951 635 949 609 1036 600 1038 627 small-vehicle 0.1052
374 842 371 825 430 815 433 832 small-vehicle 0.1051
972 567 965 543 1025 524 1032 548 small-vehicle 0.1046
1113 1084 1110 1061 1235 1046 1238 1070 small-vehicle 0.1041
674 958 675 936 776 939 776 961 small-vehicle 0.1041
925 965 946 965 946 1016 925 1016 small-vehicle 0.1032
624 1491 640 1486 653 1525 637 1530 small-vehicle 0.1030
114 1574 114 1555 151 1554 152 1573 small-vehicle 0.1027
610 1661 605 1644 639 1634 644 1652 small-vehicle 0.1023
226 911 226 891 272 889 272 909 small-vehicle 0.1016
640 615 635 590 785 562 790 588 large-vehicle 0.7101
645 640 644 610 791 605 792 636 large-vehicle 0.6981
1113 1084 1110 1061 1235 1046 1238 1070 large-vehicle 0.6577
1762 1416 1786 1413 1800 1506 1776 1510 large-vehicle 0.6397
636 582 632 558 788 533 792 557 large-vehicle 0.6360
1083 810 1081 778 1240 766 1243 798 large-vehicle 0.6110
1116 1111 1115 1085 1246 1079 1247 1105 large-vehicle 0.6101
289 891 285 868 364 853 368 877 large-vehicle 0.6044
334 911 331 887 425 875 428 899 large-vehicle 0.5781
645 553 640 531 803 495 808 517 large-vehicle 0.5751
1078 779 1073 745 1236 722 1241 756 large-vehicle 0.5747
1638 832 1660 833 1658 922 1636 921 large-vehicle 0.5711
276 861 271 838 341 821 346 843 large-vehicle 0.5638
671 964 670 939 773 931 774 957 large-vehicle 0.5440
374 842 371 825 430 815 433 832 large-vehicle 0.5295
1642 718 1667 719 1663 805 1637 804 large-vehicle 0.5290
1094 850 1090 824 1240 800 1244 826 large-vehicle 0.5241
1102 991 1098 969 1235 940 1240 963 large-vehicle 0.5193
358 950 355 919 467 907 470 938 large-vehicle 0.5175
1082 731 1080 701 1246 688 1249 718 large-vehicle 0.5035
329 784 326 765 375 757 378 775 large-vehicle 0.4614
953 632 952 607 1040 602 1041 627 large-vehicle 0.4507
362 813 358 797 411 784 415 800 large-vehicle 0.4465
1120 1141 1119 1113 1240 1109 1241 1137 large-vehicle 0.4052
820 727 844 725 853 836 828 838 large-vehicle 0.3916
835 693 834 673 896 670 897 689 large-vehicle 0.3784
665 929 665 902 762 903 762 930 large-vehicle 0.3608
668 994 666 969 771 964 773 989 large-vehicle 0.3520
1086 956 1084 932 1215 918 1217 942 large-vehicle 0.3490
638 742 637 722 725 716 726 737 large-vehicle 0.3384
955 595 953 575 1030 568 1032 589 large-vehicle 0.3305
653 1028 652 1001 760 998 761 1025 large-vehicle 0.3126
654 711 651 688 741 676 744 699 large-vehicle 0.3054
334 748 333 731 396 725 397 742 large-vehicle 0.2977
1724 1424 1745 1421 1751 1471 1730 1474 large-vehicle 0.2723
1396 448 1390 420 1475 404 1480 432 large-vehicle 0.2701
874 732 900 727 922 843 896 848 large-vehicle 0.2602
956 678 952 653 1046 641 1049 666 large-vehicle 0.2541
9 690 7 663 131 657 132 684 large-vehicle 0.2538
966 836 964 810 1067 804 1069 829 large-vehicle 0.2492
924 450 918 423 1075 390 1081 416 large-vehicle 0.2450
372 829 368 814 420 799 424 814 large-vehicle 0.2309
1166 1162 1190 1165 1181 1225 1157 1222 large-vehicle 0.2236
187 665 216 660 232 765 204 769 large-vehicle 0.2213
535 709 556 709 558 776 537 777 large-vehicle 0.2183
1384 419 1380 393 1457 381 1461 408 large-vehicle 0.2109
911 866 937 872 923 937 898 932 large-vehicle 0.2104
229 945 226 921 302 913 304 938 large-vehicle 0.2031
1290 567 1287 531 1485 518 1487 555 large-vehicle 0.1883
938 1016 939 982 1095 987 1094 1021 large-vehicle 0.1795
1101 875 1100 855 1141 854 1141 874 large-vehicle 0.1769
232 797 230 776 295 770 297 791 large-vehicle 0.1750
334 731 327 702 424 680 431 709 large-vehicle 0.1746
158 1069 155 1034 362 1020 364 1054 large-vehicle 0.1738
664 691 655 670 725 638 735 660 large-vehicle 0.1723
654 884 659 859 743 876 738 900 large-vehicle 0.1719
1869 1658 1895 1658 1895 1738 1869 1738 large-vehicle 0.1678
309 652 305 622 387 612 391 641 large-vehicle 0.1674
1359 703 1358 673 1479 669 1480 699 large-vehicle 0.1581
348 685 343 662 407 650 411 673 large-vehicle 0.1578
1802 1642 1816 1640 1826 1698 1812 1700 large-vehicle 0.1572
33 894 27 859 145 838 151 873 large-vehicle 0.1509
1100 920 1098 900 1155 893 1158 912 large-vehicle 0.1506
960 710 960 687 1054 687 1054 710 large-vehicle 0.1490
954 874 953 843 1056 839 1057 870 large-vehicle 0.1451
1159 457 1155 433 1246 418 1250 441 large-vehicle 0.1445
-14 591 -17 549 167 535 170 577 large-vehicle 0.1406
938 467 935 448 1010 437 1013 456 large-vehicle 0.1402
227 914 224 893 270 886 273 906 large-vehicle 0.1389
364 1584 370 1561 441 1580 435 1603 large-vehicle 0.1297
966 572 956 547 1025 521 1034 546 large-vehicle 0.1273
818 560 808 545 840 524 850 539 large-vehicle 0.1273
1324 1149 1329 1127 1389 1142 1383 1164 large-vehicle 0.1269
793 938 826 939 823 1075 791 1075 large-vehicle 0.1257
221 662 240 657 255 720 235 724 large-vehicle 0.1209
970 806 966 777 1066 760 1071 790 large-vehicle 0.1172
1056 449 1057 436 1103 438 1103 451 large-vehicle 0.1158
786 1098 790 1076 845 1085 841 1107 large-vehicle 0.1112
1252 1141 1245 1122 1284 1106 1291 1126 large-vehicle 0.1098
1076 696 1071 675 1119 664 1124 684 large-vehicle 0.1079
361 874 355 854 426 833 432 852 large-vehicle 0.1069
1127 691 1123 669 1206 655 1209 677 large-vehicle 0.1055
1705 903 1718 904 1717 938 1705 938 large-vehicle 0.1048
965 757 966 728 1055 731 1054 760 large-vehicle 0.1048
230 980 227 951 353 937 356 966 large-vehicle 0.1041
981 1082 984 1035 1136 1045 1134 1092 large-vehicle 0.1040
487 607 493 588 539 604 533 623 large-vehicle 0.1026
1369 866 1362 838 1419 822 1427 850 large-vehicle 0.1024
786 1098 790 1076 845 1085 841 1107 ship 0.1589
926 963 949 963 948 1015 924 1014 ship 0.1556
963 838 960 809 1063 800 1065 829 ship 0.1479
818 726 844 724 852 840 826 842 ship 0.1364
671 964 670 939 773 931 774 957 ship 0.1340
977 799 976 771 1056 766 1057 794 ship 0.1318
331 748 330 727 398 724 399 744 ship 0.1311
1075 779 1070 743 1233 721 1238 758 ship 0.1305
880 733 905 731 915 836 891 838 ship 0.1296
881 996 900 993 908 1039 890 1042 ship 0.1284
1449 734 1441 714 1481 700 1488 720 ship 0.1191
665 929 665 902 762 903 762 930 ship 0.1141
958 871 958 842 1053 842 1053 871 ship 0.1113
956 678 952 653 1046 641 1049 666 ship 0.1107
951 635 949 609 1036 600 1038 627 ship 0.1102
665 992 665 969 775 968 775 992 ship 0.1082
1165 1162 1190 1166 1181 1223 1157 1220 ship 0.1056
960 710 960 687 1054 687 1054 710 ship 0.1056
651 1027 650 1001 768 997 769 1022 ship 0.1054
326 783 324 763 381 756 383 776 ship 0.1010
742 1423 705 1331 879 1262 916 1354 tennis-court 0.5883
783 1230 771 1158 879 1141 891 1213 tennis-court 0.1002
774 1226 768 1154 881 1145 887 1217 basketball-court 0.2455
1839 954 1899 967 1885 1029 1825 1016 storage-tank 0.6885
1844 1049 1901 1066 1882 1129 1825 1112 storage-tank 0.6370
742 1423 705 1331 879 1262 916 1354 harbor 0.1269
790 1188 822 1140 879 1178 847 1226 swimming-pool 0.1653
