737 100 765 94 782 180 754 185 bridge 0.1125
775 308 792 311 785 345 767 342 small-vehicle 0.6654
799 306 817 310 808 347 791 343 small-vehicle 0.6339
839 300 858 306 846 345 826 339 small-vehicle 0.5757
253 644 272 643 275 684 256 685 small-vehicle 0.5238
343 677 340 657 386 651 389 670 small-vehicle 0.5040
721 322 739 319 745 359 726 362 small-vehicle 0.5026
742 313 759 311 765 353 747 355 small-vehicle 0.4924
644 442 642 424 683 420 685 438 small-vehicle 0.3942
352 628 349 614 381 607 383 621 small-vehicle 0.3930
231 643 248 641 253 676 236 678 small-vehicle 0.3833
681 564 699 559 707 591 689 595 small-vehicle 0.3397
804 421 802 402 857 396 859 415 small-vehicle 0.3214
796 612 793 593 837 585 840 604 small-vehicle 0.2673
333 602 330 581 383 574 386 595 small-vehicle 0.2529
660 132 680 128 690 182 671 186 small-vehicle 0.2312
152 184 169 181 177 217 159 221 small-vehicle 0.2068
265 555 289 553 294 619 269 621 small-vehicle 0.1969
570 449 568 430 623 423 625 442 small-vehicle 0.1931
308 320 308 297 377 297 378 319 small-vehicle 0.1796
644 262 646 242 741 255 738 275 small-vehicle 0.1661
334 477 333 451 408 449 409 474 small-vehicle 0.1515
803 100 823 97 832 146 812 150 small-vehicle 0.1514
378 518 395 520 392 552 375 550 small-vehicle 0.1442
398 378 395 355 465 345 468 368 small-vehicle 0.1411
727 245 744 240 753 270 735 275 small-vehicle 0.1369
681 600 697 599 702 648 686 650 small-vehicle 0.1304
766 105 792 99 807 169 781 175 small-vehicle 0.1285
205 177 229 174 238 249 214 252 small-vehicle 0.1273
384 433 383 412 455 407 457 428 small-vehicle 0.1267
752 261 751 240 864 238 864 259 small-vehicle 0.1241
359 161 384 157 394 232 369 236 small-vehicle 0.1230
239 186 264 187 260 252 236 250 small-vehicle 0.1228
178 183 199 180 205 240 185 242 small-vehicle 0.1224
348 652 345 633 386 626 389 645 small-vehicle 0.1213
661 304 661 283 748 281 749 303 small-vehicle 0.1211
268 245 269 225 302 226 301 246 small-vehicle 0.1173
746 296 745 275 861 271 861 293 small-vehicle 0.1167
292 166 316 161 333 239 310 245 small-vehicle 0.1152
289 366 283 344 348 326 354 348 small-vehicle 0.1144
338 411 336 389 471 376 473 399 small-vehicle 0.1130
174 411 173 390 262 388 262 409 small-vehicle 0.1048
389 147 414 145 420 230 395 232 small-vehicle 0.1031
566 299 568 277 663 285 661 306 small-vehicle 0.1019
472 140 503 136 517 230 486 235 small-vehicle 0.1006
739 104 765 99 780 183 754 188 large-vehicle 0.8774
389 153 416 150 422 229 395 231 large-vehicle 0.8713
661 304 661 283 748 281 749 303 large-vehicle 0.8676
506 152 536 147 547 221 517 226 large-vehicle 0.8522
474 142 502 138 517 237 489 241 large-vehicle 0.8484
650 272 650 248 742 247 742 271 large-vehicle 0.8480
357 164 385 159 398 234 370 239 large-vehicle 0.8441
686 114 710 112 719 190 696 193 large-vehicle 0.8426
418 149 445 145 457 230 430 234 large-vehicle 0.8403
597 319 623 319 624 413 599 413 large-vehicle 0.8184
752 261 751 240 864 238 864 259 large-vehicle 0.8107
354 349 352 325 452 316 455 339 large-vehicle 0.8086
629 312 653 311 655 410 631 411 large-vehicle 0.8039
712 104 735 101 745 182 722 184 large-vehicle 0.7994
746 296 745 275 861 271 861 293 large-vehicle 0.7835
627 112 653 110 659 195 633 196 large-vehicle 0.7817
659 124 680 120 689 180 668 184 large-vehicle 0.7753
657 316 680 315 686 403 663 404 large-vehicle 0.7719
397 379 393 357 465 346 469 367 large-vehicle 0.7492
351 413 348 389 466 375 469 399 large-vehicle 0.7378
177 412 177 389 258 388 259 411 large-vehicle 0.7376
566 299 568 277 663 285 661 306 large-vehicle 0.7301
561 324 584 320 596 405 573 409 large-vehicle 0.7265
309 325 306 300 377 292 380 316 large-vehicle 0.7261
332 484 327 458 405 443 410 470 large-vehicle 0.7233
567 132 591 129 603 216 578 219 large-vehicle 0.7208
766 105 792 99 807 169 781 175 large-vehicle 0.7129
298 164 322 162 331 239 307 242 large-vehicle 0.7122
537 130 561 126 572 209 548 212 large-vehicle 0.7072
207 178 229 176 237 247 214 249 large-vehicle 0.7022
285 363 282 342 349 330 353 351 large-vehicle 0.6945
324 151 346 146 367 251 344 255 large-vehicle 0.6846
597 113 622 110 631 195 606 198 large-vehicle 0.6724
172 185 196 180 210 240 186 246 large-vehicle 0.6691
180 342 177 319 293 303 297 326 large-vehicle 0.6651
265 555 289 553 294 619 269 621 large-vehicle 0.6540
806 423 803 402 856 395 859 415 large-vehicle 0.6129
306 398 300 375 410 347 416 370 large-vehicle 0.5942
234 184 257 182 262 247 239 248 large-vehicle 0.5855
388 316 385 296 457 288 459 307 large-vehicle 0.5701
334 604 330 584 380 572 384 592 large-vehicle 0.5278
262 185 287 180 301 248 276 253 large-vehicle 0.5114
266 457 262 433 384 414 388 438 large-vehicle 0.4470
636 442 635 421 685 418 686 439 large-vehicle 0.4379
803 100 823 97 832 146 812 150 large-vehicle 0.3953
571 450 569 430 625 422 627 442 large-vehicle 0.3572
385 433 383 410 449 404 451 426 large-vehicle 0.3466
721 322 738 320 743 361 726 363 large-vehicle 0.3408
796 612 793 593 837 586 840 604 large-vehicle 0.3112
344 675 342 656 387 651 389 670 large-vehicle 0.2939
742 313 759 311 765 353 747 355 large-vehicle 0.2816
452 130 469 128 479 232 462 234 large-vehicle 0.2549
839 300 858 306 846 345 826 339 large-vehicle 0.2526
200 145 197 124 319 111 321 132 large-vehicle 0.2323
349 625 348 611 383 608 384 622 large-vehicle 0.2112
799 306 817 310 808 347 791 343 large-vehicle 0.1980
252 645 271 643 275 683 257 685 large-vehicle 0.1966
686 603 700 603 702 681 688 681 large-vehicle 0.1478
773 308 791 310 786 346 768 343 large-vehicle 0.1416
231 643 248 641 253 676 236 678 large-vehicle 0.1121
564 132 589 127 607 217 582 221 ship 0.1761
543 124 568 124 568 212 543 212 ship 0.1542
597 111 621 108 628 179 604 182 ship 0.1359
628 108 657 107 659 194 631 195 ship 0.1322
419 150 446 147 455 227 428 230 ship 0.1023
543 124 568 124 568 212 543 212 harbor 0.1042
508 145 532 142 541 219 517 222 helicopter 0.1905
392 148 418 147 418 230 393 230 helicopter 0.1676
359 161 384 157 394 232 369 236 helicopter 0.1442
535 133 558 128 574 207 552 212 helicopter 0.1425
567 132 591 129 603 216 578 219 helicopter 0.1293
482 139 508 138 510 240 484 240 helicopter 0.1069
323 155 347 150 367 245 343 250 helicopter 0.1066
598 114 624 112 628 189 603 191 helicopter 0.1013
