854 2406 849 2387 888 2377 893 2395 small-vehicle 0.2294
785 2393 777 2372 821 2355 829 2377 small-vehicle 0.2290
203 64 217 50 250 82 237 96 small-vehicle 0.2197
328 2399 326 2378 367 2373 369 2394 small-vehicle 0.2144
1353 2158 1348 2144 1375 2133 1381 2147 small-vehicle 0.1898
2118 1614 2137 1608 2152 1652 2133 1658 small-vehicle 0.1846
1871 2012 1866 1995 1906 1984 1910 2002 small-vehicle 0.1829
914 885 929 869 961 900 946 916 small-vehicle 0.1822
1187 2158 1185 2142 1217 2137 1220 2153 small-vehicle 0.1815
1143 2336 1139 2320 1176 2312 1179 2328 small-vehicle 0.1808
2004 2125 2002 2108 2035 2104 2037 2121 small-vehicle 0.1793
1503 91 1497 70 1537 59 1543 80 small-vehicle 0.1743
1203 2216 1201 2198 1239 2193 1242 2211 small-vehicle 0.1727
1831 2124 1826 2112 1855 2100 1860 2112 small-vehicle 0.1726
1947 2121 1944 2106 1976 2098 1980 2113 small-vehicle 0.1718
394 28 408 14 451 56 437 70 small-vehicle 0.1713
838 421 861 421 860 466 837 466 small-vehicle 0.1712
1072 644 1083 629 1117 655 1105 670 small-vehicle 0.1691
1226 402 1246 402 1248 448 1228 449 small-vehicle 0.1689
1810 1731 1825 1726 1841 1767 1826 1772 small-vehicle 0.1662
964 2275 963 2257 1000 2254 1002 2272 small-vehicle 0.1662
1901 1698 1922 1697 1926 1743 1904 1745 small-vehicle 0.1643
1958 1683 1976 1680 1982 1718 1965 1720 small-vehicle 0.1636
918 2361 914 2339 967 2328 971 2350 small-vehicle 0.1629
1445 1550 1464 1557 1450 1600 1431 1594 small-vehicle 0.1627
742 120 762 120 761 167 741 166 small-vehicle 0.1625
568 213 569 196 604 198 603 216 small-vehicle 0.1621
1001 2200 997 2186 1025 2178 1029 2192 small-vehicle 0.1616
2205 1598 2224 1592 2235 1629 2216 1635 small-vehicle 0.1609
1305 184 1302 166 1336 160 1340 177 small-vehicle 0.1603
2080 1635 2101 1630 2113 1681 2091 1686 small-vehicle 0.1595
940 847 953 834 985 867 971 880 small-vehicle 0.1590
1901 2169 1891 2154 1919 2136 1928 2151 small-vehicle 0.1570
561 776 576 762 607 796 592 810 small-vehicle 0.1557
2250 1859 2243 1837 2289 1822 2296 1844 small-vehicle 0.1541
524 817 537 800 577 831 565 847 small-vehicle 0.1536
1011 570 1024 561 1047 595 1034 603 small-vehicle 0.1533
474 41 495 54 473 90 452 77 small-vehicle 0.1527
839 145 858 149 848 192 829 188 small-vehicle 0.1524
1348 423 1364 433 1342 466 1326 455 small-vehicle 0.1495
2186 1449 2199 1438 2224 1468 2211 1478 small-vehicle 0.1491
782 38 802 41 796 86 776 83 small-vehicle 0.1482
661 124 679 123 681 169 662 169 small-vehicle 0.1472
1678 2162 1674 2150 1701 2142 1705 2154 small-vehicle 0.1469
1869 1130 1884 1119 1908 1151 1893 1162 small-vehicle 0.1467
1001 1177 1017 1163 1054 1204 1039 1218 small-vehicle 0.1436
2114 1385 2129 1375 2148 1406 2133 1416 small-vehicle 0.1436
794 130 814 136 800 178 781 171 small-vehicle 0.1430
1064 420 1084 419 1087 460 1067 461 small-vehicle 0.1430
1309 584 1323 570 1358 605 1343 619 small-vehicle 0.1426
1063 865 1078 853 1103 885 1089 897 small-vehicle 0.1426
1761 1425 1760 1406 1797 1404 1798 1424 small-vehicle 0.1425
816 947 828 933 855 957 843 970 small-vehicle 0.1423
660 27 682 20 697 68 675 75 small-vehicle 0.1423
1572 1456 1586 1443 1614 1475 1599 1487 small-vehicle 0.1418
1102 429 1117 427 1121 463 1105 464 small-vehicle 0.1417
1193 559 1210 548 1233 584 1216 595 small-vehicle 0.1417
1045 1157 1060 1144 1089 1179 1073 1192 small-vehicle 0.1399
1774 1724 1796 1729 1786 1772 1764 1767 small-vehicle 0.1398
2037 1648 2058 1642 2072 1687 2051 1693 small-vehicle 0.1396
276 585 290 575 315 610 301 620 small-vehicle 0.1391
1796 2002 1791 1984 1833 1972 1838 1991 small-vehicle 0.1389
1103 609 1114 594 1148 618 1137 633 small-vehicle 0.1389
837 51 857 56 846 100 826 95 small-vehicle 0.1378
1627 1399 1644 1392 1659 1432 1641 1438 small-vehicle 0.1370
855 149 870 151 863 189 848 187 small-vehicle 0.1369
1517 1365 1529 1353 1558 1380 1547 1392 small-vehicle 0.1368
1488 1398 1503 1387 1529 1422 1514 1433 small-vehicle 0.1361
1149 82 1168 75 1186 128 1167 135 small-vehicle 0.1361
2246 1578 2266 1574 2277 1619 2257 1624 small-vehicle 0.1354
1066 2221 1060 2201 1103 2190 1108 2210 small-vehicle 0.1349
1689 1122 1704 1112 1725 1144 1711 1154 small-vehicle 0.1340
896 643 907 632 931 659 919 669 small-vehicle 0.1336
701 112 720 114 714 165 695 163 small-vehicle 0.1336
1026 917 1042 905 1069 942 1053 954 small-vehicle 0.1328
1775 2175 1770 2158 1802 2148 1808 2164 small-vehicle 0.1324
1106 1062 1120 1045 1165 1081 1151 1098 small-vehicle 0.1322
2171 2033 2165 2017 2200 2004 2205 2020 small-vehicle 0.1321
743 392 762 391 764 436 745 437 small-vehicle 0.1318
1965 2210 1981 2207 1988 2243 1972 2246 small-vehicle 0.1316
1278 620 1296 607 1326 646 1309 660 small-vehicle 0.1316
1195 1306 1213 1291 1241 1328 1223 1342 small-vehicle 0.1316
722 114 740 115 738 161 720 161 small-vehicle 0.1314
1129 856 1143 845 1170 878 1157 889 small-vehicle 0.1308
111 404 124 388 165 420 152 436 small-vehicle 0.1305
1286 396 1306 397 1303 441 1283 440 small-vehicle 0.1305
1557 1314 1569 1302 1603 1337 1591 1349 small-vehicle 0.1297
966 430 982 428 985 459 968 461 small-vehicle 0.1291
985 953 1000 940 1027 973 1012 986 small-vehicle 0.1288
982 1011 994 999 1024 1028 1012 1040 small-vehicle 0.1273
1682 2174 1677 2164 1697 2152 1703 2162 small-vehicle 0.1270
2022 1490 2037 1479 2059 1513 2044 1523 small-vehicle 0.1261
2250 2008 2242 1993 2277 1975 2285 1990 small-vehicle 0.1253
2123 1309 2136 1294 2176 1328 2163 1343 small-vehicle 0.1251
1213 1288 1231 1278 1253 1316 1235 1326 small-vehicle 0.1248
1696 2161 1695 2152 1717 2148 1718 2158 small-vehicle 0.1245
362 7 376 -6 410 25 397 40 small-vehicle 0.1238
635 856 651 860 640 895 625 890 small-vehicle 0.1229
141 321 157 312 181 353 165 362 small-vehicle 0.1224
1281 2301 1274 2283 1304 2271 1311 2288 small-vehicle 0.1224
1052 680 1068 665 1112 714 1096 729 small-vehicle 0.1219
1708 1085 1723 1067 1761 1098 1746 1116 small-vehicle 0.1219
906 417 928 419 924 460 902 458 small-vehicle 0.1215
692 25 712 25 711 72 691 72 small-vehicle 0.1213
479 907 494 894 522 929 507 941 small-vehicle 0.1212
1748 863 1759 849 1801 884 1789 898 small-vehicle 0.1211
1103 236 1100 217 1140 211 1142 231 small-vehicle 0.1210
762 125 782 126 780 172 760 171 small-vehicle 0.1208
2514 1805 2520 1790 2551 1803 2545 1818 small-vehicle 0.1206
2046 1249 2060 1240 2082 1275 2067 1283 small-vehicle 0.1202
909 1028 926 1017 951 1053 934 1064 small-vehicle 0.1193
1130 925 1147 933 1131 970 1114 963 small-vehicle 0.1193
1967 1232 1982 1219 2010 1252 1996 1265 small-vehicle 0.1190
1774 1024 1793 1013 1815 1050 1796 1061 small-vehicle 0.1190
2306 1972 2301 1952 2343 1943 2347 1963 small-vehicle 0.1186
2117 2101 2110 2085 2140 2069 2148 2085 small-vehicle 0.1159
2232 2054 2233 2033 2279 2035 2278 2055 small-vehicle 0.1149
1166 411 1186 410 1188 456 1169 457 small-vehicle 0.1147
2016 2195 2034 2193 2038 2229 2021 2231 small-vehicle 0.1144
642 1063 655 1049 683 1075 671 1089 small-vehicle 0.1143
1987 1515 2002 1499 2038 1533 2022 1549 small-vehicle 0.1141
2462 1888 2454 1871 2494 1851 2502 1868 small-vehicle 0.1140
1385 500 1373 485 1404 461 1416 475 small-vehicle 0.1134
632 569 645 558 673 589 660 601 small-vehicle 0.1131
860 48 880 51 873 97 853 94 small-vehicle 0.1129
1685 909 1698 897 1730 931 1717 943 small-vehicle 0.1125
782 393 801 395 797 438 778 436 small-vehicle 0.1116
2286 1951 2278 1933 2320 1915 2328 1934 small-vehicle 0.1111
1118 597 1130 581 1163 605 1151 621 small-vehicle 0.1109
1875 1590 1886 1578 1916 1605 1905 1617 small-vehicle 0.1107
1147 1042 1157 1029 1189 1055 1179 1068 small-vehicle 0.1103
1079 1126 1088 1114 1116 1135 1107 1147 small-vehicle 0.1098
1675 1420 1689 1410 1714 1445 1700 1455 small-vehicle 0.1092
1351 2140 1349 2128 1375 2123 1378 2135 small-vehicle 0.1083
1061 1074 1076 1061 1107 1095 1092 1108 small-vehicle 0.1082
1115 415 1135 413 1139 457 1119 459 small-vehicle 0.1081
2358 1944 2352 1929 2385 1918 2390 1934 small-vehicle 0.1078
1413 470 1425 481 1403 506 1390 495 small-vehicle 0.1077
2052 2050 2042 2030 2094 2005 2104 2025 small-vehicle 0.1075
1393 1221 1409 1212 1430 1249 1414 1258 small-vehicle 0.1072
1245 1394 1260 1384 1280 1413 1265 1423 small-vehicle 0.1071
1304 1394 1316 1383 1340 1411 1328 1422 small-vehicle 0.1070
1838 2130 1836 2118 1860 2114 1862 2126 small-vehicle 0.1066
2414 1972 2408 1957 2441 1944 2447 1959 small-vehicle 0.1065
1175 2287 1173 2274 1200 2270 1202 2283 small-vehicle 0.1060
1822 2111 1817 2100 1844 2088 1849 2099 small-vehicle 0.1059
1083 429 1100 429 1100 461 1083 461 small-vehicle 0.1057
1258 710 1270 695 1307 725 1294 740 small-vehicle 0.1056
2220 1421 2231 1410 2258 1437 2246 1448 small-vehicle 0.1055
2049 1444 2061 1432 2094 1467 2083 1478 small-vehicle 0.1054
1596 2215 1593 2199 1638 2190 1642 2207 small-vehicle 0.1052
1344 624 1356 614 1382 645 1369 655 small-vehicle 0.1052
1136 1001 1145 987 1178 1011 1168 1024 small-vehicle 0.1051
1559 1473 1573 1460 1600 1488 1586 1501 small-vehicle 0.1047
2115 2056 2113 2040 2147 2034 2149 2051 small-vehicle 0.1046
1878 1190 1891 1181 1912 1213 1899 1222 small-vehicle 0.1040
1652 1371 1664 1359 1694 1389 1682 1401 small-vehicle 0.1031
675 513 685 505 708 533 699 541 small-vehicle 0.1031
1657 1164 1667 1152 1690 1174 1680 1185 small-vehicle 0.1023
2063 2074 2061 2058 2098 2053 2100 2069 small-vehicle 0.1022
1294 2319 1293 2300 1330 2298 1331 2317 small-vehicle 0.1008
542 798 554 784 586 814 574 828 small-vehicle 0.1006
797 44 818 45 816 95 795 94 small-vehicle 0.1002
1350 473 1339 460 1370 433 1382 446 small-vehicle 0.1001
1782 1295 1796 1288 1812 1320 1799 1327 small-vehicle 0.1001
1020 1560 1036 1548 1089 1624 1073 1635 large-vehicle 0.3706
1645 1870 1644 1846 1733 1841 1734 1865 large-vehicle 0.3233
661 2310 662 2289 723 2291 722 2312 large-vehicle 0.1898
990 87 1014 92 997 170 973 165 large-vehicle 0.1736
1579 2255 1579 2234 1674 2234 1674 2256 large-vehicle 0.1642
738 596 752 582 805 634 791 648 large-vehicle 0.1481
757 555 773 540 832 602 816 617 large-vehicle 0.1406
2291 1887 2279 1869 2338 1831 2350 1850 large-vehicle 0.1400
2052 2052 2043 2033 2095 2006 2104 2025 large-vehicle 0.1288
1796 2002 1791 1984 1833 1972 1838 1991 large-vehicle 0.1197
1055 680 1071 667 1110 717 1094 730 large-vehicle 0.1195
1265 57 1280 48 1307 90 1291 100 large-vehicle 0.1108
1872 2355 1862 2337 1913 2310 1922 2327 large-vehicle 0.1084
1748 863 1759 849 1801 884 1789 898 large-vehicle 0.1013
2282 1893 2269 1873 2334 1832 2347 1852 ship 0.1212
1052 676 1070 662 1111 716 1094 729 ship 0.1044
2330 876 2350 858 2387 899 2366 917 ship 0.1027
2040 1651 2061 1646 2071 1688 2050 1693 ship 0.1021
39 2191 81 2197 74 2244 32 2239 storage-tank 0.1035
