1431 2614 1447 2610 1456 2648 1440 2651 small-vehicle 0.1334
893 2523 909 2512 933 2546 917 2557 small-vehicle 0.1279
2661 79 2676 67 2697 94 2681 106 small-vehicle 0.1094
1155 2603 1160 2592 1187 2605 1182 2616 small-vehicle 0.1046
1496 209 1509 189 1604 253 1591 273 large-vehicle 0.1184
191 674 214 680 194 761 171 755 large-vehicle 0.1149
174 2178 193 2181 186 2228 167 2225 large-vehicle 0.1119
1703 261 1709 248 1743 263 1738 277 large-vehicle 0.1019
1904 2548 1926 2550 1920 2603 1898 2600 ship 0.1132
2266 2240 2195 2077 2498 1943 2570 2107 basketball-court 0.1439
429 270 1508 423 1225 2409 147 2256 soccer-ball-field 0.2954
2088 2213 2099 1954 2583 1975 2572 2234 soccer-ball-field 0.1596
