227 418 1038 101 1578 1484 767 1801 baseball-diamond 0.1235
227 418 1038 101 1578 1484 767 1801 ground-track-field 0.6634
2005 3034 2024 3024 2046 3067 2026 3077 small-vehicle 0.1181
1530 763 1632 751 1657 961 1555 973 tennis-court 0.3245
780 2651 714 2513 1065 2348 1130 2486 basketball-court 0.1452
1530 763 1632 751 1657 961 1555 973 basketball-court 0.1347
630 2120 549 1965 858 1802 940 1957 basketball-court 0.1109
564 607 1169 563 1226 1344 620 1388 soccer-ball-field 0.7436
471 1930 898 1730 1234 2448 806 2648 soccer-ball-field 0.4633
1520 766 1630 749 1664 972 1554 989 soccer-ball-field 0.1230
907 3382 908 3363 945 3365 944 3384 swimming-pool 0.1402
1435 1233 1468 1226 1476 1269 1443 1275 swimming-pool 0.1041
