141 4170 238 4167 241 4315 144 4317 plane 0.2976
6584 1768 6590 1641 6758 1649 6752 1776 plane 0.2917
9966 1126 10061 1081 10129 1225 10034 1269 plane 0.2898
3257 4276 3259 4204 3369 4208 3367 4279 plane 0.2862
10073 1304 10165 1263 10221 1388 10129 1429 plane 0.2653
10207 802 10296 770 10345 906 10256 938 plane 0.2264
1657 4608 1753 4609 1750 4767 1654 4765 plane 0.2223
5775 2862 5815 2804 5908 2868 5868 2926 plane 0.2211
9609 1004 9693 955 9757 1063 9673 1113 plane 0.2180
4107 2187 4174 2177 4191 2293 4123 2303 plane 0.2081
692 4228 789 4194 845 4353 749 4387 plane 0.2051
6406 1468 6495 1433 6544 1559 6455 1594 plane 0.1991
9902 1380 9995 1347 10042 1479 9948 1512 plane 0.1967
9048 953 9097 891 9190 964 9142 1026 plane 0.1959
10358 1241 10450 1212 10489 1333 10396 1363 plane 0.1937
6588 1459 6657 1377 6770 1472 6701 1554 plane 0.1925
5304 2706 5372 2668 5428 2768 5361 2806 plane 0.1808
343 4099 432 4071 471 4193 382 4222 plane 0.1660
5703 2575 5770 2505 5882 2612 5814 2683 plane 0.1658
4329 2106 4393 2103 4398 2225 4334 2228 plane 0.1557
4078 3680 4146 3613 4257 3724 4188 3792 plane 0.1471
3808 3787 3861 3771 3892 3870 3839 3886 plane 0.1409
10590 1164 10646 1138 10685 1222 10628 1248 plane 0.1400
9146 1263 9168 1176 9311 1212 9289 1299 plane 0.1349
3102 3363 3155 3291 3277 3382 3224 3454 plane 0.1338
3267 4296 3314 4254 3358 4304 3311 4346 plane 0.1255
12 4201 114 4198 119 4348 17 4352 plane 0.1213
7730 2707 7754 2653 7844 2692 7820 2746 plane 0.1144
9336 1296 9402 1281 9424 1374 9358 1389 plane 0.1121
10368 1184 10427 1160 10457 1232 10398 1257 plane 0.1098
10314 819 10363 802 10384 864 10335 881 plane 0.1095
10059 1448 10114 1427 10142 1500 10087 1522 plane 0.1054
10144 1239 10213 1213 10242 1292 10173 1318 plane 0.1029
9686 1121 9730 1076 9788 1131 9744 1177 plane 0.1023
6224 1556 6309 1536 6343 1675 6259 1696 plane 0.1018
