366 127 355 66 456 48 467 109 ground-track-field 0.1078
216 53 211 43 236 29 241 40 small-vehicle 0.2460
606 377 608 368 630 372 628 382 small-vehicle 0.2356
59 58 59 49 77 48 77 57 small-vehicle 0.2104
54 38 54 28 74 28 73 39 small-vehicle 0.2018
520 436 520 426 539 424 540 434 small-vehicle 0.1944
523 455 522 446 541 445 541 455 small-vehicle 0.1922
86 37 96 37 94 58 84 57 small-vehicle 0.1840
63 86 62 74 85 71 86 82 small-vehicle 0.1793
53 91 60 84 77 100 70 107 small-vehicle 0.1736
36 113 46 113 48 134 37 135 small-vehicle 0.1450
97 87 107 87 107 105 97 105 small-vehicle 0.1424
128 105 137 106 134 123 125 122 small-vehicle 0.1075
633 439 645 437 649 460 636 462 small-vehicle 0.1047
617 63 630 62 630 99 618 100 large-vehicle 0.2344
177 234 218 232 222 318 181 320 tennis-court 0.9780
403 234 443 232 447 313 407 315 tennis-court 0.9757
232 233 272 232 275 318 235 320 tennis-court 0.9722
335 234 374 230 382 313 342 316 tennis-court 0.9721
277 515 316 515 316 595 277 595 tennis-court 0.9693
457 232 497 231 499 316 459 317 tennis-court 0.9680
280 378 319 380 314 463 275 460 tennis-court 0.9676
284 233 325 231 329 316 289 318 tennis-court 0.9659
331 378 372 379 369 463 328 461 tennis-court 0.9624
331 513 371 515 368 598 327 596 tennis-court 0.9480
124 233 165 233 165 318 124 318 tennis-court 0.9365
191 378 230 379 229 459 190 458 tennis-court 0.9298
465 538 465 517 504 516 504 538 tennis-court 0.8346
465 561 468 541 504 546 501 566 tennis-court 0.5937
465 561 467 542 504 546 501 566 basketball-court 0.1464
280 515 318 516 316 603 277 602 basketball-court 0.1071
322 518 363 513 372 597 332 602 swimming-pool 0.1123
