133 575 163 577 161 608 131 606 baseball-diamond 0.1027
59 326 74 327 71 356 56 354 small-vehicle 0.2009
248 485 288 486 287 569 247 568 tennis-court 0.9269
199 337 238 339 234 421 195 419 tennis-court 0.9262
261 339 301 338 302 420 262 420 tennis-court 0.9137
184 486 223 485 224 565 186 565 tennis-court 0.9007
264 212 304 211 307 291 267 293 tennis-court 0.8757
202 208 239 207 241 291 203 291 tennis-court 0.8657
180 614 221 612 223 693 182 694 tennis-court 0.8254
245 613 287 615 284 699 242 698 tennis-court 0.8022
16 461 18 444 52 448 50 465 basketball-court 0.1179
41 177 63 180 60 204 38 201 storage-tank 0.1400
133 575 163 577 161 608 131 606 roundabout 0.1962
184 613 227 617 218 701 175 697 swimming-pool 0.1488
249 488 292 490 289 572 246 571 swimming-pool 0.1286
242 616 286 616 286 703 243 703 swimming-pool 0.1216
202 208 239 207 241 291 203 291 swimming-pool 0.1157
270 213 310 216 304 299 264 296 swimming-pool 0.1109
186 487 227 490 222 568 181 565 swimming-pool 0.1081
