1035 95 1037 85 1076 94 1074 103 bridge 0.1465
564 113 575 114 573 135 562 134 small-vehicle 0.2276
328 102 338 104 336 125 325 124 small-vehicle 0.2175
609 59 622 58 624 84 612 85 small-vehicle 0.2144
341 50 351 50 351 69 341 69 small-vehicle 0.2013
167 101 178 100 180 123 168 124 small-vehicle 0.1894
894 118 906 119 904 144 893 143 small-vehicle 0.1743
214 44 226 44 226 68 214 68 small-vehicle 0.1701
150 100 161 100 160 123 149 122 small-vehicle 0.1597
595 114 606 115 604 138 593 137 small-vehicle 0.1596
874 122 884 124 879 146 869 144 small-vehicle 0.1557
265 5 277 4 278 27 266 28 small-vehicle 0.1547
617 115 627 115 626 137 616 136 small-vehicle 0.1528
846 69 856 67 861 90 850 93 small-vehicle 0.1510
648 64 659 64 659 84 649 84 small-vehicle 0.1460
640 62 650 63 650 85 639 84 small-vehicle 0.1366
480 60 490 59 491 78 481 79 small-vehicle 0.1361
697 66 707 66 707 86 696 86 small-vehicle 0.1358
677 62 688 62 687 83 676 83 small-vehicle 0.1350
665 113 675 114 673 138 663 137 small-vehicle 0.1311
193 46 203 45 204 69 194 69 small-vehicle 0.1303
629 60 641 61 640 84 628 84 small-vehicle 0.1256
287 2 298 3 296 25 285 24 small-vehicle 0.1212
691 115 701 116 699 138 688 137 small-vehicle 0.1173
523 61 533 60 534 78 524 78 small-vehicle 0.1156
674 113 684 114 683 137 673 136 small-vehicle 0.1150
706 118 716 119 713 140 703 138 small-vehicle 0.1145
601 59 612 60 611 81 600 80 small-vehicle 0.1144
718 245 711 232 741 217 748 230 small-vehicle 0.1138
866 71 874 69 877 88 868 89 small-vehicle 0.1089
724 117 735 118 733 141 722 139 small-vehicle 0.1069
465 60 475 59 478 79 468 80 small-vehicle 0.1064
1177 293 1185 289 1193 307 1185 310 small-vehicle 0.1064
889 71 898 70 899 88 890 89 small-vehicle 0.1061
1096 216 1095 205 1121 205 1121 216 small-vehicle 0.1051
502 59 512 59 512 78 502 78 small-vehicle 0.1043
656 112 667 114 662 137 652 135 small-vehicle 0.1035
1118 233 1118 223 1139 221 1140 232 small-vehicle 0.1032
739 72 747 69 754 84 745 87 small-vehicle 0.1026
669 63 679 65 677 83 667 82 small-vehicle 0.1017
715 117 725 119 722 140 712 138 small-vehicle 0.1014
826 64 838 63 839 86 828 87 small-vehicle 0.1010
989 331 1034 314 1069 410 1023 426 tennis-court 0.9618
134 375 182 374 185 469 137 470 tennis-court 0.9594
270 375 318 374 319 472 272 473 tennis-court 0.9583
274 223 323 225 319 324 271 323 tennis-court 0.9533
138 225 185 223 189 320 142 322 tennis-court 0.9505
216 375 262 377 259 473 213 472 tennis-court 0.9501
931 180 977 164 1010 257 964 273 tennis-court 0.9485
348 377 397 379 393 476 344 474 tennis-court 0.9482
769 382 814 366 847 464 802 479 tennis-court 0.9427
351 227 399 227 399 323 351 323 tennis-court 0.9419
216 225 263 225 265 319 218 320 tennis-court 0.9410
79 372 125 372 124 469 78 469 tennis-court 0.9326
856 210 903 191 943 286 896 305 tennis-court 0.9206
82 222 130 223 128 320 80 319 tennis-court 0.9150
865 383 909 369 937 461 893 475 tennis-court 0.9147
410 231 459 234 453 333 404 330 tennis-court 0.9070
915 362 961 345 995 438 949 455 tennis-court 0.9013
982 163 1029 144 1070 240 1023 260 tennis-court 0.8872
807 226 850 211 885 310 842 325 tennis-court 0.8740
715 402 759 386 795 484 751 500 tennis-court 0.8611
1040 317 1085 300 1121 390 1076 408 tennis-court 0.8360
405 382 453 379 459 469 411 472 tennis-court 0.8144
544 314 632 299 655 431 567 446 tennis-court 0.1661
648 394 656 376 679 387 671 404 tennis-court 0.1025
413 382 456 386 448 468 405 464 basketball-court 0.2123
870 376 908 366 933 459 896 470 basketball-court 0.1642
218 230 267 232 263 318 214 316 basketball-court 0.1635
350 382 397 384 394 476 347 474 basketball-court 0.1586
82 224 129 223 130 319 84 320 basketball-court 0.1577
714 406 752 388 793 474 755 492 basketball-court 0.1511
914 361 959 345 993 439 949 456 basketball-court 0.1409
137 227 186 225 190 322 141 324 basketball-court 0.1406
135 376 179 372 187 473 143 477 basketball-court 0.1324
269 380 316 378 321 469 273 471 basketball-court 0.1319
349 231 398 232 396 321 347 320 basketball-court 0.1231
1041 317 1078 302 1114 393 1078 408 basketball-court 0.1222
771 382 818 368 847 469 800 482 basketball-court 0.1197
273 229 320 229 319 324 272 324 basketball-court 0.1158
81 372 125 373 124 469 80 469 basketball-court 0.1083
990 334 1030 317 1066 402 1027 419 basketball-court 0.1076
211 382 258 379 264 468 216 471 basketball-court 0.1004
715 408 753 389 794 471 755 490 soccer-ball-field 0.1134
807 224 848 210 883 312 842 326 soccer-ball-field 0.1008
561 305 648 312 639 429 552 423 swimming-pool 0.6657
648 394 656 376 679 387 671 404 swimming-pool 0.1468
139 374 181 373 183 468 141 469 swimming-pool 0.1034
