137 899 153 886 207 953 191 966 bridge 0.1159
499 1346 485 1329 549 1274 563 1290 bridge 0.1096
579 177 595 193 531 258 515 242 bridge 0.1058
521 474 508 457 575 409 588 426 bridge 0.1055
555 515 572 531 517 592 500 576 bridge 0.1053
521 685 509 668 569 625 581 642 bridge 0.1051
502 1096 488 1081 550 1022 564 1037 bridge 0.1019
68 396 82 382 140 438 125 453 small-vehicle 0.1934
349 1341 365 1326 425 1388 410 1403 small-vehicle 0.1864
55 632 70 618 131 685 115 699 small-vehicle 0.1834
287 271 303 255 368 319 352 335 small-vehicle 0.1822
288 348 300 332 368 387 355 402 small-vehicle 0.1796
274 1339 287 1325 350 1389 337 1402 small-vehicle 0.1778
346 1418 361 1404 423 1472 408 1486 small-vehicle 0.1777
356 1057 371 1044 422 1105 407 1118 small-vehicle 0.1705
276 1266 293 1251 360 1325 343 1340 small-vehicle 0.1701
512 1220 501 1201 570 1162 581 1181 small-vehicle 0.1697
371 394 387 380 443 443 427 457 small-vehicle 0.1684
354 1383 370 1369 427 1436 411 1450 small-vehicle 0.1582
279 662 293 646 349 695 335 711 small-vehicle 0.1551
137 792 152 777 210 836 195 851 small-vehicle 0.1544
57 562 72 548 133 615 117 629 small-vehicle 0.1493
139 642 152 630 205 691 192 703 small-vehicle 0.1434
504 1204 488 1187 555 1126 570 1143 small-vehicle 0.1432
280 732 295 717 344 766 330 780 small-vehicle 0.1425
126 382 142 367 210 435 195 450 small-vehicle 0.1413
284 699 299 685 358 746 344 760 small-vehicle 0.1397
513 1614 499 1595 555 1557 569 1577 small-vehicle 0.1394
118 522 131 508 200 573 186 587 small-vehicle 0.1390
351 732 365 718 427 782 413 795 small-vehicle 0.1383
283 879 297 864 358 920 345 935 small-vehicle 0.1379
50 422 64 406 134 469 120 485 small-vehicle 0.1373
63 534 76 520 133 577 119 591 small-vehicle 0.1368
553 1371 570 1387 510 1452 493 1437 small-vehicle 0.1364
288 627 303 613 359 673 345 687 small-vehicle 0.1358
280 377 294 362 350 413 337 428 small-vehicle 0.1338
127 935 141 920 209 981 195 997 small-vehicle 0.1330
58 494 75 477 138 539 122 556 small-vehicle 0.1324
519 800 502 782 564 726 580 744 small-vehicle 0.1269
53 786 68 769 132 830 116 846 small-vehicle 0.1268
62 861 78 847 135 911 119 925 small-vehicle 0.1265
285 916 299 902 358 961 344 975 small-vehicle 0.1253
289 310 304 295 369 357 354 373 small-vehicle 0.1247
47 1175 62 1161 123 1225 108 1239 small-vehicle 0.1246
556 950 571 966 513 1025 498 1009 small-vehicle 0.1238
130 604 146 588 207 651 190 666 small-vehicle 0.1232
133 901 148 886 208 944 194 959 small-vehicle 0.1212
129 827 140 814 199 866 188 879 small-vehicle 0.1208
43 1235 59 1223 91 1268 75 1280 small-vehicle 0.1187
495 1594 482 1579 548 1524 561 1539 small-vehicle 0.1173
48 918 64 904 122 969 106 983 small-vehicle 0.1165
61 762 74 745 130 789 117 806 small-vehicle 0.1158
494 600 481 581 552 531 566 550 small-vehicle 0.1155
496 736 484 718 555 672 567 690 small-vehicle 0.1148
283 838 297 824 358 885 343 899 small-vehicle 0.1146
292 421 307 407 365 469 351 482 small-vehicle 0.1141
357 663 371 651 428 719 414 731 small-vehicle 0.1136
506 771 491 752 559 701 573 719 small-vehicle 0.1134
48 955 62 941 122 1002 108 1016 small-vehicle 0.1128
285 485 298 470 350 515 337 530 small-vehicle 0.1125
290 518 306 503 361 565 344 580 small-vehicle 0.1108
499 524 488 509 560 458 571 473 small-vehicle 0.1095
137 468 151 452 221 517 207 532 small-vehicle 0.1073
132 711 150 697 207 769 190 783 small-vehicle 0.1070
287 560 300 545 363 603 349 617 small-vehicle 0.1069
359 836 373 825 422 884 409 895 small-vehicle 0.1066
357 1131 371 1118 418 1169 404 1181 small-vehicle 0.1066
513 911 499 897 558 843 571 858 small-vehicle 0.1061
66 718 82 702 145 770 129 785 small-vehicle 0.1047
498 992 484 974 549 923 564 941 small-vehicle 0.1032
521 257 508 239 577 189 590 207 small-vehicle 0.1028
521 685 509 668 569 625 581 642 small-vehicle 0.1024
291 595 306 582 360 638 346 652 small-vehicle 0.1015
363 423 377 409 438 469 424 483 small-vehicle 0.1015
273 1295 290 1286 305 1314 289 1323 small-vehicle 0.1012
45 1346 60 1332 122 1397 107 1411 large-vehicle 0.8636
58 708 75 694 138 767 122 782 large-vehicle 0.8301
116 1280 130 1267 195 1337 182 1350 large-vehicle 0.8246
111 1523 123 1510 191 1574 179 1587 large-vehicle 0.8170
116 1588 130 1575 192 1647 178 1659 large-vehicle 0.8125
137 792 152 777 210 836 195 851 large-vehicle 0.8113
107 1483 120 1469 196 1539 183 1553 large-vehicle 0.8100
45 1241 60 1226 125 1295 110 1309 large-vehicle 0.8094
37 1664 52 1651 117 1724 102 1737 large-vehicle 0.8086
364 491 378 479 433 543 420 555 large-vehicle 0.8079
120 1244 136 1231 196 1304 181 1317 large-vehicle 0.8067
137 468 151 452 221 517 207 532 large-vehicle 0.8012
116 1339 129 1328 191 1405 178 1416 large-vehicle 0.8009
44 1631 59 1617 118 1682 103 1696 large-vehicle 0.7976
288 342 303 327 364 393 349 407 large-vehicle 0.7969
133 825 146 813 197 868 184 880 large-vehicle 0.7928
346 1418 361 1404 423 1472 408 1486 large-vehicle 0.7897
371 394 387 380 443 443 427 457 large-vehicle 0.7877
61 677 77 662 138 729 122 744 large-vehicle 0.7869
119 1067 133 1053 197 1117 183 1131 large-vehicle 0.7849
120 1205 134 1192 197 1261 183 1274 large-vehicle 0.7844
110 1701 125 1687 190 1756 176 1770 large-vehicle 0.7842
139 642 152 630 205 691 192 703 large-vehicle 0.7836
46 1377 61 1364 121 1435 106 1448 large-vehicle 0.7797
121 996 136 982 203 1053 188 1067 large-vehicle 0.7797
130 930 144 918 201 982 186 994 large-vehicle 0.7753
139 717 154 704 208 763 193 776 large-vehicle 0.7732
285 377 302 362 366 433 350 448 large-vehicle 0.7707
106 1617 120 1604 183 1673 169 1686 large-vehicle 0.7696
351 732 365 718 427 782 413 795 large-vehicle 0.7693
45 1094 59 1080 122 1142 108 1156 large-vehicle 0.7680
48 1452 62 1439 122 1505 107 1518 large-vehicle 0.7668
44 1515 59 1502 118 1569 103 1582 large-vehicle 0.7663
118 1424 132 1410 195 1473 181 1487 large-vehicle 0.7662
46 1277 59 1263 117 1323 103 1337 large-vehicle 0.7659
118 1380 134 1367 193 1440 177 1453 large-vehicle 0.7646
363 423 377 409 438 469 424 483 large-vehicle 0.7644
354 1383 370 1369 427 1436 411 1450 large-vehicle 0.7609
46 1022 61 1009 122 1074 107 1087 large-vehicle 0.7605
49 1063 63 1048 125 1110 111 1125 large-vehicle 0.7594
61 528 76 515 129 578 113 590 large-vehicle 0.7568
137 504 152 490 214 552 200 566 large-vehicle 0.7567
48 1175 64 1160 126 1225 110 1240 large-vehicle 0.7565
58 788 73 775 129 835 114 848 large-vehicle 0.7558
62 638 77 624 136 686 120 701 large-vehicle 0.7558
132 746 147 733 203 796 188 809 large-vehicle 0.7542
40 1414 54 1400 115 1460 102 1474 large-vehicle 0.7525
371 460 387 447 437 511 421 523 large-vehicle 0.7499
62 823 77 810 133 877 118 890 large-vehicle 0.7495
49 1129 65 1115 126 1184 109 1199 large-vehicle 0.7472
114 1659 128 1647 190 1720 176 1732 large-vehicle 0.7471
292 421 307 407 365 469 351 482 large-vehicle 0.7443
283 879 297 864 358 920 345 935 large-vehicle 0.7439
356 838 370 825 426 886 412 899 large-vehicle 0.7434
118 522 131 508 200 573 186 587 large-vehicle 0.7418
269 1155 283 1141 346 1204 332 1218 large-vehicle 0.7402
135 385 151 371 206 436 191 449 large-vehicle 0.7399
47 955 62 940 126 1005 111 1020 large-vehicle 0.7394
48 989 64 975 126 1042 110 1057 large-vehicle 0.7392
44 1490 57 1475 120 1532 108 1546 large-vehicle 0.7387
511 343 497 328 558 272 572 286 large-vehicle 0.7366
498 994 484 977 550 920 564 936 large-vehicle 0.7337
285 916 299 902 358 961 344 975 large-vehicle 0.7328
134 608 148 594 206 652 192 666 large-vehicle 0.7314
62 490 80 476 137 551 119 564 large-vehicle 0.7299
272 1339 286 1325 351 1388 338 1402 large-vehicle 0.7293
357 663 371 651 428 719 414 731 large-vehicle 0.7279
59 753 74 738 126 793 111 808 large-vehicle 0.7263
289 487 303 473 359 530 344 545 large-vehicle 0.7254
136 905 149 891 206 946 193 960 large-vehicle 0.7236
511 911 496 894 562 840 576 857 large-vehicle 0.7234
504 1201 489 1184 555 1125 569 1142 large-vehicle 0.7208
49 916 65 903 126 975 110 988 large-vehicle 0.7208
276 1266 293 1251 360 1325 343 1340 large-vehicle 0.7195
38 1580 53 1567 115 1637 100 1650 large-vehicle 0.7184
277 1125 294 1109 352 1171 335 1187 large-vehicle 0.7181
124 1099 139 1087 200 1161 185 1174 large-vehicle 0.7164
356 588 369 576 423 638 409 650 large-vehicle 0.7157
281 734 295 719 355 777 342 791 large-vehicle 0.7153
356 1057 371 1044 422 1105 407 1118 large-vehicle 0.7139
290 518 306 503 361 565 344 580 large-vehicle 0.7135
285 662 299 648 356 706 341 721 large-vehicle 0.7130
494 600 481 581 552 531 566 550 large-vehicle 0.7129
59 858 73 845 127 906 113 919 large-vehicle 0.7119
49 1319 64 1304 121 1359 107 1374 large-vehicle 0.7118
57 559 72 546 128 614 113 626 large-vehicle 0.7100
285 985 301 972 356 1036 341 1050 large-vehicle 0.7076
134 972 149 960 197 1014 183 1027 large-vehicle 0.7065
278 1305 295 1291 353 1358 337 1372 large-vehicle 0.7065
275 1088 290 1073 353 1133 339 1148 large-vehicle 0.7065
358 524 370 512 429 571 417 583 large-vehicle 0.7034
285 769 300 755 355 817 339 830 large-vehicle 0.7029
496 1139 482 1124 542 1067 556 1082 large-vehicle 0.7016
118 1137 130 1123 199 1186 186 1200 large-vehicle 0.6991
279 1054 295 1038 354 1098 337 1114 large-vehicle 0.6979
497 1100 483 1085 545 1026 559 1040 large-vehicle 0.6942
130 1037 145 1024 199 1090 184 1102 large-vehicle 0.6937
351 767 365 754 427 819 414 832 large-vehicle 0.6926
356 1347 372 1333 423 1388 407 1403 large-vehicle 0.6925
37 1201 51 1187 114 1251 99 1265 large-vehicle 0.6922
506 771 491 752 559 701 573 719 large-vehicle 0.6906
285 556 300 542 357 601 342 616 large-vehicle 0.6877
510 1449 494 1433 557 1374 573 1391 large-vehicle 0.6864
508 628 494 612 558 556 572 572 large-vehicle 0.6839
43 1553 58 1540 117 1603 102 1617 large-vehicle 0.6828
50 422 64 406 134 469 120 485 large-vehicle 0.6787
130 1177 144 1164 204 1229 190 1242 large-vehicle 0.6778
359 555 374 543 427 607 413 619 large-vehicle 0.6757
515 800 501 782 567 730 581 747 large-vehicle 0.6755
287 1022 303 1009 357 1072 341 1086 large-vehicle 0.6750
283 838 297 824 358 885 343 899 large-vehicle 0.6744
295 308 312 294 368 365 351 379 large-vehicle 0.6645
351 1119 366 1107 417 1174 402 1186 large-vehicle 0.6636
556 950 571 966 513 1025 498 1009 large-vehicle 0.6630
68 396 82 382 140 438 125 453 large-vehicle 0.6616
506 1157 494 1141 563 1091 575 1107 large-vehicle 0.6602
505 1375 491 1358 560 1299 574 1316 large-vehicle 0.6544
291 595 306 582 360 638 346 652 large-vehicle 0.6540
292 454 307 441 362 501 347 514 large-vehicle 0.6531
135 429 151 413 207 471 191 486 large-vehicle 0.6531
517 484 502 468 572 403 586 418 large-vehicle 0.6483
286 267 305 250 367 322 349 338 large-vehicle 0.6477
282 699 297 684 353 743 338 758 large-vehicle 0.6463
499 1346 485 1329 549 1274 563 1290 large-vehicle 0.6455
509 665 496 650 557 593 571 608 large-vehicle 0.6424
112 1454 125 1440 192 1502 179 1516 large-vehicle 0.6402
283 625 297 611 355 669 341 684 large-vehicle 0.6382
498 1420 482 1401 548 1344 564 1363 large-vehicle 0.6312
360 700 374 687 429 746 415 759 large-vehicle 0.6303
496 736 484 718 555 672 567 690 large-vehicle 0.6187
499 524 488 509 560 458 571 473 large-vehicle 0.6072
521 257 508 239 577 189 590 207 large-vehicle 0.6045
514 693 500 676 571 619 584 636 large-vehicle 0.5926
518 938 505 920 573 869 586 887 large-vehicle 0.5880
520 297 505 279 573 224 588 242 large-vehicle 0.5777
504 415 493 398 557 354 569 372 large-vehicle 0.5718
44 451 56 435 126 487 114 503 large-vehicle 0.5600
515 1225 501 1207 567 1156 581 1174 large-vehicle 0.5522
500 559 488 542 562 490 574 507 large-vehicle 0.5420
500 442 494 422 573 397 579 417 large-vehicle 0.5316
492 1599 478 1584 542 1526 557 1542 large-vehicle 0.5298
502 370 493 353 562 316 571 333 large-vehicle 0.4885
518 1609 506 1591 562 1554 574 1573 large-vehicle 0.2650
113 395 129 385 156 427 141 437 large-vehicle 0.1780
103 1551 116 1534 185 1586 173 1602 large-vehicle 0.1314
500 884 491 866 563 829 572 847 large-vehicle 0.1136
528 1611 512 1593 558 1550 574 1567 ship 0.2010
510 1449 494 1433 557 1374 573 1391 ship 0.1958
556 950 571 966 513 1025 498 1009 ship 0.1948
555 515 572 531 517 592 500 576 ship 0.1653
283 661 298 647 358 711 343 724 ship 0.1601
512 1220 501 1201 570 1162 581 1181 ship 0.1579
505 1375 491 1358 560 1299 574 1316 ship 0.1578
137 795 150 780 207 832 193 847 ship 0.1556
47 1175 62 1161 123 1225 108 1239 ship 0.1502
288 627 303 613 359 673 345 687 ship 0.1471
45 1629 61 1615 119 1686 103 1699 ship 0.1380
351 732 365 718 427 782 413 795 ship 0.1373
291 595 306 582 360 638 346 652 ship 0.1366
284 699 299 685 358 746 344 760 ship 0.1361
285 556 300 542 357 601 342 616 ship 0.1354
285 916 299 902 358 961 344 975 ship 0.1341
290 518 306 503 361 565 344 580 ship 0.1337
281 734 295 719 355 777 342 791 ship 0.1335
285 769 300 755 355 817 339 830 ship 0.1309
498 994 484 977 550 920 564 936 ship 0.1296
139 642 152 630 205 691 192 703 ship 0.1287
275 1088 290 1073 353 1133 339 1148 ship 0.1263
283 879 297 864 358 920 345 935 ship 0.1214
353 595 365 581 423 631 411 645 ship 0.1205
133 825 146 813 197 868 184 880 ship 0.1167
539 1346 555 1361 498 1421 482 1406 ship 0.1156
50 422 64 406 134 469 120 485 ship 0.1147
357 663 371 651 428 719 414 731 ship 0.1139
519 800 502 782 564 726 580 744 ship 0.1139
133 934 148 921 201 981 187 994 ship 0.1123
579 177 595 193 531 258 515 242 ship 0.1122
351 767 365 754 427 819 414 832 ship 0.1118
49 1129 65 1115 126 1184 109 1199 ship 0.1082
286 267 305 250 367 322 349 338 ship 0.1076
279 1054 295 1038 354 1098 337 1114 ship 0.1067
357 556 372 542 427 605 412 619 ship 0.1057
521 474 508 457 575 409 588 426 ship 0.1056
58 494 75 477 138 539 122 556 ship 0.1027
118 522 131 508 200 573 186 587 ship 0.1024
498 1599 483 1584 545 1524 559 1539 ship 0.1021
61 528 76 515 129 578 113 590 ship 0.1012
521 685 509 668 569 625 581 642 ship 0.1007
351 732 365 718 427 782 413 795 helicopter 0.1165
288 627 303 613 359 673 345 687 helicopter 0.1005
137 506 151 491 212 551 198 566 helicopter 0.1002
