95 23 103 26 97 44 88 40 small-vehicle 0.2401
257 219 254 211 274 205 277 213 small-vehicle 0.1462
558 651 556 639 583 635 585 647 small-vehicle 0.1282
341 845 340 832 366 830 367 843 small-vehicle 0.1228
638 838 646 836 651 850 643 853 small-vehicle 0.1184
331 73 339 77 332 90 325 87 small-vehicle 0.1043
224 676 260 663 287 739 252 752 tennis-court 0.9682
281 653 317 641 344 718 308 731 tennis-court 0.9639
339 637 376 624 402 701 365 714 tennis-court 0.9635
284 480 323 467 350 547 311 561 tennis-court 0.9582
226 501 265 487 294 567 256 581 tennis-court 0.9576
170 521 207 507 236 588 199 602 tennis-court 0.9484
395 616 431 602 461 681 424 694 tennis-court 0.9461
340 463 377 448 409 528 372 543 tennis-court 0.9400
180 349 214 338 238 413 204 424 tennis-court 0.9377
167 692 205 681 227 759 189 770 tennis-court 0.9350
64 384 99 374 121 452 86 462 tennis-court 0.9218
296 316 330 306 350 373 316 383 tennis-court 0.7645
122 366 161 355 182 428 143 439 tennis-court 0.7494
236 333 271 320 298 396 263 408 tennis-court 0.7115
314 385 313 373 351 370 352 382 tennis-court 0.1206
256 387 250 367 284 358 289 378 basketball-court 0.2704
305 364 303 341 343 338 344 361 basketball-court 0.1500
394 622 432 606 464 680 426 696 basketball-court 0.1342
248 363 242 345 276 334 282 352 basketball-court 0.1086
644 527 635 503 680 485 689 509 basketball-court 0.1080
276 657 314 643 343 722 305 736 basketball-court 0.1009
-13 822 -13 725 91 725 91 822 storage-tank 0.6326
489 774 511 774 512 798 490 799 storage-tank 0.1009
185 174 204 167 221 209 201 217 swimming-pool 0.6150
194 104 190 91 221 82 225 95 swimming-pool 0.5086
644 527 635 503 680 485 689 509 swimming-pool 0.4702
148 167 162 174 147 203 133 196 swimming-pool 0.3931
608 579 629 570 647 614 626 622 swimming-pool 0.2890
452 35 466 30 477 63 463 67 swimming-pool 0.2565
666 598 659 578 694 564 701 584 swimming-pool 0.1443
203 118 200 105 223 99 227 112 swimming-pool 0.1133
186 173 211 168 220 213 196 218 helicopter 0.1307
