972 1057 989 1043 1024 1086 1008 1100 ship 0.6576
1005 1028 1019 1016 1051 1052 1038 1064 ship 0.6431
942 1088 959 1073 996 1115 979 1129 ship 0.6428
615 2009 633 2013 623 2062 605 2058 ship 0.6370
415 479 431 471 453 514 437 522 ship 0.6309
540 2009 559 2010 557 2054 537 2053 ship 0.6232
441 1987 460 1991 450 2041 431 2037 ship 0.6156
563 916 575 903 605 930 593 943 ship 0.6089
1040 1002 1053 989 1089 1024 1075 1037 ship 0.6021
471 515 490 503 518 550 499 561 ship 0.5991
663 2023 678 2028 663 2068 648 2063 ship 0.5896
438 548 452 537 481 574 467 585 ship 0.5878
494 2001 511 2001 509 2045 492 2044 ship 0.5853
562 1507 580 1513 566 1553 548 1547 ship 0.5816
317 1251 333 1256 321 1295 305 1290 ship 0.5813
394 1954 416 1956 412 2020 390 2018 ship 0.5797
917 1112 930 1099 968 1134 955 1148 ship 0.5757
482 1858 495 1864 483 1891 469 1885 ship 0.5743
675 1349 689 1359 661 1397 647 1387 ship 0.5718
247 1292 265 1297 254 1337 236 1333 ship 0.5707
557 1318 570 1328 546 1359 533 1349 ship 0.5693
726 1357 745 1364 728 1412 709 1405 ship 0.5660
615 1329 633 1335 618 1379 600 1373 ship 0.5606
1115 925 1129 912 1163 949 1149 962 ship 0.5580
546 1560 561 1566 548 1600 532 1594 ship 0.5575
669 1700 685 1707 671 1743 654 1737 ship 0.5554
309 649 323 638 350 673 336 684 ship 0.5538
293 575 307 565 334 603 320 613 ship 0.5532
473 445 487 434 513 470 499 481 ship 0.5512
567 656 581 646 606 682 592 692 ship 0.5485
599 632 612 620 640 653 627 664 ship 0.5461
305 1306 320 1312 304 1351 289 1345 ship 0.5458
788 1571 803 1577 788 1612 774 1606 ship 0.5451
593 882 608 869 639 905 624 918 ship 0.5441
660 828 671 817 696 842 685 854 ship 0.5438
684 881 696 869 726 900 713 912 ship 0.5411
1204 843 1217 833 1245 871 1231 881 ship 0.5398
527 694 537 683 568 711 558 722 ship 0.5386
720 854 734 844 757 876 744 886 ship 0.5381
501 716 516 703 546 739 531 751 ship 0.5376
1246 805 1261 792 1296 833 1281 846 ship 0.5344
751 822 765 812 788 843 774 854 ship 0.5338
235 1226 248 1232 231 1270 218 1264 ship 0.5337
572 1881 587 1889 571 1918 556 1911 ship 0.5327
507 1298 522 1306 505 1344 489 1337 ship 0.5317
632 602 645 592 670 623 657 634 ship 0.5308
709 2028 724 2032 715 2067 701 2064 ship 0.5304
613 1521 633 1530 615 1571 596 1563 ship 0.5296
379 1328 394 1334 381 1369 366 1363 ship 0.5293
627 688 638 676 666 702 655 714 ship 0.5289
579 977 593 968 613 1001 599 1010 ship 0.5274
1163 885 1178 871 1216 910 1200 925 ship 0.5266
568 738 578 728 606 757 596 767 ship 0.5247
650 1757 664 1760 656 1789 642 1786 ship 0.5215
1144 894 1160 881 1194 921 1178 934 ship 0.5215
644 925 655 915 680 943 668 953 ship 0.5204
1064 974 1077 961 1116 1000 1103 1012 ship 0.5201
634 1334 649 1342 628 1381 613 1372 ship 0.5199
342 549 357 537 385 572 370 584 ship 0.5198
619 448 637 440 658 487 640 495 ship 0.5187
625 1742 639 1748 627 1778 613 1772 ship 0.5180
273 1239 289 1245 273 1286 257 1279 ship 0.5175
434 851 449 842 471 876 457 885 ship 0.5160
466 822 480 813 502 847 488 856 ship 0.5158
880 1148 895 1136 928 1175 913 1187 ship 0.5152
1098 936 1112 923 1147 960 1134 973 ship 0.5152
513 1559 525 1566 511 1590 499 1583 ship 0.5131
226 1285 238 1296 209 1326 197 1315 ship 0.5126
215 1473 232 1479 219 1518 203 1513 ship 0.5112
691 800 703 785 736 814 723 828 ship 0.5105
691 398 705 388 731 428 716 437 ship 0.5090
399 1271 415 1277 399 1324 383 1318 ship 0.5080
466 1297 482 1300 474 1339 458 1336 ship 0.5069
443 1849 456 1852 450 1880 437 1877 ship 0.5044
516 1367 531 1372 519 1407 504 1402 ship 0.5037
405 571 420 561 448 601 433 612 ship 0.5028
427 781 438 768 470 795 459 808 ship 0.5019
405 1839 420 1843 412 1874 398 1870 ship 0.5016
749 754 761 745 787 779 775 788 ship 0.5005
958 571 969 560 998 591 987 601 ship 0.4996
522 494 536 483 563 517 549 528 ship 0.4993
466 748 479 738 505 772 492 782 ship 0.4956
342 1317 358 1324 341 1362 326 1355 ship 0.4944
400 880 413 869 440 903 427 913 ship 0.4942
529 1875 543 1878 536 1908 522 1904 ship 0.4931
756 1558 771 1565 754 1601 739 1594 ship 0.4930
401 798 413 787 443 821 431 832 ship 0.4927
725 1607 739 1614 724 1647 709 1641 ship 0.4924
380 515 394 502 427 538 413 551 ship 0.4922
608 1573 625 1577 614 1619 597 1615 ship 0.4919
260 598 277 587 304 627 287 638 ship 0.4918
346 618 358 607 387 641 375 652 ship 0.4906
305 888 318 873 350 901 337 916 ship 0.4902
358 1325 370 1334 350 1364 337 1356 ship 0.4899
786 329 798 318 827 351 815 362 ship 0.4879
837 983 849 974 872 1005 859 1014 ship 0.4854
666 1538 677 1547 655 1575 644 1566 ship 0.4842
178 1214 195 1218 185 1259 168 1255 ship 0.4842
728 374 742 365 766 402 752 411 ship 0.4834
896 878 908 867 934 894 922 905 ship 0.4811
584 1728 600 1731 595 1766 579 1764 ship 0.4810
624 865 637 849 673 880 660 895 ship 0.4808
990 606 1002 596 1030 629 1018 639 ship 0.4781
687 1354 701 1363 678 1399 664 1391 ship 0.4754
888 460 899 449 926 477 915 488 ship 0.4751
505 798 517 787 543 817 531 827 ship 0.4732
459 1988 477 1992 469 2042 450 2039 ship 0.4700
192 1275 202 1285 179 1311 169 1302 ship 0.4677
816 1580 831 1586 815 1621 801 1614 ship 0.4664
451 1348 465 1355 447 1388 433 1380 ship 0.4653
535 941 546 931 574 958 563 969 ship 0.4652
550 1385 565 1390 554 1426 539 1421 ship 0.4649
692 1764 706 1768 697 1799 683 1795 ship 0.4647
272 908 285 897 314 931 301 942 ship 0.4633
964 876 976 869 994 899 981 907 ship 0.4609
804 1631 819 1636 808 1670 794 1665 ship 0.4602
707 1769 719 1774 707 1802 695 1797 ship 0.4586
587 2012 603 2014 596 2058 580 2056 ship 0.4584
963 641 974 631 997 659 987 668 ship 0.4583
688 1597 702 1605 685 1636 671 1629 ship 0.4573
418 1275 432 1280 416 1323 401 1318 ship 0.4573
531 768 545 757 573 791 559 803 ship 0.4561
354 1265 366 1273 348 1301 335 1293 ship 0.4555
377 592 390 581 417 615 404 625 ship 0.4547
135 1457 149 1457 149 1495 135 1496 ship 0.4533
692 626 703 615 733 647 721 658 ship 0.4529
179 1270 191 1279 168 1311 155 1301 ship 0.4516
1175 868 1192 854 1229 899 1212 913 ship 0.4504
686 1415 701 1420 688 1456 674 1451 ship 0.4500
328 1314 343 1321 328 1358 313 1352 ship 0.4478
414 1526 428 1529 421 1563 407 1560 ship 0.4476
392 1470 404 1478 386 1505 374 1497 ship 0.4460
425 1035 438 1020 469 1049 456 1063 ship 0.4458
871 901 881 889 910 913 900 925 ship 0.4453
932 593 944 583 971 612 959 623 ship 0.4436
342 861 352 850 380 877 370 888 ship 0.4436
598 1890 613 1893 608 1924 593 1921 ship 0.4431
717 781 726 769 757 793 748 806 ship 0.4429
364 1827 377 1833 365 1859 352 1854 ship 0.4428
993 544 1005 533 1032 560 1021 571 ship 0.4427
593 721 604 711 630 740 619 749 ship 0.4415
389 810 401 800 427 831 415 841 ship 0.4414
365 840 375 828 406 855 395 867 ship 0.4404
357 1456 370 1465 348 1498 335 1488 ship 0.4390
0 1785 -4 1763 40 1756 43 1778 ship 0.4378
675 889 689 879 713 911 698 922 ship 0.4367
499 1857 513 1864 498 1894 485 1888 ship 0.4367
487 1357 499 1367 476 1398 464 1388 ship 0.4352
509 1823 518 1830 500 1853 491 1846 ship 0.4351
664 653 678 645 698 679 684 688 ship 0.4349
109 1451 126 1454 119 1490 102 1487 ship 0.4347
715 1723 729 1728 717 1762 703 1757 ship 0.4343
459 1648 473 1653 462 1687 447 1682 ship 0.4326
567 1569 581 1575 569 1604 555 1598 ship 0.4322
647 1906 662 1907 660 1938 646 1938 ship 0.4321
518 1824 529 1828 516 1857 505 1852 ship 0.4316
757 351 770 339 803 375 790 387 ship 0.4315
867 485 877 475 902 503 891 512 ship 0.4313
663 424 676 414 702 449 688 459 ship 0.4311
533 1506 546 1515 529 1543 515 1534 ship 0.4303
845 1592 864 1596 853 1648 834 1644 ship 0.4282
261 1234 276 1241 258 1280 243 1273 ship 0.4279
466 1540 481 1543 472 1578 458 1574 ship 0.4279
454 1540 468 1544 460 1576 446 1572 ship 0.4268
1040 798 1054 791 1071 823 1058 830 ship 0.4264
290 1805 305 1808 299 1843 284 1840 ship 0.4247
348 930 360 920 385 949 373 959 ship 0.4235
830 445 842 430 876 458 865 472 ship 0.4230
820 949 829 936 859 956 850 970 ship 0.4229
59 1579 74 1583 64 1617 49 1613 ship 0.4223
214 1217 230 1223 215 1261 200 1256 ship 0.4203
189 1623 200 1630 185 1655 173 1648 ship 0.4189
724 1776 736 1782 723 1808 711 1802 ship 0.4182
694 1050 705 1037 734 1059 724 1073 ship 0.4178
705 1720 718 1726 704 1753 692 1747 ship 0.4169
294 1492 308 1500 290 1535 275 1528 ship 0.4164
689 1544 703 1551 684 1586 671 1578 ship 0.4152
795 969 805 959 824 980 814 990 ship 0.4150
512 1711 528 1715 519 1749 504 1745 ship 0.4145
296 1439 310 1446 293 1480 279 1473 ship 0.4139
389 1785 401 1793 381 1822 369 1814 ship 0.4135
349 1825 361 1828 355 1855 343 1852 ship 0.4135
579 1839 594 1844 580 1878 566 1873 ship 0.4131
1009 781 1018 768 1048 788 1040 801 ship 0.4121
455 1013 466 1000 497 1026 486 1039 ship 0.4119
855 495 867 488 885 520 872 527 ship 0.4115
633 1898 646 1899 644 1927 630 1926 ship 0.4100
748 359 761 349 789 383 776 393 ship 0.4098
586 1572 601 1579 587 1613 572 1607 ship 0.4098
464 1698 479 1704 467 1735 452 1729 ship 0.4097
310 1440 324 1447 306 1479 292 1472 ship 0.4076
519 1024 531 1015 557 1047 545 1056 ship 0.4075
738 1615 751 1620 738 1652 725 1647 ship 0.4062
259 1434 271 1441 254 1471 241 1464 ship 0.4050
428 1800 442 1803 434 1837 420 1833 ship 0.4050
736 1777 749 1783 737 1811 725 1806 ship 0.4049
222 1633 235 1638 223 1668 210 1663 ship 0.4039
611 950 623 941 644 971 632 979 ship 0.4035
758 1736 772 1740 763 1772 749 1768 ship 0.4029
689 564 701 554 726 581 714 592 ship 0.4019
864 414 875 401 904 426 893 439 ship 0.4018
277 674 290 664 318 696 305 707 ship 0.4014
149 1612 162 1617 152 1646 139 1641 ship 0.4010
-14 1882 -14 1860 38 1861 38 1882 ship 0.4000
547 1719 561 1721 555 1757 541 1755 ship 0.3996
115 1396 131 1403 115 1440 99 1433 ship 0.3992
726 604 737 594 763 622 752 632 ship 0.3987
761 1623 773 1630 758 1655 745 1648 ship 0.3985
452 1063 465 1053 494 1094 481 1104 ship 0.3985
306 950 320 938 351 971 337 984 ship 0.3980
661 587 672 575 701 602 690 614 ship 0.3978
171 1456 186 1459 175 1499 161 1495 ship 0.3975
-8 1928 -8 1908 41 1909 40 1929 ship 0.3971
692 1870 705 1876 690 1904 678 1898 ship 0.3968
490 987 499 976 527 997 518 1009 ship 0.3963
358 1512 374 1519 359 1553 343 1546 ship 0.3958
1017 587 1026 575 1058 600 1049 612 ship 0.3950
777 1623 791 1628 780 1661 766 1656 ship 0.3947
705 1606 717 1613 701 1640 690 1633 ship 0.3946
570 1319 585 1328 563 1365 548 1356 ship 0.3942
479 991 487 981 512 1003 504 1013 ship 0.3940
792 1628 806 1634 792 1665 779 1659 ship 0.3922
-10 1836 -8 1814 47 1819 45 1842 ship 0.3894
894 1139 906 1127 939 1159 926 1172 ship 0.3894
648 1859 662 1863 653 1896 640 1893 ship 0.3888
417 1474 429 1483 408 1513 396 1505 ship 0.3882
372 522 386 514 409 554 395 562 ship 0.3875
728 1025 739 1014 763 1037 753 1048 ship 0.3875
136 1558 147 1565 132 1593 120 1586 ship 0.3875
811 529 822 518 850 546 840 557 ship 0.3868
737 518 746 508 773 533 764 542 ship 0.3868
904 626 914 614 943 637 933 649 ship 0.3865
751 582 761 570 791 597 781 609 ship 0.3864
305 1502 317 1508 303 1536 290 1530 ship 0.3853
154 1405 166 1413 144 1444 132 1436 ship 0.3844
690 1912 703 1916 693 1945 680 1940 ship 0.3844
549 1008 558 999 583 1021 574 1031 ship 0.3841
875 950 891 948 896 986 880 988 ship 0.3832
344 1771 359 1776 345 1814 331 1808 ship 0.3825
368 908 380 899 403 933 391 941 ship 0.3817
516 1866 531 1868 524 1903 510 1900 ship 0.3804
189 1452 180 1443 202 1422 211 1431 ship 0.3800
499 1367 509 1374 494 1395 484 1388 ship 0.3778
772 493 782 484 806 510 796 520 ship 0.3774
889 939 899 929 926 957 916 966 ship 0.3769
387 891 399 884 419 916 407 923 ship 0.3768
713 547 722 534 754 558 745 570 ship 0.3762
125 1601 137 1608 119 1641 107 1634 ship 0.3759
268 1995 285 1995 285 2034 268 2034 ship 0.3750
926 894 939 888 955 921 942 927 ship 0.3728
681 408 695 399 718 437 704 445 ship 0.3726
654 1591 668 1596 657 1625 643 1620 ship 0.3722
429 1475 442 1483 422 1516 409 1509 ship 0.3721
584 332 586 319 622 323 621 336 ship 0.3716
109 1599 122 1605 107 1636 94 1630 ship 0.3712
1077 780 1090 772 1111 801 1099 810 ship 0.3708
467 1355 480 1363 461 1394 448 1386 ship 0.3708
225 1425 236 1434 212 1464 200 1455 ship 0.3705
1127 727 1142 723 1151 757 1136 761 ship 0.3698
813 1004 825 996 847 1027 835 1036 ship 0.3697
410 1335 427 1339 418 1378 402 1375 ship 0.3697
838 927 847 915 877 939 868 951 ship 0.3693
723 1072 738 1063 759 1099 744 1108 ship 0.3681
649 1703 661 1711 643 1737 631 1729 ship 0.3679
535 1717 548 1720 541 1753 528 1750 ship 0.3673
267 1646 280 1649 272 1680 259 1677 ship 0.3666
170 1563 183 1569 165 1604 152 1598 ship 0.3660
289 1761 305 1765 296 1798 280 1794 ship 0.3657
175 1621 186 1627 172 1652 161 1645 ship 0.3656
488 445 499 432 534 462 524 475 ship 0.3629
783 1038 793 1028 814 1049 804 1059 ship 0.3628
768 802 777 790 807 813 799 824 ship 0.3628
393 1333 409 1336 402 1372 387 1369 ship 0.3627
600 711 610 701 638 728 627 738 ship 0.3627
276 1800 292 1804 284 1839 268 1835 ship 0.3606
805 467 817 456 843 484 831 495 ship 0.3597
750 1056 762 1047 784 1077 772 1086 ship 0.3594
1036 748 1046 739 1069 764 1058 774 ship 0.3592
624 1691 638 1699 620 1730 606 1722 ship 0.3590
723 1550 736 1558 718 1590 704 1582 ship 0.3589
779 729 790 719 813 744 802 754 ship 0.3576
709 1420 723 1426 709 1462 695 1456 ship 0.3565
156 1566 168 1572 153 1602 141 1596 ship 0.3542
362 1664 376 1667 368 1704 354 1701 ship 0.3538
709 1917 721 1923 707 1949 696 1943 ship 0.3522
783 1737 797 1738 795 1775 780 1773 ship 0.3521
603 1845 616 1848 609 1880 596 1877 ship 0.3515
482 1998 497 2001 490 2042 475 2039 ship 0.3498
401 1526 414 1529 408 1557 395 1554 ship 0.3491
1071 719 1084 706 1116 737 1104 750 ship 0.3488
639 1854 653 1859 641 1889 628 1883 ship 0.3478
792 1790 804 1797 788 1826 776 1819 ship 0.3471
204 1626 218 1631 208 1663 194 1659 ship 0.3468
993 847 1005 836 1030 863 1019 874 ship 0.3453
533 1372 547 1377 535 1412 521 1407 ship 0.3446
428 1684 443 1687 437 1719 422 1717 ship 0.3443
758 1301 773 1306 756 1356 741 1351 ship 0.3439
330 630 342 621 364 653 352 662 ship 0.3432
1146 705 1157 698 1176 729 1165 735 ship 0.3413
513 959 523 946 557 971 547 984 ship 0.3412
391 1676 406 1677 404 1711 388 1710 ship 0.3405
445 285 453 273 492 299 483 312 ship 0.3401
262 677 278 667 301 703 286 713 ship 0.3400
702 1217 709 1200 760 1221 753 1239 ship 0.3396
924 606 934 594 963 619 952 631 ship 0.3394
507 1660 520 1666 505 1694 493 1688 ship 0.3393
503 503 520 495 539 534 523 542 ship 0.3392
429 1341 444 1347 429 1381 414 1374 ship 0.3360
546 1836 558 1841 547 1867 535 1862 ship 0.3358
806 769 820 763 835 796 821 802 ship 0.3346
747 1007 758 994 788 1020 777 1033 ship 0.3318
305 1808 319 1813 308 1843 295 1838 ship 0.3316
776 561 786 550 815 577 805 588 ship 0.3314
332 1449 344 1459 323 1487 311 1477 ship 0.3310
487 1494 497 1503 474 1531 463 1522 ship 0.3304
682 636 694 627 719 660 707 670 ship 0.3302
343 1510 357 1517 341 1551 327 1544 ship 0.3302
720 1922 732 1926 722 1955 710 1951 ship 0.3296
241 1639 254 1645 240 1671 228 1665 ship 0.3279
462 1809 475 1812 467 1845 454 1842 ship 0.3273
505 973 515 962 540 984 530 995 ship 0.3264
615 1899 628 1901 624 1926 611 1924 ship 0.3260
564 1729 577 1734 566 1760 554 1755 ship 0.3248
433 1534 445 1542 426 1568 414 1560 ship 0.3246
4 1978 7 1962 46 1971 42 1986 ship 0.3243
755 513 764 506 785 534 776 541 ship 0.3241
84 1548 95 1554 80 1582 69 1576 ship 0.3236
382 1525 395 1528 390 1554 377 1552 ship 0.3229
474 999 483 992 505 1019 496 1027 ship 0.3220
709 618 720 608 744 636 732 646 ship 0.3213
438 1805 451 1807 447 1840 435 1838 ship 0.3209
665 1762 678 1767 669 1792 656 1787 ship 0.3206
173 1412 184 1420 163 1447 152 1438 ship 0.3205
708 794 719 780 752 806 742 820 ship 0.3201
69 1542 81 1548 69 1575 57 1569 ship 0.3196
717 1882 728 1887 716 1912 705 1907 ship 0.3191
992 795 1001 783 1031 806 1022 818 ship 0.3191
58 1543 70 1550 56 1573 44 1567 ship 0.3190
793 716 804 705 832 732 821 743 ship 0.3189
200 1280 212 1287 196 1318 184 1311 ship 0.3188
258 1642 270 1647 260 1675 247 1671 ship 0.3187
474 1815 487 1820 477 1851 464 1847 ship 0.3182
324 1506 337 1511 324 1542 311 1536 ship 0.3175
840 505 851 495 877 523 867 533 ship 0.3165
730 1731 742 1734 735 1764 722 1761 ship 0.3158
528 1827 540 1831 529 1861 517 1857 ship 0.3155
586 645 597 634 625 664 614 675 ship 0.3154
341 1667 354 1673 341 1699 329 1693 ship 0.3146
613 876 625 867 649 900 636 909 ship 0.3145
592 963 606 955 626 987 613 995 ship 0.3144
700 1355 714 1361 699 1399 684 1393 ship 0.3142
1080 958 1093 946 1126 983 1113 994 ship 0.3130
292 1649 305 1653 296 1684 283 1680 ship 0.3121
708 389 721 381 742 417 729 424 ship 0.3110
562 1839 576 1842 570 1871 556 1868 ship 0.3104
494 801 507 793 528 827 515 835 ship 0.3103
817 1203 815 1185 856 1180 858 1198 ship 0.3095
313 1655 325 1662 308 1690 296 1682 ship 0.3094
139 1605 149 1611 133 1637 123 1631 ship 0.3092
638 443 652 434 676 470 663 479 ship 0.3089
249 1433 259 1440 239 1468 229 1460 ship 0.3087
1017 768 1025 757 1051 779 1042 789 ship 0.3083
927 660 937 650 963 676 953 686 ship 0.3059
496 1039 509 1031 530 1064 517 1072 ship 0.3057
493 1822 504 1827 494 1851 483 1847 ship 0.3041
497 1559 510 1564 501 1588 488 1583 ship 0.3034
728 537 736 525 765 546 757 557 ship 0.3030
738 1928 749 1934 736 1961 724 1955 ship 0.3028
513 1033 524 1026 542 1057 531 1064 ship 0.3020
455 1854 467 1857 462 1880 449 1877 ship 0.3013
706 1871 716 1878 701 1902 690 1896 ship 0.3012
585 1684 597 1691 579 1719 568 1712 ship 0.3003
448 763 459 754 484 783 473 792 ship 0.2983
123 1560 133 1566 119 1590 109 1584 ship 0.2977
468 1488 479 1497 457 1523 446 1514 ship 0.2969
327 1661 340 1666 329 1694 316 1688 ship 0.2968
759 502 769 494 791 521 781 529 ship 0.2967
625 933 637 922 665 952 653 963 ship 0.2965
649 434 660 423 689 452 678 463 ship 0.2964
326 1801 339 1805 329 1836 316 1831 ship 0.2960
878 645 888 634 912 657 902 668 ship 0.2937
489 251 500 239 548 285 536 296 ship 0.2936
335 935 345 925 374 954 364 964 ship 0.2933
971 863 985 856 1003 891 990 898 ship 0.2931
667 1915 679 1920 670 1943 658 1939 ship 0.2930
798 1575 811 1579 803 1613 789 1609 ship 0.2920
1116 687 1123 676 1150 692 1143 703 ship 0.2920
616 1849 630 1853 621 1881 607 1877 ship 0.2916
967 813 978 801 1010 828 1000 841 ship 0.2908
564 1682 577 1686 568 1713 555 1709 ship 0.2907
529 1671 542 1676 529 1707 517 1702 ship 0.2903
192 1570 202 1577 183 1606 173 1600 ship 0.2897
417 1638 429 1643 416 1672 404 1667 ship 0.2893
315 1608 326 1614 311 1642 300 1636 ship 0.2878
368 1270 379 1278 359 1303 348 1294 ship 0.2878
760 992 773 981 801 1012 788 1023 ship 0.2869
520 1726 531 1725 533 1749 522 1750 ship 0.2854
416 1848 428 1847 431 1876 419 1878 ship 0.2853
694 2026 709 2030 699 2066 684 2062 ship 0.2849
811 702 820 691 849 716 840 727 ship 0.2841
423 791 435 783 456 818 444 825 ship 0.2833
556 751 566 741 590 768 579 778 ship 0.2832
597 1687 610 1693 595 1725 582 1718 ship 0.2829
356 843 367 834 390 863 379 871 ship 0.2826
768 573 778 563 802 588 793 597 ship 0.2801
532 488 543 475 570 498 559 511 ship 0.2788
494 1711 507 1714 501 1738 488 1735 ship 0.2783
516 784 528 774 552 803 540 813 ship 0.2779
912 678 924 668 948 698 936 708 ship 0.2758
276 1442 288 1448 274 1476 262 1470 ship 0.2749
790 485 799 478 819 504 810 511 ship 0.2745
640 1582 654 1587 643 1620 629 1614 ship 0.2736
326 1613 336 1620 320 1645 310 1638 ship 0.2735
223 1587 234 1591 223 1621 212 1617 ship 0.2727
85 1592 98 1596 88 1627 75 1622 ship 0.2725
949 831 960 817 992 840 981 854 ship 0.2694
197 1233 207 1240 188 1265 178 1258 ship 0.2662
150 1458 163 1460 159 1497 146 1496 ship 0.2662
1093 710 1096 691 1139 696 1137 715 ship 0.2651
852 959 867 952 884 986 870 993 ship 0.2647
427 1648 438 1654 427 1676 416 1671 ship 0.2636
830 749 843 742 860 777 847 784 ship 0.2635
783 977 794 968 815 992 804 1001 ship 0.2634
705 549 715 541 737 569 727 577 ship 0.2634
587 1884 602 1888 595 1917 580 1913 ship 0.2632
983 798 993 788 1018 814 1009 824 ship 0.2628
720 2036 729 2038 725 2064 716 2062 ship 0.2620
189 1465 202 1472 186 1502 173 1495 ship 0.2613
446 1692 459 1698 445 1724 433 1718 ship 0.2611
1064 786 1078 780 1092 811 1079 817 ship 0.2607
932 1101 946 1088 979 1123 966 1136 ship 0.2606
655 1346 664 1355 643 1377 633 1368 ship 0.2605
583 1328 598 1335 581 1369 566 1362 ship 0.2586
851 670 864 660 887 689 875 699 ship 0.2582
710 1548 723 1557 701 1589 688 1580 ship 0.2571
97 1555 108 1561 92 1586 82 1580 ship 0.2567
578 729 588 719 615 747 605 757 ship 0.2566
121 1468 133 1465 141 1493 129 1496 ship 0.2564
543 679 554 671 574 699 564 707 ship 0.2559
331 1266 343 1273 329 1299 317 1293 ship 0.2559
568 1744 579 1741 585 1763 574 1766 ship 0.2557
352 914 364 904 394 938 382 948 ship 0.2554
648 1169 658 1153 724 1195 713 1211 ship 0.2548
426 341 436 328 474 354 464 367 ship 0.2545
904 1126 915 1115 949 1145 938 1157 ship 0.2545
638 2018 652 2022 641 2059 627 2055 ship 0.2542
747 1738 757 1744 743 1765 734 1760 ship 0.2540
851 921 859 909 884 926 876 938 ship 0.2534
989 859 1000 851 1019 879 1008 887 ship 0.2532
820 761 833 753 851 787 838 794 ship 0.2529
565 229 578 229 578 260 566 260 ship 0.2527
1053 739 1064 729 1087 754 1076 764 ship 0.2526
974 620 985 612 1008 644 996 652 ship 0.2514
663 1869 676 1871 670 1901 657 1898 ship 0.2507
326 947 337 937 363 965 353 975 ship 0.2505
873 461 884 452 911 481 900 491 ship 0.2503
832 688 842 678 866 701 856 711 ship 0.2490
264 1493 278 1497 270 1523 256 1519 ship 0.2487
387 1274 398 1284 377 1309 366 1300 ship 0.2482
825 689 835 683 854 709 844 716 ship 0.2480
405 1686 418 1689 412 1717 399 1714 ship 0.2471
346 1675 358 1674 361 1700 348 1701 ship 0.2467
519 1665 531 1670 519 1698 507 1692 ship 0.2463
947 579 960 572 979 606 966 613 ship 0.2451
498 1502 508 1511 487 1535 477 1526 ship 0.2450
469 1854 482 1860 472 1883 459 1877 ship 0.2424
831 514 841 505 864 529 854 539 ship 0.2413
677 1763 690 1766 686 1790 672 1788 ship 0.2395
340 1620 350 1626 335 1648 325 1642 ship 0.2392
907 688 920 680 938 708 926 716 ship 0.2389
568 461 587 453 604 497 584 504 ship 0.2376
1004 838 1012 827 1040 849 1031 860 ship 0.2368
751 1780 763 1785 751 1811 739 1806 ship 0.2362
547 1679 559 1683 550 1710 537 1706 ship 0.2350
649 1535 662 1544 644 1570 631 1561 ship 0.2350
771 1565 786 1573 767 1605 753 1597 ship 0.2342
477 1707 490 1714 478 1736 465 1729 ship 0.2330
444 1014 456 1004 481 1034 469 1044 ship 0.2328
758 1891 769 1898 754 1921 744 1915 ship 0.2328
141 1562 152 1563 151 1588 140 1588 ship 0.2325
884 700 895 691 917 720 906 729 ship 0.2322
377 1677 390 1682 380 1707 367 1702 ship 0.2312
850 429 859 417 888 437 879 449 ship 0.2311
536 231 548 223 572 259 560 267 ship 0.2308
215 1582 225 1588 209 1616 199 1610 ship 0.2306
765 1050 776 1042 797 1070 786 1079 ship 0.2303
602 1735 616 1738 610 1767 596 1764 ship 0.2280
469 1049 482 1039 512 1076 499 1086 ship 0.2279
448 1484 459 1491 443 1518 431 1511 ship 0.2265
369 1791 378 1797 364 1819 355 1813 ship 0.2263
1002 602 1012 592 1038 617 1028 627 ship 0.2259
735 1886 746 1890 736 1916 725 1912 ship 0.2254
228 1483 241 1488 230 1517 217 1512 ship 0.2237
130 1398 142 1404 128 1436 115 1430 ship 0.2232
537 1013 546 1003 572 1027 563 1037 ship 0.2226
241 1590 252 1594 241 1622 231 1618 ship 0.2222
251 1593 261 1596 252 1622 242 1618 ship 0.2220
891 691 902 682 925 711 914 719 ship 0.2215
326 874 336 862 366 887 357 899 ship 0.2215
413 1988 433 1991 426 2040 406 2037 ship 0.2205
298 1605 309 1609 299 1636 288 1632 ship 0.2203
235 1293 249 1299 234 1330 220 1323 ship 0.2202
944 876 957 871 970 901 957 907 ship 0.2196
477 1654 489 1659 476 1686 464 1680 ship 0.2181
793 544 802 535 829 559 820 569 ship 0.2173
809 952 821 945 837 971 825 978 ship 0.2171
730 590 739 578 771 603 761 615 ship 0.2149
753 1930 765 1937 750 1963 738 1956 ship 0.2142
347 1798 357 1803 346 1825 336 1820 ship 0.2139
1061 734 1071 721 1099 741 1089 755 ship 0.2133
643 599 652 585 685 605 675 620 ship 0.2132
771 1893 782 1900 768 1925 757 1919 ship 0.2132
353 535 366 526 390 559 377 568 ship 0.2119
1035 762 1045 755 1063 781 1052 788 ship 0.2117
691 1712 704 1720 689 1745 677 1738 ship 0.2116
665 1419 680 1421 676 1450 661 1447 ship 0.2114
849 734 861 726 882 757 869 765 ship 0.2113
521 1325 533 1331 521 1355 510 1349 ship 0.2102
779 741 790 736 802 763 791 768 ship 0.2100
863 656 874 648 894 675 883 683 ship 0.2099
543 394 540 381 563 376 566 389 ship 0.2097
808 1017 819 1009 837 1032 827 1040 ship 0.2084
622 1588 636 1590 632 1622 617 1620 ship 0.2076
272 1659 285 1657 289 1685 277 1686 ship 0.2062
738 780 746 770 773 795 764 804 ship 0.2041
838 739 851 732 870 766 857 773 ship 0.2037
731 824 744 813 772 843 759 855 ship 0.2036
869 720 880 712 900 740 889 748 ship 0.2028
300 1254 314 1260 299 1292 285 1285 ship 0.2021
389 1832 402 1836 394 1861 381 1857 ship 0.2016
776 1337 789 1340 783 1372 771 1369 ship 0.2006
416 1796 429 1801 418 1829 406 1824 ship 0.2004
1090 767 1099 759 1118 782 1108 789 ship 0.2001
733 1017 741 1003 771 1021 763 1035 ship 0.2000
411 1693 423 1691 427 1715 415 1717 ship 0.1992
199 1474 212 1479 202 1505 189 1501 ship 0.1961
379 826 388 815 415 836 406 847 ship 0.1957
767 1939 779 1944 766 1975 754 1970 ship 0.1955
560 2012 577 2016 569 2056 552 2053 ship 0.1950
267 1300 281 1307 264 1341 250 1334 ship 0.1927
82 1276 119 1163 806 1391 769 1503 harbor 0.6436
66 1504 90 1400 854 1576 830 1681 harbor 0.5680
192 1826 212 1740 778 1873 758 1959 harbor 0.5576
10 1623 28 1544 786 1721 767 1800 harbor 0.5302
225 900 267 787 873 1010 831 1122 harbor 0.4601
1122 643 1193 713 971 940 900 870 harbor 0.4393
262 720 209 642 592 379 645 457 harbor 0.4384
581 1160 598 1126 806 1226 790 1260 harbor 0.3838
592 351 662 277 1111 704 1041 777 harbor 0.3527
161 1973 179 1973 182 2062 164 2062 harbor 0.3033
106 1736 121 1653 791 1775 776 1859 harbor 0.2714
584 712 681 635 1064 1117 967 1194 harbor 0.2682
81 2086 70 2009 785 1906 796 1983 harbor 0.2381
376 865 321 770 893 439 948 533 harbor 0.2271
471 197 570 212 547 365 449 351 harbor 0.2001
503 261 513 253 539 291 529 298 harbor 0.1972
220 1976 239 1979 222 2071 203 2067 harbor 0.1921
60 1385 87 1287 801 1486 774 1584 harbor 0.1627
429 340 437 328 471 352 463 364 harbor 0.1563
453 345 506 284 985 701 932 762 harbor 0.1541
442 287 452 275 497 312 487 325 harbor 0.1381
536 231 548 223 572 259 560 267 harbor 0.1163
