629 433 624 412 664 402 669 423 small-vehicle 0.6023
479 223 475 204 512 195 517 213 small-vehicle 0.5860
566 553 586 544 605 587 585 596 small-vehicle 0.5849
314 1230 338 1223 353 1271 329 1278 small-vehicle 0.5771
534 119 525 98 565 82 573 104 small-vehicle 0.5729
635 497 628 476 669 462 675 483 small-vehicle 0.5728
386 1222 397 1205 437 1230 427 1247 small-vehicle 0.5539
169 284 166 263 206 257 209 278 small-vehicle 0.5103
643 198 639 178 683 170 687 190 small-vehicle 0.5009
801 33 795 14 834 2 840 21 small-vehicle 0.4459
479 1261 499 1257 507 1303 486 1306 small-vehicle 0.4394
138 572 132 552 182 537 188 557 small-vehicle 0.4257
44 20 42 4 80 -2 83 14 small-vehicle 0.4250
401 1252 420 1250 424 1288 405 1290 small-vehicle 0.4118
393 215 390 196 425 189 429 208 small-vehicle 0.3946
330 250 325 232 363 223 367 242 small-vehicle 0.3922
1002 1097 1025 1091 1037 1138 1014 1144 small-vehicle 0.3649
90 17 86 0 123 -8 127 9 small-vehicle 0.3531
501 1257 521 1253 528 1293 509 1297 small-vehicle 0.3372
335 1230 354 1220 374 1257 355 1267 small-vehicle 0.3246
640 513 637 495 675 489 678 506 small-vehicle 0.2919
960 1113 981 1105 996 1149 975 1156 small-vehicle 0.2826
80 338 77 317 116 312 119 332 small-vehicle 0.2789
605 209 601 190 648 179 653 198 small-vehicle 0.2720
290 1237 313 1230 328 1283 305 1290 small-vehicle 0.2661
1013 411 1003 387 1084 356 1094 380 small-vehicle 0.2160
678 226 693 211 721 241 706 256 small-vehicle 0.2024
542 141 536 120 576 108 582 129 small-vehicle 0.2024
1067 593 1058 570 1129 540 1139 563 small-vehicle 0.1999
207 1297 200 1276 253 1258 260 1278 small-vehicle 0.1837
38 321 38 305 64 306 64 321 small-vehicle 0.1801
1148 849 1138 825 1221 791 1230 815 small-vehicle 0.1741
1028 459 1021 435 1104 411 1111 434 small-vehicle 0.1655
1073 618 1066 593 1143 569 1151 594 small-vehicle 0.1634
1081 643 1074 619 1160 593 1168 617 small-vehicle 0.1601
560 60 553 38 607 22 614 44 small-vehicle 0.1575
1115 746 1107 722 1186 694 1195 718 small-vehicle 0.1506
415 542 409 519 450 509 456 533 small-vehicle 0.1480
151 601 142 579 227 543 236 566 small-vehicle 0.1456
1037 791 1053 776 1118 847 1102 862 small-vehicle 0.1442
1158 893 1151 869 1230 848 1237 872 small-vehicle 0.1416
990 329 984 304 1068 280 1075 305 small-vehicle 0.1387
1154 869 1147 846 1231 820 1238 843 small-vehicle 0.1385
1035 487 1027 464 1109 439 1116 462 small-vehicle 0.1380
1099 693 1092 668 1182 645 1189 670 small-vehicle 0.1377
1020 434 1013 409 1095 384 1102 409 small-vehicle 0.1315
133 549 126 524 214 501 221 526 small-vehicle 0.1310
606 930 597 906 688 870 697 894 small-vehicle 0.1301
983 304 974 282 1074 244 1082 267 small-vehicle 0.1294
993 354 986 331 1083 305 1089 329 small-vehicle 0.1273
469 1233 462 1215 500 1198 507 1216 small-vehicle 0.1265
1091 673 1081 648 1174 613 1184 638 small-vehicle 0.1228
1004 380 997 357 1084 331 1091 353 small-vehicle 0.1213
534 1249 553 1237 576 1276 557 1287 small-vehicle 0.1176
1133 792 1126 768 1227 740 1233 764 small-vehicle 0.1168
980 1107 999 1099 1017 1142 997 1150 small-vehicle 0.1161
781 395 771 370 866 330 876 355 small-vehicle 0.1146
631 522 654 517 666 571 643 576 small-vehicle 0.1138
1051 541 1044 516 1132 491 1139 516 small-vehicle 0.1119
1266 466 1279 460 1288 480 1275 485 small-vehicle 0.1080
806 887 800 863 903 837 909 861 small-vehicle 0.1076
1107 718 1101 695 1189 674 1194 697 small-vehicle 0.1052
1120 769 1113 745 1218 716 1225 741 small-vehicle 0.1048
965 949 960 927 1045 906 1050 929 small-vehicle 0.1048
530 689 523 666 619 637 626 659 small-vehicle 0.1035
482 522 509 515 537 619 510 626 small-vehicle 0.1033
852 634 844 610 947 577 955 601 small-vehicle 0.1033
524 663 516 637 613 606 621 632 small-vehicle 0.1013
794 444 787 421 881 390 889 413 small-vehicle 0.1012
877 1043 870 1021 959 992 966 1014 small-vehicle 0.1011
591 901 584 879 684 846 691 868 large-vehicle 0.8912
794 444 787 421 881 390 889 413 large-vehicle 0.8905
553 766 547 743 643 717 649 739 large-vehicle 0.8890
846 604 839 582 936 552 942 574 large-vehicle 0.8839
587 871 581 848 678 823 683 845 large-vehicle 0.8747
566 819 559 797 664 767 670 789 large-vehicle 0.8728
573 847 567 825 671 795 677 817 large-vehicle 0.8715
619 980 611 957 711 924 719 947 large-vehicle 0.8696
942 930 935 906 1028 876 1036 900 large-vehicle 0.8644
530 689 523 666 619 637 626 659 large-vehicle 0.8643
561 795 554 772 655 741 662 765 large-vehicle 0.8604
852 634 844 610 947 577 955 601 large-vehicle 0.8553
835 581 827 555 924 524 933 550 large-vehicle 0.8540
828 938 821 916 914 890 920 912 large-vehicle 0.8538
612 952 605 929 699 900 706 923 large-vehicle 0.8517
606 930 597 906 688 870 697 894 large-vehicle 0.8460
731 633 725 611 825 586 831 607 large-vehicle 0.8418
546 742 539 719 638 689 645 711 large-vehicle 0.8407
933 903 926 880 1025 849 1032 872 large-vehicle 0.8400
742 660 736 640 837 612 842 633 large-vehicle 0.8327
804 470 796 445 899 411 907 436 large-vehicle 0.8294
808 495 802 471 906 448 911 471 large-vehicle 0.8291
1123 769 1116 747 1210 716 1217 738 large-vehicle 0.8275
158 624 151 601 244 570 252 594 large-vehicle 0.8267
538 714 530 690 630 659 637 682 large-vehicle 0.8249
1148 849 1138 825 1221 791 1230 815 large-vehicle 0.8247
506 512 527 505 559 601 539 608 large-vehicle 0.8177
825 917 817 893 905 862 913 885 large-vehicle 0.8164
1006 381 999 358 1089 329 1096 352 large-vehicle 0.8163
480 527 504 519 536 614 512 622 large-vehicle 0.8149
837 970 828 945 922 911 931 936 large-vehicle 0.8130
1141 818 1134 797 1231 764 1238 785 large-vehicle 0.8079
790 418 782 395 879 360 887 383 large-vehicle 0.8076
824 527 816 502 904 472 913 497 large-vehicle 0.8069
808 888 802 866 898 837 904 859 large-vehicle 0.8056
922 872 916 849 1026 822 1032 846 large-vehicle 0.8047
628 1007 620 985 713 952 721 973 large-vehicle 0.8047
148 600 140 576 234 544 242 567 large-vehicle 0.7976
1132 793 1126 768 1229 742 1235 767 large-vehicle 0.7963
725 615 716 591 821 552 830 576 large-vehicle 0.7954
1154 869 1147 846 1231 820 1238 843 large-vehicle 0.7950
1081 643 1074 619 1160 593 1168 617 large-vehicle 0.7901
1028 459 1021 435 1104 411 1111 434 large-vehicle 0.7885
993 354 986 331 1083 305 1089 329 large-vehicle 0.7871
860 661 853 634 956 607 963 634 large-vehicle 0.7857
524 663 516 637 613 606 621 632 large-vehicle 0.7845
1092 670 1084 647 1172 615 1181 638 large-vehicle 0.7838
1022 433 1014 410 1096 384 1104 407 large-vehicle 0.7779
991 325 985 301 1071 281 1077 305 large-vehicle 0.7761
1013 411 1003 387 1084 356 1094 380 large-vehicle 0.7742
295 1113 287 1091 383 1059 391 1081 large-vehicle 0.7709
1118 745 1109 722 1190 691 1199 714 large-vehicle 0.7688
1077 615 1070 592 1147 569 1154 591 large-vehicle 0.7672
918 851 909 829 1003 789 1012 812 large-vehicle 0.7647
1159 894 1152 871 1231 846 1238 869 large-vehicle 0.7562
128 548 123 523 223 500 229 525 large-vehicle 0.7560
974 951 966 927 1042 905 1049 928 large-vehicle 0.7422
1036 488 1028 464 1109 434 1118 458 large-vehicle 0.7416
301 1139 293 1113 388 1085 396 1111 large-vehicle 0.7367
1068 594 1058 572 1131 542 1140 564 large-vehicle 0.7349
1099 693 1092 668 1182 645 1189 670 large-vehicle 0.7315
161 652 153 629 252 594 260 618 large-vehicle 0.7202
985 301 978 279 1071 248 1078 270 large-vehicle 0.7198
1110 720 1101 697 1183 668 1191 692 large-vehicle 0.7160
1054 541 1046 515 1132 486 1140 512 large-vehicle 0.6907
1035 795 1051 777 1125 845 1108 863 large-vehicle 0.6860
781 395 771 370 866 330 876 355 large-vehicle 0.6498
877 1043 870 1021 959 992 966 1014 large-vehicle 0.5788
141 568 137 549 180 540 184 559 large-vehicle 0.4561
279 1086 275 1069 382 1044 386 1061 large-vehicle 0.3291
736 572 727 546 807 516 817 541 large-vehicle 0.3244
750 529 744 502 801 489 807 516 large-vehicle 0.3053
568 553 588 547 602 589 582 596 large-vehicle 0.2952
553 58 548 34 611 23 616 46 large-vehicle 0.2251
219 1294 211 1270 270 1251 278 1274 large-vehicle 0.1783
324 1161 317 1133 391 1113 398 1141 large-vehicle 0.1761
380 1222 390 1203 439 1228 429 1247 large-vehicle 0.1758
314 1231 338 1222 355 1270 332 1278 large-vehicle 0.1654
799 34 793 14 833 2 839 21 large-vehicle 0.1621
828 552 822 529 921 504 927 527 large-vehicle 0.1606
968 271 965 255 1079 234 1082 250 large-vehicle 0.1594
533 120 524 100 562 83 571 103 large-vehicle 0.1495
885 1001 876 982 934 956 943 975 large-vehicle 0.1461
741 689 739 658 844 652 846 683 large-vehicle 0.1410
629 525 651 518 667 569 645 575 large-vehicle 0.1274
476 1264 497 1259 508 1306 487 1311 large-vehicle 0.1251
641 198 637 177 682 169 685 190 large-vehicle 0.1240
1040 507 1033 484 1119 455 1126 478 large-vehicle 0.1178
734 501 730 480 793 468 797 490 large-vehicle 0.1167
495 325 497 300 559 304 557 330 large-vehicle 0.1159
290 1237 313 1230 328 1283 305 1290 large-vehicle 0.1145
1002 1097 1025 1091 1037 1138 1014 1144 large-vehicle 0.1026
1149 846 1140 825 1223 792 1231 814 ship 0.1247
799 34 793 14 833 2 839 21 ship 0.1239
1101 695 1093 672 1177 644 1184 667 ship 0.1205
1116 745 1108 721 1187 694 1195 718 ship 0.1194
1110 717 1104 694 1185 672 1191 696 ship 0.1143
1027 456 1021 432 1100 413 1106 436 ship 0.1054
1022 431 1016 407 1096 385 1103 410 ship 0.1051
1137 818 1130 796 1226 765 1233 787 ship 0.1004
