126 906 114 889 184 837 196 854 bridge 0.1225
297 519 314 535 253 599 237 583 bridge 0.1071
375 629 391 641 341 706 325 693 bridge 0.1071
343 1194 326 1176 398 1105 415 1123 bridge 0.1039
362 724 370 704 478 751 470 771 bridge 0.1003
485 257 498 249 517 279 505 288 small-vehicle 0.3975
412 98 427 88 449 119 435 130 small-vehicle 0.3837
665 334 678 324 699 352 686 362 small-vehicle 0.3792
918 782 930 770 955 794 943 807 small-vehicle 0.3541
922 738 935 728 957 757 944 767 small-vehicle 0.3475
623 410 634 399 659 424 647 435 small-vehicle 0.3319
436 845 450 857 414 898 400 886 small-vehicle 0.3122
343 705 358 720 322 757 307 743 small-vehicle 0.3075
433 915 420 901 461 863 475 877 small-vehicle 0.2966
424 818 438 830 400 874 385 862 small-vehicle 0.2925
408 796 423 808 386 853 371 841 small-vehicle 0.2922
375 752 390 767 350 807 336 792 small-vehicle 0.2850
392 774 407 787 369 831 354 818 small-vehicle 0.2736
842 683 856 671 884 706 869 718 small-vehicle 0.2698
470 888 484 900 448 944 434 932 small-vehicle 0.2626
299 739 284 722 336 674 352 691 small-vehicle 0.2616
810 519 823 511 840 537 828 546 small-vehicle 0.2497
831 1312 846 1319 830 1351 816 1344 small-vehicle 0.2392
265 1077 252 1059 329 1004 342 1022 small-vehicle 0.2277
336 59 346 47 371 70 360 82 small-vehicle 0.2271
648 201 643 187 670 177 675 190 small-vehicle 0.2248
508 916 494 901 549 850 563 866 small-vehicle 0.2241
488 908 503 918 471 964 457 955 small-vehicle 0.2154
284 640 268 624 328 567 343 583 small-vehicle 0.2144
334 782 320 766 361 730 376 746 small-vehicle 0.2016
725 922 747 908 797 988 776 1001 small-vehicle 0.1766
810 214 802 196 845 175 853 193 small-vehicle 0.1709
398 1238 383 1216 449 1171 463 1192 small-vehicle 0.1631
458 852 443 837 497 785 512 800 small-vehicle 0.1597
247 1064 233 1046 306 987 321 1005 small-vehicle 0.1563
671 638 688 652 632 721 615 707 small-vehicle 0.1553
428 0 438 -9 463 15 453 25 small-vehicle 0.1552
286 1102 271 1084 337 1027 352 1045 small-vehicle 0.1514
629 1003 645 1018 586 1079 570 1064 small-vehicle 0.1513
530 826 546 840 498 897 482 883 small-vehicle 0.1481
442 826 428 808 487 759 501 776 small-vehicle 0.1460
469 1284 481 1275 508 1307 496 1317 small-vehicle 0.1405
297 525 319 544 260 610 239 591 small-vehicle 0.1373
483 985 469 970 514 926 528 941 small-vehicle 0.1323
545 1003 528 986 594 922 611 939 small-vehicle 0.1288
78 852 62 830 136 779 151 801 small-vehicle 0.1283
118 883 103 865 166 817 180 835 small-vehicle 0.1271
209 1003 197 988 266 938 278 953 small-vehicle 0.1269
364 241 382 253 342 311 325 299 small-vehicle 0.1258
126 906 114 889 184 837 196 854 small-vehicle 0.1255
603 985 621 1002 557 1071 540 1055 small-vehicle 0.1254
681 1206 691 1184 787 1228 776 1251 small-vehicle 0.1201
145 927 132 911 197 859 210 875 small-vehicle 0.1184
550 461 570 478 505 555 485 538 small-vehicle 0.1183
404 271 420 283 370 352 354 341 small-vehicle 0.1079
758 768 774 779 727 848 711 838 small-vehicle 0.1076
424 809 409 793 464 739 480 754 small-vehicle 0.1068
188 989 174 972 248 914 262 931 small-vehicle 0.1064
585 537 603 549 553 622 535 610 small-vehicle 0.1059
608 554 627 569 566 644 547 629 small-vehicle 0.1053
300 1124 284 1105 350 1049 366 1068 small-vehicle 0.1038
516 807 530 821 479 873 465 859 small-vehicle 0.1037
705 680 721 695 660 763 644 748 small-vehicle 0.1025
156 949 143 931 214 877 227 895 small-vehicle 0.1024
124 682 149 691 114 784 89 775 small-vehicle 0.1013
758 769 776 782 726 851 708 838 large-vehicle 0.8112
188 989 174 972 248 914 262 931 large-vehicle 0.7986
517 429 535 442 486 511 468 498 large-vehicle 0.7978
209 1003 197 988 266 938 278 953 large-vehicle 0.7884
384 254 401 266 353 331 336 319 large-vehicle 0.7878
754 1055 764 1034 853 1077 843 1098 large-vehicle 0.7861
531 829 545 842 495 894 481 880 large-vehicle 0.7859
750 744 766 757 712 822 696 809 large-vehicle 0.7847
404 271 420 283 370 352 354 341 large-vehicle 0.7820
127 909 113 892 184 832 198 849 large-vehicle 0.7818
503 413 519 427 467 491 450 478 large-vehicle 0.7759
254 1060 239 1043 303 985 319 1002 large-vehicle 0.7728
734 723 750 736 694 803 678 790 large-vehicle 0.7720
144 930 131 915 197 855 211 870 large-vehicle 0.7645
226 1028 212 1010 280 956 294 973 large-vehicle 0.7613
718 1136 726 1114 822 1151 813 1172 large-vehicle 0.7561
743 1090 751 1066 842 1097 833 1121 large-vehicle 0.7526
478 372 494 386 436 449 420 435 large-vehicle 0.7522
265 1077 252 1059 329 1004 342 1022 large-vehicle 0.7510
160 947 146 929 214 877 228 895 large-vehicle 0.7497
286 1102 271 1084 337 1027 352 1045 large-vehicle 0.7438
763 1034 773 1011 863 1049 853 1072 large-vehicle 0.7437
433 311 450 324 397 390 380 377 large-vehicle 0.7408
516 807 530 821 479 873 465 859 large-vehicle 0.7384
478 760 494 773 446 828 430 815 large-vehicle 0.7363
491 392 506 406 452 466 437 452 large-vehicle 0.7350
736 1110 745 1089 837 1126 829 1148 large-vehicle 0.7349
458 852 443 837 497 785 512 800 large-vehicle 0.7332
115 891 98 873 166 812 182 831 large-vehicle 0.7332
508 916 494 901 549 850 563 866 large-vehicle 0.7303
298 1125 283 1106 356 1051 370 1070 large-vehicle 0.7290
284 640 268 624 328 567 343 583 large-vehicle 0.7289
603 985 621 1002 557 1071 540 1055 large-vehicle 0.7273
629 1003 645 1018 586 1079 570 1064 large-vehicle 0.7263
313 543 329 559 269 620 253 605 large-vehicle 0.7177
705 680 721 695 660 763 644 748 large-vehicle 0.7117
297 517 315 533 257 597 239 581 large-vehicle 0.6947
588 537 606 551 550 621 533 607 large-vehicle 0.6855
80 856 65 841 129 777 145 792 large-vehicle 0.6757
546 469 565 483 509 558 490 544 large-vehicle 0.6614
670 1233 680 1211 765 1253 755 1275 large-vehicle 0.6374
683 1206 694 1184 788 1232 777 1254 large-vehicle 0.6362
424 809 409 793 464 739 480 754 large-vehicle 0.6283
596 918 613 934 545 1004 528 988 large-vehicle 0.6276
343 1194 326 1176 398 1105 415 1123 large-vehicle 0.6187
604 554 624 568 570 642 550 627 large-vehicle 0.6101
724 920 741 908 792 983 775 995 large-vehicle 0.5991
713 701 731 714 681 787 662 774 large-vehicle 0.5931
675 636 692 651 628 720 611 705 large-vehicle 0.5926
474 885 489 898 452 941 437 927 large-vehicle 0.5815
366 239 383 252 337 310 321 297 large-vehicle 0.5777
408 796 423 808 386 853 371 841 large-vehicle 0.5749
375 752 390 767 350 807 336 792 large-vehicle 0.5744
424 818 438 830 400 874 385 862 large-vehicle 0.5674
467 960 454 946 496 909 508 923 large-vehicle 0.5416
436 845 450 857 414 898 400 886 large-vehicle 0.5380
776 785 791 795 738 871 723 861 large-vehicle 0.5279
433 915 420 901 461 863 475 877 large-vehicle 0.5271
392 774 407 787 369 831 354 818 large-vehicle 0.5241
396 1241 382 1222 449 1172 463 1191 large-vehicle 0.5085
129 677 154 687 115 787 90 778 large-vehicle 0.4972
375 629 391 641 341 706 325 693 large-vehicle 0.4684
482 983 467 967 523 916 538 932 large-vehicle 0.4677
343 705 358 720 322 757 307 743 large-vehicle 0.4290
334 782 320 766 361 730 376 746 large-vehicle 0.4131
799 235 833 218 890 331 856 348 large-vehicle 0.4007
451 720 467 735 416 788 401 773 large-vehicle 0.3917
313 1150 294 1124 371 1066 390 1092 large-vehicle 0.3632
358 703 366 682 439 711 431 732 large-vehicle 0.3566
331 677 348 692 304 741 286 726 large-vehicle 0.3417
227 889 244 906 176 977 159 961 large-vehicle 0.2364
749 264 788 242 848 350 809 371 large-vehicle 0.2307
538 452 556 470 490 539 471 521 large-vehicle 0.2290
92 866 78 848 150 793 164 811 large-vehicle 0.2168
704 1165 717 1140 800 1181 788 1206 large-vehicle 0.2007
778 211 753 183 823 121 847 149 large-vehicle 0.1989
808 213 801 196 843 178 850 196 large-vehicle 0.1956
471 909 483 891 614 976 602 995 large-vehicle 0.1830
367 1213 348 1189 420 1133 439 1157 large-vehicle 0.1627
244 1039 231 1024 296 969 309 985 large-vehicle 0.1615
693 1280 703 1264 740 1286 731 1303 large-vehicle 0.1402
687 655 703 668 649 738 632 724 large-vehicle 0.1367
374 369 356 350 419 290 437 309 large-vehicle 0.1339
631 597 663 621 610 692 578 667 large-vehicle 0.1245
513 582 492 559 563 494 584 516 large-vehicle 0.1178
577 514 595 530 534 598 516 581 large-vehicle 0.1152
375 734 379 712 451 724 447 746 large-vehicle 0.1134
555 889 579 898 536 1008 512 998 large-vehicle 0.1086
666 1235 676 1213 763 1251 754 1272 ship 0.1545
268 1077 254 1059 321 1008 334 1026 ship 0.1481
662 638 681 649 639 721 620 710 ship 0.1481
254 1060 239 1043 303 985 319 1002 ship 0.1343
808 213 801 196 843 178 850 196 ship 0.1281
683 1206 694 1184 788 1232 777 1254 ship 0.1264
284 1095 272 1076 337 1034 349 1053 ship 0.1242
458 852 443 837 497 785 512 800 ship 0.1196
401 1242 384 1223 446 1167 463 1186 ship 0.1176
541 1005 525 990 595 920 610 936 ship 0.1165
209 1003 197 988 266 938 278 953 ship 0.1076
80 856 65 841 129 777 145 792 ship 0.1041
130 676 155 686 113 788 88 778 ship 0.1022
740 254 786 232 856 376 810 398 ship 0.1013
188 989 174 972 248 914 262 931 ship 0.1003
263 1080 249 1061 324 1005 338 1024 helicopter 0.1039
370 828 358 814 400 777 412 792 helicopter 0.1016
