583 449 591 457 575 474 567 466 small-vehicle 0.6352
607 495 616 488 632 508 623 515 small-vehicle 0.6016
570 518 578 511 594 530 586 537 small-vehicle 0.5863
589 506 598 500 611 519 602 525 small-vehicle 0.5495
563 525 571 519 583 538 575 543 small-vehicle 0.4915
619 487 627 479 643 498 634 505 small-vehicle 0.4154
260 486 269 481 280 501 270 506 small-vehicle 0.3958
195 82 204 77 216 96 208 101 small-vehicle 0.3580
328 110 337 103 352 125 343 131 small-vehicle 0.3493
424 242 432 234 454 255 446 263 small-vehicle 0.3237
359 152 367 146 383 169 375 175 small-vehicle 0.3203
393 197 401 191 417 213 409 219 small-vehicle 0.2908
47 202 38 193 57 175 66 183 small-vehicle 0.2623
232 508 239 504 247 517 240 521 small-vehicle 0.2604
512 386 505 377 536 352 543 361 small-vehicle 0.2483
367 425 360 416 392 391 399 401 small-vehicle 0.2385
283 145 292 137 316 166 307 174 small-vehicle 0.2285
466 421 458 413 488 385 496 393 small-vehicle 0.2213
50 317 62 308 87 342 75 351 small-vehicle 0.2181
217 80 217 71 233 71 233 80 small-vehicle 0.2120
314 119 323 112 347 142 338 149 small-vehicle 0.2081
369 213 377 206 401 235 394 242 small-vehicle 0.2034
346 226 355 220 378 250 368 257 small-vehicle 0.2024
457 360 449 349 484 325 491 335 small-vehicle 0.2015
308 128 316 122 339 153 330 159 small-vehicle 0.2009
554 529 561 524 571 539 565 544 small-vehicle 0.1994
425 174 433 167 457 197 448 203 small-vehicle 0.1992
546 537 550 530 564 539 560 546 small-vehicle 0.1981
307 267 318 258 346 295 335 303 small-vehicle 0.1926
89 401 98 394 124 429 114 436 small-vehicle 0.1926
288 350 297 344 321 379 311 386 small-vehicle 0.1921
368 146 377 138 403 168 395 175 small-vehicle 0.1893
437 233 445 227 467 255 459 261 small-vehicle 0.1884
204 198 213 192 238 225 229 232 small-vehicle 0.1871
370 82 379 73 405 101 396 109 small-vehicle 0.1865
317 326 325 319 353 351 344 358 small-vehicle 0.1846
316 187 324 180 349 210 342 217 small-vehicle 0.1822
404 191 411 185 433 213 426 219 small-vehicle 0.1814
356 220 365 213 390 243 381 250 small-vehicle 0.1804
224 515 232 511 239 525 231 529 small-vehicle 0.1782
295 135 305 129 326 161 316 168 small-vehicle 0.1772
412 181 421 174 445 204 436 211 small-vehicle 0.1763
411 394 403 383 441 359 448 369 small-vehicle 0.1754
497 327 490 315 525 292 532 304 small-vehicle 0.1710
362 87 371 81 392 111 383 117 small-vehicle 0.1683
86 356 94 348 126 381 118 389 small-vehicle 0.1672
215 525 223 520 232 535 225 539 small-vehicle 0.1662
-2 28 -6 19 15 9 20 19 small-vehicle 0.1656
282 282 291 274 319 307 310 314 small-vehicle 0.1630
430 161 438 154 464 184 456 191 small-vehicle 0.1628
378 135 387 128 412 159 403 166 small-vehicle 0.1614
228 181 236 175 262 210 254 217 small-vehicle 0.1611
218 190 227 183 251 220 242 226 small-vehicle 0.1590
339 101 347 95 369 127 361 132 small-vehicle 0.1586
185 214 195 207 218 242 208 249 small-vehicle 0.1579
250 307 259 299 286 330 277 337 small-vehicle 0.1576
445 226 454 219 478 249 469 256 small-vehicle 0.1568
458 216 467 210 488 243 479 248 small-vehicle 0.1553
272 217 281 210 308 246 299 253 small-vehicle 0.1551
196 206 204 199 228 234 219 240 small-vehicle 0.1539
237 176 246 167 276 199 267 207 small-vehicle 0.1527
252 165 260 160 284 194 275 200 small-vehicle 0.1524
337 170 345 164 370 194 362 201 small-vehicle 0.1513
349 94 357 88 379 119 370 125 small-vehicle 0.1511
390 129 398 121 423 148 414 156 small-vehicle 0.1509
119 405 129 396 159 429 149 438 small-vehicle 0.1505
491 317 483 307 518 282 526 293 small-vehicle 0.1495
310 335 318 329 341 362 332 368 small-vehicle 0.1481
400 119 408 112 433 142 425 149 small-vehicle 0.1465
170 71 165 62 185 50 190 59 small-vehicle 0.1452
262 229 270 222 295 253 287 260 small-vehicle 0.1447
325 180 335 172 360 201 351 210 small-vehicle 0.1438
373 264 381 256 407 285 398 293 small-vehicle 0.1435
263 49 265 38 283 42 280 53 small-vehicle 0.1430
75 361 86 354 108 385 97 392 small-vehicle 0.1421
248 54 254 45 269 54 263 63 small-vehicle 0.1407
385 258 394 251 417 279 408 286 small-vehicle 0.1404
61 364 68 359 92 392 84 397 small-vehicle 0.1338
297 343 306 336 332 369 323 376 small-vehicle 0.1333
33 327 42 321 67 356 59 362 small-vehicle 0.1309
264 296 274 289 298 325 289 331 small-vehicle 0.1304
656 529 663 526 667 540 659 542 small-vehicle 0.1300
251 234 260 227 285 262 276 268 small-vehicle 0.1266
216 258 225 251 252 285 243 292 small-vehicle 0.1242
197 346 206 338 234 373 224 381 small-vehicle 0.1216
130 259 139 249 171 281 161 291 small-vehicle 0.1215
172 222 181 215 209 250 199 258 small-vehicle 0.1162
222 30 232 28 236 45 226 47 small-vehicle 0.1158
233 392 242 385 268 418 259 425 small-vehicle 0.1158
238 244 246 237 275 269 267 276 small-vehicle 0.1140
274 290 282 283 309 315 301 322 small-vehicle 0.1137
141 248 150 241 179 278 169 285 small-vehicle 0.1062
162 304 170 295 204 326 195 335 small-vehicle 0.1054
230 248 239 242 263 278 254 284 small-vehicle 0.1052
206 46 217 42 222 54 212 59 small-vehicle 0.1049
626 483 634 474 651 490 642 499 small-vehicle 0.1042
116 441 128 432 153 468 141 477 small-vehicle 0.1019
229 320 238 313 266 349 257 356 small-vehicle 0.1018
263 366 273 358 300 395 290 402 small-vehicle 0.1014
242 383 249 377 277 410 270 416 small-vehicle 0.1007
153 238 162 232 188 270 179 276 large-vehicle 0.7903
241 381 250 374 278 411 269 418 large-vehicle 0.7878
182 213 191 206 219 241 210 248 large-vehicle 0.7854
175 292 183 285 211 321 203 328 large-vehicle 0.7842
390 129 398 121 423 148 414 156 large-vehicle 0.7820
379 134 388 128 411 160 402 166 large-vehicle 0.7788
195 276 204 268 232 302 224 310 large-vehicle 0.7786
208 335 217 328 244 365 235 371 large-vehicle 0.7767
161 234 170 226 200 260 191 267 large-vehicle 0.7765
141 250 150 242 178 276 169 284 large-vehicle 0.7716
298 341 306 335 330 370 322 376 large-vehicle 0.7675
205 266 214 259 242 294 233 301 large-vehicle 0.7672
172 222 181 215 209 250 199 258 large-vehicle 0.7639
317 324 326 317 352 353 344 359 large-vehicle 0.7636
218 190 227 183 251 220 242 226 large-vehicle 0.7625
218 257 227 251 252 287 242 293 large-vehicle 0.7616
254 372 263 366 288 403 279 409 large-vehicle 0.7573
264 297 273 290 297 325 289 331 large-vehicle 0.7571
310 335 318 329 341 362 332 368 large-vehicle 0.7509
195 206 203 199 229 231 221 238 large-vehicle 0.7496
186 281 194 275 222 311 213 318 large-vehicle 0.7488
349 94 358 88 379 119 370 125 large-vehicle 0.7470
45 321 55 314 81 347 71 355 large-vehicle 0.7461
75 360 84 353 107 384 98 391 large-vehicle 0.7457
308 128 316 122 339 153 330 159 large-vehicle 0.7457
447 223 457 218 477 251 468 257 large-vehicle 0.7450
264 363 273 357 299 395 290 402 large-vehicle 0.7403
205 198 214 191 240 225 231 232 large-vehicle 0.7396
412 181 422 173 445 204 436 211 large-vehicle 0.7389
288 350 297 344 321 379 311 386 large-vehicle 0.7380
219 325 228 319 255 355 246 362 large-vehicle 0.7365
425 174 433 167 457 197 448 203 large-vehicle 0.7364
337 169 345 163 369 195 361 201 large-vehicle 0.7320
326 179 335 172 358 202 349 209 large-vehicle 0.7304
228 181 236 175 262 210 254 217 large-vehicle 0.7270
274 289 282 282 308 315 300 321 large-vehicle 0.7269
284 280 293 274 318 309 309 315 large-vehicle 0.7237
241 175 250 168 275 203 265 210 large-vehicle 0.7226
229 318 238 312 264 349 255 355 large-vehicle 0.7188
361 88 369 81 392 110 384 116 large-vehicle 0.7157
314 119 323 112 347 142 338 149 large-vehicle 0.7153
252 235 261 228 285 264 276 270 large-vehicle 0.7147
272 216 281 210 308 247 299 253 large-vehicle 0.7143
401 119 409 113 432 142 424 148 large-vehicle 0.7115
358 219 366 213 389 244 380 250 large-vehicle 0.7107
229 250 238 243 264 280 255 286 large-vehicle 0.7087
370 213 378 207 401 236 392 243 large-vehicle 0.7082
262 230 271 222 296 253 286 260 large-vehicle 0.7031
339 101 347 95 369 127 361 132 large-vehicle 0.7027
59 364 67 357 96 393 87 400 large-vehicle 0.7005
434 231 442 225 465 254 457 260 large-vehicle 0.6985
238 244 246 237 275 269 267 276 large-vehicle 0.6983
457 216 466 210 489 242 480 248 large-vehicle 0.6968
294 137 303 129 327 159 318 167 large-vehicle 0.6895
386 257 395 251 417 281 409 288 large-vehicle 0.6834
403 192 412 185 434 213 426 220 large-vehicle 0.6808
371 146 379 139 403 169 394 176 large-vehicle 0.6778
251 303 260 296 285 330 275 337 large-vehicle 0.6774
500 330 491 320 525 290 534 300 large-vehicle 0.6727
251 167 259 161 284 194 276 201 large-vehicle 0.6696
488 317 481 306 519 283 526 294 large-vehicle 0.6689
57 312 65 306 87 339 78 344 large-vehicle 0.6687
88 355 96 349 123 383 115 390 large-vehicle 0.6604
307 267 316 260 344 295 335 302 large-vehicle 0.6564
431 161 439 155 464 184 456 191 large-vehicle 0.6522
370 82 379 73 405 101 396 109 large-vehicle 0.6507
197 345 206 338 233 374 224 381 large-vehicle 0.6477
117 439 125 433 150 469 141 475 large-vehicle 0.6390
91 404 99 398 124 429 115 436 large-vehicle 0.6360
130 255 141 248 168 285 157 293 large-vehicle 0.6358
122 402 130 396 158 431 149 438 large-vehicle 0.6273
233 392 242 385 268 418 259 425 large-vehicle 0.6259
374 263 383 257 406 288 397 294 large-vehicle 0.6212
327 109 336 103 352 126 343 132 large-vehicle 0.6174
316 187 324 180 349 210 342 217 large-vehicle 0.6171
345 229 355 221 378 250 369 257 large-vehicle 0.6019
457 357 450 347 485 324 491 334 large-vehicle 0.6000
283 145 292 137 316 166 307 174 large-vehicle 0.5972
514 385 506 375 535 352 543 362 large-vehicle 0.5957
369 423 362 413 390 392 397 402 large-vehicle 0.5819
466 419 459 410 489 385 497 395 large-vehicle 0.5810
393 197 401 191 416 213 408 219 large-vehicle 0.5593
33 327 42 321 67 355 58 362 large-vehicle 0.5503
165 300 174 293 201 331 192 337 large-vehicle 0.5407
412 391 405 380 441 357 448 368 large-vehicle 0.5277
425 241 433 234 450 255 442 262 large-vehicle 0.5205
359 152 367 146 382 169 374 175 large-vehicle 0.5148
101 445 109 439 137 474 129 480 large-vehicle 0.3880
61 393 69 386 98 423 89 430 large-vehicle 0.3850
170 75 162 66 189 41 198 49 large-vehicle 0.1391
587 507 595 499 613 517 605 525 large-vehicle 0.1098
239 242 249 235 274 270 265 277 ship 0.2624
251 234 260 227 285 262 276 268 ship 0.1857
230 248 239 242 263 278 254 284 ship 0.1680
182 213 191 206 219 241 210 248 ship 0.1352
216 258 225 251 252 285 243 292 ship 0.1345
274 289 282 282 308 315 300 321 ship 0.1325
196 205 204 199 229 232 221 238 ship 0.1301
264 297 273 290 297 325 289 331 ship 0.1286
170 75 162 66 189 41 198 49 ship 0.1273
205 198 213 191 240 223 232 230 ship 0.1263
251 303 260 296 285 330 275 337 ship 0.1212
284 279 293 273 318 309 309 315 ship 0.1099
219 191 228 185 252 217 243 224 ship 0.1080
339 101 347 95 369 127 361 132 ship 0.1041
206 46 217 42 222 54 212 59 storage-tank 0.4108
