13 1570 3 1556 24 1541 35 1555 plane 0.1340
283 429 379 297 520 400 424 532 baseball-diamond 0.7127
1318 1419 1398 1481 1333 1565 1253 1503 baseball-diamond 0.6564
320 459 350 469 339 500 309 490 baseball-diamond 0.2561
863 772 1135 763 1154 1349 881 1357 ground-track-field 0.5252
267 919 231 704 761 616 797 831 ground-track-field 0.3574
541 950 800 990 733 1425 475 1385 ground-track-field 0.1845
1484 649 1486 639 1509 644 1506 654 small-vehicle 0.1766
1571 795 1571 783 1590 783 1590 795 small-vehicle 0.1683
1508 736 1511 723 1534 728 1531 741 small-vehicle 0.1543
1501 760 1504 749 1523 754 1519 765 small-vehicle 0.1465
1453 713 1457 705 1473 714 1469 721 small-vehicle 0.1463
265 25 278 19 291 47 277 53 small-vehicle 0.1394
1273 674 1277 664 1297 672 1292 682 small-vehicle 0.1386
164 507 172 503 184 524 175 528 small-vehicle 0.1294
177 783 191 783 192 807 178 807 small-vehicle 0.1112
989 447 996 441 1009 453 1002 460 small-vehicle 0.1091
12 1294 14 1281 40 1285 38 1298 small-vehicle 0.1088
18 1269 18 1258 40 1256 41 1268 small-vehicle 0.1085
1618 868 1613 860 1633 849 1638 858 small-vehicle 0.1078
181 1011 176 999 203 988 208 1000 small-vehicle 0.1059
68 1336 69 1326 86 1329 85 1338 small-vehicle 0.1058
215 4 227 4 226 30 213 29 small-vehicle 0.1042
166 826 177 821 184 839 174 843 small-vehicle 0.1038
15 1283 15 1271 41 1272 40 1284 small-vehicle 0.1023
82 1697 89 1695 95 1713 87 1715 small-vehicle 0.1016
1614 858 1612 850 1630 845 1632 853 small-vehicle 0.1016
118 788 121 776 144 781 142 792 small-vehicle 0.1011
510 1504 510 1494 562 1496 561 1506 large-vehicle 0.2336
346 1489 347 1478 405 1483 404 1494 large-vehicle 0.1527
765 1232 781 1233 776 1296 761 1295 large-vehicle 0.1439
211 37 223 37 224 81 211 81 large-vehicle 0.1347
1566 905 1575 913 1558 930 1550 921 large-vehicle 0.1117
1520 945 1527 946 1525 969 1518 968 large-vehicle 0.1008
203 100 216 100 217 129 204 130 ship 0.1007
352 949 391 949 391 1036 352 1036 tennis-court 0.9654
329 1242 365 1242 365 1327 328 1327 tennis-court 0.9562
383 1242 422 1243 421 1329 382 1328 tennis-court 0.9519
273 1238 310 1238 309 1323 272 1323 tennis-court 0.9490
298 943 336 946 331 1028 292 1026 tennis-court 0.9471
408 952 448 951 450 1040 410 1041 tennis-court 0.9397
1078 1609 1118 1624 1087 1704 1048 1689 tennis-court 0.3555
909 1702 899 1616 1094 1593 1104 1678 basketball-court 0.1835
385 1244 424 1246 421 1331 382 1330 basketball-court 0.1285
330 1239 368 1240 364 1329 327 1328 basketball-court 0.1027
508 981 774 993 755 1396 490 1383 soccer-ball-field 0.8412
904 826 1139 840 1116 1236 881 1222 soccer-ball-field 0.7911
267 919 231 704 761 616 797 831 soccer-ball-field 0.2351
914 1700 910 1606 1092 1600 1095 1693 soccer-ball-field 0.2005
390 325 496 406 398 534 292 453 soccer-ball-field 0.1182
1304 1431 1385 1469 1346 1553 1265 1515 roundabout 0.1109
1367 1695 1388 1700 1378 1740 1358 1735 swimming-pool 0.2603
938 76 928 62 950 45 961 59 swimming-pool 0.1877
