352 505 367 508 362 536 347 534 small-vehicle 0.6219
302 497 320 500 315 531 297 528 small-vehicle 0.6169
376 509 392 512 387 542 372 539 small-vehicle 0.6007
716 315 733 317 729 349 712 347 small-vehicle 0.5353
323 596 338 600 331 627 316 623 small-vehicle 0.5320
345 597 361 597 361 628 344 627 small-vehicle 0.5273
423 588 441 587 443 621 425 622 small-vehicle 0.5222
372 592 388 592 390 622 373 623 small-vehicle 0.5074
395 591 413 590 416 622 397 623 small-vehicle 0.4463
470 589 482 579 501 603 489 612 small-vehicle 0.3615
583 560 586 543 623 548 621 565 small-vehicle 0.2308
562 566 572 555 592 574 582 585 small-vehicle 0.1861
494 579 507 574 516 598 503 602 small-vehicle 0.1798
526 525 529 505 640 524 637 544 small-vehicle 0.1266
520 518 525 499 637 530 632 549 large-vehicle 0.8203
570 428 576 409 682 439 676 459 large-vehicle 0.7915
571 401 576 383 684 417 678 435 large-vehicle 0.7785
561 446 567 428 675 468 669 486 large-vehicle 0.7763
570 350 575 333 686 369 681 386 large-vehicle 0.7706
256 305 262 286 366 316 361 335 large-vehicle 0.7562
536 496 541 477 639 505 634 523 large-vehicle 0.7511
220 366 226 347 338 387 332 406 large-vehicle 0.7180
245 325 251 306 357 339 351 358 large-vehicle 0.6804
268 282 273 263 382 295 376 314 large-vehicle 0.6793
207 393 213 372 325 404 319 425 large-vehicle 0.6678
236 347 243 327 348 363 341 383 large-vehicle 0.6666
565 379 570 360 688 391 683 410 large-vehicle 0.6626
194 417 199 397 314 425 309 445 large-vehicle 0.6428
570 306 574 288 693 316 689 334 large-vehicle 0.6427
327 146 334 126 442 166 435 185 large-vehicle 0.6417
547 472 553 453 667 486 661 505 large-vehicle 0.6302
578 323 586 304 690 349 681 368 large-vehicle 0.6060
577 279 583 261 697 298 691 316 large-vehicle 0.5129
304 216 310 197 421 234 415 253 large-vehicle 0.4505
102 499 102 483 201 486 200 502 large-vehicle 0.3674
422 589 440 588 442 620 424 621 large-vehicle 0.3235
398 590 416 590 415 622 398 622 large-vehicle 0.2897
581 209 588 188 699 223 692 243 large-vehicle 0.2606
583 560 586 543 623 548 621 565 large-vehicle 0.2238
715 316 733 318 729 349 711 347 large-vehicle 0.1634
343 592 364 594 361 632 341 631 large-vehicle 0.1500
302 497 320 500 315 531 297 528 large-vehicle 0.1438
470 588 483 580 500 604 487 613 large-vehicle 0.1130
368 595 386 592 391 623 373 625 large-vehicle 0.1084
584 558 587 543 623 550 620 565 ship 0.3273
521 517 526 500 641 533 636 550 ship 0.1069
