270 459 256 442 333 378 348 395 bridge 0.1373
-3 57 11 42 52 82 37 97 small-vehicle 0.4122
727 1612 735 1595 771 1610 763 1628 small-vehicle 0.3675
273 587 288 596 266 629 251 619 small-vehicle 0.3427
260 1449 271 1434 300 1456 289 1471 small-vehicle 0.3322
763 774 780 781 763 822 746 814 small-vehicle 0.3313
883 821 900 828 887 862 870 855 small-vehicle 0.3178
180 547 195 557 178 582 163 573 small-vehicle 0.3094
695 748 713 756 694 797 676 788 small-vehicle 0.3036
441 757 457 769 435 800 419 788 small-vehicle 0.2989
398 633 412 639 398 672 384 666 small-vehicle 0.2989
250 573 265 581 249 615 234 607 small-vehicle 0.2942
348 610 363 618 343 657 327 649 small-vehicle 0.2840
324 1183 341 1187 332 1224 315 1220 small-vehicle 0.2812
346 1191 365 1197 352 1238 333 1232 small-vehicle 0.2722
94 1576 109 1587 87 1619 71 1608 small-vehicle 0.2656
26 1557 45 1562 36 1599 18 1594 small-vehicle 0.2589
112 1580 129 1589 110 1628 93 1620 small-vehicle 0.2573
197 552 211 561 193 590 178 581 small-vehicle 0.2538
527 794 545 801 531 835 513 828 small-vehicle 0.2538
186 1641 199 1626 231 1656 217 1670 small-vehicle 0.2524
856 814 872 821 858 855 841 848 small-vehicle 0.2494
214 669 231 678 214 710 198 702 small-vehicle 0.2473
155 539 172 538 172 573 156 574 small-vehicle 0.2469
271 688 286 697 268 726 254 718 small-vehicle 0.2467
912 1598 905 1583 939 1568 946 1583 small-vehicle 0.2461
679 850 692 857 677 887 664 880 small-vehicle 0.2450
121 1711 133 1694 183 1730 170 1747 small-vehicle 0.2415
458 661 474 667 461 699 444 693 small-vehicle 0.2398
312 1711 323 1694 356 1715 345 1732 small-vehicle 0.2321
183 654 199 661 185 693 169 686 small-vehicle 0.2301
730 90 744 78 770 109 756 121 small-vehicle 0.2244
364 1356 370 1343 395 1355 389 1368 small-vehicle 0.2219
231 675 248 681 238 714 221 708 small-vehicle 0.2212
254 1153 271 1160 255 1199 238 1192 small-vehicle 0.2183
456 1239 471 1244 461 1277 445 1272 small-vehicle 0.2166
164 651 180 658 167 689 151 682 small-vehicle 0.2161
141 1687 155 1669 206 1707 193 1725 small-vehicle 0.2154
136 643 153 647 145 678 128 674 small-vehicle 0.2137
242 1476 257 1483 241 1516 226 1508 small-vehicle 0.2128
509 785 524 793 509 823 493 815 small-vehicle 0.2111
287 1162 311 1171 294 1218 270 1209 small-vehicle 0.2099
323 708 336 717 315 745 302 736 small-vehicle 0.2093
382 1488 393 1473 422 1496 411 1511 small-vehicle 0.2071
213 1705 223 1691 253 1713 242 1727 small-vehicle 0.2002
346 717 362 727 342 757 326 747 small-vehicle 0.2001
134 1064 148 1074 129 1102 115 1093 small-vehicle 0.1996
227 1627 235 1613 263 1630 255 1643 small-vehicle 0.1973
294 548 284 529 365 488 374 507 small-vehicle 0.1944
191 1554 188 1538 225 1530 229 1546 small-vehicle 0.1930
788 781 804 788 787 824 771 816 small-vehicle 0.1910
1067 1647 1084 1652 1072 1686 1056 1681 small-vehicle 0.1895
256 1652 269 1639 296 1666 283 1679 small-vehicle 0.1883
501 1264 525 1261 534 1346 510 1348 small-vehicle 0.1867
289 696 304 706 286 735 271 726 small-vehicle 0.1767
202 1135 220 1137 215 1169 198 1167 small-vehicle 0.1731
543 800 560 808 545 840 528 832 small-vehicle 0.1724
246 1663 260 1653 281 1682 266 1692 small-vehicle 0.1711
705 865 721 874 703 907 686 897 small-vehicle 0.1710
574 811 591 818 577 850 560 843 small-vehicle 0.1695
368 749 386 736 412 774 394 786 small-vehicle 0.1674
343 1755 353 1745 376 1767 365 1778 small-vehicle 0.1637
664 848 677 858 657 884 644 874 small-vehicle 0.1625
1169 888 1190 896 1174 938 1152 930 small-vehicle 0.1590
110 1057 124 1066 107 1095 92 1086 small-vehicle 0.1568
761 362 787 357 804 454 779 458 small-vehicle 0.1552
92 1048 105 1055 89 1084 75 1077 small-vehicle 0.1541
416 629 399 611 474 542 491 561 small-vehicle 0.1522
296 50 324 46 339 150 312 155 small-vehicle 0.1496
980 1485 976 1468 1023 1456 1027 1473 small-vehicle 0.1442
419 667 435 662 447 697 431 702 small-vehicle 0.1439
376 1722 384 1711 413 1732 405 1742 small-vehicle 0.1372
256 683 271 693 255 719 240 710 small-vehicle 0.1343
566 1277 591 1273 604 1374 580 1377 small-vehicle 0.1335
239 514 227 496 297 450 309 467 small-vehicle 0.1331
204 1708 219 1701 232 1732 217 1738 small-vehicle 0.1318
215 556 228 566 206 595 193 585 small-vehicle 0.1314
301 711 315 717 300 746 287 740 small-vehicle 0.1305
355 558 339 539 409 478 426 497 small-vehicle 0.1265
61 1032 74 1040 57 1069 43 1061 small-vehicle 0.1255
87 1727 100 1711 160 1760 148 1776 small-vehicle 0.1240
337 1064 344 1047 390 1066 383 1082 small-vehicle 0.1233
659 1313 683 1308 703 1406 679 1411 small-vehicle 0.1211
460 246 483 243 496 339 473 343 small-vehicle 0.1188
998 1622 1014 1627 1004 1660 989 1655 small-vehicle 0.1172
80 1758 92 1745 123 1771 111 1785 small-vehicle 0.1148
204 663 217 672 199 698 187 689 small-vehicle 0.1129
674 1174 676 1163 701 1166 700 1177 small-vehicle 0.1110
369 730 384 738 366 769 351 761 small-vehicle 0.1104
331 1753 349 1753 348 1790 329 1789 small-vehicle 0.1085
266 1642 274 1631 301 1649 294 1661 small-vehicle 0.1049
258 553 243 537 314 472 329 488 small-vehicle 0.1023
339 1401 344 1389 366 1397 361 1409 small-vehicle 0.1010
1043 789 1040 764 1125 754 1128 779 small-vehicle 0.1004
629 1310 651 1304 673 1396 651 1402 large-vehicle 0.7862
361 585 348 567 428 504 442 522 large-vehicle 0.7682
382 612 366 595 436 530 452 547 large-vehicle 0.7608
411 626 396 606 478 546 492 566 large-vehicle 0.7597
285 566 270 546 349 486 364 506 large-vehicle 0.7479
662 1314 683 1310 702 1409 681 1414 large-vehicle 0.7478
242 520 227 503 294 442 309 459 large-vehicle 0.7104
759 360 786 355 804 454 777 459 large-vehicle 0.7002
258 545 244 525 322 472 336 492 large-vehicle 0.6975
298 50 325 47 338 154 310 158 large-vehicle 0.6817
558 1282 584 1275 611 1369 586 1377 large-vehicle 0.6607
340 562 326 543 410 480 425 499 large-vehicle 0.6582
711 1036 726 1023 790 1097 775 1110 large-vehicle 0.6357
1039 793 1034 770 1127 751 1132 773 large-vehicle 0.6282
901 1127 898 1108 992 1089 995 1107 large-vehicle 0.6120
497 1265 520 1259 540 1343 516 1348 large-vehicle 0.5830
839 1292 836 1274 930 1256 933 1275 large-vehicle 0.5807
270 459 256 442 333 378 348 395 large-vehicle 0.5452
460 246 483 243 496 339 473 343 large-vehicle 0.5398
625 303 644 299 662 398 643 401 large-vehicle 0.5332
665 320 687 318 696 416 674 418 large-vehicle 0.4820
563 275 586 275 590 376 567 377 large-vehicle 0.4767
890 1159 887 1136 982 1127 984 1151 large-vehicle 0.4440
969 928 964 908 1061 888 1065 908 large-vehicle 0.3775
952 987 952 966 1050 964 1051 985 large-vehicle 0.2995
324 1613 332 1604 364 1631 356 1640 large-vehicle 0.2666
336 1064 344 1046 387 1064 380 1082 large-vehicle 0.2421
87 1727 100 1711 160 1760 148 1776 large-vehicle 0.2303
541 1274 564 1273 569 1365 546 1367 large-vehicle 0.1951
875 1730 884 1718 966 1772 958 1784 large-vehicle 0.1899
771 1359 792 1356 804 1459 784 1461 large-vehicle 0.1895
116 1578 132 1587 110 1630 94 1622 large-vehicle 0.1823
-3 57 11 42 52 82 37 97 large-vehicle 0.1810
121 1707 135 1692 179 1733 165 1748 large-vehicle 0.1707
141 1687 155 1669 206 1707 193 1725 large-vehicle 0.1473
272 504 263 490 317 454 326 468 large-vehicle 0.1446
80 1755 91 1738 156 1780 145 1797 large-vehicle 0.1424
693 1060 712 1044 765 1105 747 1122 large-vehicle 0.1142
751 1645 760 1635 805 1679 796 1688 large-vehicle 0.1129
592 1284 617 1280 632 1374 608 1378 large-vehicle 0.1128
97 1576 112 1587 88 1621 72 1610 large-vehicle 0.1118
672 21 668 1 738 -10 741 9 large-vehicle 0.1105
509 1535 519 1522 555 1552 545 1564 large-vehicle 0.1104
487 869 501 873 488 923 475 919 large-vehicle 0.1093
348 610 363 618 343 657 327 649 large-vehicle 0.1064
335 763 351 767 334 843 318 840 large-vehicle 0.1063
456 1239 471 1244 461 1277 445 1272 large-vehicle 0.1060
493 1558 502 1546 540 1578 530 1589 large-vehicle 0.1003
980 1485 976 1468 1023 1456 1027 1473 ship 0.2671
87 1727 100 1711 160 1760 148 1776 ship 0.2131
992 1449 988 1433 1032 1423 1036 1439 ship 0.1906
121 1712 133 1693 183 1726 171 1745 ship 0.1890
412 1668 423 1654 470 1689 459 1704 ship 0.1803
325 1185 342 1192 327 1227 310 1219 ship 0.1714
980 1531 977 1516 1007 1510 1010 1525 ship 0.1683
80 1755 91 1738 156 1780 145 1797 ship 0.1637
141 1687 155 1669 206 1707 193 1725 ship 0.1451
336 1064 344 1046 387 1064 380 1082 ship 0.1334
454 1242 470 1248 459 1277 444 1272 ship 0.1205
346 1191 365 1197 352 1238 333 1232 ship 0.1158
565 1277 589 1273 605 1368 581 1372 ship 0.1123
493 1558 502 1546 540 1578 530 1589 ship 0.1081
499 1264 522 1260 537 1343 514 1347 ship 0.1077
-4 56 9 41 51 79 37 95 ship 0.1058
455 1619 469 1609 496 1645 482 1656 ship 0.1041
728 89 742 77 769 107 756 119 ship 0.1009
