897 1078 890 999 1011 989 1018 1068 ground-track-field 0.2477
361 1424 375 1413 400 1443 386 1454 small-vehicle 0.4390
367 1396 381 1381 420 1420 406 1434 small-vehicle 0.3781
58 1460 79 1459 80 1504 59 1504 small-vehicle 0.3584
488 1383 502 1372 532 1413 518 1424 small-vehicle 0.3414
387 1377 403 1364 438 1405 423 1418 small-vehicle 0.3214
1280 197 1293 183 1321 209 1308 223 small-vehicle 0.3078
894 388 905 371 943 396 932 413 small-vehicle 0.2929
266 1284 279 1273 304 1303 292 1314 small-vehicle 0.2750
318 1423 338 1425 334 1462 314 1460 small-vehicle 0.2714
1034 1213 1023 1200 1056 1175 1066 1188 small-vehicle 0.2690
1409 1120 1400 1107 1433 1083 1442 1096 small-vehicle 0.2668
1470 1010 1488 1013 1481 1049 1464 1045 small-vehicle 0.2518
1270 275 1284 260 1315 290 1301 305 small-vehicle 0.2055
565 1064 573 1045 616 1062 608 1082 small-vehicle 0.1881
1333 1045 1350 1044 1352 1076 1335 1077 small-vehicle 0.1825
995 1494 987 1470 1037 1452 1045 1477 small-vehicle 0.1797
331 683 352 679 359 719 338 723 small-vehicle 0.1791
408 1375 422 1360 453 1390 438 1405 small-vehicle 0.1716
1356 374 1371 356 1406 385 1391 403 small-vehicle 0.1566
408 29 410 9 451 12 449 32 small-vehicle 0.1507
202 274 190 252 272 207 284 229 small-vehicle 0.1489
626 1243 643 1227 707 1296 690 1312 small-vehicle 0.1470
225 1477 214 1456 276 1423 287 1445 small-vehicle 0.1458
1476 276 1488 279 1481 307 1468 304 small-vehicle 0.1412
371 342 358 319 449 266 462 288 small-vehicle 0.1409
586 1288 603 1273 662 1343 645 1357 small-vehicle 0.1364
540 1318 556 1305 620 1384 604 1397 small-vehicle 0.1352
1461 266 1476 266 1476 297 1461 297 small-vehicle 0.1344
964 1334 960 1301 1006 1295 1011 1328 small-vehicle 0.1332
1090 1161 1093 1146 1129 1153 1126 1168 small-vehicle 0.1323
520 1344 537 1329 597 1398 579 1413 small-vehicle 0.1313
781 659 769 635 866 586 878 610 small-vehicle 0.1310
806 607 793 584 872 539 885 562 small-vehicle 0.1296
610 1268 628 1253 689 1329 671 1344 small-vehicle 0.1260
365 688 384 689 382 723 363 722 small-vehicle 0.1217
1023 805 1005 772 1131 703 1149 736 small-vehicle 0.1209
451 740 468 718 559 791 541 813 small-vehicle 0.1189
0 1133 -1 1117 33 1111 35 1127 small-vehicle 0.1169
771 1134 783 1123 820 1165 808 1176 small-vehicle 0.1163
223 320 240 296 357 377 340 401 small-vehicle 0.1156
988 1468 973 1445 1018 1418 1032 1442 small-vehicle 0.1147
924 744 909 727 956 685 971 701 small-vehicle 0.1136
400 362 388 339 485 288 497 311 small-vehicle 0.1122
1113 871 1098 844 1238 769 1253 796 small-vehicle 0.1116
558 1076 568 1060 603 1081 594 1097 small-vehicle 0.1110
655 1222 671 1209 732 1283 716 1297 small-vehicle 0.1101
545 1415 558 1407 573 1428 561 1437 small-vehicle 0.1089
693 1181 708 1166 775 1236 760 1251 small-vehicle 0.1073
793 1119 806 1109 839 1152 826 1162 small-vehicle 0.1069
957 717 946 694 1035 649 1047 672 small-vehicle 0.1057
530 445 518 420 617 374 628 399 small-vehicle 0.1053
559 507 547 485 637 438 648 460 small-vehicle 0.1038
994 1375 984 1355 1018 1340 1027 1360 small-vehicle 0.1037
560 1307 575 1292 648 1365 633 1380 small-vehicle 0.1013
671 1203 688 1189 755 1268 738 1282 large-vehicle 0.8583
690 1177 705 1162 775 1236 759 1251 large-vehicle 0.8526
655 1222 671 1209 732 1283 716 1297 large-vehicle 0.8459
715 1158 732 1143 798 1220 781 1235 large-vehicle 0.8369
953 768 938 741 1076 664 1091 691 large-vehicle 0.8212
627 1246 646 1229 709 1298 690 1315 large-vehicle 0.8006
854 700 840 673 967 605 981 632 large-vehicle 0.7979
736 1140 752 1125 817 1196 802 1210 large-vehicle 0.7917
586 1288 603 1273 662 1343 645 1357 large-vehicle 0.7904
606 1268 623 1253 688 1324 671 1340 large-vehicle 0.7726
783 660 769 634 906 561 919 587 large-vehicle 0.7534
559 1306 574 1291 642 1360 627 1375 large-vehicle 0.7511
813 676 801 652 941 586 952 610 large-vehicle 0.7436
1026 805 1008 775 1133 697 1152 727 large-vehicle 0.7420
539 1322 557 1306 622 1380 604 1396 large-vehicle 0.7409
665 571 649 544 776 467 792 495 large-vehicle 0.7389
593 531 579 505 715 431 729 456 large-vehicle 0.7383
1082 846 1065 817 1193 738 1211 767 large-vehicle 0.7347
1106 873 1092 848 1245 765 1259 790 large-vehicle 0.7205
234 301 219 275 359 196 374 222 large-vehicle 0.7185
216 321 232 296 360 378 344 403 large-vehicle 0.7171
559 509 546 484 684 410 697 435 large-vehicle 0.7151
518 489 505 463 652 391 664 417 large-vehicle 0.7077
198 277 186 254 330 179 342 202 large-vehicle 0.7007
751 643 737 621 874 529 889 552 large-vehicle 0.6913
520 1344 537 1329 597 1398 579 1413 large-vehicle 0.6780
357 389 344 365 490 280 504 305 large-vehicle 0.6764
159 256 147 230 296 162 307 187 large-vehicle 0.6574
335 355 324 332 456 265 467 288 large-vehicle 0.6574
914 747 901 724 1049 639 1062 662 large-vehicle 0.6567
786 811 801 790 926 877 911 899 large-vehicle 0.6286
444 738 460 719 548 791 533 810 large-vehicle 0.5731
483 464 472 439 626 372 637 398 large-vehicle 0.5710
600 573 615 550 728 624 713 647 large-vehicle 0.5506
515 1338 496 1318 601 1219 620 1239 large-vehicle 0.5328
769 1132 782 1121 822 1167 809 1178 large-vehicle 0.5013
387 1379 403 1364 440 1404 424 1419 large-vehicle 0.3450
219 1472 211 1451 278 1425 286 1446 large-vehicle 0.3280
137 1484 134 1456 212 1446 215 1474 large-vehicle 0.3027
368 1394 382 1380 419 1417 405 1432 large-vehicle 0.2836
109 1294 141 1319 67 1410 36 1385 large-vehicle 0.2552
793 1119 806 1109 839 1152 826 1162 large-vehicle 0.2437
478 1373 493 1362 533 1415 518 1427 large-vehicle 0.1962
484 740 496 726 557 777 545 791 large-vehicle 0.1872
631 563 609 539 721 438 742 462 large-vehicle 0.1509
819 1104 833 1092 865 1131 851 1142 large-vehicle 0.1436
1000 800 978 773 1091 680 1113 706 large-vehicle 0.1207
1336 145 1360 119 1417 172 1393 198 large-vehicle 0.1176
1090 1161 1093 1146 1129 1153 1126 1168 large-vehicle 0.1135
568 663 590 683 542 737 520 717 large-vehicle 0.1108
835 1079 851 1064 889 1104 873 1119 large-vehicle 0.1091
591 9 601 -4 684 52 674 67 large-vehicle 0.1077
408 1375 422 1360 453 1390 438 1405 large-vehicle 0.1037
1149 921 1146 909 1176 900 1180 912 large-vehicle 0.1004
1013 995 1023 980 1055 1002 1044 1017 large-vehicle 0.1000
819 1105 833 1093 866 1131 852 1143 ship 0.3579
794 1121 806 1110 840 1149 828 1160 ship 0.3520
857 1061 871 1047 906 1084 892 1098 ship 0.2590
771 1134 783 1123 820 1165 808 1176 ship 0.2413
836 1081 852 1066 890 1106 874 1121 ship 0.2238
1016 996 1026 982 1056 1003 1046 1017 ship 0.1887
482 469 470 443 625 368 637 395 ship 0.1771
58 1460 79 1459 80 1504 59 1504 ship 0.1392
591 533 577 510 713 429 727 453 ship 0.1328
205 269 194 245 332 179 344 203 ship 0.1251
367 1396 381 1381 420 1420 406 1434 ship 0.1171
450 744 464 725 545 786 531 805 ship 0.1163
1068 848 1055 824 1209 742 1222 767 ship 0.1106
357 389 344 365 490 280 504 305 ship 0.1091
219 1472 211 1451 278 1425 286 1446 ship 0.1070
1090 1161 1093 1146 1129 1153 1126 1168 ship 0.1060
1108 876 1092 849 1237 763 1254 791 ship 0.1030
852 700 838 674 960 606 975 631 ship 0.1003
458 437 427 363 534 317 566 391 tennis-court 0.1723
912 1097 884 1025 1006 978 1034 1051 tennis-court 0.1198
911 1085 891 1019 1002 985 1022 1051 basketball-court 0.1043
463 444 425 371 527 318 565 391 basketball-court 0.1015
938 1290 954 1304 934 1328 918 1315 storage-tank 0.3248
964 1334 960 1301 1006 1295 1011 1328 storage-tank 0.1401
911 1085 891 1019 1002 985 1022 1051 soccer-ball-field 0.2385
472 438 434 378 518 326 556 386 soccer-ball-field 0.1386
463 444 425 371 527 318 565 391 swimming-pool 0.5527
963 1332 963 1298 1007 1298 1007 1332 swimming-pool 0.4720
915 1096 886 1022 998 977 1027 1052 swimming-pool 0.3162
994 1375 984 1355 1018 1340 1027 1360 swimming-pool 0.1189
