1924 744 1919 722 1969 711 1974 733 small-vehicle 0.1197
41 689 36 679 57 668 62 678 small-vehicle 0.1047
2002 933 2019 933 2019 996 2002 996 large-vehicle 0.2098
812 71 831 70 835 139 816 140 large-vehicle 0.1684
35 156 45 140 91 169 81 185 large-vehicle 0.1654
1040 632 1039 611 1127 606 1128 626 large-vehicle 0.1631
2308 1107 2310 1088 2363 1094 2362 1113 large-vehicle 0.1597
1462 1522 1480 1523 1479 1577 1461 1576 large-vehicle 0.1596
1485 568 1501 572 1488 620 1472 616 large-vehicle 0.1559
620 1416 621 1399 679 1404 677 1421 large-vehicle 0.1550
188 265 186 244 252 237 254 257 large-vehicle 0.1511
831 1908 827 1894 863 1884 867 1898 large-vehicle 0.1507
1383 1153 1385 1138 1433 1145 1430 1160 large-vehicle 0.1497
1312 669 1329 660 1362 723 1345 732 large-vehicle 0.1484
1919 1672 1936 1656 1994 1722 1977 1738 large-vehicle 0.1474
456 2223 473 2222 475 2269 459 2270 large-vehicle 0.1469
536 991 525 978 559 949 570 962 large-vehicle 0.1444
2286 1910 2309 1889 2381 1967 2359 1988 large-vehicle 0.1423
789 1857 789 1837 852 1840 851 1860 large-vehicle 0.1404
421 2582 411 2567 446 2545 455 2560 large-vehicle 0.1389
2006 461 2024 466 2008 521 1990 516 large-vehicle 0.1373
840 592 855 590 860 638 845 640 large-vehicle 0.1364
481 521 479 509 514 503 516 515 large-vehicle 0.1350
199 16 218 15 223 89 203 90 large-vehicle 0.1323
1666 2102 1667 2082 1720 2085 1719 2105 large-vehicle 0.1316
1391 1056 1410 1053 1424 1125 1405 1129 large-vehicle 0.1311
1772 1614 1787 1612 1796 1676 1781 1678 large-vehicle 0.1293
780 517 795 516 798 555 783 556 large-vehicle 0.1287
1860 1603 1874 1606 1860 1660 1846 1656 large-vehicle 0.1285
975 1513 990 1505 1012 1552 996 1560 large-vehicle 0.1275
268 2345 280 2342 293 2393 280 2396 large-vehicle 0.1274
1514 2368 1535 2370 1530 2438 1509 2437 large-vehicle 0.1268
1345 904 1361 904 1363 948 1346 948 large-vehicle 0.1267
2449 1110 2448 1088 2522 1087 2522 1109 large-vehicle 0.1263
1469 935 1463 916 1508 900 1515 919 large-vehicle 0.1256
2231 1921 2250 1907 2300 1972 2281 1986 large-vehicle 0.1232
463 2368 458 2348 506 2336 511 2356 large-vehicle 0.1211
463 2563 459 2541 515 2531 519 2553 large-vehicle 0.1211
16 2804 21 2783 102 2802 97 2823 large-vehicle 0.1204
377 167 388 175 369 205 357 197 large-vehicle 0.1201
1181 926 1198 923 1206 974 1189 976 large-vehicle 0.1200
363 2398 358 2378 405 2366 410 2386 large-vehicle 0.1192
152 1402 169 1389 226 1465 208 1478 large-vehicle 0.1175
955 686 973 687 969 742 951 741 large-vehicle 0.1167
2029 461 2045 468 2025 523 2008 517 large-vehicle 0.1161
439 2225 455 2223 460 2272 445 2274 large-vehicle 0.1159
502 1387 501 1367 549 1365 550 1385 large-vehicle 0.1151
247 263 243 245 286 236 290 254 large-vehicle 0.1149
853 863 873 862 875 928 856 929 large-vehicle 0.1132
1695 2643 1693 2629 1732 2624 1734 2638 large-vehicle 0.1113
524 579 532 587 514 605 506 597 large-vehicle 0.1113
1410 735 1403 714 1452 697 1460 719 large-vehicle 0.1109
1304 888 1323 889 1320 940 1302 939 large-vehicle 0.1104
950 1549 966 1551 961 1594 945 1592 large-vehicle 0.1104
969 689 986 689 985 755 968 755 large-vehicle 0.1101
428 2409 423 2390 471 2377 476 2396 large-vehicle 0.1101
456 2548 449 2533 486 2517 493 2531 large-vehicle 0.1097
679 1425 682 1411 724 1418 721 1433 large-vehicle 0.1096
903 845 923 834 960 895 940 907 large-vehicle 0.1092
425 2429 420 2411 465 2398 471 2415 large-vehicle 0.1092
1229 625 1224 601 1294 587 1299 611 large-vehicle 0.1084
2377 2201 2382 2185 2421 2197 2415 2214 large-vehicle 0.1081
1822 2567 1818 2556 1847 2545 1851 2556 large-vehicle 0.1080
1857 1890 1860 1875 1890 1880 1887 1895 large-vehicle 0.1074
1960 1111 1972 1097 2037 1152 2025 1166 large-vehicle 0.1074
324 2246 340 2247 336 2296 320 2294 large-vehicle 0.1072
1254 1102 1252 1088 1292 1082 1294 1097 large-vehicle 0.1069
322 267 337 270 325 315 310 312 large-vehicle 0.1068
441 1022 443 1006 487 1010 486 1026 large-vehicle 0.1067
2093 1054 2096 1037 2153 1045 2151 1062 large-vehicle 0.1056
1556 1060 1560 1046 1608 1059 1604 1073 large-vehicle 0.1053
341 267 356 269 351 315 335 313 large-vehicle 0.1051
1508 694 1525 693 1528 732 1510 733 large-vehicle 0.1039
503 1412 501 1394 560 1386 562 1404 large-vehicle 0.1035
1336 782 1350 775 1372 820 1357 827 large-vehicle 0.1035
2054 528 2071 533 2055 584 2038 578 large-vehicle 0.1031
1947 1660 1960 1648 2002 1693 1990 1705 large-vehicle 0.1030
306 2245 322 2247 317 2296 301 2295 large-vehicle 0.1029
1292 785 1306 781 1321 827 1307 832 large-vehicle 0.1021
1982 1941 1997 1930 2028 1973 2013 1983 large-vehicle 0.1005
1050 684 1071 676 1103 758 1081 766 large-vehicle 0.1000
2286 1910 2309 1889 2381 1967 2359 1988 ship 0.2000
2231 1921 2250 1907 2300 1972 2281 1986 ship 0.1799
487 2513 484 2492 535 2483 539 2504 ship 0.1697
456 2223 473 2222 475 2269 459 2270 ship 0.1517
2190 1952 2204 1944 2227 1989 2212 1996 ship 0.1470
494 2566 488 2540 552 2527 558 2552 ship 0.1460
481 2491 481 2468 536 2469 536 2492 ship 0.1354
456 2365 455 2342 506 2338 507 2362 ship 0.1260
2210 1941 2226 1929 2261 1976 2245 1988 ship 0.1246
476 2427 472 2407 518 2397 522 2417 ship 0.1210
2263 1929 2282 1913 2349 1992 2330 2008 ship 0.1165
2135 1940 2153 1938 2159 1981 2141 1984 ship 0.1126
478 2470 479 2448 533 2452 532 2474 ship 0.1109
2102 1937 2120 1930 2141 1979 2123 1987 ship 0.1041
2303 1869 2320 1851 2382 1907 2365 1926 ship 0.1028
2156 1946 2173 1941 2186 1987 2170 1992 ship 0.1024
469 2547 462 2529 507 2511 514 2529 ship 0.1006
245 1527 343 1525 346 1705 248 1707 tennis-court 0.1055
1423 2164 1464 2168 1458 2222 1416 2217 roundabout 0.1410
