332 239 351 236 358 275 340 279 small-vehicle 0.5168
331 927 347 934 332 970 316 963 small-vehicle 0.4949
898 1066 896 1048 931 1046 932 1064 small-vehicle 0.4783
478 325 478 307 520 308 520 326 small-vehicle 0.4705
856 671 857 655 896 656 896 673 small-vehicle 0.4667
1039 737 1034 720 1068 710 1073 726 small-vehicle 0.4425
293 915 308 921 294 953 279 947 small-vehicle 0.4381
787 722 783 706 824 697 828 713 small-vehicle 0.4117
656 522 654 504 693 500 695 518 small-vehicle 0.4033
998 296 997 281 1029 277 1031 292 small-vehicle 0.4018
771 529 771 512 805 512 805 529 small-vehicle 0.3986
312 920 326 926 311 959 296 952 small-vehicle 0.3906
367 932 386 934 383 974 364 973 small-vehicle 0.3843
1016 505 1015 487 1052 484 1054 501 small-vehicle 0.3754
994 259 992 242 1028 238 1030 254 small-vehicle 0.3724
185 345 175 328 212 306 222 323 small-vehicle 0.3707
1023 543 1021 529 1055 524 1057 539 small-vehicle 0.3670
247 922 238 910 270 885 279 897 small-vehicle 0.3656
767 491 767 475 803 476 803 491 small-vehicle 0.3654
1214 465 1212 449 1249 444 1251 460 small-vehicle 0.3646
388 160 387 143 425 140 427 157 small-vehicle 0.3624
1001 167 1016 165 1021 197 1005 199 small-vehicle 0.3587
420 888 419 872 455 871 455 887 small-vehicle 0.3555
859 709 858 692 899 691 899 708 small-vehicle 0.3552
544 553 541 538 580 531 582 546 small-vehicle 0.3551
956 322 954 306 992 302 993 318 small-vehicle 0.3550
349 931 367 935 357 975 340 971 small-vehicle 0.3544
1129 378 1128 361 1167 360 1167 377 small-vehicle 0.3532
453 810 452 793 489 790 490 806 small-vehicle 0.3529
511 207 529 206 530 244 512 245 small-vehicle 0.3514
901 535 901 519 940 518 940 535 small-vehicle 0.3490
762 450 762 433 799 434 799 451 small-vehicle 0.3445
746 303 745 284 784 282 785 301 small-vehicle 0.3431
276 899 292 908 272 943 257 934 small-vehicle 0.3426
785 681 785 664 822 663 823 680 small-vehicle 0.3369
390 229 407 227 412 261 395 263 small-vehicle 0.3367
209 754 208 738 246 736 247 752 small-vehicle 0.3361
612 507 610 489 648 484 651 502 small-vehicle 0.3289
774 184 791 183 792 217 775 218 small-vehicle 0.3288
1106 705 1107 688 1145 690 1144 707 small-vehicle 0.3268
764 471 764 454 802 454 802 471 small-vehicle 0.3266
488 208 504 207 507 244 490 245 small-vehicle 0.3257
973 527 972 510 1014 509 1014 525 small-vehicle 0.3249
906 175 921 174 924 207 909 209 small-vehicle 0.3249
93 510 113 508 117 547 97 549 small-vehicle 0.3247
993 716 993 699 1032 700 1032 716 small-vehicle 0.3245
461 886 461 869 497 867 498 884 small-vehicle 0.3239
1055 158 1073 156 1076 193 1058 195 small-vehicle 0.3171
550 608 549 592 584 590 585 606 small-vehicle 0.3159
622 932 636 931 637 963 623 963 small-vehicle 0.3154
722 440 720 423 757 419 759 436 small-vehicle 0.3150
719 187 737 187 737 224 719 224 small-vehicle 0.3140
259 258 274 257 278 290 263 292 small-vehicle 0.3107
658 558 658 541 697 541 697 557 small-vehicle 0.3103
429 222 446 220 451 255 434 257 small-vehicle 0.3099
545 204 561 203 564 241 548 242 small-vehicle 0.3074
793 185 809 182 814 216 797 219 small-vehicle 0.3063
953 298 954 281 989 283 988 299 small-vehicle 0.3060
1137 421 1135 405 1168 399 1171 415 small-vehicle 0.3059
913 628 913 612 947 612 947 628 small-vehicle 0.3054
221 888 220 871 258 869 259 886 small-vehicle 0.3045
1015 469 1013 452 1049 448 1050 465 small-vehicle 0.3040
407 771 408 753 446 756 445 774 small-vehicle 0.3021
998 757 996 742 1031 736 1033 750 small-vehicle 0.3017
681 786 680 768 717 766 718 783 small-vehicle 0.3004
1089 514 1090 498 1127 498 1127 515 small-vehicle 0.2986
973 545 975 528 1015 534 1013 550 small-vehicle 0.2970
602 197 618 195 622 233 605 235 small-vehicle 0.2956
170 377 170 361 205 360 205 376 small-vehicle 0.2946
876 268 875 252 916 251 916 267 small-vehicle 0.2937
927 762 927 745 962 746 961 762 small-vehicle 0.2937
459 842 459 826 493 825 493 841 small-vehicle 0.2916
417 868 417 851 454 852 453 869 small-vehicle 0.2913
680 747 679 732 712 730 712 746 small-vehicle 0.2910
775 582 775 566 813 566 813 582 small-vehicle 0.2900
921 724 922 708 958 711 956 727 small-vehicle 0.2900
1258 846 1275 843 1282 883 1265 886 small-vehicle 0.2894
980 602 981 585 1018 585 1018 603 small-vehicle 0.2886
882 346 882 329 920 328 920 345 small-vehicle 0.2885
1082 440 1081 425 1117 424 1117 439 small-vehicle 0.2885
1158 645 1157 630 1189 627 1191 642 small-vehicle 0.2881
1042 770 1041 754 1077 753 1078 769 small-vehicle 0.2873
982 166 997 166 998 198 983 199 small-vehicle 0.2869
909 592 910 575 945 576 944 593 small-vehicle 0.2867
469 216 483 215 483 246 470 246 small-vehicle 0.2860
634 308 635 291 675 292 674 309 small-vehicle 0.2856
411 390 412 371 449 374 448 392 small-vehicle 0.2856
1139 494 1139 476 1180 477 1180 495 small-vehicle 0.2856
773 548 774 531 808 532 807 549 small-vehicle 0.2842
295 365 293 348 330 343 332 360 small-vehicle 0.2837
639 331 638 314 673 313 673 329 small-vehicle 0.2829
183 561 183 542 226 541 226 560 small-vehicle 0.2825
658 922 674 920 680 954 664 957 small-vehicle 0.2811
997 737 996 722 1029 719 1031 734 small-vehicle 0.2805
461 863 461 846 495 847 494 863 small-vehicle 0.2783
406 937 421 936 423 972 408 973 small-vehicle 0.2770
1086 479 1086 462 1121 462 1121 479 small-vehicle 0.2770
533 877 533 860 571 862 570 879 small-vehicle 0.2767
865 789 867 771 906 774 904 793 small-vehicle 0.2764
1079 155 1098 155 1099 189 1080 189 small-vehicle 0.2759
1024 579 1024 563 1058 564 1058 580 small-vehicle 0.2751
761 395 760 379 792 377 793 392 small-vehicle 0.2751
1109 740 1110 724 1149 728 1147 743 small-vehicle 0.2750
915 685 914 669 953 667 953 683 small-vehicle 0.2748
666 633 666 617 701 618 700 634 small-vehicle 0.2738
859 656 853 641 893 627 898 642 small-vehicle 0.2736
1042 752 1040 736 1074 733 1076 749 small-vehicle 0.2734
793 737 794 722 825 723 825 738 small-vehicle 0.2733
916 702 918 685 956 687 955 705 small-vehicle 0.2729
999 335 999 318 1034 317 1034 334 small-vehicle 0.2725
681 193 697 192 698 226 682 226 small-vehicle 0.2710
725 472 726 456 760 456 759 472 small-vehicle 0.2691
489 131 488 116 526 113 527 129 small-vehicle 0.2690
779 604 779 587 813 587 813 604 small-vehicle 0.2683
652 481 652 464 690 465 689 481 small-vehicle 0.2683
1267 616 1267 597 1304 598 1304 616 small-vehicle 0.2673
1245 368 1245 350 1281 349 1281 368 small-vehicle 0.2662
1037 695 1036 679 1067 677 1068 693 small-vehicle 0.2657
674 711 672 695 708 691 710 707 small-vehicle 0.2655
952 276 952 260 990 261 989 278 small-vehicle 0.2647
1141 472 1139 456 1176 452 1178 467 small-vehicle 0.2641
672 672 672 656 709 656 708 673 small-vehicle 0.2639
1151 608 1150 590 1188 587 1189 605 small-vehicle 0.2635
1110 726 1109 711 1144 709 1145 724 small-vehicle 0.2617
1004 371 1003 354 1041 353 1042 369 small-vehicle 0.2608
464 933 482 933 483 974 465 974 small-vehicle 0.2603
519 933 538 932 540 975 521 976 small-vehicle 0.2600
200 716 201 697 239 700 238 719 small-vehicle 0.2591
608 482 609 464 648 467 647 485 small-vehicle 0.2590
594 332 595 316 632 318 631 335 small-vehicle 0.2588
1226 599 1224 584 1258 580 1259 594 small-vehicle 0.2587
895 439 894 423 929 422 929 438 small-vehicle 0.2569
832 177 850 176 853 213 835 214 small-vehicle 0.2566
413 813 411 797 447 792 449 808 small-vehicle 0.2565
559 666 556 651 588 644 591 659 small-vehicle 0.2565
1082 459 1083 441 1122 442 1121 460 small-vehicle 0.2560
302 859 301 844 335 840 337 856 small-vehicle 0.2557
443 936 459 936 459 972 444 972 small-vehicle 0.2554
1125 863 1142 861 1147 895 1130 898 small-vehicle 0.2551
1025 160 1042 158 1045 193 1028 194 small-vehicle 0.2551
1004 410 1004 394 1038 394 1038 411 small-vehicle 0.2547
1225 615 1226 600 1264 605 1262 620 small-vehicle 0.2542
902 516 901 500 936 499 937 515 small-vehicle 0.2541
642 368 641 351 673 349 674 366 small-vehicle 0.2529
525 327 522 309 557 304 560 321 small-vehicle 0.2518
1102 667 1103 651 1138 653 1138 669 small-vehicle 0.2517
346 837 345 821 378 820 378 835 small-vehicle 0.2507
1231 851 1248 849 1253 888 1236 890 small-vehicle 0.2505
1161 721 1159 705 1195 701 1197 716 small-vehicle 0.2505
1001 389 1003 371 1043 376 1040 393 small-vehicle 0.2504
752 336 752 321 788 321 788 336 small-vehicle 0.2504
1003 873 1019 871 1025 906 1009 909 small-vehicle 0.2497
941 170 957 167 962 201 947 203 small-vehicle 0.2486
544 528 543 513 573 511 574 525 small-vehicle 0.2483
758 415 757 399 795 397 796 412 small-vehicle 0.2479
973 490 972 474 1006 473 1007 488 small-vehicle 0.2475
566 797 564 781 603 778 605 794 small-vehicle 0.2467
522 358 523 342 560 342 560 359 small-vehicle 0.2457
1389 390 1390 372 1425 374 1425 392 small-vehicle 0.2453
450 749 452 733 485 736 484 752 small-vehicle 0.2450
1249 390 1248 374 1282 372 1283 388 small-vehicle 0.2450
599 929 615 929 616 965 600 965 small-vehicle 0.2446
566 760 566 744 599 743 600 759 small-vehicle 0.2441
555 933 572 933 573 973 555 973 small-vehicle 0.2431
417 431 415 414 452 410 454 427 small-vehicle 0.2431
620 621 618 605 655 601 657 617 small-vehicle 0.2425
288 727 287 712 318 709 320 725 small-vehicle 0.2414
448 767 450 751 485 756 483 772 small-vehicle 0.2407
913 649 914 632 950 632 950 649 small-vehicle 0.2398
331 760 332 743 369 744 369 761 small-vehicle 0.2391
483 364 483 348 518 346 519 362 small-vehicle 0.2387
659 537 657 522 691 518 693 533 small-vehicle 0.2387
596 312 596 296 629 297 629 313 small-vehicle 0.2385
665 614 665 599 698 598 698 614 small-vehicle 0.2382
1266 592 1266 576 1301 575 1302 591 small-vehicle 0.2381
1086 865 1102 863 1106 897 1090 899 small-vehicle 0.2380
538 476 536 460 571 456 573 472 small-vehicle 0.2373
885 381 885 365 923 364 923 380 small-vehicle 0.2365
837 465 836 449 876 446 877 462 small-vehicle 0.2361
1395 447 1394 432 1434 430 1434 446 small-vehicle 0.2361
867 767 866 752 902 751 903 766 small-vehicle 0.2354
1140 448 1140 433 1171 434 1171 449 small-vehicle 0.2346
664 595 664 580 699 579 699 594 small-vehicle 0.2339
1266 579 1265 563 1301 561 1302 577 small-vehicle 0.2337
510 648 511 631 547 633 546 650 small-vehicle 0.2337
675 695 672 679 706 672 709 688 small-vehicle 0.2336
953 258 955 242 991 247 989 263 small-vehicle 0.2334
880 289 881 271 920 273 919 291 small-vehicle 0.2334
895 463 894 445 932 443 933 460 small-vehicle 0.2333
557 680 556 663 593 662 594 679 small-vehicle 0.2330
558 702 557 685 595 685 595 701 small-vehicle 0.2329
551 627 550 611 587 610 587 626 small-vehicle 0.2327
532 435 532 418 570 417 571 434 small-vehicle 0.2322
886 403 886 385 927 387 926 405 small-vehicle 0.2317
423 506 423 488 459 488 460 506 small-vehicle 0.2316
1102 862 1119 859 1126 897 1108 900 small-vehicle 0.2299
642 199 659 198 660 232 643 233 small-vehicle 0.2293
1003 355 1002 340 1035 338 1035 353 small-vehicle 0.2291
343 874 346 857 383 864 379 881 small-vehicle 0.2288
528 802 525 785 560 780 562 797 small-vehicle 0.2288
755 356 754 340 788 338 789 355 small-vehicle 0.2283
1215 501 1217 485 1254 490 1252 506 small-vehicle 0.2273
550 589 546 575 578 564 583 578 small-vehicle 0.2268
565 204 581 204 581 239 565 239 small-vehicle 0.2252
1262 519 1261 504 1292 501 1293 517 small-vehicle 0.2249
853 634 854 618 891 618 890 635 small-vehicle 0.2244
842 500 843 484 877 484 877 501 small-vehicle 0.2239
737 628 737 611 773 610 774 626 small-vehicle 0.2238
866 180 880 177 885 206 871 208 small-vehicle 0.2227
573 874 573 858 609 858 609 874 small-vehicle 0.2224
726 493 726 477 762 479 761 494 small-vehicle 0.2224
1170 780 1167 764 1204 758 1207 774 small-vehicle 0.2223
1150 532 1148 518 1178 514 1180 528 small-vehicle 0.2218
580 936 595 934 600 966 586 968 small-vehicle 0.2212
1265 558 1265 541 1301 541 1301 558 small-vehicle 0.2209
572 830 572 815 608 814 608 829 small-vehicle 0.2197
519 688 516 673 548 667 551 682 small-vehicle 0.2192
367 334 366 320 401 319 401 333 small-vehicle 0.2188
672 656 668 640 705 632 708 648 small-vehicle 0.2185
405 751 406 734 443 735 442 752 small-vehicle 0.2184
985 626 982 610 1019 603 1022 619 small-vehicle 0.2170
1099 612 1098 595 1134 594 1135 610 small-vehicle 0.2170
862 726 864 710 901 715 899 731 small-vehicle 0.2166
1103 683 1105 667 1143 669 1142 685 small-vehicle 0.2150
784 659 786 643 821 647 819 663 small-vehicle 0.2135
1225 541 1224 526 1255 523 1256 537 small-vehicle 0.2134
1011 431 1008 417 1039 409 1043 424 small-vehicle 0.2132
508 613 506 598 540 593 542 608 small-vehicle 0.2131
589 206 603 207 601 238 587 237 small-vehicle 0.2116
504 591 504 574 539 572 540 589 small-vehicle 0.2107
405 329 405 312 447 312 447 329 small-vehicle 0.2104
294 821 295 803 336 805 335 823 small-vehicle 0.2104
1251 427 1251 411 1288 410 1288 427 small-vehicle 0.2101
1162 685 1160 669 1195 665 1197 681 small-vehicle 0.2099
725 533 725 518 760 517 760 533 small-vehicle 0.2097
743 649 741 635 772 632 773 646 small-vehicle 0.2095
649 426 649 409 684 408 684 426 small-vehicle 0.2094
998 775 998 759 1037 758 1037 774 small-vehicle 0.2094
848 544 844 529 878 520 882 535 small-vehicle 0.2088
431 578 431 561 466 562 466 579 small-vehicle 0.2086
960 412 961 396 996 397 995 413 small-vehicle 0.2085
1225 563 1223 548 1258 543 1260 558 small-vehicle 0.2084
618 580 619 565 655 567 654 583 small-vehicle 0.2082
536 493 536 476 576 476 575 493 small-vehicle 0.2080
734 607 734 590 771 589 772 606 small-vehicle 0.2079
615 558 617 541 654 545 652 562 small-vehicle 0.2078
1113 762 1112 746 1149 743 1151 759 small-vehicle 0.2076
638 764 640 749 675 752 674 768 small-vehicle 0.2073
1019 555 1020 539 1060 540 1059 556 small-vehicle 0.2072
643 809 642 795 677 791 679 805 small-vehicle 0.2061
1068 268 1068 253 1103 251 1104 267 small-vehicle 0.2058
959 357 960 341 994 342 994 357 small-vehicle 0.2057
743 684 742 667 780 665 781 682 small-vehicle 0.2043
723 512 723 496 759 497 759 512 small-vehicle 0.2042
980 871 996 870 1000 908 985 910 small-vehicle 0.2040
564 742 562 727 594 722 596 737 small-vehicle 0.2039
644 402 645 386 680 389 679 405 small-vehicle 0.2033
219 866 218 849 259 847 260 864 small-vehicle 0.2032
423 486 422 469 460 466 461 483 small-vehicle 0.2030
605 429 604 413 638 410 639 426 small-vehicle 0.2021
1072 366 1072 349 1112 348 1112 365 small-vehicle 0.2012
388 937 403 936 405 972 390 973 small-vehicle 0.2010
574 852 573 835 611 833 612 850 small-vehicle 0.2008
501 935 517 938 510 975 494 971 small-vehicle 0.2005
1024 865 1043 861 1052 903 1033 907 small-vehicle 0.2005
609 451 607 435 641 432 643 448 small-vehicle 0.1996
613 526 613 509 650 510 649 527 small-vehicle 0.1991
707 320 710 304 746 309 744 325 small-vehicle 0.1988
1236 729 1237 712 1275 714 1274 731 small-vehicle 0.1987
967 170 981 168 984 198 970 199 small-vehicle 0.1985
1233 658 1231 642 1266 638 1268 654 small-vehicle 0.1985
763 436 762 421 794 419 795 434 small-vehicle 0.1984
1022 528 1019 512 1053 506 1056 521 small-vehicle 0.1984
713 343 714 328 747 330 746 345 small-vehicle 0.1984
628 659 625 644 657 638 660 653 small-vehicle 0.1978
748 754 750 738 791 744 788 761 small-vehicle 0.1975
401 716 401 699 438 698 438 716 small-vehicle 0.1974
541 514 540 498 575 497 575 513 small-vehicle 0.1968
823 291 821 276 859 272 861 287 small-vehicle 0.1967
1104 647 1104 631 1137 631 1137 646 small-vehicle 0.1967
1047 863 1068 862 1068 905 1047 905 small-vehicle 0.1967
419 848 417 834 449 829 450 843 small-vehicle 0.1963
924 785 922 768 962 764 964 782 small-vehicle 0.1953
1095 577 1093 562 1128 558 1130 573 small-vehicle 0.1951
1077 388 1076 373 1111 369 1113 385 small-vehicle 0.1950
640 734 637 720 669 713 672 727 small-vehicle 0.1946
1067 864 1085 863 1087 901 1069 902 small-vehicle 0.1943
653 446 652 431 685 428 687 443 small-vehicle 0.1943
1205 406 1205 389 1242 388 1242 405 small-vehicle 0.1941
1099 627 1099 611 1137 609 1137 626 small-vehicle 0.1939
331 702 332 687 364 689 363 704 small-vehicle 0.1937
991 695 990 679 1031 677 1031 693 small-vehicle 0.1935
746 188 762 187 762 220 747 220 small-vehicle 0.1932
1213 430 1210 414 1244 407 1247 423 small-vehicle 0.1931
965 391 963 376 995 374 996 389 small-vehicle 0.1927
684 805 684 791 716 789 717 803 small-vehicle 0.1923
865 747 866 732 902 735 900 751 small-vehicle 0.1919
404 738 402 722 436 717 439 733 small-vehicle 0.1911
879 310 879 292 919 292 919 310 small-vehicle 0.1909
601 389 602 373 635 374 635 391 small-vehicle 0.1908
641 350 638 335 670 328 673 343 small-vehicle 0.1907
1093 535 1093 520 1124 519 1125 534 small-vehicle 0.1907
345 851 345 835 381 834 382 850 small-vehicle 0.1902
987 642 984 627 1019 619 1022 635 small-vehicle 0.1902
436 617 436 601 471 600 472 616 small-vehicle 0.1898
1040 792 1038 776 1077 773 1078 789 small-vehicle 0.1892
438 602 434 588 465 577 470 592 small-vehicle 0.1886
846 577 846 561 885 561 885 576 small-vehicle 0.1886
529 836 530 820 565 823 564 838 small-vehicle 0.1881
1073 329 1070 314 1105 307 1108 321 small-vehicle 0.1881
1165 740 1165 723 1199 724 1199 741 small-vehicle 0.1880
1383 332 1385 312 1431 317 1428 338 small-vehicle 0.1880
1132 399 1130 383 1166 379 1168 395 small-vehicle 0.1876
1387 354 1385 338 1421 335 1423 350 small-vehicle 0.1872
632 678 629 663 660 656 663 671 small-vehicle 0.1870
716 383 715 367 749 364 751 381 small-vehicle 0.1859
1028 618 1026 600 1066 596 1068 613 small-vehicle 0.1855
904 566 906 549 945 554 943 571 small-vehicle 0.1853
1142 857 1163 849 1177 891 1156 898 small-vehicle 0.1838
835 443 835 427 873 428 873 444 small-vehicle 0.1815
508 627 507 611 544 609 545 625 small-vehicle 0.1815
414 827 416 811 452 814 450 830 small-vehicle 0.1814
780 638 780 619 822 620 822 639 small-vehicle 0.1813
987 661 987 644 1025 643 1026 660 small-vehicle 0.1804
893 177 907 178 905 207 891 206 small-vehicle 0.1800
440 652 441 637 472 637 472 652 small-vehicle 0.1798
737 589 736 574 768 571 770 586 small-vehicle 0.1793
821 310 822 294 860 295 859 312 small-vehicle 0.1789
517 724 518 707 555 710 554 726 small-vehicle 0.1789
1282 709 1279 695 1309 690 1312 704 small-vehicle 0.1777
928 170 944 170 945 204 928 204 small-vehicle 0.1776
1233 639 1231 624 1264 620 1266 636 small-vehicle 0.1773
643 387 645 371 678 376 676 391 small-vehicle 0.1767
503 555 503 539 538 538 539 554 small-vehicle 0.1758
621 600 621 584 655 584 655 600 small-vehicle 0.1752
1287 747 1283 733 1312 724 1316 738 small-vehicle 0.1750
1030 638 1028 621 1063 617 1065 634 small-vehicle 0.1748
431 933 446 933 446 969 431 969 small-vehicle 0.1743
1149 548 1150 532 1183 533 1183 549 small-vehicle 0.1734
1117 781 1116 766 1147 764 1148 778 small-vehicle 0.1723
1078 402 1077 385 1114 383 1115 400 small-vehicle 0.1723
1204 371 1203 355 1238 353 1239 369 small-vehicle 0.1717
899 493 899 477 935 475 936 491 small-vehicle 0.1713
1382 277 1381 261 1411 259 1412 275 small-vehicle 0.1709
1034 672 1034 656 1068 655 1068 671 small-vehicle 0.1706
1082 423 1080 408 1113 405 1114 420 small-vehicle 0.1702
708 301 709 285 747 289 746 304 small-vehicle 0.1697
643 791 641 776 672 770 675 785 small-vehicle 0.1692
1399 469 1399 453 1436 454 1436 470 small-vehicle 0.1679
1201 853 1216 849 1225 886 1210 890 small-vehicle 0.1677
444 692 446 675 482 678 481 694 small-vehicle 0.1672
813 182 828 182 830 212 814 212 small-vehicle 0.1661
1094 556 1093 541 1128 539 1129 554 small-vehicle 0.1658
450 729 448 713 482 709 483 725 small-vehicle 0.1652
340 810 342 794 378 797 377 813 small-vehicle 0.1647
962 375 962 361 995 360 995 374 small-vehicle 0.1640
635 714 634 699 666 698 667 713 small-vehicle 0.1636
1386 367 1386 350 1426 349 1426 367 small-vehicle 0.1636
1403 523 1403 508 1440 508 1440 524 small-vehicle 0.1634
972 1058 971 1039 1013 1038 1014 1057 small-vehicle 0.1634
848 175 864 175 864 204 848 204 small-vehicle 0.1631
1276 645 1277 631 1309 633 1308 647 small-vehicle 0.1628
667 198 681 197 683 228 668 228 small-vehicle 0.1625
563 726 560 712 592 704 595 719 small-vehicle 0.1622
452 784 451 768 484 767 485 783 small-vehicle 0.1616
1404 501 1405 486 1438 489 1437 504 small-vehicle 0.1607
410 794 411 778 445 779 445 795 small-vehicle 0.1598
1036 654 1033 638 1064 633 1066 648 small-vehicle 0.1595
1287 843 1305 843 1306 881 1288 881 small-vehicle 0.1593
1264 536 1262 522 1294 518 1295 533 small-vehicle 0.1584
1405 545 1402 529 1439 524 1441 540 small-vehicle 0.1583
980 583 980 567 1015 566 1015 581 small-vehicle 0.1583
1152 568 1151 554 1182 553 1182 567 small-vehicle 0.1564
1234 1041 1228 1014 1321 991 1328 1017 small-vehicle 0.1558
755 794 756 778 792 781 791 797 small-vehicle 0.1557
430 538 429 523 465 521 466 536 small-vehicle 0.1551
1278 690 1278 675 1309 675 1309 690 small-vehicle 0.1546
719 363 713 347 749 336 754 351 small-vehicle 0.1540
1013 449 1010 434 1045 427 1048 442 small-vehicle 0.1537
598 356 596 342 630 339 632 353 small-vehicle 0.1536
430 557 430 541 468 541 468 558 small-vehicle 0.1528
997 312 995 296 1034 291 1036 307 small-vehicle 0.1525
746 702 747 688 780 688 780 703 small-vehicle 0.1525
1068 288 1069 272 1104 274 1104 290 small-vehicle 0.1515
1160 660 1159 644 1193 641 1194 656 small-vehicle 0.1511
1255 449 1254 433 1289 431 1290 447 small-vehicle 0.1510
850 611 851 595 888 595 888 611 small-vehicle 0.1507
824 331 824 316 860 316 860 332 small-vehicle 0.1502
633 206 645 206 644 234 632 234 small-vehicle 0.1499
797 775 796 758 831 756 833 773 small-vehicle 0.1494
721 415 719 400 752 398 754 413 small-vehicle 0.1470
677 729 675 712 712 706 715 722 small-vehicle 0.1468
1071 346 1072 330 1110 333 1109 349 small-vehicle 0.1465
755 324 753 309 785 305 787 320 small-vehicle 0.1451
500 534 500 517 537 516 537 534 small-vehicle 0.1447
928 798 926 783 962 778 964 793 small-vehicle 0.1441
1175 855 1194 851 1200 889 1181 892 small-vehicle 0.1436
996 281 994 266 1029 259 1032 274 small-vehicle 0.1424
851 596 850 578 890 576 891 593 small-vehicle 0.1412
1277 673 1278 657 1308 660 1306 675 small-vehicle 0.1411
734 568 734 553 767 552 768 566 small-vehicle 0.1400
623 638 623 621 658 620 659 636 small-vehicle 0.1392
749 719 748 703 789 702 789 719 small-vehicle 0.1376
658 508 654 493 689 484 693 499 small-vehicle 0.1369
1395 434 1393 419 1431 414 1433 429 small-vehicle 0.1361
1166 757 1167 742 1201 744 1200 760 small-vehicle 0.1356
796 761 794 744 830 741 832 757 small-vehicle 0.1355
830 369 829 353 865 350 867 367 small-vehicle 0.1348
1395 412 1392 397 1424 390 1428 406 small-vehicle 0.1347
444 671 442 656 474 653 476 668 small-vehicle 0.1345
883 326 881 310 920 305 922 322 small-vehicle 0.1342
533 852 533 835 569 836 568 852 small-vehicle 0.1327
630 693 629 677 664 674 665 690 small-vehicle 0.1322
1412 582 1409 569 1438 562 1441 576 small-vehicle 0.1319
1151 580 1152 565 1184 568 1183 583 small-vehicle 0.1313
526 782 525 766 558 764 559 779 small-vehicle 0.1304
777 570 776 555 809 552 811 566 small-vehicle 0.1288
886 365 886 350 920 350 920 365 small-vehicle 0.1286
969 468 969 452 1007 452 1007 469 small-vehicle 0.1283
524 764 522 748 561 743 562 760 small-vehicle 0.1279
838 479 839 462 881 463 880 480 small-vehicle 0.1277
1228 585 1225 571 1257 565 1260 579 small-vehicle 0.1273
75 528 92 522 101 549 85 555 small-vehicle 0.1271
992 682 991 667 1028 665 1029 680 small-vehicle 0.1271
1233 1034 1229 1011 1319 996 1323 1019 large-vehicle 0.5247
294 821 295 803 336 805 335 823 large-vehicle 0.1631
1071 346 1072 330 1110 333 1109 349 large-vehicle 0.1577
973 527 972 510 1014 509 1014 525 large-vehicle 0.1453
858 707 860 690 900 694 898 710 large-vehicle 0.1396
388 160 386 143 426 139 428 156 large-vehicle 0.1303
406 937 421 936 423 972 408 973 large-vehicle 0.1292
1072 366 1072 349 1112 348 1112 365 large-vehicle 0.1260
1130 380 1127 364 1165 357 1168 373 large-vehicle 0.1173
993 716 993 699 1032 700 1032 716 large-vehicle 0.1160
511 207 529 206 530 244 512 245 large-vehicle 0.1147
824 331 824 316 860 316 860 332 large-vehicle 0.1122
405 329 405 312 447 312 447 329 large-vehicle 0.1096
183 561 183 542 226 541 226 560 large-vehicle 0.1095
1072 328 1072 314 1105 314 1105 328 large-vehicle 0.1093
1102 667 1103 651 1138 653 1138 669 large-vehicle 0.1074
529 363 525 347 559 339 562 355 large-vehicle 0.1063
200 717 199 699 236 698 236 717 large-vehicle 0.1057
991 695 990 679 1031 677 1031 693 large-vehicle 0.1050
956 322 954 306 992 302 993 318 large-vehicle 0.1047
488 367 485 350 525 341 529 358 large-vehicle 0.1046
823 291 821 276 859 272 861 287 large-vehicle 0.1030
973 545 975 528 1015 534 1013 550 large-vehicle 0.1017
1023 543 1021 529 1055 524 1057 539 large-vehicle 0.1007
1106 706 1105 690 1145 689 1146 704 ship 0.1709
1103 683 1105 667 1143 669 1142 685 ship 0.1685
836 461 837 444 878 447 877 464 ship 0.1682
1100 646 1102 630 1138 633 1137 649 ship 0.1657
1100 666 1102 650 1139 655 1137 671 ship 0.1622
993 716 993 699 1032 700 1032 716 ship 0.1540
488 210 505 208 508 246 491 247 ship 0.1395
834 443 834 426 874 426 874 444 ship 0.1355
1109 740 1110 724 1149 728 1147 743 ship 0.1344
991 695 990 679 1031 677 1031 693 ship 0.1336
748 754 750 738 791 744 788 761 ship 0.1322
725 511 724 495 761 494 761 510 ship 0.1317
504 591 504 574 539 572 540 589 ship 0.1249
508 613 506 598 540 593 542 608 ship 0.1241
819 309 821 291 861 295 859 313 ship 0.1201
824 331 824 316 860 316 860 332 ship 0.1199
726 493 726 477 762 479 761 494 ship 0.1188
730 535 727 519 762 512 765 528 ship 0.1183
980 871 996 870 1000 908 985 910 ship 0.1176
973 527 972 510 1014 509 1014 525 ship 0.1175
1398 473 1396 455 1441 450 1443 468 ship 0.1167
985 659 987 643 1026 646 1025 662 ship 0.1138
632 678 629 663 660 656 663 671 ship 0.1132
1397 454 1393 436 1440 426 1444 444 ship 0.1101
464 214 480 212 484 245 468 247 ship 0.1074
508 627 507 611 544 609 545 625 ship 0.1071
1404 503 1403 486 1440 485 1441 502 ship 0.1070
1110 726 1109 711 1144 709 1145 724 ship 0.1069
1229 852 1246 849 1254 888 1237 891 ship 0.1050
1401 525 1402 507 1445 507 1444 525 ship 0.1031
707 320 710 304 746 309 744 325 ship 0.1030
713 343 714 328 747 330 746 345 ship 0.1023
407 936 422 936 422 972 407 972 ship 0.1018
858 707 860 690 900 694 898 710 ship 0.1008
517 724 518 707 556 709 556 726 ship 0.1004
