359 2486 368 2479 390 2509 380 2516 large-vehicle 0.1104
220 2392 234 2388 244 2422 231 2426 large-vehicle 0.1027
478 841 499 838 506 889 484 891 ship 0.4918
477 1820 491 1815 504 1854 489 1858 ship 0.3077
546 1797 559 1794 566 1834 552 1836 ship 0.2539
227 1171 251 1163 266 1209 243 1217 ship 0.1696
493 1812 507 1809 514 1850 500 1853 ship 0.1669
532 1811 546 1810 551 1846 537 1847 ship 0.1411
451 1828 469 1825 476 1866 457 1869 ship 0.1176
363 572 376 574 370 605 358 603 ship 0.1173
633 2362 648 2357 659 2390 644 2395 ship 0.1158
615 2368 627 2359 649 2387 638 2397 ship 0.1093
448 1773 416 1664 740 1568 773 1677 tennis-court 0.1428
454 1589 408 1469 715 1353 760 1474 tennis-court 0.1012
448 1773 416 1664 740 1568 773 1677 harbor 0.8253
397 1600 360 1480 707 1370 745 1490 harbor 0.7970
179 884 189 764 690 806 680 926 harbor 0.7304
231 1223 229 1118 749 1110 750 1215 harbor 0.6870
458 1935 421 1839 772 1705 809 1801 harbor 0.6657
513 2098 467 2004 777 1851 823 1944 harbor 0.6181
200 590 202 504 774 518 772 604 harbor 0.6120
336 1472 287 1383 562 1232 611 1320 harbor 0.5546
559 2192 528 2095 771 2016 803 2113 harbor 0.5537
536 2340 505 2247 771 2158 802 2250 harbor 0.5272
232 1029 233 963 750 970 749 1036 harbor 0.5030
606 2452 567 2371 755 2280 794 2361 harbor 0.4835
225 715 226 642 713 645 712 719 harbor 0.4815
312 368 314 275 833 285 832 378 harbor 0.4489
251 513 256 419 816 451 810 545 harbor 0.1671
306 439 307 360 802 363 801 443 harbor 0.1420
279 1306 276 1210 628 1200 631 1295 harbor 0.1371
229 635 233 570 763 602 759 667 harbor 0.1348
340 194 429 138 863 831 774 886 harbor 0.1341
246 1117 250 1033 741 1053 738 1137 harbor 0.1274
685 2549 666 2453 840 2419 859 2515 harbor 0.1238
