435 614 449 605 472 638 458 648 small-vehicle 0.4993
771 1148 787 1138 809 1174 793 1184 small-vehicle 0.4944
225 755 242 746 264 783 247 793 small-vehicle 0.4871
968 692 985 681 1010 718 994 729 small-vehicle 0.4642
320 693 335 684 356 718 341 727 small-vehicle 0.4636
318 452 305 439 337 408 350 422 small-vehicle 0.4560
906 635 922 626 943 662 928 671 small-vehicle 0.4412
1270 658 1286 647 1312 687 1296 698 small-vehicle 0.4381
579 966 595 956 619 997 603 1007 small-vehicle 0.4371
251 741 267 732 287 769 271 777 small-vehicle 0.4369
1136 757 1152 747 1177 787 1161 797 small-vehicle 0.4292
605 960 621 952 639 989 623 997 small-vehicle 0.4280
509 678 523 669 545 700 531 710 small-vehicle 0.4231
726 1181 740 1175 754 1208 740 1213 small-vehicle 0.4199
1548 732 1561 722 1588 759 1574 769 small-vehicle 0.4183
409 753 425 744 446 776 430 785 small-vehicle 0.4178
290 720 305 711 324 743 309 752 small-vehicle 0.4159
1106 1258 1121 1246 1148 1279 1133 1291 small-vehicle 0.4146
330 476 317 459 353 432 366 449 small-vehicle 0.4133
1111 1078 1124 1067 1151 1102 1137 1112 small-vehicle 0.4061
1116 1429 1130 1419 1151 1449 1138 1459 small-vehicle 0.4030
633 1108 647 1097 673 1130 658 1141 small-vehicle 0.3987
564 338 552 325 581 298 593 311 small-vehicle 0.3986
465 1049 479 1036 512 1068 498 1082 small-vehicle 0.3953
1088 1441 1104 1431 1126 1470 1110 1479 small-vehicle 0.3929
1254 679 1269 669 1289 701 1275 710 small-vehicle 0.3886
953 1543 966 1531 994 1563 982 1574 small-vehicle 0.3872
807 1127 821 1115 846 1145 832 1156 small-vehicle 0.3869
984 1000 998 989 1023 1020 1008 1031 small-vehicle 0.3866
777 494 792 483 818 516 803 528 small-vehicle 0.3864
853 1088 867 1077 891 1109 877 1119 small-vehicle 0.3863
1185 1265 1199 1254 1223 1288 1208 1298 small-vehicle 0.3860
1141 1240 1157 1230 1181 1267 1165 1278 small-vehicle 0.3827
1099 779 1114 767 1142 805 1128 816 small-vehicle 0.3779
773 377 787 366 809 395 794 406 small-vehicle 0.3751
975 1524 991 1514 1016 1552 1000 1562 small-vehicle 0.3747
524 885 539 875 562 909 548 919 small-vehicle 0.3744
952 1023 965 1013 987 1040 973 1051 small-vehicle 0.3707
787 1137 801 1126 825 1158 811 1169 small-vehicle 0.3683
1012 507 1025 498 1048 527 1035 537 small-vehicle 0.3666
542 315 535 302 567 283 575 296 small-vehicle 0.3660
403 386 391 372 423 344 435 358 small-vehicle 0.3654
496 1023 510 1012 536 1049 522 1059 small-vehicle 0.3649
1027 1146 1042 1136 1062 1168 1048 1177 small-vehicle 0.3646
860 610 874 600 895 633 881 642 small-vehicle 0.3640
901 1055 918 1043 945 1082 929 1093 small-vehicle 0.3633
611 1008 624 998 648 1030 635 1039 small-vehicle 0.3630
699 421 716 412 737 450 720 459 small-vehicle 0.3604
1069 803 1085 793 1106 829 1090 839 small-vehicle 0.3600
1145 629 1161 619 1185 654 1170 665 small-vehicle 0.3596
1204 1252 1218 1241 1245 1279 1231 1289 small-vehicle 0.3583
1234 691 1248 680 1270 709 1256 720 small-vehicle 0.3542
1288 646 1303 634 1331 670 1316 682 small-vehicle 0.3530
532 824 547 815 568 848 554 857 small-vehicle 0.3530
1177 1210 1193 1200 1214 1235 1198 1245 small-vehicle 0.3506
980 746 996 739 1011 770 996 778 small-vehicle 0.3501
1102 603 1115 592 1138 620 1125 631 small-vehicle 0.3499
1176 1394 1188 1385 1210 1415 1197 1424 small-vehicle 0.3488
972 592 985 581 1008 610 995 621 small-vehicle 0.3476
1055 1301 1070 1289 1097 1321 1083 1333 small-vehicle 0.3468
1158 1226 1172 1216 1195 1246 1180 1257 small-vehicle 0.3458
872 596 887 585 912 619 896 630 small-vehicle 0.3447
935 1266 947 1254 971 1280 959 1292 small-vehicle 0.3446
1530 741 1545 733 1568 771 1553 780 small-vehicle 0.3435
402 636 415 625 440 656 427 667 small-vehicle 0.3432
738 1172 752 1160 779 1191 765 1203 small-vehicle 0.3416
962 539 975 529 995 558 982 567 small-vehicle 0.3405
1152 1292 1165 1282 1185 1307 1172 1317 small-vehicle 0.3390
469 875 483 864 509 896 494 908 small-vehicle 0.3379
1568 717 1584 707 1606 742 1590 752 small-vehicle 0.3375
1200 847 1213 837 1235 869 1222 878 small-vehicle 0.3321
766 1014 781 1005 801 1040 786 1048 small-vehicle 0.3317
553 813 568 804 589 842 573 850 small-vehicle 0.3315
1033 1029 1046 1019 1068 1047 1055 1057 small-vehicle 0.3309
989 579 1002 568 1024 596 1012 607 small-vehicle 0.3293
992 1341 1007 1332 1026 1363 1012 1372 small-vehicle 0.3282
830 455 845 446 866 481 851 490 small-vehicle 0.3276
355 497 342 483 371 457 384 471 small-vehicle 0.3275
529 999 543 989 568 1026 553 1035 small-vehicle 0.3275
417 976 430 968 447 999 434 1007 small-vehicle 0.3234
665 797 680 789 698 819 683 827 small-vehicle 0.3227
556 644 571 635 590 667 576 675 small-vehicle 0.3223
1092 1273 1107 1264 1127 1296 1112 1305 small-vehicle 0.3219
1439 811 1455 801 1476 837 1460 847 small-vehicle 0.3217
1058 1476 1073 1465 1096 1496 1081 1507 small-vehicle 0.3214
724 409 739 399 762 432 747 442 small-vehicle 0.3212
1099 1332 1111 1320 1137 1348 1125 1359 small-vehicle 0.3197
784 540 799 529 827 567 811 578 small-vehicle 0.3185
899 1405 914 1393 942 1429 927 1441 small-vehicle 0.3174
1078 1283 1092 1274 1114 1310 1099 1319 small-vehicle 0.3174
811 354 826 347 842 378 827 386 small-vehicle 0.3155
1198 1195 1214 1186 1236 1221 1221 1230 small-vehicle 0.3142
858 317 874 307 895 341 880 351 small-vehicle 0.3140
786 1200 801 1189 822 1218 808 1229 small-vehicle 0.3140
1036 544 1047 533 1075 561 1064 572 small-vehicle 0.3138
1221 1356 1237 1345 1258 1374 1242 1386 small-vehicle 0.3133
1233 1408 1245 1396 1272 1424 1260 1436 small-vehicle 0.3128
479 227 469 210 507 188 517 204 small-vehicle 0.3127
1180 860 1195 850 1219 884 1204 894 small-vehicle 0.3113
911 1225 925 1216 946 1247 931 1257 small-vehicle 0.3108
1136 582 1152 571 1175 607 1159 617 small-vehicle 0.3087
442 729 456 719 477 748 463 758 small-vehicle 0.3076
1074 1111 1089 1099 1111 1128 1096 1139 small-vehicle 0.3053
402 918 418 909 439 944 424 954 small-vehicle 0.3046
1194 705 1210 690 1241 723 1226 737 small-vehicle 0.3023
750 1225 763 1215 785 1243 772 1253 small-vehicle 0.3016
1105 1149 1120 1138 1142 1170 1127 1180 small-vehicle 0.3005
1067 513 1081 503 1103 534 1089 544 small-vehicle 0.3000
1256 1330 1269 1317 1299 1347 1286 1360 small-vehicle 0.2985
1037 1198 1052 1186 1076 1216 1062 1228 small-vehicle 0.2982
1092 1094 1107 1085 1128 1119 1113 1128 small-vehicle 0.2974
1304 1357 1316 1346 1340 1372 1328 1383 small-vehicle 0.2963
583 683 598 673 622 710 606 720 small-vehicle 0.2954
671 960 687 948 714 983 698 995 small-vehicle 0.2952
1026 1317 1041 1308 1062 1342 1046 1351 small-vehicle 0.2928
662 913 676 902 700 933 687 943 small-vehicle 0.2923
639 984 655 974 677 1007 661 1017 small-vehicle 0.2903
711 941 725 930 749 960 735 971 small-vehicle 0.2900
422 325 409 309 441 283 454 299 small-vehicle 0.2896
1013 724 1027 713 1053 748 1039 759 small-vehicle 0.2889
367 947 381 937 406 972 392 983 small-vehicle 0.2877
480 401 468 387 495 365 507 379 small-vehicle 0.2871
580 361 569 346 601 323 612 338 small-vehicle 0.2865
549 712 562 700 587 727 574 739 small-vehicle 0.2854
588 1018 603 1008 623 1040 608 1050 small-vehicle 0.2849
1002 987 1016 977 1039 1008 1026 1018 small-vehicle 0.2842
891 1243 906 1232 930 1261 916 1273 small-vehicle 0.2838
1148 883 1161 873 1184 905 1171 914 small-vehicle 0.2834
1037 366 1052 355 1077 389 1063 400 small-vehicle 0.2823
623 777 636 766 659 796 645 806 small-vehicle 0.2807
917 732 934 721 968 773 951 784 small-vehicle 0.2803
719 882 734 872 754 903 740 912 small-vehicle 0.2801
822 518 836 508 859 539 845 549 small-vehicle 0.2798
1033 315 1048 307 1064 340 1049 347 small-vehicle 0.2798
937 1378 950 1367 974 1393 961 1404 small-vehicle 0.2791
887 1132 901 1123 920 1152 906 1162 small-vehicle 0.2785
798 481 808 470 833 495 823 505 small-vehicle 0.2773
556 865 572 855 594 889 578 899 small-vehicle 0.2771
909 287 924 277 946 309 932 319 small-vehicle 0.2769
456 376 444 361 476 336 488 351 small-vehicle 0.2769
942 1203 958 1192 982 1224 966 1236 small-vehicle 0.2769
510 463 499 446 534 424 544 441 small-vehicle 0.2752
469 589 483 580 505 615 492 624 small-vehicle 0.2747
1073 1174 1088 1164 1108 1192 1093 1202 small-vehicle 0.2740
986 1234 997 1222 1022 1246 1012 1258 small-vehicle 0.2721
650 1092 663 1082 687 1113 674 1123 small-vehicle 0.2706
466 940 479 933 494 961 480 968 small-vehicle 0.2705
1122 1134 1136 1124 1158 1153 1144 1163 small-vehicle 0.2703
846 1282 860 1271 884 1299 870 1311 small-vehicle 0.2701
998 1167 1015 1160 1031 1196 1013 1204 small-vehicle 0.2701
859 653 874 642 905 685 890 696 small-vehicle 0.2698
824 339 838 329 858 357 844 367 small-vehicle 0.2687
970 1353 987 1342 1011 1378 994 1389 small-vehicle 0.2685
791 1309 805 1298 830 1330 816 1341 small-vehicle 0.2685
590 800 604 792 622 824 607 831 small-vehicle 0.2683
1052 639 1068 628 1092 663 1076 674 small-vehicle 0.2672
511 732 525 718 557 750 543 764 small-vehicle 0.2672
497 740 512 730 535 767 520 776 small-vehicle 0.2666
698 1060 713 1050 736 1083 720 1093 small-vehicle 0.2664
1268 1383 1281 1374 1301 1403 1288 1412 small-vehicle 0.2663
914 578 928 568 947 595 933 605 small-vehicle 0.2647
1039 655 1054 644 1077 677 1062 687 small-vehicle 0.2637
1020 667 1035 655 1059 686 1045 697 small-vehicle 0.2630
683 902 697 893 717 924 704 933 small-vehicle 0.2626
683 1075 698 1066 715 1095 700 1104 small-vehicle 0.2616
978 1182 994 1171 1016 1204 999 1215 small-vehicle 0.2578
1162 730 1178 719 1205 757 1190 768 small-vehicle 0.2578
517 269 507 255 537 234 547 248 small-vehicle 0.2577
705 892 718 882 739 911 726 920 small-vehicle 0.2556
555 1039 568 1029 591 1059 578 1069 small-vehicle 0.2554
887 473 900 463 920 490 907 500 small-vehicle 0.2551
713 1388 731 1380 749 1417 732 1426 small-vehicle 0.2534
628 821 641 809 668 839 655 851 small-vehicle 0.2519
543 256 555 268 532 293 519 281 small-vehicle 0.2517
942 555 957 545 978 576 962 586 small-vehicle 0.2514
277 403 265 390 295 363 307 376 small-vehicle 0.2510
1126 889 1142 881 1162 921 1146 929 small-vehicle 0.2506
270 731 285 723 303 758 288 766 small-vehicle 0.2494
1051 702 1065 694 1083 723 1070 732 small-vehicle 0.2490
658 974 673 963 698 995 683 1006 small-vehicle 0.2482
727 1036 741 1023 768 1052 754 1065 small-vehicle 0.2481
953 1368 967 1356 992 1384 978 1396 small-vehicle 0.2476
263 459 252 444 291 416 302 432 small-vehicle 0.2475
941 262 954 252 981 284 968 294 small-vehicle 0.2470
1099 671 1111 661 1131 687 1119 697 small-vehicle 0.2458
509 1080 522 1071 544 1106 531 1115 small-vehicle 0.2444
743 398 757 389 777 417 764 426 small-vehicle 0.2429
1330 1634 1342 1622 1367 1649 1354 1660 small-vehicle 0.2427
850 1323 863 1313 883 1340 870 1350 small-vehicle 0.2421
502 438 489 422 527 393 539 409 small-vehicle 0.2397
1053 349 1069 338 1092 371 1077 382 small-vehicle 0.2394
491 576 506 567 525 601 510 609 small-vehicle 0.2392
895 584 910 575 929 609 914 618 small-vehicle 0.2391
727 930 740 918 766 946 753 958 small-vehicle 0.2378
1049 528 1065 517 1089 550 1074 561 small-vehicle 0.2376
866 1265 880 1254 903 1283 888 1294 small-vehicle 0.2375
1288 138 1306 128 1327 169 1309 178 small-vehicle 0.2351
881 1419 899 1408 922 1447 904 1458 small-vehicle 0.2343
1114 430 1129 422 1146 456 1131 463 small-vehicle 0.2338
1227 1236 1242 1226 1266 1260 1251 1270 small-vehicle 0.2334
685 1210 703 1197 739 1249 721 1262 small-vehicle 0.2328
852 1149 866 1142 882 1172 868 1179 small-vehicle 0.2322
598 379 587 365 620 341 630 356 small-vehicle 0.2319
518 550 531 542 553 576 540 585 small-vehicle 0.2301
1018 1207 1031 1197 1052 1224 1039 1234 small-vehicle 0.2296
456 387 468 398 441 428 429 416 small-vehicle 0.2295
1060 467 1074 458 1094 490 1080 498 small-vehicle 0.2291
1162 876 1176 865 1200 894 1186 905 small-vehicle 0.2282
1129 641 1143 632 1164 667 1150 675 small-vehicle 0.2268
1195 596 1211 584 1237 618 1221 630 small-vehicle 0.2268
836 1104 852 1093 874 1127 859 1137 small-vehicle 0.2264
1220 580 1235 570 1258 603 1244 614 small-vehicle 0.2234
49 1110 66 1112 62 1150 46 1148 small-vehicle 0.2217
979 351 994 343 1014 377 999 386 small-vehicle 0.2215
947 419 963 409 986 444 970 454 small-vehicle 0.2209
1009 1332 1023 1323 1043 1354 1029 1364 small-vehicle 0.2199
994 220 1008 210 1033 246 1019 256 small-vehicle 0.2194
854 493 868 484 890 515 876 525 small-vehicle 0.2181
1050 819 1062 811 1088 847 1075 856 small-vehicle 0.2169
1026 970 1041 963 1059 998 1044 1005 small-vehicle 0.2160
878 419 895 410 915 445 898 454 small-vehicle 0.2150
578 856 592 845 616 876 603 887 small-vehicle 0.2141
827 1290 842 1281 859 1309 844 1318 small-vehicle 0.2141
617 1119 630 1108 659 1141 647 1152 small-vehicle 0.2141
868 484 883 474 904 507 890 516 small-vehicle 0.2134
917 394 932 382 953 409 938 421 small-vehicle 0.2131
837 619 851 609 879 650 865 659 small-vehicle 0.2116
917 1108 935 1098 954 1132 937 1142 small-vehicle 0.2102
902 460 916 447 945 479 930 491 small-vehicle 0.2102
446 453 435 437 470 414 481 431 small-vehicle 0.2076
944 371 957 363 975 390 962 399 small-vehicle 0.2075
1138 473 1150 463 1173 490 1161 500 small-vehicle 0.2068
1002 390 1015 378 1042 406 1030 419 small-vehicle 0.2067
1412 1567 1427 1561 1441 1593 1425 1599 small-vehicle 0.2047
746 1027 760 1018 781 1050 766 1059 small-vehicle 0.2045
1187 542 1201 531 1224 561 1210 572 small-vehicle 0.2043
1184 722 1199 710 1225 744 1210 755 small-vehicle 0.1993
933 1214 948 1206 965 1237 949 1245 small-vehicle 0.1983
1088 148 1103 163 1071 196 1056 181 small-vehicle 0.1978
1104 911 1121 899 1145 935 1128 947 small-vehicle 0.1976
1302 1638 1319 1630 1337 1665 1320 1674 small-vehicle 0.1974
354 515 345 499 381 480 390 496 small-vehicle 0.1970
433 171 424 156 454 138 463 153 small-vehicle 0.1965
901 1120 915 1109 937 1137 923 1148 small-vehicle 0.1962
611 836 624 826 646 855 633 865 small-vehicle 0.1960
81 1110 99 1115 87 1154 69 1148 small-vehicle 0.1953
1087 1165 1101 1155 1121 1184 1107 1193 small-vehicle 0.1917
716 1049 729 1039 750 1064 738 1075 small-vehicle 0.1912
654 744 670 737 688 775 672 782 small-vehicle 0.1895
373 156 357 138 418 87 433 105 small-vehicle 0.1868
972 409 985 399 1007 428 993 438 small-vehicle 0.1847
1106 247 1095 231 1130 208 1140 224 small-vehicle 0.1839
1353 604 1341 590 1372 565 1383 579 small-vehicle 0.1834
1092 446 1106 437 1127 466 1113 476 small-vehicle 0.1831
487 1092 500 1081 526 1113 513 1123 small-vehicle 0.1828
958 247 971 237 997 271 984 281 small-vehicle 0.1825
857 1434 872 1425 891 1457 875 1466 small-vehicle 0.1817
388 494 400 506 374 533 362 521 small-vehicle 0.1805
1171 618 1186 608 1206 638 1192 649 small-vehicle 0.1789
1186 366 1175 348 1211 327 1222 344 small-vehicle 0.1783
1159 567 1173 558 1193 589 1179 598 small-vehicle 0.1731
1336 562 1327 549 1356 530 1364 543 small-vehicle 0.1731
396 163 385 142 440 112 451 133 small-vehicle 0.1722
760 902 774 893 796 925 782 935 small-vehicle 0.1714
1103 494 1118 485 1137 519 1122 527 small-vehicle 0.1704
1085 503 1100 493 1123 526 1109 536 small-vehicle 0.1703
809 467 824 459 843 492 828 500 small-vehicle 0.1699
1570 231 1585 234 1580 258 1565 254 small-vehicle 0.1679
1477 788 1492 778 1514 810 1499 820 small-vehicle 0.1666
754 385 769 377 785 407 771 415 small-vehicle 0.1657
1370 624 1358 609 1389 585 1400 599 small-vehicle 0.1644
960 360 974 351 992 379 979 388 small-vehicle 0.1626
632 484 653 470 678 508 658 522 small-vehicle 0.1615
861 1137 876 1128 895 1159 881 1168 small-vehicle 0.1612
877 1257 891 1244 917 1273 903 1285 small-vehicle 0.1604
1121 272 1115 255 1152 241 1159 258 small-vehicle 0.1603
987 398 1001 388 1022 420 1008 429 small-vehicle 0.1602
1096 232 1086 217 1117 195 1128 210 small-vehicle 0.1552
1003 1218 1015 1208 1036 1232 1024 1242 small-vehicle 0.1548
977 238 989 230 1010 262 998 270 small-vehicle 0.1544
595 848 608 839 628 868 615 877 small-vehicle 0.1514
740 865 754 857 773 890 759 898 small-vehicle 0.1510
477 479 469 461 505 444 514 461 small-vehicle 0.1509
721 1243 735 1233 759 1265 745 1275 small-vehicle 0.1492
966 1012 980 1001 1003 1030 989 1041 small-vehicle 0.1485
569 692 585 683 605 720 589 728 small-vehicle 0.1484
935 431 951 421 973 458 958 468 small-vehicle 0.1467
1081 460 1093 451 1115 480 1103 489 small-vehicle 0.1466
821 1118 834 1107 857 1134 844 1145 small-vehicle 0.1452
1062 1185 1074 1176 1092 1201 1080 1210 small-vehicle 0.1442
1182 607 1196 596 1218 626 1204 637 small-vehicle 0.1394
504 563 518 554 538 585 525 594 small-vehicle 0.1379
931 381 945 371 964 399 950 409 small-vehicle 0.1376
1115 656 1127 646 1149 672 1137 682 small-vehicle 0.1362
797 1355 814 1349 828 1389 811 1395 small-vehicle 0.1360
495 247 485 232 517 210 527 224 small-vehicle 0.1357
904 407 918 395 940 421 926 433 small-vehicle 0.1345
1342 581 1334 566 1365 549 1373 564 small-vehicle 0.1344
1167 558 1181 547 1204 576 1190 587 small-vehicle 0.1322
1158 455 1170 445 1195 474 1183 485 small-vehicle 0.1301
1499 772 1512 762 1537 793 1524 804 small-vehicle 0.1265
902 744 918 732 964 796 948 807 small-vehicle 0.1254
1450 1622 1441 1607 1472 1588 1481 1604 small-vehicle 0.1253
574 1032 588 1023 605 1052 592 1061 small-vehicle 0.1231
936 1560 955 1549 988 1609 969 1620 small-vehicle 0.1203
543 541 555 534 574 570 562 576 small-vehicle 0.1174
1059 995 1072 986 1100 1027 1087 1036 small-vehicle 0.1103
373 156 357 138 418 87 433 105 large-vehicle 0.5967
647 502 671 488 745 611 721 625 large-vehicle 0.5773
1302 1039 1286 1015 1437 916 1453 940 large-vehicle 0.4847
841 626 859 616 903 690 885 700 large-vehicle 0.4123
933 1553 952 1546 982 1633 963 1639 large-vehicle 0.3772
839 1445 855 1436 901 1515 885 1524 large-vehicle 0.3676
745 514 761 503 810 579 794 589 large-vehicle 0.3193
590 622 605 611 656 684 641 694 large-vehicle 0.3171
400 167 385 147 436 107 451 127 large-vehicle 0.2838
431 1069 444 1059 498 1134 485 1144 large-vehicle 0.2816
1372 1422 1388 1411 1440 1487 1425 1498 large-vehicle 0.2675
1143 1086 1155 1079 1188 1135 1175 1142 large-vehicle 0.2588
540 536 553 529 574 570 560 577 large-vehicle 0.2584
280 845 294 836 336 905 322 914 large-vehicle 0.2421
914 734 933 722 984 799 964 812 large-vehicle 0.2367
684 1208 703 1195 751 1263 731 1276 large-vehicle 0.2228
755 1333 768 1322 819 1384 806 1394 large-vehicle 0.2093
1064 993 1076 986 1099 1028 1087 1035 large-vehicle 0.1948
1045 821 1058 811 1087 847 1074 857 large-vehicle 0.1686
1292 1309 1307 1298 1358 1368 1344 1379 large-vehicle 0.1636
782 537 798 527 826 568 810 578 large-vehicle 0.1601
761 863 775 854 813 913 799 922 large-vehicle 0.1536
856 1435 873 1426 896 1470 880 1479 large-vehicle 0.1510
1215 519 1233 506 1292 581 1275 595 large-vehicle 0.1505
827 967 840 957 870 996 857 1006 large-vehicle 0.1488
1062 292 1080 282 1126 355 1109 365 large-vehicle 0.1382
995 221 1008 211 1035 247 1023 257 large-vehicle 0.1366
365 975 377 967 414 1018 403 1026 large-vehicle 0.1356
1390 848 1399 844 1416 878 1407 882 large-vehicle 0.1283
479 225 470 211 509 187 517 202 large-vehicle 0.1252
974 1526 989 1514 1016 1550 1000 1562 large-vehicle 0.1252
487 1092 500 1081 526 1113 513 1123 large-vehicle 0.1232
1041 965 1056 960 1070 998 1055 1003 large-vehicle 0.1230
670 726 688 717 731 800 713 809 large-vehicle 0.1228
1361 1107 1348 1080 1474 1016 1488 1044 large-vehicle 0.1220
952 1543 966 1531 994 1562 980 1574 large-vehicle 0.1178
1057 1301 1070 1289 1099 1322 1085 1333 large-vehicle 0.1160
860 610 874 600 895 633 881 642 large-vehicle 0.1149
1548 734 1561 723 1589 759 1575 769 large-vehicle 0.1135
518 550 531 542 553 576 540 585 large-vehicle 0.1024
977 237 990 229 1012 263 999 271 ship 0.2718
941 263 955 252 982 285 968 296 ship 0.2481
958 247 971 237 997 271 984 281 ship 0.2424
1467 1255 1453 1236 1521 1187 1535 1206 ship 0.2064
994 221 1008 211 1034 245 1020 256 ship 0.2008
1056 1299 1070 1287 1098 1321 1083 1333 ship 0.1970
908 286 923 276 946 309 932 319 ship 0.1840
650 746 665 735 690 770 676 781 ship 0.1836
1077 1284 1091 1274 1115 1311 1101 1320 ship 0.1835
860 610 874 600 895 633 881 642 ship 0.1701
1530 741 1545 733 1568 771 1553 780 ship 0.1680
1548 730 1563 721 1586 760 1571 769 ship 0.1604
1533 1199 1524 1187 1571 1156 1579 1169 ship 0.1512
1290 1045 1275 1021 1431 923 1446 947 ship 0.1475
1099 779 1114 767 1142 805 1128 816 ship 0.1466
1515 1137 1502 1119 1568 1072 1581 1090 ship 0.1463
1157 454 1170 443 1196 474 1183 485 ship 0.1459
1067 800 1083 791 1105 829 1090 838 ship 0.1444
1534 1157 1525 1140 1584 1107 1593 1124 ship 0.1426
1535 1367 1525 1343 1591 1314 1601 1338 ship 0.1403
373 156 357 138 418 87 433 105 ship 0.1334
487 1092 500 1081 526 1113 513 1123 ship 0.1328
1050 819 1062 811 1088 847 1075 856 ship 0.1328
1566 720 1581 708 1607 743 1592 754 ship 0.1313
777 490 794 480 817 516 801 527 ship 0.1301
1185 1265 1199 1254 1223 1288 1208 1298 ship 0.1292
583 683 598 673 622 710 606 720 ship 0.1262
837 619 851 609 879 650 865 659 ship 0.1248
1141 1241 1157 1231 1181 1267 1165 1277 ship 0.1217
1136 582 1152 571 1175 607 1159 617 ship 0.1170
1136 471 1149 461 1174 491 1161 501 ship 0.1156
872 596 887 585 912 619 896 630 ship 0.1124
1204 1252 1218 1241 1245 1279 1231 1289 ship 0.1092
1115 429 1130 422 1147 457 1132 464 ship 0.1088
509 1083 522 1074 545 1106 532 1115 ship 0.1071
1053 641 1068 629 1092 662 1076 674 ship 0.1042
433 1074 450 1063 498 1134 482 1145 ship 0.1033
1106 1258 1121 1246 1148 1279 1133 1291 ship 0.1004
