380 834 390 817 467 861 457 879 bridge 0.1221
1131 904 1145 883 1213 930 1199 950 bridge 0.1156
634 1101 647 1082 707 1124 694 1142 bridge 0.1150
299 950 308 932 394 977 385 996 bridge 0.1112
322 927 333 909 412 956 400 975 bridge 0.1101
592 696 604 678 678 726 665 745 bridge 0.1065
479 635 492 615 568 663 555 683 bridge 0.1056
558 743 569 725 648 774 636 792 bridge 0.1049
584 440 594 423 673 468 663 485 bridge 0.1012
754 1139 765 1120 831 1157 820 1177 bridge 0.1012
466 664 475 646 557 687 548 705 bridge 0.1000
1274 644 1291 651 1275 686 1258 678 small-vehicle 0.5395
1351 684 1365 693 1345 726 1330 717 small-vehicle 0.5389
1311 664 1324 672 1308 702 1295 694 small-vehicle 0.5187
1374 558 1393 569 1368 610 1349 598 small-vehicle 0.5182
1333 672 1345 681 1326 708 1314 699 small-vehicle 0.4593
928 573 940 551 1008 589 996 611 small-vehicle 0.4423
1288 209 1302 218 1281 249 1267 239 small-vehicle 0.4333
1289 653 1304 660 1289 694 1273 686 small-vehicle 0.4324
899 615 912 595 977 639 963 659 small-vehicle 0.4282
888 646 899 626 964 661 953 681 small-vehicle 0.4263
653 1056 664 1033 734 1068 723 1090 small-vehicle 0.4050
825 737 836 715 905 752 893 774 small-vehicle 0.4018
1338 434 1354 444 1332 477 1317 467 small-vehicle 0.3949
634 1101 647 1082 707 1124 694 1142 small-vehicle 0.3891
951 551 963 529 1028 566 1016 588 small-vehicle 0.3796
1131 904 1145 883 1213 930 1199 950 small-vehicle 0.3784
836 709 849 689 914 731 901 751 small-vehicle 0.3763
816 766 827 745 892 778 881 799 small-vehicle 0.3757
689 1007 700 988 764 1025 753 1044 small-vehicle 0.3676
857 684 872 665 929 710 913 729 small-vehicle 0.3640
718 964 730 941 798 976 787 999 small-vehicle 0.3601
1314 426 1329 433 1314 466 1299 459 small-vehicle 0.3566
782 836 793 818 858 858 846 876 small-vehicle 0.3559
672 1029 683 1009 746 1044 735 1064 small-vehicle 0.3531
1160 860 1171 840 1235 874 1225 894 small-vehicle 0.3488
752 914 766 893 829 935 815 955 small-vehicle 0.3486
1063 1026 1077 1006 1139 1050 1125 1070 small-vehicle 0.3439
1239 743 1250 725 1315 764 1304 783 small-vehicle 0.3423
952 1221 964 1199 1034 1236 1022 1258 small-vehicle 0.3391
1084 1010 1096 989 1164 1027 1153 1048 small-vehicle 0.3339
922 823 931 805 1001 837 992 856 small-vehicle 0.3333
978 1203 991 1182 1054 1221 1041 1242 small-vehicle 0.3329
914 848 924 828 992 864 981 884 small-vehicle 0.3323
803 788 815 768 880 806 868 826 small-vehicle 0.3317
610 1155 621 1135 680 1168 669 1188 small-vehicle 0.3304
791 814 801 793 870 827 860 848 small-vehicle 0.3295
1252 719 1263 696 1325 727 1314 750 small-vehicle 0.3288
736 938 749 918 815 959 802 980 small-vehicle 0.3271
624 1132 635 1111 698 1144 688 1164 small-vehicle 0.3271
956 776 968 757 1033 794 1021 813 small-vehicle 0.3259
1010 1122 1024 1102 1092 1148 1079 1168 small-vehicle 0.3255
965 750 975 732 1042 768 1032 786 small-vehicle 0.3245
1034 1076 1046 1055 1107 1090 1095 1111 small-vehicle 0.3245
992 1175 1002 1157 1065 1194 1055 1212 small-vehicle 0.3242
595 1184 606 1162 674 1195 663 1218 small-vehicle 0.3211
915 1294 926 1274 988 1308 978 1328 small-vehicle 0.3160
1118 935 1127 914 1197 945 1188 966 small-vehicle 0.3141
939 800 950 781 1016 816 1006 836 small-vehicle 0.3129
1223 766 1235 747 1294 783 1282 802 small-vehicle 0.3113
939 1278 951 1257 1019 1294 1008 1315 small-vehicle 0.3077
754 1139 765 1120 831 1157 820 1177 small-vehicle 0.3060
1191 812 1200 794 1264 825 1255 844 small-vehicle 0.3030
1048 1048 1060 1030 1122 1070 1111 1088 small-vehicle 0.3020
322 927 333 909 412 956 400 975 small-vehicle 0.2998
1209 791 1221 773 1281 811 1269 829 small-vehicle 0.2963
983 732 993 712 1059 745 1049 765 small-vehicle 0.2942
1177 838 1189 818 1249 851 1238 871 small-vehicle 0.2908
574 1321 585 1301 644 1331 634 1352 small-vehicle 0.2904
1097 983 1107 963 1169 995 1158 1015 small-vehicle 0.2880
1038 633 1049 614 1114 651 1103 670 small-vehicle 0.2862
902 1317 914 1296 982 1336 970 1358 small-vehicle 0.2849
901 877 912 856 981 891 970 912 small-vehicle 0.2844
899 1356 910 1333 979 1368 968 1390 small-vehicle 0.2836
1006 672 1018 654 1085 701 1072 719 small-vehicle 0.2835
766 892 777 871 843 905 833 926 small-vehicle 0.2801
771 863 783 843 848 881 836 901 small-vehicle 0.2798
793 1060 805 1043 859 1082 847 1099 small-vehicle 0.2792
1022 1098 1032 1080 1097 1116 1087 1134 small-vehicle 0.2755
1005 1152 1016 1132 1082 1170 1071 1189 small-vehicle 0.2707
479 635 492 615 568 663 555 683 small-vehicle 0.2681
1001 704 1012 686 1072 725 1060 743 small-vehicle 0.2673
1026 656 1035 638 1100 674 1090 692 small-vehicle 0.2669
633 374 645 352 727 395 715 418 small-vehicle 0.2665
293 976 305 957 380 1007 368 1026 small-vehicle 0.2658
889 897 900 879 967 918 957 936 small-vehicle 0.2650
1110 959 1122 938 1191 977 1180 999 small-vehicle 0.2649
1052 608 1064 588 1129 625 1117 646 small-vehicle 0.2649
843 970 853 950 918 984 908 1003 small-vehicle 0.2646
826 1021 838 1001 904 1039 892 1059 small-vehicle 0.2557
386 809 396 789 474 829 463 849 small-vehicle 0.2553
765 1086 775 1065 841 1096 832 1117 small-vehicle 0.2548
601 418 612 399 689 445 677 464 small-vehicle 0.2531
522 567 534 548 613 596 602 615 small-vehicle 0.2525
853 938 865 920 926 958 915 977 small-vehicle 0.2435
617 396 629 378 705 425 693 444 small-vehicle 0.2424
801 1035 812 1017 874 1055 862 1073 small-vehicle 0.2419
739 1158 754 1139 820 1191 805 1210 small-vehicle 0.2407
553 739 565 720 648 771 636 790 small-vehicle 0.2400
839 994 850 976 909 1012 898 1030 small-vehicle 0.2398
874 919 885 900 950 939 938 958 small-vehicle 0.2391
151 968 178 965 190 1065 164 1068 small-vehicle 0.2388
330 907 340 885 420 925 410 946 small-vehicle 0.2371
587 446 597 425 679 466 668 487 small-vehicle 0.2370
504 589 515 569 594 614 583 633 small-vehicle 0.2338
468 662 481 643 555 692 542 712 small-vehicle 0.2302
299 950 308 932 394 977 385 996 small-vehicle 0.2211
380 834 390 817 467 861 457 879 small-vehicle 0.2196
344 877 355 859 432 905 420 924 small-vehicle 0.2188
454 684 467 665 546 717 533 736 small-vehicle 0.2173
955 287 964 268 1003 286 995 305 small-vehicle 0.2156
559 496 569 475 650 514 640 535 small-vehicle 0.2145
358 855 370 836 447 882 436 901 small-vehicle 0.2106
696 507 706 487 785 527 776 546 small-vehicle 0.2089
538 547 549 526 625 565 615 586 small-vehicle 0.2067
410 1012 420 992 503 1037 493 1056 small-vehicle 0.2049
592 696 604 678 678 726 665 745 small-vehicle 0.2047
613 649 624 629 705 672 694 692 small-vehicle 0.2045
646 601 658 582 731 629 719 648 small-vehicle 0.2038
725 1188 734 1169 796 1199 787 1219 small-vehicle 0.1971
435 737 447 718 519 764 506 783 small-vehicle 0.1949
400 786 410 765 491 804 481 825 small-vehicle 0.1947
567 467 577 448 660 489 651 508 small-vehicle 0.1930
682 528 692 510 767 549 758 566 small-vehicle 0.1914
144 804 156 785 231 831 219 849 small-vehicle 0.1907
475 890 485 871 571 917 560 936 small-vehicle 0.1902
466 1260 477 1238 551 1274 540 1297 small-vehicle 0.1893
350 440 361 423 431 468 420 485 small-vehicle 0.1891
666 553 674 536 750 571 742 589 small-vehicle 0.1880
534 797 546 777 621 820 609 841 small-vehicle 0.1876
215 685 226 667 299 712 288 730 small-vehicle 0.1852
418 756 431 738 505 789 493 808 small-vehicle 0.1852
551 521 562 501 637 543 626 563 small-vehicle 0.1843
108 879 119 862 188 907 177 924 small-vehicle 0.1839
428 295 438 277 518 321 508 339 small-vehicle 0.1827
241 633 252 616 327 664 316 681 small-vehicle 0.1817
444 715 455 695 536 737 525 758 small-vehicle 0.1809
116 854 127 834 201 875 191 895 small-vehicle 0.1793
414 317 424 299 502 343 492 361 small-vehicle 0.1783
402 342 411 325 487 367 477 384 small-vehicle 0.1779
88 908 98 888 176 930 166 949 small-vehicle 0.1765
507 842 518 823 597 869 585 888 small-vehicle 0.1753
446 268 458 249 533 294 521 314 small-vehicle 0.1751
717 1213 728 1194 794 1230 783 1249 small-vehicle 0.1737
544 771 553 752 635 793 625 812 small-vehicle 0.1719
649 571 661 551 738 597 726 617 small-vehicle 0.1704
384 1204 395 1188 450 1228 439 1243 small-vehicle 0.1689
739 1407 738 1385 792 1384 792 1405 small-vehicle 0.1686
375 396 385 376 463 415 453 435 small-vehicle 0.1685
256 1140 268 1118 343 1160 330 1181 small-vehicle 0.1662
706 1247 715 1227 782 1257 773 1277 small-vehicle 0.1661
317 488 327 470 406 515 396 533 small-vehicle 0.1644
394 1060 406 1041 477 1089 464 1108 small-vehicle 0.1643
603 677 613 658 693 702 683 720 small-vehicle 0.1633
439 961 448 944 528 990 519 1007 small-vehicle 0.1630
494 866 506 847 582 895 570 914 small-vehicle 0.1627
402 1040 412 1021 489 1059 479 1078 small-vehicle 0.1609
466 915 476 896 558 941 547 960 small-vehicle 0.1606
305 517 316 497 394 538 383 558 small-vehicle 0.1590
133 831 142 813 216 852 207 870 small-vehicle 0.1590
424 985 433 968 514 1012 505 1029 small-vehicle 0.1560
361 420 372 401 445 442 435 461 small-vehicle 0.1533
451 938 461 919 539 962 529 981 small-vehicle 0.1532
335 464 345 448 418 490 409 507 small-vehicle 0.1512
391 367 404 348 476 395 464 415 small-vehicle 0.1445
270 587 281 569 352 613 341 631 small-vehicle 0.1392
225 658 236 640 315 691 303 709 small-vehicle 0.1307
293 546 301 526 381 559 372 579 small-vehicle 0.1274
285 559 298 542 365 591 352 609 small-vehicle 0.1271
649 571 661 551 738 597 726 617 large-vehicle 0.8806
294 544 303 524 384 562 374 581 large-vehicle 0.8752
662 553 672 533 753 574 743 594 large-vehicle 0.8721
590 696 601 678 678 725 667 743 large-vehicle 0.8699
285 559 298 542 365 591 352 609 large-vehicle 0.8697
466 915 476 896 558 941 547 960 large-vehicle 0.8693
322 490 334 471 409 517 397 537 large-vehicle 0.8688
442 965 453 946 530 990 519 1009 large-vehicle 0.8687
587 444 598 425 676 468 665 487 large-vehicle 0.8672
427 985 439 965 516 1013 504 1032 large-vehicle 0.8653
229 662 240 644 313 687 302 706 large-vehicle 0.8646
451 938 461 919 539 962 529 981 large-vehicle 0.8629
684 527 695 508 771 552 760 571 large-vehicle 0.8603
478 892 489 873 568 915 557 934 large-vehicle 0.8595
305 517 316 497 394 538 383 558 large-vehicle 0.8595
536 541 547 521 628 569 617 588 large-vehicle 0.8586
494 866 506 847 582 895 570 914 large-vehicle 0.8571
547 519 558 498 637 540 626 561 large-vehicle 0.8566
606 674 618 656 694 707 682 724 large-vehicle 0.8546
433 736 445 717 520 763 508 783 large-vehicle 0.8540
415 1015 425 995 508 1037 498 1057 large-vehicle 0.8533
417 317 429 299 504 347 492 365 large-vehicle 0.8526
600 420 611 400 687 440 676 461 large-vehicle 0.8515
391 367 404 348 476 395 464 415 large-vehicle 0.8512
267 587 279 567 352 610 341 630 large-vehicle 0.8512
545 769 557 750 636 795 625 815 large-vehicle 0.8500
322 931 333 911 411 952 401 972 large-vehicle 0.8498
640 601 651 581 731 625 720 645 large-vehicle 0.8472
401 347 410 327 492 366 483 386 large-vehicle 0.8463
383 806 394 785 470 828 458 848 large-vehicle 0.8448
400 786 410 765 491 804 481 825 large-vehicle 0.8448
534 797 546 777 621 820 609 841 large-vehicle 0.8448
418 756 431 738 505 789 493 808 large-vehicle 0.8448
455 687 467 667 546 712 534 731 large-vehicle 0.8442
364 421 375 401 449 441 438 461 large-vehicle 0.8434
359 855 370 836 445 879 435 898 large-vehicle 0.8429
576 471 586 450 663 490 653 510 large-vehicle 0.8425
525 570 535 551 613 591 603 610 large-vehicle 0.8401
957 777 968 758 1032 797 1020 816 large-vehicle 0.8381
478 638 489 619 566 662 555 681 large-vehicle 0.8377
305 956 315 935 399 976 388 997 large-vehicle 0.8375
335 468 346 448 420 488 409 508 large-vehicle 0.8367
349 441 360 422 434 466 422 486 large-vehicle 0.8366
377 395 388 376 463 417 453 436 large-vehicle 0.8365
446 713 458 693 535 740 523 760 large-vehicle 0.8342
346 878 358 858 432 903 420 923 large-vehicle 0.8338
561 495 573 475 650 517 639 538 large-vehicle 0.8322
402 1040 414 1019 493 1063 482 1084 large-vehicle 0.8306
559 746 569 727 650 771 640 790 large-vehicle 0.8305
698 503 710 484 785 530 773 549 large-vehicle 0.8298
469 666 480 645 560 687 548 708 large-vehicle 0.8287
430 294 442 276 519 324 508 342 large-vehicle 0.8264
116 857 127 836 205 875 194 896 large-vehicle 0.8262
136 830 148 812 216 856 204 875 large-vehicle 0.8260
715 1213 726 1193 794 1229 783 1250 large-vehicle 0.8253
329 906 338 885 415 919 406 940 large-vehicle 0.8245
889 897 900 879 967 918 957 936 large-vehicle 0.8235
613 647 627 626 702 675 689 695 large-vehicle 0.8228
507 843 518 823 598 869 587 889 large-vehicle 0.8201
102 878 114 858 191 903 179 924 large-vehicle 0.8199
1000 704 1011 685 1074 724 1062 743 large-vehicle 0.8196
618 397 629 378 706 422 695 441 large-vehicle 0.8195
967 752 977 733 1043 770 1032 788 large-vehicle 0.8191
502 588 513 568 595 613 583 633 large-vehicle 0.8114
239 633 251 614 327 663 315 682 large-vehicle 0.8113
381 838 391 818 469 859 459 879 large-vehicle 0.8108
724 1187 735 1167 797 1203 786 1223 large-vehicle 0.8053
1094 983 1104 961 1173 995 1162 1016 large-vehicle 0.8052
765 890 776 870 844 907 833 927 large-vehicle 0.8042
1026 656 1035 638 1100 674 1090 692 large-vehicle 0.8017
780 835 791 816 859 856 848 875 large-vehicle 0.8015
846 968 856 949 918 985 908 1003 large-vehicle 0.7962
794 812 805 793 869 830 858 849 large-vehicle 0.7933
288 978 298 957 381 1002 370 1022 large-vehicle 0.7912
751 912 764 892 829 933 816 953 large-vehicle 0.7896
771 862 783 842 849 880 838 900 large-vehicle 0.7886
1037 632 1048 613 1115 650 1105 669 large-vehicle 0.7860
212 684 224 665 298 709 286 729 large-vehicle 0.7850
980 728 992 708 1056 745 1044 766 large-vehicle 0.7831
936 795 948 777 1017 821 1005 839 large-vehicle 0.7798
838 997 849 977 912 1010 901 1031 large-vehicle 0.7797
91 907 103 887 177 930 165 951 large-vehicle 0.7797
450 270 462 251 534 297 521 316 large-vehicle 0.7779
922 821 932 803 999 840 989 859 large-vehicle 0.7767
915 847 927 827 991 865 979 885 large-vehicle 0.7765
1047 1048 1060 1029 1123 1068 1111 1088 large-vehicle 0.7713
904 871 916 853 981 895 969 913 large-vehicle 0.7699
853 938 865 920 926 958 915 977 large-vehicle 0.7698
874 919 885 900 950 939 938 958 large-vehicle 0.7696
903 1320 913 1300 978 1334 968 1355 large-vehicle 0.7691
825 1019 837 999 901 1038 888 1058 large-vehicle 0.7670
626 1128 638 1109 699 1147 687 1166 large-vehicle 0.7669
1084 1008 1096 987 1162 1023 1150 1044 large-vehicle 0.7664
800 785 811 766 879 805 868 824 large-vehicle 0.7661
1192 814 1202 794 1266 828 1255 848 large-vehicle 0.7658
390 1059 403 1040 477 1088 465 1107 large-vehicle 0.7645
1007 1149 1020 1129 1084 1172 1071 1192 large-vehicle 0.7639
788 1062 800 1042 863 1080 851 1100 large-vehicle 0.7637
1025 1100 1036 1081 1099 1117 1088 1136 large-vehicle 0.7629
814 761 826 741 891 781 879 800 large-vehicle 0.7611
1005 675 1016 657 1082 695 1071 714 large-vehicle 0.7611
1110 957 1123 937 1190 979 1178 999 large-vehicle 0.7595
1209 789 1220 771 1282 808 1270 827 large-vehicle 0.7590
1009 1121 1021 1102 1087 1143 1075 1162 large-vehicle 0.7548
741 1160 752 1142 816 1181 804 1200 large-vehicle 0.7543
902 1352 914 1332 979 1372 967 1391 large-vehicle 0.7515
634 372 647 351 723 397 710 418 large-vehicle 0.7483
147 809 158 789 233 831 222 851 large-vehicle 0.7475
734 935 746 916 813 957 801 977 large-vehicle 0.7455
1032 1071 1044 1053 1107 1094 1094 1112 large-vehicle 0.7446
1063 1027 1075 1008 1137 1046 1125 1065 large-vehicle 0.7446
1181 835 1193 817 1249 854 1237 872 large-vehicle 0.7409
769 1083 780 1064 842 1101 831 1120 large-vehicle 0.7370
654 1051 666 1030 731 1068 719 1089 large-vehicle 0.7362
595 1178 608 1157 669 1196 656 1217 large-vehicle 0.7346
671 1027 683 1007 745 1045 733 1065 large-vehicle 0.7325
800 1034 812 1017 875 1057 863 1075 large-vehicle 0.7311
976 1199 990 1179 1054 1220 1040 1241 large-vehicle 0.7308
606 1154 618 1133 683 1168 672 1189 large-vehicle 0.7289
992 1177 1005 1156 1067 1194 1055 1215 large-vehicle 0.7281
1160 857 1172 838 1233 874 1222 893 large-vehicle 0.7245
1135 906 1147 887 1211 927 1198 947 large-vehicle 0.7239
824 738 836 716 903 751 892 773 large-vehicle 0.7237
1121 930 1133 911 1198 951 1186 971 large-vehicle 0.7165
838 712 847 692 913 723 903 743 large-vehicle 0.7164
704 1247 713 1226 783 1254 774 1275 large-vehicle 0.7074
716 963 728 941 797 978 785 1001 large-vehicle 0.7066
688 1009 699 988 763 1021 752 1042 large-vehicle 0.6998
1221 767 1232 747 1295 784 1284 803 large-vehicle 0.6930
900 616 912 597 976 639 963 658 large-vehicle 0.6891
941 1278 952 1256 1020 1292 1009 1314 large-vehicle 0.6885
956 1223 967 1202 1032 1237 1021 1258 large-vehicle 0.6880
914 1292 925 1273 991 1313 979 1332 large-vehicle 0.6878
887 646 898 625 965 659 954 680 large-vehicle 0.6877
635 1102 647 1083 704 1120 692 1139 large-vehicle 0.6863
154 971 182 968 192 1066 165 1069 large-vehicle 0.6846
856 689 867 668 933 704 922 724 large-vehicle 0.6814
1053 607 1065 587 1128 625 1116 645 large-vehicle 0.6786
756 1138 768 1119 831 1158 819 1177 large-vehicle 0.6635
1252 718 1263 696 1329 729 1318 751 large-vehicle 0.6554
929 572 941 551 1007 588 995 609 large-vehicle 0.6534
1238 743 1251 722 1313 760 1301 781 large-vehicle 0.6509
949 548 962 528 1029 569 1016 590 large-vehicle 0.6250
466 1260 477 1238 551 1274 540 1297 large-vehicle 0.5407
259 1143 271 1120 343 1158 330 1181 large-vehicle 0.5020
570 1321 581 1297 644 1329 632 1352 large-vehicle 0.4614
383 1207 394 1189 452 1224 441 1242 large-vehicle 0.4595
731 1403 733 1383 794 1388 792 1409 large-vehicle 0.3926
1206 371 1218 351 1287 393 1276 413 large-vehicle 0.3869
1187 405 1196 388 1269 429 1259 446 large-vehicle 0.3566
200 748 212 725 274 758 262 780 large-vehicle 0.1780
182 763 194 743 257 780 245 800 large-vehicle 0.1557
947 1243 959 1222 1021 1255 1010 1276 large-vehicle 0.1529
247 611 261 588 342 636 329 659 large-vehicle 0.1514
496 613 508 595 580 642 568 659 large-vehicle 0.1244
521 827 533 808 605 854 593 873 large-vehicle 0.1106
1352 684 1366 693 1343 728 1329 718 large-vehicle 0.1102
329 906 338 885 415 919 406 940 ship 0.1380
342 879 352 860 432 900 421 920 ship 0.1218
1007 1149 1020 1129 1084 1172 1071 1192 ship 0.1194
1118 935 1127 914 1197 945 1188 966 ship 0.1193
1014 1125 1026 1105 1085 1141 1073 1161 ship 0.1190
671 1030 681 1010 744 1042 735 1062 ship 0.1182
359 855 370 836 445 879 435 898 ship 0.1102
1209 789 1220 771 1282 808 1270 827 ship 0.1077
1047 1048 1060 1029 1123 1068 1111 1088 ship 0.1066
322 931 333 911 411 952 401 972 ship 0.1046
1094 983 1104 961 1173 995 1162 1016 ship 0.1044
1191 812 1200 794 1264 825 1255 844 ship 0.1035
736 939 744 921 811 951 803 969 ship 0.1028
780 835 791 816 859 856 848 875 ship 0.1021
299 950 308 932 394 977 385 996 ship 0.1019
654 1051 666 1030 731 1068 719 1089 ship 0.1009
1084 1010 1096 989 1164 1027 1153 1048 ship 0.1007
