862 180 880 181 878 223 860 222 small-vehicle 0.7854
256 478 275 479 273 522 255 522 small-vehicle 0.7779
511 127 529 127 529 167 511 166 small-vehicle 0.7675
511 173 528 176 521 216 505 213 small-vehicle 0.7625
667 445 684 445 684 484 667 484 small-vehicle 0.7624
817 289 834 289 833 329 816 329 small-vehicle 0.7591
330 126 347 126 348 164 330 164 small-vehicle 0.7577
237 432 254 433 251 468 234 467 small-vehicle 0.7559
349 125 366 124 368 161 351 162 small-vehicle 0.7538
584 445 601 444 603 485 586 486 small-vehicle 0.7518
610 333 629 335 625 377 606 375 small-vehicle 0.7484
220 319 239 320 235 360 217 358 small-vehicle 0.7463
638 171 655 173 650 214 633 212 small-vehicle 0.7455
403 482 420 485 415 524 398 521 small-vehicle 0.7424
737 286 754 289 748 326 731 323 small-vehicle 0.7408
180 320 197 322 193 363 176 362 small-vehicle 0.7392
594 128 610 127 613 164 597 166 small-vehicle 0.7392
522 486 540 488 536 525 518 523 small-vehicle 0.7369
795 286 813 286 813 325 796 325 small-vehicle 0.7365
235 481 252 481 253 521 236 521 small-vehicle 0.7343
308 166 327 167 325 210 305 209 small-vehicle 0.7337
402 433 420 434 419 469 401 468 small-vehicle 0.7332
385 275 404 277 401 316 382 314 small-vehicle 0.7327
528 280 544 282 541 318 525 317 small-vehicle 0.7306
347 165 365 164 368 204 351 205 small-vehicle 0.7284
390 168 407 169 406 206 389 205 small-vehicle 0.7263
262 271 279 272 277 309 260 308 small-vehicle 0.7258
616 172 632 172 631 208 614 208 small-vehicle 0.7246
731 336 749 338 746 380 728 379 small-vehicle 0.7233
289 170 306 171 303 212 286 211 small-vehicle 0.7223
446 327 464 328 461 369 443 368 small-vehicle 0.7212
426 323 443 325 440 364 423 363 small-vehicle 0.7194
359 427 378 428 377 473 357 472 small-vehicle 0.7185
712 286 728 286 728 324 712 324 small-vehicle 0.7174
698 168 714 170 710 209 694 208 small-vehicle 0.7169
371 162 388 165 382 203 365 201 small-vehicle 0.7165
689 331 707 333 702 373 685 371 small-vehicle 0.7164
506 326 524 327 523 365 506 365 small-vehicle 0.7154
574 284 590 286 587 321 571 320 small-vehicle 0.7154
195 430 213 430 211 470 193 469 small-vehicle 0.7150
246 117 263 116 265 153 248 154 small-vehicle 0.7136
452 115 468 116 466 154 450 153 small-vehicle 0.7134
503 437 520 438 518 477 501 476 small-vehicle 0.7127
241 318 259 320 253 361 235 358 small-vehicle 0.7118
218 477 234 477 233 515 217 514 small-vehicle 0.7116
574 326 591 328 587 366 570 364 small-vehicle 0.7113
673 175 692 175 692 214 672 213 small-vehicle 0.7109
325 318 345 319 344 365 325 365 small-vehicle 0.7109
860 133 877 133 878 170 860 171 small-vehicle 0.7103
487 281 503 281 503 317 487 317 small-vehicle 0.7093
242 268 259 269 258 307 241 306 small-vehicle 0.7084
595 172 612 173 610 215 593 214 small-vehicle 0.7084
217 429 233 430 231 467 215 466 small-vehicle 0.7075
567 483 583 484 581 522 565 521 small-vehicle 0.7073
528 326 544 326 543 362 526 362 small-vehicle 0.7061
506 281 522 281 522 317 506 317 small-vehicle 0.7054
432 163 449 164 447 204 431 203 small-vehicle 0.7053
576 172 592 175 584 215 568 212 small-vehicle 0.7051
650 332 668 332 666 374 648 373 small-vehicle 0.7045
277 429 295 429 295 468 277 468 small-vehicle 0.7040
794 335 813 336 810 379 791 378 small-vehicle 0.7040
821 131 838 132 836 171 819 170 small-vehicle 0.7037
655 128 672 127 673 167 656 167 small-vehicle 0.7026
248 162 264 163 261 203 244 202 small-vehicle 0.7019
369 122 386 120 389 158 373 159 small-vehicle 0.7012
311 121 328 123 323 163 306 160 small-vehicle 0.7007
339 482 357 483 354 527 337 526 small-vehicle 0.7005
386 325 404 326 400 364 383 363 small-vehicle 0.6999
646 493 665 494 661 536 642 534 small-vehicle 0.6991
776 128 792 126 796 164 779 165 small-vehicle 0.6988
670 283 688 283 689 324 671 324 small-vehicle 0.6983
200 274 217 276 213 312 196 310 small-vehicle 0.6983
337 432 355 432 356 469 338 470 small-vehicle 0.6983
367 276 384 276 383 314 367 314 small-vehicle 0.6975
211 115 228 118 222 156 205 154 small-vehicle 0.6966
759 173 775 175 771 214 754 212 small-vehicle 0.6963
405 323 423 324 419 364 401 362 small-vehicle 0.6957
716 172 733 173 731 211 714 211 small-vehicle 0.6954
546 439 562 439 561 475 545 474 small-vehicle 0.6951
267 163 283 165 280 204 263 202 small-vehicle 0.6932
429 278 446 279 444 317 427 316 small-vehicle 0.6931
380 482 397 483 396 522 379 521 small-vehicle 0.6926
549 281 569 283 565 323 545 321 small-vehicle 0.6924
611 286 628 287 624 326 607 324 small-vehicle 0.6904
412 165 429 167 425 205 408 204 small-vehicle 0.6904
228 119 245 119 246 156 229 156 small-vehicle 0.6902
304 278 320 277 323 312 307 314 small-vehicle 0.6901
736 175 754 176 752 215 734 214 small-vehicle 0.6897
565 440 581 440 580 477 564 476 small-vehicle 0.6895
463 278 481 279 479 319 460 318 small-vehicle 0.6886
698 126 714 126 714 164 698 164 small-vehicle 0.6884
548 327 566 327 564 363 547 362 small-vehicle 0.6880
753 337 771 338 770 378 752 378 small-vehicle 0.6870
155 428 171 429 170 468 153 467 small-vehicle 0.6860
529 175 546 176 543 215 526 213 small-vehicle 0.6857
390 121 407 121 407 158 390 158 small-vehicle 0.6844
773 291 791 291 791 330 773 330 small-vehicle 0.6839
551 171 568 172 563 213 547 211 small-vehicle 0.6830
196 477 214 478 212 520 195 519 small-vehicle 0.6820
411 117 427 117 427 155 411 155 small-vehicle 0.6811
318 430 334 430 334 471 318 472 small-vehicle 0.6809
201 321 218 322 216 360 199 360 small-vehicle 0.6793
424 433 441 433 439 473 423 472 small-vehicle 0.6781
326 272 343 272 343 311 326 311 small-vehicle 0.6774
177 275 194 275 192 314 176 313 small-vehicle 0.6772
261 314 280 316 275 362 257 361 small-vehicle 0.6770
858 287 875 288 873 327 856 326 small-vehicle 0.6769
257 430 274 430 273 466 256 465 small-vehicle 0.6767
283 274 300 274 299 311 282 311 small-vehicle 0.6766
347 273 363 273 364 313 347 313 small-vehicle 0.6762
779 178 795 179 793 217 776 216 small-vehicle 0.6749
220 273 236 272 239 310 222 311 small-vehicle 0.6742
321 477 338 480 331 520 314 517 small-vehicle 0.6738
503 481 520 483 514 526 498 523 small-vehicle 0.6731
473 429 492 430 491 472 472 472 small-vehicle 0.6730
617 21 634 21 634 59 617 59 small-vehicle 0.6713
365 321 382 322 380 361 363 361 small-vehicle 0.6701
628 440 645 441 644 479 627 478 small-vehicle 0.6692
797 126 815 126 814 163 797 163 small-vehicle 0.6676
432 116 449 117 447 154 431 154 small-vehicle 0.6675
719 126 736 127 734 166 716 165 small-vehicle 0.6672
381 429 399 429 400 469 382 469 small-vehicle 0.6654
451 170 469 171 467 211 450 210 small-vehicle 0.6647
631 285 649 286 646 328 628 327 small-vehicle 0.6632
545 481 563 482 560 520 543 519 small-vehicle 0.6632
481 322 500 322 499 365 480 365 small-vehicle 0.6623
299 474 316 476 313 516 296 514 small-vehicle 0.6618
283 317 301 320 294 363 276 361 small-vehicle 0.6612
799 175 816 176 815 215 798 215 small-vehicle 0.6609
840 182 857 182 856 223 839 223 small-vehicle 0.6582
225 162 243 163 243 205 225 205 small-vehicle 0.6577
271 114 289 116 284 157 266 155 small-vehicle 0.6575
555 122 573 122 571 164 553 163 small-vehicle 0.6559
489 125 507 125 506 164 488 164 small-vehicle 0.6557
443 433 462 434 459 476 440 474 small-vehicle 0.6534
177 430 194 431 191 471 174 470 small-vehicle 0.6470
207 162 225 165 218 204 201 201 small-vehicle 0.6447
699 26 717 27 715 67 696 66 small-vehicle 0.6441
747 443 766 443 766 486 747 486 small-vehicle 0.6438
607 488 624 488 622 529 605 528 small-vehicle 0.6409
303 321 321 322 318 363 301 362 small-vehicle 0.6397
407 275 424 276 424 311 406 311 small-vehicle 0.6396
678 23 697 25 692 70 673 68 small-vehicle 0.6395
597 23 613 24 612 58 596 57 small-vehicle 0.6331
775 337 791 338 791 375 775 375 small-vehicle 0.6291
176 479 194 479 193 520 176 519 small-vehicle 0.6280
471 171 488 170 489 209 472 209 small-vehicle 0.6249
480 483 497 482 498 523 481 523 small-vehicle 0.6241
88 376 105 376 106 414 88 415 small-vehicle 0.6237
657 24 674 24 673 62 656 61 small-vehicle 0.6235
709 442 726 443 724 482 707 481 small-vehicle 0.6162
492 173 509 175 505 218 488 216 small-vehicle 0.5979
817 74 820 55 864 62 861 80 small-vehicle 0.5965
742 26 758 27 754 67 738 65 small-vehicle 0.5924
69 537 58 525 87 497 99 510 small-vehicle 0.5859
764 72 765 53 808 55 807 74 small-vehicle 0.5703
879 7 898 9 892 49 874 47 small-vehicle 0.5529
121 78 123 60 163 65 161 82 small-vehicle 0.5221
440 481 460 482 456 531 436 529 small-vehicle 0.5034
287 117 305 117 305 162 287 162 small-vehicle 0.4955
190 158 205 163 197 192 181 187 small-vehicle 0.3784
191 114 209 118 200 159 181 155 small-vehicle 0.2466
117 95 120 79 160 88 157 103 small-vehicle 0.2137
737 128 755 130 751 172 733 170 small-vehicle 0.1610
439 481 459 482 456 531 436 530 large-vehicle 0.4372
288 115 306 116 303 160 285 158 large-vehicle 0.4242
271 114 289 116 284 157 266 155 large-vehicle 0.2886
764 71 766 53 809 55 808 74 large-vehicle 0.2601
325 318 345 319 344 365 325 365 large-vehicle 0.2023
753 438 774 442 766 487 744 483 large-vehicle 0.2018
645 493 663 493 662 535 644 534 large-vehicle 0.1923
631 285 649 286 646 328 628 327 large-vehicle 0.1882
689 331 707 333 702 373 685 371 large-vehicle 0.1790
308 166 327 167 325 210 305 209 large-vehicle 0.1789
68 537 57 525 87 498 98 510 large-vehicle 0.1778
473 430 492 430 492 472 473 472 large-vehicle 0.1725
442 434 460 434 459 476 442 476 large-vehicle 0.1702
371 162 388 165 382 203 365 201 large-vehicle 0.1680
511 173 528 176 521 216 505 213 large-vehicle 0.1679
736 175 754 176 752 215 734 214 large-vehicle 0.1671
385 275 404 277 401 316 382 314 large-vehicle 0.1663
261 314 280 316 275 362 257 361 large-vehicle 0.1638
650 332 668 332 666 374 648 373 large-vehicle 0.1624
311 121 328 123 323 163 306 160 large-vehicle 0.1622
817 74 820 55 864 62 861 80 large-vehicle 0.1606
876 6 896 7 895 53 874 52 large-vehicle 0.1596
340 481 361 483 356 528 335 525 large-vehicle 0.1577
256 478 275 479 273 522 255 522 large-vehicle 0.1570
522 486 540 488 536 525 518 523 large-vehicle 0.1545
117 93 120 78 161 87 157 103 large-vehicle 0.1537
740 26 757 27 755 67 738 66 large-vehicle 0.1520
220 319 239 320 235 360 217 358 large-vehicle 0.1519
502 436 520 437 517 476 499 474 large-vehicle 0.1516
119 76 123 60 163 68 160 84 large-vehicle 0.1485
463 277 482 279 478 320 459 318 large-vehicle 0.1477
225 162 243 163 243 205 225 205 large-vehicle 0.1474
773 291 791 291 791 330 773 330 large-vehicle 0.1449
678 25 697 26 695 69 676 68 large-vehicle 0.1440
283 317 300 319 296 361 278 359 large-vehicle 0.1431
337 432 355 432 356 469 338 470 large-vehicle 0.1427
481 322 500 322 499 365 480 365 large-vehicle 0.1427
674 175 692 175 691 213 673 213 large-vehicle 0.1416
670 283 688 283 689 324 671 324 large-vehicle 0.1373
359 427 378 428 377 473 357 472 large-vehicle 0.1355
638 171 655 173 650 214 633 212 large-vehicle 0.1336
190 114 207 117 200 159 183 155 large-vehicle 0.1332
200 320 219 321 216 363 198 362 large-vehicle 0.1300
492 173 509 175 503 218 486 216 large-vehicle 0.1295
217 275 235 272 241 313 224 316 large-vehicle 0.1266
503 481 520 483 514 526 498 523 large-vehicle 0.1261
530 175 548 177 543 217 525 215 large-vehicle 0.1258
364 322 383 323 381 361 362 361 large-vehicle 0.1230
775 335 793 336 790 378 773 376 large-vehicle 0.1224
332 125 349 126 345 163 328 161 large-vehicle 0.1219
709 442 726 443 724 481 707 480 large-vehicle 0.1214
368 273 384 275 380 314 364 313 large-vehicle 0.1209
303 320 321 321 319 365 301 364 large-vehicle 0.1192
246 162 263 163 262 201 245 200 large-vehicle 0.1190
405 323 423 324 419 364 401 362 large-vehicle 0.1178
197 428 215 430 210 472 192 470 large-vehicle 0.1158
386 325 404 326 400 364 383 363 large-vehicle 0.1141
449 172 467 171 469 211 451 212 large-vehicle 0.1139
241 318 259 320 253 361 235 358 large-vehicle 0.1137
511 125 530 125 529 166 510 165 large-vehicle 0.1122
593 119 613 119 614 164 594 165 large-vehicle 0.1116
799 126 818 129 813 167 794 164 large-vehicle 0.1113
671 438 690 442 681 485 661 481 large-vehicle 0.1109
288 171 305 172 303 211 286 210 large-vehicle 0.1107
699 26 717 27 715 67 697 67 large-vehicle 0.1104
759 173 775 175 771 214 754 212 large-vehicle 0.1101
839 178 860 183 850 226 829 221 large-vehicle 0.1095
716 172 733 172 733 211 715 211 large-vehicle 0.1091
351 165 367 167 364 204 348 203 large-vehicle 0.1074
445 333 462 333 463 366 445 367 large-vehicle 0.1069
349 125 366 125 366 161 350 161 large-vehicle 0.1061
630 441 647 443 643 480 626 478 large-vehicle 0.1058
549 281 569 283 565 323 545 321 large-vehicle 0.1045
319 428 337 431 331 475 313 472 large-vehicle 0.1043
408 275 425 276 422 313 405 311 large-vehicle 0.1043
716 127 734 126 736 170 718 170 large-vehicle 0.1041
821 130 839 132 835 173 817 172 large-vehicle 0.1041
277 429 295 429 295 468 277 468 large-vehicle 0.1039
696 125 713 125 714 164 697 164 large-vehicle 0.1030
220 429 235 432 228 468 212 465 large-vehicle 0.1026
794 335 813 336 810 379 791 378 large-vehicle 0.1007
178 430 195 432 191 470 174 468 large-vehicle 0.1006
402 486 420 487 417 523 399 521 large-vehicle 0.1004
655 129 672 129 672 167 655 167 large-vehicle 0.1002
595 172 612 173 610 215 593 214 large-vehicle 0.1001
