951 842 1086 907 1014 1058 879 993 baseball-diamond 0.8121
531 477 844 676 443 1308 130 1109 bridge 0.1102
531 545 822 748 439 1297 148 1094 ground-track-field 0.7709
122 1019 126 1008 147 1016 143 1027 small-vehicle 0.1897
367 562 371 550 394 558 390 570 small-vehicle 0.1893
290 756 296 746 316 756 311 767 small-vehicle 0.1873
378 629 384 619 403 631 397 641 small-vehicle 0.1860
304 734 310 722 331 732 325 744 small-vehicle 0.1831
438 538 445 527 465 539 459 551 small-vehicle 0.1797
116 940 122 929 142 940 136 951 small-vehicle 0.1772
280 696 286 686 304 697 297 707 small-vehicle 0.1666
327 621 331 612 351 621 346 631 small-vehicle 0.1646
79 993 86 986 102 1000 96 1007 small-vehicle 0.1609
425 552 432 543 450 555 443 564 small-vehicle 0.1595
98 962 106 953 124 968 116 977 small-vehicle 0.1586
233 761 242 752 258 768 249 776 small-vehicle 0.1559
263 717 269 705 291 716 285 727 small-vehicle 0.1532
734 44 739 35 759 48 754 57 small-vehicle 0.1505
194 482 203 488 187 508 179 501 small-vehicle 0.1502
214 794 220 783 242 794 236 806 small-vehicle 0.1489
352 669 356 657 378 666 374 678 small-vehicle 0.1489
130 919 137 909 155 922 148 932 small-vehicle 0.1469
240 311 231 300 251 283 260 293 small-vehicle 0.1465
311 639 319 628 339 644 331 654 small-vehicle 0.1464
327 706 334 696 353 709 346 719 small-vehicle 0.1451
401 514 407 504 425 516 418 525 small-vehicle 0.1428
388 532 394 522 412 533 406 543 small-vehicle 0.1412
68 1013 74 1003 95 1015 89 1025 small-vehicle 0.1402
393 606 404 597 419 617 409 625 small-vehicle 0.1398
335 698 340 689 361 701 356 710 small-vehicle 0.1393
276 781 283 770 303 784 295 794 small-vehicle 0.1368
201 486 210 492 197 511 188 505 small-vehicle 0.1301
339 687 345 675 368 687 362 699 small-vehicle 0.1271
288 767 292 756 313 765 309 775 small-vehicle 0.1269
227 289 221 278 242 266 248 277 small-vehicle 0.1269
208 491 217 496 205 516 196 511 small-vehicle 0.1257
133 994 140 984 158 996 151 1006 small-vehicle 0.1225
300 747 306 738 323 748 318 757 small-vehicle 0.1212
151 979 155 967 176 975 172 987 small-vehicle 0.1210
282 684 289 675 306 690 299 698 small-vehicle 0.1193
313 724 321 715 335 727 327 735 small-vehicle 0.1191
108 955 112 944 133 951 129 962 small-vehicle 0.1184
413 575 423 567 436 585 426 593 small-vehicle 0.1165
58 1025 66 1017 81 1032 74 1040 small-vehicle 0.1158
376 547 383 537 401 549 394 558 small-vehicle 0.1157
187 829 195 820 213 835 205 844 small-vehicle 0.1151
176 849 183 839 200 852 193 862 small-vehicle 0.1144
266 796 274 788 289 803 281 811 small-vehicle 0.1104
371 638 377 627 398 639 392 650 small-vehicle 0.1103
149 884 156 876 173 893 166 900 small-vehicle 0.1077
37 890 41 884 54 891 51 897 small-vehicle 0.1075
359 654 365 643 386 655 379 666 small-vehicle 0.1069
460 504 466 496 484 508 478 517 small-vehicle 0.1067
162 950 170 941 189 957 181 966 small-vehicle 0.1050
143 895 151 886 169 901 161 910 small-vehicle 0.1048
143 986 148 975 168 985 164 995 small-vehicle 0.1044
209 886 214 876 234 887 228 897 small-vehicle 0.1031
384 619 392 610 410 625 402 634 small-vehicle 0.1031
321 714 328 704 346 716 339 726 small-vehicle 0.1016
888 809 897 814 878 842 870 837 large-vehicle 0.1379
936 229 974 249 934 327 896 307 tennis-court 0.8593
886 200 920 217 885 287 851 270 tennis-court 0.8431
707 446 734 407 819 467 791 506 tennis-court 0.7983
733 406 757 364 844 414 819 456 tennis-court 0.7083
519 792 537 742 672 791 653 841 tennis-court 0.1972
748 401 776 370 834 422 807 453 basketball-court 0.2263
514 779 540 729 670 798 644 847 basketball-court 0.2090
937 230 972 248 932 324 897 305 basketball-court 0.1917
721 444 744 415 806 466 783 494 basketball-court 0.1641
886 200 920 217 885 287 851 270 basketball-court 0.1148
315 1032 349 977 488 1062 454 1117 basketball-court 0.1082
525 640 721 782 437 1172 241 1030 soccer-ball-field 0.6353
947 835 1090 903 1014 1060 872 991 soccer-ball-field 0.1215
