502 224 510 211 543 233 534 245 small-vehicle 0.7983
360 366 368 352 402 373 394 386 small-vehicle 0.7682
340 635 348 623 381 642 374 655 small-vehicle 0.7582
197 899 206 887 238 911 229 923 small-vehicle 0.7574
316 671 324 657 361 679 352 693 small-vehicle 0.7545
461 508 469 495 501 514 494 527 small-vehicle 0.7531
413 501 423 487 456 510 447 524 small-vehicle 0.7498
539 93 549 80 579 102 569 115 small-vehicle 0.7465
214 885 222 872 256 893 247 906 small-vehicle 0.7414
174 654 183 641 217 663 209 677 small-vehicle 0.7407
487 471 496 458 528 479 520 492 small-vehicle 0.7403
465 355 473 343 506 364 498 376 small-vehicle 0.7387
508 204 515 191 550 211 542 224 small-vehicle 0.7384
302 685 311 673 340 695 331 706 small-vehicle 0.7373
246 626 254 614 288 634 281 647 small-vehicle 0.7330
630 103 639 89 674 113 665 126 small-vehicle 0.7300
209 601 217 588 250 610 242 622 small-vehicle 0.7296
472 486 481 474 512 498 502 510 small-vehicle 0.7283
125 931 134 916 171 939 162 953 small-vehicle 0.7282
550 76 559 63 591 85 583 97 small-vehicle 0.7280
399 387 409 375 438 398 429 410 small-vehicle 0.7269
58 965 66 952 97 970 89 983 small-vehicle 0.7246
352 589 362 575 393 599 383 612 small-vehicle 0.7237
466 431 476 418 507 440 497 453 small-vehicle 0.7233
483 390 492 378 523 399 515 412 small-vehicle 0.7225
148 894 156 881 188 899 180 912 small-vehicle 0.7206
524 341 534 327 565 350 555 364 small-vehicle 0.7203
287 704 295 691 328 711 320 724 small-vehicle 0.7192
351 617 359 603 390 621 383 635 small-vehicle 0.7162
296 632 303 619 335 637 327 650 small-vehicle 0.7123
183 632 192 620 222 642 213 654 small-vehicle 0.7119
213 678 222 665 257 690 247 703 small-vehicle 0.7109
526 264 535 252 563 275 554 286 small-vehicle 0.7105
101 965 109 952 141 973 133 985 small-vehicle 0.7074
500 454 509 441 538 463 529 475 small-vehicle 0.7057
183 917 191 904 225 924 218 937 small-vehicle 0.7049
433 410 441 398 471 419 462 431 small-vehicle 0.7046
583 250 592 237 622 259 612 272 small-vehicle 0.7043
285 649 293 637 321 658 313 669 small-vehicle 0.7031
112 820 122 806 155 829 146 842 small-vehicle 0.7005
139 910 149 898 180 921 170 934 small-vehicle 0.7000
163 672 172 659 205 683 196 696 small-vehicle 0.6993
429 486 437 473 468 493 460 506 small-vehicle 0.6986
539 247 546 236 572 253 564 264 small-vehicle 0.6977
520 185 528 172 558 192 550 205 small-vehicle 0.6971
506 433 514 420 548 442 540 454 small-vehicle 0.6969
213 809 221 796 252 815 244 827 small-vehicle 0.6952
205 828 213 815 243 836 234 848 small-vehicle 0.6937
472 410 481 397 512 420 503 432 small-vehicle 0.6900
450 523 459 511 487 532 478 545 small-vehicle 0.6897
515 360 523 349 549 368 541 380 small-vehicle 0.6891
335 710 343 697 376 719 368 731 small-vehicle 0.6888
545 382 553 368 585 388 577 402 small-vehicle 0.6885
329 652 339 639 369 661 360 674 small-vehicle 0.6883
169 934 177 921 214 944 206 957 small-vehicle 0.6874
377 658 386 646 417 667 409 679 small-vehicle 0.6868
477 337 485 324 517 344 509 357 small-vehicle 0.6867
594 158 602 144 640 164 632 178 small-vehicle 0.6843
457 450 465 439 491 458 482 469 small-vehicle 0.6836
645 60 655 47 684 70 674 82 small-vehicle 0.6814
128 803 136 791 165 811 156 823 small-vehicle 0.6811
560 339 569 326 603 350 594 363 small-vehicle 0.6804
635 81 643 68 676 89 668 102 small-vehicle 0.6799
91 779 101 766 132 788 123 801 small-vehicle 0.6749
422 428 431 415 459 435 451 448 small-vehicle 0.6733
360 443 368 429 401 448 393 462 small-vehicle 0.6728
575 42 583 29 614 50 606 62 small-vehicle 0.6723
618 273 627 260 661 285 652 298 small-vehicle 0.6703
202 699 210 685 243 706 235 720 small-vehicle 0.6698
161 825 168 812 201 830 194 843 small-vehicle 0.6694
407 522 414 509 444 528 436 540 small-vehicle 0.6693
225 865 232 853 266 874 258 887 small-vehicle 0.6691
259 609 267 597 300 617 292 630 small-vehicle 0.6691
351 382 361 370 390 392 380 404 small-vehicle 0.6683
439 391 448 378 480 398 471 412 small-vehicle 0.6676
683 163 692 150 722 170 713 183 small-vehicle 0.6643
331 499 339 487 369 507 361 519 small-vehicle 0.6638
67 944 74 931 107 949 100 963 small-vehicle 0.6638
78 795 87 783 119 805 110 818 small-vehicle 0.6629
368 572 379 560 402 580 392 592 small-vehicle 0.6627
681 84 690 71 723 94 714 106 small-vehicle 0.6619
388 408 397 395 428 415 419 428 small-vehicle 0.6598
223 583 232 570 264 592 255 605 small-vehicle 0.6597
649 163 658 152 688 174 679 186 small-vehicle 0.6586
381 557 389 544 418 563 410 575 small-vehicle 0.6582
137 783 146 771 179 794 170 807 small-vehicle 0.6575
94 985 103 973 133 994 124 1007 small-vehicle 0.6573
220 657 229 646 259 667 250 679 small-vehicle 0.6572
180 862 188 850 217 871 209 883 small-vehicle 0.6566
660 45 670 32 704 56 694 70 small-vehicle 0.6554
101 839 109 825 144 845 136 859 small-vehicle 0.6549
361 674 371 662 402 686 393 698 small-vehicle 0.6532
570 318 579 307 606 327 597 338 small-vehicle 0.6529
115 744 123 731 154 750 147 763 small-vehicle 0.6523
433 540 442 528 475 550 466 562 small-vehicle 0.6516
547 227 556 214 587 236 578 248 small-vehicle 0.6502
311 538 317 525 352 541 346 555 small-vehicle 0.6497
42 849 50 836 84 859 75 872 small-vehicle 0.6478
350 460 357 448 388 467 380 479 small-vehicle 0.6476
628 25 637 13 664 32 656 44 small-vehicle 0.6474
669 103 677 91 706 109 699 121 small-vehicle 0.6449
684 189 692 176 725 196 717 209 small-vehicle 0.6444
650 142 657 129 688 145 681 158 small-vehicle 0.6443
494 242 504 232 528 252 519 262 small-vehicle 0.6439
581 19 590 7 619 29 610 41 small-vehicle 0.6410
149 766 158 754 191 778 182 790 small-vehicle 0.6403
254 681 261 669 293 686 286 699 small-vehicle 0.6361
519 416 526 404 556 421 548 433 small-vehicle 0.6361
18 1103 25 1091 58 1111 51 1123 small-vehicle 0.6357
38 1066 46 1054 77 1074 69 1087 small-vehicle 0.6350
384 608 393 597 419 617 410 628 small-vehicle 0.6304
163 878 171 865 203 885 195 898 small-vehicle 0.6273
293 474 301 462 331 482 323 494 small-vehicle 0.6250
193 844 202 833 225 851 217 862 small-vehicle 0.6202
83 1070 91 1057 124 1078 116 1091 small-vehicle 0.6185
413 578 421 564 450 582 442 596 small-vehicle 0.6162
102 760 112 747 141 771 131 783 small-vehicle 0.6133
394 591 402 579 432 598 424 610 small-vehicle 0.6107
608 243 616 231 644 247 636 260 small-vehicle 0.6101
172 805 181 793 211 814 202 827 small-vehicle 0.6100
406 369 413 356 444 373 437 385 small-vehicle 0.6072
26 1084 35 1070 69 1092 60 1106 small-vehicle 0.6065
130 726 139 713 171 736 162 749 small-vehicle 0.6043
290 549 298 537 325 556 318 568 small-vehicle 0.6041
663 226 673 213 704 238 695 250 small-vehicle 0.6029
31 865 42 853 70 878 59 890 small-vehicle 0.6016
168 752 175 740 207 758 199 771 small-vehicle 0.5986
542 300 550 289 574 307 565 318 small-vehicle 0.5976
113 944 121 934 146 953 137 963 small-vehicle 0.5974
636 235 643 224 673 242 667 253 small-vehicle 0.5973
586 304 593 292 623 311 616 322 small-vehicle 0.5925
558 285 566 274 589 290 582 301 small-vehicle 0.5883
613 40 621 28 648 47 641 58 small-vehicle 0.5856
5 1042 14 1030 45 1054 35 1065 small-vehicle 0.5853
374 345 381 334 409 352 401 363 small-vehicle 0.5844
126 1007 134 995 161 1013 154 1025 small-vehicle 0.5832
142 967 149 955 177 970 170 982 small-vehicle 0.5813
503 148 511 136 537 154 529 166 small-vehicle 0.5772
27 939 36 928 63 951 54 962 small-vehicle 0.5768
145 840 155 827 186 851 176 864 small-vehicle 0.5762
328 417 337 406 366 429 357 440 small-vehicle 0.5721
76 870 84 858 115 879 107 891 small-vehicle 0.5697
95 909 104 897 132 917 123 930 small-vehicle 0.5677
465 200 474 188 502 208 493 220 small-vehicle 0.5613
250 831 258 820 286 839 278 850 small-vehicle 0.5580
21 885 28 874 54 892 47 902 small-vehicle 0.5570
87 853 96 840 129 863 120 876 small-vehicle 0.5570
603 212 611 200 637 220 629 231 small-vehicle 0.5534
537 169 545 158 570 176 563 187 small-vehicle 0.5509
76 922 85 911 112 931 104 942 small-vehicle 0.5490
322 570 328 558 356 573 350 585 small-vehicle 0.5473
37 922 46 911 72 931 63 943 small-vehicle 0.5420
224 790 232 777 265 798 257 811 small-vehicle 0.5407
250 1039 263 1048 244 1076 231 1066 small-vehicle 0.5406
6 901 14 890 41 908 33 919 small-vehicle 0.5402
589 101 597 89 624 108 616 119 small-vehicle 0.5377
240 722 248 710 277 730 269 742 small-vehicle 0.5376
491 163 499 153 525 173 517 184 small-vehicle 0.5345
273 1008 285 1018 263 1045 251 1036 small-vehicle 0.5337
227 1073 239 1081 222 1108 209 1100 small-vehicle 0.5321
382 480 390 468 419 487 411 499 small-vehicle 0.5292
597 4 605 -7 633 10 626 22 small-vehicle 0.5281
422 609 430 596 460 615 452 628 small-vehicle 0.5274
348 537 354 524 385 540 378 553 small-vehicle 0.5177
65 888 74 876 101 897 92 909 small-vehicle 0.5167
512 128 523 115 550 138 539 150 small-vehicle 0.5131
182 786 191 774 218 794 209 806 small-vehicle 0.5111
110 891 118 880 143 899 135 910 small-vehicle 0.5100
705 123 712 113 738 132 730 142 small-vehicle 0.5070
552 203 560 191 588 209 580 221 small-vehicle 0.4988
58 1104 64 1093 94 1108 89 1119 small-vehicle 0.4922
58 832 66 821 93 840 85 851 small-vehicle 0.4913
305 768 311 755 342 770 336 783 small-vehicle 0.4893
47 905 55 892 84 910 76 923 small-vehicle 0.4729
512 281 519 271 542 288 536 297 small-vehicle 0.4694
580 222 587 212 610 227 603 238 small-vehicle 0.4686
540 147 548 135 576 154 568 166 small-vehicle 0.4673
641 5 649 -6 674 11 666 23 small-vehicle 0.4669
-5 920 3 908 32 931 23 942 small-vehicle 0.4637
434 258 442 245 474 267 465 279 small-vehicle 0.4575
479 179 490 169 512 191 501 202 small-vehicle 0.4552
134 853 144 843 167 866 157 876 small-vehicle 0.4474
-6 1059 1 1049 27 1069 19 1080 small-vehicle 0.4461
122 874 130 863 153 880 144 891 small-vehicle 0.4386
272 743 280 732 306 751 298 762 small-vehicle 0.4257
482 259 491 248 515 269 507 279 small-vehicle 0.4115
295 968 309 977 290 1005 277 996 small-vehicle 0.4082
25 1028 34 1016 61 1038 52 1050 small-vehicle 0.4008
257 810 264 798 294 815 287 827 small-vehicle 0.4003
401 313 408 302 436 321 429 331 small-vehicle 0.3833
53 1046 61 1035 86 1053 78 1064 small-vehicle 0.3397
275 509 283 499 307 521 299 530 small-vehicle 0.3355
-8 1085 0 1073 25 1092 16 1103 small-vehicle 0.3230
-4 1007 5 996 30 1019 21 1030 small-vehicle 0.3103
207 1106 217 1114 201 1136 190 1128 small-vehicle 0.2676
199 770 208 762 224 779 215 787 small-vehicle 0.1669
10 1119 21 1108 44 1129 33 1140 small-vehicle 0.1645
-13 1105 -3 1094 16 1112 6 1123 small-vehicle 0.1505
212 1108 224 1111 218 1135 206 1132 small-vehicle 0.1288
136 950 143 937 172 956 164 968 small-vehicle 0.1036
629 238 639 229 659 251 649 260 small-vehicle 0.1022
174 654 183 641 217 663 209 677 large-vehicle 0.1235
569 683 588 695 559 742 540 730 large-vehicle 0.1231
163 672 172 659 205 683 196 696 large-vehicle 0.1107
183 632 192 620 222 642 213 654 large-vehicle 0.1085
580 222 587 212 610 227 603 238 large-vehicle 0.1076
377 658 386 646 417 667 409 679 large-vehicle 0.1041
130 727 138 714 170 735 162 748 large-vehicle 0.1040
360 443 368 429 401 448 393 462 large-vehicle 0.1035
400 388 408 376 439 397 431 409 large-vehicle 0.1002
573 685 590 699 557 739 540 725 ship 0.1380
399 312 407 300 437 320 430 332 ship 0.1353
-4 921 3 910 33 931 25 942 ship 0.1139
91 779 100 766 133 789 124 801 ship 0.1046
