509 508 520 506 527 548 516 549 bridge 0.1193
57 263 67 262 70 288 60 289 small-vehicle 0.6508
336 445 345 450 333 470 325 465 small-vehicle 0.6344
77 404 88 402 93 425 82 427 small-vehicle 0.6280
65 246 74 244 80 264 70 267 small-vehicle 0.6216
115 494 128 492 133 518 121 520 small-vehicle 0.5912
113 464 125 464 126 490 114 491 small-vehicle 0.5677
95 431 106 428 111 452 100 455 small-vehicle 0.5637
64 312 75 310 79 333 68 335 small-vehicle 0.5414
311 450 304 441 323 425 330 433 small-vehicle 0.5323
105 499 116 498 119 524 108 525 small-vehicle 0.5297
124 360 135 359 138 383 127 384 small-vehicle 0.5294
146 503 160 500 166 530 152 533 small-vehicle 0.5202
202 124 200 113 223 108 225 119 small-vehicle 0.5194
103 477 112 477 114 497 104 497 small-vehicle 0.5144
38 399 50 398 52 427 39 428 small-vehicle 0.5021
390 546 387 535 411 528 414 539 small-vehicle 0.4997
511 70 510 59 532 56 534 67 small-vehicle 0.4989
380 496 376 485 398 476 402 488 small-vehicle 0.4943
74 381 85 379 89 400 78 402 small-vehicle 0.4881
186 425 199 427 196 456 182 454 small-vehicle 0.4759
397 558 393 547 414 540 418 551 small-vehicle 0.4719
92 494 102 492 107 512 97 514 small-vehicle 0.4615
44 510 46 500 68 504 66 514 small-vehicle 0.4566
400 133 399 123 419 121 420 131 small-vehicle 0.4515
323 275 332 275 332 297 323 297 small-vehicle 0.4467
380 439 380 426 408 426 408 439 small-vehicle 0.4448
82 428 92 426 98 448 88 450 small-vehicle 0.4254
157 149 156 136 190 133 191 145 small-vehicle 0.4225
635 566 644 565 647 584 638 586 small-vehicle 0.4200
370 447 380 446 382 468 373 469 small-vehicle 0.4175
373 374 386 381 370 410 357 403 small-vehicle 0.4089
383 521 381 508 409 504 411 517 small-vehicle 0.4044
677 447 675 436 702 431 704 442 small-vehicle 0.3969
88 472 97 470 102 490 92 493 small-vehicle 0.3916
385 534 382 522 411 515 414 528 small-vehicle 0.3880
378 485 374 474 398 465 402 475 small-vehicle 0.3707
628 45 639 45 639 70 628 69 small-vehicle 0.3672
100 455 109 454 113 473 103 475 small-vehicle 0.3615
201 464 197 452 225 445 228 457 small-vehicle 0.3576
577 101 592 98 599 135 584 138 small-vehicle 0.3491
14 284 19 275 34 284 30 293 small-vehicle 0.3400
404 600 403 588 428 585 429 598 small-vehicle 0.3336
484 73 482 64 502 59 504 69 small-vehicle 0.3334
77 572 76 562 96 559 97 569 small-vehicle 0.3208
505 174 502 163 540 153 543 165 small-vehicle 0.3115
46 522 49 512 69 518 66 528 small-vehicle 0.3095
618 566 631 564 635 589 622 591 small-vehicle 0.3094
68 341 77 339 82 358 73 360 small-vehicle 0.2965
62 294 74 292 76 314 65 316 small-vehicle 0.2930
518 265 516 254 556 247 558 258 small-vehicle 0.2896
583 148 596 146 603 188 590 190 small-vehicle 0.2889
385 452 383 441 407 435 410 446 small-vehicle 0.2878
658 552 663 543 683 555 678 563 small-vehicle 0.2851
562 493 574 491 581 529 570 531 small-vehicle 0.2765
507 189 503 177 544 166 548 178 small-vehicle 0.2738
533 498 546 496 554 535 542 537 small-vehicle 0.2713
596 231 612 231 613 268 596 269 small-vehicle 0.2693
17 300 21 291 37 298 34 307 small-vehicle 0.2681
10 271 14 261 31 269 27 278 small-vehicle 0.2585
7 250 15 242 30 256 22 265 small-vehicle 0.2529
485 366 497 364 504 401 493 404 small-vehicle 0.2446
501 160 499 148 539 140 541 153 small-vehicle 0.2372
404 195 402 184 441 176 443 187 small-vehicle 0.2291
510 220 507 207 550 197 553 210 small-vehicle 0.2248
511 202 509 191 548 181 551 192 small-vehicle 0.2233
514 239 512 227 552 220 554 233 small-vehicle 0.2192
503 148 500 134 543 124 546 137 small-vehicle 0.2183
521 275 521 265 547 264 547 274 small-vehicle 0.2145
444 368 460 367 464 412 447 413 small-vehicle 0.2143
655 514 653 504 674 502 675 512 small-vehicle 0.2135
399 167 397 155 438 149 440 161 small-vehicle 0.2123
394 576 391 563 422 557 424 571 small-vehicle 0.2120
308 460 322 459 324 492 310 493 small-vehicle 0.2094
493 115 492 101 540 96 541 110 small-vehicle 0.1919
403 243 415 240 427 284 414 287 small-vehicle 0.1912
18 320 25 312 40 326 32 333 small-vehicle 0.1889
566 380 579 378 585 418 573 420 small-vehicle 0.1885
499 131 497 119 535 112 537 124 small-vehicle 0.1814
541 377 555 372 568 412 554 416 small-vehicle 0.1814
593 367 605 365 612 403 600 405 small-vehicle 0.1808
526 385 538 384 543 432 531 433 small-vehicle 0.1800
399 183 396 171 439 160 442 172 small-vehicle 0.1785
86 454 96 452 100 469 90 472 small-vehicle 0.1767
390 382 402 392 374 423 362 413 small-vehicle 0.1681
394 588 392 575 423 569 426 582 small-vehicle 0.1643
476 506 487 506 487 551 476 551 small-vehicle 0.1632
578 315 592 312 601 360 587 363 small-vehicle 0.1590
406 218 404 206 444 198 447 210 small-vehicle 0.1575
580 369 591 367 601 413 590 416 small-vehicle 0.1526
421 132 421 121 442 120 442 132 small-vehicle 0.1521
599 484 612 481 621 525 608 528 small-vehicle 0.1505
664 604 664 597 681 597 681 604 small-vehicle 0.1503
509 509 521 507 526 544 515 546 small-vehicle 0.1497
458 508 470 506 477 547 466 549 small-vehicle 0.1488
609 480 624 475 638 518 623 523 small-vehicle 0.1436
17 311 22 302 37 311 32 320 small-vehicle 0.1431
53 247 65 246 66 266 54 267 small-vehicle 0.1375
274 298 273 285 308 282 309 296 small-vehicle 0.1337
42 462 46 454 61 461 57 469 small-vehicle 0.1269
70 357 80 354 86 372 77 375 small-vehicle 0.1251
382 454 392 447 404 464 395 471 small-vehicle 0.1239
647 450 643 438 668 430 672 441 small-vehicle 0.1212
588 314 602 310 616 353 602 357 small-vehicle 0.1185
495 507 505 505 515 551 505 553 small-vehicle 0.1180
40 436 45 429 57 438 52 445 small-vehicle 0.1176
406 228 405 218 448 212 450 223 small-vehicle 0.1086
382 587 389 587 389 601 382 601 small-vehicle 0.1046
498 509 509 508 513 552 502 553 large-vehicle 0.7841
509 509 520 507 527 545 517 547 large-vehicle 0.7761
578 319 587 316 601 359 592 362 large-vehicle 0.7592
500 160 498 147 538 140 541 153 large-vehicle 0.7583
580 369 591 367 601 413 590 416 large-vehicle 0.7537
473 509 485 508 489 550 478 551 large-vehicle 0.7499
500 146 498 133 543 126 545 138 large-vehicle 0.7490
592 310 603 308 611 354 600 356 large-vehicle 0.7325
566 382 578 380 586 421 574 423 large-vehicle 0.7317
592 368 605 365 615 403 602 406 large-vehicle 0.7298
512 218 510 207 549 198 551 210 large-vehicle 0.7271
542 378 553 373 568 411 556 415 large-vehicle 0.7063
507 189 504 176 546 167 549 179 large-vehicle 0.7025
405 195 403 184 442 177 444 188 large-vehicle 0.7024
505 174 502 163 540 153 543 165 large-vehicle 0.7008
515 239 513 227 554 220 556 232 large-vehicle 0.6962
508 201 505 189 549 181 551 193 large-vehicle 0.6960
405 217 403 205 446 198 448 209 large-vehicle 0.6939
399 181 397 169 439 161 441 173 large-vehicle 0.6865
525 384 537 383 543 430 531 432 large-vehicle 0.6735
537 500 550 498 554 536 541 538 large-vehicle 0.6663
498 132 496 119 533 112 535 125 large-vehicle 0.6614
613 476 626 474 633 518 620 520 large-vehicle 0.6609
92 185 110 183 122 266 104 269 large-vehicle 0.6568
149 166 164 165 170 245 155 247 large-vehicle 0.6545
496 116 494 103 536 96 538 109 large-vehicle 0.6496
443 369 456 367 465 412 452 415 large-vehicle 0.6379
583 148 596 146 603 188 590 190 large-vehicle 0.6263
159 111 156 96 249 83 251 98 large-vehicle 0.6245
406 228 405 218 448 212 450 223 large-vehicle 0.6241
177 168 192 167 200 247 185 249 large-vehicle 0.6208
458 508 470 506 478 550 466 552 large-vehicle 0.6195
397 167 395 155 439 149 441 161 large-vehicle 0.6155
563 494 576 492 582 530 570 532 large-vehicle 0.6099
602 480 613 479 619 527 608 528 large-vehicle 0.6042
519 265 517 253 554 248 556 260 large-vehicle 0.5932
485 366 497 364 504 401 493 404 large-vehicle 0.5878
259 242 256 227 334 210 338 225 large-vehicle 0.5860
405 241 418 239 425 282 412 285 large-vehicle 0.5481
167 165 179 165 178 241 166 241 large-vehicle 0.5434
577 100 591 98 596 137 582 139 large-vehicle 0.5106
521 276 520 266 547 264 548 274 large-vehicle 0.4782
596 232 607 231 613 267 602 269 large-vehicle 0.4683
255 204 250 188 297 173 302 188 large-vehicle 0.3961
442 233 453 231 458 281 447 282 large-vehicle 0.3914
201 464 197 452 225 445 228 457 large-vehicle 0.3525
385 384 397 390 379 425 367 419 large-vehicle 0.3029
243 133 254 133 254 169 243 169 large-vehicle 0.2842
383 520 382 507 410 504 412 517 large-vehicle 0.2758
157 149 156 136 190 133 191 145 large-vehicle 0.2506
270 286 268 272 310 269 311 282 large-vehicle 0.2433
277 357 275 344 325 335 327 347 large-vehicle 0.2068
520 252 518 241 555 233 558 243 large-vehicle 0.1972
658 552 663 543 683 555 678 563 large-vehicle 0.1882
262 229 259 218 314 205 317 216 large-vehicle 0.1873
372 373 385 379 371 409 358 403 large-vehicle 0.1798
230 516 227 500 300 484 303 500 large-vehicle 0.1712
115 495 126 493 131 518 120 520 large-vehicle 0.1690
394 588 392 575 423 569 426 582 large-vehicle 0.1662
202 126 198 115 221 106 225 117 large-vehicle 0.1656
385 534 382 522 411 515 414 528 large-vehicle 0.1643
615 553 627 551 633 588 621 590 large-vehicle 0.1482
267 305 266 291 312 288 313 301 large-vehicle 0.1467
658 532 658 522 695 521 696 531 large-vehicle 0.1453
380 439 380 426 408 426 408 439 large-vehicle 0.1386
146 505 158 501 165 530 153 533 large-vehicle 0.1363
396 578 391 566 420 555 424 567 large-vehicle 0.1284
654 513 653 504 673 501 674 511 large-vehicle 0.1232
105 498 117 496 121 522 108 524 large-vehicle 0.1205
487 511 498 509 504 550 493 552 large-vehicle 0.1190
311 449 303 440 323 423 330 432 large-vehicle 0.1139
377 486 372 474 400 462 406 474 large-vehicle 0.1117
385 452 383 441 407 435 410 446 large-vehicle 0.1117
265 215 262 204 310 191 313 203 large-vehicle 0.1080
307 460 321 458 325 493 311 494 large-vehicle 0.1055
679 449 675 439 700 427 705 438 large-vehicle 0.1032
628 45 639 45 639 70 628 69 large-vehicle 0.1032
380 496 376 485 398 476 402 488 large-vehicle 0.1016
186 425 199 427 196 456 182 454 large-vehicle 0.1015
397 599 397 586 427 587 427 599 large-vehicle 0.1008
