737 1346 758 1356 723 1432 702 1422 small-vehicle 0.3499
465 735 481 741 471 772 455 767 small-vehicle 0.2603
47 1372 64 1382 42 1418 25 1407 small-vehicle 0.2572
368 669 382 679 358 712 344 702 small-vehicle 0.2518
473 526 487 537 462 567 448 555 small-vehicle 0.2510
574 585 591 593 571 632 554 623 small-vehicle 0.2390
501 387 515 396 497 428 482 420 small-vehicle 0.2375
119 1152 135 1160 116 1199 100 1191 small-vehicle 0.2299
140 1118 155 1127 135 1162 120 1153 small-vehicle 0.2282
925 209 941 218 922 253 905 244 small-vehicle 0.2246
896 139 911 149 889 185 873 175 small-vehicle 0.2178
706 398 719 408 698 436 685 426 small-vehicle 0.2162
401 696 413 704 393 734 381 725 small-vehicle 0.2154
16 1025 27 1008 63 1031 52 1049 small-vehicle 0.2150
228 1331 244 1336 233 1369 217 1364 small-vehicle 0.2121
759 376 776 384 760 421 742 413 small-vehicle 0.2092
458 1135 474 1145 452 1180 436 1170 small-vehicle 0.2014
1046 421 1064 422 1062 459 1044 458 small-vehicle 0.2008
364 1722 377 1727 366 1756 353 1752 small-vehicle 0.2005
410 542 424 550 407 582 393 574 small-vehicle 0.1991
329 1215 336 1199 374 1214 367 1230 small-vehicle 0.1982
421 1118 433 1129 409 1155 398 1144 small-vehicle 0.1961
228 1212 244 1221 225 1257 208 1248 small-vehicle 0.1935
958 329 970 340 945 367 933 356 small-vehicle 0.1934
62 1068 74 1079 50 1106 37 1094 small-vehicle 0.1912
749 525 767 535 746 575 728 566 small-vehicle 0.1911
901 349 914 358 894 387 880 378 small-vehicle 0.1910
637 511 653 518 639 552 623 545 small-vehicle 0.1898
522 606 536 614 519 644 505 637 small-vehicle 0.1883
628 615 642 623 624 653 610 645 small-vehicle 0.1873
22 1061 43 1064 38 1098 17 1096 small-vehicle 0.1865
786 441 799 452 774 481 761 470 small-vehicle 0.1864
188 1195 207 1203 190 1242 172 1234 small-vehicle 0.1862
710 508 727 516 710 553 693 545 small-vehicle 0.1845
99 941 115 950 96 985 80 977 small-vehicle 0.1839
196 1145 212 1152 196 1188 180 1181 small-vehicle 0.1839
597 752 612 761 593 794 578 785 small-vehicle 0.1828
380 522 394 531 373 563 359 554 small-vehicle 0.1826
545 1559 558 1564 546 1594 533 1589 small-vehicle 0.1823
136 966 151 974 135 1006 120 998 small-vehicle 0.1822
394 794 408 805 381 835 368 823 small-vehicle 0.1802
145 1482 162 1486 154 1520 137 1516 small-vehicle 0.1786
677 486 693 494 676 529 660 521 small-vehicle 0.1773
270 1547 286 1556 269 1590 253 1582 small-vehicle 0.1766
505 1474 517 1485 490 1516 478 1506 small-vehicle 0.1766
514 1531 529 1541 508 1572 493 1562 small-vehicle 0.1764
441 820 457 830 436 862 421 852 small-vehicle 0.1746
911 354 926 361 910 392 895 384 small-vehicle 0.1735
660 636 675 643 659 678 644 672 small-vehicle 0.1734
507 1165 524 1174 504 1211 487 1202 small-vehicle 0.1733
184 1502 199 1512 179 1543 163 1533 small-vehicle 0.1721
648 1083 662 1093 640 1125 626 1115 small-vehicle 0.1709
248 769 262 779 242 807 228 797 small-vehicle 0.1707
945 374 960 384 941 416 926 406 small-vehicle 0.1699
406 1260 421 1272 398 1303 383 1292 small-vehicle 0.1699
623 1382 635 1394 607 1422 595 1410 small-vehicle 0.1698
468 1455 483 1465 459 1501 444 1490 small-vehicle 0.1692
443 1286 456 1296 433 1327 420 1316 small-vehicle 0.1688
620 970 636 978 618 1011 602 1003 small-vehicle 0.1682
550 568 561 577 537 606 526 597 small-vehicle 0.1680
605 1425 620 1434 601 1466 586 1457 small-vehicle 0.1673
326 809 339 817 322 845 309 837 small-vehicle 0.1668
178 1142 192 1151 171 1183 157 1174 small-vehicle 0.1667
301 1670 315 1681 292 1712 278 1701 small-vehicle 0.1663
636 1232 649 1244 622 1275 609 1263 small-vehicle 0.1645
585 1403 576 1391 601 1370 611 1382 small-vehicle 0.1642
163 863 180 872 163 907 146 899 small-vehicle 0.1640
261 1493 276 1503 254 1537 239 1528 small-vehicle 0.1637
279 787 293 796 277 824 263 816 small-vehicle 0.1630
712 559 724 568 705 592 693 583 small-vehicle 0.1626
751 985 767 995 745 1031 729 1021 small-vehicle 0.1624
694 959 706 968 685 997 673 988 small-vehicle 0.1618
750 732 766 739 753 772 737 766 small-vehicle 0.1616
225 711 239 716 230 746 215 742 small-vehicle 0.1616
545 1499 560 1508 541 1540 526 1531 small-vehicle 0.1610
578 793 591 802 573 828 560 820 small-vehicle 0.1609
314 1521 327 1531 304 1559 292 1549 small-vehicle 0.1608
369 1244 384 1253 367 1285 351 1277 small-vehicle 0.1605
106 1465 123 1471 110 1507 93 1501 small-vehicle 0.1604
538 1692 552 1700 536 1728 522 1720 small-vehicle 0.1598
1023 613 1041 614 1040 655 1022 654 small-vehicle 0.1595
982 234 996 242 976 277 962 269 small-vehicle 0.1594
41 904 46 888 77 896 72 912 small-vehicle 0.1593
795 905 811 915 789 949 773 939 small-vehicle 0.1593
829 725 844 734 824 768 809 759 small-vehicle 0.1578
357 1441 374 1449 356 1484 339 1476 small-vehicle 0.1573
576 1047 588 1057 567 1083 554 1073 small-vehicle 0.1564
286 1359 302 1368 284 1402 268 1393 small-vehicle 0.1562
435 970 448 980 428 1008 415 998 small-vehicle 0.1559
514 1069 528 1078 510 1107 497 1099 small-vehicle 0.1558
398 1159 413 1168 395 1196 381 1187 small-vehicle 0.1557
436 868 449 875 434 901 421 894 small-vehicle 0.1556
247 1383 261 1390 245 1420 231 1413 small-vehicle 0.1550
681 1106 697 1116 675 1147 660 1136 small-vehicle 0.1543
467 1036 483 1043 466 1081 449 1073 small-vehicle 0.1543
309 799 323 807 308 836 293 829 small-vehicle 0.1541
664 476 677 484 659 513 645 505 small-vehicle 0.1541
951 538 966 547 949 577 934 569 small-vehicle 0.1541
273 1342 286 1355 257 1386 243 1373 small-vehicle 0.1538
480 841 493 849 472 880 460 871 small-vehicle 0.1530
345 1130 359 1141 336 1172 321 1162 small-vehicle 0.1529
747 576 759 585 739 611 727 602 small-vehicle 0.1529
403 953 417 963 396 995 381 985 small-vehicle 0.1528
863 951 879 955 870 990 855 986 small-vehicle 0.1528
406 1110 419 1118 399 1148 386 1139 small-vehicle 0.1527
472 1609 486 1619 465 1650 451 1640 small-vehicle 0.1522
511 1227 523 1234 509 1258 497 1251 small-vehicle 0.1520
976 471 987 463 1004 490 993 497 small-vehicle 0.1520
288 1099 302 1107 287 1135 273 1128 small-vehicle 0.1519
926 832 941 838 929 874 913 868 small-vehicle 0.1512
377 1611 393 1617 377 1652 362 1646 small-vehicle 0.1511
613 1071 627 1080 606 1112 591 1103 small-vehicle 0.1509
33 1571 47 1580 29 1611 15 1602 small-vehicle 0.1508
489 999 503 1012 469 1045 456 1032 small-vehicle 0.1508
561 1240 577 1249 556 1284 541 1275 small-vehicle 0.1508
379 1408 391 1419 370 1444 358 1434 small-vehicle 0.1508
803 710 817 719 795 752 781 742 small-vehicle 0.1507
93 1456 107 1466 86 1495 72 1484 small-vehicle 0.1505
852 430 864 438 843 467 831 458 small-vehicle 0.1502
335 1437 348 1445 331 1474 318 1466 small-vehicle 0.1500
895 605 909 615 888 646 874 636 small-vehicle 0.1497
651 783 665 792 645 823 632 814 small-vehicle 0.1495
317 1377 333 1387 310 1421 295 1411 small-vehicle 0.1488
500 1218 512 1227 494 1252 482 1243 small-vehicle 0.1481
946 527 935 515 959 493 969 505 small-vehicle 0.1481
546 728 560 735 538 773 525 766 small-vehicle 0.1480
539 773 555 780 541 815 524 809 small-vehicle 0.1470
870 902 883 910 866 940 853 932 small-vehicle 0.1464
401 1419 414 1429 392 1455 379 1444 small-vehicle 0.1459
655 988 667 997 647 1023 635 1013 small-vehicle 0.1459
607 657 623 664 609 697 594 690 small-vehicle 0.1458
534 1333 548 1346 522 1372 509 1360 small-vehicle 0.1458
50 1582 66 1589 51 1624 35 1617 small-vehicle 0.1456
222 1631 238 1640 217 1678 202 1670 small-vehicle 0.1452
262 1230 279 1237 264 1271 248 1264 small-vehicle 0.1452
68 1716 77 1724 58 1745 48 1737 small-vehicle 0.1451
802 553 816 565 789 595 775 583 small-vehicle 0.1451
596 595 611 605 590 639 575 629 small-vehicle 0.1446
434 1437 447 1447 425 1477 412 1467 small-vehicle 0.1446
94 1726 107 1737 82 1766 69 1755 small-vehicle 0.1444
116 1741 132 1748 116 1784 100 1777 small-vehicle 0.1442
521 1230 535 1237 522 1265 508 1259 small-vehicle 0.1439
739 418 754 426 737 462 722 454 small-vehicle 0.1439
296 1049 312 1060 287 1095 271 1084 small-vehicle 0.1438
850 637 861 644 846 667 835 660 small-vehicle 0.1438
315 903 326 914 299 942 288 931 small-vehicle 0.1431
391 853 403 859 390 883 378 876 small-vehicle 0.1429
638 934 652 943 634 972 620 964 small-vehicle 0.1428
301 1208 312 1217 290 1243 280 1234 small-vehicle 0.1427
361 932 376 941 358 973 343 965 small-vehicle 0.1425
711 1180 725 1187 711 1216 697 1209 small-vehicle 0.1424
592 1262 603 1270 585 1293 575 1285 small-vehicle 0.1423
960 793 972 805 948 831 936 819 small-vehicle 0.1419
458 1348 473 1357 455 1388 440 1380 small-vehicle 0.1419
365 1092 379 1102 357 1133 343 1123 small-vehicle 0.1417
860 586 875 595 852 629 838 619 small-vehicle 0.1413
757 685 770 695 747 724 735 714 small-vehicle 0.1412
754 842 765 852 744 876 733 867 small-vehicle 0.1409
559 1348 575 1358 553 1391 537 1381 small-vehicle 0.1403
911 520 925 526 912 554 898 548 small-vehicle 0.1402
200 1051 213 1058 198 1086 185 1079 small-vehicle 0.1401
336 1694 349 1703 326 1737 312 1728 small-vehicle 0.1400
750 1145 764 1156 740 1185 727 1175 small-vehicle 0.1398
425 857 439 864 424 896 410 890 small-vehicle 0.1397
416 1169 431 1177 415 1209 400 1201 small-vehicle 0.1396
264 777 278 785 260 816 246 807 small-vehicle 0.1393
236 1680 249 1689 229 1720 215 1712 small-vehicle 0.1389
362 1550 376 1560 355 1588 342 1578 small-vehicle 0.1389
412 1630 425 1638 409 1667 395 1660 small-vehicle 0.1384
239 863 253 872 234 903 219 894 small-vehicle 0.1384
59 1435 71 1442 55 1471 42 1463 small-vehicle 0.1382
339 814 350 822 332 847 321 839 small-vehicle 0.1382
534 1030 549 1040 526 1075 511 1065 small-vehicle 0.1379
268 1187 279 1195 259 1223 248 1215 small-vehicle 0.1371
825 1030 835 1037 819 1061 809 1054 small-vehicle 0.1363
333 1070 349 1080 326 1117 309 1107 small-vehicle 0.1358
269 882 284 893 260 926 245 915 small-vehicle 0.1357
406 854 419 863 400 891 387 882 small-vehicle 0.1357
711 708 727 713 717 750 701 746 small-vehicle 0.1354
858 489 874 497 859 529 843 522 small-vehicle 0.1354
510 852 521 863 496 888 485 877 small-vehicle 0.1352
741 893 758 893 758 926 742 927 small-vehicle 0.1347
152 1438 163 1446 145 1473 134 1466 small-vehicle 0.1347
307 1572 320 1582 301 1608 288 1599 small-vehicle 0.1345
525 1079 537 1087 523 1110 511 1103 small-vehicle 0.1340
605 909 619 919 595 952 581 942 small-vehicle 0.1340
480 1514 496 1522 478 1557 462 1549 small-vehicle 0.1338
458 884 468 893 449 915 439 906 small-vehicle 0.1336
421 964 433 973 412 1000 401 990 small-vehicle 0.1335
189 1455 202 1465 178 1494 166 1484 small-vehicle 0.1335
342 1543 352 1553 331 1576 320 1566 small-vehicle 0.1331
159 1591 173 1604 146 1632 132 1619 small-vehicle 0.1330
340 1386 353 1397 329 1425 316 1415 small-vehicle 0.1330
718 666 730 673 712 701 701 694 small-vehicle 0.1329
729 894 743 893 744 921 730 922 small-vehicle 0.1329
329 1272 346 1277 334 1314 317 1308 small-vehicle 0.1328
348 822 360 830 344 855 332 847 small-vehicle 0.1328
450 977 461 987 441 1010 430 1000 small-vehicle 0.1324
1143 638 1152 626 1182 648 1173 660 small-vehicle 0.1323
573 890 588 901 561 935 547 923 small-vehicle 0.1321
584 1204 596 1213 571 1243 559 1233 small-vehicle 0.1318
592 1057 606 1067 584 1096 571 1087 small-vehicle 0.1313
860 742 874 751 855 782 841 773 small-vehicle 0.1312
801 451 816 458 800 492 785 485 small-vehicle 0.1312
559 1043 569 1052 551 1074 541 1065 small-vehicle 0.1312
669 1305 685 1312 668 1349 652 1342 small-vehicle 0.1311
703 814 716 822 696 854 684 847 small-vehicle 0.1311
134 1577 146 1587 124 1613 112 1603 small-vehicle 0.1309
394 1725 407 1735 385 1766 371 1756 small-vehicle 0.1308
429 1642 445 1648 432 1681 416 1675 small-vehicle 0.1308
843 886 857 895 836 927 822 918 small-vehicle 0.1306
796 1009 808 1019 786 1046 774 1037 small-vehicle 0.1300
776 851 789 860 769 889 756 879 small-vehicle 0.1299
984 73 991 56 1029 73 1021 89 small-vehicle 0.1296
539 1082 552 1089 538 1115 525 1108 small-vehicle 0.1296
620 761 634 768 618 798 604 791 small-vehicle 0.1293
546 1186 559 1196 536 1226 523 1215 small-vehicle 0.1293
439 1594 452 1603 431 1632 418 1623 small-vehicle 0.1292
454 1187 467 1193 453 1225 440 1218 small-vehicle 0.1291
490 746 504 754 488 784 474 776 small-vehicle 0.1290
335 1586 348 1595 329 1625 315 1616 small-vehicle 0.1290
365 1399 377 1409 356 1434 345 1425 small-vehicle 0.1289
362 829 376 837 359 868 345 860 small-vehicle 0.1288
566 1099 581 1106 566 1135 552 1128 small-vehicle 0.1286
117 1567 130 1575 110 1606 97 1597 small-vehicle 0.1285
281 1707 295 1719 269 1747 256 1736 small-vehicle 0.1283
676 539 687 547 668 573 657 565 small-vehicle 0.1282
647 1294 662 1301 646 1332 632 1325 small-vehicle 0.1276
666 845 681 853 663 884 649 875 small-vehicle 0.1268
641 668 657 674 643 710 627 703 small-vehicle 0.1268
586 1362 596 1371 576 1394 566 1385 small-vehicle 0.1268
461 1508 474 1517 457 1544 443 1535 small-vehicle 0.1266
45 1743 36 1733 58 1711 68 1720 small-vehicle 0.1264
788 742 803 750 784 786 769 779 small-vehicle 0.1260
625 834 639 836 634 865 620 863 small-vehicle 0.1260
718 974 731 983 710 1013 697 1004 small-vehicle 0.1259
793 859 807 869 783 899 770 889 small-vehicle 0.1258
330 954 320 945 343 923 352 932 small-vehicle 0.1258
717 1132 727 1141 704 1170 693 1162 small-vehicle 0.1257
380 1137 395 1146 374 1180 359 1171 small-vehicle 0.1257
433 1123 447 1134 424 1162 410 1151 small-vehicle 0.1257
316 1583 327 1591 311 1613 300 1605 small-vehicle 0.1255
404 1324 416 1331 400 1357 388 1349 small-vehicle 0.1252
392 951 404 961 380 987 369 976 small-vehicle 0.1252
295 792 309 801 291 829 278 820 small-vehicle 0.1251
524 767 538 776 519 805 505 796 small-vehicle 0.1248
943 786 955 796 931 823 919 813 small-vehicle 0.1246
177 1664 193 1665 191 1700 175 1699 small-vehicle 0.1246
967 388 981 393 971 424 956 419 small-vehicle 0.1242
360 981 374 990 355 1022 341 1014 small-vehicle 0.1242
1106 583 1107 572 1131 575 1130 585 small-vehicle 0.1233
478 1303 492 1312 472 1346 458 1338 small-vehicle 0.1230
171 1770 184 1781 158 1813 144 1802 small-vehicle 0.1230
282 1659 294 1669 273 1696 260 1686 small-vehicle 0.1230
375 839 388 847 373 872 360 864 small-vehicle 0.1228
490 1210 502 1221 479 1245 467 1235 small-vehicle 0.1228
682 693 695 701 677 733 664 725 small-vehicle 0.1227
776 698 787 708 764 733 753 723 small-vehicle 0.1225
820 769 834 777 816 808 803 800 small-vehicle 0.1216
895 814 909 822 892 851 879 843 small-vehicle 0.1212
1047 284 1061 289 1050 320 1036 315 small-vehicle 0.1211
648 628 660 637 642 662 629 653 small-vehicle 0.1208
822 614 837 622 819 654 805 646 small-vehicle 0.1208
395 1001 409 1008 396 1039 382 1033 small-vehicle 0.1204
799 1075 812 1081 798 1111 785 1104 small-vehicle 0.1204
823 949 835 947 840 973 828 975 small-vehicle 0.1200
781 545 797 554 778 586 762 577 small-vehicle 0.1198
439 1010 453 1019 430 1057 416 1049 small-vehicle 0.1197
540 1245 551 1250 541 1275 529 1270 small-vehicle 0.1194
195 892 210 899 195 931 180 923 small-vehicle 0.1190
271 727 284 736 259 769 247 759 small-vehicle 0.1190
237 1537 250 1545 235 1571 222 1564 small-vehicle 0.1190
949 630 962 638 944 670 931 662 small-vehicle 0.1188
509 1627 520 1634 505 1661 493 1654 small-vehicle 0.1185
844 790 856 797 841 823 828 816 small-vehicle 0.1185
425 1326 440 1332 424 1367 409 1360 small-vehicle 0.1183
861 641 873 649 856 673 844 665 small-vehicle 0.1182
242 1485 258 1492 243 1524 227 1516 small-vehicle 0.1181
484 1343 498 1352 476 1391 461 1382 small-vehicle 0.1180
726 821 739 830 718 860 705 851 small-vehicle 0.1179
817 561 829 572 804 598 792 587 small-vehicle 0.1179
486 1615 500 1623 482 1653 468 1645 small-vehicle 0.1179
289 1201 299 1210 278 1234 267 1225 small-vehicle 0.1175
766 1056 780 1063 764 1094 751 1087 small-vehicle 0.1174
155 1642 169 1650 153 1679 139 1671 small-vehicle 0.1170
467 842 477 851 456 876 445 867 small-vehicle 0.1166
403 1577 413 1586 392 1610 382 1601 small-vehicle 0.1165
837 573 849 583 826 611 813 601 small-vehicle 0.1165
886 658 900 666 885 694 871 686 small-vehicle 0.1164
500 1317 515 1325 496 1359 481 1351 small-vehicle 0.1163
323 961 338 970 320 999 305 990 small-vehicle 0.1162
678 949 690 959 665 987 654 977 small-vehicle 0.1162
802 604 816 610 801 645 787 638 small-vehicle 0.1160
696 652 707 661 686 685 676 676 small-vehicle 0.1160
711 660 721 670 698 694 688 684 small-vehicle 0.1159
578 1109 594 1112 589 1146 573 1143 small-vehicle 0.1158
920 512 911 502 936 478 946 488 small-vehicle 0.1158
121 1621 135 1629 117 1660 103 1652 small-vehicle 0.1156
492 1049 482 1037 511 1012 521 1024 small-vehicle 0.1154
913 613 925 623 905 649 893 639 small-vehicle 0.1148
880 756 894 763 876 795 862 787 small-vehicle 0.1146
439 1336 451 1345 431 1374 419 1365 small-vehicle 0.1143
669 1131 684 1142 657 1181 642 1171 small-vehicle 0.1141
272 938 286 945 271 975 257 968 small-vehicle 0.1139
235 1065 249 1071 236 1103 222 1097 small-vehicle 0.1138
194 991 207 1001 184 1029 171 1019 small-vehicle 0.1138
696 1010 711 1017 694 1053 679 1046 small-vehicle 0.1137
708 862 722 868 708 900 694 894 small-vehicle 0.1137
818 1023 828 1031 807 1054 797 1046 small-vehicle 0.1135
393 1571 403 1581 381 1604 370 1594 small-vehicle 0.1134
451 1020 441 1009 466 986 476 997 small-vehicle 0.1130
160 974 172 986 146 1012 134 1000 small-vehicle 0.1130
881 597 892 607 871 631 860 621 small-vehicle 0.1122
194 1508 211 1515 198 1548 182 1542 small-vehicle 0.1121
685 586 675 575 697 554 707 565 small-vehicle 0.1117
673 1257 685 1268 658 1298 646 1288 small-vehicle 0.1115
290 945 302 954 282 980 270 971 small-vehicle 0.1115
946 486 957 496 936 520 925 510 small-vehicle 0.1114
452 1600 463 1609 443 1635 431 1626 small-vehicle 0.1114
553 1401 567 1407 554 1436 540 1430 small-vehicle 0.1113
678 642 689 649 673 677 661 670 small-vehicle 0.1111
835 626 845 635 827 657 817 649 small-vehicle 0.1110
257 1703 267 1711 251 1733 240 1724 small-vehicle 0.1106
381 1564 391 1574 370 1597 359 1587 small-vehicle 0.1106
965 548 977 557 958 583 946 574 small-vehicle 0.1104
627 669 642 675 628 709 613 702 small-vehicle 0.1100
461 673 473 681 453 714 441 706 small-vehicle 0.1096
520 860 531 870 507 896 496 886 small-vehicle 0.1089
422 1587 432 1596 409 1621 399 1611 small-vehicle 0.1088
102 1614 115 1622 97 1650 85 1642 small-vehicle 0.1087
152 1758 164 1769 142 1796 129 1785 small-vehicle 0.1087
846 732 858 742 837 768 825 758 small-vehicle 0.1086
606 1276 617 1283 603 1306 592 1299 small-vehicle 0.1086
916 828 931 836 914 865 900 856 small-vehicle 0.1086
663 1001 675 1007 663 1030 652 1024 small-vehicle 0.1085
263 1030 276 1039 253 1071 240 1061 small-vehicle 0.1084
209 851 223 860 203 889 190 880 small-vehicle 0.1083
258 1536 271 1545 250 1576 237 1568 small-vehicle 0.1079
931 681 941 691 920 714 910 705 small-vehicle 0.1078
137 1751 150 1759 133 1788 119 1779 small-vehicle 0.1078
677 797 689 808 663 837 651 826 small-vehicle 0.1075
505 1062 518 1072 496 1099 484 1089 small-vehicle 0.1074
733 569 746 578 727 607 713 598 small-vehicle 0.1068
67 1595 81 1603 64 1631 51 1624 small-vehicle 0.1067
525 1024 537 1035 511 1063 500 1052 small-vehicle 0.1066
615 1124 627 1130 614 1155 602 1149 small-vehicle 0.1063
815 869 827 878 806 904 795 895 small-vehicle 0.1063
592 797 606 805 590 835 576 827 small-vehicle 0.1061
94 1557 108 1566 90 1597 76 1589 small-vehicle 0.1060
568 947 581 954 565 981 552 973 small-vehicle 0.1060
631 986 642 992 629 1014 618 1007 small-vehicle 0.1060
189 1672 204 1672 204 1705 189 1705 small-vehicle 0.1056
221 858 232 866 214 892 203 885 small-vehicle 0.1056
377 941 390 951 368 980 354 970 small-vehicle 0.1054
891 452 901 462 874 492 863 482 small-vehicle 0.1047
284 1405 297 1412 281 1444 268 1438 small-vehicle 0.1046
425 1274 437 1284 415 1309 403 1298 small-vehicle 0.1046
413 1008 427 1014 413 1045 399 1038 small-vehicle 0.1043
928 776 938 786 914 811 903 801 small-vehicle 0.1042
316 1266 329 1275 310 1300 298 1291 small-vehicle 0.1040
47 1701 58 1710 38 1737 26 1728 small-vehicle 0.1039
697 698 709 707 687 736 675 728 small-vehicle 0.1037
557 1097 568 1105 553 1127 542 1119 small-vehicle 0.1037
722 1030 735 1036 721 1068 707 1062 small-vehicle 0.1037
352 1394 364 1404 343 1429 331 1419 small-vehicle 0.1037
899 669 912 676 898 702 885 695 small-vehicle 0.1036
125 955 139 964 119 993 105 984 small-vehicle 0.1036
869 500 882 505 872 533 858 528 small-vehicle 0.1036
406 1432 418 1442 398 1467 386 1457 small-vehicle 0.1031
563 1197 575 1207 552 1234 540 1223 small-vehicle 0.1024
530 1392 541 1399 527 1422 515 1415 small-vehicle 0.1023
262 1650 275 1659 251 1690 239 1681 small-vehicle 0.1023
662 944 673 953 652 978 641 969 small-vehicle 0.1021
855 795 869 802 855 830 841 823 small-vehicle 0.1020
217 1050 206 1038 235 1014 245 1026 small-vehicle 0.1018
26 1687 39 1694 23 1723 10 1716 small-vehicle 0.1015
515 1636 529 1637 527 1662 514 1662 small-vehicle 0.1014
155 1659 170 1660 169 1687 155 1686 small-vehicle 0.1013
461 830 472 837 458 860 447 853 small-vehicle 0.1010
76 1726 87 1731 75 1757 63 1752 small-vehicle 0.1010
321 1119 333 1128 314 1154 302 1145 small-vehicle 0.1009
892 909 904 916 889 946 877 940 small-vehicle 0.1009
789 597 804 602 791 637 776 631 small-vehicle 0.1007
874 808 887 814 874 840 861 834 small-vehicle 0.1007
812 461 826 467 813 500 799 494 small-vehicle 0.1004
453 1038 464 1047 446 1069 435 1060 small-vehicle 0.1004
210 1001 221 1012 197 1038 185 1027 small-vehicle 0.1002
623 923 636 933 615 962 602 952 small-vehicle 0.1002
737 1348 758 1358 722 1431 701 1420 large-vehicle 0.3650
696 1472 715 1483 665 1567 646 1556 large-vehicle 0.2879
636 515 652 521 638 555 622 548 large-vehicle 0.1096
188 1195 207 1203 190 1242 172 1234 ship 0.1620
899 140 914 151 887 185 872 173 ship 0.1292
114 1738 128 1746 108 1781 93 1772 ship 0.1272
94 1726 107 1737 82 1766 69 1755 ship 0.1253
751 984 767 992 749 1029 733 1021 ship 0.1238
378 521 394 530 375 564 359 555 ship 0.1196
795 905 811 915 789 949 773 939 ship 0.1153
750 527 766 536 745 573 729 564 ship 0.1127
983 232 998 242 974 277 959 267 ship 0.1118
0 723 15 724 12 763 -3 762 ship 0.1105
229 1214 244 1225 220 1259 205 1248 ship 0.1088
710 508 727 516 710 553 693 545 ship 0.1065
73 1717 86 1725 68 1755 55 1747 ship 0.1058
815 770 804 758 837 729 848 741 ship 0.1030
365 1092 379 1102 357 1133 343 1123 ship 0.1008
