96 1067 102 1053 137 1068 131 1082 bridge 0.1236
881 634 891 614 931 634 921 654 small-vehicle 0.3187
862 468 871 450 906 468 898 486 small-vehicle 0.3020
1437 691 1446 675 1477 694 1468 709 small-vehicle 0.2918
991 745 999 727 1040 743 1032 762 small-vehicle 0.2885
832 735 839 717 877 734 870 752 small-vehicle 0.2878
807 561 819 546 852 572 840 587 small-vehicle 0.2705
1157 863 1166 844 1209 864 1200 883 small-vehicle 0.2704
1061 1048 1069 1029 1108 1045 1100 1064 small-vehicle 0.2694
909 697 920 680 955 702 945 719 small-vehicle 0.2689
444 285 455 267 493 290 482 308 small-vehicle 0.2669
1486 896 1495 881 1526 900 1516 915 small-vehicle 0.2626
1194 821 1207 807 1237 833 1224 847 small-vehicle 0.2626
744 353 755 334 798 358 787 378 small-vehicle 0.2605
1139 800 1147 783 1185 801 1177 818 small-vehicle 0.2554
787 605 794 589 829 605 821 621 small-vehicle 0.2550
1395 1054 1403 1036 1439 1052 1432 1070 small-vehicle 0.2511
901 387 911 368 950 390 940 408 small-vehicle 0.2503
555 305 561 287 597 300 590 317 small-vehicle 0.2482
719 312 729 296 760 314 750 330 small-vehicle 0.2477
379 408 390 390 427 412 416 430 small-vehicle 0.2462
363 111 374 94 413 118 402 135 small-vehicle 0.2442
346 365 354 346 394 362 386 381 small-vehicle 0.2426
1058 732 1066 713 1106 730 1098 749 small-vehicle 0.2409
1011 1039 1023 1023 1057 1048 1045 1064 small-vehicle 0.2398
1362 1006 1371 988 1407 1006 1398 1024 small-vehicle 0.2374
655 427 665 411 696 432 686 447 small-vehicle 0.2364
840 813 853 796 889 824 876 841 small-vehicle 0.2361
749 660 759 643 796 664 786 682 small-vehicle 0.2360
1411 925 1424 908 1455 933 1442 950 small-vehicle 0.2359
1138 901 1148 885 1181 908 1171 923 small-vehicle 0.2350
741 580 748 565 787 585 779 600 small-vehicle 0.2331
962 803 971 786 1012 807 1004 824 small-vehicle 0.2326
641 551 651 534 687 556 677 572 small-vehicle 0.2319
775 632 780 616 814 629 809 644 small-vehicle 0.2284
483 511 494 494 531 518 520 536 small-vehicle 0.2268
475 224 485 207 521 228 511 245 small-vehicle 0.2259
1268 579 1278 564 1309 587 1299 602 small-vehicle 0.2259
1297 895 1305 879 1349 903 1341 919 small-vehicle 0.2247
1422 987 1434 970 1472 996 1460 1013 small-vehicle 0.2238
173 470 182 453 218 472 209 489 small-vehicle 0.2237
531 335 540 317 578 337 569 354 small-vehicle 0.2187
686 780 696 767 729 791 719 805 small-vehicle 0.2184
529 747 541 729 578 752 567 770 small-vehicle 0.2182
1317 876 1327 861 1362 884 1352 899 small-vehicle 0.2182
388 73 396 59 429 77 421 91 small-vehicle 0.2172
326 401 337 384 371 408 359 424 small-vehicle 0.2157
579 563 590 546 625 569 615 586 small-vehicle 0.2147
1072 711 1082 692 1118 712 1108 730 small-vehicle 0.2141
425 225 433 208 471 225 462 243 small-vehicle 0.2141
1447 977 1452 960 1486 969 1481 986 small-vehicle 0.2134
587 233 599 218 633 245 622 260 small-vehicle 0.2132
875 755 887 738 920 762 908 778 small-vehicle 0.2125
75 645 84 626 121 643 112 662 small-vehicle 0.2123
659 818 671 802 705 829 693 845 small-vehicle 0.2120
730 707 738 690 773 708 764 725 small-vehicle 0.2105
423 328 432 311 468 332 459 348 small-vehicle 0.2062
803 877 815 860 849 884 838 901 small-vehicle 0.2059
434 306 444 291 478 313 469 328 small-vehicle 0.2055
414 348 423 332 458 351 449 367 small-vehicle 0.2043
1330 858 1338 840 1376 858 1368 876 small-vehicle 0.2040
1249 994 1261 978 1294 1003 1282 1019 small-vehicle 0.2029
673 486 682 469 719 490 710 507 small-vehicle 0.2024
950 925 961 910 995 936 983 951 small-vehicle 0.2023
622 278 633 264 664 290 652 303 small-vehicle 0.2021
1352 817 1363 801 1396 822 1386 838 small-vehicle 0.2021
160 490 169 475 207 496 198 512 small-vehicle 0.2021
1052 956 1064 941 1095 965 1084 980 small-vehicle 0.2019
225 580 236 565 267 586 256 601 small-vehicle 0.2019
632 461 644 446 675 469 663 484 small-vehicle 0.2016
664 507 675 492 709 515 698 530 small-vehicle 0.1989
1030 785 1041 770 1073 793 1062 808 small-vehicle 0.1981
998 441 1008 424 1040 443 1030 460 small-vehicle 0.1978
1304 816 1315 801 1348 824 1336 840 small-vehicle 0.1969
700 661 710 646 745 669 735 684 small-vehicle 0.1960
750 866 762 851 792 877 780 891 small-vehicle 0.1958
984 770 992 753 1030 771 1022 788 small-vehicle 0.1943
809 848 821 831 856 857 844 874 small-vehicle 0.1943
961 907 972 891 1007 914 996 931 small-vehicle 0.1943
786 911 797 895 830 918 818 934 small-vehicle 0.1941
1457 955 1462 937 1499 948 1494 965 small-vehicle 0.1940
939 845 947 828 986 845 978 862 small-vehicle 0.1919
301 643 305 625 345 633 341 651 small-vehicle 0.1914
927 868 935 851 973 869 965 886 small-vehicle 0.1913
884 737 895 719 930 740 920 757 small-vehicle 0.1911
331 89 339 73 371 90 363 105 small-vehicle 0.1904
1111 857 1122 841 1155 863 1145 879 small-vehicle 0.1898
376 322 382 306 417 319 411 335 small-vehicle 0.1896
644 756 657 740 691 768 678 784 small-vehicle 0.1895
711 747 716 732 750 745 745 759 small-vehicle 0.1889
523 663 532 647 568 668 558 684 small-vehicle 0.1887
1219 948 1231 933 1265 960 1252 975 small-vehicle 0.1886
435 182 440 165 477 176 471 194 small-vehicle 0.1876
512 472 525 457 557 483 545 498 small-vehicle 0.1876
279 172 287 154 328 171 320 190 small-vehicle 0.1870
908 904 918 886 957 907 947 926 small-vehicle 0.1867
1284 940 1293 923 1330 942 1321 959 small-vehicle 0.1866
434 615 445 600 476 622 465 637 small-vehicle 0.1850
238 242 252 227 284 255 270 270 small-vehicle 0.1848
973 887 983 871 1018 893 1008 909 small-vehicle 0.1848
209 304 223 290 252 317 239 332 small-vehicle 0.1846
303 539 315 524 347 549 336 564 small-vehicle 0.1841
1093 884 1100 866 1140 882 1133 900 small-vehicle 0.1834
421 15 421 -1 452 0 451 17 small-vehicle 0.1825
1584 883 1597 894 1572 922 1560 912 small-vehicle 0.1825
499 181 511 168 542 196 530 209 small-vehicle 0.1822
556 709 564 694 596 713 588 728 small-vehicle 0.1818
405 260 418 244 451 270 438 287 small-vehicle 0.1796
275 586 286 571 319 594 308 609 small-vehicle 0.1795
314 115 321 98 359 113 352 131 small-vehicle 0.1787
546 1119 556 1107 582 1129 572 1141 small-vehicle 0.1783
346 463 358 447 391 471 379 487 small-vehicle 0.1783
232 353 240 337 276 354 268 370 small-vehicle 0.1769
1387 962 1398 948 1430 974 1418 988 small-vehicle 0.1767
324 507 330 491 366 505 359 522 small-vehicle 0.1761
128 443 139 427 171 448 160 465 small-vehicle 0.1760
293 151 302 134 336 154 327 170 small-vehicle 0.1742
571 384 576 365 612 374 608 393 small-vehicle 0.1741
851 798 862 782 899 806 888 823 small-vehicle 0.1737
874 656 882 637 921 654 913 673 small-vehicle 0.1734
476 536 487 520 521 544 509 560 small-vehicle 0.1726
1255 895 1263 880 1297 898 1290 913 small-vehicle 0.1719
1322 1090 1331 1075 1364 1093 1356 1109 small-vehicle 0.1715
509 1030 536 1045 484 1137 457 1123 small-vehicle 0.1713
238 561 248 545 278 565 268 581 small-vehicle 0.1710
951 825 962 811 994 835 983 849 small-vehicle 0.1709
1289 836 1299 821 1332 844 1321 859 small-vehicle 0.1696
346 262 364 267 352 308 333 303 small-vehicle 0.1693
716 621 726 602 767 623 758 642 small-vehicle 0.1692
537 437 548 422 579 444 568 460 small-vehicle 0.1668
620 487 627 470 665 486 658 503 small-vehicle 0.1665
139 421 151 406 182 430 170 445 small-vehicle 0.1662
610 612 619 596 652 614 643 631 small-vehicle 0.1657
626 588 633 569 669 584 662 602 small-vehicle 0.1653
306 230 317 214 349 238 337 253 small-vehicle 0.1644
340 683 352 664 388 688 377 706 small-vehicle 0.1639
503 707 512 691 547 710 538 727 small-vehicle 0.1638
1167 1052 1173 1036 1207 1049 1200 1065 small-vehicle 0.1629
279 480 288 461 329 482 320 501 small-vehicle 0.1613
667 718 678 703 712 728 701 743 small-vehicle 0.1601
463 464 479 453 499 484 482 494 small-vehicle 0.1601
467 251 475 236 508 253 500 268 small-vehicle 0.1599
1276 956 1285 940 1317 958 1308 974 small-vehicle 0.1593
1336 1068 1347 1052 1380 1075 1369 1090 small-vehicle 0.1591
595 637 603 619 641 635 633 653 small-vehicle 0.1583
184 449 190 430 227 442 221 460 small-vehicle 0.1577
520 148 528 133 561 151 553 166 small-vehicle 0.1559
445 593 456 578 489 602 478 617 small-vehicle 0.1559
305 130 315 116 346 139 336 153 small-vehicle 0.1557
611 818 623 801 660 826 649 843 small-vehicle 0.1555
740 685 748 669 784 687 776 703 small-vehicle 0.1537
1023 1016 1032 1000 1067 1020 1058 1036 small-vehicle 0.1532
423 535 430 519 467 534 461 551 small-vehicle 0.1520
655 530 664 513 700 532 691 548 small-vehicle 0.1517
480 129 489 113 524 132 515 148 small-vehicle 0.1514
569 698 572 682 605 690 602 705 small-vehicle 0.1506
271 290 280 274 313 295 303 310 small-vehicle 0.1501
998 842 1009 828 1040 851 1028 866 small-vehicle 0.1494
1352 1034 1358 1016 1396 1029 1389 1047 small-vehicle 0.1492
1406 1035 1414 1018 1449 1034 1442 1051 small-vehicle 0.1482
150 409 156 391 193 403 188 421 small-vehicle 0.1482
1229 1037 1242 1021 1274 1046 1262 1062 small-vehicle 0.1475
222 289 227 271 264 281 259 298 small-vehicle 0.1471
314 214 323 198 357 216 348 233 small-vehicle 0.1468
1737 1194 1746 1183 1772 1205 1762 1216 small-vehicle 0.1467
884 947 893 931 926 950 917 966 small-vehicle 0.1454
1316 1104 1325 1088 1355 1107 1345 1122 small-vehicle 0.1449
571 279 584 264 612 288 599 303 small-vehicle 0.1446
1186 1022 1199 1009 1223 1034 1210 1047 small-vehicle 0.1441
325 194 331 175 369 187 362 206 small-vehicle 0.1441
311 523 320 508 354 527 346 542 small-vehicle 0.1438
230 265 241 250 273 272 263 288 small-vehicle 0.1437
1234 926 1243 910 1276 930 1267 945 small-vehicle 0.1433
514 686 525 670 559 693 548 709 small-vehicle 0.1432
1344 1050 1354 1035 1385 1057 1375 1072 small-vehicle 0.1424
283 565 293 547 334 569 324 587 small-vehicle 0.1424
357 442 366 425 402 445 393 462 small-vehicle 0.1423
1118 939 1129 927 1155 951 1144 963 small-vehicle 0.1423
254 217 264 201 298 222 287 238 small-vehicle 0.1420
689 680 697 664 732 683 724 698 small-vehicle 0.1413
381 610 391 594 424 615 414 631 small-vehicle 0.1413
1346 833 1355 817 1388 835 1378 851 small-vehicle 0.1401
572 588 583 571 617 591 607 608 small-vehicle 0.1388
419 556 428 539 460 556 451 573 small-vehicle 0.1388
908 995 920 979 954 1004 942 1020 small-vehicle 0.1375
260 315 268 299 300 315 292 331 small-vehicle 0.1374
572 670 581 654 619 674 610 690 small-vehicle 0.1372
308 431 317 415 352 437 342 452 small-vehicle 0.1363
511 395 521 379 551 399 541 414 small-vehicle 0.1355
682 698 692 683 723 705 712 720 small-vehicle 0.1354
289 253 300 237 335 260 325 276 small-vehicle 0.1351
163 388 170 370 206 386 198 403 small-vehicle 0.1351
794 814 802 801 834 818 827 832 small-vehicle 0.1343
466 564 473 548 508 564 501 580 small-vehicle 0.1339
194 331 201 316 231 329 224 344 small-vehicle 0.1336
556 397 567 383 598 406 587 420 small-vehicle 0.1333
484 432 494 417 525 436 515 451 small-vehicle 0.1332
548 315 557 300 587 320 578 334 small-vehicle 0.1325
1076 914 1088 900 1119 925 1107 939 small-vehicle 0.1319
346 164 353 148 385 163 378 179 small-vehicle 0.1318
392 707 398 687 439 699 433 719 small-vehicle 0.1297
1202 996 1212 979 1248 1001 1237 1018 small-vehicle 0.1296
410 678 416 663 446 677 440 691 small-vehicle 0.1283
593 650 600 636 632 651 625 665 small-vehicle 0.1278
195 426 203 407 239 423 231 441 small-vehicle 0.1274
1154 1071 1164 1055 1198 1075 1189 1092 small-vehicle 0.1265
391 388 400 370 436 386 428 405 small-vehicle 0.1264
933 949 943 935 979 961 969 975 small-vehicle 0.1264
182 348 194 334 221 357 209 371 small-vehicle 0.1234
982 873 990 855 1026 872 1018 889 small-vehicle 0.1229
79 372 99 382 75 433 55 423 small-vehicle 0.1222
1057 931 1069 913 1105 939 1093 956 small-vehicle 0.1220
1378 615 1392 594 1489 657 1476 678 small-vehicle 0.1212
1077 1005 1087 988 1125 1010 1115 1027 small-vehicle 0.1207
1106 959 1118 945 1146 967 1134 982 small-vehicle 0.1204
625 793 635 777 669 798 658 814 small-vehicle 0.1200
620 602 626 585 660 598 653 614 small-vehicle 0.1196
1267 979 1273 964 1307 977 1301 993 small-vehicle 0.1196
661 734 669 719 704 739 695 754 small-vehicle 0.1195
1028 995 1034 978 1069 991 1062 1008 small-vehicle 0.1192
1389 1067 1410 1072 1401 1109 1380 1104 small-vehicle 0.1181
460 155 473 142 501 169 488 182 small-vehicle 0.1178
1299 920 1304 906 1337 918 1333 931 small-vehicle 0.1176
450 491 461 477 487 499 476 512 small-vehicle 0.1172
457 584 465 568 498 585 491 601 small-vehicle 0.1157
265 196 273 179 311 197 303 214 small-vehicle 0.1152
421 238 431 222 467 246 457 262 small-vehicle 0.1141
872 964 881 947 916 964 907 982 small-vehicle 0.1124
1242 1020 1251 1005 1283 1024 1273 1039 small-vehicle 0.1117
514 371 523 354 559 374 550 391 small-vehicle 0.1107
1090 974 1102 960 1134 987 1122 1001 small-vehicle 0.1101
637 569 643 552 678 565 672 582 small-vehicle 0.1086
1051 429 1061 411 1115 442 1105 460 small-vehicle 0.1081
410 574 419 558 449 573 441 590 small-vehicle 0.1081
1401 947 1411 932 1443 953 1433 968 small-vehicle 0.1076
264 516 271 501 306 517 299 533 small-vehicle 0.1073
220 373 228 358 264 379 256 393 small-vehicle 0.1070
892 721 903 704 937 724 927 742 small-vehicle 0.1068
134 528 142 515 175 535 166 549 small-vehicle 0.1062
679 798 685 783 720 797 713 812 small-vehicle 0.1056
744 891 752 877 782 893 774 908 small-vehicle 0.1053
380 95 387 80 419 96 412 110 small-vehicle 0.1053
1853 1189 1865 1178 1885 1201 1874 1212 small-vehicle 0.1050
334 484 343 468 377 489 368 504 small-vehicle 0.1050
248 330 256 314 291 331 283 347 small-vehicle 0.1048
360 655 369 638 406 658 397 675 small-vehicle 0.1046
555 616 563 601 597 618 589 633 small-vehicle 0.1041
523 1129 537 1135 522 1167 508 1160 small-vehicle 0.1029
896 931 906 917 939 940 929 954 small-vehicle 0.1013
175 367 183 351 215 366 207 382 small-vehicle 0.1006
720 729 727 714 760 730 753 746 small-vehicle 0.1004
1139 1099 1150 1082 1183 1102 1172 1119 small-vehicle 0.1003
1385 617 1400 594 1484 651 1469 673 large-vehicle 0.5750
502 1029 530 1040 491 1136 464 1125 large-vehicle 0.4324
1051 429 1061 411 1115 442 1105 460 large-vehicle 0.2240
79 372 99 382 75 433 55 423 large-vehicle 0.1701
611 194 625 176 701 236 687 254 large-vehicle 0.1341
35 858 44 846 92 881 83 893 large-vehicle 0.1163
744 353 755 334 798 358 787 378 large-vehicle 0.1041
509 1030 536 1045 484 1137 457 1123 ship 0.1254
376 322 382 306 417 319 411 335 ship 0.1190
1051 429 1061 411 1115 442 1105 460 ship 0.1141
363 111 374 94 413 118 402 135 ship 0.1073
