345 541 333 436 599 406 611 511 ground-track-field 0.2445
317 299 327 298 330 315 320 317 small-vehicle 0.4582
11 588 10 576 35 573 36 585 small-vehicle 0.3878
187 323 196 322 198 340 190 340 small-vehicle 0.3280
207 314 216 313 218 334 209 334 small-vehicle 0.3065
219 464 226 463 230 477 223 479 small-vehicle 0.3022
426 342 435 343 434 360 424 359 small-vehicle 0.2958
202 268 211 266 215 284 206 286 small-vehicle 0.2899
132 40 139 34 154 48 147 55 small-vehicle 0.2870
232 263 241 262 244 281 235 283 small-vehicle 0.2846
252 263 260 261 263 277 255 278 small-vehicle 0.2758
141 475 150 474 150 493 142 493 small-vehicle 0.2728
137 18 143 11 159 25 152 32 small-vehicle 0.2682
160 474 169 473 172 491 164 493 small-vehicle 0.2665
190 343 201 342 203 363 192 364 small-vehicle 0.2506
181 271 191 270 193 290 184 291 small-vehicle 0.2478
236 305 235 296 255 294 256 303 small-vehicle 0.2462
16 92 24 86 36 101 29 107 small-vehicle 0.2456
178 345 188 344 190 363 181 364 small-vehicle 0.2454
50 497 60 496 60 515 51 516 small-vehicle 0.2425
60 48 69 49 68 68 59 67 small-vehicle 0.2376
189 465 198 463 202 482 194 484 small-vehicle 0.2332
102 252 111 251 111 267 103 267 small-vehicle 0.2308
126 841 127 832 146 832 145 841 small-vehicle 0.2254
56 283 66 283 65 305 55 305 small-vehicle 0.2209
415 845 415 837 431 838 431 846 small-vehicle 0.2185
275 308 285 305 291 324 281 327 small-vehicle 0.2143
302 250 311 250 313 268 303 269 small-vehicle 0.2034
182 468 190 466 195 487 186 489 small-vehicle 0.2013
292 252 300 251 302 268 293 269 small-vehicle 0.1995
163 276 171 274 175 292 166 294 small-vehicle 0.1907
138 282 148 279 152 297 143 300 small-vehicle 0.1847
688 102 700 100 705 127 693 129 small-vehicle 0.1688
13 538 26 542 20 564 7 560 small-vehicle 0.1650
312 249 321 249 322 266 313 267 small-vehicle 0.1645
151 278 160 276 164 293 156 295 small-vehicle 0.1551
177 473 185 474 184 490 177 489 small-vehicle 0.1376
36 123 45 126 40 142 31 139 small-vehicle 0.1292
497 382 495 369 537 363 539 376 large-vehicle 0.1473
601 536 614 536 614 582 601 582 large-vehicle 0.1251
236 305 235 296 255 294 256 303 large-vehicle 0.1043
423 576 463 574 467 655 427 657 tennis-court 0.9645
371 577 411 575 414 657 374 659 tennis-court 0.9634
476 575 516 573 520 654 481 656 tennis-court 0.9614
480 706 519 704 524 787 485 789 tennis-court 0.9402
426 710 464 706 471 788 433 791 tennis-court 0.9401
528 572 568 569 574 651 533 654 tennis-court 0.9365
319 576 359 576 359 659 318 659 tennis-court 0.9358
374 709 412 707 418 791 379 793 tennis-court 0.9358
321 710 360 709 363 792 324 793 tennis-court 0.9104
533 704 573 701 579 783 539 786 tennis-court 0.9066
331 542 328 485 458 478 461 534 tennis-court 0.1390
431 473 433 429 536 436 533 479 basketball-court 0.6855
441 526 441 485 532 485 532 525 basketball-court 0.5814
339 523 349 479 456 501 446 545 basketball-court 0.4068
315 574 360 572 364 661 320 663 basketball-court 0.1065
522 566 570 564 574 649 526 651 basketball-court 0.1017
345 541 333 436 599 406 611 511 soccer-ball-field 0.4051
