233 501 218 469 287 438 301 471 bridge 0.1403
252 240 247 231 279 214 284 224 small-vehicle 0.4085
220 204 214 196 244 175 250 184 small-vehicle 0.3962
204 184 199 174 234 156 239 166 small-vehicle 0.3962
194 178 188 169 219 148 225 157 small-vehicle 0.3925
174 214 167 205 195 184 202 194 small-vehicle 0.3822
246 233 241 225 270 205 276 214 small-vehicle 0.3819
263 254 257 246 283 225 289 233 small-vehicle 0.3815
222 271 216 263 245 240 252 248 small-vehicle 0.3614
230 215 224 207 251 186 257 195 small-vehicle 0.3613
238 222 232 214 262 194 268 202 small-vehicle 0.3610
210 198 204 189 234 167 241 175 small-vehicle 0.3580
179 223 173 213 205 195 211 204 small-vehicle 0.3573
197 244 190 236 218 214 224 222 small-vehicle 0.3371
144 703 151 697 166 715 159 721 small-vehicle 0.3224
310 177 305 169 335 149 340 156 small-vehicle 0.3201
202 254 196 245 226 225 232 234 small-vehicle 0.3188
211 264 205 255 234 235 240 244 small-vehicle 0.3187
272 261 267 254 295 233 301 240 small-vehicle 0.3140
191 235 184 227 211 203 218 211 small-vehicle 0.3105
230 280 224 271 253 252 259 261 small-vehicle 0.3018
279 143 272 136 297 112 304 119 small-vehicle 0.2962
303 174 296 167 322 142 329 149 small-vehicle 0.2953
248 393 256 387 276 411 269 418 small-vehicle 0.2876
271 130 265 123 295 101 300 109 small-vehicle 0.2828
261 123 255 116 285 93 291 101 small-vehicle 0.2819
380 236 374 228 391 216 397 224 small-vehicle 0.2731
45 459 54 454 75 485 66 491 small-vehicle 0.2707
238 402 246 396 266 421 258 427 small-vehicle 0.2679
299 349 307 344 323 370 315 375 small-vehicle 0.2623
285 151 279 143 307 122 314 131 small-vehicle 0.2552
177 450 185 445 204 472 196 477 small-vehicle 0.2528
10 592 20 596 14 616 3 612 small-vehicle 0.2454
89 526 96 522 113 547 106 552 small-vehicle 0.2433
293 161 287 152 316 132 323 141 small-vehicle 0.2430
256 113 249 105 277 83 283 90 small-vehicle 0.2395
315 192 309 184 339 162 345 170 small-vehicle 0.2383
170 207 162 198 185 175 194 184 small-vehicle 0.2367
49 692 45 686 62 674 66 680 small-vehicle 0.2354
357 405 352 398 367 386 373 393 small-vehicle 0.2323
349 205 358 212 337 241 328 234 small-vehicle 0.2291
246 103 240 95 272 71 278 80 small-vehicle 0.2278
108 508 116 503 135 531 127 536 small-vehicle 0.2273
240 292 233 285 259 262 265 269 small-vehicle 0.2265
168 458 176 454 194 481 186 486 small-vehicle 0.2263
228 409 235 403 255 429 247 435 small-vehicle 0.2257
330 219 323 212 348 190 355 198 small-vehicle 0.2227
17 565 28 569 20 593 9 589 small-vehicle 0.2222
98 516 106 512 123 540 115 545 small-vehicle 0.2185
246 288 255 281 280 311 271 318 small-vehicle 0.2160
159 468 166 463 183 488 176 493 small-vehicle 0.2110
188 442 196 437 214 465 207 469 small-vehicle 0.2030
59 450 66 445 89 474 81 480 small-vehicle 0.2020
147 476 154 471 173 495 166 500 small-vehicle 0.2017
198 434 205 429 223 454 216 459 small-vehicle 0.2005
119 500 126 495 145 522 137 527 small-vehicle 0.2002
240 636 235 628 253 615 259 623 small-vehicle 0.1986
207 425 215 420 233 446 226 452 small-vehicle 0.1962
215 505 211 499 227 486 231 492 small-vehicle 0.1958
97 239 100 229 135 238 133 249 small-vehicle 0.1938
323 206 316 197 344 176 351 185 small-vehicle 0.1925
310 341 317 336 334 364 327 368 small-vehicle 0.1877
271 270 278 264 302 297 295 302 small-vehicle 0.1871
129 493 136 488 154 513 147 518 small-vehicle 0.1863
88 277 92 267 127 280 124 290 small-vehicle 0.1838
138 484 145 479 164 505 157 510 small-vehicle 0.1793
319 332 326 327 345 352 338 357 small-vehicle 0.1793
290 526 297 521 306 537 299 541 small-vehicle 0.1790
259 277 267 272 289 304 281 309 small-vehicle 0.1769
9 516 5 508 23 499 27 507 small-vehicle 0.1768
79 431 86 427 106 459 98 463 small-vehicle 0.1763
325 545 334 540 342 557 333 561 small-vehicle 0.1732
45 719 43 709 61 705 63 714 small-vehicle 0.1727
289 251 297 245 322 277 314 283 small-vehicle 0.1723
70 441 77 436 98 467 90 472 small-vehicle 0.1713
219 418 226 413 244 440 237 445 small-vehicle 0.1711
92 254 95 242 133 252 130 263 small-vehicle 0.1695
92 268 94 257 130 264 128 275 small-vehicle 0.1689
382 742 390 740 395 757 387 759 small-vehicle 0.1628
18 564 25 556 44 573 37 581 small-vehicle 0.1443
98 420 105 414 127 442 120 448 small-vehicle 0.1442
377 456 384 451 395 465 388 470 small-vehicle 0.1436
107 411 115 406 138 436 131 442 small-vehicle 0.1427
115 400 122 394 150 428 143 434 small-vehicle 0.1400
89 429 96 423 119 450 111 456 small-vehicle 0.1360
218 663 226 660 234 677 227 680 small-vehicle 0.1338
252 686 258 681 271 695 266 700 small-vehicle 0.1314
210 672 218 670 222 686 215 688 small-vehicle 0.1310
4 551 0 545 12 532 17 538 small-vehicle 0.1284
279 261 287 255 312 284 305 291 small-vehicle 0.1272
399 166 406 164 411 179 404 181 small-vehicle 0.1153
-11 517 -3 509 12 525 4 533 small-vehicle 0.1047
24 556 28 547 46 556 43 565 small-vehicle 0.1030
246 674 245 664 262 662 263 671 small-vehicle 0.1011
272 271 279 266 302 298 295 303 large-vehicle 0.8432
92 268 94 257 130 264 128 275 large-vehicle 0.8368
288 250 296 244 321 277 314 283 large-vehicle 0.8332
279 261 287 255 312 284 305 291 large-vehicle 0.8327
107 411 115 406 138 436 131 442 large-vehicle 0.8142
93 255 96 243 134 250 132 262 large-vehicle 0.8058
261 278 268 273 289 305 281 310 large-vehicle 0.8040
79 431 86 427 106 459 98 463 large-vehicle 0.7772
117 403 125 398 148 430 140 436 large-vehicle 0.7769
88 279 91 269 127 277 124 287 large-vehicle 0.7694
70 443 77 438 99 467 91 472 large-vehicle 0.7677
59 450 66 445 89 474 81 480 large-vehicle 0.7663
168 458 176 454 194 481 186 486 large-vehicle 0.7530
98 419 105 414 126 443 119 448 large-vehicle 0.7474
310 340 317 336 334 363 328 368 large-vehicle 0.7391
159 468 166 463 183 488 176 493 large-vehicle 0.7383
148 476 155 471 174 496 167 501 large-vehicle 0.7355
178 449 185 444 204 473 197 478 large-vehicle 0.7291
228 408 236 403 254 431 247 436 large-vehicle 0.7208
239 401 246 395 265 422 258 427 large-vehicle 0.7197
98 516 106 512 123 540 115 545 large-vehicle 0.7176
330 219 323 212 348 190 355 198 large-vehicle 0.7117
88 427 95 421 118 450 111 456 large-vehicle 0.7098
219 418 226 413 244 440 237 445 large-vehicle 0.7089
98 239 101 228 136 239 133 250 large-vehicle 0.7089
188 442 196 437 214 465 207 469 large-vehicle 0.7079
128 493 136 488 155 514 148 519 large-vehicle 0.6936
108 507 115 502 135 530 127 535 large-vehicle 0.6934
119 500 126 495 145 522 137 527 large-vehicle 0.6900
45 460 53 454 76 482 68 489 large-vehicle 0.6890
273 264 267 257 292 234 298 241 large-vehicle 0.6872
319 332 327 327 344 354 337 359 large-vehicle 0.6779
323 206 316 197 344 176 351 185 large-vehicle 0.6772
138 485 145 479 165 505 158 510 large-vehicle 0.6762
209 426 216 421 235 447 228 452 large-vehicle 0.6743
256 114 249 106 279 82 285 90 large-vehicle 0.6738
246 287 254 280 280 311 272 318 large-vehicle 0.6731
198 435 206 429 224 456 216 461 large-vehicle 0.6719
355 201 363 208 338 237 330 230 large-vehicle 0.6671
261 123 255 116 285 93 291 101 large-vehicle 0.6618
240 292 233 285 259 262 265 269 large-vehicle 0.6598
299 350 305 344 325 370 319 375 large-vehicle 0.6495
336 160 343 167 318 192 311 185 large-vehicle 0.6468
246 104 239 95 271 71 277 80 large-vehicle 0.6450
222 271 216 263 245 240 252 248 large-vehicle 0.6446
248 391 256 386 275 411 267 417 large-vehicle 0.6357
233 281 227 272 253 251 260 260 large-vehicle 0.6342
293 161 287 152 316 132 323 141 large-vehicle 0.6329
285 151 279 143 307 122 314 131 large-vehicle 0.6278
271 130 265 123 295 101 300 109 large-vehicle 0.6183
89 525 96 520 114 548 107 553 large-vehicle 0.6093
215 264 208 256 235 230 243 238 large-vehicle 0.5973
278 143 271 136 299 111 305 119 large-vehicle 0.5931
235 224 230 216 261 196 266 205 large-vehicle 0.5918
219 206 213 198 243 175 249 184 large-vehicle 0.5826
202 254 196 245 226 225 232 234 large-vehicle 0.5767
179 223 173 213 205 195 211 204 large-vehicle 0.5747
230 215 224 207 251 186 257 195 large-vehicle 0.5693
197 245 191 238 216 216 222 223 large-vehicle 0.5682
302 172 296 165 323 142 329 149 large-vehicle 0.5644
188 234 182 225 212 205 218 214 large-vehicle 0.5557
263 254 256 246 283 225 289 232 large-vehicle 0.5514
243 234 238 225 269 207 274 216 large-vehicle 0.5422
252 240 247 231 279 214 284 224 large-vehicle 0.5406
308 179 303 171 333 153 338 161 large-vehicle 0.5252
202 186 197 177 227 159 233 167 large-vehicle 0.5225
210 198 204 189 234 167 241 175 large-vehicle 0.5091
175 215 168 207 194 183 201 191 large-vehicle 0.5065
195 179 189 170 218 149 224 157 large-vehicle 0.4462
215 505 211 499 227 486 231 492 large-vehicle 0.2634
40 712 53 704 92 767 79 775 large-vehicle 0.2601
96 380 103 374 125 399 118 405 large-vehicle 0.1663
179 307 188 301 213 337 204 343 large-vehicle 0.1448
328 554 338 545 362 574 352 583 large-vehicle 0.1297
170 207 162 198 185 175 194 184 large-vehicle 0.1255
90 274 103 279 93 306 80 301 large-vehicle 0.1123
212 342 231 343 229 368 211 366 storage-tank 0.1015
