1213 218 1224 219 1222 242 1211 240 small-vehicle 0.2439
1164 147 1164 134 1193 135 1192 148 small-vehicle 0.2095
1274 515 1273 504 1293 501 1295 512 small-vehicle 0.2009
1254 224 1263 224 1263 242 1254 242 small-vehicle 0.1923
1129 144 1131 131 1153 135 1150 148 small-vehicle 0.1923
173 19 184 20 181 41 171 40 small-vehicle 0.1847
1106 287 1107 276 1132 277 1131 289 small-vehicle 0.1785
950 728 961 733 946 769 935 765 small-vehicle 0.1780
1246 598 1246 588 1267 587 1267 598 small-vehicle 0.1767
815 35 816 26 834 28 832 38 small-vehicle 0.1746
1188 147 1188 135 1213 136 1212 148 small-vehicle 0.1725
930 64 942 65 941 90 929 90 small-vehicle 0.1693
584 749 594 757 566 791 556 783 small-vehicle 0.1682
515 38 526 39 525 64 514 63 small-vehicle 0.1676
441 34 453 35 449 63 438 61 small-vehicle 0.1635
282 463 278 454 295 446 299 455 small-vehicle 0.1599
1364 519 1378 519 1376 561 1362 561 small-vehicle 0.1590
1156 390 1168 390 1166 415 1155 415 small-vehicle 0.1587
854 60 864 62 862 84 851 83 small-vehicle 0.1576
957 773 968 780 944 817 933 810 small-vehicle 0.1567
1227 797 1239 803 1223 840 1210 835 small-vehicle 0.1567
580 595 581 583 609 586 608 598 small-vehicle 0.1561
468 39 482 40 479 69 465 67 small-vehicle 0.1554
1002 729 1014 735 995 772 983 766 small-vehicle 0.1537
564 703 575 708 557 747 545 742 small-vehicle 0.1532
877 61 889 62 888 87 876 87 small-vehicle 0.1528
1270 583 1272 572 1294 576 1292 587 small-vehicle 0.1508
973 729 985 733 969 770 958 765 small-vehicle 0.1508
1036 730 1047 736 1028 774 1016 769 small-vehicle 0.1483
658 706 670 712 654 750 642 744 small-vehicle 0.1466
574 131 587 128 594 157 581 160 small-vehicle 0.1445
1108 249 1111 237 1135 243 1132 255 small-vehicle 0.1445
152 271 163 271 162 291 151 290 small-vehicle 0.1424
901 64 914 64 914 90 901 89 small-vehicle 0.1424
855 1335 854 1326 876 1323 877 1332 small-vehicle 0.1420
469 695 480 701 458 741 447 734 small-vehicle 0.1407
1106 276 1108 262 1134 265 1132 279 small-vehicle 0.1401
97 349 109 349 109 372 97 372 small-vehicle 0.1386
125 265 136 267 131 290 120 288 small-vehicle 0.1381
522 700 533 704 520 743 508 739 small-vehicle 0.1374
727 763 739 767 726 804 714 800 small-vehicle 0.1358
1315 597 1317 587 1336 589 1335 600 small-vehicle 0.1353
686 710 698 714 683 751 671 747 small-vehicle 0.1313
78 262 90 263 89 288 77 288 small-vehicle 0.1308
1002 229 1005 219 1033 227 1030 237 small-vehicle 0.1304
746 23 750 14 773 23 768 33 small-vehicle 0.1303
1102 312 1111 302 1133 321 1124 332 small-vehicle 0.1303
1114 216 1124 209 1137 231 1126 237 small-vehicle 0.1297
854 582 855 570 879 572 878 584 small-vehicle 0.1274
539 38 552 40 549 65 537 64 small-vehicle 0.1260
609 46 620 47 618 75 606 74 small-vehicle 0.1257
604 751 616 758 594 795 582 788 small-vehicle 0.1252
1318 569 1318 557 1340 557 1340 569 small-vehicle 0.1250
432 696 442 702 421 739 410 732 small-vehicle 0.1248
788 766 800 772 781 809 769 802 small-vehicle 0.1248
1105 302 1108 290 1132 295 1129 307 small-vehicle 0.1243
133 351 145 352 142 377 130 376 small-vehicle 0.1238
177 350 189 349 191 376 179 377 small-vehicle 0.1233
891 722 903 728 885 767 873 761 small-vehicle 0.1224
900 613 903 601 924 606 921 618 small-vehicle 0.1214
398 391 409 393 404 418 393 416 small-vehicle 0.1213
1104 374 1103 363 1123 362 1123 372 small-vehicle 0.1213
102 267 113 268 110 290 99 289 small-vehicle 0.1210
350 1161 351 1145 395 1149 394 1165 small-vehicle 0.1192
636 704 648 710 629 749 617 743 small-vehicle 0.1188
546 749 559 754 543 791 530 785 small-vehicle 0.1183
448 742 459 748 438 785 428 779 small-vehicle 0.1177
854 569 857 558 879 566 875 576 small-vehicle 0.1169
732 711 743 718 719 758 708 752 small-vehicle 0.1159
1286 1438 1296 1439 1293 1460 1283 1459 small-vehicle 0.1154
988 216 999 216 1000 240 989 240 small-vehicle 0.1153
546 136 556 132 564 155 553 158 small-vehicle 0.1143
983 775 995 781 976 821 964 815 small-vehicle 0.1143
135 267 145 269 141 289 131 287 small-vehicle 0.1142
854 592 855 580 879 581 879 593 small-vehicle 0.1139
454 37 465 38 463 65 451 64 small-vehicle 0.1137
439 105 450 101 460 130 450 134 small-vehicle 0.1137
530 403 540 407 531 432 521 429 small-vehicle 0.1129
119 148 128 150 124 169 115 168 small-vehicle 0.1129
598 701 610 705 597 744 585 740 small-vehicle 0.1127
917 501 917 489 940 490 939 502 small-vehicle 0.1124
696 762 708 766 693 805 681 800 small-vehicle 0.1120
112 266 122 268 118 290 108 288 small-vehicle 0.1113
852 600 855 589 879 595 876 606 small-vehicle 0.1110
716 200 718 187 753 193 751 206 small-vehicle 0.1105
938 727 950 732 935 770 924 765 small-vehicle 0.1103
345 1179 349 1165 389 1175 385 1190 small-vehicle 0.1096
628 751 641 758 619 798 607 791 small-vehicle 0.1095
1067 782 1078 789 1053 824 1043 817 small-vehicle 0.1089
536 106 549 105 551 134 539 135 small-vehicle 0.1084
420 393 431 394 429 418 418 417 small-vehicle 0.1083
524 528 525 516 568 521 567 533 small-vehicle 0.1082
738 762 750 765 739 802 727 798 small-vehicle 0.1074
1132 212 1142 208 1150 233 1139 236 small-vehicle 0.1069
1059 730 1072 734 1058 776 1046 772 small-vehicle 0.1059
1102 325 1109 317 1128 335 1120 343 small-vehicle 0.1058
255 793 253 783 274 779 275 790 small-vehicle 0.1052
631 51 642 51 642 78 631 78 small-vehicle 0.1052
925 624 927 612 951 617 948 628 small-vehicle 0.1050
1312 801 1323 808 1298 844 1288 837 small-vehicle 0.1049
568 617 582 615 589 655 576 658 small-vehicle 0.1042
29 328 40 328 41 354 30 354 small-vehicle 0.1041
589 214 598 211 605 231 596 234 small-vehicle 0.1038
322 289 321 277 358 274 359 286 small-vehicle 0.1036
574 49 585 48 586 72 575 73 small-vehicle 0.1035
500 333 512 335 508 357 497 356 small-vehicle 0.1035
485 512 485 501 525 502 524 513 small-vehicle 0.1035
912 726 924 729 914 767 902 764 small-vehicle 0.1033
829 1333 840 1333 840 1360 829 1360 small-vehicle 0.1029
996 776 1008 781 989 822 978 816 small-vehicle 0.1028
856 555 862 546 882 558 876 568 small-vehicle 0.1028
1247 395 1257 397 1254 418 1243 416 small-vehicle 0.1025
539 403 550 406 541 431 531 427 small-vehicle 0.1024
512 135 521 132 526 149 518 152 small-vehicle 0.1022
434 600 448 599 450 647 436 647 small-vehicle 0.1022
68 346 78 347 75 368 65 367 small-vehicle 0.1021
547 614 561 615 558 657 544 656 small-vehicle 0.1021
1213 743 1225 747 1210 789 1198 784 small-vehicle 0.1016
766 761 777 767 755 803 744 796 small-vehicle 0.1014
367 1076 369 1063 405 1068 404 1080 small-vehicle 0.1006
1114 740 1125 746 1105 783 1094 777 small-vehicle 0.1004
905 139 917 133 939 175 928 181 small-vehicle 0.1002
927 610 925 599 948 594 951 605 small-vehicle 0.1001
524 528 525 516 568 521 567 533 large-vehicle 0.6763
584 749 594 757 566 791 556 783 large-vehicle 0.5816
485 512 485 501 525 502 524 513 large-vehicle 0.5675
364 1119 364 1106 401 1109 400 1122 large-vehicle 0.5284
240 1069 241 1057 282 1061 280 1074 large-vehicle 0.5172
850 137 862 132 881 176 869 181 large-vehicle 0.5143
531 500 533 487 573 492 572 504 large-vehicle 0.5063
392 538 387 529 428 508 433 518 large-vehicle 0.5034
382 584 378 573 421 560 425 571 large-vehicle 0.5004
904 139 916 133 938 176 927 182 large-vehicle 0.4911
564 703 575 708 557 747 545 742 large-vehicle 0.4860
546 749 559 754 543 791 530 785 large-vehicle 0.4805
1086 650 1098 650 1098 694 1085 694 large-vehicle 0.4785
1227 797 1239 803 1223 840 1210 835 large-vehicle 0.4685
432 696 442 702 421 739 410 732 large-vehicle 0.4630
874 137 886 131 907 176 895 181 large-vehicle 0.4613
469 695 480 701 458 741 447 734 large-vehicle 0.4578
381 630 377 622 415 604 419 612 large-vehicle 0.4563
795 630 807 630 804 674 792 673 large-vehicle 0.4550
434 599 448 598 450 646 436 647 large-vehicle 0.4500
392 514 388 502 430 486 434 498 large-vehicle 0.4486
529 557 530 545 568 548 567 560 large-vehicle 0.4466
487 486 488 475 526 479 525 489 large-vehicle 0.4368
618 121 630 115 648 157 636 163 large-vehicle 0.4351
332 925 327 913 369 896 374 909 large-vehicle 0.4341
450 742 461 747 442 785 431 780 large-vehicle 0.4328
403 690 413 696 388 739 378 733 large-vehicle 0.4324
846 851 860 852 859 899 846 899 large-vehicle 0.4316
1001 863 1015 864 1015 907 1001 907 large-vehicle 0.4272
343 1217 343 1202 389 1204 389 1219 large-vehicle 0.4269
482 541 483 530 520 533 519 545 large-vehicle 0.4259
375 1009 375 998 412 999 411 1010 large-vehicle 0.4240
522 700 533 704 520 743 508 739 large-vehicle 0.4240
367 1079 368 1066 406 1067 405 1080 large-vehicle 0.4126
527 570 528 558 568 562 567 574 large-vehicle 0.4104
484 501 485 489 525 492 525 503 large-vehicle 0.4065
684 841 696 841 693 886 681 885 large-vehicle 0.4057
788 766 800 772 781 809 769 802 large-vehicle 0.4049
734 128 746 123 762 165 750 170 large-vehicle 0.4048
626 840 640 839 641 883 627 884 large-vehicle 0.4045
473 605 487 604 489 651 475 652 large-vehicle 0.3978
735 1048 730 1038 770 1017 775 1027 large-vehicle 0.3948
634 105 639 94 675 110 670 122 large-vehicle 0.3938
688 1069 682 1059 717 1038 723 1048 large-vehicle 0.3936
535 459 537 447 579 455 577 467 large-vehicle 0.3879
481 584 480 573 524 571 525 582 large-vehicle 0.3861
950 728 961 733 946 769 935 765 large-vehicle 0.3859
536 491 535 481 576 479 576 489 large-vehicle 0.3846
246 1016 247 1004 285 1007 284 1019 large-vehicle 0.3845
319 258 320 245 359 248 358 261 large-vehicle 0.3809
738 116 742 103 782 115 779 128 large-vehicle 0.3805
736 627 751 627 751 672 736 672 large-vehicle 0.3787
970 145 981 139 1003 177 992 184 large-vehicle 0.3776
768 629 781 630 778 673 765 672 large-vehicle 0.3761
814 132 827 127 846 174 833 179 large-vehicle 0.3753
891 722 903 728 885 767 873 761 large-vehicle 0.3725
732 711 743 718 719 758 708 752 large-vehicle 0.3724
522 584 524 572 565 579 563 590 large-vehicle 0.3707
590 700 602 703 590 745 578 741 large-vehicle 0.3670
353 1162 354 1147 395 1150 394 1165 large-vehicle 0.3622
309 408 310 397 349 401 347 412 large-vehicle 0.3589
863 768 872 775 847 809 838 802 large-vehicle 0.3577
373 992 374 981 415 982 415 992 large-vehicle 0.3575
1053 647 1067 647 1069 694 1055 694 large-vehicle 0.3563
698 126 710 122 725 160 713 165 large-vehicle 0.3561
764 761 776 765 763 802 751 798 large-vehicle 0.3561
243 1043 244 1030 284 1034 283 1046 large-vehicle 0.3553
393 479 389 469 430 453 434 464 large-vehicle 0.3537
929 139 941 134 961 180 949 185 large-vehicle 0.3523
1285 749 1296 755 1278 794 1266 788 large-vehicle 0.3521
483 560 481 549 521 542 523 553 large-vehicle 0.3518
604 751 616 758 594 795 582 788 large-vehicle 0.3516
782 128 794 124 810 169 799 173 large-vehicle 0.3477
1036 730 1047 736 1028 774 1016 769 large-vehicle 0.3473
533 749 543 754 527 788 517 784 large-vehicle 0.3471
511 607 525 607 526 653 513 653 large-vehicle 0.3444
404 743 413 750 388 782 379 775 large-vehicle 0.3441
316 339 317 327 352 332 350 344 large-vehicle 0.3439
912 726 924 729 914 767 902 764 large-vehicle 0.3373
1002 729 1014 735 995 772 983 766 large-vehicle 0.3346
684 126 695 121 710 161 699 165 large-vehicle 0.3346
317 317 317 305 356 306 355 318 large-vehicle 0.3322
243 1030 244 1018 285 1021 284 1033 large-vehicle 0.3283
727 763 739 767 726 804 714 800 large-vehicle 0.3276
978 641 992 642 990 691 976 690 large-vehicle 0.3266
393 499 389 488 430 472 434 483 large-vehicle 0.3266
343 1248 355 1248 355 1294 343 1293 large-vehicle 0.3256
829 135 841 130 858 172 846 177 large-vehicle 0.3256
409 744 420 749 404 786 393 782 large-vehicle 0.3241
1310 801 1321 808 1298 843 1287 836 large-vehicle 0.3200
1067 782 1078 789 1053 824 1043 817 large-vehicle 0.3183
331 75 332 65 374 73 372 83 large-vehicle 0.3177
498 748 509 754 490 790 479 785 large-vehicle 0.3176
757 126 770 121 788 169 776 174 large-vehicle 0.3171
235 1204 234 1190 275 1187 276 1201 large-vehicle 0.3159
327 133 328 119 369 123 367 136 large-vehicle 0.3137
957 773 968 780 944 817 933 810 large-vehicle 0.3132
241 1095 243 1083 281 1089 279 1101 large-vehicle 0.3123
314 327 316 314 354 319 352 332 large-vehicle 0.3109
324 211 326 197 368 201 367 215 large-vehicle 0.3099
315 372 317 361 351 367 349 378 large-vehicle 0.3094
1202 795 1214 800 1197 837 1185 831 large-vehicle 0.3086
384 650 378 641 411 617 417 626 large-vehicle 0.3085
973 729 985 733 969 770 958 765 large-vehicle 0.3072
364 1091 365 1077 408 1080 407 1095 large-vehicle 0.3070
936 861 949 861 950 907 936 907 large-vehicle 0.3058
248 987 250 974 283 979 282 992 large-vehicle 0.3054
595 120 607 114 628 158 616 164 large-vehicle 0.3025
489 607 503 607 503 654 489 654 large-vehicle 0.3022
234 1166 235 1154 277 1159 276 1170 large-vehicle 0.3013
874 774 883 782 855 816 846 808 large-vehicle 0.3003
686 710 698 714 683 751 671 747 large-vehicle 0.2998
1294 796 1305 802 1284 840 1273 834 large-vehicle 0.2994
501 836 514 835 516 882 503 883 large-vehicle 0.2986
652 123 666 117 686 161 672 167 large-vehicle 0.2969
1213 743 1225 747 1210 789 1198 784 large-vehicle 0.2960
793 128 804 124 822 170 810 175 large-vehicle 0.2922
487 747 498 753 480 788 469 783 large-vehicle 0.2913
738 762 750 765 739 802 727 798 large-vehicle 0.2889
1114 653 1129 653 1131 698 1116 699 large-vehicle 0.2882
938 727 950 732 935 770 924 765 large-vehicle 0.2874
1033 646 1047 646 1047 695 1034 695 large-vehicle 0.2870
314 383 315 372 352 375 351 385 large-vehicle 0.2866
1246 748 1258 751 1247 791 1235 788 large-vehicle 0.2865
345 1179 349 1165 389 1175 385 1190 large-vehicle 0.2850
510 749 522 754 508 791 496 786 large-vehicle 0.2838
311 397 311 386 350 387 350 398 large-vehicle 0.2825
544 610 560 610 557 657 542 656 large-vehicle 0.2809
955 140 966 135 988 180 977 185 large-vehicle 0.2797
801 122 804 112 838 120 835 130 large-vehicle 0.2788
1273 749 1284 754 1268 793 1257 789 large-vehicle 0.2774
1237 747 1248 750 1236 790 1225 787 large-vehicle 0.2747
396 525 392 515 432 496 436 506 large-vehicle 0.2745
245 1056 244 1046 285 1041 286 1050 large-vehicle 0.2745
973 863 986 862 988 905 976 905 large-vehicle 0.2742
948 642 962 641 965 687 951 688 large-vehicle 0.2732
943 139 954 134 974 179 963 184 large-vehicle 0.2719
488 698 500 704 481 743 469 737 large-vehicle 0.2718
671 125 682 120 698 160 686 165 large-vehicle 0.2706
1259 749 1271 752 1258 792 1247 788 large-vehicle 0.2705
1084 869 1098 867 1102 915 1088 916 large-vehicle 0.2702
1029 866 1044 865 1048 913 1034 915 large-vehicle 0.2689
789 583 801 583 801 615 789 615 large-vehicle 0.2639
322 289 321 277 358 274 359 286 large-vehicle 0.2620
739 1068 733 1058 768 1038 774 1048 large-vehicle 0.2593
395 489 391 480 431 464 435 473 large-vehicle 0.2592
322 223 324 210 364 214 363 227 large-vehicle 0.2587
758 716 769 721 750 756 739 751 large-vehicle 0.2572
1053 869 1068 868 1071 913 1056 914 large-vehicle 0.2567
582 702 592 708 573 745 563 740 large-vehicle 0.2543
323 190 324 177 365 179 364 192 large-vehicle 0.2531
1190 793 1201 799 1182 833 1172 827 large-vehicle 0.2520
329 122 329 110 368 109 368 122 large-vehicle 0.2487
447 604 460 604 461 648 447 648 large-vehicle 0.2472
321 235 321 222 363 223 362 236 large-vehicle 0.2447
273 1299 285 1299 285 1340 274 1340 large-vehicle 0.2445
528 512 528 500 571 501 571 513 large-vehicle 0.2432
940 132 943 119 981 128 979 140 large-vehicle 0.2430
903 725 915 729 901 766 890 762 large-vehicle 0.2395
696 762 708 766 693 805 681 800 large-vehicle 0.2394
476 746 486 751 468 787 458 782 large-vehicle 0.2389
1207 879 1220 878 1222 924 1209 924 large-vehicle 0.2376
330 110 330 99 369 98 369 110 large-vehicle 0.2351
1187 741 1199 745 1184 785 1172 781 large-vehicle 0.2350
325 168 325 155 366 155 366 168 large-vehicle 0.2339
329 155 329 142 366 142 366 154 large-vehicle 0.2322
321 304 321 293 357 292 357 304 large-vehicle 0.2311
379 830 391 828 397 871 385 873 large-vehicle 0.2310
1059 730 1072 734 1058 776 1046 772 large-vehicle 0.2310
464 743 475 749 456 788 445 783 large-vehicle 0.2309
1028 782 1041 786 1027 824 1015 820 large-vehicle 0.2243
484 577 481 567 524 556 527 566 large-vehicle 0.2238
950 861 963 861 965 906 953 907 large-vehicle 0.2227
1016 779 1028 785 1011 822 999 816 large-vehicle 0.2204
627 703 638 707 622 748 611 743 large-vehicle 0.2184
746 125 759 121 773 167 761 171 large-vehicle 0.2158
485 524 484 512 522 510 522 522 large-vehicle 0.2110
554 842 566 842 567 884 555 885 large-vehicle 0.2089
612 702 623 706 610 745 599 741 large-vehicle 0.2082
658 706 670 712 654 750 642 744 large-vehicle 0.2070
1086 787 1097 791 1082 831 1071 827 large-vehicle 0.2063
500 702 510 707 493 742 483 737 large-vehicle 0.2062
1170 617 1170 606 1219 606 1219 618 large-vehicle 0.2061
332 95 332 85 372 85 372 95 large-vehicle 0.2054
1114 740 1125 746 1105 783 1094 777 large-vehicle 0.2051
1227 747 1238 751 1224 790 1213 786 large-vehicle 0.2032
1304 666 1317 664 1324 706 1311 708 large-vehicle 0.2019
557 612 571 611 575 658 561 659 large-vehicle 0.2017
1203 660 1217 658 1220 703 1206 705 large-vehicle 0.1999
628 751 641 758 619 798 607 791 large-vehicle 0.1990
569 613 583 612 587 658 573 660 large-vehicle 0.1972
893 638 905 638 905 686 893 686 large-vehicle 0.1970
1215 796 1227 801 1212 838 1200 834 large-vehicle 0.1965
708 621 721 621 722 668 708 669 large-vehicle 0.1955
511 698 522 704 504 742 493 737 large-vehicle 0.1946
716 200 718 187 753 193 751 206 large-vehicle 0.1932
1306 886 1318 885 1322 928 1309 929 large-vehicle 0.1898
626 116 638 107 671 151 659 160 large-vehicle 0.1841
1251 662 1265 661 1266 708 1253 708 large-vehicle 0.1797
377 612 374 602 413 591 415 602 large-vehicle 0.1795
390 465 387 455 424 441 428 451 large-vehicle 0.1790
358 1255 372 1257 367 1296 353 1294 large-vehicle 0.1784
1120 787 1132 791 1117 830 1105 826 large-vehicle 0.1780
318 367 316 357 348 353 349 363 large-vehicle 0.1774
1262 883 1274 880 1282 925 1270 927 large-vehicle 0.1773
1165 790 1177 794 1164 832 1153 828 large-vehicle 0.1758
983 775 995 781 976 821 964 815 large-vehicle 0.1743
852 1052 864 1051 865 1086 853 1087 large-vehicle 0.1736
74 508 76 499 116 507 115 516 large-vehicle 0.1716
390 833 403 830 414 875 401 879 large-vehicle 0.1715
998 643 1012 644 1011 693 996 692 large-vehicle 0.1682
1046 733 1057 738 1038 775 1028 770 large-vehicle 0.1681
1072 730 1084 734 1072 776 1059 773 large-vehicle 0.1658
923 1046 937 1043 945 1085 932 1087 large-vehicle 0.1640
419 698 427 704 399 739 391 733 large-vehicle 0.1636
721 761 731 767 709 803 698 797 large-vehicle 0.1615
940 1046 954 1044 961 1084 947 1087 large-vehicle 0.1604
996 776 1008 781 989 822 978 816 large-vehicle 0.1594
464 838 478 837 482 880 468 881 large-vehicle 0.1591
291 1300 303 1300 304 1339 292 1340 large-vehicle 0.1570
177 349 188 348 190 377 179 378 large-vehicle 0.1564
891 132 901 129 912 170 901 173 large-vehicle 0.1555
321 1299 332 1301 324 1333 314 1330 large-vehicle 0.1547
1364 519 1378 519 1376 561 1362 561 large-vehicle 0.1519
880 1054 894 1054 893 1096 880 1096 large-vehicle 0.1512
1155 790 1166 794 1154 831 1142 827 large-vehicle 0.1512
524 837 536 837 537 883 525 883 large-vehicle 0.1481
1239 881 1251 878 1259 924 1247 926 large-vehicle 0.1474
774 131 784 127 798 166 788 170 large-vehicle 0.1471
1097 786 1108 790 1096 830 1085 827 large-vehicle 0.1468
339 1300 351 1300 351 1336 338 1336 large-vehicle 0.1452
87 555 85 544 122 540 123 551 large-vehicle 0.1443
248 1295 263 1298 255 1343 240 1340 large-vehicle 0.1418
1143 789 1155 793 1142 831 1130 826 large-vehicle 0.1408
747 716 756 723 731 756 721 749 large-vehicle 0.1402
306 1302 318 1301 319 1336 307 1337 large-vehicle 0.1382
1156 736 1168 740 1155 782 1143 778 large-vehicle 0.1368
1132 787 1145 792 1131 832 1118 827 large-vehicle 0.1341
903 640 914 639 916 686 905 686 large-vehicle 0.1338
1249 881 1262 879 1270 924 1257 927 large-vehicle 0.1304
386 545 384 534 428 524 430 535 large-vehicle 0.1287
674 706 685 711 667 750 656 745 large-vehicle 0.1280
929 642 942 642 944 686 931 687 large-vehicle 0.1277
847 140 857 138 864 175 853 177 large-vehicle 0.1273
546 406 560 405 563 443 548 443 large-vehicle 0.1267
537 839 550 838 553 882 541 883 large-vehicle 0.1259
825 585 836 585 837 616 826 617 large-vehicle 0.1245
966 776 977 782 959 820 947 815 large-vehicle 0.1239
336 915 330 906 359 885 365 893 large-vehicle 0.1236
1145 737 1157 741 1141 783 1130 778 large-vehicle 0.1228
797 984 810 982 814 1028 801 1029 large-vehicle 0.1227
518 487 515 477 555 467 557 477 large-vehicle 0.1224
631 51 642 51 642 78 631 78 large-vehicle 0.1220
1133 738 1144 743 1129 782 1117 778 large-vehicle 0.1215
1180 656 1194 655 1198 705 1184 706 large-vehicle 0.1193
900 1053 913 1052 916 1094 903 1095 large-vehicle 0.1187
963 641 976 642 975 688 962 688 large-vehicle 0.1182
326 250 325 240 360 236 361 246 large-vehicle 0.1166
940 371 950 370 950 400 940 400 large-vehicle 0.1161
1247 395 1257 397 1254 418 1243 416 large-vehicle 0.1156
584 128 597 123 613 158 600 164 large-vehicle 0.1134
967 860 977 860 975 902 964 901 large-vehicle 0.1126
423 394 433 396 428 419 418 417 large-vehicle 0.1116
1283 883 1295 881 1303 926 1291 928 large-vehicle 0.1115
649 755 661 761 642 801 630 795 large-vehicle 0.1114
423 596 433 595 439 637 429 638 large-vehicle 0.1112
1227 880 1240 878 1245 924 1232 926 large-vehicle 0.1107
327 1301 340 1302 339 1335 327 1335 large-vehicle 0.1101
493 417 503 417 503 445 494 445 large-vehicle 0.1100
237 1179 237 1167 278 1169 277 1181 large-vehicle 0.1078
381 597 377 585 421 571 424 583 large-vehicle 0.1075
531 403 542 403 540 434 529 434 large-vehicle 0.1072
951 995 963 994 966 1034 954 1035 large-vehicle 0.1070
1168 879 1179 878 1184 919 1172 920 large-vehicle 0.1062
804 69 814 71 809 100 799 98 large-vehicle 0.1054
380 570 377 559 416 546 420 557 large-vehicle 0.1041
1084 730 1097 734 1083 778 1070 774 large-vehicle 0.1035
398 391 409 393 404 418 393 416 large-vehicle 0.1024
609 46 620 47 618 75 606 74 large-vehicle 0.1015
375 1023 374 1013 404 1010 405 1021 large-vehicle 0.1004
242 1299 259 1300 254 1343 238 1341 ship 0.3888
273 1299 285 1299 285 1340 274 1340 ship 0.2315
850 1049 863 1049 863 1089 850 1089 ship 0.2043
319 1302 331 1302 332 1336 320 1336 ship 0.2031
336 1300 350 1300 350 1335 337 1335 ship 0.1955
872 1053 886 1052 887 1094 873 1094 ship 0.1800
351 1158 354 1144 395 1152 392 1166 ship 0.1676
306 1302 318 1301 319 1336 307 1337 ship 0.1650
823 1051 837 1050 838 1089 825 1089 ship 0.1647
253 1302 266 1300 270 1341 257 1342 ship 0.1518
289 1300 302 1299 304 1341 290 1341 ship 0.1506
235 1202 236 1189 274 1190 274 1203 ship 0.1385
741 1075 736 1066 766 1048 771 1056 ship 0.1276
795 1048 808 1050 802 1088 789 1086 ship 0.1256
346 1249 358 1250 355 1293 343 1292 ship 0.1134
347 1182 349 1167 390 1173 388 1188 ship 0.1097
688 1068 683 1059 718 1039 723 1049 ship 0.1066
854 62 866 61 869 86 857 88 ship 0.1047
1363 517 1377 517 1378 560 1364 560 ship 0.1024
875 62 887 61 888 87 876 87 ship 0.1017
