147 -16 159 -7 128 32 117 24 bridge 0.1787
82 303 87 297 132 334 126 341 bridge 0.1427
491 668 491 657 510 657 510 668 small-vehicle 0.2560
449 232 461 236 453 259 441 255 small-vehicle 0.1790
607 222 619 223 618 247 605 246 small-vehicle 0.1746
551 669 551 658 573 658 572 670 small-vehicle 0.1499
73 508 82 511 76 529 67 526 small-vehicle 0.1392
145 530 156 532 153 552 142 550 small-vehicle 0.1385
605 844 615 840 622 859 612 863 small-vehicle 0.1241
270 472 280 476 269 508 259 505 large-vehicle 0.1407
325 949 359 949 360 1046 326 1047 large-vehicle 0.1254
269 471 280 474 271 507 260 504 ship 0.2510
545 597 541 581 581 570 586 585 ship 0.2057
166 246 209 251 199 340 156 336 tennis-court 0.9126
201 115 243 119 236 206 193 202 tennis-court 0.8969
240 760 283 759 287 847 243 848 tennis-court 0.8909
259 121 301 126 290 213 248 208 tennis-court 0.8773
189 386 232 391 222 479 179 474 tennis-court 0.8750
186 760 230 756 238 843 194 847 tennis-court 0.8674
131 377 173 382 163 469 121 465 tennis-court 0.8642
228 251 270 257 257 346 214 340 tennis-court 0.8488
405 767 405 738 477 739 476 768 tennis-court 0.1431
388 771 412 770 414 824 390 825 tennis-court 0.1383
121 376 132 378 120 462 109 460 tennis-court 0.1310
393 789 390 736 481 732 483 785 basketball-court 0.6681
383 825 395 776 482 796 471 845 basketball-court 0.2990
168 245 210 251 200 336 157 331 basketball-court 0.1606
240 760 283 759 287 847 243 848 basketball-court 0.1451
129 378 171 382 163 467 121 463 basketball-court 0.1325
205 115 246 121 234 205 193 199 basketball-court 0.1188
186 760 230 756 238 843 194 847 basketball-court 0.1143
393 789 390 736 481 732 483 785 soccer-ball-field 0.1043
