274 345 285 340 294 363 284 368 small-vehicle 0.3670
172 356 177 346 212 364 206 374 small-vehicle 0.3508
182 381 185 370 224 382 221 393 small-vehicle 0.3288
337 545 340 533 381 542 378 554 small-vehicle 0.3210
243 458 247 446 287 457 284 469 small-vehicle 0.3134
269 315 279 311 288 332 278 336 small-vehicle 0.3113
140 294 144 284 178 300 174 310 small-vehicle 0.3072
372 486 382 482 394 515 384 519 small-vehicle 0.3050
544 512 556 510 564 546 552 549 small-vehicle 0.2897
149 315 155 304 189 322 184 333 small-vehicle 0.2787
19 512 26 505 42 521 35 528 small-vehicle 0.2746
72 542 79 535 96 553 88 560 small-vehicle 0.2724
264 347 274 342 286 366 276 371 small-vehicle 0.2710
161 338 166 327 201 342 196 353 small-vehicle 0.2668
313 526 314 515 356 521 354 532 small-vehicle 0.2664
179 138 193 140 188 177 175 175 small-vehicle 0.2626
555 509 566 506 576 538 565 542 small-vehicle 0.2618
578 399 585 391 611 413 604 421 small-vehicle 0.2614
449 447 460 444 471 482 460 485 small-vehicle 0.2593
279 493 282 480 320 488 317 501 small-vehicle 0.2563
506 530 516 528 524 566 514 568 small-vehicle 0.2535
197 401 200 390 238 401 235 411 small-vehicle 0.2529
531 517 541 515 550 554 541 556 small-vehicle 0.2526
514 312 526 312 527 350 516 350 small-vehicle 0.2510
475 328 484 327 489 365 480 367 small-vehicle 0.2461
582 497 593 495 601 529 590 532 small-vehicle 0.2448
308 164 315 157 342 185 334 193 small-vehicle 0.2441
518 524 529 522 538 560 527 562 small-vehicle 0.2441
569 503 580 500 589 535 578 537 small-vehicle 0.2413
371 374 383 372 392 410 380 413 small-vehicle 0.2413
385 368 396 366 404 403 393 406 small-vehicle 0.2396
481 541 491 539 497 575 487 577 small-vehicle 0.2396
-3 473 2 465 19 477 13 485 small-vehicle 0.2395
296 170 303 164 327 191 320 197 small-vehicle 0.2382
268 729 276 722 290 737 282 745 small-vehicle 0.2375
117 488 124 481 141 498 134 505 small-vehicle 0.2353
133 599 139 592 154 605 147 612 small-vehicle 0.2349
489 322 498 321 503 357 493 359 small-vehicle 0.2337
208 422 210 410 249 417 247 429 small-vehicle 0.2277
130 272 135 261 172 278 167 289 small-vehicle 0.2275
492 537 502 535 510 571 500 573 small-vehicle 0.2273
200 195 207 187 239 216 232 224 small-vehicle 0.2262
359 382 370 379 379 416 369 419 small-vehicle 0.2234
585 424 592 416 617 438 610 446 small-vehicle 0.2233
500 426 511 423 521 460 510 463 small-vehicle 0.2197
121 226 128 218 158 241 152 249 small-vehicle 0.2193
285 274 284 263 316 259 318 270 small-vehicle 0.2176
354 153 363 145 392 173 384 182 small-vehicle 0.2160
499 318 509 316 517 354 507 356 small-vehicle 0.2156
438 452 449 450 458 489 447 491 small-vehicle 0.2152
349 386 359 384 364 423 354 424 small-vehicle 0.2145
454 553 463 551 471 588 462 590 small-vehicle 0.2135
320 399 330 396 340 435 331 437 small-vehicle 0.2132
365 822 371 814 389 827 382 835 small-vehicle 0.2124
123 246 130 237 161 261 154 269 small-vehicle 0.2117
411 356 422 355 427 396 416 398 small-vehicle 0.2114
447 339 457 337 466 376 456 378 small-vehicle 0.2110
298 411 308 410 313 447 303 449 small-vehicle 0.2109
334 393 344 391 353 429 342 431 small-vehicle 0.2088
296 507 298 497 338 505 336 515 small-vehicle 0.2084
377 810 384 803 400 818 392 826 small-vehicle 0.2084
386 477 397 475 404 515 394 517 small-vehicle 0.2076
425 457 436 455 444 495 433 497 small-vehicle 0.2074
463 441 473 438 484 475 473 477 small-vehicle 0.2071
300 744 306 736 321 746 316 754 small-vehicle 0.2061
284 116 296 116 295 150 283 150 small-vehicle 0.2057
465 548 475 545 487 584 477 587 small-vehicle 0.2057
416 571 427 569 431 607 421 609 small-vehicle 0.2056
229 440 231 430 269 437 267 448 small-vehicle 0.2049
591 447 600 439 623 464 614 473 small-vehicle 0.2046
110 596 117 590 130 604 123 610 small-vehicle 0.2045
400 471 410 470 416 508 406 509 small-vehicle 0.2020
423 351 433 349 442 388 432 391 small-vehicle 0.2014
443 558 452 557 456 597 447 598 small-vehicle 0.2001
398 366 407 364 414 400 405 402 small-vehicle 0.1993
474 435 485 432 497 470 486 474 small-vehicle 0.1932
323 158 331 151 354 179 347 185 small-vehicle 0.1930
194 135 208 136 206 175 192 175 small-vehicle 0.1922
460 333 470 331 479 370 470 373 small-vehicle 0.1920
312 103 324 103 325 140 314 141 small-vehicle 0.1880
490 430 500 428 508 466 498 468 small-vehicle 0.1879
328 98 340 99 338 139 326 138 small-vehicle 0.1875
541 408 552 407 556 446 545 447 small-vehicle 0.1869
255 123 267 124 263 161 251 159 small-vehicle 0.1866
412 465 422 463 429 501 420 503 small-vehicle 0.1860
434 346 444 344 454 383 444 386 small-vehicle 0.1858
315 675 321 669 340 686 333 693 small-vehicle 0.1855
528 413 538 412 543 449 533 450 small-vehicle 0.1801
282 173 290 167 312 196 305 202 small-vehicle 0.1755
225 128 236 129 235 166 224 166 small-vehicle 0.1751
247 181 254 174 280 204 272 210 small-vehicle 0.1748
182 651 188 643 208 660 202 667 small-vehicle 0.1730
243 126 253 127 248 165 238 164 small-vehicle 0.1615
345 91 355 92 351 130 341 129 small-vehicle 0.1611
266 178 274 172 296 199 288 206 small-vehicle 0.1604
210 132 221 133 217 172 207 171 small-vehicle 0.1550
75 430 80 424 94 435 89 442 small-vehicle 0.1544
402 70 414 71 412 110 399 109 small-vehicle 0.1537
311 406 321 404 327 442 317 444 small-vehicle 0.1534
220 189 228 183 253 213 246 220 small-vehicle 0.1512
428 565 437 563 447 600 438 603 small-vehicle 0.1497
172 623 178 614 192 623 187 632 small-vehicle 0.1453
338 153 346 146 373 179 365 186 small-vehicle 0.1445
151 637 157 631 171 644 165 650 small-vehicle 0.1354
358 89 370 90 366 132 355 131 small-vehicle 0.1342
233 186 240 179 267 209 259 216 small-vehicle 0.1335
300 108 311 109 309 147 298 147 small-vehicle 0.1326
247 351 263 345 274 375 258 381 small-vehicle 0.1273
386 76 398 77 396 116 384 116 small-vehicle 0.1270
371 84 382 83 385 122 374 123 small-vehicle 0.1119
182 -3 190 -3 191 10 183 11 small-vehicle 0.1007
449 447 460 444 471 482 460 485 large-vehicle 0.8088
443 558 452 557 456 597 447 598 large-vehicle 0.7993
465 549 474 546 485 583 476 585 large-vehicle 0.7950
247 180 254 174 281 202 274 209 large-vehicle 0.7914
233 185 240 179 269 209 262 216 large-vehicle 0.7887
454 553 463 551 471 588 462 590 large-vehicle 0.7879
220 190 227 183 254 214 247 220 large-vehicle 0.7866
478 542 488 540 497 575 488 577 large-vehicle 0.7849
320 399 330 396 340 435 331 437 large-vehicle 0.7766
400 471 410 470 416 508 406 509 large-vehicle 0.7748
411 356 422 355 427 396 416 398 large-vehicle 0.7732
423 351 433 349 442 388 432 391 large-vehicle 0.7729
129 270 135 259 170 279 164 290 large-vehicle 0.7721
492 537 502 535 510 571 500 573 large-vehicle 0.7709
243 126 253 127 248 165 238 164 large-vehicle 0.7706
339 155 347 148 374 179 367 186 large-vehicle 0.7678
332 394 342 391 354 427 344 431 large-vehicle 0.7677
464 442 473 440 481 476 472 479 large-vehicle 0.7653
477 436 487 434 493 472 483 473 large-vehicle 0.7641
345 390 355 387 366 422 356 425 large-vehicle 0.7583
359 383 369 381 377 416 368 419 large-vehicle 0.7572
371 374 383 372 392 410 380 413 large-vehicle 0.7542
359 88 368 89 365 127 356 126 large-vehicle 0.7536
486 323 496 321 505 358 495 360 large-vehicle 0.7511
149 315 154 305 189 323 184 332 large-vehicle 0.7493
506 530 516 528 524 566 514 568 large-vehicle 0.7487
228 438 232 427 270 440 266 451 large-vehicle 0.7454
124 247 130 239 163 261 157 270 large-vehicle 0.7449
447 339 457 337 466 376 456 378 large-vehicle 0.7445
345 91 355 92 351 130 341 129 large-vehicle 0.7435
490 430 500 428 508 466 498 468 large-vehicle 0.7423
313 105 323 105 324 141 313 141 large-vehicle 0.7415
499 318 509 316 517 354 507 356 large-vehicle 0.7412
518 526 529 524 538 560 527 563 large-vehicle 0.7408
475 328 484 327 489 365 480 367 large-vehicle 0.7402
386 370 396 368 401 406 392 407 large-vehicle 0.7396
286 113 297 114 294 151 283 150 large-vehicle 0.7386
428 565 437 563 447 600 438 603 large-vehicle 0.7381
500 426 511 423 521 460 510 463 large-vehicle 0.7360
531 517 541 515 550 554 541 556 large-vehicle 0.7350
424 462 434 459 443 494 432 497 large-vehicle 0.7342
196 137 208 139 202 176 190 174 large-vehicle 0.7339
323 160 330 153 356 180 349 186 large-vehicle 0.7327
412 465 422 463 429 501 420 503 large-vehicle 0.7321
308 164 315 157 341 184 334 190 large-vehicle 0.7315
141 293 147 283 179 302 174 312 large-vehicle 0.7303
386 477 397 475 404 515 394 517 large-vehicle 0.7301
415 570 425 568 432 605 422 607 large-vehicle 0.7279
298 411 307 409 314 447 305 448 large-vehicle 0.7275
293 167 301 161 325 188 317 194 large-vehicle 0.7257
438 452 449 450 458 489 447 491 large-vehicle 0.7249
434 346 444 344 454 383 444 386 large-vehicle 0.7246
226 130 237 131 233 167 222 166 large-vehicle 0.7217
256 122 267 123 262 161 251 159 large-vehicle 0.7215
329 98 340 100 335 137 324 135 large-vehicle 0.7190
398 366 407 364 414 400 405 402 large-vehicle 0.7175
278 173 285 166 310 195 303 201 large-vehicle 0.7166
354 150 362 143 389 175 381 182 large-vehicle 0.7163
460 333 470 331 479 370 470 373 large-vehicle 0.7160
512 312 523 310 530 350 518 352 large-vehicle 0.7153
162 339 166 329 202 343 198 353 large-vehicle 0.7149
266 178 273 172 297 199 291 205 large-vehicle 0.7104
300 108 311 109 309 147 298 147 large-vehicle 0.7096
388 78 398 80 393 118 383 116 large-vehicle 0.7092
209 418 212 407 252 419 249 429 large-vehicle 0.7071
311 406 321 404 327 442 317 444 large-vehicle 0.7061
171 358 176 347 213 363 208 374 large-vehicle 0.7026
372 86 382 86 383 124 373 124 large-vehicle 0.7008
526 415 536 412 546 448 536 451 large-vehicle 0.6948
374 485 384 483 394 518 384 521 large-vehicle 0.6936
200 195 207 187 239 215 232 223 large-vehicle 0.6912
213 133 223 135 214 172 204 170 large-vehicle 0.6902
179 138 193 140 188 177 175 175 large-vehicle 0.6843
200 402 203 391 240 401 237 412 large-vehicle 0.6804
544 512 556 510 564 546 552 549 large-vehicle 0.6764
121 224 129 216 158 245 151 253 large-vehicle 0.6688
403 72 414 74 409 111 398 109 large-vehicle 0.6600
186 378 191 368 226 385 221 396 large-vehicle 0.6587
279 490 282 480 320 491 317 501 large-vehicle 0.6473
539 407 550 405 556 446 545 447 large-vehicle 0.6467
293 506 296 495 335 506 332 517 large-vehicle 0.6451
245 458 247 448 286 457 284 467 large-vehicle 0.6340
337 545 340 533 381 542 378 554 large-vehicle 0.6093
313 524 316 513 355 523 353 534 large-vehicle 0.6019
577 397 584 390 611 415 604 423 large-vehicle 0.5609
555 509 566 506 576 538 565 542 large-vehicle 0.5599
584 423 592 415 617 438 609 446 large-vehicle 0.5577
584 499 594 497 600 530 590 532 large-vehicle 0.4971
569 503 580 500 589 535 578 537 large-vehicle 0.4966
285 274 284 263 316 259 318 270 large-vehicle 0.4930
591 447 600 439 623 464 614 473 large-vehicle 0.3975
513 421 525 418 533 455 522 458 large-vehicle 0.2601
315 675 321 669 340 686 333 693 large-vehicle 0.1391
72 542 79 535 96 553 88 560 large-vehicle 0.1361
117 488 124 481 141 498 134 505 large-vehicle 0.1339
182 651 188 643 208 660 202 667 large-vehicle 0.1320
289 172 297 167 319 195 311 201 large-vehicle 0.1138
532 197 527 181 566 170 571 187 large-vehicle 0.1111
269 315 279 311 288 332 278 336 large-vehicle 0.1050
569 503 580 500 589 535 578 537 ship 0.1830
555 509 566 506 576 538 565 542 ship 0.1524
591 447 600 439 623 464 614 473 ship 0.1469
584 499 594 497 600 530 590 532 ship 0.1459
366 823 372 816 388 829 382 836 ship 0.1261
377 810 384 803 398 820 391 826 ship 0.1193
183 650 190 644 207 662 201 668 ship 0.1057
542 516 553 512 564 546 553 550 ship 0.1054
72 542 79 535 96 553 88 560 ship 0.1021
244 459 247 447 285 457 283 468 ship 0.1005
569 503 580 500 589 535 578 537 helicopter 0.1154
556 508 567 505 576 540 565 543 helicopter 0.1018
