317 736 303 489 555 474 570 721 baseball-diamond 0.8632
414 915 441 924 415 1000 388 991 small-vehicle 0.2846
768 844 792 852 772 914 747 906 small-vehicle 0.2807
354 903 375 912 349 974 329 966 small-vehicle 0.2271
384 910 407 919 380 989 357 980 small-vehicle 0.2214
1307 1323 1313 1302 1354 1314 1348 1336 small-vehicle 0.2176
1516 497 1535 489 1550 526 1532 534 small-vehicle 0.2155
810 835 845 847 806 955 771 942 small-vehicle 0.2033
223 857 248 867 224 930 199 921 small-vehicle 0.1972
1126 761 1149 769 1118 858 1095 850 small-vehicle 0.1865
863 881 885 891 847 978 824 968 small-vehicle 0.1673
960 878 984 883 976 928 952 924 small-vehicle 0.1659
1036 719 1058 727 1025 821 1002 813 small-vehicle 0.1625
1284 824 1310 834 1277 917 1251 907 small-vehicle 0.1605
1258 972 1284 980 1255 1072 1229 1064 small-vehicle 0.1590
445 923 473 933 444 1018 416 1008 small-vehicle 0.1587
1440 51 1426 32 1460 9 1473 28 small-vehicle 0.1583
895 890 914 898 878 990 859 982 small-vehicle 0.1548
1102 748 1122 756 1088 840 1068 832 small-vehicle 0.1525
260 855 285 864 255 948 230 939 small-vehicle 0.1523
674 803 702 810 678 901 650 894 small-vehicle 0.1520
949 681 969 690 931 776 910 767 small-vehicle 0.1498
648 798 674 810 634 896 608 884 small-vehicle 0.1484
1015 949 1037 958 1005 1037 983 1028 small-vehicle 0.1459
1000 722 1019 728 995 803 976 797 small-vehicle 0.1451
953 918 977 928 944 1011 920 1001 small-vehicle 0.1448
914 674 937 684 901 763 878 753 small-vehicle 0.1440
921 912 944 920 914 1010 891 1002 small-vehicle 0.1440
1248 807 1274 816 1245 907 1218 899 small-vehicle 0.1360
975 702 997 711 965 791 943 782 small-vehicle 0.1353
787 626 807 631 783 715 763 710 small-vehicle 0.1338
709 821 733 829 701 919 677 910 small-vehicle 0.1336
1077 971 1100 981 1066 1062 1043 1052 small-vehicle 0.1335
729 591 751 598 723 688 702 681 small-vehicle 0.1317
1162 785 1180 792 1145 872 1127 865 small-vehicle 0.1296
1044 961 1067 969 1034 1060 1011 1051 small-vehicle 0.1209
1072 734 1091 743 1055 828 1035 819 small-vehicle 0.1187
1217 802 1243 812 1210 899 1184 890 small-vehicle 0.1104
664 575 687 582 657 670 635 663 small-vehicle 0.1090
758 613 781 620 752 714 728 707 small-vehicle 0.1059
696 582 719 589 686 687 663 680 small-vehicle 0.1049
1187 1194 1209 1206 1157 1301 1134 1288 small-vehicle 0.1046
825 638 848 648 809 739 786 728 small-vehicle 0.1026
1006 711 1027 719 995 803 974 795 large-vehicle 0.8307
787 625 813 634 785 719 759 711 large-vehicle 0.8150
757 617 781 625 751 710 727 701 large-vehicle 0.8069
1070 735 1093 746 1055 831 1032 821 large-vehicle 0.8027
695 585 718 593 689 678 666 670 large-vehicle 0.7980
976 701 999 711 967 793 943 784 large-vehicle 0.7951
1094 749 1119 756 1094 843 1069 835 large-vehicle 0.7944
730 592 753 601 721 693 697 685 large-vehicle 0.7846
1032 728 1056 737 1026 821 1001 812 large-vehicle 0.7830
889 896 912 904 880 993 857 985 large-vehicle 0.7824
949 681 969 690 931 776 910 767 large-vehicle 0.7814
922 912 945 921 914 1004 890 995 large-vehicle 0.7718
1047 961 1070 971 1035 1052 1012 1042 large-vehicle 0.7706
953 922 975 930 944 1015 921 1007 large-vehicle 0.7689
1014 948 1036 956 1006 1037 985 1029 large-vehicle 0.7668
1252 807 1276 816 1241 908 1218 899 large-vehicle 0.7662
1217 802 1243 812 1210 899 1184 890 large-vehicle 0.7660
1078 974 1099 983 1064 1067 1042 1058 large-vehicle 0.7650
417 916 440 924 411 999 388 991 large-vehicle 0.7623
1126 761 1149 769 1118 858 1095 850 large-vehicle 0.7489
860 887 884 898 845 978 821 967 large-vehicle 0.7472
666 574 687 581 657 671 636 663 large-vehicle 0.7438
823 641 846 651 810 729 788 719 large-vehicle 0.7435
678 807 703 815 673 902 648 893 large-vehicle 0.7431
1159 780 1181 789 1147 879 1125 871 large-vehicle 0.7174
710 824 732 832 698 915 677 906 large-vehicle 0.7152
383 910 408 919 380 991 356 982 large-vehicle 0.7119
914 674 937 684 901 763 878 753 large-vehicle 0.7031
448 926 472 933 446 1021 422 1014 large-vehicle 0.6946
804 842 831 853 792 952 765 941 large-vehicle 0.6887
260 855 285 864 255 948 230 939 large-vehicle 0.6873
830 843 860 853 826 957 796 947 large-vehicle 0.6560
356 899 378 909 347 979 325 969 large-vehicle 0.6548
648 798 674 810 634 896 608 884 large-vehicle 0.6276
1260 968 1286 977 1253 1071 1227 1062 large-vehicle 0.6102
1284 825 1310 836 1276 918 1251 908 large-vehicle 0.5958
773 840 796 851 767 917 744 906 large-vehicle 0.5527
228 853 253 865 220 933 195 920 large-vehicle 0.5169
861 650 881 659 839 760 819 751 large-vehicle 0.4408
1172 1202 1197 1210 1167 1296 1143 1287 large-vehicle 0.3179
189 842 221 852 196 925 165 915 large-vehicle 0.1368
49 1213 60 1189 138 1224 128 1248 large-vehicle 0.1068
1305 831 1330 840 1301 917 1276 908 large-vehicle 0.1008
1172 1201 1198 1209 1171 1297 1145 1289 ship 0.1309
1210 522 1288 550 1231 711 1153 683 tennis-court 0.8718
1106 478 1184 502 1133 667 1055 643 tennis-court 0.8260
1322 561 1399 593 1335 753 1257 721 tennis-court 0.8110
794 337 880 374 807 546 721 510 tennis-court 0.7891
999 427 1077 450 1025 627 947 604 tennis-court 0.7796
900 382 987 413 922 596 835 565 tennis-court 0.7103
1006 433 1082 463 1018 626 941 596 basketball-court 0.1888
1325 564 1400 595 1331 761 1256 730 basketball-court 0.1834
912 376 994 416 910 587 828 546 basketball-court 0.1799
1120 479 1198 518 1120 673 1042 633 basketball-court 0.1534
793 346 878 379 811 554 725 520 basketball-court 0.1219
1205 523 1282 553 1218 718 1141 689 basketball-court 0.1195
280 672 384 435 609 535 505 771 storage-tank 0.1719
793 346 878 379 811 554 725 520 swimming-pool 0.1155
