238 510 257 517 249 538 229 530 baseball-diamond 0.1010
92 386 98 387 93 415 87 414 large-vehicle 0.1818
114 250 120 251 117 278 111 277 large-vehicle 0.1156
195 240 239 245 228 335 184 330 tennis-court 0.9820
229 380 274 389 257 477 212 469 tennis-court 0.9658
251 245 296 253 279 344 235 336 tennis-court 0.9648
175 374 217 380 204 468 162 462 tennis-court 0.9634
222 102 264 111 246 200 204 191 tennis-court 0.9628
145 229 189 236 172 328 128 320 tennis-court 0.9573
277 110 321 119 302 210 258 201 tennis-court 0.9551
169 92 212 101 194 191 150 182 tennis-court 0.9442
119 364 164 369 153 459 109 454 tennis-court 0.9427
-9 531 13 530 14 552 -8 553 storage-tank 0.1863
