122 455 216 407 266 505 173 553 baseball-diamond 0.8673
356 109 471 116 463 234 348 226 baseball-diamond 0.8310
41 29 367 197 142 632 -183 464 baseball-diamond 0.1441
273 182 510 48 696 377 458 511 ground-track-field 0.2755
336 586 319 498 581 448 598 536 ground-track-field 0.1401
41 29 367 197 142 632 -183 464 ground-track-field 0.1346
41 603 53 601 58 626 46 628 small-vehicle 0.3982
493 713 501 709 509 726 501 730 small-vehicle 0.3061
599 635 595 623 625 612 629 624 small-vehicle 0.2929
46 712 45 702 69 700 70 710 small-vehicle 0.2779
10 833 6 826 24 817 28 824 small-vehicle 0.2706
60 17 71 18 68 40 57 38 small-vehicle 0.2658
48 14 58 15 57 34 48 34 small-vehicle 0.2628
401 802 411 803 409 823 399 822 small-vehicle 0.2530
24 14 33 14 32 34 23 33 small-vehicle 0.2414
49 742 49 733 66 733 66 741 small-vehicle 0.2227
11 14 20 15 18 33 9 32 small-vehicle 0.2098
46 679 44 670 63 665 65 675 small-vehicle 0.2062
45 691 44 682 65 681 65 690 small-vehicle 0.2035
35 14 45 15 44 33 35 33 small-vehicle 0.2005
385 1 393 -3 403 12 395 17 small-vehicle 0.1860
40 70 48 65 58 81 50 86 small-vehicle 0.1789
27 72 36 70 42 87 33 90 small-vehicle 0.1736
347 738 344 730 364 722 367 730 small-vehicle 0.1640
547 1 553 -4 566 7 560 13 small-vehicle 0.1470
-4 17 5 16 7 36 -2 37 small-vehicle 0.1463
583 16 581 7 599 5 601 14 small-vehicle 0.1390
14 675 24 675 25 696 15 696 small-vehicle 0.1349
50 755 50 747 68 745 69 753 small-vehicle 0.1186
492 10 497 4 512 16 507 22 small-vehicle 0.1096
599 635 595 623 625 612 629 624 large-vehicle 0.3551
316 126 326 127 322 174 311 173 large-vehicle 0.1546
347 737 344 729 365 722 367 730 large-vehicle 0.1352
-3 611 19 614 8 701 -14 698 large-vehicle 0.1021
53 765 51 758 70 754 71 761 large-vehicle 0.1000
599 635 595 623 625 612 629 624 ship 0.1328
450 476 489 463 514 544 475 556 tennis-court 0.9521
502 462 541 450 566 529 527 542 tennis-court 0.9495
347 504 385 490 414 569 377 584 tennis-court 0.9361
399 489 437 476 464 557 426 570 tennis-court 0.9304
298 516 337 503 363 585 324 597 tennis-court 0.9116
552 446 591 433 619 516 580 529 tennis-court 0.9007
555 447 596 437 617 516 576 527 basketball-court 0.1064
120 448 225 409 264 515 160 554 storage-tank 0.1295
273 182 510 48 696 377 458 511 soccer-ball-field 0.2836
41 29 367 197 142 632 -183 464 soccer-ball-field 0.1173
336 586 319 498 581 448 598 536 soccer-ball-field 0.1169
