948 760 1089 833 1008 989 867 916 baseball-diamond 0.8945
950 455 1102 479 1076 640 924 617 baseball-diamond 0.8740
132 879 236 926 185 1038 81 991 baseball-diamond 0.8466
418 1104 529 1134 496 1260 385 1230 baseball-diamond 0.5573
89 932 193 517 882 689 778 1104 baseball-diamond 0.1121
88 1072 128 650 872 720 832 1142 ground-track-field 0.5781
262 681 298 257 1101 325 1065 750 ground-track-field 0.1736
120 217 118 206 138 202 140 212 small-vehicle 0.2429
226 225 226 213 251 213 251 225 small-vehicle 0.2219
960 201 960 191 981 191 981 201 small-vehicle 0.2083
483 217 483 205 507 204 508 216 small-vehicle 0.2049
311 170 312 158 337 160 336 172 small-vehicle 0.2025
57 230 57 221 75 221 75 230 small-vehicle 0.2014
614 212 614 202 634 202 634 212 small-vehicle 0.1915
99 258 111 254 117 276 105 280 small-vehicle 0.1847
159 174 158 166 174 163 175 171 small-vehicle 0.1775
14 1284 20 1278 36 1293 30 1300 small-vehicle 0.1698
640 159 640 151 658 150 658 159 small-vehicle 0.1664
528 201 529 191 550 193 549 203 small-vehicle 0.1606
41 259 52 258 53 279 42 280 small-vehicle 0.1585
11 1360 18 1352 35 1367 28 1375 small-vehicle 0.1562
562 174 562 165 581 166 580 175 small-vehicle 0.1534
74 257 85 258 83 280 72 279 small-vehicle 0.1406
65 1400 73 1392 94 1413 86 1421 small-vehicle 0.1354
597 182 599 173 614 175 613 184 small-vehicle 0.1321
83 257 94 257 95 279 84 279 small-vehicle 0.1291
64 257 74 258 74 280 63 279 small-vehicle 0.1285
46 230 43 221 59 216 62 225 small-vehicle 0.1243
14 261 25 259 29 281 18 283 small-vehicle 0.1236
79 406 88 412 74 431 65 424 small-vehicle 0.1206
1180 162 1182 154 1197 157 1195 165 small-vehicle 0.1185
79 693 87 686 101 703 93 710 small-vehicle 0.1163
302 201 302 191 321 191 321 201 small-vehicle 0.1141
254 1 264 2 262 22 253 21 small-vehicle 0.1124
12 202 13 196 28 198 27 204 small-vehicle 0.1120
21 761 29 751 51 769 43 778 small-vehicle 0.1116
475 640 484 628 521 658 511 670 small-vehicle 0.1106
10 780 20 774 34 795 24 801 small-vehicle 0.1080
265 193 265 186 280 187 280 194 small-vehicle 0.1071
47 858 55 852 67 869 59 875 small-vehicle 0.1056
29 752 37 744 57 764 49 772 small-vehicle 0.1042
28 260 38 259 42 280 32 281 small-vehicle 0.1009
967 191 967 182 988 183 987 192 small-vehicle 0.1003
947 692 947 680 1007 679 1007 691 large-vehicle 0.2948
475 640 484 628 521 658 511 670 large-vehicle 0.2572
586 663 595 653 633 685 624 696 large-vehicle 0.1973
271 898 277 891 301 910 296 917 large-vehicle 0.1765
952 722 952 710 983 708 984 720 large-vehicle 0.1344
614 212 613 203 633 201 634 211 large-vehicle 0.1304
483 216 483 205 507 206 507 217 large-vehicle 0.1299
525 204 524 193 548 190 549 201 large-vehicle 0.1291
871 568 889 569 887 628 869 628 large-vehicle 0.1270
470 1106 475 1098 500 1114 495 1122 large-vehicle 0.1246
810 865 824 863 828 894 814 896 large-vehicle 0.1215
311 170 311 159 337 160 336 171 large-vehicle 0.1194
248 879 254 871 273 886 266 894 large-vehicle 0.1080
225 227 224 215 252 214 252 225 large-vehicle 0.1053
120 217 118 206 138 202 140 212 large-vehicle 0.1005
812 866 826 865 827 894 813 895 ship 0.1641
470 1106 475 1098 500 1114 495 1122 ship 0.1324
586 663 595 653 633 685 624 696 ship 0.1245
365 279 417 275 423 369 371 372 tennis-court 0.9094
196 283 245 279 254 381 204 385 tennis-court 0.8480
249 285 295 275 314 366 268 375 tennis-court 0.8477
310 282 356 277 366 371 320 376 tennis-court 0.8389
312 475 334 424 437 470 414 521 tennis-court 0.6054
173 454 216 396 317 471 274 529 tennis-court 0.5435
321 453 321 403 438 402 438 452 tennis-court 0.3796
363 282 411 276 423 366 375 373 basketball-court 0.1127
249 285 295 275 314 366 268 375 basketball-court 0.1068
956 761 1098 845 1009 995 867 911 storage-tank 0.1013
464 241 845 189 908 644 527 697 soccer-ball-field 0.2997
148 823 305 569 811 882 654 1136 soccer-ball-field 0.2906
10 991 299 901 414 1269 125 1360 soccer-ball-field 0.1769
365 1119 623 1148 589 1448 330 1418 soccer-ball-field 0.1369
964 446 1115 496 1065 648 914 598 soccer-ball-field 0.1065
126 885 236 924 196 1037 86 998 soccer-ball-field 0.1006
1096 1253 1117 1244 1136 1284 1116 1294 swimming-pool 0.1130
