382 1075 381 1058 462 1053 463 1070 bridge 0.1222
367 1227 367 1208 450 1208 450 1228 bridge 0.1191
362 1328 362 1310 442 1310 442 1328 bridge 0.1062
373 1200 374 1183 453 1184 453 1201 bridge 0.1028
335 1365 352 1365 351 1407 334 1407 small-vehicle 0.2697
236 1360 251 1361 248 1397 232 1395 small-vehicle 0.2657
269 1365 287 1366 285 1403 268 1402 small-vehicle 0.2566
381 1378 399 1377 401 1417 383 1418 small-vehicle 0.2454
211 1358 226 1359 224 1397 209 1397 small-vehicle 0.2416
312 1373 326 1375 321 1410 307 1408 small-vehicle 0.2011
418 558 422 538 501 556 497 576 small-vehicle 0.1809
413 583 417 564 498 580 495 599 small-vehicle 0.1710
404 721 405 697 491 701 489 725 small-vehicle 0.1607
390 888 393 867 478 880 475 901 small-vehicle 0.1571
294 1371 309 1371 310 1406 294 1406 small-vehicle 0.1477
420 509 422 488 508 498 506 519 small-vehicle 0.1434
379 1069 382 1048 465 1059 463 1080 small-vehicle 0.1371
374 1118 378 1094 458 1107 454 1131 small-vehicle 0.1355
409 635 413 613 495 628 491 649 small-vehicle 0.1355
389 923 387 900 474 893 476 916 small-vehicle 0.1330
436 258 438 238 521 247 519 267 small-vehicle 0.1254
411 610 414 590 496 602 493 622 small-vehicle 0.1222
386 942 388 921 480 929 478 950 small-vehicle 0.1164
407 663 409 641 495 649 493 671 small-vehicle 0.1138
425 355 428 335 517 348 514 368 small-vehicle 0.1120
196 266 197 245 278 250 277 271 small-vehicle 0.1103
417 541 417 521 498 519 499 539 small-vehicle 0.1050
369 1248 371 1230 454 1240 452 1257 small-vehicle 0.1034
430 407 432 389 512 398 510 416 small-vehicle 0.1015
369 1252 369 1233 450 1235 449 1254 large-vehicle 0.8862
380 1069 382 1049 468 1058 466 1077 large-vehicle 0.8846
382 1044 383 1023 468 1030 467 1050 large-vehicle 0.8837
377 1150 378 1130 456 1130 456 1151 large-vehicle 0.8781
423 485 424 466 502 472 500 491 large-vehicle 0.8749
384 1017 386 997 471 1006 469 1026 large-vehicle 0.8701
373 1201 373 1181 452 1181 453 1200 large-vehicle 0.8674
428 411 429 392 511 396 510 415 large-vehicle 0.8668
376 1175 377 1155 453 1157 452 1178 large-vehicle 0.8668
418 512 419 492 504 497 502 518 large-vehicle 0.8639
175 546 176 526 253 530 252 551 large-vehicle 0.8628
367 1227 367 1208 450 1208 450 1228 large-vehicle 0.8608
427 386 428 367 511 370 510 389 large-vehicle 0.8608
384 994 386 973 468 980 466 1002 large-vehicle 0.8603
174 517 175 497 253 503 252 523 large-vehicle 0.8594
160 725 161 707 245 709 245 726 large-vehicle 0.8592
426 457 428 439 507 446 506 464 large-vehicle 0.8557
130 1257 132 1238 209 1246 207 1265 large-vehicle 0.8529
176 576 177 557 257 558 256 577 large-vehicle 0.8518
388 972 389 950 470 952 469 975 large-vehicle 0.8475
135 1227 138 1208 212 1221 209 1240 large-vehicle 0.8467
145 1006 145 985 224 986 224 1007 large-vehicle 0.8465
178 498 178 478 254 476 254 496 large-vehicle 0.8460
147 930 148 910 230 911 230 932 large-vehicle 0.8442
361 1299 363 1278 444 1286 442 1306 large-vehicle 0.8438
377 1120 379 1099 456 1108 453 1130 large-vehicle 0.8424
132 1178 134 1159 216 1170 213 1189 large-vehicle 0.8414
385 943 387 921 477 928 475 950 large-vehicle 0.8406
145 954 146 934 229 938 228 958 large-vehicle 0.8368
184 391 185 373 265 382 263 399 large-vehicle 0.8357
162 696 164 677 248 686 246 705 large-vehicle 0.8350
139 1027 141 1008 223 1015 222 1034 large-vehicle 0.8343
136 1156 137 1137 215 1141 214 1160 large-vehicle 0.8325
162 750 163 730 246 735 245 755 large-vehicle 0.8317
142 979 143 959 227 964 226 984 large-vehicle 0.8311
362 1328 362 1310 442 1310 442 1328 large-vehicle 0.8305
174 599 175 581 252 581 252 600 large-vehicle 0.8296
176 439 179 418 261 430 258 451 large-vehicle 0.8246
412 643 410 622 492 616 493 638 large-vehicle 0.8234
125 1312 125 1293 203 1295 202 1315 large-vehicle 0.8229
179 466 182 446 258 458 255 477 large-vehicle 0.8211
415 540 415 520 501 522 500 543 large-vehicle 0.8197
429 436 430 416 517 423 516 442 large-vehicle 0.8178
184 365 186 345 269 356 266 376 large-vehicle 0.8178
135 1203 137 1184 214 1195 212 1214 large-vehicle 0.8122
408 692 408 671 491 673 490 694 large-vehicle 0.8113
437 260 438 241 524 245 524 264 large-vehicle 0.8083
431 358 432 339 515 346 514 365 large-vehicle 0.8080
138 1078 140 1058 220 1067 218 1086 large-vehicle 0.8063
413 583 417 564 498 580 495 599 large-vehicle 0.8056
159 778 160 757 240 761 239 781 large-vehicle 0.8029
433 283 434 265 519 269 518 287 large-vehicle 0.8024
169 646 170 627 248 634 246 653 large-vehicle 0.8021
123 1334 125 1315 201 1324 198 1343 large-vehicle 0.8004
134 1103 136 1085 219 1094 217 1112 large-vehicle 0.7993
412 565 412 546 500 547 500 566 large-vehicle 0.7930
386 914 388 893 480 904 478 925 large-vehicle 0.7920
150 906 150 886 232 885 233 905 large-vehicle 0.7904
148 879 148 860 235 860 235 879 large-vehicle 0.7886
407 666 408 646 495 648 495 669 large-vehicle 0.7832
405 719 407 697 490 705 488 726 large-vehicle 0.7827
411 616 411 596 496 596 496 616 large-vehicle 0.7731
152 853 152 835 235 834 235 852 large-vehicle 0.7634
390 887 394 867 480 883 476 902 large-vehicle 0.7551
187 341 189 320 270 326 269 346 large-vehicle 0.7517
197 261 200 242 278 254 275 273 large-vehicle 0.5947
335 1365 352 1365 351 1407 334 1407 large-vehicle 0.1946
381 1378 399 1377 401 1417 383 1418 large-vehicle 0.1737
368 1278 367 1259 446 1258 446 1277 large-vehicle 0.1392
172 621 172 602 254 605 253 624 large-vehicle 0.1129
167 669 168 650 252 656 250 674 large-vehicle 0.1125
192 415 195 398 261 408 259 425 large-vehicle 0.1057
333 1366 350 1365 353 1405 335 1406 ship 0.1703
310 1371 326 1371 326 1408 309 1408 ship 0.1196
236 1360 251 1361 249 1398 233 1396 ship 0.1052
