490 51 575 93 534 176 449 134 baseball-diamond 0.2706
378 189 426 138 497 205 448 256 baseball-diamond 0.1039
314 123 352 83 418 145 379 186 ground-track-field 0.2529
390 187 428 146 491 206 452 246 ground-track-field 0.1086
27 379 35 383 27 398 19 393 small-vehicle 0.2425
494 617 520 589 584 648 558 676 tennis-court 0.9533
458 661 483 630 552 686 527 717 tennis-court 0.9528
707 376 731 344 802 398 778 429 tennis-court 0.9480
420 700 448 670 515 732 486 762 tennis-court 0.9404
550 552 579 523 644 587 615 616 tennis-court 0.9215
653 434 680 404 746 463 719 493 tennis-court 0.9207
742 332 769 303 832 361 805 390 tennis-court 0.9096
619 474 646 444 709 500 682 530 tennis-court 0.9073
250 283 278 256 339 320 311 347 tennis-court 0.9019
204 336 235 309 291 375 260 401 tennis-court 0.9007
584 517 611 485 678 543 651 574 tennis-court 0.8987
158 388 185 358 250 417 223 447 tennis-court 0.6881
379 188 421 137 494 198 452 249 basketball-court 0.8046
307 128 346 81 424 147 385 194 basketball-court 0.6266
639 448 702 480 641 597 579 565 basketball-court 0.1896
494 603 550 586 578 681 522 698 basketball-court 0.1652
658 419 715 405 738 500 681 514 basketball-court 0.1389
749 314 803 303 821 391 767 402 basketball-court 0.1385
419 696 456 662 519 731 482 765 basketball-court 0.1130
628 569 642 581 619 611 604 599 basketball-court 0.1115
386 135 412 151 396 179 369 164 storage-tank 0.1925
386 187 420 145 492 206 458 247 storage-tank 0.1304
