89 439 95 440 90 475 84 474 bridge 0.1210
443 486 444 474 469 475 468 487 small-vehicle 0.3631
601 20 610 20 610 40 601 40 small-vehicle 0.3160
525 20 536 20 535 39 525 38 small-vehicle 0.3064
654 642 654 631 677 631 677 642 small-vehicle 0.3012
658 619 658 611 677 610 677 619 small-vehicle 0.2678
656 573 666 573 666 598 656 598 small-vehicle 0.2631
212 161 221 160 224 180 215 181 small-vehicle 0.2381
324 32 329 24 347 32 343 41 small-vehicle 0.2364
173 159 182 158 183 179 173 179 small-vehicle 0.2227
81 144 84 133 105 138 103 149 small-vehicle 0.2193
131 146 131 135 153 136 153 147 small-vehicle 0.2082
370 113 370 104 388 104 388 113 small-vehicle 0.1919
330 150 329 141 349 139 350 148 small-vehicle 0.1917
425 139 422 130 442 123 445 132 small-vehicle 0.1787
305 149 304 139 325 139 325 148 small-vehicle 0.1681
348 106 351 97 366 103 363 112 small-vehicle 0.1665
529 711 545 710 547 738 531 739 small-vehicle 0.1657
292 404 302 404 302 423 292 423 small-vehicle 0.1647
445 834 442 819 471 813 474 828 small-vehicle 0.1589
393 124 406 118 417 141 405 147 small-vehicle 0.1550
199 402 207 401 208 419 200 419 small-vehicle 0.1543
317 402 327 401 329 419 319 420 small-vehicle 0.1442
60 143 60 132 80 132 80 142 small-vehicle 0.1425
196 497 205 496 207 515 198 516 small-vehicle 0.1416
249 150 249 138 273 137 274 149 small-vehicle 0.1372
170 471 181 472 179 491 169 490 small-vehicle 0.1267
202 355 211 356 208 374 199 373 small-vehicle 0.1258
393 119 393 110 414 110 413 120 small-vehicle 0.1229
670 572 681 574 675 600 664 598 small-vehicle 0.1186
412 359 420 358 422 378 414 379 small-vehicle 0.1151
248 7 256 7 255 24 247 23 small-vehicle 0.1130
616 22 625 23 622 41 613 40 small-vehicle 0.1129
411 427 420 426 422 447 413 448 small-vehicle 0.1121
240 7 247 8 246 22 239 21 small-vehicle 0.1087
198 427 207 426 208 444 199 444 small-vehicle 0.1075
32 208 41 208 41 229 33 229 small-vehicle 0.1067
199 269 211 269 210 307 198 306 small-vehicle 0.1045
201 215 210 214 212 232 203 233 small-vehicle 0.1031
390 46 379 34 409 7 419 19 small-vehicle 0.1018
122 544 131 543 132 561 123 562 small-vehicle 0.1013
139 786 139 780 166 782 165 788 large-vehicle 0.1442
261 688 264 672 321 681 318 697 large-vehicle 0.1247
226 620 231 610 259 626 254 636 large-vehicle 0.1232
199 275 211 275 211 304 199 304 ship 0.1150
