350 512 356 512 356 520 350 520 small-vehicle 0.1294
67 442 112 444 109 535 64 534 tennis-court 0.9834
84 306 128 309 123 401 78 398 tennis-court 0.9814
243 322 288 325 282 417 237 414 tennis-court 0.9775
142 309 187 314 175 407 130 401 tennis-court 0.9761
129 445 173 452 160 543 116 537 tennis-court 0.9678
15 435 59 438 53 530 9 527 tennis-court 0.9658
305 324 349 331 336 421 291 415 tennis-court 0.9592
27 297 72 300 67 393 23 391 tennis-court 0.9380
231 458 276 462 268 552 223 548 tennis-court 0.9219
290 467 334 472 323 561 278 555 tennis-court 0.8840
110 179 158 192 138 264 90 251 tennis-court 0.1977
242 199 299 204 291 308 234 304 tennis-court 0.1749
312 204 373 206 369 308 308 306 tennis-court 0.1376
313 208 376 210 372 310 310 308 basketball-court 0.9018
237 198 302 202 296 305 231 301 basketball-court 0.8813
106 188 147 191 142 255 102 252 basketball-court 0.1269
231 207 293 201 303 302 240 308 storage-tank 0.1144
-40 247 -20 152 137 185 117 281 soccer-ball-field 0.1811
91 242 131 163 239 218 199 297 soccer-ball-field 0.1061
