526 750 612 812 548 899 463 837 plane 0.1410
277 506 416 570 345 723 206 658 baseball-diamond 0.8951
473 213 579 252 537 366 431 328 baseball-diamond 0.8862
529 742 615 803 547 899 461 838 baseball-diamond 0.8454
638 585 731 641 675 733 582 677 baseball-diamond 0.8259
772 416 867 453 830 548 735 511 baseball-diamond 0.5653
503 178 810 342 555 818 249 654 baseball-diamond 0.1817
192 325 202 331 188 351 179 345 small-vehicle 0.2543
44 488 55 495 43 514 32 508 small-vehicle 0.2497
806 137 814 143 802 160 794 154 small-vehicle 0.2463
392 889 399 881 415 894 408 903 small-vehicle 0.2437
612 1027 619 1019 636 1033 630 1041 small-vehicle 0.2406
252 794 259 787 274 802 267 809 small-vehicle 0.2239
256 752 263 744 280 757 274 765 small-vehicle 0.2210
237 323 245 329 234 347 226 342 small-vehicle 0.2164
1069 602 1079 607 1069 627 1059 621 small-vehicle 0.2094
293 254 302 261 279 292 269 285 small-vehicle 0.2065
712 1107 718 1099 733 1110 728 1118 small-vehicle 0.2039
98 674 106 667 121 683 113 690 small-vehicle 0.2030
812 65 820 73 805 89 797 81 small-vehicle 0.2021
326 853 331 846 348 857 344 864 small-vehicle 0.2020
654 1076 660 1069 674 1084 667 1090 small-vehicle 0.2018
734 165 744 170 732 189 723 183 small-vehicle 0.1999
209 762 215 755 232 771 226 777 small-vehicle 0.1993
116 691 122 682 141 695 136 704 small-vehicle 0.1946
131 655 136 648 155 661 150 669 small-vehicle 0.1939
1076 315 1084 322 1070 338 1062 331 small-vehicle 0.1917
667 1122 674 1113 692 1127 685 1136 small-vehicle 0.1889
1048 590 1058 596 1047 613 1038 608 small-vehicle 0.1887
1084 682 1094 685 1089 706 1079 703 small-vehicle 0.1838
376 844 383 836 400 852 393 860 small-vehicle 0.1798
439 893 444 886 459 897 454 905 small-vehicle 0.1776
403 113 411 118 400 135 392 129 small-vehicle 0.1740
102 1059 108 1051 128 1067 122 1075 small-vehicle 0.1712
1040 646 1047 651 1035 667 1028 661 small-vehicle 0.1711
648 1101 656 1095 671 1113 663 1119 small-vehicle 0.1708
1022 631 1030 638 1015 655 1007 647 small-vehicle 0.1701
1086 616 1095 620 1086 642 1077 638 small-vehicle 0.1660
1058 660 1067 665 1055 684 1046 678 small-vehicle 0.1609
351 872 356 865 376 881 370 888 small-vehicle 0.1587
820 384 827 378 844 396 838 402 small-vehicle 0.1584
1017 391 1026 397 1009 422 1000 415 small-vehicle 0.1583
1074 671 1082 677 1070 694 1062 688 small-vehicle 0.1582
479 29 472 22 489 5 496 13 small-vehicle 0.1553
1052 521 1058 516 1070 531 1063 536 small-vehicle 0.1544
518 111 525 102 545 116 538 125 small-vehicle 0.1536
638 286 648 273 676 294 666 307 small-vehicle 0.1480
350 995 358 1002 338 1025 330 1018 small-vehicle 0.1465
1030 639 1037 646 1024 660 1016 653 small-vehicle 0.1463
961 533 970 538 958 559 949 554 small-vehicle 0.1455
327 3 334 -5 353 11 345 19 small-vehicle 0.1451
119 480 126 486 113 503 106 497 small-vehicle 0.1419
455 103 460 97 476 108 471 115 small-vehicle 0.1416
16 1024 22 1017 37 1030 31 1036 small-vehicle 0.1415
1061 599 1069 605 1057 622 1049 616 small-vehicle 0.1392
1082 675 1091 681 1077 700 1069 694 small-vehicle 0.1379
54 1056 60 1049 76 1063 71 1070 small-vehicle 0.1369
140 448 150 451 144 470 134 467 small-vehicle 0.1358
448 1068 456 1073 446 1089 438 1084 small-vehicle 0.1352
500 944 506 935 526 948 520 957 small-vehicle 0.1351
828 43 836 49 826 66 817 61 small-vehicle 0.1342
33 1040 37 1033 55 1045 51 1052 small-vehicle 0.1332
228 782 233 774 252 784 247 792 small-vehicle 0.1312
349 182 357 187 341 211 333 205 small-vehicle 0.1296
1049 653 1056 659 1043 675 1036 669 small-vehicle 0.1282
1029 508 1037 501 1055 519 1048 527 small-vehicle 0.1277
632 15 637 8 655 18 650 26 small-vehicle 0.1256
886 33 894 38 883 55 875 50 small-vehicle 0.1254
386 134 393 139 383 153 377 148 small-vehicle 0.1247
842 409 846 400 865 411 861 419 small-vehicle 0.1243
997 364 1004 370 990 386 983 379 small-vehicle 0.1229
205 72 210 64 227 75 221 83 small-vehicle 0.1219
264 290 272 295 261 311 253 307 small-vehicle 0.1206
186 387 196 390 188 412 178 408 small-vehicle 0.1174
981 384 989 389 977 407 969 401 small-vehicle 0.1172
200 6 207 13 190 33 182 26 small-vehicle 0.1157
372 151 382 157 359 190 349 184 small-vehicle 0.1143
632 1089 640 1083 652 1099 644 1105 small-vehicle 0.1135
309 792 314 786 330 797 326 804 small-vehicle 0.1107
310 232 317 237 307 254 300 250 small-vehicle 0.1098
184 1 191 6 178 24 171 19 small-vehicle 0.1084
163 17 157 10 171 -3 178 2 small-vehicle 0.1070
249 1002 260 1010 234 1043 224 1036 small-vehicle 0.1059
902 15 909 21 894 38 888 33 small-vehicle 0.1056
478 74 484 69 500 89 493 94 small-vehicle 0.1049
0 979 5 972 19 984 13 990 small-vehicle 0.1044
402 1122 412 1127 402 1147 393 1142 small-vehicle 0.1029
590 1013 595 1005 614 1016 609 1024 small-vehicle 0.1027
1040 1130 1047 1120 1069 1134 1062 1144 small-vehicle 0.1024
92 429 100 433 90 450 82 445 small-vehicle 0.1014
1030 726 1050 715 1085 783 1066 793 large-vehicle 0.2718
119 482 126 487 112 503 105 498 large-vehicle 0.2223
100 488 109 492 85 541 76 537 large-vehicle 0.2153
235 550 240 554 220 575 216 571 large-vehicle 0.1780
351 872 356 865 376 881 370 888 large-vehicle 0.1167
350 995 358 1002 338 1025 330 1018 large-vehicle 0.1139
196 322 205 329 187 352 178 344 large-vehicle 0.1116
376 843 383 836 399 852 392 860 large-vehicle 0.1056
399 1020 408 1028 380 1062 370 1054 large-vehicle 0.1051
350 995 358 1002 338 1025 330 1018 ship 0.1341
716 986 747 1009 721 1044 690 1020 storage-tank 0.1720
526 750 612 812 548 899 463 837 storage-tank 0.1217
621 586 727 622 688 734 583 697 storage-tank 0.1148
494 206 588 263 520 375 426 318 soccer-ball-field 0.1795
346 351 643 272 746 663 449 741 soccer-ball-field 0.1580
529 742 615 803 547 899 461 838 soccer-ball-field 0.1318
851 735 981 806 873 1005 743 934 soccer-ball-field 0.1300
767 427 852 457 823 541 738 512 soccer-ball-field 0.1052
710 986 751 1005 731 1047 690 1028 roundabout 0.1047
