585 294 585 285 608 283 609 292 small-vehicle 0.4882
640 139 651 140 650 162 639 162 small-vehicle 0.4363
417 560 428 561 425 585 414 584 small-vehicle 0.4296
657 554 657 544 678 544 678 554 small-vehicle 0.2735
611 254 612 246 632 249 631 257 small-vehicle 0.2442
650 333 648 320 672 315 675 328 small-vehicle 0.2290
568 563 567 551 594 548 595 560 small-vehicle 0.1851
231 554 244 554 245 579 233 579 small-vehicle 0.1795
554 37 565 39 562 60 552 58 small-vehicle 0.1477
231 554 243 554 244 578 232 579 large-vehicle 0.1186
585 294 585 285 608 283 608 293 large-vehicle 0.1009
275 393 324 392 326 490 277 492 tennis-court 0.9383
336 392 384 391 386 491 337 492 tennis-court 0.9372
217 249 265 249 266 345 218 345 tennis-court 0.9117
398 390 445 392 440 487 394 485 tennis-court 0.8842
220 394 264 394 264 490 219 490 tennis-court 0.8695
159 247 209 249 206 348 156 346 tennis-court 0.8483
160 394 210 394 211 491 160 492 tennis-court 0.7860
368 236 440 233 447 356 375 360 tennis-court 0.2071
270 248 341 229 375 352 304 372 tennis-court 0.1431
284 233 358 232 360 359 286 360 basketball-court 0.9399
375 226 447 232 437 359 365 354 basketball-court 0.9389
657 552 660 541 683 545 681 556 storage-tank 0.1067
