328 680 323 670 379 644 384 654 bridge 0.1660
303 1104 315 1103 315 1128 304 1128 small-vehicle 0.2150
157 68 151 61 170 45 176 52 small-vehicle 0.1861
105 123 99 116 114 104 119 111 small-vehicle 0.1684
82 167 77 159 96 148 101 156 small-vehicle 0.1533
37 184 32 174 52 163 57 173 small-vehicle 0.1369
226 1139 219 1127 265 1097 272 1108 small-vehicle 0.1046
500 927 497 920 513 913 517 920 small-vehicle 0.1045
228 1136 221 1124 270 1095 277 1106 large-vehicle 0.4042
476 964 471 956 496 939 501 947 large-vehicle 0.2188
714 823 708 812 746 788 753 798 large-vehicle 0.1133
226 1137 219 1124 268 1095 275 1107 ship 0.2058
303 1104 316 1103 316 1130 304 1131 ship 0.1032
505 412 545 391 589 475 548 496 tennis-court 0.9718
218 581 257 559 304 641 266 663 tennis-court 0.9713
364 498 402 477 448 560 410 582 tennis-court 0.9676
713 361 731 347 757 381 739 394 tennis-court 0.9660
264 553 302 530 352 613 314 636 tennis-court 0.9619
311 527 351 502 402 583 362 608 tennis-court 0.9591
689 375 706 363 729 398 712 410 tennis-court 0.9583
407 472 446 448 496 528 456 552 tennis-court 0.9555
662 389 679 377 704 413 687 424 tennis-court 0.9530
455 441 493 418 542 499 504 522 tennis-court 0.9516
637 402 656 392 677 430 658 440 tennis-court 0.9467
551 385 590 362 637 444 599 466 tennis-court 0.9343
168 609 208 587 253 669 213 691 tennis-court 0.9340
657 319 674 308 696 342 679 353 tennis-court 0.9117
607 348 626 338 643 371 624 381 tennis-court 0.8748
632 331 650 323 667 359 649 367 tennis-court 0.8575
682 304 699 293 722 328 705 339 tennis-court 0.8052
115 644 150 618 205 693 170 719 tennis-court 0.3168
281 739 307 717 357 778 331 799 tennis-court 0.2730
482 620 515 594 566 660 534 685 tennis-court 0.2246
190 775 239 750 296 861 247 886 tennis-court 0.1058
674 619 642 575 718 520 750 563 basketball-court 0.4939
652 571 621 521 707 467 738 517 basketball-court 0.4258
726 533 724 472 829 468 832 529 basketball-court 0.2136
713 361 731 347 757 381 739 394 basketball-court 0.1424
709 768 679 733 744 679 773 715 basketball-court 0.1308
365 500 402 480 444 556 407 576 basketball-court 0.1061
683 304 700 293 722 327 705 338 basketball-court 0.1046
173 620 209 595 259 666 223 692 basketball-court 0.1023
635 406 652 393 677 426 659 439 basketball-court 0.1012
222 584 260 564 301 640 263 660 basketball-court 0.1010
355 845 275 731 506 568 586 681 soccer-ball-field 0.2689
486 625 514 599 568 657 540 684 soccer-ball-field 0.1284
274 739 300 714 361 781 335 805 harbor 0.1263
