111 1500 119 1467 349 1528 340 1561 bridge 0.3616
334 1616 318 1562 1138 1323 1153 1377 bridge 0.1017
1244 109 1255 102 1270 124 1260 132 small-vehicle 0.1576
390 574 401 567 414 588 404 595 small-vehicle 0.1564
433 534 442 531 446 546 437 548 small-vehicle 0.1550
344 636 357 636 356 659 343 659 small-vehicle 0.1550
364 604 376 598 388 620 376 627 small-vehicle 0.1448
1282 65 1291 59 1304 79 1295 85 small-vehicle 0.1437
887 88 896 85 903 106 893 109 small-vehicle 0.1415
1344 175 1354 170 1365 191 1356 197 small-vehicle 0.1412
571 509 580 516 563 536 554 529 small-vehicle 0.1390
608 285 615 276 632 288 625 297 small-vehicle 0.1385
1314 212 1323 206 1337 227 1329 233 small-vehicle 0.1372
602 456 614 458 611 481 599 479 small-vehicle 0.1348
311 669 325 668 329 697 315 699 small-vehicle 0.1328
406 551 420 549 424 579 411 581 small-vehicle 0.1313
679 278 692 275 697 299 685 302 small-vehicle 0.1301
663 292 674 286 687 308 675 314 small-vehicle 0.1287
1482 163 1494 169 1480 197 1468 192 small-vehicle 0.1261
1343 68 1353 63 1363 82 1353 88 small-vehicle 0.1251
1358 162 1369 159 1374 182 1363 185 small-vehicle 0.1232
1221 138 1234 132 1244 155 1231 161 small-vehicle 0.1224
645 313 657 308 666 330 655 335 small-vehicle 0.1207
307 596 319 594 323 620 311 622 small-vehicle 0.1192
382 511 392 510 394 532 384 533 small-vehicle 0.1185
856 122 860 114 878 123 874 131 small-vehicle 0.1178
655 300 667 296 675 318 663 323 small-vehicle 0.1176
559 506 568 512 554 531 546 525 small-vehicle 0.1170
747 217 757 213 763 232 754 235 small-vehicle 0.1156
572 383 581 376 595 395 586 401 small-vehicle 0.1155
1206 153 1218 149 1226 172 1214 177 small-vehicle 0.1138
965 21 969 16 983 28 978 33 small-vehicle 0.1134
421 539 432 537 435 564 424 565 small-vehicle 0.1114
645 485 656 489 648 513 637 509 small-vehicle 0.1112
468 484 478 479 487 498 477 503 small-vehicle 0.1104
625 330 635 323 649 342 638 349 small-vehicle 0.1102
376 590 385 583 400 602 391 609 small-vehicle 0.1099
358 533 370 533 371 558 359 558 small-vehicle 0.1092
538 492 548 494 543 518 533 516 small-vehicle 0.1079
633 322 643 316 654 335 644 341 small-vehicle 0.1078
1298 120 1308 113 1322 131 1312 138 small-vehicle 0.1071
1315 124 1326 116 1344 143 1333 150 small-vehicle 0.1059
614 342 624 334 639 353 629 360 small-vehicle 0.1033
642 247 649 241 665 258 658 264 small-vehicle 0.1032
1369 155 1380 151 1386 170 1375 174 small-vehicle 0.1026
1334 191 1341 183 1356 198 1348 205 small-vehicle 0.1021
1261 193 1267 183 1289 197 1283 206 small-vehicle 0.1015
786 469 794 459 825 486 817 495 large-vehicle 0.1259
677 1081 691 1091 663 1131 649 1121 ship 0.7660
813 1194 826 1204 796 1244 783 1234 ship 0.7514
1283 758 1295 766 1273 796 1262 788 ship 0.7385
645 1057 659 1067 629 1104 616 1094 ship 0.7346
382 1299 397 1312 354 1361 339 1348 ship 0.7136
855 999 868 1007 844 1043 831 1034 ship 0.7099
263 1293 279 1306 233 1361 217 1348 ship 0.7086
321 1234 338 1246 300 1300 283 1288 ship 0.7083
321 1321 305 1305 355 1257 370 1272 ship 0.7081
361 1278 377 1289 343 1335 328 1324 ship 0.7036
962 1091 977 1101 951 1141 936 1132 ship 0.6965
482 1094 494 1106 456 1145 444 1134 ship 0.6937
921 1054 933 1065 897 1103 885 1092 ship 0.6868
1327 796 1339 803 1322 835 1309 828 ship 0.6868
637 1298 651 1283 702 1331 688 1346 ship 0.6796
518 1218 531 1229 498 1267 486 1257 ship 0.6711
1029 740 1041 747 1021 779 1009 772 ship 0.6703
682 1006 695 1016 666 1053 653 1043 ship 0.6686
891 954 905 964 876 1002 862 991 ship 0.6680
516 1115 531 1127 496 1170 481 1158 ship 0.6658
1079 901 1091 909 1070 942 1058 934 ship 0.6588
936 1072 949 1082 923 1115 911 1106 ship 0.6563
1294 1076 1310 1090 1268 1136 1253 1122 ship 0.6554
1248 854 1260 861 1240 893 1228 885 ship 0.6529
711 1174 700 1161 734 1131 745 1143 ship 0.6477
1146 834 1159 841 1142 875 1129 869 ship 0.6471
729 1058 742 1066 721 1099 708 1091 ship 0.6453
853 1149 865 1158 838 1196 826 1188 ship 0.6436
1047 877 1061 886 1037 920 1024 911 ship 0.6424
1144 643 1154 652 1130 679 1120 670 ship 0.6410
1226 828 1239 837 1214 874 1201 864 ship 0.6360
926 844 937 854 910 884 899 874 ship 0.6314
702 1028 716 1037 691 1076 677 1067 ship 0.6299
1232 907 1246 914 1227 947 1214 940 ship 0.6295
1076 968 1089 978 1064 1010 1052 1000 ship 0.6283
845 1225 858 1236 831 1270 817 1259 ship 0.6283
1188 1060 1200 1068 1178 1101 1165 1092 ship 0.6279
991 824 1003 835 974 867 962 856 ship 0.6275
997 1092 1012 1103 982 1144 967 1133 ship 0.6271
258 1259 274 1274 213 1340 196 1324 ship 0.6265
762 1155 775 1164 748 1205 735 1195 ship 0.6228
617 1330 628 1319 662 1354 652 1364 ship 0.6194
829 977 841 987 811 1022 799 1012 ship 0.6190
1275 688 1288 695 1272 724 1260 717 ship 0.6158
632 1223 647 1232 620 1276 605 1267 ship 0.6133
613 1030 625 1040 598 1073 586 1063 ship 0.6125
1186 497 1196 505 1177 530 1167 522 ship 0.6117
869 1169 881 1178 857 1211 844 1202 ship 0.6085
1003 1049 1016 1060 987 1093 974 1081 ship 0.6061
579 1187 593 1198 564 1236 550 1226 ship 0.6049
594 1342 606 1329 651 1370 639 1383 ship 0.6040
885 1176 896 1185 868 1219 857 1209 ship 0.6038
943 795 956 803 934 835 922 826 ship 0.6038
1017 849 1030 857 1011 892 998 884 ship 0.6014
1359 860 1351 851 1374 829 1383 838 ship 0.5933
1085 595 1096 603 1074 634 1063 626 ship 0.5911
981 892 994 900 972 936 959 928 ship 0.5897
1147 470 1159 475 1146 505 1134 500 ship 0.5894
1223 526 1234 533 1216 562 1204 554 ship 0.5875
1031 720 1021 709 1047 684 1057 694 ship 0.5875
1243 725 1255 732 1235 765 1223 758 ship 0.5858
1189 992 1201 999 1182 1031 1170 1023 ship 0.5850
828 906 839 918 810 948 798 937 ship 0.5834
897 1042 909 1052 879 1087 867 1078 ship 0.5827
1051 947 1061 956 1038 983 1027 974 ship 0.5823
646 980 660 989 635 1026 621 1017 ship 0.5812
1219 1019 1230 1028 1209 1056 1197 1047 ship 0.5791
849 920 860 931 828 964 817 952 ship 0.5787
749 1071 760 1081 734 1114 722 1105 ship 0.5781
1000 650 1013 656 996 690 983 683 ship 0.5780
1306 777 1316 784 1298 809 1288 802 ship 0.5765
953 865 965 875 936 910 925 900 ship 0.5756
1190 685 1204 689 1194 724 1180 720 ship 0.5734
914 774 925 784 902 808 892 799 ship 0.5702
1249 548 1263 555 1245 590 1231 583 ship 0.5701
678 1142 668 1131 701 1099 712 1109 ship 0.5678
1298 587 1309 596 1290 620 1279 611 ship 0.5678
1114 616 1125 623 1106 654 1095 647 ship 0.5677
498 1203 514 1212 490 1255 474 1246 ship 0.5668
907 971 919 980 896 1013 884 1004 ship 0.5655
1092 981 1106 989 1086 1025 1073 1017 ship 0.5652
1170 668 1179 675 1155 703 1146 695 ship 0.5623
454 1078 469 1088 442 1126 428 1116 ship 0.5608
1223 711 1235 719 1217 746 1206 738 ship 0.5578
1400 791 1410 800 1388 825 1378 817 ship 0.5558
1070 772 1083 779 1064 811 1052 803 ship 0.5482
1125 1009 1137 1018 1113 1049 1101 1039 ship 0.5447
1305 902 1318 909 1299 943 1286 935 ship 0.5399
569 1261 582 1271 557 1307 543 1297 ship 0.5379
1419 253 1431 261 1409 296 1396 288 ship 0.5362
812 1126 826 1134 803 1174 789 1166 ship 0.5353
564 990 577 999 546 1041 533 1031 ship 0.5346
1428 316 1441 325 1415 363 1402 354 ship 0.5345
1299 711 1312 717 1298 748 1285 742 ship 0.5327
1095 726 1105 735 1082 762 1071 753 ship 0.5290
1079 707 1090 716 1063 748 1052 738 ship 0.5276
1270 936 1282 944 1261 975 1249 967 ship 0.5259
995 758 987 747 1015 725 1024 735 ship 0.5256
1321 584 1312 575 1334 554 1343 563 ship 0.5241
1053 570 1064 575 1050 606 1038 601 ship 0.5218
1066 958 1078 966 1054 997 1043 989 ship 0.5207
951 1011 964 1018 943 1053 930 1045 ship 0.5201
605 941 617 950 585 993 573 984 ship 0.5160
1250 731 1265 738 1248 774 1234 768 ship 0.5153
950 675 962 681 945 712 933 706 ship 0.5149
1076 523 1088 530 1070 561 1058 554 ship 0.5137
1270 867 1282 875 1261 907 1249 900 ship 0.5116
1323 603 1337 611 1318 644 1304 636 ship 0.5116
1124 816 1138 825 1116 857 1102 848 ship 0.5114
879 811 891 822 860 853 849 842 ship 0.5113
1305 534 1315 542 1295 566 1285 558 ship 0.5103
1218 647 1232 650 1223 684 1209 680 ship 0.5073
1129 759 1143 763 1131 799 1117 795 ship 0.5056
1354 629 1366 637 1345 668 1333 660 ship 0.5056
746 1141 759 1152 729 1187 716 1176 ship 0.5045
972 632 984 638 966 670 954 664 ship 0.4995
891 817 902 826 878 857 866 847 ship 0.4989
831 768 846 778 821 819 806 809 ship 0.4944
1274 419 1286 423 1278 450 1265 446 ship 0.4930
788 877 803 883 785 924 770 917 ship 0.4922
1215 1061 1205 1050 1237 1023 1246 1034 ship 0.4916
1203 888 1216 895 1200 926 1187 919 ship 0.4904
1063 1149 1075 1160 1039 1200 1027 1189 ship 0.4864
975 697 988 702 975 736 962 731 ship 0.4863
1048 1118 1057 1107 1091 1135 1082 1146 ship 0.4859
893 755 904 763 881 792 870 784 ship 0.4854
1433 281 1445 286 1432 318 1419 312 ship 0.4852
1393 841 1404 850 1381 877 1370 868 ship 0.4827
1395 302 1406 311 1385 338 1374 329 ship 0.4760
1392 1154 1411 1167 1367 1232 1348 1219 ship 0.4732
1167 1046 1180 1052 1160 1089 1148 1082 ship 0.4719
597 1019 608 1030 580 1060 568 1049 ship 0.4718
1279 515 1292 522 1277 554 1264 548 ship 0.4705
1418 801 1430 809 1409 840 1397 832 ship 0.4696
882 1244 870 1233 906 1197 917 1209 ship 0.4678
1103 611 1112 619 1089 644 1081 636 ship 0.4672
712 1111 722 1120 692 1153 682 1143 ship 0.4636
809 967 820 978 792 1008 780 997 ship 0.4620
1355 572 1365 579 1347 606 1336 599 ship 0.4604
1134 579 1146 582 1140 611 1128 609 ship 0.4566
1433 535 1445 541 1432 568 1420 562 ship 0.4560
1328 739 1341 740 1338 775 1324 774 ship 0.4543
1340 927 1352 936 1329 966 1317 957 ship 0.4525
941 671 951 679 932 707 921 699 ship 0.4509
1238 482 1250 489 1231 518 1219 511 ship 0.4472
1036 937 1048 946 1024 978 1012 969 ship 0.4441
1387 244 1400 254 1377 285 1364 275 ship 0.4413
1364 825 1372 833 1353 853 1345 845 ship 0.4378
1185 342 1197 347 1185 375 1173 370 ship 0.4349
1444 370 1453 359 1487 384 1478 395 ship 0.4284
658 834 671 844 644 883 631 874 ship 0.4223
1167 975 1181 980 1165 1018 1151 1012 ship 0.4211
1200 504 1211 512 1191 540 1180 532 ship 0.4173
1184 679 1195 685 1179 713 1168 707 ship 0.4106
959 615 970 624 948 652 936 643 ship 0.4087
998 525 1008 527 1003 556 993 554 ship 0.4067
1025 524 1015 514 1040 491 1049 501 ship 0.4012
1234 1081 1224 1069 1257 1042 1267 1054 ship 0.4002
866 1068 857 1058 887 1032 896 1042 ship 0.3980
1401 517 1412 521 1401 547 1390 543 ship 0.3957
1308 574 1300 565 1321 545 1329 554 ship 0.3929
1254 494 1265 501 1248 530 1236 523 ship 0.3920
1205 818 1220 824 1207 858 1193 853 ship 0.3917
1354 257 1365 265 1342 297 1330 289 ship 0.3890
915 985 930 991 913 1031 899 1025 ship 0.3884
1379 288 1387 296 1363 321 1355 313 ship 0.3878
1064 707 1073 714 1055 738 1046 732 ship 0.3853
1329 593 1320 584 1343 562 1352 571 ship 0.3813
1104 436 1116 440 1106 470 1093 466 ship 0.3778
660 896 650 885 682 854 692 864 ship 0.3768
1053 1208 1042 1196 1079 1161 1090 1173 ship 0.3747
1463 519 1475 523 1466 552 1454 548 ship 0.3684
1007 847 1018 856 995 884 984 875 ship 0.3672
1462 355 1471 345 1496 366 1488 376 ship 0.3658
832 1140 844 1149 819 1184 807 1175 ship 0.3649
1222 374 1233 378 1224 404 1213 400 ship 0.3643
999 713 1009 721 984 750 974 741 ship 0.3613
1023 552 1034 558 1022 582 1011 577 ship 0.3604
1100 552 1114 550 1121 589 1107 591 ship 0.3571
1398 614 1410 620 1397 648 1384 641 ship 0.3524
873 1017 884 1027 858 1057 847 1047 ship 0.3519
976 1036 991 1042 977 1081 962 1076 ship 0.3519
1152 1028 1163 1036 1140 1067 1129 1058 ship 0.3517
1414 218 1430 221 1422 268 1406 265 ship 0.3515
1239 1113 1227 1099 1264 1064 1277 1078 ship 0.3508
1129 797 1135 783 1177 799 1172 813 ship 0.3473
1427 488 1438 493 1427 519 1416 515 ship 0.3471
1356 766 1366 772 1350 799 1340 793 ship 0.3452
1199 546 1191 538 1214 515 1222 523 ship 0.3439
1271 362 1283 368 1270 396 1258 391 ship 0.3391
1214 369 1225 374 1212 400 1201 395 ship 0.3385
1125 582 1134 585 1126 615 1117 612 ship 0.3368
1261 927 1272 933 1256 963 1245 958 ship 0.3343
1142 1021 1152 1027 1134 1058 1123 1052 ship 0.3327
1376 270 1386 279 1354 313 1344 303 ship 0.3270
1436 218 1449 215 1457 257 1445 259 ship 0.3192
1041 729 1034 719 1059 699 1067 710 ship 0.3156
1100 427 1111 435 1092 461 1081 453 ship 0.3155
1395 832 1386 822 1411 798 1420 808 ship 0.3106
1137 402 1148 407 1135 436 1124 431 ship 0.3101
1472 526 1486 532 1475 559 1462 554 ship 0.3087
1438 380 1447 369 1479 396 1470 407 ship 0.3083
1443 181 1458 185 1445 226 1430 222 ship 0.3073
426 1141 442 1149 421 1195 405 1187 ship 0.3068
1159 592 1170 600 1146 629 1136 621 ship 0.3048
1160 327 1172 334 1157 361 1145 355 ship 0.3026
1048 516 1056 522 1038 548 1029 542 ship 0.3022
279 1217 295 1205 316 1235 300 1246 ship 0.3018
1458 294 1470 297 1460 333 1448 329 ship 0.3014
1410 474 1421 479 1410 505 1399 501 ship 0.2974
1361 486 1373 490 1362 519 1350 514 ship 0.2947
773 1166 788 1172 770 1214 755 1208 ship 0.2906
1141 687 1132 676 1160 653 1169 664 ship 0.2894
1345 477 1356 481 1347 505 1336 501 ship 0.2848
952 918 942 908 969 882 978 892 ship 0.2845
756 919 771 927 751 965 736 957 ship 0.2825
938 854 948 863 920 892 910 883 ship 0.2798
1297 399 1310 398 1312 428 1299 429 ship 0.2778
1407 310 1418 319 1395 347 1384 338 ship 0.2774
777 1123 794 1118 806 1159 789 1164 ship 0.2766
1122 445 1131 450 1118 473 1109 468 ship 0.2735
1163 454 1169 442 1202 458 1196 470 ship 0.2708
991 846 1002 850 989 880 978 875 ship 0.2689
1005 765 997 756 1022 733 1031 742 ship 0.2646
1376 460 1388 457 1395 486 1383 489 ship 0.2635
1337 615 1348 623 1328 649 1317 641 ship 0.2627
1449 251 1460 254 1450 287 1439 284 ship 0.2612
1176 985 1189 990 1175 1025 1162 1020 ship 0.2564
1434 644 1445 651 1429 674 1418 666 ship 0.2557
1165 425 1174 431 1158 454 1149 447 ship 0.2549
1402 318 1394 310 1417 289 1424 297 ship 0.2547
1130 605 1139 606 1137 632 1128 631 ship 0.2521
700 856 709 852 724 879 715 883 ship 0.2516
1275 510 1284 519 1263 541 1254 533 ship 0.2403
1342 415 1353 423 1335 447 1324 439 ship 0.2392
1031 530 1024 521 1049 500 1057 509 ship 0.2388
1434 327 1448 332 1435 372 1421 368 ship 0.2370
928 658 938 666 919 695 908 687 ship 0.2341
1123 407 1133 410 1125 437 1116 434 ship 0.2341
736 891 746 885 767 919 757 925 ship 0.2293
1474 338 1484 333 1496 360 1486 365 ship 0.2280
1371 486 1381 489 1373 515 1363 512 ship 0.2266
1142 327 1156 336 1108 409 1093 399 ship 0.2208
1466 184 1485 183 1487 233 1468 234 ship 0.2192
808 905 820 911 806 940 794 935 ship 0.2163
317 1351 335 1357 316 1413 298 1406 ship 0.2111
1476 401 1487 399 1493 423 1482 426 ship 0.2086
1158 421 1166 428 1149 446 1141 439 ship 0.2073
1094 560 1105 562 1099 590 1088 588 ship 0.2068
1069 580 1078 584 1064 611 1055 606 ship 0.2049
344 1455 338 1439 384 1423 389 1439 ship 0.2036
989 519 999 523 988 549 977 544 ship 0.2027
331 1365 347 1371 327 1422 310 1416 ship 0.2025
1130 452 1140 460 1122 485 1111 477 ship 0.1995
921 512 934 497 976 535 962 549 ship 0.1983
1260 862 1271 870 1250 899 1239 891 ship 0.1952
284 1360 300 1356 310 1399 293 1403 ship 0.1909
1452 511 1463 515 1454 538 1443 534 ship 0.1898
1135 633 1146 640 1126 669 1115 662 ship 0.1895
1390 498 1400 502 1389 527 1379 523 ship 0.1881
1448 288 1459 295 1443 321 1432 314 ship 0.1865
1360 583 1371 587 1362 611 1351 607 ship 0.1859
1220 484 1230 487 1222 512 1212 508 ship 0.1854
1241 843 1250 852 1225 879 1215 870 ship 0.1853
1464 231 1476 223 1497 253 1485 261 ship 0.1819
1330 921 1341 929 1320 959 1308 951 ship 0.1816
1279 375 1292 378 1286 406 1274 403 ship 0.1778
961 665 970 665 968 692 958 692 ship 0.1764
1358 816 1367 825 1347 845 1338 836 ship 0.1762
1208 320 1219 324 1208 349 1198 345 ship 0.1761
1232 380 1242 385 1231 408 1221 404 ship 0.1758
1046 558 1054 563 1040 586 1032 582 ship 0.1754
1313 736 1325 736 1324 768 1312 768 ship 0.1753
1205 690 1215 694 1201 724 1191 719 ship 0.1734
1202 358 1212 364 1197 387 1187 381 ship 0.1733
1435 257 1446 265 1423 295 1413 287 ship 0.1723
1235 717 1247 726 1226 755 1214 746 ship 0.1721
1055 532 1063 537 1049 560 1041 555 ship 0.1719
1011 525 1018 529 1008 551 1001 548 ship 0.1706
1113 810 1126 819 1103 849 1090 840 ship 0.1698
1224 1072 1214 1062 1244 1033 1253 1043 ship 0.1676
680 1533 662 1487 1124 1307 1142 1353 ship 0.1670
1432 503 1443 507 1434 533 1423 529 ship 0.1663
1412 525 1422 531 1409 551 1400 545 ship 0.1644
952 1037 964 1035 970 1070 958 1072 ship 0.1617
1025 570 1034 570 1033 590 1024 590 ship 0.1615
894 622 904 613 930 642 920 651 ship 0.1588
1258 380 1268 385 1254 412 1244 406 ship 0.1563
1241 544 1251 552 1233 573 1223 565 ship 0.1545
963 688 974 693 963 720 952 715 ship 0.1540
1017 544 1027 548 1015 573 1006 569 ship 0.1526
1474 263 1485 263 1487 290 1475 291 ship 0.1502
1262 553 1272 558 1257 588 1247 582 ship 0.1493
1104 396 1117 398 1113 430 1101 429 ship 0.1484
440 1184 454 1175 482 1219 468 1228 ship 0.1479
1388 468 1399 465 1408 494 1397 498 ship 0.1478
1275 948 1287 954 1274 978 1263 972 ship 0.1476
1050 902 1062 905 1055 934 1044 932 ship 0.1474
-12 1784 -27 1748 105 1692 121 1729 ship 0.1470
1007 495 1017 498 1009 522 999 519 ship 0.1468
1284 421 1297 424 1289 454 1277 451 ship 0.1466
439 1420 427 1408 458 1377 470 1389 ship 0.1460
385 1090 394 1082 418 1108 409 1116 ship 0.1443
1297 562 1306 566 1297 589 1288 585 ship 0.1423
1297 769 1308 777 1291 802 1280 795 ship 0.1408
1264 409 1275 415 1264 438 1253 432 ship 0.1404
589 1289 606 1291 599 1336 583 1333 ship 0.1402
1265 747 1275 756 1255 779 1245 770 ship 0.1386
1166 485 1176 490 1164 513 1154 508 ship 0.1378
904 831 916 841 894 867 882 857 ship 0.1373
1039 1114 1050 1110 1063 1144 1052 1148 ship 0.1368
1124 620 1133 623 1124 652 1114 649 ship 0.1366
1087 581 1095 585 1083 609 1074 605 ship 0.1359
1342 1214 1357 1213 1360 1242 1345 1243 ship 0.1358
850 785 861 791 846 821 835 815 ship 0.1337
578 1000 590 1008 568 1040 556 1033 ship 0.1307
1289 579 1300 587 1282 613 1271 605 ship 0.1299
1221 902 1233 910 1216 935 1205 927 ship 0.1288
843 993 855 1001 835 1032 823 1025 ship 0.1279
1293 741 1302 743 1297 771 1287 769 ship 0.1271
1182 320 1192 323 1184 351 1174 348 ship 0.1267
1240 524 1247 531 1229 551 1222 544 ship 0.1266
1125 379 1139 386 1123 423 1109 417 ship 0.1261
1268 716 1278 718 1273 742 1263 740 ship 0.1244
1241 361 1250 365 1242 387 1232 383 ship 0.1238
1346 804 1355 808 1344 830 1335 826 ship 0.1220
1050 470 1040 460 1085 415 1095 425 ship 0.1201
1382 299 1374 290 1402 265 1410 273 ship 0.1198
1212 343 1220 346 1212 370 1204 367 ship 0.1186
873 1227 864 1216 902 1189 910 1200 ship 0.1183
564 965 574 966 570 995 560 994 ship 0.1167
1065 1151 1074 1146 1086 1166 1077 1171 ship 0.1159
1380 608 1391 610 1387 635 1376 633 ship 0.1145
1296 929 1307 934 1290 970 1279 965 ship 0.1144
1348 607 1357 610 1347 636 1338 632 ship 0.1142
590 998 600 992 616 1019 606 1025 ship 0.1140
1318 775 1327 779 1318 804 1309 800 ship 0.1135
795 933 804 933 804 964 795 964 ship 0.1132
1447 196 1459 193 1470 232 1458 235 ship 0.1129
629 1316 640 1306 674 1342 663 1353 ship 0.1112
433 1076 445 1081 433 1109 420 1104 ship 0.1110
1016 1102 1023 1096 1037 1112 1029 1119 ship 0.1110
1098 596 1106 601 1089 628 1082 623 ship 0.1100
676 843 683 837 698 855 690 861 ship 0.1093
1185 835 1196 836 1193 862 1182 861 ship 0.1093
1376 309 1385 312 1377 333 1368 329 ship 0.1093
1310 720 1322 723 1314 754 1302 751 ship 0.1093
1161 469 1170 471 1167 495 1157 494 ship 0.1089
1012 691 1021 693 1015 719 1006 717 ship 0.1077
996 500 1006 501 1003 527 993 525 ship 0.1068
1205 467 1216 470 1210 494 1199 491 ship 0.1064
1016 1183 1005 1169 1047 1135 1058 1148 ship 0.1048
660 829 671 828 674 862 662 863 ship 0.1034
348 1587 366 1579 398 1651 380 1659 ship 0.1027
1194 483 1205 485 1201 511 1191 509 ship 0.1027
779 920 790 919 792 952 782 953 ship 0.1004
1013 661 1025 668 1010 693 998 686 ship 0.1001
84 1056 125 1025 161 1072 121 1103 roundabout 0.2229
474 980 539 898 939 1218 874 1299 harbor 0.7689
365 1113 439 1044 714 1338 641 1407 harbor 0.7468
901 670 963 602 1327 933 1265 1001 harbor 0.6998
197 1267 288 1192 469 1408 378 1484 harbor 0.6971
644 869 710 797 1089 1138 1023 1211 harbor 0.6752
817 789 882 720 1281 1092 1216 1161 harbor 0.6530
956 563 1013 486 1425 795 1368 871 harbor 0.6098
1122 344 1179 271 1496 516 1439 589 harbor 0.6067
1018 426 1069 355 1436 616 1385 687 harbor 0.5578
-35 1780 -44 1754 115 1697 125 1723 harbor 0.4364
1194 1089 1264 1024 1406 1178 1337 1242 harbor 0.4004
317 1637 299 1583 1134 1301 1153 1354 harbor 0.3811
62 1460 95 1402 496 1631 462 1690 harbor 0.2609
1346 203 1441 172 1509 380 1415 411 harbor 0.2542
408 1115 423 1127 321 1249 306 1237 harbor 0.1891
894 622 904 613 930 642 920 651 harbor 0.1852
279 1220 295 1207 316 1234 300 1246 harbor 0.1662
378 1090 385 1081 418 1103 412 1113 harbor 0.1651
906 659 920 670 822 787 809 776 harbor 0.1566
520 967 531 973 465 1089 454 1083 harbor 0.1499
631 844 644 854 541 986 529 976 harbor 0.1492
1224 236 1238 248 1169 329 1155 317 harbor 0.1394
919 509 933 495 975 537 961 550 harbor 0.1323
720 891 730 900 703 930 694 922 harbor 0.1276
1121 256 1181 265 1093 855 1033 846 harbor 0.1225
947 618 960 621 952 652 940 649 harbor 0.1221
963 555 976 557 967 620 953 618 harbor 0.1197
796 277 830 280 824 347 790 344 swimming-pool 0.1305
