957 854 954 839 980 835 982 851 plane 0.1328
473 819 483 816 498 858 488 862 large-vehicle 0.1771
800 864 796 856 819 844 823 851 large-vehicle 0.1738
840 817 850 813 858 839 849 843 large-vehicle 0.1661
661 867 658 855 701 841 705 853 large-vehicle 0.1602
756 578 766 571 782 597 772 603 large-vehicle 0.1573
801 873 797 864 822 852 826 862 large-vehicle 0.1518
228 923 240 922 244 961 232 963 large-vehicle 0.1509
24 1068 20 1055 65 1040 69 1053 large-vehicle 0.1505
630 696 647 696 646 782 629 782 large-vehicle 0.1401
564 682 566 670 604 676 602 688 large-vehicle 0.1316
229 1059 230 1050 254 1053 253 1062 large-vehicle 0.1308
237 872 247 872 248 906 238 906 large-vehicle 0.1294
513 688 521 690 515 715 508 713 large-vehicle 0.1278
238 922 249 921 252 956 241 957 large-vehicle 0.1273
727 738 734 735 745 767 737 769 large-vehicle 0.1257
433 781 432 771 485 763 487 774 large-vehicle 0.1239
780 908 788 909 784 935 776 934 large-vehicle 0.1226
287 854 285 843 322 837 324 848 large-vehicle 0.1226
309 825 309 817 335 817 335 825 large-vehicle 0.1225
548 772 547 764 582 761 583 770 large-vehicle 0.1220
746 835 752 831 767 857 761 860 large-vehicle 0.1219
499 656 505 649 532 672 526 679 large-vehicle 0.1203
771 559 769 549 795 544 797 554 large-vehicle 0.1162
469 737 470 729 494 732 493 741 large-vehicle 0.1148
433 807 444 805 452 844 441 847 large-vehicle 0.1109
504 580 512 578 520 605 512 607 large-vehicle 0.1101
329 1041 326 1029 370 1019 373 1031 large-vehicle 0.1095
505 621 511 617 520 629 515 633 large-vehicle 0.1087
516 581 525 577 539 607 530 611 large-vehicle 0.1074
156 988 159 978 180 985 176 995 large-vehicle 0.1072
388 791 395 790 400 814 393 816 large-vehicle 0.1062
284 829 283 820 305 818 306 826 large-vehicle 0.1060
658 696 668 695 671 734 661 735 large-vehicle 0.1056
455 850 465 848 469 875 459 877 large-vehicle 0.1046
243 867 252 866 255 895 246 896 large-vehicle 0.1042
648 628 658 628 658 651 649 651 large-vehicle 0.1041
518 685 528 687 525 719 514 718 large-vehicle 0.1026
1306 554 1315 550 1325 574 1316 578 large-vehicle 0.1009
185 144 251 143 259 682 194 683 ship 0.7923
647 435 659 439 650 466 638 462 ship 0.3237
647 553 656 551 661 573 652 575 ship 0.2269
208 205 212 190 252 199 249 214 ship 0.2110
32 196 37 187 58 200 53 208 ship 0.1859
446 495 457 494 461 538 450 539 ship 0.1638
163 154 301 85 548 575 410 644 ship 0.1375
655 585 666 584 670 611 659 612 ship 0.1301
994 713 1018 711 1021 738 996 740 ship 0.1230
383 361 385 344 418 348 416 364 ship 0.1168
1028 696 1054 697 1053 725 1027 725 ship 0.1067
381 444 397 433 418 464 402 474 ship 0.1008
1028 696 1054 697 1053 725 1027 725 storage-tank 0.7063
1006 750 1029 753 1027 776 1004 773 storage-tank 0.6322
1053 733 1069 732 1071 749 1055 751 storage-tank 0.6294
1045 765 1064 764 1065 786 1046 787 storage-tank 0.6130
997 710 1024 714 1019 745 992 741 storage-tank 0.6059
1065 756 1084 756 1083 779 1065 778 storage-tank 0.4694
1018 782 1036 779 1039 801 1022 803 storage-tank 0.4375
1348 497 1378 503 1373 533 1342 527 storage-tank 0.4298
1420 601 1461 619 1442 663 1400 646 storage-tank 0.3952
1326 451 1359 458 1352 493 1319 487 storage-tank 0.3144
917 857 937 842 955 865 935 881 storage-tank 0.2906
1377 553 1425 549 1429 597 1381 600 storage-tank 0.2714
1426 503 1441 501 1443 521 1428 523 storage-tank 0.1637
1018 722 1040 723 1039 749 1016 748 storage-tank 0.1470
1003 796 1014 791 1021 805 1010 810 storage-tank 0.1281
1316 507 1341 502 1345 525 1320 530 storage-tank 0.1165
1442 499 1456 500 1454 519 1439 518 storage-tank 0.1125
1414 601 1460 615 1446 662 1400 648 roundabout 0.1118
