264 238 422 240 421 400 263 399 baseball-diamond 0.9025
620 241 724 288 673 401 569 354 baseball-diamond 0.4882
151 198 334 302 227 492 44 388 baseball-diamond 0.1327
719 551 975 540 1000 1092 744 1104 ground-track-field 0.3864
116 428 341 -31 1441 505 1216 966 ground-track-field 0.1550
531 337 493 75 898 16 936 278 ground-track-field 0.1038
273 637 287 637 288 669 274 669 small-vehicle 0.1614
494 779 507 782 502 808 489 806 small-vehicle 0.1553
512 780 525 783 520 809 507 807 small-vehicle 0.1455
568 646 581 648 576 677 564 675 small-vehicle 0.1438
110 699 123 699 124 725 111 725 small-vehicle 0.1438
538 732 550 733 547 757 536 756 small-vehicle 0.1405
499 1682 499 1672 518 1672 518 1682 small-vehicle 0.1377
182 686 194 688 190 714 177 712 small-vehicle 0.1329
537 785 551 786 549 813 535 812 small-vehicle 0.1291
191 755 204 757 201 783 188 782 small-vehicle 0.1279
171 760 182 759 184 782 173 783 small-vehicle 0.1230
527 784 539 786 535 810 523 808 small-vehicle 0.1199
271 694 284 694 284 723 270 723 small-vehicle 0.1199
548 786 562 786 562 813 548 814 small-vehicle 0.1199
214 689 226 692 221 717 209 714 small-vehicle 0.1176
551 731 562 732 560 756 548 755 small-vehicle 0.1123
180 711 190 710 192 730 182 731 small-vehicle 0.1056
204 757 215 759 211 782 201 780 small-vehicle 0.1056
154 691 166 694 160 725 148 722 small-vehicle 0.1015
223 758 233 759 229 781 219 780 small-vehicle 0.1010
234 759 243 762 237 781 228 778 small-vehicle 0.1008
645 541 659 541 659 590 646 590 large-vehicle 0.1406
275 638 289 639 287 669 273 668 large-vehicle 0.1203
501 1682 502 1673 521 1675 521 1683 large-vehicle 0.1142
771 1259 814 1262 807 1350 764 1347 tennis-court 0.8149
827 1261 870 1266 860 1354 816 1349 tennis-court 0.7381
714 1251 764 1257 754 1356 704 1351 tennis-court 0.7285
873 1253 937 1250 942 1368 879 1371 tennis-court 0.2246
552 1131 557 1063 674 1072 669 1140 basketball-court 0.5951
542 1015 601 952 703 1047 644 1110 basketball-court 0.4043
826 1261 868 1266 858 1353 816 1348 basketball-court 0.1391
771 1259 814 1262 807 1350 764 1347 basketball-court 0.1385
873 1253 937 1250 942 1368 879 1371 basketball-court 0.1267
714 1251 764 1257 754 1356 704 1351 basketball-court 0.1054
266 228 419 228 420 396 266 396 basketball-court 0.1054
719 551 975 540 1000 1092 744 1104 soccer-ball-field 0.4352
514 329 496 83 915 52 934 297 soccer-ball-field 0.2972
296 218 434 258 390 411 252 372 soccer-ball-field 0.1805
637 266 702 320 650 383 584 330 roundabout 0.1310
804 586 1002 627 919 1030 721 989 harbor 0.1132
