1114 129 1178 140 1165 209 1101 198 baseball-diamond 0.7842
1153 202 1217 225 1191 297 1127 273 baseball-diamond 0.7468
329 1105 335 1020 539 1033 534 1118 bridge 0.4645
707 834 725 834 727 1000 709 1000 bridge 0.3245
1253 1106 1252 1099 1264 1098 1265 1105 small-vehicle 0.1398
1081 1105 1080 1097 1093 1096 1093 1104 small-vehicle 0.1333
558 1093 559 1085 574 1088 573 1095 small-vehicle 0.1115
1145 1095 1146 1089 1159 1092 1157 1098 small-vehicle 0.1089
643 1087 641 1079 658 1074 661 1082 small-vehicle 0.1085
1079 1110 1080 1103 1091 1104 1090 1111 small-vehicle 0.1060
798 331 809 335 800 363 788 358 small-vehicle 0.1044
1287 1086 1286 1079 1308 1077 1309 1085 large-vehicle 0.1093
1253 1107 1251 1100 1263 1098 1264 1105 large-vehicle 0.1059
351 585 359 579 384 609 376 615 ship 0.3699
834 547 855 549 851 593 830 591 tennis-court 0.7326
892 549 915 552 908 600 885 596 tennis-court 0.7309
867 552 884 554 881 595 863 593 tennis-court 0.7201
804 547 822 547 823 587 806 588 tennis-court 0.6897
925 487 946 490 941 534 919 532 tennis-court 0.6800
830 483 847 484 843 528 826 527 tennis-court 0.5010
854 483 871 483 871 525 854 525 tennis-court 0.4405
896 487 914 486 915 528 897 528 tennis-court 0.2319
876 489 888 489 888 521 875 521 tennis-court 0.1711
1113 130 1176 143 1161 216 1098 203 storage-tank 0.1373
710 448 742 438 752 472 720 482 roundabout 0.1077
716 839 730 840 721 994 707 994 harbor 0.1328
618 772 626 765 643 783 635 791 harbor 0.1003
