730 1018 780 981 818 1034 768 1071 baseball-diamond 0.7386
996 1247 1073 1267 1051 1353 974 1334 baseball-diamond 0.7242
777 763 833 810 786 867 730 820 baseball-diamond 0.6591
832 894 885 915 862 972 809 951 baseball-diamond 0.6168
512 428 513 373 607 374 606 430 bridge 0.5894
997 1134 1168 1179 1116 1376 945 1331 ground-track-field 0.1011
843 404 842 395 856 395 857 403 small-vehicle 0.1265
455 425 453 417 464 415 466 423 small-vehicle 0.1091
1228 405 1228 399 1240 399 1240 405 small-vehicle 0.1089
1175 813 1177 803 1211 811 1209 820 large-vehicle 0.2527
1137 781 1141 774 1167 790 1163 797 large-vehicle 0.1561
1099 768 1103 760 1131 776 1126 784 large-vehicle 0.1507
311 447 307 439 324 431 328 440 large-vehicle 0.1417
1229 818 1232 807 1265 817 1262 827 large-vehicle 0.1320
1206 848 1210 840 1241 856 1237 865 large-vehicle 0.1299
593 486 602 487 598 512 589 511 large-vehicle 0.1295
595 219 604 221 596 248 587 246 large-vehicle 0.1135
1141 837 1137 829 1155 820 1159 828 large-vehicle 0.1055
82 495 81 487 96 484 98 492 large-vehicle 0.1029
429 684 437 677 453 696 444 703 ship 0.4437
404 691 415 689 419 710 408 711 ship 0.3546
458 668 467 663 479 686 470 691 ship 0.3531
486 656 496 650 508 671 498 677 ship 0.3114
495 651 498 641 517 648 514 657 ship 0.2807
325 696 333 689 349 710 340 716 ship 0.2684
590 209 603 210 601 246 588 246 ship 0.2616
477 663 486 658 497 679 488 684 ship 0.2507
355 691 364 690 366 715 356 716 ship 0.2296
520 609 525 600 546 611 541 620 ship 0.2289
469 666 478 662 488 684 479 688 ship 0.1863
589 486 600 485 600 514 589 514 ship 0.1816
454 292 458 281 484 289 481 300 ship 0.1807
455 264 457 251 485 257 482 270 ship 0.1783
338 693 347 690 354 712 346 715 ship 0.1588
590 288 600 287 601 309 591 310 ship 0.1570
422 688 431 683 441 699 432 704 ship 0.1547
385 688 395 686 401 711 391 713 ship 0.1490
504 365 505 354 529 356 528 366 ship 0.1487
515 617 520 607 542 621 537 630 ship 0.1412
438 680 446 673 460 691 451 697 ship 0.1387
469 336 468 328 486 325 488 332 ship 0.1381
465 320 464 312 483 309 484 317 ship 0.1361
475 231 482 225 497 243 490 248 ship 0.1350
454 275 456 264 481 268 479 279 ship 0.1210
460 307 462 298 483 302 482 311 ship 0.1206
474 361 475 352 501 355 500 364 ship 0.1152
589 253 600 251 603 275 592 277 ship 0.1130
588 313 598 309 605 332 596 336 ship 0.1077
563 556 570 550 581 563 574 568 ship 0.1050
467 242 471 233 494 244 490 253 ship 0.1031
1245 1175 1268 1176 1267 1224 1244 1224 tennis-court 0.3679
1274 1177 1296 1177 1296 1217 1274 1217 tennis-court 0.2204
945 1163 963 1161 972 1213 953 1216 tennis-court 0.1569
1275 1174 1298 1177 1292 1219 1269 1216 basketball-court 0.1037
1245 1175 1268 1176 1267 1224 1244 1224 basketball-court 0.1007
997 1134 1168 1179 1116 1376 945 1331 soccer-ball-field 0.1385
735 998 805 987 815 1052 745 1063 soccer-ball-field 0.1280
350 739 344 686 480 672 486 725 harbor 0.1124
41 1500 56 1501 55 1532 39 1531 swimming-pool 0.1743
83 936 99 937 97 961 81 960 swimming-pool 0.1119
