161 111 192 117 170 228 140 222 bridge 0.3015
203 403 210 403 209 429 202 428 small-vehicle 0.1792
164 101 170 102 169 112 163 112 small-vehicle 0.1524
211 162 216 163 214 174 208 173 small-vehicle 0.1514
164 389 169 389 168 400 163 399 small-vehicle 0.1265
61 210 68 211 66 224 60 223 small-vehicle 0.1209
203 403 210 403 208 429 202 428 large-vehicle 0.5533
156 375 164 375 162 418 154 418 large-vehicle 0.4808
164 101 170 102 169 112 163 112 large-vehicle 0.1104
164 389 169 389 168 400 163 399 large-vehicle 0.1066
302 270 314 271 313 290 302 290 swimming-pool 0.4697
311 270 321 268 324 290 314 292 swimming-pool 0.1444
