520 245 747 252 737 625 509 619 baseball-diamond 0.1077
749 160 1067 136 1113 747 795 771 ground-track-field 0.1038
451 1035 459 1034 464 1064 456 1065 large-vehicle 0.1471
759 379 772 379 772 411 760 411 large-vehicle 0.1146
201 218 436 215 441 636 207 639 tennis-court 0.1276
529 236 748 261 701 672 482 647 tennis-court 0.1257
801 261 1049 264 1044 639 797 636 tennis-court 0.1068
515 648 754 670 719 1054 480 1032 tennis-court 0.1026
801 261 1049 264 1044 639 797 636 basketball-court 0.1026
502 236 738 241 730 660 494 655 soccer-ball-field 0.9411
801 261 1049 264 1044 639 797 636 soccer-ball-field 0.9301
533 635 750 666 694 1057 477 1025 soccer-ball-field 0.9221
201 218 436 215 441 636 207 639 soccer-ball-field 0.9209
245 612 497 660 420 1061 168 1013 soccer-ball-field 0.7889
777 635 1009 615 1044 1041 812 1060 soccer-ball-field 0.5615
29 689 30 647 127 650 125 693 swimming-pool 0.1005
