305 546 319 541 325 560 311 565 plane 0.4015
258 569 267 556 327 599 317 613 bridge 0.1054
516 991 599 969 627 1075 543 1097 ground-track-field 0.1322
422 783 427 783 427 795 422 795 small-vehicle 0.1154
445 815 451 815 450 835 444 835 large-vehicle 0.3102
425 712 430 711 431 729 426 729 large-vehicle 0.2406
447 660 452 661 451 678 446 678 large-vehicle 0.2209
422 783 427 783 427 795 422 795 large-vehicle 0.2105
408 890 413 889 418 906 413 907 large-vehicle 0.1071
614 608 642 610 639 661 611 659 tennis-court 0.1525
516 991 599 969 627 1075 543 1097 soccer-ball-field 0.2772
