189 838 222 830 239 897 205 905 bridge 0.6000
230 833 258 828 271 900 243 905 bridge 0.3560
96 315 103 313 106 328 99 329 small-vehicle 0.2095
183 531 192 531 192 547 183 546 small-vehicle 0.2069
180 487 188 486 191 504 183 505 small-vehicle 0.1648
160 423 168 421 172 440 165 441 small-vehicle 0.1403
201 593 210 591 216 626 207 628 large-vehicle 0.5294
107 175 115 173 125 210 117 212 large-vehicle 0.4640
144 345 151 343 157 376 150 378 large-vehicle 0.4150
125 261 132 259 142 295 135 297 large-vehicle 0.3750
161 423 168 421 171 440 164 441 large-vehicle 0.2985
95 79 103 77 109 98 101 100 large-vehicle 0.2971
180 487 188 486 191 504 183 505 large-vehicle 0.2305
87 70 95 68 101 96 93 97 large-vehicle 0.2260
183 530 191 531 190 547 182 546 large-vehicle 0.1556
120 263 127 262 135 300 128 301 large-vehicle 0.1430
31 24 37 23 39 36 33 37 large-vehicle 0.1234
239 773 244 772 245 784 240 785 large-vehicle 0.1114
96 316 103 315 106 328 99 329 large-vehicle 0.1030
