621 281 621 263 658 263 658 281 bridge 0.1732
115 838 113 829 131 826 133 835 small-vehicle 0.1369
428 855 427 847 444 844 445 852 small-vehicle 0.1061
74 69 83 63 99 85 90 91 small-vehicle 0.1050
693 1277 698 1272 709 1285 703 1289 small-vehicle 0.1003
166 83 173 78 199 116 192 121 large-vehicle 0.4485
326 254 334 249 357 286 349 290 large-vehicle 0.4409
753 1079 758 1075 781 1109 775 1113 large-vehicle 0.4358
516 685 522 682 543 716 536 719 large-vehicle 0.2668
489 534 495 529 521 567 515 571 large-vehicle 0.2317
151 87 159 81 188 122 180 128 large-vehicle 0.2118
871 1170 878 1166 895 1192 888 1197 large-vehicle 0.2019
306 317 311 314 318 331 313 333 large-vehicle 0.1548
819 495 817 487 849 479 851 488 large-vehicle 0.1499
709 855 707 849 728 842 730 848 large-vehicle 0.1488
742 1084 750 1080 772 1116 764 1121 large-vehicle 0.1410
699 849 696 843 716 835 719 842 large-vehicle 0.1383
994 1462 999 1461 1002 1476 997 1477 large-vehicle 0.1198
337 953 332 945 358 929 362 937 large-vehicle 0.1170
451 303 451 291 483 291 483 302 large-vehicle 0.1136
524 1104 525 1089 603 1094 602 1109 large-vehicle 0.1125
136 11 144 7 158 35 150 39 large-vehicle 0.1095
744 682 749 675 773 696 768 703 large-vehicle 0.1079
715 858 714 852 733 846 735 852 large-vehicle 0.1032
892 162 896 151 920 160 916 171 large-vehicle 0.1012
856 75 855 56 884 54 885 74 swimming-pool 0.1030
