985 610 981 592 1004 587 1008 605 plane 0.5248
921 323 919 310 940 307 942 320 plane 0.2211
676 501 677 481 744 484 743 505 bridge 0.1050
763 654 782 654 783 697 764 697 small-vehicle 0.5606
1132 179 1130 161 1167 158 1169 176 small-vehicle 0.5143
1137 514 1157 514 1158 556 1138 557 small-vehicle 0.5018
1140 461 1159 459 1164 498 1145 500 small-vehicle 0.4482
823 160 826 143 870 150 867 167 small-vehicle 0.4420
913 640 913 622 955 622 955 640 small-vehicle 0.4183
746 163 747 144 792 149 790 167 small-vehicle 0.4046
1091 177 1090 159 1127 158 1128 176 small-vehicle 0.3768
959 173 961 157 1004 162 1002 178 small-vehicle 0.3748
614 5 632 10 618 53 600 47 small-vehicle 0.3697
1089 824 1092 807 1129 814 1126 831 small-vehicle 0.3558
910 858 928 858 927 896 909 896 small-vehicle 0.3447
1088 718 1090 702 1124 705 1122 722 small-vehicle 0.3373
992 1051 992 1032 1038 1031 1038 1051 small-vehicle 0.3341
997 862 1013 865 1008 900 991 897 small-vehicle 0.3284
788 654 804 653 805 694 789 695 small-vehicle 0.3278
870 172 872 155 915 159 914 177 small-vehicle 0.3189
1138 577 1156 577 1156 614 1138 613 small-vehicle 0.3103
636 23 651 30 633 64 618 56 small-vehicle 0.2998
953 862 971 861 971 897 953 897 small-vehicle 0.2901
1018 863 1036 865 1032 903 1014 901 small-vehicle 0.2883
1084 760 1086 741 1131 746 1129 766 small-vehicle 0.2703
672 99 683 92 700 116 689 124 small-vehicle 0.2647
922 173 926 158 954 166 951 180 small-vehicle 0.2607
1087 800 1088 781 1126 783 1126 802 small-vehicle 0.2541
1054 868 1069 868 1068 901 1053 901 small-vehicle 0.2506
642 975 643 955 724 960 723 980 small-vehicle 0.2460
649 1024 649 1003 721 1000 722 1021 small-vehicle 0.2437
928 125 928 110 964 110 964 125 small-vehicle 0.2422
383 679 385 657 468 665 466 687 small-vehicle 0.2370
858 112 862 96 893 104 889 121 small-vehicle 0.2329
1074 868 1091 869 1090 906 1072 905 small-vehicle 0.2264
1101 865 1116 866 1113 901 1098 899 small-vehicle 0.2263
679 931 679 910 732 909 732 930 small-vehicle 0.2247
703 129 716 124 726 151 712 155 small-vehicle 0.2164
966 121 970 105 1003 112 999 128 small-vehicle 0.2163
931 860 949 860 948 896 931 896 small-vehicle 0.2160
844 343 862 353 825 420 807 410 small-vehicle 0.1857
899 474 918 482 885 558 866 550 small-vehicle 0.1740
665 688 667 668 745 677 742 697 small-vehicle 0.1695
399 356 401 336 489 343 488 362 small-vehicle 0.1636
499 364 498 343 590 342 590 363 small-vehicle 0.1589
355 1067 354 1044 450 1040 451 1063 small-vehicle 0.1475
367 927 368 904 451 905 450 928 small-vehicle 0.1434
202 860 203 838 294 842 292 864 small-vehicle 0.1433
454 1061 456 1040 535 1048 533 1069 small-vehicle 0.1431
490 501 489 480 579 478 580 498 small-vehicle 0.1420
225 296 225 272 320 274 319 298 small-vehicle 0.1408
398 383 400 360 492 366 490 389 small-vehicle 0.1403
199 1129 200 1105 283 1110 281 1133 small-vehicle 0.1402
348 981 348 957 460 957 459 981 small-vehicle 0.1399
861 457 882 468 842 543 821 532 small-vehicle 0.1389
671 638 672 616 745 621 743 642 small-vehicle 0.1388
366 872 367 847 473 850 473 875 small-vehicle 0.1386
932 476 949 485 912 557 895 548 small-vehicle 0.1384
372 896 374 873 453 880 451 903 small-vehicle 0.1382
384 576 385 555 478 556 478 577 small-vehicle 0.1369
1008 479 1027 488 990 563 971 554 small-vehicle 0.1350
378 792 378 769 472 769 472 792 small-vehicle 0.1350
392 417 390 391 489 386 491 412 small-vehicle 0.1301
182 1017 185 993 281 1008 277 1031 small-vehicle 0.1299
670 741 672 721 748 729 746 748 small-vehicle 0.1297
963 480 981 491 937 562 918 551 small-vehicle 0.1291
660 800 660 777 733 777 733 800 small-vehicle 0.1274
189 991 191 968 281 979 278 1001 small-vehicle 0.1258
222 456 223 437 310 438 310 458 small-vehicle 0.1258
193 910 195 889 285 900 283 920 small-vehicle 0.1258
457 979 459 960 545 968 543 987 small-vehicle 0.1238
380 599 382 578 476 587 474 608 small-vehicle 0.1235
377 819 378 797 463 798 463 820 small-vehicle 0.1225
387 655 388 634 470 637 469 659 small-vehicle 0.1225
1088 491 1110 505 1065 574 1043 559 small-vehicle 0.1222
365 1035 365 1013 457 1015 457 1036 small-vehicle 0.1220
187 1070 189 1049 277 1059 275 1080 small-vehicle 0.1219
221 512 221 490 307 492 307 513 small-vehicle 0.1206
1045 479 1063 491 1015 561 998 549 small-vehicle 0.1193
470 706 473 689 560 701 558 718 small-vehicle 0.1183
371 845 371 823 468 823 468 845 small-vehicle 0.1135
228 264 229 244 318 249 317 269 small-vehicle 0.1114
675 558 673 538 746 533 747 554 small-vehicle 0.1111
673 337 674 316 755 320 754 341 small-vehicle 0.1104
195 939 196 919 284 923 283 943 small-vehicle 0.1098
484 547 486 527 574 532 573 553 small-vehicle 0.1096
388 554 386 530 482 523 483 547 small-vehicle 0.1094
670 477 669 455 746 451 748 473 small-vehicle 0.1087
451 954 452 934 549 940 547 959 small-vehicle 0.1081
209 834 209 816 288 815 288 834 small-vehicle 0.1080
231 374 231 356 311 357 310 376 small-vehicle 0.1079
374 732 378 710 471 725 468 747 small-vehicle 0.1079
364 956 363 934 450 931 450 953 small-vehicle 0.1076
495 467 497 448 581 457 580 476 small-vehicle 0.1071
400 466 401 446 487 450 486 470 small-vehicle 0.1071
668 667 668 644 743 645 743 667 small-vehicle 0.1061
479 575 481 555 567 565 565 584 small-vehicle 0.1059
143 922 142 908 187 907 187 921 small-vehicle 0.1058
190 1104 189 1081 276 1080 277 1104 small-vehicle 0.1055
668 717 671 695 755 706 752 728 small-vehicle 0.1054
488 525 489 503 575 507 574 529 small-vehicle 0.1046
676 501 677 481 744 484 743 505 small-vehicle 0.1046
898 338 919 348 880 427 859 417 small-vehicle 0.1046
228 398 229 379 313 386 311 405 small-vehicle 0.1039
381 493 381 471 478 474 477 497 small-vehicle 0.1033
228 350 228 328 313 326 314 348 small-vehicle 0.1025
231 321 232 300 314 306 313 326 small-vehicle 0.1022
473 600 475 581 573 591 571 610 small-vehicle 0.1020
673 771 674 749 743 752 742 774 small-vehicle 0.1018
458 930 458 911 548 910 548 929 small-vehicle 0.1010
477 658 478 638 566 643 565 663 small-vehicle 0.1009
190 1046 192 1024 280 1029 278 1051 small-vehicle 0.1005
475 635 475 615 565 612 565 632 large-vehicle 0.8726
475 713 475 694 560 694 560 714 large-vehicle 0.8704
495 467 497 448 581 457 580 476 large-vehicle 0.8631
472 766 473 747 559 749 559 768 large-vehicle 0.8590
484 547 486 527 574 532 573 553 large-vehicle 0.8546
479 580 479 560 569 560 569 580 large-vehicle 0.8532
497 445 497 425 584 425 584 445 large-vehicle 0.8498
472 791 473 772 557 776 556 795 large-vehicle 0.8485
479 660 480 639 566 643 566 663 large-vehicle 0.8472
491 493 494 472 582 483 580 504 large-vehicle 0.8448
377 819 378 797 463 798 463 820 large-vehicle 0.8444
455 1006 455 985 540 987 540 1007 large-vehicle 0.8444
473 686 473 667 562 668 561 687 large-vehicle 0.8436
458 930 458 911 548 910 548 929 large-vehicle 0.8431
451 954 452 934 549 940 547 959 large-vehicle 0.8400
500 418 500 399 584 399 584 418 large-vehicle 0.8394
455 983 455 962 543 964 543 985 large-vehicle 0.8366
488 525 489 503 575 507 574 529 large-vehicle 0.8344
480 602 482 582 572 590 570 609 large-vehicle 0.8328
470 820 470 802 559 803 559 821 large-vehicle 0.8325
462 871 463 853 550 860 549 877 large-vehicle 0.8321
367 927 368 904 451 905 450 928 large-vehicle 0.8321
453 901 454 881 551 883 550 903 large-vehicle 0.8316
364 956 363 934 450 931 450 953 large-vehicle 0.8296
958 483 979 495 941 564 920 552 large-vehicle 0.8291
497 389 497 369 589 366 590 385 large-vehicle 0.8241
383 793 382 771 463 769 464 791 large-vehicle 0.8226
476 740 476 720 557 720 557 741 large-vehicle 0.8203
387 655 388 634 470 637 469 659 large-vehicle 0.8201
468 847 468 826 551 829 551 849 large-vehicle 0.8199
396 466 397 446 484 450 483 471 large-vehicle 0.8186
355 979 356 958 448 962 447 983 large-vehicle 0.8140
379 763 379 742 467 743 467 763 large-vehicle 0.8118
930 480 948 489 913 560 895 552 large-vehicle 0.8102
372 896 374 873 453 880 451 903 large-vehicle 0.8074
374 844 375 823 464 826 463 847 large-vehicle 0.8008
369 869 370 849 462 852 461 872 large-vehicle 0.7996
452 1039 451 1021 540 1015 541 1034 large-vehicle 0.7955
499 364 498 343 590 342 590 363 large-vehicle 0.7951
390 578 389 556 471 555 471 577 large-vehicle 0.7937
396 440 398 419 486 424 485 445 large-vehicle 0.7929
207 748 208 729 295 734 293 754 large-vehicle 0.7893
399 412 399 390 488 393 487 415 large-vehicle 0.7886
382 683 382 664 470 664 470 683 large-vehicle 0.7879
384 603 385 583 474 585 474 605 large-vehicle 0.7843
400 386 400 365 488 365 488 387 large-vehicle 0.7808
679 502 680 482 749 485 748 506 large-vehicle 0.7802
897 475 917 483 887 559 867 550 large-vehicle 0.7798
454 1061 456 1040 535 1048 533 1069 large-vehicle 0.7758
365 1035 365 1013 457 1015 457 1036 large-vehicle 0.7717
385 494 385 474 480 476 480 496 large-vehicle 0.7713
213 645 213 625 302 628 302 648 large-vehicle 0.7708
389 550 389 527 477 527 477 550 large-vehicle 0.7677
377 731 381 710 466 728 462 748 large-vehicle 0.7673
361 1005 362 984 446 987 445 1009 large-vehicle 0.7641
210 727 210 709 291 707 292 724 large-vehicle 0.7617
669 692 669 672 741 673 741 693 large-vehicle 0.7595
229 507 230 489 304 496 302 514 large-vehicle 0.7588
224 456 225 436 309 440 308 460 large-vehicle 0.7556
1038 479 1057 488 1021 561 1002 551 large-vehicle 0.7538
207 781 207 760 293 762 292 783 large-vehicle 0.7519
675 423 675 404 753 405 753 424 large-vehicle 0.7513
674 473 675 452 748 456 747 477 large-vehicle 0.7505
675 531 674 511 744 508 745 528 large-vehicle 0.7488
191 1073 192 1052 278 1056 277 1078 large-vehicle 0.7477
231 321 232 300 314 306 313 326 large-vehicle 0.7461
227 675 227 655 296 654 297 674 large-vehicle 0.7435
225 702 224 684 297 683 298 701 large-vehicle 0.7411
1009 482 1028 493 987 563 968 553 large-vehicle 0.7391
678 450 678 430 754 430 754 450 large-vehicle 0.7369
230 296 231 274 317 276 317 297 large-vehicle 0.7362
226 398 228 376 315 385 312 407 large-vehicle 0.7345
356 1059 357 1041 445 1048 444 1066 large-vehicle 0.7339
228 377 227 357 310 354 310 375 large-vehicle 0.7321
227 347 228 325 316 329 315 351 large-vehicle 0.7317
200 859 201 839 288 844 287 863 large-vehicle 0.7283
207 803 209 783 291 793 289 813 large-vehicle 0.7275
403 359 403 338 492 337 492 359 large-vehicle 0.7270
187 1100 188 1080 272 1086 271 1107 large-vehicle 0.7252
193 1020 193 997 275 1000 274 1023 large-vehicle 0.7244
671 395 671 377 752 375 752 394 large-vehicle 0.7234
204 839 203 818 287 811 288 832 large-vehicle 0.7191
224 429 225 408 307 411 306 432 large-vehicle 0.7161
190 1049 190 1028 278 1028 278 1049 large-vehicle 0.7136
196 913 197 891 287 898 285 919 large-vehicle 0.7131
669 667 669 646 742 646 742 667 large-vehicle 0.7129
218 486 217 466 302 462 303 482 large-vehicle 0.7121
198 938 199 920 284 925 283 944 large-vehicle 0.7097
190 990 192 970 282 981 280 1002 large-vehicle 0.6943
662 798 663 778 736 780 736 800 large-vehicle 0.6834
213 592 213 571 304 568 305 589 large-vehicle 0.6801
675 366 676 346 753 348 753 368 large-vehicle 0.6794
860 464 879 475 841 540 822 529 large-vehicle 0.6782
670 745 670 723 745 723 745 745 large-vehicle 0.6778
671 638 672 618 743 621 742 642 large-vehicle 0.6771
845 342 864 352 827 420 808 410 large-vehicle 0.6695
674 335 676 316 757 323 755 342 large-vehicle 0.6691
669 718 669 698 744 697 744 718 large-vehicle 0.6680
675 555 675 535 744 537 743 556 large-vehicle 0.6673
192 1128 193 1108 284 1111 284 1132 large-vehicle 0.6667
229 264 231 241 322 250 320 273 large-vehicle 0.6603
649 1024 649 1003 721 1000 722 1021 large-vehicle 0.6547
674 773 673 752 742 751 742 772 large-vehicle 0.6486
1087 489 1108 500 1069 573 1048 562 large-vehicle 0.6469
1060 353 1078 365 1034 432 1017 421 large-vehicle 0.5259
653 977 654 958 719 961 718 979 large-vehicle 0.5170
898 340 918 350 881 426 861 416 large-vehicle 0.4890
1001 341 1020 348 991 423 972 416 large-vehicle 0.4516
678 928 680 908 743 912 741 932 large-vehicle 0.3793
143 922 142 908 187 907 187 921 large-vehicle 0.3752
895 961 896 939 990 943 989 965 large-vehicle 0.3542
197 879 199 855 286 861 284 885 large-vehicle 0.1517
378 625 377 603 469 600 469 622 large-vehicle 0.1425
384 523 382 500 476 492 478 514 large-vehicle 0.1302
994 1051 994 1030 1040 1031 1040 1052 large-vehicle 0.1222
763 653 782 652 784 696 765 697 large-vehicle 0.1188
743 160 747 141 792 150 789 169 large-vehicle 0.1118
913 640 913 622 955 622 955 640 large-vehicle 0.1105
953 860 971 860 972 900 954 900 large-vehicle 0.1016
1062 488 1084 505 1037 566 1014 548 large-vehicle 0.1009
953 862 971 861 971 897 953 897 ship 0.1336
614 5 632 10 618 53 600 47 ship 0.1244
636 23 651 30 633 64 618 56 ship 0.1156
1060 353 1078 365 1034 432 1017 421 ship 0.1147
997 862 1013 865 1008 900 991 897 ship 0.1057
910 860 928 860 928 897 910 897 ship 0.1030
931 860 949 860 948 896 931 896 ship 0.1004
