1083 236 1181 235 1181 345 1083 345 plane 0.9639
937 132 1028 139 1020 242 929 235 plane 0.9538
398 395 378 317 465 294 485 372 plane 0.9408
274 598 252 507 350 484 372 574 plane 0.9403
606 407 627 348 691 371 670 430 plane 0.9314
237 503 222 427 311 409 326 485 plane 0.9276
359 305 355 231 447 227 450 301 plane 0.8876
588 352 580 297 651 286 659 341 plane 0.8861
201 419 203 343 295 345 293 421 plane 0.8785
729 25 730 13 754 13 754 26 small-vehicle 0.1858
966 104 978 104 978 128 966 128 small-vehicle 0.1753
1004 105 1015 106 1012 127 1001 125 small-vehicle 0.1691
973 57 984 55 987 75 976 77 small-vehicle 0.1680
951 55 964 54 965 76 953 77 small-vehicle 0.1638
1018 106 1031 105 1031 129 1019 130 small-vehicle 0.1613
1030 41 1032 30 1055 35 1053 46 small-vehicle 0.1479
940 103 952 103 952 128 941 128 small-vehicle 0.1442
981 40 985 31 1004 38 1000 48 small-vehicle 0.1433
1041 95 1053 87 1065 107 1053 114 small-vehicle 0.1423
593 130 589 119 613 109 618 120 small-vehicle 0.1380
936 55 947 54 947 76 937 76 small-vehicle 0.1299
316 239 311 228 336 216 341 227 small-vehicle 0.1276
913 38 914 29 934 30 934 39 small-vehicle 0.1262
1032 79 1033 67 1060 68 1060 81 small-vehicle 0.1234
977 56 986 49 1001 68 992 75 small-vehicle 0.1206
1031 28 1035 19 1054 29 1049 38 small-vehicle 0.1192
985 103 996 105 992 126 982 125 small-vehicle 0.1166
911 53 911 42 936 42 936 53 small-vehicle 0.1106
983 19 989 13 1002 26 996 32 small-vehicle 0.1097
908 61 915 51 936 66 929 75 small-vehicle 0.1083
393 206 388 192 446 173 451 187 large-vehicle 0.3234
346 227 341 217 375 200 380 211 large-vehicle 0.2921
505 591 501 581 544 567 548 577 large-vehicle 0.2820
316 239 311 228 336 216 341 227 large-vehicle 0.1182
346 227 341 215 378 199 383 211 ship 0.1781
1107 361 1148 363 1145 436 1104 434 tennis-court 0.1002
