106 959 120 944 140 963 126 977 plane 0.1073
700 304 796 341 756 444 660 406 baseball-diamond 0.7145
1015 374 1142 446 1061 588 934 515 baseball-diamond 0.6451
808 731 928 707 954 832 833 856 baseball-diamond 0.6257
202 1702 269 1306 1337 1488 1270 1883 ground-track-field 0.1786
74 604 340 560 406 970 140 1013 ground-track-field 0.1442
599 1877 602 1861 639 1869 636 1885 small-vehicle 0.1023
71 773 82 769 100 818 88 822 large-vehicle 0.2285
190 1278 209 1276 215 1329 195 1331 large-vehicle 0.1106
115 892 125 888 142 932 132 936 large-vehicle 0.1049
245 76 283 74 286 158 248 159 tennis-court 0.9796
169 223 205 223 206 306 170 306 tennis-court 0.9629
182 73 222 71 227 155 186 157 tennis-court 0.9520
437 82 474 79 482 164 445 167 tennis-court 0.9453
309 232 345 235 338 310 303 308 tennis-court 0.9450
110 224 148 224 149 305 110 305 tennis-court 0.9435
226 228 264 229 262 306 224 305 tennis-court 0.9388
381 76 419 75 420 161 382 162 tennis-court 0.9353
367 234 402 237 394 317 359 313 tennis-court 0.9338
301 74 344 75 342 161 299 160 tennis-court 0.9303
495 84 533 84 535 165 496 166 tennis-court 0.8869
416 232 456 231 458 315 419 316 tennis-court 0.8835
210 405 249 406 247 490 208 489 tennis-court 0.8607
278 239 303 243 293 300 269 296 tennis-court 0.4766
290 1409 525 1369 587 1739 352 1778 tennis-court 0.2671
477 254 493 260 480 292 464 286 tennis-court 0.1836
356 88 380 93 368 149 345 144 tennis-court 0.1578
991 1728 1006 1616 1213 1644 1198 1755 tennis-court 0.1560
119 381 172 394 146 504 93 492 tennis-court 0.1398
600 1403 873 1328 983 1725 710 1800 tennis-court 0.1323
330 1354 540 1373 506 1742 296 1722 basketball-court 0.3142
991 1728 1006 1616 1213 1644 1198 1755 basketball-court 0.2470
115 653 208 602 297 764 204 815 basketball-court 0.2161
645 1388 911 1368 940 1761 674 1781 basketball-court 0.1777
967 410 1110 413 1107 570 964 568 basketball-court 0.1263
1013 1480 1052 1394 1192 1457 1152 1544 basketball-court 0.1093
305 71 346 72 342 170 301 168 basketball-court 0.1024
903 1457 1007 1471 980 1665 876 1650 basketball-court 0.1019
577 41 663 44 660 138 574 135 storage-tank 0.2031
326 1357 558 1375 529 1741 296 1723 soccer-ball-field 0.7948
694 1392 934 1421 891 1780 651 1751 soccer-ball-field 0.7660
1022 1394 1217 1414 1181 1775 986 1755 soccer-ball-field 0.7387
59 617 331 562 413 968 141 1023 soccer-ball-field 0.3445
1020 372 1141 434 1063 588 942 526 soccer-ball-field 0.1300
607 1382 752 1423 668 1721 522 1680 soccer-ball-field 0.1242
1144 258 1365 283 1325 639 1104 614 soccer-ball-field 0.1186
978 1153 1063 1171 1043 1266 957 1247 roundabout 0.6767
552 1170 636 1116 696 1211 612 1264 roundabout 0.6289
575 37 663 40 660 137 572 135 roundabout 0.4334
241 1077 335 1041 374 1144 280 1180 roundabout 0.1154
584 31 670 50 649 141 563 122 swimming-pool 0.1125
