405 850 411 799 477 807 471 858 plane 0.8543
401 1439 397 1407 439 1402 442 1434 plane 0.7825
421 527 447 530 443 564 416 560 plane 0.7766
451 549 475 552 471 586 447 583 plane 0.7748
448 501 475 503 474 540 446 538 plane 0.7271
427 1160 423 1132 463 1128 466 1156 plane 0.7031
417 110 443 111 441 145 415 144 plane 0.6853
427 1241 429 1211 467 1214 464 1244 plane 0.6664
506 332 538 335 534 375 503 372 plane 0.6570
404 1277 402 1251 433 1249 435 1275 plane 0.6531
399 1631 398 1601 429 1601 430 1630 plane 0.6426
455 1277 454 1251 489 1251 490 1276 plane 0.6280
387 1463 404 1443 426 1462 410 1482 plane 0.6058
345 1350 376 1350 375 1387 344 1386 plane 0.5962
420 577 444 578 443 606 419 605 plane 0.5784
514 263 538 263 538 301 514 301 plane 0.5274
422 1565 419 1538 455 1534 459 1561 plane 0.5080
443 1440 456 1419 482 1434 470 1456 plane 0.4887
415 303 442 306 437 345 409 342 plane 0.4664
515 159 539 159 539 193 515 194 plane 0.3281
452 594 475 598 469 627 447 623 plane 0.3275
343 1314 345 1299 380 1302 379 1318 plane 0.1662
402 1447 416 1430 439 1449 425 1466 plane 0.1073
30 826 43 824 48 853 35 855 small-vehicle 0.1119
177 1490 182 1483 196 1493 191 1500 small-vehicle 0.1105
58 748 66 744 73 759 66 762 small-vehicle 0.1032
342 1316 341 1303 378 1301 379 1314 large-vehicle 0.2159
305 1690 315 1690 316 1729 305 1729 large-vehicle 0.2008
322 1689 333 1689 336 1733 324 1733 large-vehicle 0.1607
258 1444 265 1441 273 1460 266 1463 large-vehicle 0.1489
300 1690 309 1692 301 1724 292 1722 large-vehicle 0.1421
70 833 80 835 76 859 66 858 large-vehicle 0.1311
96 829 108 830 106 861 94 861 large-vehicle 0.1287
368 777 368 763 402 763 402 777 large-vehicle 0.1150
592 1319 606 1318 608 1350 595 1351 large-vehicle 0.1110
342 1316 341 1303 378 1301 379 1314 ship 0.1292
94 928 108 930 105 960 91 958 ship 0.1211
512 160 542 160 542 198 513 198 ship 0.1044
443 1299 476 1326 427 1387 394 1360 tennis-court 0.2025
242 1348 267 1344 274 1389 249 1393 tennis-court 0.1222
627 213 661 214 660 249 626 248 storage-tank 0.1900
627 150 674 151 673 204 626 202 storage-tank 0.1422
507 332 538 335 534 374 502 371 helicopter 0.1967
414 302 444 308 437 348 407 343 helicopter 0.1472
345 1349 376 1351 374 1391 343 1389 helicopter 0.1463
417 110 443 111 441 145 415 144 helicopter 0.1363
514 159 541 160 540 197 513 196 helicopter 0.1202
408 852 408 803 475 804 475 853 helicopter 0.1193
406 1443 395 1412 434 1399 445 1430 helicopter 0.1154
420 577 444 578 443 606 419 605 helicopter 0.1094
387 1461 407 1444 426 1466 406 1483 helicopter 0.1018
