3350 1575 3433 1592 3412 1693 3329 1676 plane 0.6614
553 374 570 327 624 346 607 393 plane 0.6298
3478 1936 3509 1875 3586 1913 3555 1974 plane 0.6296
3526 1835 3564 1800 3606 1845 3567 1880 plane 0.6054
2415 1228 2458 1224 2463 1279 2421 1284 plane 0.5722
1877 1186 1891 1154 1943 1176 1929 1208 plane 0.5569
2893 1393 2934 1412 2911 1460 2871 1442 plane 0.5560
313 199 350 208 337 258 300 249 plane 0.5535
1583 833 1617 799 1668 849 1634 883 plane 0.4655
3348 1824 3386 1816 3395 1866 3357 1874 plane 0.4618
1997 1224 2015 1199 2051 1224 2033 1250 plane 0.4555
870 2570 851 2527 912 2501 931 2544 plane 0.4449
1518 1245 1556 1257 1537 1313 1500 1300 plane 0.4433
3260 1547 3332 1548 3331 1634 3259 1633 plane 0.4398
1071 2400 1088 2374 1126 2398 1110 2424 plane 0.4392
2911 1630 2956 1616 2973 1668 2928 1683 plane 0.4289
2002 1124 2022 1081 2092 1113 2072 1156 plane 0.4267
1640 855 1685 840 1705 897 1660 912 plane 0.4198
2593 1435 2621 1408 2657 1445 2629 1472 plane 0.3989
379 356 416 338 443 392 406 410 plane 0.3967
1550 782 1590 768 1609 822 1569 836 plane 0.3907
1697 1274 1733 1285 1716 1344 1680 1333 plane 0.3824
2782 1380 2807 1346 2861 1386 2836 1420 plane 0.3638
2675 1342 2686 1312 2737 1329 2726 1360 plane 0.3604
940 2531 915 2494 977 2452 1003 2489 plane 0.3536
289 262 324 265 319 320 285 318 plane 0.3520
2910 1706 2952 1711 2945 1763 2904 1758 plane 0.3288
1367 1098 1392 1086 1412 1129 1387 1140 plane 0.3273
1418 1232 1437 1212 1469 1244 1449 1263 plane 0.3230
2340 1603 2385 1599 2391 1667 2346 1671 plane 0.3166
1911 1075 1917 1048 1959 1058 1952 1084 plane 0.3041
2790 1580 2828 1597 2802 1655 2765 1638 plane 0.2858
550 409 590 421 573 476 533 464 plane 0.2851
1661 1383 1693 1406 1660 1455 1627 1432 plane 0.2643
1210 681 1251 677 1256 731 1215 735 plane 0.2422
2201 1807 2239 1807 2238 1868 2201 1868 plane 0.2135
3076 1709 3105 1722 3084 1768 3055 1756 plane 0.2064
1720 1242 1745 1247 1737 1290 1712 1286 plane 0.2064
1191 1720 1263 1680 1321 1784 1249 1824 plane 0.2038
2677 1545 2703 1536 2720 1582 2694 1592 plane 0.2034
3618 2082 3636 2063 3666 2089 3649 2109 plane 0.2015
3560 2016 3590 1997 3613 2035 3584 2054 plane 0.1968
1182 975 1205 979 1197 1020 1174 1016 plane 0.1829
2643 1529 2669 1515 2692 1557 2665 1571 plane 0.1737
1931 1204 1948 1182 1977 1205 1960 1226 plane 0.1727
1927 1054 1934 1032 1972 1044 1965 1066 plane 0.1667
1492 1286 1515 1284 1518 1328 1496 1329 plane 0.1641
3046 1511 3076 1504 3088 1552 3058 1559 plane 0.1617
1687 1326 1717 1336 1704 1374 1675 1364 plane 0.1606
2758 1375 2767 1347 2806 1360 2796 1388 plane 0.1529
1398 1217 1409 1198 1440 1216 1429 1235 plane 0.1516
2604 1506 2628 1488 2655 1526 2631 1543 plane 0.1507
1557 1550 1585 1552 1581 1604 1553 1602 plane 0.1487
1371 1141 1386 1124 1416 1150 1400 1167 plane 0.1435
1646 1427 1669 1449 1632 1488 1609 1467 plane 0.1420
1596 1498 1626 1508 1608 1565 1578 1556 plane 0.1415
1660 1362 1685 1371 1672 1404 1648 1395 plane 0.1359
1888 1151 1894 1127 1936 1138 1930 1161 plane 0.1316
3591 2036 3615 2021 3636 2055 3612 2070 plane 0.1305
1309 2494 1328 2481 1352 2514 1334 2528 plane 0.1281
1459 1266 1478 1258 1490 1288 1471 1296 plane 0.1228
1234 812 1261 816 1255 861 1228 857 plane 0.1167
3151 1479 3171 1474 3180 1512 3160 1516 plane 0.1154
1160 677 1189 674 1192 717 1163 719 plane 0.1124
3106 2290 3121 2277 3143 2301 3128 2315 plane 0.1121
2227 1808 2253 1802 2264 1846 2238 1852 plane 0.1104
1159 2278 1175 2272 1186 2305 1170 2310 plane 0.1102
1935 1118 1948 1099 1979 1122 1965 1140 plane 0.1075
3279 1983 3289 1960 3328 1977 3319 2000 plane 0.1046
1396 1229 1411 1222 1423 1245 1408 1252 plane 0.1037
982 2491 990 2463 1025 2472 1017 2501 plane 0.1028
3034 1757 3056 1747 3073 1781 3051 1792 plane 0.1028
816 1390 838 1400 799 1491 776 1481 large-vehicle 0.1747
986 1675 1005 1638 1149 1714 1130 1750 large-vehicle 0.1345
957 1738 978 1708 1117 1805 1096 1835 large-vehicle 0.1259
662 1664 676 1646 730 1688 716 1706 large-vehicle 0.1134
3454 2027 3510 2018 3521 2085 3464 2094 ship 0.1450
983 778 1075 800 1050 903 958 880 roundabout 0.2852
389 342 438 349 429 411 380 403 harbor 0.1448
2799 1580 2832 1601 2802 1649 2768 1628 harbor 0.1341
292 292 323 285 333 328 302 335 harbor 0.1144
313 199 350 208 337 258 300 249 harbor 0.1105
3260 1547 3332 1548 3331 1634 3259 1633 helicopter 0.1182
3480 1936 3507 1875 3585 1910 3558 1971 helicopter 0.1157
3350 1575 3433 1592 3412 1693 3329 1676 helicopter 0.1105
