3552 361 3580 311 3648 349 3620 399 plane 0.5139
1915 673 1950 660 1972 717 1937 730 plane 0.3806
3435 345 3475 309 3524 361 3485 398 plane 0.3535
3446 492 3438 454 3505 440 3513 478 plane 0.2793
1826 454 1816 411 1891 394 1901 436 plane 0.2531
1871 551 1884 519 1933 539 1920 571 plane 0.2137
1817 596 1845 574 1878 617 1850 639 plane 0.2129
1233 666 1268 659 1279 713 1244 720 plane 0.2043
2438 739 2446 705 2500 718 2491 752 plane 0.1925
1310 602 1340 588 1363 640 1333 653 plane 0.1803
1019 440 1039 416 1084 452 1064 476 plane 0.1586
3563 491 3558 459 3613 450 3618 483 plane 0.1522
4333 793 4348 776 4376 802 4361 819 plane 0.1320
3065 397 3097 396 3099 452 3067 453 plane 0.1265
1461 764 1486 740 1527 784 1502 808 plane 0.1257
427 468 430 428 494 433 490 474 plane 0.1173
3386 366 3407 341 3446 375 3425 400 plane 0.1172
1752 532 1775 510 1812 547 1789 570 plane 0.1106
1608 413 1640 396 1670 452 1637 469 plane 0.1091
4350 782 4374 762 4410 805 4385 825 plane 0.1030
-72 856 -146 250 3720 -223 3794 382 bridge 0.1057
3255 500 3246 466 3315 449 3323 482 large-vehicle 0.1124
2073 538 2075 504 2168 509 2166 544 large-vehicle 0.1046
