870 252 889 218 929 240 910 274 plane 0.9595
410 877 471 910 436 975 375 941 plane 0.9506
398 492 454 433 521 497 465 556 plane 0.9495
345 830 396 877 343 936 292 889 plane 0.9478
490 801 519 814 504 850 474 837 plane 0.9464
686 537 755 585 693 674 624 626 plane 0.9354
453 890 501 869 526 926 478 947 plane 0.9329
558 843 587 857 569 893 541 880 plane 0.9324
903 814 947 830 928 882 885 866 plane 0.9294
465 401 511 343 574 394 528 451 plane 0.9284
525 258 578 182 675 250 621 326 plane 0.9165
506 1008 475 968 524 930 555 970 plane 0.9152
315 669 341 629 389 660 363 700 plane 0.9120
773 395 810 406 799 448 762 438 plane 0.9112
914 359 913 328 956 325 958 356 plane 0.9104
338 790 378 781 389 829 349 838 plane 0.9052
634 167 675 189 649 239 608 217 plane 0.9022
650 143 692 108 730 152 688 187 plane 0.8988
391 641 351 577 428 529 468 594 plane 0.8868
866 342 936 379 897 454 827 418 plane 0.8772
858 315 887 288 918 322 890 349 plane 0.8706
525 898 550 918 526 948 501 928 plane 0.8398
594 761 630 777 611 817 575 801 plane 0.8391
314 761 353 706 418 752 380 807 plane 0.8275
539 331 561 291 611 319 588 359 plane 0.8157
285 808 328 812 323 862 280 858 plane 0.7875
921 270 929 241 968 251 960 280 plane 0.7314
737 617 771 611 779 653 745 660 plane 0.3658
223 839 242 801 290 824 271 862 plane 0.3419
621 731 641 748 611 782 591 764 plane 0.3008
806 353 854 350 857 401 808 403 plane 0.2904
596 290 638 283 648 338 606 345 plane 0.2546
631 751 643 759 636 772 623 765 plane 0.1980
957 312 964 298 986 308 979 322 plane 0.1289
964 266 975 253 993 268 982 281 plane 0.1035
910 980 918 983 913 999 905 997 small-vehicle 0.1624
936 893 939 884 957 891 954 900 small-vehicle 0.1552
856 467 864 474 837 504 829 497 large-vehicle 0.1366
17 585 27 571 67 600 57 614 large-vehicle 0.1262
595 818 567 781 616 745 643 781 helicopter 0.1628
921 267 930 241 967 254 957 281 helicopter 0.1102
397 509 433 438 517 480 480 552 helicopter 0.1078
