917 490 970 480 981 535 928 545 baseball-diamond 0.6589
761 308 825 268 866 334 803 374 baseball-diamond 0.6083
1042 617 1095 625 1087 678 1034 670 baseball-diamond 0.1557
683 426 815 407 859 721 727 739 ground-track-field 0.8169
1037 616 1078 608 1090 677 1049 684 ground-track-field 0.1144
371 257 395 280 323 355 300 332 ground-track-field 0.1047
878 459 886 457 892 473 884 476 large-vehicle 0.1721
643 390 650 367 724 391 717 413 large-vehicle 0.1395
290 502 298 501 302 532 295 533 large-vehicle 0.1145
860 379 856 374 878 358 882 364 large-vehicle 0.1101
321 348 301 324 376 262 395 286 ship 0.1065
587 707 607 707 606 748 586 748 tennis-court 0.6928
560 708 582 708 582 749 561 749 tennis-court 0.6275
508 711 530 709 535 752 513 754 tennis-court 0.6246
475 715 496 713 500 755 479 757 tennis-court 0.6173
456 716 475 715 477 756 459 757 tennis-court 0.6075
617 707 636 709 632 748 612 745 tennis-court 0.5975
533 709 553 708 555 753 535 754 tennis-court 0.5271
631 706 655 701 664 746 640 751 tennis-court 0.4485
951 730 990 728 994 784 956 787 tennis-court 0.3698
611 576 648 572 656 654 619 658 tennis-court 0.2516
106 995 135 996 134 1040 104 1038 tennis-court 0.1749
818 948 851 954 843 1003 810 997 tennis-court 0.1482
1199 1000 1224 996 1232 1039 1208 1044 tennis-court 0.1113
68 999 97 996 102 1044 73 1047 tennis-court 0.1036
816 946 852 952 844 1003 809 998 basketball-court 0.2750
951 730 990 728 994 784 956 787 basketball-court 0.2436
587 707 607 707 606 748 586 748 basketball-court 0.2232
560 708 582 708 582 749 561 749 basketball-court 0.1834
100 995 131 992 135 1040 105 1043 basketball-court 0.1742
1200 999 1224 996 1230 1040 1206 1043 basketball-court 0.1630
533 709 553 708 555 753 535 754 basketball-court 0.1610
512 709 534 711 531 755 509 753 basketball-court 0.1531
475 715 496 713 500 755 479 757 basketball-court 0.1515
631 706 655 701 664 746 640 751 basketball-court 0.1475
321 348 301 324 376 262 395 286 basketball-court 0.1414
457 716 478 714 482 756 461 758 basketball-court 0.1158
617 707 636 709 632 748 612 745 basketball-court 0.1082
726 546 823 544 827 688 729 691 basketball-court 0.1054
693 447 827 432 858 716 725 731 soccer-ball-field 0.3523
751 311 811 255 882 332 821 387 soccer-ball-field 0.1281
1037 624 1080 614 1093 677 1050 686 soccer-ball-field 0.1235
70 846 39 681 267 638 298 804 soccer-ball-field 0.1113
715 21 720 6 757 20 751 34 swimming-pool 0.2536
986 250 979 239 1008 219 1016 230 swimming-pool 0.1507
942 149 957 140 974 168 960 177 swimming-pool 0.1488
1005 1036 1003 1022 1027 1019 1029 1032 swimming-pool 0.1030
