1632 1143 1633 1131 1662 1134 1661 1146 small-vehicle 0.1334
1053 46 1063 39 1078 61 1068 68 small-vehicle 0.1302
802 955 813 949 829 977 817 983 small-vehicle 0.1280
1841 1266 1840 1258 1858 1256 1858 1265 small-vehicle 0.1201
1074 155 1081 151 1091 166 1084 171 small-vehicle 0.1066
1881 1059 1892 1060 1889 1083 1878 1082 small-vehicle 0.1060
1639 858 1644 850 1665 863 1660 871 small-vehicle 0.1059
1826 660 1826 647 1851 648 1850 660 small-vehicle 0.1039
550 630 562 621 606 676 595 685 large-vehicle 0.4261
639 827 650 838 597 893 586 882 large-vehicle 0.4037
312 989 324 980 382 1055 371 1064 large-vehicle 0.3750
1077 1123 1093 1126 1078 1202 1063 1199 large-vehicle 0.3571
937 350 949 341 995 397 983 406 large-vehicle 0.3410
791 622 803 612 857 671 845 682 large-vehicle 0.3381
728 996 739 986 794 1056 783 1065 large-vehicle 0.3309
1289 694 1293 683 1343 704 1339 715 large-vehicle 0.3144
731 855 722 845 777 791 786 801 large-vehicle 0.3110
483 330 495 337 455 399 444 392 large-vehicle 0.3103
955 498 969 506 925 582 911 574 large-vehicle 0.2922
628 688 637 679 668 714 659 722 large-vehicle 0.2909
539 947 551 937 609 1003 597 1013 large-vehicle 0.2900
1242 696 1255 695 1259 781 1246 781 large-vehicle 0.2876
492 646 507 636 565 725 550 735 large-vehicle 0.2859
869 450 881 457 842 519 830 511 large-vehicle 0.2834
699 1192 707 1183 763 1232 755 1241 large-vehicle 0.2827
880 1104 893 1115 830 1186 817 1174 large-vehicle 0.2825
780 339 794 331 842 405 828 413 large-vehicle 0.2804
1110 509 1121 519 1068 578 1057 569 large-vehicle 0.2793
510 614 524 608 555 673 542 679 large-vehicle 0.2785
1314 745 1319 732 1371 755 1365 768 large-vehicle 0.2775
155 1158 161 1143 238 1172 232 1187 large-vehicle 0.2743
714 1012 724 1003 779 1062 769 1071 large-vehicle 0.2725
921 461 938 464 917 583 900 580 large-vehicle 0.2720
321 1107 335 1113 310 1175 296 1170 large-vehicle 0.2692
1527 112 1529 98 1593 107 1591 121 large-vehicle 0.2680
406 664 417 656 468 721 457 729 large-vehicle 0.2668
625 954 635 945 686 1000 676 1009 large-vehicle 0.2665
1058 511 1070 519 1030 579 1018 571 large-vehicle 0.2656
721 347 734 338 781 409 767 418 large-vehicle 0.2629
669 608 681 600 729 666 718 675 large-vehicle 0.2616
914 833 926 842 879 903 867 893 large-vehicle 0.2592
986 631 998 622 1046 679 1034 689 large-vehicle 0.2585
957 459 971 462 963 506 949 504 large-vehicle 0.2582
528 351 538 343 587 399 577 407 large-vehicle 0.2571
329 594 341 598 327 636 315 631 large-vehicle 0.2525
372 941 385 934 412 980 399 988 large-vehicle 0.2518
444 773 456 769 481 849 469 853 large-vehicle 0.2508
677 1284 688 1287 674 1345 663 1342 large-vehicle 0.2437
1198 1477 1207 1483 1183 1522 1174 1516 large-vehicle 0.2433
1230 1552 1239 1560 1210 1592 1202 1585 large-vehicle 0.2418
475 665 490 653 546 726 531 737 large-vehicle 0.2395
1087 1274 1099 1280 1062 1349 1050 1342 large-vehicle 0.2393
898 390 905 382 932 405 925 413 large-vehicle 0.2379
1185 328 1196 320 1240 382 1229 390 large-vehicle 0.2374
864 460 875 456 901 526 890 530 large-vehicle 0.2350
1100 1128 1114 1133 1083 1217 1069 1212 large-vehicle 0.2344
1604 622 1611 612 1668 655 1661 664 large-vehicle 0.2331
811 861 821 865 803 905 793 900 large-vehicle 0.2308
535 816 539 804 642 838 638 851 large-vehicle 0.2280
703 360 713 351 760 402 750 412 large-vehicle 0.2259
1337 416 1348 422 1317 494 1305 489 large-vehicle 0.2244
485 945 497 935 550 998 537 1009 large-vehicle 0.2225
590 621 601 613 653 684 642 692 large-vehicle 0.2222
685 566 678 552 744 518 751 531 large-vehicle 0.2222
542 1286 551 1294 514 1336 505 1328 large-vehicle 0.2221
1128 1126 1140 1130 1126 1171 1114 1167 large-vehicle 0.2215
554 679 566 669 628 741 616 751 large-vehicle 0.2213
386 1004 395 995 444 1044 435 1053 large-vehicle 0.2193
1218 1107 1233 1114 1198 1188 1183 1182 large-vehicle 0.2184
451 781 460 775 501 844 491 850 large-vehicle 0.2173
612 614 623 606 664 664 653 671 large-vehicle 0.2167
983 1290 993 1296 965 1345 954 1339 large-vehicle 0.2163
1317 1502 1330 1512 1293 1560 1280 1551 large-vehicle 0.2145
960 468 972 463 998 519 985 524 large-vehicle 0.2133
1333 1146 1351 1146 1350 1233 1333 1233 large-vehicle 0.2090
420 609 433 599 480 662 467 671 large-vehicle 0.2089
604 617 616 610 648 664 636 671 large-vehicle 0.2073
994 1290 1004 1296 976 1345 966 1339 large-vehicle 0.2072
444 667 457 656 514 729 500 740 large-vehicle 0.2071
993 957 1003 950 1039 1001 1029 1008 large-vehicle 0.2040
307 1266 318 1270 295 1336 284 1332 large-vehicle 0.2037
992 349 1004 340 1044 398 1032 406 large-vehicle 0.2029
655 953 666 944 706 998 694 1006 large-vehicle 0.2019
1214 586 1220 573 1288 605 1281 618 large-vehicle 0.2013
1044 687 1057 677 1107 738 1094 748 large-vehicle 0.2008
1192 527 1199 515 1263 550 1256 563 large-vehicle 0.2001
907 467 922 470 897 572 882 568 large-vehicle 0.2000
1330 1535 1341 1545 1307 1581 1296 1571 large-vehicle 0.1994
981 1282 991 1290 953 1335 943 1327 large-vehicle 0.1976
600 1108 613 1114 585 1179 571 1173 large-vehicle 0.1970
726 695 737 687 769 727 758 736 large-vehicle 0.1967
575 785 585 778 631 836 621 844 large-vehicle 0.1963
943 630 955 621 1005 685 993 694 large-vehicle 0.1949
401 821 414 816 443 887 430 893 large-vehicle 0.1949
481 1195 488 1182 548 1215 541 1227 large-vehicle 0.1947
1469 1209 1471 1197 1542 1209 1540 1221 large-vehicle 0.1947
580 469 587 460 632 496 624 505 large-vehicle 0.1946
1239 1159 1252 1162 1241 1224 1227 1221 large-vehicle 0.1935
351 1307 353 1296 411 1309 409 1320 large-vehicle 0.1933
1295 1051 1295 1041 1335 1040 1335 1050 large-vehicle 0.1931
622 469 619 457 658 446 662 458 large-vehicle 0.1931
521 1018 531 1011 562 1052 552 1060 large-vehicle 0.1925
1289 1088 1290 1077 1337 1083 1335 1094 large-vehicle 0.1917
1143 1567 1159 1576 1126 1635 1110 1627 large-vehicle 0.1909
548 1195 553 1184 610 1215 604 1225 large-vehicle 0.1901
963 1278 974 1286 938 1339 926 1331 large-vehicle 0.1893
1023 688 1036 677 1088 743 1075 753 large-vehicle 0.1887
1244 1562 1254 1571 1221 1610 1211 1601 large-vehicle 0.1886
363 663 374 655 423 717 411 726 large-vehicle 0.1883
1287 666 1291 655 1335 670 1331 681 large-vehicle 0.1880
1117 1124 1129 1128 1113 1174 1101 1169 large-vehicle 0.1879
1754 780 1765 779 1772 854 1760 855 large-vehicle 0.1877
861 1184 868 1175 926 1223 918 1233 large-vehicle 0.1875
436 944 450 932 505 998 492 1009 large-vehicle 0.1868
121 1220 122 1207 202 1213 201 1227 large-vehicle 0.1866
1131 338 1134 327 1170 339 1167 349 large-vehicle 0.1865
872 1011 882 1001 934 1058 924 1067 large-vehicle 0.1863
383 940 394 931 424 973 413 981 large-vehicle 0.1858
1858 786 1872 786 1869 863 1856 863 large-vehicle 0.1857
1207 862 1216 867 1185 920 1175 915 large-vehicle 0.1844
1150 445 1154 432 1231 454 1228 467 large-vehicle 0.1842
594 432 592 420 634 415 635 426 large-vehicle 0.1836
968 505 982 507 970 581 955 578 large-vehicle 0.1820
1415 1252 1415 1240 1455 1239 1455 1252 large-vehicle 0.1817
483 1114 494 1117 480 1178 469 1175 large-vehicle 0.1814
1746 87 1751 79 1776 94 1770 102 large-vehicle 0.1814
1067 845 1077 848 1062 894 1053 891 large-vehicle 0.1813
748 1183 759 1173 811 1225 801 1235 large-vehicle 0.1798
860 625 873 616 919 679 906 688 large-vehicle 0.1797
988 1015 998 1007 1032 1054 1022 1062 large-vehicle 0.1786
1045 846 1054 847 1053 893 1044 892 large-vehicle 0.1778
1109 1021 1118 1015 1146 1056 1137 1062 large-vehicle 0.1773
773 1538 789 1540 781 1593 765 1591 large-vehicle 0.1771
464 1111 477 1116 450 1185 438 1180 large-vehicle 0.1765
1121 519 1134 531 1086 583 1073 572 large-vehicle 0.1765
488 1472 505 1476 494 1526 476 1522 large-vehicle 0.1764
1152 1172 1161 1179 1127 1227 1117 1221 large-vehicle 0.1763
608 950 618 941 662 989 652 998 large-vehicle 0.1761
1289 682 1293 671 1340 688 1336 699 large-vehicle 0.1759
657 1291 667 1291 670 1344 659 1345 large-vehicle 0.1758
440 994 451 983 518 1050 507 1061 large-vehicle 0.1749
1071 247 1075 235 1133 255 1128 267 large-vehicle 0.1748
282 1262 293 1264 285 1332 274 1331 large-vehicle 0.1747
1406 953 1417 949 1439 1006 1427 1010 large-vehicle 0.1747
1296 1138 1309 1141 1296 1204 1283 1201 large-vehicle 0.1745
997 104 999 89 1067 99 1065 114 large-vehicle 0.1743
1367 965 1376 960 1404 1011 1394 1016 large-vehicle 0.1739
1552 1023 1563 1019 1586 1085 1574 1089 large-vehicle 0.1736
517 956 529 946 592 1030 579 1039 large-vehicle 0.1735
1029 458 1040 462 1026 502 1015 498 large-vehicle 0.1728
1273 1510 1265 1499 1307 1464 1315 1474 large-vehicle 0.1720
1626 1038 1636 1033 1651 1064 1640 1069 large-vehicle 0.1694
710 531 704 515 798 481 803 497 large-vehicle 0.1685
387 827 399 821 432 887 420 893 large-vehicle 0.1674
839 1287 848 1293 821 1333 812 1327 large-vehicle 0.1667
570 667 583 657 639 732 627 741 large-vehicle 0.1666
866 1563 887 1568 871 1632 850 1627 large-vehicle 0.1656
591 1027 600 1021 631 1064 622 1070 large-vehicle 0.1648
282 993 293 985 326 1029 315 1037 large-vehicle 0.1640
488 712 495 701 532 725 525 736 large-vehicle 0.1639
587 1486 600 1490 588 1534 575 1531 large-vehicle 0.1636
1462 1247 1464 1234 1521 1242 1519 1255 large-vehicle 0.1626
1019 850 1027 846 1045 890 1037 893 large-vehicle 0.1623
894 348 906 340 951 402 939 410 large-vehicle 0.1623
637 343 649 334 692 398 679 406 large-vehicle 0.1623
568 499 571 488 630 501 627 511 large-vehicle 0.1623
140 1181 142 1167 223 1180 221 1194 large-vehicle 0.1622
1507 205 1520 204 1523 240 1510 241 large-vehicle 0.1621
259 1271 271 1269 281 1326 269 1328 large-vehicle 0.1616
640 1226 644 1216 673 1229 669 1239 large-vehicle 0.1616
1293 330 1305 335 1280 396 1268 391 large-vehicle 0.1614
431 419 442 427 403 490 391 483 large-vehicle 0.1611
1726 904 1728 895 1748 901 1745 909 large-vehicle 0.1611
310 776 323 771 368 881 355 886 large-vehicle 0.1610
785 851 796 858 769 897 758 890 large-vehicle 0.1608
762 1112 776 1118 745 1194 730 1188 large-vehicle 0.1607
981 464 994 461 1007 524 994 526 large-vehicle 0.1606
965 839 978 840 975 905 963 905 large-vehicle 0.1605
1134 1287 1144 1286 1149 1341 1139 1342 large-vehicle 0.1600
881 781 894 786 868 855 855 850 large-vehicle 0.1598
119 1281 115 1271 144 1260 148 1270 large-vehicle 0.1597
804 1545 823 1551 806 1609 786 1604 large-vehicle 0.1596
1075 847 1086 850 1073 894 1062 890 large-vehicle 0.1594
1271 1370 1286 1369 1288 1416 1273 1417 large-vehicle 0.1587
975 1049 984 1042 1008 1076 998 1082 large-vehicle 0.1584
845 499 858 506 820 578 806 571 large-vehicle 0.1583
559 477 559 466 589 464 590 475 large-vehicle 0.1582
293 836 296 822 399 850 395 863 large-vehicle 0.1579
651 881 648 870 709 850 713 862 large-vehicle 0.1578
849 343 859 336 898 394 887 401 large-vehicle 0.1575
780 984 788 977 830 1025 821 1032 large-vehicle 0.1569
948 1406 958 1406 956 1436 946 1436 large-vehicle 0.1564
1215 332 1226 327 1249 373 1238 378 large-vehicle 0.1562
816 1219 820 1209 856 1225 851 1235 large-vehicle 0.1561
1363 455 1375 453 1385 514 1373 516 large-vehicle 0.1549
531 830 544 828 553 889 541 891 large-vehicle 0.1539
1211 592 1218 581 1272 617 1265 628 large-vehicle 0.1536
557 829 569 825 590 893 578 897 large-vehicle 0.1536
867 689 877 680 921 737 910 745 large-vehicle 0.1536
403 1299 402 1290 440 1283 442 1291 large-vehicle 0.1534
890 787 904 791 882 860 868 855 large-vehicle 0.1525
966 1496 977 1495 983 1537 973 1538 large-vehicle 0.1521
797 954 808 948 825 976 814 983 large-vehicle 0.1520
956 517 969 521 950 576 937 571 large-vehicle 0.1520
299 819 301 804 382 812 381 827 large-vehicle 0.1517
1422 1522 1435 1532 1400 1576 1387 1567 large-vehicle 0.1513
1126 300 1126 291 1148 290 1148 300 large-vehicle 0.1509
1163 962 1175 960 1181 994 1170 996 large-vehicle 0.1507
763 1178 772 1169 822 1220 813 1229 large-vehicle 0.1504
1005 723 1014 715 1037 742 1028 750 large-vehicle 0.1501
424 998 435 987 503 1056 492 1067 large-vehicle 0.1495
734 343 747 335 793 403 780 412 large-vehicle 0.1494
832 680 842 671 899 733 890 742 large-vehicle 0.1471
652 1018 661 1013 687 1058 678 1063 large-vehicle 0.1461
364 1100 378 1105 353 1175 339 1170 large-vehicle 0.1458
1827 801 1840 801 1841 849 1829 849 large-vehicle 0.1456
780 521 793 528 768 577 755 571 large-vehicle 0.1456
414 1231 415 1222 441 1227 439 1236 large-vehicle 0.1456
629 375 641 366 666 402 654 410 large-vehicle 0.1452
570 530 569 519 632 514 633 525 large-vehicle 0.1452
469 951 481 942 531 1010 519 1019 large-vehicle 0.1452
856 780 867 787 832 835 822 828 large-vehicle 0.1451
833 344 844 337 881 392 870 400 large-vehicle 0.1438
807 856 815 863 787 896 779 889 large-vehicle 0.1435
653 467 666 457 721 523 708 534 large-vehicle 0.1434
605 1029 615 1023 640 1065 631 1071 large-vehicle 0.1431
648 1116 661 1122 631 1186 618 1180 large-vehicle 0.1431
900 1586 917 1591 903 1641 885 1635 large-vehicle 0.1428
376 651 387 642 449 717 438 726 large-vehicle 0.1419
343 801 338 788 371 776 376 789 large-vehicle 0.1415
516 789 523 779 549 794 542 805 large-vehicle 0.1415
380 1367 393 1368 391 1414 379 1413 large-vehicle 0.1414
977 961 986 954 1023 1003 1013 1010 large-vehicle 0.1411
538 786 550 778 624 895 612 903 large-vehicle 0.1407
1324 409 1335 414 1305 475 1294 470 large-vehicle 0.1404
578 859 586 855 601 890 593 894 large-vehicle 0.1398
1129 1286 1139 1289 1123 1340 1114 1337 large-vehicle 0.1396
313 1275 325 1278 309 1336 298 1333 large-vehicle 0.1396
1292 656 1295 648 1326 660 1323 668 large-vehicle 0.1394
124 1204 126 1188 207 1198 206 1214 large-vehicle 0.1389
972 515 982 508 1013 558 1003 564 large-vehicle 0.1386
899 683 911 674 957 734 945 743 large-vehicle 0.1384
945 1490 959 1487 971 1557 956 1559 large-vehicle 0.1382
601 955 611 947 652 999 642 1007 large-vehicle 0.1382
424 825 436 821 457 882 445 886 large-vehicle 0.1378
972 348 983 340 1025 398 1013 406 large-vehicle 0.1375
647 667 658 658 713 725 703 734 large-vehicle 0.1368
1090 1287 1102 1290 1087 1346 1076 1343 large-vehicle 0.1360
640 679 650 671 688 721 678 728 large-vehicle 0.1355
1237 1365 1252 1364 1253 1409 1239 1409 large-vehicle 0.1354
453 1106 467 1111 441 1175 428 1170 large-vehicle 0.1347
681 1522 697 1526 686 1576 669 1573 large-vehicle 0.1346
813 674 824 666 873 734 862 742 large-vehicle 0.1346
1786 1050 1798 1054 1788 1081 1776 1077 large-vehicle 0.1343
580 389 585 378 617 394 611 405 large-vehicle 0.1342
845 1289 857 1293 837 1347 826 1342 large-vehicle 0.1338
565 948 575 940 616 992 606 999 large-vehicle 0.1336
1852 1113 1861 1113 1861 1137 1852 1137 large-vehicle 0.1335
332 974 344 965 396 1037 384 1046 large-vehicle 0.1334
1127 349 1133 338 1181 362 1176 372 large-vehicle 0.1323
1399 1500 1412 1510 1385 1543 1373 1533 large-vehicle 0.1322
1140 868 1151 865 1166 910 1155 914 large-vehicle 0.1318
729 478 733 467 788 482 785 494 large-vehicle 0.1318
383 1326 382 1318 425 1308 427 1316 large-vehicle 0.1313
407 795 417 788 465 853 455 860 large-vehicle 0.1311
1417 740 1412 727 1457 708 1462 721 large-vehicle 0.1310
1064 674 1076 666 1119 730 1107 738 large-vehicle 0.1310
1009 1232 1015 1223 1037 1239 1031 1248 large-vehicle 0.1309
373 1108 387 1111 370 1175 357 1172 large-vehicle 0.1302
1160 1613 1169 1618 1151 1645 1143 1639 large-vehicle 0.1301
640 527 653 533 638 567 625 561 large-vehicle 0.1300
947 672 956 664 1009 727 1000 735 large-vehicle 0.1299
1158 476 1160 464 1227 474 1225 487 large-vehicle 0.1297
1862 1114 1870 1115 1867 1138 1858 1137 large-vehicle 0.1297
360 1284 366 1275 416 1306 410 1316 large-vehicle 0.1296
289 684 298 688 285 718 276 714 large-vehicle 0.1295
764 410 768 402 792 413 788 421 large-vehicle 0.1288
86 440 95 442 88 473 79 471 large-vehicle 0.1283
965 636 976 627 1034 698 1024 707 large-vehicle 0.1281
851 962 861 955 899 1003 890 1010 large-vehicle 0.1272
923 674 935 664 986 728 974 737 large-vehicle 0.1272
914 1222 919 1215 945 1235 940 1241 large-vehicle 0.1271
979 399 986 390 1012 408 1005 418 large-vehicle 0.1270
1016 1568 1021 1556 1056 1570 1052 1582 large-vehicle 0.1267
532 1005 543 996 581 1047 569 1055 large-vehicle 0.1265
555 536 556 523 626 528 626 541 large-vehicle 0.1265
1246 567 1247 556 1280 559 1279 570 large-vehicle 0.1263
476 1218 481 1206 521 1224 516 1236 large-vehicle 0.1263
484 491 484 476 560 475 560 490 large-vehicle 0.1259
879 474 886 467 915 502 908 508 large-vehicle 0.1253
643 896 639 884 678 872 682 885 large-vehicle 0.1252
746 343 758 334 809 400 797 409 large-vehicle 0.1247
624 1042 632 1038 647 1064 639 1068 large-vehicle 0.1246
585 373 594 363 619 384 611 394 large-vehicle 0.1245
1086 221 1086 209 1115 209 1115 221 large-vehicle 0.1243
951 1279 961 1287 919 1340 908 1332 large-vehicle 0.1243
733 1527 755 1529 748 1589 726 1587 large-vehicle 0.1239
296 823 300 809 391 838 387 851 large-vehicle 0.1238
886 1291 899 1300 864 1354 850 1345 large-vehicle 0.1238
703 489 705 476 786 489 784 502 large-vehicle 0.1237
810 340 820 334 851 392 840 398 large-vehicle 0.1229
415 645 428 636 478 716 464 724 large-vehicle 0.1227
622 1016 631 1011 652 1055 642 1060 large-vehicle 0.1225
1345 768 1347 758 1374 764 1372 774 large-vehicle 0.1224
119 1292 116 1281 149 1273 152 1284 large-vehicle 0.1223
1611 1539 1607 1528 1645 1513 1649 1524 large-vehicle 0.1217
378 1330 378 1321 407 1322 407 1330 large-vehicle 0.1217
1696 1387 1695 1376 1740 1372 1741 1384 large-vehicle 0.1214
494 1118 505 1121 489 1175 478 1171 large-vehicle 0.1212
694 1112 707 1118 683 1179 670 1174 large-vehicle 0.1211
594 789 603 782 630 820 621 826 large-vehicle 0.1211
1090 509 1099 518 1052 567 1043 558 large-vehicle 0.1210
318 941 327 937 348 982 339 986 large-vehicle 0.1210
1150 369 1155 360 1186 377 1181 385 large-vehicle 0.1204
933 462 944 459 955 499 944 502 large-vehicle 0.1202
878 487 893 494 853 580 838 573 large-vehicle 0.1202
331 845 344 843 350 893 337 895 large-vehicle 0.1199
1693 894 1697 884 1730 895 1726 906 large-vehicle 0.1195
879 1176 869 1167 913 1124 922 1133 large-vehicle 0.1195
349 676 360 667 407 722 396 731 large-vehicle 0.1195
976 1021 986 1014 1018 1061 1008 1068 large-vehicle 0.1194
755 721 762 714 787 739 779 746 large-vehicle 0.1192
1117 292 1117 283 1143 283 1143 292 large-vehicle 0.1185
1033 504 1045 510 1016 572 1003 566 large-vehicle 0.1181
701 1536 718 1539 711 1591 694 1589 large-vehicle 0.1177
658 1015 667 1008 700 1054 691 1060 large-vehicle 0.1177
579 1022 589 1017 612 1058 603 1063 large-vehicle 0.1167
723 1108 738 1113 712 1187 697 1182 large-vehicle 0.1166
782 1292 792 1300 759 1344 748 1337 large-vehicle 0.1164
1068 1277 1078 1280 1061 1336 1051 1333 large-vehicle 0.1162
1162 1366 1173 1364 1181 1412 1170 1414 large-vehicle 0.1162
585 1288 596 1291 580 1347 569 1344 large-vehicle 0.1159
693 475 690 464 724 457 726 469 large-vehicle 0.1158
1212 1541 1222 1548 1202 1577 1192 1570 large-vehicle 0.1158
1267 625 1266 616 1295 614 1295 623 large-vehicle 0.1154
579 1099 591 1104 571 1143 560 1138 large-vehicle 0.1154
793 491 809 494 791 580 774 576 large-vehicle 0.1153
377 783 385 776 414 809 407 816 large-vehicle 0.1150
862 786 872 789 857 847 848 844 large-vehicle 0.1148
793 980 802 972 836 1013 827 1021 large-vehicle 0.1147
362 957 375 947 422 1003 409 1014 large-vehicle 0.1147
1011 462 1024 463 1019 516 1006 514 large-vehicle 0.1145
520 506 529 499 576 556 567 564 large-vehicle 0.1142
600 474 600 461 656 464 655 476 large-vehicle 0.1139
547 405 548 394 588 399 586 410 large-vehicle 0.1139
351 985 363 974 422 1040 410 1051 large-vehicle 0.1135
1387 657 1382 646 1413 632 1418 643 large-vehicle 0.1132
764 798 767 788 793 795 790 805 large-vehicle 0.1130
1322 1126 1322 1115 1355 1115 1355 1125 large-vehicle 0.1124
1842 1112 1852 1112 1852 1136 1843 1137 large-vehicle 0.1123
517 1484 534 1485 531 1530 514 1528 large-vehicle 0.1122
1941 1113 1941 1099 1976 1099 1976 1113 large-vehicle 0.1121
885 615 895 609 923 659 912 664 large-vehicle 0.1116
872 343 883 338 910 395 899 400 large-vehicle 0.1115
1714 838 1721 837 1726 863 1718 865 large-vehicle 0.1113
541 1295 551 1298 536 1340 526 1336 large-vehicle 0.1112
1938 1125 1939 1113 1971 1117 1969 1130 large-vehicle 0.1110
1154 965 1164 962 1173 999 1162 1001 large-vehicle 0.1107
776 463 788 455 824 505 812 513 large-vehicle 0.1107
1261 639 1262 629 1294 632 1293 641 large-vehicle 0.1105
1204 846 1213 851 1192 894 1183 890 large-vehicle 0.1104
904 949 916 943 931 973 919 979 large-vehicle 0.1101
735 691 744 682 782 719 773 728 large-vehicle 0.1100
243 1284 252 1280 270 1318 261 1323 large-vehicle 0.1099
1191 547 1198 533 1258 561 1252 575 large-vehicle 0.1099
1701 501 1705 490 1735 503 1731 513 large-vehicle 0.1098
1465 1226 1465 1215 1531 1219 1531 1230 large-vehicle 0.1097
1263 646 1266 637 1300 651 1296 660 large-vehicle 0.1096
1413 818 1420 816 1427 844 1420 846 large-vehicle 0.1092
1034 1021 1043 1014 1078 1058 1069 1066 large-vehicle 0.1092
351 1195 354 1186 379 1196 376 1205 large-vehicle 0.1091
488 508 488 493 569 494 568 509 large-vehicle 0.1090
701 720 710 712 731 735 723 743 large-vehicle 0.1089
386 1111 398 1114 384 1173 372 1170 large-vehicle 0.1088
1090 956 1103 949 1119 982 1106 988 large-vehicle 0.1088
751 985 763 975 814 1035 802 1045 large-vehicle 0.1087
994 767 996 757 1020 760 1019 770 large-vehicle 0.1087
898 1116 910 1128 856 1182 845 1170 large-vehicle 0.1086
1124 1370 1137 1368 1145 1418 1133 1420 large-vehicle 0.1082
996 453 1010 454 1006 494 993 493 large-vehicle 0.1075
1839 1267 1838 1259 1857 1257 1858 1266 large-vehicle 0.1075
701 1111 715 1113 702 1177 689 1174 large-vehicle 0.1075
366 854 377 848 402 894 391 900 large-vehicle 0.1071
325 1285 337 1286 332 1334 320 1333 large-vehicle 0.1071
700 792 704 780 733 789 729 801 large-vehicle 0.1070
846 1228 852 1219 877 1237 870 1246 large-vehicle 0.1068
1632 1143 1633 1131 1662 1134 1661 1146 large-vehicle 0.1068
1112 1293 1121 1295 1112 1343 1102 1341 large-vehicle 0.1067
863 1293 874 1298 849 1352 837 1346 large-vehicle 0.1063
347 1306 352 1299 378 1320 373 1327 large-vehicle 0.1062
235 815 244 819 234 847 224 844 large-vehicle 0.1062
738 1106 754 1111 732 1188 715 1183 large-vehicle 0.1061
740 454 750 447 847 575 837 582 large-vehicle 0.1059
1510 1035 1521 1037 1517 1067 1507 1066 large-vehicle 0.1058
1359 1591 1371 1600 1333 1647 1322 1637 large-vehicle 0.1055
1213 381 1221 374 1238 396 1230 402 large-vehicle 0.1054
1138 867 1139 856 1178 859 1177 870 large-vehicle 0.1053
459 608 471 603 488 644 476 649 large-vehicle 0.1052
582 1116 592 1120 567 1177 558 1173 large-vehicle 0.1052
1381 1475 1393 1483 1368 1518 1357 1511 large-vehicle 0.1051
969 976 977 969 1009 1003 1001 1011 large-vehicle 0.1050
956 1196 962 1187 1001 1214 995 1223 large-vehicle 0.1047
1649 661 1655 654 1671 669 1664 675 large-vehicle 0.1045
650 533 662 535 656 569 644 567 large-vehicle 0.1045
1162 342 1170 336 1199 372 1191 379 large-vehicle 0.1042
613 1112 626 1116 602 1181 589 1176 large-vehicle 0.1039
1130 312 1128 303 1149 299 1151 308 large-vehicle 0.1038
402 1211 404 1203 433 1211 431 1218 large-vehicle 0.1037
357 1025 366 1019 386 1051 377 1056 large-vehicle 0.1033
638 1017 648 1013 668 1057 658 1062 large-vehicle 0.1032
899 780 911 782 905 828 893 826 large-vehicle 0.1030
1339 813 1332 803 1356 786 1363 796 large-vehicle 0.1029
801 1114 812 1117 801 1150 790 1146 large-vehicle 0.1028
696 554 699 544 735 556 732 566 large-vehicle 0.1026
1817 1551 1829 1548 1837 1580 1825 1583 large-vehicle 0.1026
1122 979 1134 976 1142 1007 1131 1010 large-vehicle 0.1023
1329 716 1332 708 1352 716 1348 724 large-vehicle 0.1022
1311 1532 1322 1540 1298 1574 1287 1566 large-vehicle 0.1019
1113 712 1122 707 1141 741 1132 746 large-vehicle 0.1009
830 1582 848 1587 834 1636 817 1631 large-vehicle 0.1001
642 1519 663 1523 654 1570 634 1566 ship 0.3687
681 1522 697 1526 686 1576 669 1573 ship 0.2806
701 1536 718 1539 711 1591 694 1589 ship 0.2469
615 1497 634 1503 616 1558 597 1552 ship 0.2350
733 1527 755 1531 743 1593 721 1588 ship 0.1486
590 1484 605 1488 589 1541 574 1537 ship 0.1307
516 1485 534 1487 529 1532 511 1530 ship 0.1306
772 1537 790 1540 782 1597 763 1595 ship 0.1124
895 1587 914 1589 908 1639 889 1637 ship 0.1096
