751 2653 814 2566 1039 2730 976 2817 ground-track-field 0.2359
1152 2547 1170 2528 1219 2574 1201 2593 large-vehicle 0.1035
914 2019 935 2034 896 2090 875 2075 ship 0.6540
1297 1642 1318 1654 1283 1711 1262 1699 ship 0.6470
944 2043 966 2055 931 2120 909 2108 ship 0.6339
1429 1424 1448 1439 1407 1489 1388 1473 ship 0.6325
1368 1608 1392 1621 1362 1676 1338 1664 ship 0.6212
808 2074 832 2089 798 2142 774 2127 ship 0.6183
1286 1611 1269 1592 1320 1547 1337 1566 ship 0.6169
1222 1465 1242 1483 1196 1534 1176 1516 ship 0.6095
953 1958 974 1978 929 2024 908 2004 ship 0.6069
1527 1738 1533 1705 1647 1724 1641 1756 ship 0.6052
1599 1831 1630 1829 1636 1903 1604 1905 ship 0.5983
1683 2080 1711 2079 1712 2150 1685 2150 ship 0.5979
996 2087 1020 2102 982 2161 958 2145 ship 0.5972
1009 2000 1029 2016 989 2064 969 2047 ship 0.5954
1336 1676 1356 1693 1313 1748 1292 1732 ship 0.5949
1590 2087 1616 2081 1631 2144 1604 2150 ship 0.5828
1142 1761 1161 1778 1112 1835 1093 1818 ship 0.5822
1279 1520 1300 1535 1261 1589 1240 1574 ship 0.5788
1073 1729 1098 1742 1070 1796 1045 1783 ship 0.5781
1706 1392 1698 1364 1816 1331 1824 1359 ship 0.5753
1808 1851 1833 1847 1843 1906 1818 1910 ship 0.5742
947 1726 966 1742 924 1791 905 1775 ship 0.5730
906 1687 930 1704 879 1774 856 1757 ship 0.5693
1449 1440 1469 1455 1433 1507 1413 1492 ship 0.5616
821 1950 844 1957 826 2014 804 2007 ship 0.5600
1660 1912 1683 1914 1677 1975 1654 1973 ship 0.5591
1693 1837 1726 1832 1737 1905 1704 1910 ship 0.5574
700 1844 725 1857 687 1930 662 1917 ship 0.5565
1537 2083 1567 2079 1577 2145 1546 2149 ship 0.5559
1769 1848 1797 1848 1797 1918 1770 1918 ship 0.5532
1266 1870 1289 1886 1241 1954 1218 1938 ship 0.5532
755 1895 775 1912 734 1961 714 1943 ship 0.5480
1452 1325 1469 1342 1421 1391 1404 1375 ship 0.5472
1817 1909 1845 1912 1839 1973 1812 1970 ship 0.5464
1349 1475 1330 1455 1385 1401 1404 1420 ship 0.5432
1736 2085 1767 2078 1782 2144 1752 2151 ship 0.5387
1763 1904 1793 1902 1798 1973 1769 1975 ship 0.5379
1123 1370 1145 1386 1096 1456 1074 1440 ship 0.5308
1427 1636 1450 1649 1411 1713 1388 1699 ship 0.5270
1603 1913 1628 1913 1626 1977 1601 1976 ship 0.5268
1840 2072 1870 2072 1869 2155 1839 2154 ship 0.5267
1685 1919 1708 1924 1697 1974 1675 1969 ship 0.5260
1152 1891 1169 1904 1136 1951 1119 1939 ship 0.5255
1666 1347 1665 1313 1832 1309 1832 1344 ship 0.5225
1541 1844 1572 1840 1580 1902 1549 1906 ship 0.5174
1494 1476 1519 1494 1469 1565 1445 1547 ship 0.5173
984 1763 1004 1773 975 1829 956 1819 ship 0.5146
1546 1920 1576 1921 1574 1988 1544 1987 ship 0.5144
1108 1859 1128 1872 1095 1923 1075 1910 ship 0.5126
1751 1745 1753 1721 1817 1726 1815 1750 ship 0.5109
976 1643 997 1660 949 1718 928 1701 ship 0.5013
1550 1430 1575 1442 1544 1505 1520 1493 ship 0.4986
1331 1568 1350 1582 1313 1630 1295 1617 ship 0.4978
1164 1413 1184 1429 1138 1487 1117 1471 ship 0.4967
1079 1834 1098 1853 1044 1906 1026 1888 ship 0.4954
1739 1598 1735 1564 1835 1550 1840 1584 ship 0.4901
1075 2063 1097 2080 1046 2145 1024 2128 ship 0.4874
982 1739 964 1721 1012 1675 1030 1693 ship 0.4864
879 1887 898 1904 852 1954 833 1937 ship 0.4859
779 1824 800 1836 769 1889 748 1877 ship 0.4793
1643 1837 1672 1835 1677 1902 1648 1904 ship 0.4790
842 1871 857 1886 819 1925 804 1910 ship 0.4743
1040 2029 1059 2044 1022 2092 1004 2077 ship 0.4648
817 1852 832 1867 796 1904 781 1890 ship 0.4637
768 2140 785 2155 746 2202 728 2188 ship 0.4531
1657 2085 1683 2081 1692 2146 1666 2149 ship 0.4461
1222 1274 1241 1287 1209 1335 1190 1323 ship 0.4441
1224 1593 1246 1609 1203 1669 1181 1653 ship 0.4428
795 1926 815 1939 780 1995 759 1982 ship 0.4421
1754 1630 1748 1600 1835 1582 1841 1612 ship 0.4419
1079 1444 1100 1463 1050 1517 1029 1498 ship 0.4390
1005 1791 1026 1794 1019 1853 998 1851 ship 0.4353
1324 1351 1347 1359 1325 1425 1301 1416 ship 0.4344
1704 1913 1730 1917 1723 1971 1697 1968 ship 0.4329
1283 1322 1311 1328 1299 1385 1272 1380 ship 0.4263
1770 1719 1770 1695 1848 1695 1848 1720 ship 0.4164
1404 1309 1425 1321 1392 1382 1370 1370 ship 0.3949
926 2274 943 2292 896 2339 879 2322 ship 0.3708
1186 1182 1213 1194 1172 1286 1145 1274 ship 0.3697
1207 1942 1229 1951 1204 2011 1182 2002 ship 0.3668
972 2318 990 2328 963 2378 945 2368 ship 0.3652
1857 1914 1885 1917 1879 1969 1851 1965 ship 0.3631
1144 1860 1130 1844 1173 1806 1188 1823 ship 0.3570
1182 1921 1203 1932 1174 1985 1154 1974 ship 0.3566
1722 1911 1748 1910 1750 1971 1724 1972 ship 0.3524
707 325 707 303 775 304 774 326 ship 0.3510
1457 1911 1492 1915 1485 1984 1450 1981 ship 0.3509
1175 1544 1190 1559 1149 1601 1134 1586 ship 0.3387
201 3007 218 3004 226 3047 209 3050 ship 0.3355
1203 1905 1187 1887 1230 1849 1245 1867 ship 0.3348
1222 2116 1241 2099 1280 2142 1262 2159 ship 0.3341
1220 2107 1287 2152 1092 2440 1025 2395 ship 0.3329
2311 1240 2348 1234 2361 1312 2323 1318 ship 0.3281
1347 1369 1368 1380 1336 1440 1314 1428 ship 0.3275
754 1965 739 1951 777 1914 791 1928 ship 0.3254
1665 1724 1660 1698 1753 1680 1758 1706 ship 0.3200
161 2618 192 2615 197 2670 166 2673 ship 0.3185
1173 1889 1157 1871 1203 1831 1219 1850 ship 0.3146
348 2892 367 2885 385 2935 366 2942 ship 0.3142
855 1880 873 1896 832 1941 815 1925 ship 0.3141
1176 1556 1197 1561 1181 1621 1160 1616 ship 0.3074
943 2287 960 2303 918 2345 902 2329 ship 0.3071
1726 1490 1725 1458 1846 1451 1848 1484 ship 0.3045
860 2220 875 2233 840 2279 824 2267 ship 0.3016
1408 1620 1428 1637 1383 1689 1364 1672 ship 0.2969
1633 2088 1658 2086 1664 2146 1640 2148 ship 0.2957
1488 2089 1515 2083 1530 2154 1503 2159 ship 0.2947
1195 1578 1216 1587 1193 1644 1171 1635 ship 0.2941
974 2067 993 2083 949 2137 930 2122 ship 0.2827
986 2332 1003 2335 994 2385 977 2382 ship 0.2777
933 1795 922 1779 967 1746 979 1762 ship 0.2773
1346 1614 1365 1624 1341 1669 1323 1659 ship 0.2755
1878 950 1985 955 1946 1783 1839 1778 ship 0.2653
713 1943 696 1925 743 1879 760 1897 ship 0.2648
896 2263 916 2275 889 2320 869 2308 ship 0.2638
772 2231 758 2216 798 2178 812 2192 ship 0.2618
1080 2296 1104 2305 1076 2382 1052 2373 ship 0.2558
1078 1542 1065 1523 1125 1478 1139 1496 ship 0.2531
1358 1688 1375 1702 1333 1755 1315 1741 ship 0.2491
1662 1746 1659 1718 1743 1709 1746 1737 ship 0.2480
800 1939 824 1945 806 2011 783 2004 ship 0.2466
1058 1700 1078 1719 1030 1771 1010 1752 ship 0.2347
1158 2463 1175 2447 1217 2492 1200 2508 ship 0.2344
825 2201 842 2214 807 2261 789 2248 ship 0.2341
1257 1617 1274 1633 1236 1674 1219 1659 ship 0.2283
1132 1862 1148 1873 1116 1922 1099 1911 ship 0.2254
1671 1596 1668 1579 1722 1571 1724 1589 ship 0.2214
1129 1847 1114 1831 1164 1784 1179 1800 ship 0.2213
1104 1750 1122 1767 1083 1807 1065 1790 ship 0.2125
532 1840 538 1820 585 1834 580 1854 ship 0.2122
958 2312 971 2323 941 2358 928 2346 ship 0.2081
491 1894 505 1875 543 1902 529 1921 ship 0.2075
840 2214 855 2226 821 2269 806 2257 ship 0.2011
1636 1916 1659 1919 1651 1975 1629 1972 ship 0.2003
742 1802 756 1813 723 1855 710 1845 ship 0.1964
1504 1854 1559 1881 1517 1965 1462 1938 ship 0.1930
962 1769 979 1776 963 1816 945 1809 ship 0.1918
1356 1344 1342 1329 1393 1281 1407 1296 ship 0.1917
75 2721 94 2716 106 2760 87 2766 ship 0.1906
1375 2136 1379 2114 1477 2129 1474 2152 ship 0.1825
736 1862 723 1847 758 1815 771 1829 ship 0.1703
511 1864 521 1842 572 1864 562 1887 ship 0.1693
1109 1460 1092 1441 1147 1392 1164 1411 ship 0.1651
1256 896 1272 882 1378 1005 1362 1019 ship 0.1526
448 1951 471 1935 502 1981 478 1996 ship 0.1495
1014 1702 1027 1714 989 1753 976 1740 ship 0.1482
1797 2081 1823 2083 1818 2149 1792 2147 ship 0.1474
1234 1560 1220 1541 1265 1507 1279 1525 ship 0.1446
1272 1315 1293 1326 1270 1372 1249 1362 ship 0.1438
1153 2545 1170 2525 1219 2568 1202 2587 ship 0.1416
1370 1708 1386 1722 1336 1776 1321 1762 ship 0.1405
878 2239 894 2253 859 2291 844 2276 ship 0.1384
1279 1634 1296 1650 1256 1691 1239 1675 ship 0.1336
1521 2147 1539 2139 1563 2189 1546 2197 ship 0.1333
827 1855 842 1860 829 1896 814 1890 ship 0.1328
1800 1720 1812 1704 1849 1732 1837 1748 ship 0.1322
507 1881 517 1867 552 1891 542 1905 ship 0.1288
1541 865 1505 820 1854 546 1890 591 ship 0.1262
182 3006 199 3000 212 3035 195 3042 ship 0.1255
797 1829 815 1830 811 1876 793 1875 ship 0.1252
1472 1378 1490 1390 1459 1436 1441 1424 ship 0.1210
902 2058 922 2058 922 2112 902 2112 ship 0.1204
902 1951 921 1962 898 2004 879 1993 ship 0.1193
1123 1581 1107 1563 1150 1525 1166 1543 ship 0.1170
1486 1394 1503 1406 1474 1448 1457 1436 ship 0.1155
479 1899 500 1886 524 1927 503 1940 ship 0.1153
1099 2327 1120 2337 1089 2402 1068 2393 ship 0.1146
1433 1361 1449 1367 1430 1420 1413 1414 ship 0.1116
1433 1874 1461 1874 1458 1948 1431 1947 ship 0.1113
1034 2320 1051 2326 1032 2372 1015 2365 ship 0.1105
977 1842 999 1856 927 1973 905 1959 ship 0.1104
1393 2219 1387 2197 1447 2182 1453 2205 ship 0.1092
944 1996 964 2004 942 2063 921 2055 ship 0.1089
1249 1281 1274 1298 1237 1355 1211 1339 ship 0.1074
1529 1422 1552 1434 1521 1491 1499 1479 ship 0.1071
717 343 714 327 764 317 767 334 ship 0.1056
1214 1204 1245 1226 1187 1305 1157 1284 ship 0.1048
1768 1685 1761 1664 1815 1648 1821 1668 ship 0.1021
1028 2381 1046 2381 1047 2433 1029 2433 ship 0.1014
1576 2079 1597 2076 1602 2118 1582 2121 ship 0.1006
567 2479 598 2487 586 2533 555 2525 storage-tank 0.1430
601 1850 737 1717 1149 2139 1013 2272 harbor 0.5808
1117 1284 1238 1144 1636 1487 1515 1628 harbor 0.5542
1462 2006 1450 1836 1877 1807 1888 1977 harbor 0.5486
982 1540 1062 1401 1536 1671 1456 1810 harbor 0.4885
792 1726 884 1593 1374 1934 1281 2067 harbor 0.4632
1710 846 1945 849 1929 2392 1693 2390 harbor 0.4446
1549 875 1507 822 1850 549 1892 602 harbor 0.4434
1413 2239 1391 2109 1853 2030 1875 2160 harbor 0.4113
1222 2095 1286 2132 1107 2445 1042 2408 harbor 0.3499
1069 839 1073 772 1591 807 1587 873 harbor 0.2573
1256 896 1272 882 1378 1005 1362 1019 harbor 0.2099
1617 1195 1618 1159 1832 1167 1831 1203 harbor 0.1835
1726 1490 1725 1458 1846 1451 1848 1484 harbor 0.1621
1488 2089 1515 2083 1530 2154 1503 2159 harbor 0.1588
1490 1844 1546 1866 1512 1957 1456 1935 harbor 0.1504
1859 1342 1940 1336 2008 2217 1927 2224 harbor 0.1306
1195 1106 1122 1015 1821 455 1895 546 harbor 0.1286
1361 2139 1372 2103 1499 2142 1488 2178 harbor 0.1253
1563 1776 1548 1702 1865 1641 1880 1716 harbor 0.1133
435 2010 476 1948 814 2169 773 2231 harbor 0.1117
2145 876 2211 851 2379 1298 2313 1323 harbor 0.1060
1726 1595 1723 1560 1837 1550 1840 1585 harbor 0.1051
565 1493 721 1561 513 2032 357 1963 harbor 0.1009
751 2653 814 2566 1039 2730 976 2817 swimming-pool 0.1486
