1403 1223 1404 1200 1431 1200 1431 1224 plane 0.1080
1617 1688 1658 1650 1966 1971 1925 2010 bridge 0.1156
1151 432 1145 412 1185 401 1190 422 small-vehicle 0.1406
782 929 780 914 809 910 811 924 small-vehicle 0.1077
1540 1659 1558 1673 1522 1716 1505 1702 small-vehicle 0.1055
773 630 786 630 786 672 773 672 large-vehicle 0.1266
1916 589 1936 567 2033 656 2013 678 ship 0.1813
70 268 79 208 164 220 155 281 basketball-court 0.1103
1562 1191 1622 1199 1614 1261 1554 1253 storage-tank 0.8755
1417 1242 1478 1245 1474 1312 1413 1308 storage-tank 0.8495
1492 1218 1549 1222 1545 1279 1488 1275 storage-tank 0.8258
1526 1284 1584 1300 1567 1362 1509 1346 storage-tank 0.7914
1345 1266 1407 1271 1402 1334 1340 1329 storage-tank 0.7837
1283 562 1315 557 1320 590 1288 594 storage-tank 0.1210
1397 1223 1405 1198 1431 1207 1423 1232 storage-tank 0.1190
609 611 714 676 636 802 531 737 roundabout 0.1512
