704 96 715 89 728 107 716 115 small-vehicle 0.3010
242 162 239 151 282 137 286 148 ship 0.7928
427 50 422 39 467 19 472 30 ship 0.7897
437 65 433 54 476 38 480 50 ship 0.7858
49 270 46 260 88 247 90 257 ship 0.7474
451 94 447 84 489 64 494 74 ship 0.7348
51 281 48 273 92 256 96 264 ship 0.6915
447 86 442 77 486 56 490 66 ship 0.6576
444 75 440 65 483 46 487 56 ship 0.6303
706 320 704 308 732 303 734 316 ship 0.1136
607 250 629 246 636 281 615 286 basketball-court 0.1222
51 281 48 273 92 256 96 264 harbor 0.2048
241 159 239 149 285 138 287 149 harbor 0.1313
452 92 448 83 491 66 494 75 harbor 0.1122
