866 1293 876 1280 942 1329 932 1342 bridge 0.1277
522 1176 503 1115 609 1083 627 1145 ground-track-field 0.4693
1400 1147 1399 1137 1427 1135 1428 1146 large-vehicle 0.1353
972 871 977 867 989 881 984 885 large-vehicle 0.1028
543 1161 528 1120 597 1095 612 1137 tennis-court 0.1903
543 1161 528 1120 597 1095 612 1137 basketball-court 0.4512
582 1229 607 1232 603 1261 579 1257 storage-tank 0.2245
452 521 487 531 476 568 442 559 storage-tank 0.1064
543 1161 528 1120 597 1095 612 1137 soccer-ball-field 0.3029
458 621 422 546 537 491 573 565 soccer-ball-field 0.1266
774 830 905 887 841 1034 710 976 roundabout 0.1265
