1455 1383 1462 1364 1505 1378 1499 1397 bridge 0.1382
207 595 247 612 197 729 158 712 bridge 0.1329
649 827 676 810 762 947 735 964 bridge 0.1256
581 853 589 844 657 902 650 911 bridge 0.1126
1553 1165 1569 1166 1566 1202 1549 1200 small-vehicle 0.1107
733 1614 736 1603 765 1610 762 1621 small-vehicle 0.1059
1304 1591 1312 1594 1305 1613 1297 1610 small-vehicle 0.1025
831 139 840 139 838 175 829 174 large-vehicle 0.2444
922 912 919 902 949 891 952 901 large-vehicle 0.1433
732 103 738 105 728 132 722 130 large-vehicle 0.1282
1292 1297 1298 1292 1315 1313 1309 1318 large-vehicle 0.1159
815 1560 824 1564 809 1600 800 1596 large-vehicle 0.1106
1004 1524 1010 1522 1016 1538 1010 1540 large-vehicle 0.1054
716 471 723 471 724 493 717 494 large-vehicle 0.1051
1095 1075 1106 1072 1115 1103 1104 1106 large-vehicle 0.1010
125 290 149 286 153 312 130 316 storage-tank 0.1010
161 1294 227 1296 225 1368 158 1366 roundabout 0.2508
1356 159 1380 159 1380 189 1355 189 roundabout 0.1659
160 1487 178 1491 171 1520 153 1515 swimming-pool 0.3887
1315 290 1318 275 1342 280 1339 295 swimming-pool 0.2880
490 1076 503 1064 519 1083 506 1094 swimming-pool 0.2821
439 348 444 333 473 343 468 358 swimming-pool 0.2181
445 1213 450 1203 474 1215 468 1225 swimming-pool 0.2132
144 1515 155 1508 165 1524 154 1531 swimming-pool 0.1679
1045 1048 1055 1038 1072 1054 1062 1064 swimming-pool 0.1342
447 327 451 314 474 320 470 333 swimming-pool 0.1307
512 1072 523 1070 526 1089 515 1090 swimming-pool 0.1060
