1111 1683 1129 1677 1138 1704 1120 1710 plane 0.1372
495 2248 496 2227 526 2228 525 2249 plane 0.1272
497 1123 501 1114 536 1130 531 1139 bridge 0.1149
948 1736 988 1729 1001 1797 960 1804 tennis-court 0.1018
1059 1437 1081 1346 1247 1386 1225 1477 basketball-court 0.1446
1793 462 1810 388 1942 418 1924 493 basketball-court 0.1169
1111 1898 1110 1805 1263 1803 1264 1895 basketball-court 0.1098
1057 2179 1097 2204 1068 2250 1028 2226 storage-tank 0.1547
1163 1470 1209 1471 1208 1524 1163 1524 storage-tank 0.1469
1549 704 1591 708 1586 756 1544 752 storage-tank 0.1214
1848 1852 1888 1855 1885 1899 1845 1896 storage-tank 0.1206
630 998 760 1035 715 1193 585 1156 roundabout 0.1297
291 2267 282 2235 375 2208 385 2239 swimming-pool 0.1166
