631 1996 647 1996 646 2024 630 2023 plane 0.1027
323 1383 386 1384 384 1644 321 1643 bridge 0.1006
-9 2159 -41 2018 232 1956 264 2097 ground-track-field 0.1077
1140 959 1141 949 1162 952 1160 962 small-vehicle 0.1184
1488 885 1485 873 1507 866 1511 879 small-vehicle 0.1106
1307 941 1304 930 1326 926 1328 936 small-vehicle 0.1072
877 984 874 971 898 966 901 979 small-vehicle 0.1061
1627 847 1626 838 1642 836 1642 846 small-vehicle 0.1057
1443 925 1444 912 1464 914 1464 926 small-vehicle 0.1012
1525 1747 1518 1735 1553 1717 1559 1728 large-vehicle 0.1353
361 1035 356 1024 388 1010 393 1020 large-vehicle 0.1051
1307 942 1305 931 1327 927 1329 938 large-vehicle 0.1001
13 1158 26 1143 74 1187 61 1202 ship 0.2090
24 1151 33 1135 92 1171 84 1186 ship 0.1026
1387 943 1633 998 1572 1268 1327 1214 storage-tank 0.1674
774 655 970 711 909 925 713 869 storage-tank 0.1378
2326 1097 2354 1090 2363 1126 2335 1132 storage-tank 0.1297
1719 1859 1763 1860 1762 1909 1718 1907 storage-tank 0.1088
1307 1073 1473 932 1630 1118 1464 1259 roundabout 0.1696
