72 1216 72 1200 123 1198 123 1214 bridge 0.3573
282 466 284 445 359 451 357 472 bridge 0.2292
633 754 717 769 694 896 611 882 bridge 0.1716
620 1080 693 1078 696 1224 623 1226 bridge 0.1479
945 1380 1006 1393 977 1527 916 1514 bridge 0.1250
1186 330 1147 221 1305 165 1344 273 ground-track-field 0.1057
1756 677 1771 663 1802 695 1787 709 small-vehicle 0.1223
757 1278 761 1260 799 1269 795 1286 small-vehicle 0.1028
1336 894 1345 887 1374 923 1366 930 large-vehicle 0.1417
943 1129 957 1131 948 1188 934 1186 large-vehicle 0.1153
1191 337 1147 239 1303 168 1348 266 soccer-ball-field 0.1385
1195 1550 1236 1564 1220 1612 1179 1599 roundabout 0.3087
