2348 1042 2383 1045 2379 1091 2344 1088 plane 0.2621
1867 1314 1876 1298 1908 1315 1899 1331 plane 0.1231
485 670 653 608 783 958 616 1021 baseball-diamond 0.1170
264 804 442 839 378 1167 200 1132 baseball-diamond 0.1151
496 1072 681 1076 677 1300 492 1296 baseball-diamond 0.1026
1697 1516 1691 1477 1786 1463 1792 1502 bridge 0.1668
1702 1549 1694 1515 1786 1494 1793 1528 bridge 0.1218
478 656 657 597 769 943 590 1002 ground-track-field 0.8635
220 785 440 799 415 1194 195 1180 ground-track-field 0.8613
673 592 746 564 810 729 737 758 ground-track-field 0.1512
959 529 983 513 1040 596 1017 612 large-vehicle 0.2218
2125 1587 2139 1575 2171 1613 2156 1625 large-vehicle 0.1493
2165 1439 2192 1438 2199 1554 2173 1556 large-vehicle 0.1315
775 313 777 297 815 301 813 317 large-vehicle 0.1245
676 588 744 566 799 730 730 752 ship 0.2662
759 295 798 269 897 422 858 447 ship 0.1256
264 804 442 839 378 1167 200 1132 basketball-court 0.1209
670 600 721 574 790 714 739 739 basketball-court 0.1090
503 1069 693 1085 676 1291 486 1276 storage-tank 0.3991
254 828 443 862 392 1145 203 1111 soccer-ball-field 0.4281
481 677 663 618 761 922 579 981 soccer-ball-field 0.3378
