622 1590 628 1555 1010 1626 1004 1660 bridge 0.4453
956 342 945 298 1440 175 1451 219 bridge 0.3974
704 400 683 335 913 259 934 324 bridge 0.1765
1014 1662 1018 1640 1220 1672 1216 1694 bridge 0.1540
1162 1517 1259 1532 1236 1680 1139 1666 ground-track-field 0.1392
622 1590 628 1555 1010 1626 1004 1660 large-vehicle 0.1452
1271 -1 1288 11 1247 66 1229 53 ship 0.2393
1324 1784 1366 1782 1369 1874 1328 1875 tennis-court 0.1938
1466 2125 1504 2120 1509 2156 1471 2161 storage-tank 0.1198
325 406 478 510 371 670 217 566 roundabout 0.3038
611 1585 617 1558 979 1631 974 1658 harbor 0.1705
