757 1191 774 1204 735 1254 717 1240 bridge 0.2117
1141 1503 1142 1462 1390 1469 1388 1510 bridge 0.1704
314 868 327 874 311 908 298 901 bridge 0.1068
274 -16 314 -51 478 134 438 169 bridge 0.1058
906 392 967 386 977 496 917 501 ground-track-field 0.1189
683 1768 697 1782 654 1826 640 1813 large-vehicle 0.1201
1047 947 1065 957 1043 996 1025 986 ship 0.1524
290 602 331 587 346 631 305 646 storage-tank 0.1087
667 1278 705 1304 679 1342 641 1316 roundabout 0.5041
1127 470 1262 503 1223 662 1088 629 roundabout 0.2230
6 496 11 401 180 410 175 505 swimming-pool 0.1643
