1111 1869 1131 1854 1194 1939 1174 1954 bridge 0.5643
405 428 436 418 459 491 427 501 bridge 0.1993
925 1580 942 1570 987 1649 970 1659 bridge 0.1770
474 603 493 591 528 649 510 660 bridge 0.1679
697 1255 721 1242 745 1289 722 1301 bridge 0.1632
539 567 554 569 547 616 532 613 bridge 0.1039
1177 1840 1187 1830 1233 1875 1222 1885 large-vehicle 0.1672
1196 1802 1203 1791 1267 1834 1259 1845 large-vehicle 0.1215
729 2133 739 2142 701 2184 691 2174 large-vehicle 0.1102
104 2043 118 2056 74 2106 60 2093 ship 0.2555
28 2094 44 2102 12 2167 -2 2160 ship 0.1847
975 2041 987 2052 935 2107 923 2095 ship 0.1563
56 2043 74 2052 54 2092 37 2083 ship 0.1526
1044 2074 1041 2059 1082 2052 1085 2066 ship 0.1359
572 2106 562 2089 659 2034 669 2051 ship 0.1152
1184 1289 1217 1271 1253 1335 1219 1354 tennis-court 0.2178
17 1999 35 1996 38 2019 20 2021 storage-tank 0.2959
47 1970 69 1973 65 2004 43 2001 storage-tank 0.1977
18 2023 35 2025 33 2048 15 2045 storage-tank 0.1446
9 2038 26 2042 20 2069 3 2065 storage-tank 0.1172
454 447 563 441 569 558 460 563 roundabout 0.3314
