212 639 192 598 293 549 313 590 bridge 0.6713
397 1294 351 1226 488 1133 534 1201 bridge 0.4620
349 1181 334 1158 440 1089 454 1112 bridge 0.4349
1304 771 1323 758 1351 798 1332 810 bridge 0.3049
463 1290 453 1270 530 1231 540 1251 bridge 0.3003
317 108 322 69 412 81 407 120 bridge 0.1677
462 338 515 301 582 396 529 433 bridge 0.1588
855 958 922 912 1010 1039 943 1085 bridge 0.1155
297 600 293 568 367 557 372 590 bridge 0.1132
1643 54 1652 20 1706 34 1698 67 ground-track-field 0.1036
312 1331 304 1320 347 1288 355 1299 large-vehicle 0.1205
1759 514 1753 505 1775 490 1781 498 large-vehicle 0.1117
1229 1569 1241 1580 1210 1613 1198 1602 large-vehicle 0.1047
1643 54 1652 20 1706 34 1698 67 soccer-ball-field 0.1078
1543 197 1572 132 1691 184 1663 250 soccer-ball-field 0.1054
