1329 1248 1321 1224 1419 1192 1427 1216 bridge 0.2647
179 568 163 546 238 491 254 513 bridge 0.1618
1294 105 1305 99 1326 134 1315 140 bridge 0.1089
414 401 432 388 457 425 439 437 bridge 0.1064
488 448 481 431 565 399 572 416 bridge 0.1018
462 39 495 -2 563 51 529 93 ground-track-field 0.1403
547 976 534 897 709 868 722 947 basketball-court 0.1395
462 39 495 -2 563 51 529 93 basketball-court 0.1077
1103 477 1264 490 1248 698 1086 685 soccer-ball-field 0.2976
1128 1052 1248 1028 1282 1206 1162 1230 soccer-ball-field 0.1115
488 54 502 19 557 41 543 76 soccer-ball-field 0.1001
459 42 462 0 521 4 518 47 swimming-pool 0.3629
500 30 521 10 563 54 542 74 swimming-pool 0.1572
