1079 1945 1067 1925 1130 1890 1141 1910 bridge 0.2277
866 622 885 635 857 676 838 663 bridge 0.1912
1388 700 1414 708 1396 772 1369 764 bridge 0.1800
-9 80 -3 65 85 104 78 119 bridge 0.1379
1504 19 1506 7 1543 13 1541 26 large-vehicle 0.1594
40 736 42 727 79 734 77 744 large-vehicle 0.1356
1184 1066 1194 1069 1185 1105 1175 1102 large-vehicle 0.1210
1567 1564 1606 1570 1596 1637 1557 1631 tennis-court 0.1626
1606 1551 1652 1559 1641 1623 1595 1615 tennis-court 0.1305
1574 1620 1570 1560 1672 1554 1676 1613 basketball-court 0.1018
1527 876 1557 892 1539 926 1509 911 storage-tank 0.2195
1115 256 1146 246 1158 284 1127 294 storage-tank 0.1463
461 46 582 127 459 312 338 231 soccer-ball-field 0.1334
809 735 863 753 841 817 787 798 roundabout 0.8445
438 478 478 484 471 532 431 526 roundabout 0.2702
1527 876 1557 892 1539 926 1509 911 roundabout 0.1461
