1132 1849 1246 1885 1207 2007 1093 1970 baseball-diamond 0.1173
1374 1214 1360 1187 1415 1158 1429 1185 bridge 0.1245
778 1533 751 1460 890 1408 917 1480 ground-track-field 0.3667
1139 551 1138 538 1167 535 1168 548 large-vehicle 0.2186
542 955 538 943 567 933 571 945 large-vehicle 0.1513
1145 505 1141 492 1173 483 1177 496 large-vehicle 0.1300
900 366 898 356 922 353 923 363 large-vehicle 0.1068
781 1539 745 1465 878 1401 913 1475 basketball-court 0.1908
794 1531 759 1465 865 1409 900 1475 soccer-ball-field 0.3990
209 379 285 403 258 486 183 462 roundabout 0.7874
984 226 1035 240 1019 299 968 285 swimming-pool 0.1163
1312 1717 1330 1700 1360 1731 1343 1748 swimming-pool 0.1064
