160 1378 175 1379 174 1401 159 1400 plane 0.1049
618 878 624 863 668 881 662 896 bridge 0.1969
593 1202 601 1204 595 1238 586 1236 large-vehicle 0.1608
1619 1393 1629 1396 1619 1425 1609 1421 large-vehicle 0.1293
1895 1378 1897 1363 1928 1367 1926 1381 large-vehicle 0.1132
289 1572 295 1556 338 1573 332 1589 large-vehicle 0.1005
1096 854 1081 823 1150 790 1165 822 tennis-court 0.1082
202 1379 230 1383 225 1413 197 1409 storage-tank 0.2220
1520 1152 1522 949 1888 952 1887 1155 soccer-ball-field 0.1450
411 744 431 624 645 660 625 781 soccer-ball-field 0.1446
925 1224 1067 1219 1074 1395 931 1401 soccer-ball-field 0.1424
1655 145 1754 202 1673 345 1573 288 soccer-ball-field 0.1359
1332 624 1355 548 1516 596 1493 672 soccer-ball-field 0.1328
63 1095 109 1100 104 1148 58 1143 roundabout 0.6405
1672 1727 1714 1713 1728 1755 1686 1769 roundabout 0.5437
1671 153 1686 136 1719 165 1704 182 swimming-pool 0.3984
900 1797 906 1759 973 1770 966 1808 swimming-pool 0.1923
114 662 127 652 143 674 130 684 swimming-pool 0.1644
1704 140 1722 137 1728 172 1710 176 swimming-pool 0.1172
