1056 969 1082 970 1079 1108 1054 1108 bridge 0.5429
1060 1087 1082 1086 1089 1242 1067 1243 bridge 0.2641
1105 486 1136 500 1119 539 1088 526 bridge 0.1159
1157 205 1184 188 1208 225 1181 242 bridge 0.1032
406 609 418 488 565 502 552 624 storage-tank 0.3834
759 616 826 658 783 725 716 682 roundabout 0.8371
259 1503 339 1521 319 1607 239 1588 roundabout 0.7416
1168 304 1241 310 1234 391 1161 384 roundabout 0.6115
922 1693 952 1695 950 1727 920 1726 roundabout 0.2306
419 615 415 498 556 493 560 610 roundabout 0.1321
