860 921 876 934 816 1006 800 994 bridge 0.1870
222 466 231 444 449 524 441 546 bridge 0.1747
1070 1344 1076 1326 1129 1343 1123 1362 large-vehicle 0.1315
1071 1347 1075 1328 1129 1339 1125 1358 ship 0.1492
1506 1970 1512 1952 1564 1968 1559 1986 ship 0.1311
1193 1232 1248 1050 1506 1129 1450 1311 soccer-ball-field 0.1925
594 1720 641 1732 628 1782 581 1770 roundabout 0.6879
959 614 993 617 990 657 956 654 roundabout 0.3442
469 1732 588 1721 601 1859 481 1870 roundabout 0.2448
568 486 582 439 833 515 818 562 harbor 0.1063
682 2132 689 2118 728 2136 721 2151 swimming-pool 0.1066
