937 299 956 304 920 422 901 416 bridge 0.6496
49 216 43 202 117 168 123 182 bridge 0.2668
672 1397 658 1378 697 1348 712 1367 bridge 0.1571
631 1449 662 1456 602 1710 571 1703 bridge 0.1319
1056 995 1067 1005 1033 1041 1022 1031 bridge 0.1305
902 496 915 496 915 560 902 560 bridge 0.1121
34 1302 44 1298 71 1357 61 1362 bridge 0.1115
733 1436 832 1373 943 1547 844 1611 ground-track-field 0.1065
748 1448 855 1388 958 1575 852 1634 soccer-ball-field 0.2572
655 832 705 764 842 864 792 933 soccer-ball-field 0.1689
549 1100 614 1116 596 1187 531 1170 roundabout 0.4429
621 182 648 176 655 212 629 218 roundabout 0.1113
