1083 411 1100 402 1143 487 1126 496 bridge 0.7007
363 943 400 914 455 985 419 1014 bridge 0.6532
474 1861 462 1846 501 1813 514 1827 bridge 0.1678
593 1301 582 1288 612 1263 623 1276 bridge 0.1228
1383 1714 1493 1651 1607 1849 1497 1912 ground-track-field 0.1287
295 1583 311 1573 346 1634 330 1643 large-vehicle 0.3089
944 1759 951 1754 966 1775 959 1780 large-vehicle 0.1371
1000 1845 1007 1842 1017 1862 1011 1865 large-vehicle 0.1201
80 93 88 86 108 110 99 117 ship 0.1140
117 130 125 123 146 145 139 152 ship 0.1085
1399 1697 1497 1658 1568 1839 1470 1878 tennis-court 0.1121
1383 1714 1493 1651 1607 1849 1497 1912 soccer-ball-field 0.3188
939 1700 889 1634 991 1556 1041 1622 soccer-ball-field 0.2720
1191 1854 1249 1830 1289 1926 1231 1950 soccer-ball-field 0.1217
698 1177 734 1187 723 1229 687 1219 roundabout 0.6868
499 1359 532 1358 533 1398 500 1399 roundabout 0.3740
922 1023 954 1024 953 1057 921 1056 roundabout 0.3668
656 1208 753 1212 747 1324 651 1320 roundabout 0.3476
527 1319 661 1315 664 1457 530 1460 roundabout 0.2255
50 110 90 57 205 143 165 196 harbor 0.1341
