399 534 405 510 638 569 632 593 bridge 0.1976
386 438 392 408 615 452 609 482 bridge 0.1673
1537 916 1521 892 1653 802 1669 825 bridge 0.1181
905 367 913 329 1143 375 1136 413 bridge 0.1107
652 1180 636 1162 709 1100 724 1118 bridge 0.1078
151 111 159 15 309 28 301 123 basketball-court 0.1088
490 1056 526 1059 523 1101 487 1098 storage-tank 0.2303
538 1085 574 1080 579 1119 543 1124 storage-tank 0.1770
545 1036 574 1040 568 1074 539 1069 storage-tank 0.1572
169 15 194 16 192 47 167 46 storage-tank 0.1077
499 1091 531 1096 526 1129 494 1124 storage-tank 0.1062
357 708 498 580 712 814 571 943 soccer-ball-field 0.1393
100 1578 69 1456 252 1409 283 1532 soccer-ball-field 0.1053
357 1226 401 1243 382 1293 338 1276 roundabout 0.7326
844 1634 910 1633 911 1703 846 1704 roundabout 0.3295
292 1257 426 1283 400 1421 265 1396 roundabout 0.1844
363 1218 388 1205 403 1234 378 1247 roundabout 0.1095
383 527 388 507 645 571 640 591 harbor 0.2075
380 429 388 400 619 461 611 490 harbor 0.1459
