351 625 362 608 443 658 432 675 bridge 0.2465
482 1917 481 1900 534 1895 536 1912 bridge 0.2055
535 473 548 463 591 515 578 525 bridge 0.1109
1746 2077 1754 2069 1780 2096 1772 2104 large-vehicle 0.1185
1805 2138 1816 2127 1849 2159 1838 2170 large-vehicle 0.1090
1813 1911 1837 1902 1857 1958 1833 1967 ship 0.1271
615 2212 646 2200 661 2239 630 2251 storage-tank 0.1297
-4 726 64 671 145 772 76 827 soccer-ball-field 0.2249
830 1025 923 1101 783 1272 690 1195 soccer-ball-field 0.1462
1052 821 1073 813 1083 839 1063 847 roundabout 0.1160
