1098 1265 1137 1292 909 1621 870 1593 bridge 0.1496
1448 1379 1591 1350 1654 1654 1510 1684 ground-track-field 0.7428
465 1890 468 1872 510 1877 508 1895 small-vehicle 0.1309
534 1585 564 1591 552 1649 522 1643 small-vehicle 0.1094
1102 839 1108 831 1127 843 1122 851 small-vehicle 0.1020
631 1212 650 1225 592 1314 573 1302 large-vehicle 0.1884
649 1258 669 1267 626 1355 607 1345 large-vehicle 0.1317
186 1289 207 1286 212 1324 192 1327 ship 0.1446
1443 1382 1579 1348 1657 1662 1520 1695 ship 0.1351
1450 1370 1599 1345 1652 1671 1503 1696 basketball-court 0.1240
31 1380 56 1382 55 1414 29 1413 storage-tank 0.1892
1465 1468 1562 1418 1622 1534 1526 1584 soccer-ball-field 0.2234
