2116 2850 2247 2854 2241 3002 2111 2998 plane 0.9496
181 2543 160 2425 300 2399 321 2517 plane 0.9168
1984 2886 2072 2924 2027 3030 1939 2993 plane 0.9002
2673 811 2775 824 2760 939 2658 926 plane 0.8695
422 2440 510 2426 526 2530 438 2544 plane 0.8459
1883 2917 1858 2834 1954 2806 1978 2889 plane 0.8429
1783 3361 1866 3366 1859 3476 1776 3471 plane 0.8171
1770 2785 1782 2694 1890 2709 1878 2800 plane 0.8052
619 2706 699 2670 747 2776 667 2812 plane 0.8043
522 2438 577 2363 664 2427 609 2502 plane 0.8034
301 2591 353 2599 343 2657 292 2649 plane 0.7952
548 647 643 641 651 763 556 770 plane 0.7648
2104 1700 2157 1700 2158 1756 2105 1757 plane 0.7572
1886 2440 1981 2407 2023 2525 1928 2558 plane 0.7566
2046 3403 2142 3426 2111 3553 2015 3530 plane 0.7549
705 1367 761 1371 757 1434 700 1430 plane 0.7481
2565 891 2620 895 2615 957 2561 953 plane 0.7462
192 2349 191 2294 258 2292 259 2348 plane 0.7453
2369 841 2418 853 2404 912 2355 900 plane 0.7442
633 358 686 283 781 350 728 425 plane 0.7436
390 2175 445 2182 438 2243 383 2236 plane 0.7422
1995 2627 1998 2547 2094 2551 2091 2631 plane 0.7381
2394 2022 2415 1934 2519 1958 2498 2047 plane 0.7372
763 2643 838 2628 857 2722 782 2737 plane 0.7307
1843 2366 1888 2319 1936 2365 1892 2412 plane 0.7292
786 75 834 98 808 153 759 129 plane 0.7096
564 2097 619 2081 637 2144 582 2160 plane 0.7084
127 1222 118 1171 181 1160 189 1211 plane 0.6934
560 1365 622 1357 630 1424 567 1431 plane 0.6886
163 2796 225 2804 217 2873 154 2865 plane 0.6875
34 2758 79 2776 58 2831 12 2813 plane 0.6708
824 1357 873 1365 863 1428 813 1420 plane 0.6512
2170 2022 2212 2058 2171 2107 2128 2070 plane 0.6473
365 1667 351 1613 416 1596 430 1650 plane 0.6469
2201 1734 2249 1753 2228 1808 2180 1789 plane 0.6437
177 3416 230 3402 247 3462 194 3477 plane 0.6314
2066 1975 2125 1995 2100 2067 2041 2046 plane 0.6263
516 835 530 783 598 801 584 854 plane 0.5840
196 863 237 878 218 930 177 915 plane 0.5680
1556 3137 1592 3101 1633 3142 1598 3178 plane 0.5634
2302 810 2353 828 2329 894 2278 875 plane 0.5284
887 455 928 475 903 525 862 505 plane 0.5169
2408 1101 2462 1113 2448 1175 2394 1163 plane 0.4971
803 974 855 993 830 1058 779 1038 plane 0.4900
815 1661 862 1665 858 1719 812 1716 plane 0.4897
48 722 111 733 99 803 36 793 plane 0.4506
794 709 835 708 837 762 796 763 plane 0.3724
928 3623 972 3602 1001 3661 957 3682 plane 0.3549
925 112 962 121 949 174 912 165 plane 0.3212
262 2353 264 2307 312 2309 310 2355 plane 0.2731
2280 1364 2322 1375 2309 1425 2267 1414 plane 0.2354
718 2127 733 2098 772 2119 757 2148 plane 0.2319
1681 2511 1718 2526 1696 2581 1659 2567 plane 0.2165
430 1616 485 1590 509 1642 454 1668 plane 0.2047
723 667 763 690 725 755 685 731 plane 0.2020
2309 2067 2354 2059 2362 2109 2317 2116 plane 0.1975
2369 1372 2416 1373 2414 1434 2367 1433 plane 0.1939
576 871 601 839 636 868 611 899 plane 0.1797
336 2310 348 2268 392 2281 380 2323 plane 0.1782
1456 3019 1432 2977 1488 2945 1512 2987 plane 0.1776
2453 1399 2495 1402 2491 1460 2448 1457 plane 0.1684
554 2219 561 2198 593 2209 586 2230 plane 0.1442
639 896 657 877 684 903 665 922 plane 0.1422
433 2257 460 2225 493 2253 466 2285 plane 0.1369
153 875 191 883 182 925 143 916 plane 0.1349
639 2152 667 2124 693 2149 665 2178 plane 0.1345
599 834 601 792 652 794 650 835 plane 0.1305
861 419 888 408 902 442 875 453 plane 0.1250
1855 2469 1888 2431 1932 2470 1899 2507 plane 0.1236
1851 3474 1887 3460 1902 3498 1866 3512 plane 0.1227
1896 2753 1912 2717 1948 2733 1933 2769 plane 0.1194
288 2400 279 2367 320 2356 328 2389 plane 0.1151
2227 1812 2256 1827 2238 1862 2209 1847 plane 0.1106
614 2828 625 2799 661 2813 650 2842 plane 0.1087
435 1572 472 1551 495 1593 458 1613 plane 0.1018
45 980 157 1003 127 1143 15 1120 baseball-diamond 0.1337
1439 2665 1462 2673 1437 2746 1414 2738 large-vehicle 0.1669
537 1913 538 1721 854 1722 854 1914 basketball-court 0.2156
51 984 151 1004 122 1143 23 1123 storage-tank 0.2382
193 1016 313 1045 281 1182 160 1154 storage-tank 0.1906
187 987 327 1004 301 1215 161 1198 roundabout 0.1435
794 709 835 708 837 762 796 763 harbor 0.1221
535 666 626 639 658 750 567 776 harbor 0.1139
763 2643 835 2628 855 2721 783 2736 helicopter 0.1367
2036 3409 2138 3426 2116 3551 2014 3533 helicopter 0.1253
815 1661 862 1665 858 1719 812 1716 helicopter 0.1169
1885 2451 1975 2405 2030 2512 1939 2558 helicopter 0.1146
1792 3356 1878 3375 1853 3484 1768 3465 helicopter 0.1119
2000 2639 1979 2563 2079 2535 2100 2612 helicopter 0.1096
519 842 527 785 595 794 587 851 helicopter 0.1088
549 1372 610 1352 633 1423 572 1442 helicopter 0.1076
163 2794 224 2806 211 2875 150 2863 helicopter 0.1046
2171 2018 2216 2059 2168 2111 2123 2070 helicopter 0.1004
2392 2016 2420 1930 2520 1962 2493 2048 helicopter 0.1003
