1567 922 1556 853 1636 840 1647 909 plane 0.8678
1580 1069 1675 1015 1735 1120 1639 1174 plane 0.8330
2293 1285 2351 1285 2351 1354 2293 1354 plane 0.8066
2145 1633 2213 1644 2200 1720 2132 1709 plane 0.7888
1854 461 1916 490 1875 577 1813 548 plane 0.7777
366 1305 463 1330 431 1451 334 1425 plane 0.7763
2001 1261 2061 1277 2040 1351 1980 1334 plane 0.7753
2182 1305 2241 1289 2260 1359 2201 1375 plane 0.7740
1912 1595 1978 1587 1987 1668 1921 1675 plane 0.7670
1082 1752 1112 1698 1175 1733 1144 1787 plane 0.7587
998 1746 1054 1731 1071 1796 1015 1811 plane 0.7439
1295 572 1353 564 1363 633 1305 641 plane 0.7283
1349 1434 1374 1382 1437 1412 1412 1464 plane 0.7258
2057 1660 2089 1615 2142 1652 2110 1697 plane 0.7223
1520 792 1553 746 1609 785 1577 832 plane 0.7108
1933 2198 1994 2168 2027 2237 1966 2267 plane 0.7107
1216 1432 1274 1410 1300 1479 1242 1500 plane 0.7075
1601 1705 1613 1648 1674 1661 1661 1719 plane 0.7058
1130 714 1185 685 1218 748 1163 776 plane 0.7040
1509 2202 1559 2216 1541 2283 1490 2269 plane 0.6920
1128 1017 1193 1013 1197 1094 1132 1097 plane 0.6908
1306 1142 1281 1094 1343 1062 1368 1110 plane 0.6828
1680 1601 1739 1585 1758 1656 1699 1672 plane 0.6803
1166 563 1222 546 1241 607 1186 625 plane 0.6737
1580 980 1623 935 1677 986 1634 1031 plane 0.6655
2000 1608 2054 1607 2056 1676 2001 1677 plane 0.6619
958 560 980 508 1041 535 1020 586 plane 0.6524
1358 1363 1369 1298 1444 1310 1433 1375 plane 0.6397
1532 1781 1543 1722 1619 1737 1608 1795 plane 0.6353
1326 1218 1315 1164 1381 1150 1392 1204 plane 0.6331
2666 1694 2715 1678 2734 1734 2686 1751 plane 0.6300
2489 1440 2552 1452 2537 1528 2474 1515 plane 0.6139
1097 373 1125 328 1180 361 1153 407 plane 0.6091
1394 1514 1429 1466 1492 1511 1456 1560 plane 0.6083
83 1886 152 1914 116 2000 48 1972 plane 0.6011
2712 1629 2762 1619 2774 1679 2724 1689 plane 0.5959
2287 314 2338 282 2377 345 2326 377 plane 0.5951
1897 1397 1919 1328 2000 1354 1978 1424 plane 0.5936
571 1489 624 1492 621 1547 568 1544 plane 0.5927
669 1537 716 1563 688 1613 641 1586 plane 0.5832
1260 1056 1257 994 1330 991 1333 1053 plane 0.5799
2557 761 2596 725 2637 769 2598 805 plane 0.5781
1176 1708 1212 1645 1286 1687 1251 1750 plane 0.5722
1162 1780 1198 1745 1244 1792 1208 1827 plane 0.5397
1442 554 1501 560 1494 632 1435 626 plane 0.5286
1795 411 1843 439 1806 501 1759 473 plane 0.5235
1666 2313 1725 2334 1699 2408 1640 2387 plane 0.5066
2193 1847 2208 1791 2274 1808 2260 1864 plane 0.4727
1411 1918 1469 1919 1469 1987 1411 1987 plane 0.4714
1439 1433 1437 1362 1533 1358 1535 1430 plane 0.4389
908 1713 959 1736 930 1800 879 1777 plane 0.4065
1342 1617 1344 1555 1426 1559 1423 1621 plane 0.4036
1510 1690 1521 1649 1588 1666 1577 1707 plane 0.3566
1414 709 1393 659 1458 631 1480 681 plane 0.3495
746 1601 798 1624 770 1684 719 1661 plane 0.3427
1201 808 1269 759 1331 844 1264 893 plane 0.3320
1251 1705 1278 1652 1342 1685 1315 1738 plane 0.2917
473 1595 431 1529 525 1468 567 1534 plane 0.2662
1276 718 1291 668 1347 686 1332 735 plane 0.2462
376 1741 437 1753 422 1827 361 1814 plane 0.2379
1467 1320 1441 1285 1486 1253 1511 1287 plane 0.2192
1406 1218 1415 1164 1477 1174 1468 1228 plane 0.2035
1080 1840 1089 1808 1133 1820 1124 1852 plane 0.2017
1435 1748 1457 1706 1528 1742 1506 1785 plane 0.1784
1352 1883 1361 1823 1458 1837 1449 1897 plane 0.1750
1531 1088 1523 1042 1588 1029 1597 1076 plane 0.1720
571 1662 540 1627 596 1577 627 1613 plane 0.1668
909 1808 941 1802 947 1837 916 1842 plane 0.1609
1212 793 1196 748 1242 731 1258 776 plane 0.1543
1579 1200 1568 1152 1634 1137 1645 1185 plane 0.1491
1656 2434 1699 2446 1681 2511 1638 2498 plane 0.1479
1476 1705 1508 1677 1548 1724 1515 1752 plane 0.1437
658 1645 685 1665 650 1714 622 1694 plane 0.1384
1448 897 1444 847 1522 840 1527 890 plane 0.1327
1249 779 1244 732 1302 725 1307 773 plane 0.1312
1496 998 1483 947 1554 928 1567 980 plane 0.1256
932 728 2361 1028 2040 2558 611 2258 plane 0.1250
1814 1539 1859 1538 1861 1596 1816 1597 plane 0.1240
1426 793 1421 742 1491 735 1496 786 plane 0.1201
1315 1065 1319 1013 1370 1018 1365 1070 plane 0.1173
1152 1833 1138 1791 1185 1776 1198 1819 plane 0.1159
2246 1387 2280 1387 2281 1444 2246 1444 plane 0.1070
860 2215 878 2198 906 2228 888 2245 plane 0.1052
1338 673 1351 634 1395 649 1382 688 plane 0.1049
97 2014 111 2002 131 2025 117 2037 plane 0.1047
730 2517 751 2492 813 2544 793 2569 large-vehicle 0.1403
2599 2277 2626 2303 2472 2463 2445 2437 large-vehicle 0.1338
313 338 295 320 374 242 392 260 large-vehicle 0.1163
183 1061 235 1091 136 1267 84 1238 large-vehicle 0.1035
2117 651 2148 650 2149 686 2118 687 storage-tank 0.1316
605 519 684 495 708 573 629 597 roundabout 0.2299
2348 2571 2390 2564 2398 2611 2356 2618 roundabout 0.1437
769 606 831 632 806 693 744 667 roundabout 0.1364
2462 732 2587 755 2563 889 2438 867 roundabout 0.1136
2680 2151 2719 2143 2728 2185 2689 2193 roundabout 0.1080
1897 1397 1919 1328 2000 1354 1978 1424 harbor 0.1208
1180 1720 1207 1648 1288 1678 1261 1750 harbor 0.1138
1341 1602 1358 1549 1434 1572 1417 1626 harbor 0.1093
2712 1629 2762 1619 2774 1679 2724 1689 harbor 0.1060
1442 554 1501 560 1494 632 1435 626 harbor 0.1046
1251 1705 1278 1652 1342 1685 1315 1738 harbor 0.1023
1103 347 1153 328 1177 388 1126 408 harbor 0.1022
674 1532 720 1561 684 1617 638 1588 harbor 0.1007
571 1489 624 1492 621 1547 568 1544 harbor 0.1006
1293 570 1352 560 1365 633 1306 644 harbor 0.1003
739 1602 791 1615 775 1678 723 1665 helicopter 0.2281
1176 1688 1228 1644 1277 1703 1225 1747 helicopter 0.2201
2198 1855 2199 1798 2268 1799 2267 1857 helicopter 0.1707
1451 553 1506 571 1485 634 1430 616 helicopter 0.1694
1996 1264 2060 1275 2048 1346 1984 1336 helicopter 0.1669
1790 411 1840 432 1811 500 1761 478 helicopter 0.1656
1081 1756 1110 1701 1172 1734 1143 1789 helicopter 0.1638
905 1711 959 1734 933 1798 878 1775 helicopter 0.1588
1292 574 1352 562 1366 630 1306 642 helicopter 0.1543
1095 368 1132 324 1181 365 1144 409 helicopter 0.1535
1673 2318 1723 2341 1694 2405 1644 2382 helicopter 0.1483
366 1305 463 1330 431 1451 334 1425 helicopter 0.1394
1590 1136 1606 1033 1726 1051 1711 1154 helicopter 0.1373
674 1534 720 1565 686 1615 640 1584 helicopter 0.1372
1260 1056 1257 994 1330 991 1333 1053 helicopter 0.1361
576 1483 629 1494 615 1557 563 1545 helicopter 0.1310
999 1738 1059 1730 1068 1801 1009 1809 helicopter 0.1305
1222 1421 1287 1414 1295 1489 1229 1496 helicopter 0.1270
1931 2203 1987 2166 2028 2228 1973 2265 helicopter 0.1183
2668 1690 2717 1676 2733 1732 2685 1746 helicopter 0.1178
2708 1633 2756 1616 2778 1676 2730 1694 helicopter 0.1178
2181 1306 2240 1287 2261 1355 2202 1373 helicopter 0.1159
459 1592 426 1523 529 1474 562 1544 helicopter 0.1126
1407 1921 1468 1917 1472 1988 1411 1991 helicopter 0.1118
1335 1618 1341 1555 1425 1563 1419 1625 helicopter 0.1118
1127 1019 1191 1013 1199 1093 1134 1099 helicopter 0.1111
1332 1218 1314 1166 1379 1143 1397 1195 helicopter 0.1097
1898 1396 1921 1328 2000 1355 1976 1423 helicopter 0.1083
1162 1780 1198 1745 1244 1792 1208 1827 helicopter 0.1066
1168 562 1225 546 1243 611 1186 627 helicopter 0.1061
1581 980 1624 936 1674 985 1631 1030 helicopter 0.1058
2285 315 2335 282 2376 342 2326 375 helicopter 0.1038
1506 2205 1559 2219 1542 2286 1489 2273 helicopter 0.1034
2475 1454 2537 1440 2553 1515 2491 1528 helicopter 0.1033
383 1739 443 1760 417 1833 357 1812 helicopter 0.1030
1394 1514 1424 1467 1492 1511 1461 1558 helicopter 0.1020
1128 725 1171 683 1220 732 1177 774 helicopter 0.1003
