219 1314 604 1261 695 1929 310 1981 ground-track-field 0.1584
132 1094 131 1081 167 1077 168 1091 small-vehicle 0.1279
228 1116 250 1100 270 1129 248 1145 small-vehicle 0.1226
135 1084 131 1072 159 1062 164 1074 small-vehicle 0.1062
116 837 122 812 168 823 162 849 ship 0.1604
115 802 116 778 165 780 164 804 ship 0.1307
287 504 378 500 387 692 296 696 tennis-court 0.9588
397 498 488 496 493 690 401 692 tennis-court 0.9579
403 781 497 773 514 973 420 981 tennis-court 0.9478
299 782 394 778 401 976 306 979 tennis-court 0.9284
524 781 620 774 636 974 540 981 tennis-court 0.9219
175 499 268 489 289 690 196 699 tennis-court 0.9131
185 797 278 791 289 990 197 996 tennis-court 0.8571
505 492 605 486 616 693 517 699 tennis-court 0.8532
186 1305 576 1228 723 1975 332 2052 tennis-court 0.2172
263 392 287 302 505 358 482 448 tennis-court 0.2004
257 1234 242 1075 622 1041 636 1201 tennis-court 0.1339
246 1066 353 1036 399 1201 292 1231 basketball-court 0.4199
233 398 245 299 485 329 473 428 basketball-court 0.4189
219 1314 604 1261 695 1929 310 1981 basketball-court 0.2585
309 784 396 784 397 981 310 981 basketball-court 0.1298
530 522 624 542 594 677 500 657 basketball-court 0.1190
183 801 275 794 289 986 197 993 basketball-court 0.1175
351 1173 379 1028 648 1081 620 1225 basketball-court 0.1141
415 785 507 785 507 978 416 978 basketball-court 0.1126
389 503 480 494 499 686 407 694 basketball-court 0.1084
232 1113 258 1103 269 1134 243 1143 storage-tank 0.1126
219 1314 604 1261 695 1929 310 1981 soccer-ball-field 0.5992
255 1239 247 1062 639 1046 646 1223 soccer-ball-field 0.1885
392 514 487 512 491 687 396 689 swimming-pool 0.1374
289 507 373 503 382 691 298 695 swimming-pool 0.1118
175 821 269 807 294 975 200 989 swimming-pool 0.1114
