219 2475 231 2441 606 2573 594 2606 bridge 0.2728
763 2233 773 2203 1033 2294 1022 2324 bridge 0.1019
470 2017 543 1779 897 1888 825 2125 ground-track-field 0.2520
520 859 545 569 1059 614 1033 904 ground-track-field 0.2481
57 1889 99 1676 502 1756 460 1968 ground-track-field 0.2031
1253 552 1272 554 1268 596 1249 593 small-vehicle 0.1216
295 1671 304 1659 325 1676 316 1687 small-vehicle 0.1147
2044 164 2041 150 2070 145 2073 158 small-vehicle 0.1136
1511 1992 1529 1999 1510 2049 1493 2043 large-vehicle 0.1127
43 125 38 106 97 92 101 111 large-vehicle 0.1088
1253 552 1272 554 1268 596 1249 593 large-vehicle 0.1040
1841 1876 1846 1867 1871 1882 1865 1891 large-vehicle 0.1003
246 2107 263 2051 651 2167 635 2222 ship 0.6767
1250 2395 1265 2373 1348 2429 1333 2451 ship 0.4670
256 2083 269 2054 331 2084 318 2112 ship 0.3540
1322 2461 1350 2416 1644 2593 1616 2638 ship 0.3484
976 2303 984 2281 1029 2298 1021 2320 ship 0.2872
764 2245 773 2214 1012 2280 1004 2310 ship 0.2100
222 2467 235 2446 291 2479 278 2501 ship 0.1430
590 2187 608 2161 660 2197 642 2223 ship 0.1058
579 2582 590 2562 633 2585 622 2605 ship 0.1021
271 1237 328 1229 344 1344 287 1351 tennis-court 0.5941
203 1228 263 1224 273 1350 213 1354 tennis-court 0.5834
157 761 220 760 223 888 160 889 tennis-court 0.5635
93 1239 154 1228 179 1355 118 1367 tennis-court 0.5606
26 1240 95 1228 119 1368 49 1380 tennis-court 0.4881
904 1183 855 1084 1097 964 1146 1062 tennis-court 0.4720
227 772 287 770 290 884 230 886 tennis-court 0.4458
52 791 113 781 132 900 71 909 tennis-court 0.3958
219 1388 280 1379 299 1512 238 1521 tennis-court 0.3822
787 402 841 385 874 488 820 505 tennis-court 0.3494
462 1453 529 1448 539 1577 472 1582 tennis-court 0.3429
745 98 808 88 827 204 764 214 tennis-court 0.3368
538 1473 598 1467 608 1569 548 1575 tennis-court 0.3167
-20 789 53 786 59 915 -14 919 tennis-court 0.2775
860 384 921 370 947 481 886 496 tennis-court 0.2757
297 1403 361 1389 384 1501 321 1514 tennis-court 0.2649
956 1373 894 1267 1106 1141 1169 1246 tennis-court 0.2514
245 958 324 947 347 1108 267 1119 tennis-court 0.2374
128 596 194 588 209 711 142 719 tennis-court 0.1882
137 1406 190 1410 185 1471 132 1466 tennis-court 0.1669
440 990 485 985 498 1094 452 1099 tennis-court 0.1301
1594 1981 1787 2058 1641 2422 1449 2346 tennis-court 0.1162
599 1269 662 1269 662 1380 599 1380 tennis-court 0.1066
1841 2099 2050 2197 1880 2560 1671 2463 tennis-court 0.1019
451 1542 466 1442 623 1465 608 1565 basketball-court 0.3246
936 1204 863 1111 1076 945 1148 1038 basketball-court 0.2353
231 1499 234 1392 420 1396 418 1503 basketball-court 0.2274
498 88 661 58 710 324 548 354 basketball-court 0.2120
865 381 925 373 941 487 881 495 basketball-court 0.2001
88 1238 158 1221 188 1345 118 1362 basketball-court 0.1824
199 1221 265 1215 278 1349 212 1355 basketball-court 0.1647
153 763 220 757 231 885 164 891 basketball-court 0.1631
247 970 327 960 345 1105 265 1115 basketball-court 0.1429
227 772 287 770 290 884 230 886 basketball-court 0.1359
956 1373 894 1267 1106 1141 1169 1246 basketball-court 0.1346
273 1220 339 1221 337 1345 271 1344 basketball-court 0.1275
789 385 847 372 872 486 814 499 basketball-court 0.1215
22 1243 86 1230 114 1362 49 1375 basketball-court 0.1166
52 787 110 776 132 897 74 907 basketball-court 0.1103
611 897 555 610 975 528 1031 815 soccer-ball-field 0.7699
90 1877 133 1684 461 1757 419 1950 soccer-ball-field 0.6769
1834 2126 2033 2221 1888 2524 1689 2428 soccer-ball-field 0.6138
494 2028 522 1834 884 1886 857 2080 soccer-ball-field 0.5648
1015 1452 1188 1284 1441 1544 1268 1712 soccer-ball-field 0.3295
1609 1961 1798 2056 1618 2415 1428 2320 soccer-ball-field 0.3071
1594 665 1966 711 1884 1378 1511 1332 soccer-ball-field 0.2671
486 90 702 72 731 402 515 420 soccer-ball-field 0.1641
241 976 325 963 349 1111 265 1124 soccer-ball-field 0.1357
904 1183 855 1084 1097 964 1146 1062 soccer-ball-field 0.1261
1960 2116 2158 2141 2104 2563 1906 2538 soccer-ball-field 0.1006
271 2089 286 2048 653 2183 638 2224 harbor 0.2018
764 2227 774 2200 1031 2297 1021 2324 harbor 0.1797
213 2498 229 2443 614 2553 599 2608 harbor 0.1234
1322 2457 1345 2418 1631 2584 1608 2623 harbor 0.1165
437 994 485 987 500 1091 451 1098 swimming-pool 0.5991
448 1133 459 1096 511 1111 500 1148 swimming-pool 0.2600
671 1074 672 1060 705 1061 705 1075 swimming-pool 0.1578
