1250 1484 1409 1568 1317 1739 1159 1654 baseball-diamond 0.8328
452 1172 926 815 1437 1494 963 1850 baseball-diamond 0.1444
673 559 689 565 673 606 657 600 bridge 0.2662
619 1032 999 984 1084 1653 704 1702 ground-track-field 0.7577
-110 1036 304 755 833 1537 418 1818 ground-track-field 0.2132
1674 289 1672 272 1707 268 1709 285 small-vehicle 0.1226
1734 1530 1727 1515 1758 1499 1765 1514 small-vehicle 0.1188
1738 1217 1734 1199 1770 1191 1774 1209 small-vehicle 0.1094
166 62 159 52 179 38 186 48 small-vehicle 0.1083
1781 292 1777 279 1806 269 1810 282 small-vehicle 0.1048
1668 247 1663 232 1694 222 1699 237 small-vehicle 0.1021
1639 1462 1650 1458 1661 1486 1650 1490 large-vehicle 0.1202
199 1961 195 1946 226 1939 229 1954 large-vehicle 0.1188
1650 1439 1649 1424 1678 1422 1679 1437 large-vehicle 0.1111
1673 1523 1670 1506 1702 1501 1705 1518 large-vehicle 0.1074
1704 35 1698 22 1730 7 1736 19 large-vehicle 0.1054
1634 1400 1630 1384 1663 1375 1667 1391 ship 0.2377
1677 1087 1673 1072 1706 1063 1710 1078 ship 0.2197
1724 1176 1721 1157 1758 1151 1761 1170 ship 0.2150
1736 1216 1735 1197 1771 1193 1773 1212 ship 0.1981
1702 1121 1696 1107 1727 1093 1733 1107 ship 0.1920
1692 1406 1684 1389 1715 1373 1724 1391 ship 0.1846
1729 1163 1717 1149 1743 1128 1755 1142 ship 0.1763
1777 1352 1775 1334 1807 1330 1809 1348 ship 0.1718
1587 41 1584 24 1619 17 1623 34 ship 0.1714
1729 1527 1725 1511 1756 1503 1760 1519 ship 0.1683
1727 1106 1738 1116 1715 1140 1704 1130 ship 0.1497
1695 1559 1685 1546 1711 1526 1721 1540 ship 0.1474
1674 1517 1673 1503 1703 1501 1704 1515 ship 0.1436
1766 1313 1762 1299 1788 1291 1793 1305 ship 0.1398
1678 1342 1672 1331 1695 1317 1702 1328 ship 0.1382
1674 289 1672 272 1707 268 1709 285 ship 0.1354
1681 310 1678 291 1714 285 1717 304 ship 0.1331
1750 1247 1745 1232 1775 1223 1780 1237 ship 0.1283
1654 1448 1646 1432 1675 1418 1682 1434 ship 0.1280
1668 247 1663 232 1694 222 1699 237 ship 0.1221
1755 1289 1752 1274 1786 1269 1788 1284 ship 0.1193
1656 198 1652 184 1683 174 1687 189 ship 0.1181
1662 212 1656 199 1683 187 1689 200 ship 0.1150
1597 22 1594 1 1635 -4 1638 15 ship 0.1138
1708 1443 1703 1425 1736 1416 1741 1434 ship 0.1133
924 300 989 276 1036 402 971 427 ship 0.1068
1693 1389 1685 1375 1709 1361 1717 1375 ship 0.1031
1693 1098 1686 1085 1713 1072 1719 1085 ship 0.1021
1044 442 1093 435 1108 543 1059 550 tennis-court 0.7251
1003 285 1070 272 1093 391 1026 404 tennis-court 0.7059
1063 104 1119 97 1132 203 1077 210 tennis-court 0.6926
813 487 859 478 879 580 833 589 tennis-court 0.6437
944 301 1005 294 1018 408 958 416 tennis-court 0.6428
857 316 912 307 932 420 877 430 tennis-court 0.6075
1109 427 1163 420 1176 525 1123 532 tennis-court 0.6037
1536 226 1586 215 1610 330 1561 341 tennis-court 0.5961
1457 64 1519 43 1560 165 1498 185 tennis-court 0.5869
980 457 1029 448 1047 553 998 562 tennis-court 0.5496
1332 30 1387 18 1409 123 1354 135 tennis-court 0.5260
967 109 1030 92 1066 225 1002 242 tennis-court 0.5238
765 335 834 311 876 429 807 453 tennis-court 0.4846
884 451 955 452 952 586 881 584 tennis-court 0.4601
1201 47 1268 45 1271 173 1205 175 tennis-court 0.3964
1259 56 1309 38 1346 140 1296 158 tennis-court 0.3576
94 1041 408 1004 463 1472 150 1510 tennis-court 0.1345
408 1559 442 1546 482 1649 449 1663 tennis-court 0.1053
884 475 943 462 969 577 910 590 basketball-court 0.3690
974 455 1027 444 1050 554 997 565 basketball-court 0.2721
1003 285 1070 272 1093 391 1026 404 basketball-court 0.2540
1099 429 1154 412 1187 525 1131 541 basketball-court 0.2363
772 337 828 321 862 440 806 456 basketball-court 0.2240
1040 443 1091 434 1110 539 1060 549 basketball-court 0.2222
1060 99 1120 95 1128 208 1068 212 basketball-court 0.2151
935 290 1000 278 1024 407 959 419 basketball-court 0.2117
977 107 1040 95 1064 223 1000 235 basketball-court 0.1781
1534 219 1589 211 1607 323 1551 331 basketball-court 0.1767
857 316 912 307 932 420 877 430 basketball-court 0.1661
1327 34 1380 16 1418 127 1364 145 basketball-court 0.1431
1457 64 1519 43 1560 165 1498 185 basketball-court 0.1398
94 1041 408 1004 463 1472 150 1510 basketball-court 0.1257
1200 46 1248 43 1253 126 1205 129 basketball-court 0.1199
1492 1195 1534 1175 1570 1254 1528 1274 basketball-court 0.1188
1259 56 1309 38 1346 140 1296 158 basketball-court 0.1187
806 481 869 466 899 590 836 605 basketball-court 0.1163
104 1043 393 1000 459 1447 170 1489 soccer-ball-field 0.7817
645 1141 942 1072 1051 1538 754 1607 soccer-ball-field 0.5441
1104 433 1161 421 1183 525 1126 537 soccer-ball-field 0.1517
1059 102 1115 93 1132 201 1075 210 soccer-ball-field 0.1497
1536 234 1587 221 1614 326 1563 339 soccer-ball-field 0.1459
1272 1492 1408 1591 1298 1743 1162 1644 soccer-ball-field 0.1430
976 112 1035 98 1064 216 1004 230 soccer-ball-field 0.1392
1003 287 1064 270 1097 388 1035 405 soccer-ball-field 0.1325
563 1396 616 1385 633 1466 580 1477 soccer-ball-field 0.1276
930 293 992 276 1028 405 966 423 soccer-ball-field 0.1226
887 465 944 455 965 574 908 583 soccer-ball-field 0.1191
970 462 1021 445 1055 544 1003 562 soccer-ball-field 0.1085
1040 443 1091 434 1110 539 1060 549 soccer-ball-field 0.1063
1055 91 1125 84 1140 219 1069 226 swimming-pool 0.2262
1097 418 1158 404 1187 532 1126 546 swimming-pool 0.1684
1460 54 1525 39 1557 178 1491 193 swimming-pool 0.1131
978 109 1042 99 1061 226 997 235 swimming-pool 0.1126
