863 1707 899 1707 899 1759 862 1759 plane 0.2304
882 1763 912 1763 912 1802 882 1803 plane 0.1981
683 1165 1555 892 1973 2224 1101 2497 baseball-diamond 0.1458
-12 1243 174 1224 202 1500 16 1519 baseball-diamond 0.1224
618 1112 1502 851 1909 2223 1025 2485 ground-track-field 0.7495
-55 1575 -112 1267 547 1145 604 1453 ground-track-field 0.1726
1444 2531 1446 2521 1467 2525 1464 2535 small-vehicle 0.1125
596 336 619 329 641 408 618 414 ship 0.1128
265 720 377 729 360 943 249 935 tennis-court 0.9201
91 728 202 718 221 942 110 952 tennis-court 0.8832
473 328 589 318 610 552 493 562 tennis-court 0.8806
552 691 655 688 662 898 559 901 tennis-court 0.8764
637 305 758 293 780 534 659 545 tennis-court 0.8539
414 689 517 702 490 908 387 894 tennis-court 0.7952
866 280 997 273 1009 512 878 518 tennis-court 0.5826
691 686 797 662 838 842 732 867 tennis-court 0.2843
676 720 768 661 862 807 770 866 basketball-court 0.2848
144 1176 353 1155 392 1531 182 1552 basketball-court 0.2575
473 360 581 342 612 525 504 543 basketball-court 0.2140
893 292 981 293 980 419 892 418 basketball-court 0.1817
540 694 646 676 676 856 570 874 basketball-court 0.1489
649 300 773 298 777 538 653 540 basketball-court 0.1434
0 1236 173 1232 181 1543 7 1548 basketball-court 0.1289
683 1165 1555 892 1973 2224 1101 2497 basketball-court 0.1076
895 1164 1483 1095 1610 2179 1023 2248 soccer-ball-field 0.8177
-5 1242 161 1221 200 1529 33 1550 soccer-ball-field 0.6772
-124 1749 368 1401 901 2156 408 2504 soccer-ball-field 0.5168
135 1207 334 1158 415 1490 216 1539 soccer-ball-field 0.2168
