506 570 524 579 504 614 487 604 small-vehicle 0.6332
574 1126 589 1135 569 1170 553 1161 small-vehicle 0.5425
393 854 410 862 394 897 377 889 small-vehicle 0.5391
674 1248 684 1230 720 1250 711 1268 small-vehicle 0.5121
164 975 181 982 164 1021 147 1014 small-vehicle 0.4975
214 737 230 748 208 781 192 770 small-vehicle 0.4882
747 1132 758 1114 797 1138 786 1156 small-vehicle 0.4858
327 816 343 825 324 858 309 849 small-vehicle 0.4800
727 1162 740 1147 772 1172 760 1188 small-vehicle 0.4699
262 616 281 623 266 661 247 653 small-vehicle 0.4680
695 1214 705 1195 745 1215 734 1235 small-vehicle 0.4631
524 1213 541 1221 524 1255 507 1246 small-vehicle 0.4417
384 376 401 385 382 422 365 414 small-vehicle 0.4397
427 985 444 993 428 1027 411 1019 small-vehicle 0.4307
548 907 566 916 549 949 531 940 small-vehicle 0.4273
502 1198 521 1207 504 1242 485 1233 small-vehicle 0.4165
256 928 272 938 252 968 237 958 small-vehicle 0.4124
417 710 435 720 415 756 397 746 small-vehicle 0.4082
526 1095 539 1108 514 1134 500 1122 small-vehicle 0.4060
139 960 154 968 133 1003 119 994 small-vehicle 0.4025
832 825 851 833 835 872 815 863 small-vehicle 0.3950
560 1226 578 1237 557 1272 539 1262 small-vehicle 0.3929
479 1019 496 1031 474 1061 457 1049 small-vehicle 0.3923
459 1054 474 1064 454 1095 439 1085 small-vehicle 0.3796
258 774 277 782 260 820 241 812 small-vehicle 0.3783
63 691 75 674 113 699 101 717 small-vehicle 0.3779
431 1144 447 1152 428 1186 412 1178 small-vehicle 0.3746
485 1183 502 1191 485 1227 468 1219 small-vehicle 0.3694
458 1162 476 1170 458 1210 439 1202 small-vehicle 0.3576
412 1132 427 1144 404 1174 389 1162 small-vehicle 0.3570
275 781 292 790 273 825 257 817 small-vehicle 0.3554
221 902 239 912 219 946 201 936 small-vehicle 0.3544
632 1270 647 1280 626 1312 611 1302 small-vehicle 0.3300
311 915 327 925 304 958 288 947 small-vehicle 0.3293
401 548 419 558 399 593 381 583 small-vehicle 0.3255
446 838 465 847 447 883 428 874 small-vehicle 0.3211
492 1075 508 1086 487 1116 471 1105 small-vehicle 0.3195
711 1058 729 1068 709 1103 692 1094 small-vehicle 0.3187
454 1006 472 1015 456 1050 438 1042 small-vehicle 0.3179
32 146 47 154 31 181 16 173 small-vehicle 0.3132
325 926 340 933 325 965 310 958 small-vehicle 0.3117
387 1012 403 1019 389 1050 374 1043 small-vehicle 0.3113
110 86 130 95 116 128 95 119 small-vehicle 0.3081
39 47 55 55 38 85 23 77 small-vehicle 0.3050
357 838 374 847 357 878 341 870 small-vehicle 0.3020
350 929 366 938 346 974 330 964 small-vehicle 0.2912
258 884 277 889 266 927 247 921 small-vehicle 0.2860
423 1036 439 1044 422 1074 407 1065 small-vehicle 0.2792
174 721 193 731 175 767 156 757 small-vehicle 0.2762
406 1025 420 1033 405 1061 391 1053 small-vehicle 0.2666
282 895 296 905 276 934 261 924 small-vehicle 0.2483
379 953 397 963 375 1000 358 990 small-vehicle 0.2465
438 1045 452 1055 433 1083 419 1073 small-vehicle 0.2457
321 974 334 984 315 1009 302 999 small-vehicle 0.2404
363 996 382 1005 367 1039 347 1030 small-vehicle 0.2348
379 1113 394 1122 374 1153 360 1144 small-vehicle 0.2301
309 967 321 976 304 1000 291 991 small-vehicle 0.2223
277 942 289 952 270 977 258 967 small-vehicle 0.2222
510 1087 523 1098 501 1124 488 1113 small-vehicle 0.2163
289 952 301 961 282 985 270 976 small-vehicle 0.2139
54 706 65 689 101 712 91 729 small-vehicle 0.2127
339 982 354 989 339 1021 323 1013 small-vehicle 0.1920
495 1027 512 1038 490 1069 474 1058 small-vehicle 0.1894
399 1126 412 1138 389 1165 375 1154 small-vehicle 0.1857
296 905 313 916 291 948 275 937 small-vehicle 0.1679
37 159 53 163 46 193 30 189 small-vehicle 0.1646
366 849 382 853 374 884 357 880 small-vehicle 0.1403
63 217 78 223 65 256 49 249 small-vehicle 0.1382
477 1073 490 1082 474 1106 461 1098 small-vehicle 0.1357
676 1271 698 1290 656 1341 634 1323 small-vehicle 0.1294
190 738 205 746 188 775 174 767 small-vehicle 0.1232
369 1109 381 1121 358 1145 345 1133 small-vehicle 0.1222
60 161 77 171 57 205 40 195 small-vehicle 0.1213
399 961 415 973 390 1005 374 993 small-vehicle 0.1201
737 1148 746 1132 781 1151 772 1166 small-vehicle 0.1071
413 978 428 987 405 1022 390 1012 small-vehicle 0.1040
676 1271 700 1288 661 1341 638 1324 large-vehicle 0.1855
165 975 182 983 164 1021 147 1014 large-vehicle 0.1122
