1135 553 1150 566 1122 597 1107 584 small-vehicle 0.7108
795 291 808 301 785 332 772 322 small-vehicle 0.6911
905 463 919 475 892 507 877 494 small-vehicle 0.6840
409 744 430 755 410 794 389 784 small-vehicle 0.6806
889 351 902 362 876 393 863 381 small-vehicle 0.6806
1040 468 1052 478 1028 505 1016 495 small-vehicle 0.6805
388 739 404 750 380 783 364 772 small-vehicle 0.6772
1115 537 1129 548 1106 580 1091 569 small-vehicle 0.6721
1068 497 1081 508 1059 536 1045 526 small-vehicle 0.6702
392 689 412 701 387 740 367 727 small-vehicle 0.6673
813 305 827 315 804 345 791 335 small-vehicle 0.6673
1039 522 1028 511 1053 486 1065 497 small-vehicle 0.6655
920 476 935 487 911 520 896 508 small-vehicle 0.6651
869 341 883 350 863 382 849 372 small-vehicle 0.6644
921 377 936 387 914 419 899 409 small-vehicle 0.6626
422 817 439 829 413 866 396 854 small-vehicle 0.6593
1200 616 1215 627 1192 663 1176 653 small-vehicle 0.6576
1019 447 1034 457 1011 491 996 480 small-vehicle 0.6574
879 444 898 454 875 493 857 483 small-vehicle 0.6511
853 330 865 340 842 368 830 358 small-vehicle 0.6464
526 806 545 819 518 857 500 843 small-vehicle 0.6407
835 318 847 328 825 356 813 346 small-vehicle 0.6399
1232 651 1250 661 1230 697 1213 688 small-vehicle 0.6383
84 588 93 571 126 589 117 606 small-vehicle 0.6344
1187 600 1201 613 1171 645 1157 631 small-vehicle 0.6288
1096 524 1110 534 1087 565 1073 554 small-vehicle 0.6246
276 635 293 646 271 681 253 670 small-vehicle 0.6177
443 841 458 852 428 892 413 881 small-vehicle 0.6160
1220 631 1237 643 1212 681 1194 670 small-vehicle 0.6153
472 789 490 799 469 841 451 832 small-vehicle 0.6150
744 251 760 261 736 299 720 288 small-vehicle 0.6140
347 830 366 843 339 886 319 873 small-vehicle 0.6127
696 218 713 229 692 262 674 251 small-vehicle 0.6028
217 615 236 629 207 668 188 654 small-vehicle 0.6020
638 879 655 894 619 934 603 919 small-vehicle 0.5959
459 772 473 784 445 821 430 810 small-vehicle 0.5953
1157 565 1174 581 1140 617 1123 601 small-vehicle 0.5918
762 265 777 276 755 308 740 297 small-vehicle 0.5902
565 121 578 131 556 160 543 150 small-vehicle 0.5820
432 894 451 905 424 952 405 941 small-vehicle 0.5806
780 278 792 290 767 317 755 305 small-vehicle 0.5802
273 732 290 742 269 778 252 768 small-vehicle 0.5721
454 910 473 920 451 965 432 955 small-vehicle 0.5658
110 549 120 534 152 556 141 571 small-vehicle 0.5627
462 848 479 860 449 904 432 892 small-vehicle 0.5613
515 873 532 883 505 926 488 915 small-vehicle 0.5564
251 676 269 690 237 729 219 715 small-vehicle 0.5528
491 853 511 865 480 915 460 904 small-vehicle 0.5457
594 938 614 952 585 992 566 978 small-vehicle 0.5372
304 692 321 704 291 744 274 732 small-vehicle 0.5327
499 797 518 810 490 851 471 838 small-vehicle 0.5311
299 743 314 756 285 790 270 776 small-vehicle 0.5288
630 169 644 181 621 209 608 198 small-vehicle 0.5267
950 398 965 409 945 440 929 430 small-vehicle 0.5167
458 736 473 751 441 786 425 771 small-vehicle 0.5107
365 732 381 747 344 786 329 772 small-vehicle 0.5103
560 900 578 913 545 959 526 946 small-vehicle 0.5060
579 137 592 146 574 174 561 165 small-vehicle 0.5033
482 917 500 929 465 978 447 965 small-vehicle 0.5027
286 792 304 807 274 846 255 831 small-vehicle 0.4988
584 911 601 924 565 971 548 957 small-vehicle 0.4974
540 884 556 895 524 940 507 928 small-vehicle 0.4972
1227 735 1241 719 1278 753 1264 769 small-vehicle 0.4919
322 818 340 833 308 873 290 858 small-vehicle 0.4910
224 663 242 675 211 722 193 710 small-vehicle 0.4903
1208 797 1221 780 1257 807 1245 824 small-vehicle 0.4897
552 817 567 828 535 872 520 861 small-vehicle 0.4875
648 908 665 920 636 960 619 947 small-vehicle 0.4847
655 25 669 7 713 43 698 61 small-vehicle 0.4846
974 649 986 629 1033 657 1021 677 small-vehicle 0.4826
1195 813 1208 796 1250 826 1237 844 small-vehicle 0.4788
578 993 599 1006 565 1059 544 1046 small-vehicle 0.4757
406 889 423 900 399 936 383 925 small-vehicle 0.4714
598 844 617 858 582 904 562 890 small-vehicle 0.4696
262 613 280 626 249 670 231 657 small-vehicle 0.4683
401 834 387 819 425 782 439 796 small-vehicle 0.4581
205 572 225 587 191 632 171 617 small-vehicle 0.4531
905 361 918 371 898 399 884 389 small-vehicle 0.4527
261 783 282 795 260 835 239 823 small-vehicle 0.4406
339 721 356 732 333 768 316 757 small-vehicle 0.4385
187 710 209 724 177 772 155 757 small-vehicle 0.4374
1218 784 1228 766 1267 786 1257 805 small-vehicle 0.4308
389 786 405 801 366 842 350 827 small-vehicle 0.4266
570 834 588 846 557 893 539 881 small-vehicle 0.4183
503 937 520 950 485 995 469 982 small-vehicle 0.4169
358 781 374 794 344 830 329 817 small-vehicle 0.4145
705 359 727 372 701 415 679 402 small-vehicle 0.4075
591 148 606 155 590 188 575 180 small-vehicle 0.4053
801 28 811 14 840 34 830 48 small-vehicle 0.3966
223 376 237 388 205 423 191 411 small-vehicle 0.3955
523 948 541 962 505 1010 487 996 small-vehicle 0.3884
637 275 649 283 632 311 620 304 small-vehicle 0.3847
990 629 1007 611 1046 649 1029 667 small-vehicle 0.3701
543 968 561 982 526 1028 508 1013 small-vehicle 0.3530
557 982 575 994 548 1036 530 1025 small-vehicle 0.3425
676 209 691 218 673 246 658 236 small-vehicle 0.3366
621 267 633 274 617 302 604 295 small-vehicle 0.3182
135 675 153 689 116 733 99 719 small-vehicle 0.3046
738 1105 757 1120 715 1173 696 1158 small-vehicle 0.3044
351 236 369 247 345 284 327 273 small-vehicle 0.2969
613 993 637 1009 593 1073 569 1056 small-vehicle 0.2521
821 1114 844 1128 800 1198 778 1184 small-vehicle 0.2445
670 956 689 972 652 1018 633 1003 small-vehicle 0.2431
301 569 314 548 365 582 351 603 small-vehicle 0.2411
930 253 945 233 1006 279 991 300 small-vehicle 0.2383
166 632 183 646 140 695 123 681 small-vehicle 0.2227
678 1034 699 1050 655 1110 633 1094 small-vehicle 0.2224
1184 836 1194 816 1238 839 1229 858 small-vehicle 0.2219
797 1022 821 1042 766 1108 742 1088 small-vehicle 0.2217
709 228 725 237 707 270 691 261 small-vehicle 0.2213
300 799 286 784 317 754 331 769 small-vehicle 0.2123
779 1000 797 1015 746 1072 729 1056 small-vehicle 0.2055
236 913 248 894 320 942 308 961 small-vehicle 0.2031
750 986 772 999 733 1062 711 1048 small-vehicle 0.1993
571 230 586 239 569 267 554 258 small-vehicle 0.1983
734 959 755 976 703 1041 682 1024 small-vehicle 0.1756
622 1095 601 1072 658 1020 679 1043 small-vehicle 0.1708
606 257 618 265 601 288 590 280 small-vehicle 0.1692
865 1201 881 1207 867 1243 851 1237 small-vehicle 0.1663
838 1057 858 1074 817 1123 797 1106 small-vehicle 0.1655
476 1085 492 1065 549 1109 533 1129 small-vehicle 0.1637
833 922 843 931 825 950 815 942 small-vehicle 0.1609
188 656 210 674 145 753 123 734 small-vehicle 0.1602
783 1117 805 1132 761 1196 739 1181 small-vehicle 0.1574
850 25 859 13 895 41 885 53 small-vehicle 0.1531
816 1176 838 1181 830 1213 808 1208 small-vehicle 0.1434
993 479 982 465 1011 442 1022 456 small-vehicle 0.1342
879 1088 901 1104 850 1177 827 1161 small-vehicle 0.1326
836 1128 820 1110 865 1072 881 1091 small-vehicle 0.1307
1036 939 1057 955 1025 999 1003 983 small-vehicle 0.1256
650 280 668 289 649 327 632 318 small-vehicle 0.1202
728 239 741 251 715 278 703 266 small-vehicle 0.1183
713 930 733 943 680 1024 661 1011 small-vehicle 0.1170
611 158 625 166 607 197 593 188 small-vehicle 0.1054
1226 712 1236 693 1281 716 1271 736 small-vehicle 0.1021
821 1114 844 1128 800 1198 778 1184 large-vehicle 0.7611
783 1117 805 1132 761 1196 739 1181 large-vehicle 0.7192
181 658 203 674 153 746 130 730 large-vehicle 0.7038
503 937 520 950 485 995 469 982 large-vehicle 0.6963
728 955 751 968 707 1044 684 1031 large-vehicle 0.6894
779 1000 797 1015 746 1072 729 1056 large-vehicle 0.6868
746 986 768 999 731 1060 709 1046 large-vehicle 0.6866
236 913 248 894 320 942 308 961 large-vehicle 0.6792
622 1095 601 1072 658 1020 679 1043 large-vehicle 0.6784
800 1030 819 1049 763 1105 744 1086 large-vehicle 0.6767
617 998 637 1016 587 1072 566 1053 large-vehicle 0.6752
880 1089 901 1105 848 1178 827 1162 large-vehicle 0.6542
738 1105 757 1120 715 1173 696 1158 large-vehicle 0.6434
574 833 591 847 553 896 535 882 large-vehicle 0.6364
523 948 542 963 505 1011 486 996 large-vehicle 0.6329
543 968 561 982 526 1028 508 1013 large-vehicle 0.6244
680 1038 700 1056 649 1111 630 1093 large-vehicle 0.6228
838 1057 858 1074 817 1123 797 1106 large-vehicle 0.5957
594 844 614 856 583 906 563 893 large-vehicle 0.5947
584 911 601 924 565 971 548 957 large-vehicle 0.5931
557 982 575 994 548 1036 530 1025 large-vehicle 0.5840
670 956 689 972 652 1018 633 1003 large-vehicle 0.5816
552 816 568 828 534 875 518 863 large-vehicle 0.5806
577 993 596 1006 564 1058 545 1046 large-vehicle 0.5650
491 853 511 865 480 915 460 904 large-vehicle 0.5642
476 1085 489 1067 548 1108 535 1126 large-vehicle 0.5593
481 917 500 930 466 978 447 965 large-vehicle 0.5586
537 884 555 895 526 941 509 930 large-vehicle 0.5517
517 870 533 881 501 925 485 914 large-vehicle 0.5288
600 934 616 950 579 990 562 975 large-vehicle 0.5277
385 784 403 797 372 841 354 829 large-vehicle 0.5185
560 900 578 913 545 959 526 946 large-vehicle 0.5036
205 572 225 587 191 632 171 617 large-vehicle 0.5030
165 631 184 644 133 710 115 696 large-vehicle 0.5015
933 256 948 236 1002 279 986 299 large-vehicle 0.5008
224 663 242 675 211 722 193 710 large-vehicle 0.4890
193 714 211 731 173 770 155 752 large-vehicle 0.4744
836 1128 820 1110 865 1072 881 1091 large-vehicle 0.4659
526 806 545 819 518 857 500 843 large-vehicle 0.4609
713 930 733 943 680 1024 661 1011 large-vehicle 0.4520
701 1048 726 1064 680 1139 655 1123 large-vehicle 0.4450
301 569 314 548 365 582 351 603 large-vehicle 0.4352
263 613 280 628 244 669 227 655 large-vehicle 0.4333
648 908 665 920 638 958 621 946 large-vehicle 0.4176
366 729 384 746 347 788 329 771 large-vehicle 0.4104
322 818 340 833 308 873 290 858 large-vehicle 0.3972
632 887 648 900 614 939 598 926 large-vehicle 0.3931
1157 565 1174 581 1140 617 1123 601 large-vehicle 0.3838
498 798 517 810 491 853 472 841 large-vehicle 0.3804
357 782 372 796 342 830 326 817 large-vehicle 0.3755
248 674 267 687 238 730 219 717 large-vehicle 0.3714
655 25 669 7 713 43 698 61 large-vehicle 0.3662
458 736 473 751 441 786 425 771 large-vehicle 0.3642
460 847 479 858 452 901 434 890 large-vehicle 0.3592
989 628 1005 610 1046 648 1030 666 large-vehicle 0.3357
707 357 728 371 701 412 680 399 large-vehicle 0.3348
401 834 387 819 425 782 439 796 large-vehicle 0.3124
458 774 473 786 445 822 430 810 large-vehicle 0.3044
474 790 493 802 467 842 448 830 large-vehicle 0.3011
1220 629 1238 641 1210 682 1192 670 large-vehicle 0.2951
443 841 458 852 428 892 413 881 large-vehicle 0.2813
457 910 476 921 449 965 431 954 large-vehicle 0.2778
349 834 367 849 334 887 317 871 large-vehicle 0.2647
436 897 451 910 420 947 404 934 large-vehicle 0.2572
217 615 236 629 207 668 188 654 large-vehicle 0.2515
1202 615 1217 627 1190 661 1175 648 large-vehicle 0.2406
409 744 430 755 410 794 389 784 large-vehicle 0.2401
351 237 371 250 346 285 327 272 large-vehicle 0.2306
1187 598 1202 612 1173 645 1157 630 large-vehicle 0.2294
407 888 425 903 397 937 379 922 large-vehicle 0.2274
277 634 294 645 269 683 252 672 large-vehicle 0.2182
339 723 356 734 331 772 313 761 large-vehicle 0.2149
305 693 321 705 295 739 279 727 large-vehicle 0.2143
394 690 411 704 384 738 366 724 large-vehicle 0.2045
284 791 304 804 277 845 257 833 large-vehicle 0.1994
388 741 404 753 376 790 359 777 large-vehicle 0.1949
938 421 962 397 1019 454 996 478 large-vehicle 0.1921
1217 728 1232 711 1275 751 1260 767 large-vehicle 0.1914
850 25 859 13 895 41 885 53 large-vehicle 0.1830
901 1107 918 1123 867 1181 849 1165 large-vehicle 0.1767
273 732 290 742 269 778 252 768 large-vehicle 0.1716
879 443 897 454 876 491 857 480 large-vehicle 0.1709
975 647 989 628 1032 659 1018 678 large-vehicle 0.1693
422 817 439 829 413 866 396 854 large-vehicle 0.1662
1134 928 1153 945 1106 998 1087 982 large-vehicle 0.1625
1135 553 1150 566 1122 597 1107 583 large-vehicle 0.1601
743 251 759 262 735 298 718 287 large-vehicle 0.1587
751 896 765 878 829 926 815 943 large-vehicle 0.1569
262 783 284 793 264 836 242 826 large-vehicle 0.1559
1230 651 1251 660 1232 700 1212 691 large-vehicle 0.1546
1219 373 1224 367 1247 391 1241 397 large-vehicle 0.1545
1115 537 1129 548 1106 580 1091 569 large-vehicle 0.1469
901 462 918 471 896 510 879 500 large-vehicle 0.1435
1195 813 1208 796 1250 826 1237 844 large-vehicle 0.1425
1019 447 1034 457 1011 491 996 480 large-vehicle 0.1425
1208 797 1221 780 1257 807 1245 824 large-vehicle 0.1392
1096 524 1110 534 1087 565 1073 554 large-vehicle 0.1370
298 745 314 759 287 791 270 778 large-vehicle 0.1290
1218 784 1228 766 1267 786 1257 805 large-vehicle 0.1279
870 1274 855 1257 928 1192 943 1209 large-vehicle 0.1251
1036 935 1058 948 1029 999 1007 986 large-vehicle 0.1218
836 315 848 325 823 356 811 346 large-vehicle 0.1188
1036 469 1049 478 1027 508 1014 499 large-vehicle 0.1097
225 373 240 387 208 422 193 408 large-vehicle 0.1052
815 1177 836 1181 830 1213 809 1209 large-vehicle 0.1024
814 300 829 309 807 347 791 338 large-vehicle 0.1011
865 1201 881 1207 867 1243 851 1237 large-vehicle 0.1010
717 1042 732 1045 716 1126 700 1122 large-vehicle 0.1008
1038 938 1058 954 1023 999 1003 983 ship 0.1726
365 732 381 747 344 786 329 772 ship 0.1046
1139 930 1158 948 1105 1003 1086 985 ship 0.1023
