270 1471 239 1304 427 1269 458 1435 baseball-diamond 0.7979
204 1731 194 1527 403 1516 414 1720 baseball-diamond 0.7203
157 406 212 267 359 326 304 464 baseball-diamond 0.7117
238 958 193 817 353 765 399 906 baseball-diamond 0.6163
112 730 98 580 267 564 281 715 baseball-diamond 0.6151
529 704 528 553 695 551 696 702 baseball-diamond 0.6004
624 1025 759 1046 734 1201 599 1179 baseball-diamond 0.5758
478 213 455 57 639 30 661 186 baseball-diamond 0.5225
518 1257 650 1281 624 1426 492 1403 baseball-diamond 0.5177
489 805 659 872 602 1018 431 951 baseball-diamond 0.4931
144 1194 183 1057 331 1098 292 1236 baseball-diamond 0.4536
397 447 443 312 599 365 553 500 baseball-diamond 0.3241
149 1808 176 1666 451 1718 425 1860 baseball-diamond 0.1017
814 898 816 891 833 895 831 903 small-vehicle 0.1072
818 1273 822 1266 835 1273 831 1280 small-vehicle 0.1056
323 762 321 750 364 745 365 758 large-vehicle 0.2871
391 781 401 779 408 823 397 825 large-vehicle 0.2503
638 528 636 519 669 512 671 521 large-vehicle 0.2217
663 1024 662 1014 703 1011 703 1021 large-vehicle 0.2153
554 1431 554 1420 585 1422 584 1433 large-vehicle 0.2117
394 456 404 455 406 486 396 487 large-vehicle 0.2008
446 947 457 945 463 983 452 984 large-vehicle 0.1967
700 548 709 547 715 584 707 585 large-vehicle 0.1942
131 757 130 744 168 742 169 755 large-vehicle 0.1879
541 1035 538 1025 561 1019 564 1029 large-vehicle 0.1829
352 729 351 718 383 715 384 726 large-vehicle 0.1759
492 1348 502 1348 504 1381 494 1382 large-vehicle 0.1720
494 1019 491 1007 519 1000 522 1011 large-vehicle 0.1703
408 1228 404 1220 427 1210 430 1218 large-vehicle 0.1640
137 1179 148 1177 155 1211 144 1214 large-vehicle 0.1596
443 522 441 509 473 505 475 518 large-vehicle 0.1513
271 269 270 258 311 253 312 265 large-vehicle 0.1453
186 1249 185 1239 216 1235 218 1245 large-vehicle 0.1344
460 1095 469 1094 473 1129 465 1130 large-vehicle 0.1313
368 1261 363 1253 391 1239 395 1247 large-vehicle 0.1205
408 600 416 600 416 620 408 620 large-vehicle 0.1181
463 1188 473 1186 479 1224 470 1226 large-vehicle 0.1169
340 289 349 285 360 316 350 320 large-vehicle 0.1102
86 683 95 681 103 720 94 722 large-vehicle 0.1094
607 1431 606 1420 633 1416 634 1428 large-vehicle 0.1015
448 950 458 949 461 985 451 986 ship 0.1072
262 1499 426 1589 327 1768 163 1678 basketball-court 0.1497
449 310 450 235 592 238 590 313 basketball-court 0.1398
627 1544 695 1494 785 1616 717 1666 basketball-court 0.1319
487 1277 609 1247 647 1401 525 1431 basketball-court 0.1212
202 1026 341 1090 263 1258 124 1194 basketball-court 0.1043
108 721 116 560 283 569 275 730 basketball-court 0.1004
487 1277 609 1247 647 1401 525 1431 storage-tank 0.1077
