944 1115 945 1065 1014 1067 1012 1117 plane 0.5603
2332 1272 2417 1347 2344 1430 2259 1355 baseball-diamond 0.1247
2138 1432 2155 1437 2143 1480 2127 1475 large-vehicle 0.2237
294 1812 289 1796 354 1775 359 1792 large-vehicle 0.1501
553 1545 562 1528 637 1570 628 1586 large-vehicle 0.1120
541 1569 552 1554 613 1601 602 1616 large-vehicle 0.1037
204 1465 251 1444 299 1545 252 1567 tennis-court 0.1339
1527 243 1648 150 1802 350 1680 443 basketball-court 0.1143
2222 1614 2342 1657 2232 1964 2112 1920 basketball-court 0.1029
1413 828 1430 801 1460 820 1443 847 storage-tank 0.1796
1432 1877 1477 1881 1472 1937 1426 1933 storage-tank 0.1700
2328 1274 2415 1334 2351 1427 2264 1367 storage-tank 0.1027
1420 2039 1451 2041 1449 2089 1417 2087 swimming-pool 0.1036
