1510 718 1520 701 1593 748 1582 765 large-vehicle 0.1666
1098 681 1103 666 1161 689 1156 703 large-vehicle 0.1429
1614 1365 1630 1380 1578 1435 1563 1420 large-vehicle 0.1105
1499 759 1506 744 1579 779 1573 793 large-vehicle 0.1030
125 236 131 215 223 243 217 264 ship 0.7290
838 534 851 509 958 560 945 586 ship 0.6895
340 319 346 300 447 332 441 352 ship 0.6264
1638 731 1648 714 1734 765 1723 782 ship 0.6240
504 383 509 366 599 391 594 408 ship 0.6238
341 358 346 339 439 365 434 383 ship 0.5540
1296 627 1308 612 1349 644 1337 659 ship 0.5465
1621 763 1630 747 1714 793 1705 808 ship 0.5427
490 395 494 379 597 411 592 427 ship 0.5373
1582 818 1594 803 1662 859 1650 874 ship 0.5302
1597 793 1609 776 1690 832 1679 849 ship 0.5215
71 274 80 250 186 294 176 318 ship 0.5178
871 516 878 498 945 526 937 543 ship 0.4967
1511 719 1520 704 1596 748 1587 763 ship 0.4866
589 446 596 429 651 449 644 466 ship 0.4805
960 594 965 580 1020 601 1015 614 ship 0.4668
202 337 207 319 308 347 302 366 ship 0.4444
1391 617 1399 601 1479 642 1471 657 ship 0.4393
1379 653 1388 637 1462 678 1453 694 ship 0.4292
648 475 653 458 755 490 749 507 ship 0.4025
1543 871 1556 856 1613 906 1601 921 ship 0.3927
1551 838 1567 824 1628 889 1612 904 ship 0.3863
1373 678 1381 661 1459 698 1451 715 ship 0.3834
1201 605 1211 586 1315 637 1306 656 ship 0.3795
1499 759 1506 744 1579 779 1573 793 ship 0.3705
1307 607 1315 594 1355 618 1347 631 ship 0.3571
738 506 744 486 833 515 827 535 ship 0.3533
822 633 834 613 910 660 898 679 ship 0.3466
1158 655 1173 621 1459 748 1444 782 ship 0.3081
1572 827 1584 816 1640 873 1628 884 ship 0.3034
1614 782 1623 766 1702 812 1693 827 ship 0.2954
114 239 125 222 201 272 189 289 ship 0.2824
1494 769 1501 755 1573 795 1566 808 ship 0.2816
1180 668 1204 646 1284 734 1260 756 ship 0.2806
801 551 810 534 936 595 928 613 ship 0.2775
1113 637 1127 621 1191 678 1177 694 ship 0.2641
1489 788 1492 776 1575 805 1571 816 ship 0.2414
194 357 202 331 308 367 299 393 ship 0.2401
1590 807 1599 793 1677 841 1669 855 ship 0.2072
1379 632 1385 618 1469 651 1464 665 ship 0.2050
1506 742 1512 730 1583 769 1576 781 ship 0.2015
954 620 964 606 1018 643 1008 657 ship 0.1983
1181 625 1192 601 1464 731 1452 755 ship 0.1908
479 413 484 397 594 428 590 444 ship 0.1859
174 399 184 364 300 394 291 430 ship 0.1833
90 313 97 292 186 322 179 343 ship 0.1747
1101 679 1108 664 1173 693 1167 707 ship 0.1713
714 525 719 509 813 537 808 553 ship 0.1692
958 608 964 594 1018 617 1012 631 ship 0.1623
1487 799 1492 786 1568 820 1562 832 ship 0.1600
99 257 108 240 194 280 186 298 ship 0.1410
592 461 598 448 637 464 631 477 ship 0.1408
1477 813 1484 797 1557 829 1550 845 ship 0.1239
805 570 812 554 925 608 918 624 ship 0.1231
1352 678 1360 664 1473 726 1465 740 ship 0.1217
343 392 350 371 436 397 429 418 ship 0.1212
1279 763 1263 743 1347 673 1364 692 ship 0.1183
692 530 697 518 756 541 752 552 ship 0.1179
272 375 313 342 532 621 491 654 ship 0.1163
1462 824 1479 806 1535 860 1517 878 ship 0.1084
55 295 61 281 93 295 87 309 ship 0.1001
443 424 462 400 608 517 589 541 ship 0.1000
989 783 1054 828 948 977 884 932 basketball-court 0.1045
702 636 738 638 735 676 699 673 storage-tank 0.8999
605 589 640 589 641 624 606 625 storage-tank 0.8536
656 601 699 603 697 650 653 647 storage-tank 0.8470
574 562 603 564 601 593 572 592 storage-tank 0.7976
570 607 600 611 596 644 566 640 storage-tank 0.7630
744 629 779 632 776 674 741 671 storage-tank 0.6668
705 599 733 603 729 634 701 631 storage-tank 0.1498
951 682 970 606 1073 631 1053 708 harbor 0.2149
1142 668 1159 670 1145 766 1128 764 harbor 0.1619
1597 798 1606 780 1692 826 1683 843 harbor 0.1332
332 353 339 331 439 362 432 384 harbor 0.1267
1633 731 1644 712 1730 763 1718 782 harbor 0.1126
1619 765 1628 749 1711 800 1701 816 harbor 0.1121
63 268 71 247 188 290 180 312 harbor 0.1049
