7 128 15 110 500 325 492 343 bridge 0.2038
754 784 764 768 909 856 899 872 bridge 0.1507
2191 673 2279 688 2252 844 2165 829 bridge 0.1501
1388 711 1384 584 2169 562 2173 689 bridge 0.1287
505 355 505 332 719 335 719 358 bridge 0.1275
1900 880 1894 866 1954 838 1961 853 large-vehicle 0.2479
1799 893 1795 871 1876 859 1879 881 large-vehicle 0.2067
1810 928 1808 911 1877 903 1879 920 large-vehicle 0.2061
1812 909 1809 893 1877 879 1880 895 large-vehicle 0.1322
1600 2166 1613 2167 1605 2228 1592 2227 large-vehicle 0.1256
1504 2197 1515 2188 1542 2223 1530 2232 large-vehicle 0.1186
1817 980 1839 968 1883 1048 1861 1060 large-vehicle 0.1167
1829 941 1826 925 1874 915 1877 931 large-vehicle 0.1161
1597 674 1596 659 1646 658 1646 672 large-vehicle 0.1099
1200 2241 1223 2251 1184 2342 1161 2332 large-vehicle 0.1023
519 2354 550 2364 513 2482 482 2472 ship 0.5140
1630 906 1629 882 1713 880 1713 904 ship 0.4765
901 733 1117 795 772 1996 556 1935 ship 0.4651
1338 1147 1557 1227 1237 2115 1017 2035 ship 0.4004
1407 953 1419 944 1445 982 1433 990 ship 0.3966
1698 912 1692 889 1772 866 1779 890 ship 0.3297
1303 1195 1322 1199 1305 1280 1286 1277 ship 0.3263
381 1474 568 1540 308 2275 121 2209 ship 0.2817
967 1255 985 1262 958 1331 939 1323 ship 0.2348
1750 1423 1773 1436 1739 1495 1717 1482 ship 0.2331
1759 1162 1984 1208 1725 2482 1500 2436 ship 0.2169
1688 1488 1707 1493 1692 1552 1672 1547 ship 0.2136
1676 1606 1699 1619 1676 1662 1653 1650 ship 0.2098
1393 536 1406 520 1461 565 1448 581 ship 0.2047
1543 1400 1569 1412 1535 1485 1509 1472 ship 0.2020
1636 963 1630 948 1691 924 1697 940 ship 0.1816
1457 525 1465 514 1512 549 1504 561 ship 0.1799
1281 691 1290 675 1351 709 1342 724 ship 0.1796
1463 436 1476 428 1495 461 1482 469 ship 0.1717
1682 1677 1709 1686 1690 1743 1663 1734 ship 0.1716
1531 1957 1553 1963 1537 2014 1516 2007 ship 0.1666
1422 525 1431 513 1477 547 1468 558 ship 0.1580
391 2384 430 2390 424 2431 385 2426 ship 0.1505
1492 407 1508 410 1499 465 1483 463 ship 0.1496
1598 904 1616 913 1586 967 1569 957 ship 0.1474
1078 682 1086 553 2243 620 2236 749 ship 0.1471
1526 399 1540 408 1505 462 1490 453 ship 0.1454
1575 742 1574 724 1636 722 1637 740 ship 0.1337
1393 733 1394 714 1438 717 1436 736 ship 0.1324
1481 527 1488 518 1527 546 1520 556 ship 0.1304
1791 887 1791 865 1878 864 1878 886 ship 0.1304
1532 1911 1554 1915 1545 1970 1523 1966 ship 0.1273
814 162 829 165 822 214 806 211 ship 0.1214
1310 1192 1330 1191 1333 1259 1313 1260 ship 0.1200
1499 525 1503 518 1529 530 1525 537 ship 0.1194
1609 959 1600 887 2145 819 2155 891 ship 0.1181
416 2317 453 2321 449 2363 411 2359 ship 0.1174
1428 394 1446 384 1471 426 1454 437 ship 0.1159
1758 1542 1773 1552 1743 1598 1728 1588 ship 0.1154
1442 570 1452 560 1484 590 1475 600 ship 0.1126
1495 1323 1517 1309 1556 1372 1534 1386 ship 0.1100
1444 377 1449 357 1507 371 1502 392 ship 0.1098
1474 1605 1501 1618 1416 1792 1389 1779 ship 0.1084
1710 925 1705 908 1786 887 1790 904 ship 0.1070
1345 1185 1356 1170 1400 1204 1389 1218 ship 0.1037
1378 628 1395 636 1373 684 1356 676 ship 0.1029
480 2266 516 2268 514 2306 477 2304 storage-tank 0.7120
332 2362 370 2363 370 2404 331 2404 storage-tank 0.6959
390 2385 427 2386 426 2428 388 2426 storage-tank 0.6656
414 2318 454 2319 453 2361 413 2359 storage-tank 0.6582
423 2240 462 2242 460 2283 421 2281 storage-tank 0.5155
361 2293 404 2299 397 2346 354 2339 storage-tank 0.4621
768 1372 791 1373 790 1398 768 1397 storage-tank 0.2421
786 1381 809 1382 807 1407 784 1405 storage-tank 0.2274
746 1379 770 1377 772 1406 747 1408 storage-tank 0.1979
777 1350 799 1348 802 1375 780 1378 storage-tank 0.1778
365 2346 397 2350 393 2387 361 2383 storage-tank 0.1686
774 1401 799 1399 802 1426 777 1429 storage-tank 0.1621
817 1381 838 1381 839 1406 817 1407 storage-tank 0.1472
792 1329 812 1329 812 1357 793 1358 storage-tank 0.1316
801 1402 823 1407 817 1433 795 1428 storage-tank 0.1301
750 1359 769 1358 769 1383 751 1384 storage-tank 0.1289
561 1892 576 1883 592 1911 576 1919 storage-tank 0.1172
501 2195 525 2201 517 2231 494 2226 storage-tank 0.1120
771 1330 789 1329 790 1356 772 1357 storage-tank 0.1089
399 2268 431 2271 427 2305 396 2301 storage-tank 0.1057
244 1855 277 1854 278 1891 245 1892 storage-tank 0.1049
1172 666 1213 500 1552 584 1511 750 harbor 0.4438
-48 102 -29 65 514 337 496 374 harbor 0.2164
1388 1161 1589 1238 1009 2744 809 2667 harbor 0.1603
988 745 1157 819 423 2510 253 2437 harbor 0.1397
1791 700 1987 725 1780 2342 1584 2317 harbor 0.1345
1281 691 1290 675 1351 709 1342 724 harbor 0.1178
1633 934 1628 866 2134 825 2139 893 harbor 0.1122
1031 500 1028 469 1084 464 1087 494 harbor 0.1003
