497 966 493 942 541 934 545 959 plane 0.1196
2180 3366 2173 3341 2276 3313 2283 3338 large-vehicle 0.2159
2358 1173 2356 1151 2414 1146 2416 1168 large-vehicle 0.1059
1067 2325 1066 2309 1101 2306 1102 2322 large-vehicle 0.1031
2012 1360 2036 1358 2043 1417 2019 1419 large-vehicle 0.1017
1550 1580 1582 1579 1585 1674 1553 1675 ship 0.6793
1579 1334 1609 1329 1624 1419 1593 1424 ship 0.6768
1635 1581 1665 1576 1681 1671 1650 1676 ship 0.6672
1425 1235 1451 1233 1458 1314 1431 1316 ship 0.6591
1727 2791 1763 2788 1772 2887 1736 2890 ship 0.6542
1562 1708 1591 1706 1598 1791 1568 1793 ship 0.6481
1658 1333 1685 1328 1700 1406 1673 1412 ship 0.6434
1621 2804 1657 2801 1665 2899 1629 2902 ship 0.6424
1384 1920 1420 1913 1444 2022 1408 2029 ship 0.6398
1552 2721 1577 2719 1585 2789 1560 2792 ship 0.6312
1647 1698 1670 1695 1677 1762 1654 1764 ship 0.6306
1468 1235 1498 1229 1514 1312 1485 1318 ship 0.6302
1472 1715 1503 1713 1507 1798 1477 1800 ship 0.6253
1721 2697 1746 2696 1750 2762 1725 2763 ship 0.6226
954 735 978 699 1086 772 1062 808 ship 0.6136
1526 1342 1553 1336 1573 1420 1545 1426 ship 0.6086
1481 1354 1509 1349 1525 1440 1498 1445 ship 0.6082
1695 1699 1725 1696 1735 1783 1705 1786 ship 0.5989
1844 2770 1872 2769 1875 2842 1847 2843 ship 0.5981
1716 1575 1743 1570 1757 1643 1730 1648 ship 0.5980
1742 1321 1773 1315 1792 1410 1761 1416 ship 0.5956
1811 2680 1843 2678 1847 2751 1814 2752 ship 0.5942
1851 1842 1879 1840 1888 1925 1860 1928 ship 0.5939
1804 1552 1842 1547 1856 1649 1818 1655 ship 0.5904
1467 1600 1500 1598 1506 1680 1474 1683 ship 0.5872
1433 1355 1460 1349 1477 1429 1450 1435 ship 0.5817
1523 1225 1553 1224 1557 1304 1527 1306 ship 0.5782
1539 2559 1544 2523 1663 2540 1658 2576 ship 0.5660
1772 2090 1794 2094 1782 2154 1760 2149 ship 0.5612
1785 3012 1783 2981 1876 2974 1878 3005 ship 0.5568
1776 1688 1803 1687 1808 1761 1781 1762 ship 0.5537
1642 2699 1666 2706 1646 2770 1622 2763 ship 0.5532
668 715 698 689 786 791 756 818 ship 0.5518
1896 2772 1928 2768 1937 2858 1906 2862 ship 0.5483
1492 2430 1494 2394 1599 2397 1598 2433 ship 0.5454
1512 2634 1513 2592 1643 2595 1642 2637 ship 0.5444
1691 1866 1719 1867 1716 1942 1687 1941 ship 0.5420
1766 1567 1797 1563 1807 1647 1775 1650 ship 0.5396
1150 840 1174 857 1129 922 1105 906 ship 0.5378
1521 2809 1552 2806 1560 2913 1529 2915 ship 0.5372
1689 1576 1716 1572 1728 1647 1701 1651 ship 0.5240
1402 1594 1440 1588 1455 1685 1418 1691 ship 0.5178
1500 2718 1527 2716 1531 2784 1504 2785 ship 0.5166
1764 1868 1787 1868 1786 1929 1764 1929 ship 0.5132
826 643 848 612 931 668 909 700 ship 0.5132
1088 792 1113 808 1077 864 1052 848 ship 0.5016
1195 867 1220 882 1176 954 1151 939 ship 0.5010
1686 2696 1709 2702 1694 2764 1671 2758 ship 0.4966
1420 1013 1444 1030 1397 1097 1373 1080 ship 0.4937
1472 1900 1496 1900 1495 1976 1471 1975 ship 0.4933
1446 1902 1471 1900 1479 1975 1454 1978 ship 0.4916
1463 1039 1488 1057 1438 1127 1413 1108 ship 0.4896
1380 1364 1410 1357 1432 1447 1402 1454 ship 0.4878
1291 1721 1320 1709 1349 1787 1320 1798 ship 0.4857
1844 2086 1865 2088 1859 2149 1838 2147 ship 0.4825
1865 2682 1889 2686 1877 2745 1854 2741 ship 0.4811
813 877 837 857 887 914 864 935 ship 0.4802
1416 2162 1446 2156 1461 2235 1431 2241 ship 0.4799
1809 1861 1835 1862 1832 1936 1807 1935 ship 0.4795
1615 1233 1637 1233 1638 1298 1615 1298 ship 0.4759
1699 2087 1722 2089 1716 2154 1693 2152 ship 0.4718
1563 1899 1589 1901 1584 1969 1557 1967 ship 0.4639
1254 907 1275 922 1231 982 1210 967 ship 0.4609
1433 2347 1472 2349 1467 2431 1429 2429 ship 0.4598
1848 2139 1872 2142 1862 2214 1838 2211 ship 0.4552
1688 1970 1711 1970 1712 2031 1690 2032 ship 0.4515
1796 1313 1826 1312 1827 1415 1797 1415 ship 0.4514
1380 1241 1409 1242 1407 1318 1378 1317 ship 0.4473
1586 1230 1609 1232 1604 1295 1581 1293 ship 0.4457
1856 1953 1879 1951 1885 2012 1861 2014 ship 0.4440
1786 1865 1807 1867 1800 1925 1779 1923 ship 0.4430
1719 1329 1748 1325 1760 1414 1731 1418 ship 0.4385
1748 2292 1773 2291 1777 2371 1752 2372 ship 0.4316
1625 2380 1646 2383 1639 2437 1618 2434 ship 0.4300
1760 1967 1778 1966 1782 2017 1763 2018 ship 0.4241
1294 926 1317 944 1265 1009 1243 991 ship 0.4236
1706 2695 1730 2698 1720 2765 1696 2762 ship 0.4231
1596 1576 1623 1574 1628 1654 1601 1656 ship 0.4126
1321 948 1345 961 1307 1029 1283 1016 ship 0.3999
1827 2363 1843 2363 1843 2403 1827 2403 ship 0.3932
1826 1695 1853 1693 1857 1763 1831 1764 ship 0.3899
1745 1572 1773 1570 1779 1646 1751 1648 ship 0.3861
1723 2298 1748 2303 1737 2359 1713 2354 ship 0.3858
1665 2583 1688 2576 1702 2627 1679 2633 ship 0.3761
1819 2292 1839 2293 1835 2352 1815 2351 ship 0.3753
1706 1238 1724 1240 1718 1288 1700 1286 ship 0.3747
1570 2815 1595 2814 1597 2887 1572 2887 ship 0.3746
1701 2179 1723 2178 1727 2237 1705 2238 ship 0.3739
1686 1336 1712 1334 1718 1412 1692 1414 ship 0.3728
1730 1866 1751 1867 1747 1929 1726 1928 ship 0.3718
1832 2086 1851 2091 1835 2145 1816 2139 ship 0.3628
1184 1533 1219 1532 1221 1622 1186 1623 ship 0.3602
1508 1899 1532 1904 1518 1968 1494 1963 ship 0.3596
1527 1895 1548 1897 1540 1961 1519 1958 ship 0.3518
1641 2380 1660 2381 1656 2434 1637 2433 ship 0.3456
1633 1707 1651 1708 1648 1748 1630 1747 ship 0.3440
1694 1237 1711 1241 1697 1290 1680 1285 ship 0.3379
1655 2383 1673 2381 1678 2429 1660 2431 ship 0.3371
1598 2386 1616 2381 1628 2432 1609 2437 ship 0.3338
1860 2088 1880 2089 1877 2149 1857 2148 ship 0.3337
1499 2114 1517 2118 1506 2163 1489 2159 ship 0.3327
1099 1447 1085 1419 1155 1386 1168 1414 ship 0.3320
1889 2958 1908 2957 1911 3003 1892 3004 ship 0.3299
1887 2288 1908 2289 1906 2349 1885 2348 ship 0.3268
1221 882 1240 897 1193 959 1174 944 ship 0.3238
1842 2490 1860 2491 1856 2538 1838 2537 ship 0.3178
1527 2176 1550 2176 1551 2236 1528 2237 ship 0.3169
1503 1985 1521 1984 1526 2036 1509 2038 ship 0.3164
1781 1968 1798 1970 1794 2012 1777 2010 ship 0.3151
1668 1707 1692 1705 1699 1767 1675 1769 ship 0.3112
1408 1717 1430 1712 1441 1765 1419 1769 ship 0.3103
1479 2120 1497 2121 1495 2170 1477 2169 ship 0.3078
1692 2582 1712 2578 1722 2626 1703 2630 ship 0.2995
1198 2219 1210 2202 1247 2228 1235 2245 ship 0.2993
1597 2184 1617 2186 1612 2234 1592 2232 ship 0.2845
1651 1329 1673 1333 1662 1393 1640 1389 ship 0.2838
1947 2768 1975 2768 1975 2841 1947 2841 ship 0.2785
1276 916 1295 931 1247 991 1228 976 ship 0.2775
1114 814 1134 830 1091 882 1071 865 ship 0.2702
1716 2581 1732 2576 1746 2621 1729 2626 ship 0.2696
1683 2184 1702 2190 1688 2235 1669 2229 ship 0.2693
1534 1989 1552 1989 1553 2035 1535 2036 ship 0.2688
1276 2390 1295 2399 1272 2449 1253 2441 ship 0.2668
1545 1711 1569 1711 1567 1780 1544 1780 ship 0.2633
1468 1345 1494 1346 1491 1430 1465 1429 ship 0.2625
1652 1982 1670 1985 1664 2033 1646 2030 ship 0.2601
1795 1968 1811 1969 1809 2008 1793 2007 ship 0.2574
1884 2691 1905 2694 1898 2753 1877 2751 ship 0.2574
1734 2381 1753 2381 1751 2433 1733 2432 ship 0.2574
1900 2489 1914 2489 1917 2528 1902 2528 ship 0.2546
1529 1598 1558 1599 1556 1672 1528 1671 ship 0.2542
1615 1327 1640 1330 1631 1394 1606 1390 ship 0.2511
1224 2352 1247 2358 1229 2419 1206 2412 ship 0.2491
1865 2488 1882 2494 1866 2535 1850 2529 ship 0.2476
1469 1972 1490 1969 1498 2037 1477 2040 ship 0.2448
1383 986 1401 1000 1365 1044 1347 1030 ship 0.2448
1738 1955 1756 1954 1758 1998 1739 1999 ship 0.2414
1706 2322 1723 2326 1714 2363 1697 2359 ship 0.2404
1691 2393 1707 2393 1706 2431 1690 2431 ship 0.2394
1757 1908 1773 1909 1769 1949 1753 1948 ship 0.2378
1596 2106 1612 2111 1598 2157 1582 2152 ship 0.2367
1895 2353 1915 2349 1925 2403 1906 2407 ship 0.2360
1531 2107 1546 2110 1537 2156 1522 2153 ship 0.2340
1802 1690 1830 1688 1834 1759 1806 1761 ship 0.2338
1876 2086 1895 2085 1899 2147 1880 2148 ship 0.2337
1727 2518 1743 2514 1754 2553 1738 2557 ship 0.2329
1594 1982 1611 1984 1607 2030 1590 2028 ship 0.2326
1574 1984 1592 1985 1589 2033 1571 2032 ship 0.2315
1418 1348 1441 1348 1442 1427 1419 1427 ship 0.2280
1851 1707 1872 1707 1872 1761 1850 1760 ship 0.2268
1920 2706 1939 2706 1939 2752 1920 2752 ship 0.2222
1472 2169 1495 2170 1493 2232 1469 2231 ship 0.2209
1645 1903 1665 1910 1651 1951 1631 1945 ship 0.2204
1649 2184 1668 2188 1656 2232 1638 2227 ship 0.2196
1612 1985 1628 1988 1622 2029 1606 2026 ship 0.2175
1794 2158 1815 2161 1809 2210 1788 2207 ship 0.2161
1465 2119 1483 2122 1474 2172 1456 2169 ship 0.2109
1774 2297 1793 2297 1795 2355 1776 2356 ship 0.2082
1835 1859 1858 1859 1856 1934 1832 1933 ship 0.2074
1823 2167 1843 2167 1843 2209 1823 2209 ship 0.2065
1440 1983 1461 1980 1469 2043 1448 2046 ship 0.2064
1756 2171 1773 2173 1767 2214 1750 2212 ship 0.2041
1524 2011 1537 2010 1539 2040 1525 2040 ship 0.2038
1861 2357 1878 2356 1880 2400 1863 2401 ship 0.1982
1371 969 1388 981 1354 1031 1337 1019 ship 0.1960
1614 1952 1628 1957 1617 1990 1602 1985 ship 0.1949
1658 2105 1673 2110 1657 2153 1642 2147 ship 0.1923
1741 2181 1757 2185 1749 2221 1733 2217 ship 0.1919
1666 2349 1680 2348 1683 2379 1668 2380 ship 0.1915
1123 1475 1140 1462 1169 1499 1151 1512 ship 0.1907
1726 1669 1745 1668 1747 1716 1729 1717 ship 0.1907
1910 2964 1924 2963 1927 3005 1913 3006 ship 0.1905
1712 2402 1726 2404 1723 2431 1709 2429 ship 0.1902
1616 2128 1632 2135 1613 2178 1597 2171 ship 0.1901
1554 1225 1581 1221 1590 1282 1563 1286 ship 0.1881
1794 2724 1814 2732 1798 2773 1778 2765 ship 0.1868
1632 2537 1643 2512 1711 2542 1700 2567 ship 0.1862
1343 970 1363 985 1330 1028 1310 1013 ship 0.1861
1562 2105 1577 2109 1565 2151 1550 2147 ship 0.1819
1592 1936 1609 1941 1595 1986 1578 1980 ship 0.1806
1614 1905 1635 1908 1628 1956 1607 1953 ship 0.1784
1716 1273 1729 1277 1720 1310 1706 1306 ship 0.1758
1550 2190 1569 2191 1565 2235 1546 2234 ship 0.1751
1640 2590 1659 2577 1685 2615 1667 2628 ship 0.1718
1403 994 1421 1007 1382 1062 1363 1048 ship 0.1717
1797 2509 1813 2511 1809 2554 1793 2552 ship 0.1696
1278 2543 1298 2545 1292 2598 1272 2595 ship 0.1691
1226 2102 1245 2100 1251 2152 1232 2154 ship 0.1661
1835 1675 1852 1667 1874 1711 1857 1719 ship 0.1655
1515 2193 1534 2195 1529 2236 1511 2234 ship 0.1650
1940 2704 1958 2699 1969 2739 1952 2744 ship 0.1648
1730 1970 1746 1974 1735 2018 1718 2013 ship 0.1644
605 668 618 654 656 691 643 704 ship 0.1644
1867 2962 1883 2956 1898 2997 1881 3002 ship 0.1643
1529 2745 1552 2749 1541 2806 1519 2802 ship 0.1611
1696 2531 1715 2528 1722 2572 1703 2575 ship 0.1607
1589 1709 1615 1707 1619 1774 1593 1776 ship 0.1594
1497 1603 1522 1599 1531 1656 1505 1660 ship 0.1582
1902 2545 1917 2542 1925 2581 1909 2584 ship 0.1574
1581 2752 1603 2752 1603 2804 1580 2804 ship 0.1571
1714 2275 1729 2272 1735 2297 1720 2301 ship 0.1548
1742 1282 1757 1284 1753 1323 1738 1321 ship 0.1544
1620 2199 1637 2199 1637 2235 1619 2235 ship 0.1544
1684 2009 1697 2010 1694 2039 1681 2037 ship 0.1537
1652 1278 1668 1285 1652 1321 1636 1314 ship 0.1535
783 973 805 972 808 1013 786 1015 ship 0.1516
1379 1309 1400 1307 1407 1364 1385 1367 ship 0.1501
1750 2375 1769 2375 1769 2430 1751 2430 ship 0.1493
1843 2538 1857 2535 1863 2571 1848 2573 ship 0.1491
1736 2134 1753 2141 1735 2180 1719 2172 ship 0.1490
1895 2132 1916 2133 1913 2199 1892 2198 ship 0.1489
1712 2133 1728 2138 1715 2180 1698 2174 ship 0.1486
1739 2579 1754 2574 1769 2614 1754 2620 ship 0.1477
1389 1686 1407 1677 1428 1717 1410 1726 ship 0.1470
1749 2516 1764 2514 1771 2556 1756 2558 ship 0.1460
1687 2134 1701 2142 1681 2176 1668 2168 ship 0.1458
1722 1251 1736 1252 1734 1286 1720 1285 ship 0.1442
1910 2494 1924 2491 1932 2524 1918 2527 ship 0.1434
1904 2110 1921 2106 1932 2154 1915 2157 ship 0.1432
1170 809 1185 803 1202 846 1188 852 ship 0.1425
1834 2790 1856 2795 1844 2845 1823 2840 ship 0.1412
1427 1903 1453 1907 1442 1971 1416 1967 ship 0.1411
1821 2534 1836 2534 1835 2572 1820 2572 ship 0.1408
1649 1954 1665 1958 1656 1992 1640 1988 ship 0.1386
1819 2413 1833 2408 1841 2431 1828 2436 ship 0.1377
1799 2376 1813 2378 1808 2413 1794 2411 ship 0.1374
1786 2768 1810 2768 1808 2817 1785 2816 ship 0.1374
1866 2536 1882 2535 1884 2571 1868 2572 ship 0.1365
1788 2335 1805 2338 1798 2382 1781 2379 ship 0.1349
1663 1872 1691 1870 1696 1925 1667 1927 ship 0.1345
984 1424 976 1403 1029 1386 1036 1407 ship 0.1329
1514 3066 1524 3052 1565 3082 1554 3096 ship 0.1307
1912 2089 1928 2085 1939 2132 1924 2136 ship 0.1300
1892 1730 1915 1727 1922 1784 1899 1787 ship 0.1296
1889 1418 1909 1410 1926 1452 1906 1460 ship 0.1273
1120 1452 1127 1432 1169 1447 1162 1467 ship 0.1273
724 908 736 897 771 936 759 947 ship 0.1270
1859 1680 1871 1672 1890 1698 1879 1707 ship 0.1269
1559 2011 1572 2009 1575 2038 1562 2040 ship 0.1263
1655 2322 1667 2310 1687 2330 1676 2342 ship 0.1250
1912 1975 1928 1973 1933 2003 1917 2006 ship 0.1231
1765 1666 1783 1667 1781 1716 1763 1715 ship 0.1218
1785 1307 1805 1309 1799 1367 1779 1364 ship 0.1215
1603 1268 1622 1274 1607 1319 1588 1313 ship 0.1206
1922 2743 1943 2740 1950 2788 1929 2791 ship 0.1199
500 541 514 533 531 561 516 569 ship 0.1183
1835 2419 1849 2414 1857 2438 1844 2443 ship 0.1178
1897 2730 1920 2732 1915 2786 1893 2784 ship 0.1172
1965 2807 1985 2802 1997 2846 1978 2852 ship 0.1170
1355 1251 1375 1256 1365 1298 1345 1294 ship 0.1170
1488 1039 1504 1041 1497 1081 1481 1079 ship 0.1165
1899 1852 1921 1848 1933 1907 1912 1911 ship 0.1152
1160 1506 1179 1500 1191 1540 1172 1546 ship 0.1151
1569 3073 1582 3064 1604 3100 1591 3108 ship 0.1146
1451 1745 1476 1741 1482 1787 1458 1791 ship 0.1140
846 1008 869 1012 861 1054 839 1050 ship 0.1106
1426 1994 1446 1994 1445 2043 1425 2042 ship 0.1101
1855 2576 1868 2567 1889 2598 1875 2606 ship 0.1095
1472 2048 1482 2044 1492 2066 1481 2070 ship 0.1092
1913 1444 1927 1434 1948 1465 1935 1474 ship 0.1088
1593 3084 1609 3080 1616 3113 1601 3116 ship 0.1074
773 1575 771 1561 802 1557 804 1570 ship 0.1066
1831 2577 1844 2569 1863 2600 1850 2608 ship 0.1055
1809 2575 1822 2566 1844 2599 1831 2608 ship 0.1054
1512 1051 1529 1045 1543 1089 1526 1094 ship 0.1048
1067 2257 1061 2240 1101 2225 1108 2242 ship 0.1047
1623 1654 1640 1656 1636 1688 1619 1686 ship 0.1035
1880 1325 1895 1316 1920 1357 1905 1366 ship 0.1025
1691 2081 1706 2083 1703 2113 1688 2111 ship 0.1020
1931 2069 1945 2066 1954 2104 1940 2108 ship 0.1019
1731 1272 1746 1273 1744 1307 1729 1306 ship 0.1011
1340 2050 1329 1894 1932 1853 1943 2009 harbor 0.6287
1352 1788 1342 1605 1930 1573 1940 1756 harbor 0.6128
1409 2847 1437 2638 2004 2714 1977 2922 harbor 0.5994
1337 1426 1339 1234 1881 1241 1879 1433 harbor 0.5685
1398 2235 1398 2093 1906 2093 1906 2235 harbor 0.4130
1495 2485 1456 2333 1818 2242 1857 2394 harbor 0.3853
1522 2654 1504 2524 1882 2471 1900 2601 harbor 0.3254
1020 911 1076 790 1525 997 1469 1118 harbor 0.1973
489 706 582 627 1078 1208 985 1288 harbor 0.1239
1434 1891 1433 1760 1888 1757 1889 1888 harbor 0.1202
2268 582 2290 578 2303 640 2282 645 swimming-pool 0.1028
