2496 302 2772 316 2682 2100 2406 2086 bridge 0.1204
2838 3638 2870 3147 5332 3305 5300 3796 bridge 0.1102
4446 3559 4458 3518 4553 3546 4541 3587 small-vehicle 0.1089
3775 3395 3794 3380 3839 3435 3821 3451 large-vehicle 0.1130
3733 3393 3756 3378 3799 3441 3776 3456 large-vehicle 0.1088
1984 1990 2042 1985 2057 2145 1999 2151 ship 0.6500
2193 1979 2246 1963 2292 2121 2239 2136 ship 0.6498
3738 2351 3784 2347 3795 2477 3749 2481 ship 0.5863
1671 1679 1720 1679 1719 1810 1671 1810 ship 0.5820
2081 1978 2136 1967 2170 2137 2115 2148 ship 0.5812
1710 1530 1758 1534 1749 1653 1702 1650 ship 0.5774
1204 691 1252 690 1254 815 1205 816 ship 0.5726
1583 1541 1631 1536 1642 1653 1594 1657 ship 0.5697
2035 1634 2082 1628 2094 1738 2047 1743 ship 0.5654
1670 664 1713 665 1710 774 1667 773 ship 0.5532
1875 1163 1918 1161 1923 1282 1880 1284 ship 0.5483
2145 1621 2191 1612 2213 1727 2167 1736 ship 0.5410
2145 1006 2184 1006 2186 1109 2147 1110 ship 0.5361
1788 1660 1833 1650 1860 1774 1815 1784 ship 0.5354
1074 700 1122 698 1126 819 1079 821 ship 0.5333
1485 1549 1530 1552 1523 1657 1478 1653 ship 0.5314
1790 1509 1829 1510 1826 1614 1787 1613 ship 0.5302
2198 1448 2237 1452 2225 1564 2187 1560 ship 0.5302
3531 2427 3577 2411 3617 2526 3571 2542 ship 0.5237
2054 1012 2092 1011 2092 1120 2055 1120 ship 0.5228
1769 1044 1809 1052 1787 1155 1747 1147 ship 0.5192
1429 806 1475 812 1461 921 1415 915 ship 0.5138
2299 1446 2343 1443 2351 1559 2308 1562 ship 0.5102
1516 805 1556 805 1556 903 1516 903 ship 0.5073
1600 1201 1641 1212 1614 1319 1572 1308 ship 0.5069
2333 1931 2392 1921 2417 2081 2359 2091 ship 0.5067
3408 2473 3449 2470 3456 2580 3416 2583 ship 0.5032
1765 1184 1811 1190 1797 1301 1751 1295 ship 0.4982
1372 657 1421 661 1412 790 1363 787 ship 0.4918
1918 1653 1961 1651 1967 1761 1924 1763 ship 0.4900
1483 671 1521 678 1502 771 1465 763 ship 0.4868
1857 1503 1896 1505 1890 1617 1851 1615 ship 0.4860
1860 1664 1901 1656 1921 1760 1880 1768 ship 0.4838
1836 649 1877 664 1839 765 1798 750 ship 0.4761
1956 1650 2000 1649 2002 1755 1958 1756 ship 0.4752
1574 673 1613 678 1597 778 1559 772 ship 0.4735
1905 1502 1944 1501 1946 1610 1907 1610 ship 0.4666
2022 1160 2066 1165 2054 1263 2010 1258 ship 0.4663
1467 810 1509 814 1499 912 1457 908 ship 0.4643
3459 2442 3503 2423 3554 2541 3510 2560 ship 0.4641
2325 1601 2366 1607 2350 1719 2308 1713 ship 0.4638
2072 1155 2114 1161 2100 1258 2058 1252 ship 0.4606
2030 1011 2064 1014 2056 1116 2022 1113 ship 0.4499
1877 753 1921 759 1908 863 1864 858 ship 0.4499
1568 1700 1614 1699 1617 1813 1571 1814 ship 0.4449
1384 814 1424 819 1412 921 1372 916 ship 0.4427
1713 2039 1768 2029 1795 2172 1739 2182 ship 0.4418
2371 1603 2410 1605 2403 1709 2365 1707 ship 0.4417
2288 1604 2328 1612 2307 1721 2266 1713 ship 0.4407
2174 1147 2214 1155 2197 1247 2157 1240 ship 0.4390
2130 1983 2180 1973 2212 2124 2162 2134 ship 0.4354
1669 1057 1709 1063 1689 1174 1650 1167 ship 0.4316
3942 2337 3982 2335 3988 2428 3949 2430 ship 0.4262
1980 746 2021 754 2005 846 1964 838 ship 0.4256
1517 669 1555 676 1536 774 1498 767 ship 0.4247
2356 1450 2392 1454 2380 1555 2344 1551 ship 0.4238
1440 1197 1482 1203 1463 1329 1420 1323 ship 0.4211
2114 1150 2153 1158 2136 1248 2097 1240 ship 0.4200
2005 1494 2043 1497 2035 1595 1997 1592 ship 0.4144
2400 1608 2433 1607 2434 1702 2401 1702 ship 0.4125
1966 629 2002 635 1986 731 1949 725 ship 0.4113
1952 2014 2002 2022 1982 2148 1932 2140 ship 0.4075
956 716 1003 704 1036 836 990 848 ship 0.4073
2112 1009 2149 1011 2142 1113 2105 1111 ship 0.4019
1341 697 1384 705 1365 812 1322 804 ship 0.4012
1960 1497 1999 1497 1998 1595 1960 1595 ship 0.3982
1368 1101 1401 1100 1403 1213 1369 1213 ship 0.3977
4325 2707 4353 2702 4365 2768 4337 2773 ship 0.3967
1964 1169 2005 1171 2003 1265 1961 1264 ship 0.3962
2301 1012 2334 1015 2327 1098 2294 1095 ship 0.3955
1137 850 1178 858 1159 959 1119 952 ship 0.3942
1476 1100 1511 1109 1485 1208 1450 1199 ship 0.3936
2256 1002 2292 1003 2288 1095 2252 1094 ship 0.3913
1857 663 1893 666 1887 745 1851 743 ship 0.3908
969 888 1017 887 1019 1019 970 1020 ship 0.3901
2330 1130 2365 1136 2351 1216 2316 1210 ship 0.3892
1716 777 1757 773 1767 874 1726 878 ship 0.3879
2059 622 2096 628 2080 726 2043 720 ship 0.3878
923 872 974 870 980 1026 929 1028 ship 0.3838
1672 787 1713 784 1719 883 1678 886 ship 0.3831
2152 718 2190 719 2188 815 2150 814 ship 0.3817
2127 719 2163 728 2139 825 2104 816 ship 0.3807
1563 1073 1598 1075 1592 1176 1558 1174 ship 0.3803
1870 1044 1909 1054 1884 1157 1845 1148 ship 0.3799
2123 1452 2166 1463 2136 1584 2092 1573 ship 0.3730
2218 1138 2258 1145 2241 1245 2201 1238 ship 0.3677
1982 1024 2017 1028 2006 1128 1971 1124 ship 0.3657
2149 2260 2176 2231 2270 2317 2244 2346 ship 0.3657
2026 623 2061 630 2042 731 2006 724 ship 0.3639
1773 766 1816 770 1806 872 1762 867 ship 0.3630
842 850 893 845 910 1022 859 1027 ship 0.3624
1994 406 2030 423 1991 504 1956 487 ship 0.3619
4408 2893 4437 2890 4446 2975 4417 2978 ship 0.3576
1880 409 1924 417 1907 514 1863 506 ship 0.3550
1618 801 1658 800 1660 891 1619 892 ship 0.3547
1424 1106 1453 1112 1434 1203 1405 1197 ship 0.3542
1260 809 1306 803 1322 920 1276 926 ship 0.3516
1757 1542 1796 1549 1781 1641 1742 1635 ship 0.3493
1628 671 1667 675 1658 770 1620 767 ship 0.3469
2052 1987 2102 1983 2113 2136 2063 2140 ship 0.3457
1367 1700 1422 1698 1426 1830 1370 1832 ship 0.3451
1744 416 1791 408 1811 518 1764 527 ship 0.3447
1674 1195 1718 1202 1701 1311 1656 1304 ship 0.3432
2265 1110 2307 1113 2298 1222 2257 1219 ship 0.3422
1729 1053 1766 1060 1748 1159 1710 1151 ship 0.3399
1815 1045 1851 1053 1830 1148 1794 1140 ship 0.3398
2101 619 2138 622 2130 715 2093 712 ship 0.3360
4989 2803 5028 2801 5033 2887 4994 2889 ship 0.3314
4604 2291 4644 2295 4634 2380 4593 2375 ship 0.3300
1531 1086 1564 1090 1552 1185 1518 1180 ship 0.3287
1560 809 1598 808 1600 893 1563 894 ship 0.3256
1781 665 1817 660 1827 732 1791 737 ship 0.3242
2139 616 2177 614 2181 707 2143 709 ship 0.3241
1393 1553 1435 1562 1413 1669 1370 1660 ship 0.3164
2193 1010 2228 1010 2230 1100 2194 1101 ship 0.3156
1932 658 1967 662 1958 731 1924 726 ship 0.3134
1276 1100 1316 1095 1329 1213 1289 1218 ship 0.3092
1033 734 1074 742 1052 856 1011 848 ship 0.3089
1313 814 1355 814 1355 920 1312 920 ship 0.3067
1920 763 1959 771 1942 856 1903 849 ship 0.3065
1819 753 1863 759 1848 863 1804 857 ship 0.3064
1923 399 1965 410 1941 505 1898 494 ship 0.3044
2205 1617 2248 1614 2256 1733 2212 1736 ship 0.3014
2200 721 2237 722 2235 806 2198 805 ship 0.3004
2266 725 2303 726 2301 809 2264 808 ship 0.2967
3862 2746 3895 2753 3877 2838 3844 2831 ship 0.2924
1169 838 1214 842 1203 947 1158 942 ship 0.2922
2075 695 2113 705 2084 808 2046 797 ship 0.2918
1647 1538 1691 1539 1687 1648 1643 1646 ship 0.2875
4526 2649 4563 2655 4547 2748 4511 2741 ship 0.2855
2266 1441 2302 1447 2284 1550 2248 1544 ship 0.2844
1695 453 1735 443 1754 523 1714 533 ship 0.2836
2061 1496 2097 1503 2081 1586 2045 1578 ship 0.2827
1823 1160 1866 1163 1860 1274 1816 1272 ship 0.2819
1368 1202 1414 1208 1397 1334 1351 1328 ship 0.2815
1624 457 1665 436 1706 516 1664 537 ship 0.2806
1322 1228 1365 1231 1357 1343 1314 1340 ship 0.2762
903 725 950 722 960 861 913 865 ship 0.2759
3984 2949 4013 2939 4039 3022 4009 3031 ship 0.2739
1919 1043 1954 1050 1936 1147 1901 1140 ship 0.2737
3955 2727 3994 2728 3991 2825 3953 2824 ship 0.2715
4579 2872 4609 2870 4614 2957 4584 2959 ship 0.2707
5039 2785 5073 2785 5074 2875 5041 2876 ship 0.2675
3013 2520 3057 2527 3036 2656 2992 2649 ship 0.2669
3448 3007 3478 3007 3479 3094 3449 3095 ship 0.2647
1104 856 1141 864 1117 965 1081 956 ship 0.2638
1622 1068 1655 1074 1637 1170 1604 1164 ship 0.2626
2364 1155 2395 1159 2385 1223 2354 1218 ship 0.2596
2110 1630 2150 1629 2152 1729 2112 1730 ship 0.2564
2022 744 2060 752 2041 837 2003 829 ship 0.2550
4826 2643 4852 2640 4862 2713 4837 2717 ship 0.2529
2324 996 2358 995 2359 1078 2325 1079 ship 0.2527
1213 836 1254 838 1250 933 1209 931 ship 0.2508
4279 2904 4308 2901 4317 2986 4288 2989 ship 0.2482
1013 850 1058 853 1050 977 1005 974 ship 0.2479
3542 2785 3572 2787 3566 2880 3536 2878 ship 0.2457
3122 2523 3158 2519 3168 2618 3133 2622 ship 0.2422
4607 2855 4635 2847 4659 2937 4631 2944 ship 0.2409
3497 2781 3534 2777 3546 2891 3509 2895 ship 0.2379
4452 2888 4479 2890 4474 2969 4446 2967 ship 0.2376
4590 2685 4617 2691 4606 2750 4578 2744 ship 0.2314
1456 1698 1509 1709 1483 1833 1431 1822 ship 0.2278
1805 409 1849 410 1846 512 1802 510 ship 0.2233
1822 2014 1873 2016 1869 2161 1818 2160 ship 0.2206
2073 407 2101 422 2067 483 2039 467 ship 0.2204
2151 2334 2172 2301 2239 2341 2218 2375 ship 0.2174
1704 670 1739 666 1747 732 1711 736 ship 0.2172
1532 1210 1572 1221 1545 1318 1505 1307 ship 0.2172
3439 2798 3471 2792 3491 2892 3459 2898 ship 0.2168
4560 2678 4586 2683 4574 2743 4548 2737 ship 0.2164
1757 1676 1798 1678 1793 1789 1752 1787 ship 0.2147
2194 620 2235 610 2257 702 2216 712 ship 0.2144
3931 2942 3963 2938 3973 3024 3941 3028 ship 0.2135
3293 2490 3330 2481 3360 2606 3322 2615 ship 0.2113
4132 2066 4173 2061 4182 2140 4142 2145 ship 0.2064
4357 2897 4387 2897 4389 2987 4359 2988 ship 0.2036
3611 2988 3638 2989 3637 3064 3610 3064 ship 0.2026
2123 412 2152 422 2132 481 2103 472 ship 0.2014
3591 2770 3624 2774 3613 2868 3580 2865 ship 0.1982
3909 2945 3937 2944 3938 3014 3910 3015 ship 0.1977
1706 1655 1750 1650 1761 1753 1717 1758 ship 0.1965
2435 1937 2474 1939 2470 2047 2431 2046 ship 0.1963
1731 1144 1773 1150 1757 1252 1715 1245 ship 0.1943
4282 2696 4318 2686 4338 2762 4302 2772 ship 0.1928
2405 2156 2421 2123 2493 2157 2477 2190 ship 0.1922
3039 2862 3076 2861 3078 2967 3040 2968 ship 0.1901
5092 2003 5117 1981 5189 2063 5163 2085 ship 0.1887
1418 698 1463 711 1433 816 1389 803 ship 0.1812
2989 2827 3026 2836 3005 2924 2968 2915 ship 0.1783
2993 2536 3027 2549 2991 2641 2957 2628 ship 0.1748
3275 2484 3309 2484 3310 2595 3276 2595 ship 0.1644
2222 2258 2231 2231 2295 2253 2286 2280 ship 0.1598
4738 2864 4764 2859 4779 2940 4753 2945 ship 0.1598
1317 1102 1349 1101 1353 1178 1321 1179 ship 0.1569
2216 430 2253 426 2261 499 2225 503 ship 0.1567
2184 423 2214 430 2200 490 2169 482 ship 0.1498
4239 2913 4267 2915 4263 2973 4235 2971 ship 0.1486
4503 2662 4535 2676 4502 2753 4470 2740 ship 0.1453
3408 2819 3439 2816 3448 2911 3417 2914 ship 0.1448
3649 2783 3675 2795 3646 2855 3620 2843 ship 0.1441
1995 1673 2031 1666 2049 1754 2013 1762 ship 0.1435
2967 2836 2993 2842 2981 2895 2956 2889 ship 0.1423
2213 2350 2222 2320 2281 2338 2272 2367 ship 0.1348
4629 2342 4665 2347 4656 2414 4619 2409 ship 0.1337
3968 2319 3994 2316 4002 2367 3975 2371 ship 0.1302
4661 2867 4687 2860 4710 2945 4684 2952 ship 0.1293
2383 1436 2410 1426 2436 1491 2409 1502 ship 0.1292
2294 774 2325 762 2344 813 2313 824 ship 0.1282
3018 2844 3055 2851 3039 2940 3003 2934 ship 0.1268
3478 2778 3506 2779 3505 2844 3476 2844 ship 0.1227
5002 2036 5017 2009 5084 2047 5069 2075 ship 0.1216
2232 615 2257 596 2291 639 2266 659 ship 0.1214
3641 2991 3663 2996 3651 3054 3628 3049 ship 0.1214
2838 2455 2864 2440 2897 2498 2871 2513 ship 0.1213
3167 2524 3199 2527 3191 2603 3160 2600 ship 0.1213
5120 2010 5135 1980 5237 2033 5222 2063 ship 0.1211
1415 1606 1461 1615 1438 1729 1392 1720 ship 0.1206
5051 2040 5070 2017 5141 2076 5123 2099 ship 0.1203
1633 1724 1668 1736 1640 1815 1605 1803 ship 0.1191
2242 2302 2256 2281 2296 2306 2283 2328 ship 0.1188
2126 2334 2148 2312 2183 2348 2161 2370 ship 0.1185
2117 2144 2138 2121 2195 2171 2175 2194 ship 0.1184
4395 2953 4419 2947 4432 3004 4408 3010 ship 0.1175
5161 2007 5166 1978 5256 1994 5250 2024 ship 0.1169
1617 1626 1663 1623 1671 1743 1625 1746 ship 0.1167
2236 1202 2266 1188 2298 1253 2268 1268 ship 0.1150
4487 2882 4513 2883 4511 2944 4485 2943 ship 0.1150
5123 2109 5144 2088 5228 2170 5208 2191 ship 0.1134
4597 2806 4619 2804 4624 2847 4603 2849 ship 0.1124
4184 2075 4212 2068 4226 2129 4198 2136 ship 0.1119
2260 2097 2282 2068 2370 2135 2348 2164 ship 0.1112
3287 2841 3318 2838 3328 2933 3297 2937 ship 0.1103
2947 2518 2981 2522 2974 2589 2940 2586 ship 0.1099
2395 1183 2429 1184 2426 1254 2391 1252 ship 0.1094
3096 2851 3129 2859 3104 2957 3071 2949 ship 0.1079
4003 2756 4033 2758 4028 2817 3997 2814 ship 0.1064
3686 2770 3712 2779 3688 2850 3662 2841 ship 0.1054
3239 2489 3272 2495 3252 2591 3219 2584 ship 0.1053
4632 2820 4652 2815 4664 2860 4644 2865 ship 0.1041
1949 296 1989 289 2004 370 1964 377 ship 0.1037
1125 762 1165 771 1139 879 1100 870 ship 0.1017
1549 1722 1580 1743 1527 1821 1496 1800 ship 0.1016
1970 594 2002 578 2027 629 1996 645 ship 0.1014
1425 1546 1461 1547 1460 1627 1423 1626 ship 0.1011
1403 1873 1352 1568 2448 1386 2498 1690 harbor 0.7700
1744 2276 1698 1981 2409 1869 2455 2163 harbor 0.6957
890 997 861 721 2036 599 2064 874 harbor 0.6397
1306 1393 1263 1133 2405 946 2447 1206 harbor 0.6275
700 532 690 350 2306 261 2316 443 harbor 0.4422
2405 367 2680 343 2841 2238 2565 2262 harbor 0.3262
2949 2983 2956 2768 3664 2792 3657 3006 harbor 0.1800
3065 2695 3010 2494 4023 2214 4078 2415 harbor 0.1593
4630 2050 4620 1871 5227 1837 5236 2017 harbor 0.1096
410 -58 1310 -742 3710 2415 2810 3099 harbor 0.1028
