1612 4650 1655 4651 1653 4759 1610 4758 ship 0.5725
1702 4648 1745 4649 1742 4763 1699 4762 ship 0.5254
1677 4536 1708 4541 1696 4613 1665 4608 ship 0.4839
1316 4632 1354 4635 1346 4739 1307 4736 ship 0.4794
1021 4627 1060 4634 1044 4732 1005 4726 ship 0.4655
1242 4526 1274 4531 1260 4609 1228 4603 ship 0.4638
1446 4645 1488 4646 1484 4742 1443 4741 ship 0.4574
1828 4533 1858 4536 1853 4607 1823 4605 ship 0.4471
1327 4525 1357 4532 1341 4610 1310 4603 ship 0.4310
1284 4526 1315 4532 1301 4608 1270 4602 ship 0.4268
1240 4636 1275 4645 1253 4737 1218 4729 ship 0.4227
1202 4637 1237 4644 1219 4737 1184 4730 ship 0.4153
1709 4530 1743 4533 1735 4614 1702 4611 ship 0.4126
1290 4634 1327 4642 1305 4743 1269 4735 ship 0.4116
1154 4638 1188 4645 1171 4736 1137 4730 ship 0.4075
1201 4526 1232 4533 1214 4609 1182 4601 ship 0.4063
1485 4644 1527 4646 1522 4746 1480 4744 ship 0.4062
1785 4534 1817 4537 1811 4612 1779 4609 ship 0.3984
1656 5136 1694 5139 1685 5234 1648 5231 ship 0.3970
1758 4530 1791 4533 1785 4614 1752 4612 ship 0.3946
1909 4647 1945 4656 1923 4753 1887 4745 ship 0.3865
1350 4640 1385 4643 1378 4739 1342 4736 ship 0.3855
846 4599 889 4599 890 4693 847 4694 ship 0.3829
1114 4639 1147 4644 1134 4736 1101 4731 ship 0.3773
1526 4648 1566 4648 1565 4747 1525 4747 ship 0.3684
1624 5135 1661 5141 1646 5236 1608 5230 ship 0.3672
1440 4515 1472 4523 1450 4605 1419 4597 ship 0.3656
915 4629 950 4633 940 4717 905 4713 ship 0.3642
1058 4634 1094 4639 1080 4730 1044 4724 ship 0.3626
1024 4528 1052 4533 1039 4605 1011 4600 ship 0.3621
1101 4527 1132 4531 1122 4606 1091 4602 ship 0.3612
1655 4657 1694 4661 1685 4757 1646 4754 ship 0.3519
1301 5131 1329 5126 1339 5190 1311 5195 ship 0.3481
1490 5127 1524 5123 1534 5206 1500 5210 ship 0.3460
1578 4543 1608 4550 1596 4611 1565 4605 ship 0.3455
1150 4532 1179 4540 1162 4607 1132 4599 ship 0.3422
1362 4530 1393 4537 1376 4609 1346 4602 ship 0.3287
1887 4534 1916 4539 1902 4608 1874 4603 ship 0.3145
2102 4631 2154 4636 2139 4818 2086 4813 ship 0.3143
1293 4997 1320 5003 1302 5078 1275 5072 ship 0.3068
1278 5126 1307 5127 1305 5194 1276 5193 ship 0.3060
977 4999 1002 5001 996 5077 971 5075 ship 0.3046
1700 5137 1740 5136 1743 5233 1703 5234 ship 0.3015
2015 267 2000 230 2139 177 2154 214 ship 0.3000
1487 5004 1511 5005 1508 5063 1484 5062 ship 0.2997
1786 4655 1825 4654 1827 4750 1789 4751 ship 0.2972
925 4527 954 4526 956 4608 926 4608 ship 0.2968
998 4636 1032 4648 1000 4736 965 4724 ship 0.2961
1570 4157 1602 4156 1604 4238 1571 4238 ship 0.2958
1418 4644 1454 4649 1440 4740 1404 4734 ship 0.2877
1535 3164 1534 3107 1753 3104 1754 3161 ship 0.2872
1070 4528 1098 4534 1084 4603 1056 4598 ship 0.2814
2025 388 2014 355 2106 324 2117 357 ship 0.2811
1024 5118 1056 5117 1057 5190 1026 5190 ship 0.2798
941 5001 966 4998 977 5077 952 5081 ship 0.2766
1942 4537 1966 4546 1943 4608 1918 4599 ship 0.2740
1061 5112 1092 5114 1086 5191 1056 5189 ship 0.2726
1848 4170 1879 4179 1853 4265 1822 4256 ship 0.2725
1724 1186 1735 1149 1831 1180 1819 1216 ship 0.2708
1627 4543 1657 4550 1643 4612 1613 4605 ship 0.2707
2023 477 2019 435 2122 427 2125 469 ship 0.2659
891 4548 922 4546 928 4640 896 4642 ship 0.2644
1443 5003 1472 5002 1474 5071 1445 5072 ship 0.2637
1309 5024 1334 5023 1335 5083 1310 5083 ship 0.2602
1809 4170 1839 4181 1810 4259 1781 4248 ship 0.2593
1842 1005 1859 967 1982 1022 1965 1060 ship 0.2556
1158 5119 1188 5126 1170 5196 1141 5189 ship 0.2551
1200 5120 1230 5127 1214 5198 1185 5191 ship 0.2542
1164 4999 1189 5007 1165 5081 1140 5073 ship 0.2538
1758 4173 1788 4181 1766 4255 1737 4247 ship 0.2527
1226 5124 1256 5127 1249 5194 1219 5191 ship 0.2495
1694 1230 1708 1195 1810 1237 1795 1272 ship 0.2488
1539 4155 1572 4155 1571 4240 1538 4239 ship 0.2485
1845 4652 1882 4655 1875 4752 1837 4749 ship 0.2434
1114 5017 1137 5022 1123 5085 1101 5080 ship 0.2418
1664 4145 1695 4145 1696 4242 1664 4242 ship 0.2395
1119 5115 1149 5122 1133 5196 1103 5189 ship 0.2392
1023 5009 1046 5014 1029 5083 1006 5077 ship 0.2368
1779 1104 1794 1072 1882 1112 1867 1145 ship 0.2347
1889 4175 1920 4187 1885 4275 1854 4262 ship 0.2301
1583 4651 1623 4656 1610 4755 1570 4750 ship 0.2285
984 4529 1012 4534 998 4603 970 4598 ship 0.2273
1710 4162 1741 4166 1731 4249 1700 4245 ship 0.2247
1451 4156 1484 4157 1480 4240 1447 4238 ship 0.2246
1941 4660 1974 4669 1949 4760 1917 4751 ship 0.2240
1985 4177 2015 4190 1981 4273 1951 4260 ship 0.2227
1622 4151 1653 4151 1655 4239 1624 4240 ship 0.2196
1746 1154 1759 1121 1847 1155 1834 1188 ship 0.2185
1707 4067 1735 4073 1718 4156 1690 4150 ship 0.2174
1625 4075 1655 4076 1653 4158 1623 4157 ship 0.2139
1461 4069 1489 4068 1491 4129 1463 4131 ship 0.2134
1257 5000 1281 5008 1256 5079 1232 5070 ship 0.2127
1862 934 1879 895 1987 941 1971 981 ship 0.2121
1408 5009 1441 5006 1446 5083 1414 5085 ship 0.2102
2029 423 2015 390 2106 352 2120 385 ship 0.2058
1750 4065 1776 4071 1757 4147 1731 4140 ship 0.2054
1075 4998 1097 5005 1075 5076 1053 5069 ship 0.2035
1496 4154 1530 4156 1525 4244 1492 4242 ship 0.1987
1803 1051 1816 1019 1920 1059 1907 1091 ship 0.1984
1945 4179 1976 4192 1938 4277 1908 4263 ship 0.1980
1195 5015 1219 5020 1206 5081 1183 5076 ship 0.1960
1667 4068 1696 4071 1687 4158 1658 4155 ship 0.1945
1530 4073 1559 4073 1558 4144 1529 4143 ship 0.1931
1358 4158 1390 4154 1398 4237 1367 4240 ship 0.1911
1882 4617 1915 4621 1906 4705 1873 4701 ship 0.1906
2358 1550 2390 1561 2368 1626 2336 1616 ship 0.1830
1804 4064 1828 4071 1809 4142 1785 4135 ship 0.1815
1407 4157 1439 4157 1438 4238 1406 4238 ship 0.1788
2011 4168 2044 4178 2019 4269 1985 4260 ship 0.1756
1944 1644 1968 1618 2055 1700 2030 1726 ship 0.1753
1315 4160 1346 4155 1357 4229 1326 4233 ship 0.1752
1329 5114 1355 5108 1368 5164 1342 5170 ship 0.1733
2052 1475 2078 1492 2040 1551 2014 1534 ship 0.1713
1578 4059 1610 4056 1617 4137 1585 4140 ship 0.1697
1553 4513 1588 4520 1573 4598 1538 4591 ship 0.1697
1420 4082 1445 4075 1460 4136 1435 4142 ship 0.1646
1958 4515 1987 4518 1978 4585 1950 4581 ship 0.1603
2185 1175 2215 1169 2229 1235 2199 1241 ship 0.1584
1519 4998 1543 5000 1537 5066 1513 5063 ship 0.1575
1291 4163 1322 4165 1318 4229 1287 4227 ship 0.1567
2036 341 2014 319 2073 262 2095 284 ship 0.1552
1907 891 1908 862 1984 866 1982 895 ship 0.1527
1375 4997 1403 5006 1381 5084 1353 5076 ship 0.1508
1510 4519 1538 4529 1512 4605 1483 4595 ship 0.1440
2035 4162 2070 4165 2061 4259 2026 4256 ship 0.1407
2015 1473 2040 1481 2020 1542 1995 1534 ship 0.1403
1847 4063 1869 4070 1848 4136 1827 4130 ship 0.1402
2138 4540 2173 4559 2131 4639 2096 4620 ship 0.1388
1953 781 1956 756 2029 766 2025 791 ship 0.1370
2003 4528 2031 4538 2005 4612 1977 4602 ship 0.1368
1935 814 1944 788 2017 814 2007 840 ship 0.1357
1756 3763 1785 3754 1805 3814 1776 3824 ship 0.1344
1928 843 1934 816 2006 832 1999 859 ship 0.1337
885 5012 908 4997 953 5069 930 5083 ship 0.1333
1633 4983 1659 4986 1649 5066 1623 5063 ship 0.1324
872 5052 886 5032 948 5076 934 5096 ship 0.1294
1745 4609 1781 4606 1788 4686 1752 4689 ship 0.1289
1490 4071 1516 4069 1519 4121 1493 4122 ship 0.1264
1899 4065 1918 4073 1895 4129 1875 4121 ship 0.1249
1842 1444 1858 1421 1922 1466 1906 1489 ship 0.1223
1963 759 1969 734 2037 749 2031 774 ship 0.1209
1974 4066 1996 4076 1968 4139 1946 4129 ship 0.1179
1940 4066 1960 4074 1937 4130 1917 4122 ship 0.1119
1984 807 1990 786 2033 799 2027 820 ship 0.1111
1828 3761 1850 3766 1836 3821 1814 3816 ship 0.1099
870 4516 894 4513 902 4575 877 4578 ship 0.1099
1699 1333 1707 1308 1776 1330 1768 1355 ship 0.1094
1994 717 1991 692 2048 686 2051 711 ship 0.1079
2022 4068 2048 4079 2019 4145 1994 4134 ship 0.1071
749 4531 783 4527 793 4604 759 4608 ship 0.1059
1983 1460 2010 1465 1999 1535 1972 1531 ship 0.1046
1578 5102 1607 5098 1616 5169 1587 5173 ship 0.1038
801 4524 828 4522 833 4595 806 4596 ship 0.1031
1702 5041 1726 5038 1733 5087 1708 5091 ship 0.1012
853 5102 860 5077 933 5098 926 5123 ship 0.1012
1349 4111 1370 4097 1408 4153 1387 4167 ship 0.1005
1480 3167 1554 3171 1542 3380 1468 3376 tennis-court 0.1428
760 4733 775 4492 2116 4579 2100 4820 harbor 0.7483
891 5157 922 4939 1777 5061 1747 5278 harbor 0.6703
1300 4195 1318 4022 2097 4106 2078 4280 harbor 0.5722
1625 2077 1655 2009 1885 2108 1856 2176 harbor 0.2150
1877 1469 2125 1645 1745 2179 1497 2003 harbor 0.1148
1999 3734 2082 3651 2660 4225 2577 4308 harbor 0.1028
1365 3616 1467 3635 1444 3759 1342 3740 swimming-pool 0.1683
1300 3631 1349 3623 1364 3709 1314 3718 swimming-pool 0.1321
1295 801 1325 760 1434 839 1404 880 swimming-pool 0.1185
301 2207 296 2163 376 2155 381 2199 swimming-pool 0.1141
825 1346 877 1334 894 1404 841 1416 swimming-pool 0.1081
1257 892 1275 856 1349 893 1331 929 swimming-pool 0.1079
