580 719 591 722 583 747 572 744 large-vehicle 0.1807
1136 1956 1141 1945 1168 1957 1163 1968 large-vehicle 0.1708
1113 1953 1117 1944 1140 1954 1135 1963 large-vehicle 0.1519
380 715 382 699 429 705 427 721 large-vehicle 0.1486
1360 1087 1360 1078 1390 1078 1389 1088 large-vehicle 0.1457
670 908 668 893 693 890 695 904 large-vehicle 0.1411
329 107 324 98 346 86 351 96 large-vehicle 0.1242
1765 693 1774 694 1771 725 1762 724 large-vehicle 0.1113
1411 261 1421 264 1414 293 1405 291 large-vehicle 0.1104
1102 1954 1106 1945 1127 1957 1122 1965 large-vehicle 0.1025
748 684 793 687 788 753 743 750 tennis-court 0.2494
748 684 793 687 788 753 743 750 basketball-court 0.2609
654 1377 705 1386 691 1458 640 1448 basketball-court 0.1578
1356 1679 1427 1698 1407 1771 1336 1752 storage-tank 0.8510
1330 1830 1405 1838 1397 1916 1323 1909 storage-tank 0.8407
1378 1530 1449 1551 1427 1626 1356 1605 storage-tank 0.8351
607 271 683 209 743 282 666 344 storage-tank 0.8329
1092 1653 1160 1673 1139 1745 1071 1726 storage-tank 0.8236
1489 1811 1563 1843 1529 1919 1455 1887 storage-tank 0.7826
372 220 451 182 489 260 409 298 storage-tank 0.7184
1058 1814 1134 1822 1126 1902 1050 1895 storage-tank 0.7129
1509 1639 1586 1658 1567 1736 1490 1717 storage-tank 0.7029
1116 1487 1187 1510 1164 1582 1093 1559 storage-tank 0.6278
263 345 410 374 381 521 235 492 storage-tank 0.5730
640 417 783 467 731 616 588 567 storage-tank 0.5590
618 760 676 775 660 837 601 822 storage-tank 0.4581
1260 1584 1287 1582 1289 1615 1262 1616 storage-tank 0.2556
1273 1554 1291 1554 1291 1573 1273 1573 storage-tank 0.1385
1261 1564 1277 1565 1276 1579 1261 1578 storage-tank 0.1024
612 435 764 445 754 604 601 594 roundabout 0.1244
