2434 621 2398 577 3127 -21 3163 22 bridge 0.3105
2520 1485 2517 1449 2569 1444 2572 1480 bridge 0.2834
2718 2302 2708 2267 2762 2250 2773 2284 bridge 0.2422
2815 2270 2792 2238 3164 1973 3187 2004 bridge 0.1184
1382 1780 1426 1780 1426 1827 1382 1827 small-vehicle 0.1136
1569 2166 1644 2184 1626 2260 1552 2242 small-vehicle 0.1023
1994 1862 2035 1866 2030 1913 1989 1909 small-vehicle 0.1012
2434 621 2398 577 3127 -21 3163 22 ship 0.2180
2086 142 2115 119 2195 219 2166 243 ship 0.1692
1144 1870 1181 1863 1191 1919 1154 1925 tennis-court 0.1668
1737 39 1778 25 1815 135 1774 148 tennis-court 0.1035
2062 1477 2124 1539 2019 1645 1957 1584 basketball-court 0.1314
2398 1999 2449 2003 2444 2059 2394 2055 storage-tank 0.9349
2378 1931 2430 1941 2420 1995 2368 1985 storage-tank 0.9271
1612 2258 1682 2284 1655 2357 1585 2332 storage-tank 0.9204
2495 1958 2555 1968 2546 2026 2485 2016 storage-tank 0.9192
1152 757 1211 767 1202 823 1142 812 storage-tank 0.9115
950 822 1007 819 1010 876 953 879 storage-tank 0.9043
1700 2223 1776 2232 1766 2310 1691 2301 storage-tank 0.9003
2211 2106 2266 2111 2260 2171 2205 2166 storage-tank 0.8841
2353 1876 2395 1878 2393 1922 2351 1920 storage-tank 0.8830
1410 2406 1468 2402 1472 2464 1414 2468 storage-tank 0.8829
1513 2442 1572 2448 1566 2509 1507 2503 storage-tank 0.8780
2422 2075 2496 2087 2483 2161 2409 2149 storage-tank 0.8770
926 989 978 993 974 1046 922 1042 storage-tank 0.8731
978 894 1027 889 1033 942 983 947 storage-tank 0.8679
1004 957 1059 964 1053 1020 997 1013 storage-tank 0.8651
1745 2319 1819 2337 1801 2413 1727 2396 storage-tank 0.8634
1174 829 1237 828 1238 895 1174 895 storage-tank 0.8621
2247 1650 2307 1646 2312 1709 2252 1714 storage-tank 0.8612
2085 2159 2142 2157 2144 2214 2087 2216 storage-tank 0.8608
1077 783 1136 786 1133 845 1074 842 storage-tank 0.8598
1847 384 1896 386 1894 439 1845 438 storage-tank 0.8589
2236 2173 2293 2181 2284 2244 2227 2236 storage-tank 0.8542
903 917 959 925 952 981 896 974 storage-tank 0.8541
2516 2036 2593 2042 2587 2121 2510 2115 storage-tank 0.8538
2469 1887 2526 1894 2519 1955 2462 1948 storage-tank 0.8526
1115 685 1176 683 1177 744 1117 746 storage-tank 0.8499
1644 2361 1719 2375 1704 2456 1629 2442 storage-tank 0.8496
877 846 933 853 926 911 870 904 storage-tank 0.8434
1481 2378 1538 2380 1536 2439 1479 2437 storage-tank 0.8429
1050 710 1110 719 1100 783 1040 774 storage-tank 0.8406
1104 855 1168 859 1164 922 1100 918 storage-tank 0.8399
2034 2253 2094 2257 2090 2316 2030 2311 storage-tank 0.8392
2284 2081 2338 2082 2337 2137 2282 2136 storage-tank 0.8319
1028 1027 1087 1035 1079 1094 1020 1086 storage-tank 0.8316
1340 2429 1399 2427 1401 2490 1342 2492 storage-tank 0.8295
931 747 986 750 983 807 927 804 storage-tank 0.8258
950 1056 1005 1060 1001 1118 946 1114 storage-tank 0.8242
2454 1839 2496 1843 2491 1886 2449 1881 storage-tank 0.8221
1665 2125 1740 2137 1728 2211 1654 2199 storage-tank 0.8202
1990 2127 2035 2127 2034 2175 1989 2174 storage-tank 0.8198
2404 1674 2465 1677 2462 1740 2401 1737 storage-tank 0.8104
2026 2431 2075 2437 2068 2490 2019 2484 storage-tank 0.8027
2014 2181 2067 2186 2061 2245 2008 2239 storage-tank 0.8007
2377 1599 2437 1605 2431 1664 2371 1658 storage-tank 0.8003
853 772 911 777 906 837 848 832 storage-tank 0.8002
2227 1753 2274 1755 2272 1807 2225 1805 storage-tank 0.7991
2109 2227 2168 2224 2172 2284 2112 2288 storage-tank 0.7978
2310 2149 2370 2153 2366 2216 2306 2212 storage-tank 0.7950
2278 1723 2339 1721 2341 1783 2280 1785 storage-tank 0.7910
1441 2474 1499 2475 1498 2536 1440 2534 storage-tank 0.7893
340 1577 378 1576 380 1617 341 1618 storage-tank 0.7859
1934 2309 1979 2307 1982 2355 1938 2358 storage-tank 0.7849
1569 2166 1644 2184 1626 2260 1552 2242 storage-tank 0.7846
1220 632 1261 635 1258 680 1217 677 storage-tank 0.7839
1617 1363 1657 1364 1656 1407 1616 1406 storage-tank 0.7824
2022 487 2082 488 2081 555 2021 554 storage-tank 0.7794
1819 307 1872 311 1867 370 1814 366 storage-tank 0.7793
1721 547 1775 552 1770 609 1715 604 storage-tank 0.7778
1246 684 1286 683 1287 725 1247 726 storage-tank 0.7706
2188 1014 2271 1028 2257 1114 2174 1100 storage-tank 0.7680
1863 2293 1903 2283 1914 2330 1874 2340 storage-tank 0.7674
1649 569 1706 583 1692 641 1635 627 storage-tank 0.7673
1880 284 1932 290 1926 345 1873 339 storage-tank 0.7670
1911 367 1957 371 1954 419 1907 416 storage-tank 0.7666
1748 623 1802 626 1798 683 1744 680 storage-tank 0.7612
2350 1711 2399 1707 2403 1756 2354 1760 storage-tank 0.7599
1841 2237 1882 2232 1887 2280 1846 2284 storage-tank 0.7593
398 1557 442 1562 437 1610 393 1606 storage-tank 0.7544
2061 2099 2112 2094 2118 2146 2066 2151 storage-tank 0.7542
1826 2183 1867 2183 1868 2232 1827 2232 storage-tank 0.7527
1880 2338 1922 2330 1930 2374 1888 2382 storage-tank 0.7485
1267 603 1310 605 1308 653 1265 651 storage-tank 0.7482
2188 2048 2235 2048 2235 2098 2188 2098 storage-tank 0.7476
2197 1673 2248 1681 2239 1735 2189 1727 storage-tank 0.7467
1302 2330 1343 2331 1342 2379 1301 2378 storage-tank 0.7449
1960 2032 2005 2035 2001 2083 1957 2079 storage-tank 0.7366
1386 608 1424 608 1425 650 1386 650 storage-tank 0.7360
2045 2488 2102 2490 2099 2550 2043 2548 storage-tank 0.7314
2110 836 2204 838 2202 930 2108 928 storage-tank 0.7289
1971 520 2006 526 2000 562 1965 556 storage-tank 0.7283
2261 2027 2310 2024 2313 2073 2264 2076 storage-tank 0.7283
2170 1998 2213 2000 2210 2050 2167 2047 storage-tank 0.7275
2239 1976 2286 1972 2290 2019 2243 2022 storage-tank 0.7274
1437 708 1478 700 1486 745 1446 753 storage-tank 0.7264
2029 2005 2075 2003 2077 2051 2031 2053 storage-tank 0.7261
2503 2326 2548 2333 2541 2377 2497 2371 storage-tank 0.7258
2317 1630 2363 1630 2363 1680 2317 1681 storage-tank 0.7161
1674 646 1730 649 1726 707 1671 703 storage-tank 0.7117
1376 796 1419 795 1420 842 1377 844 storage-tank 0.7112
1994 429 2043 432 2039 484 1991 480 storage-tank 0.7089
1888 1901 1932 1897 1936 1946 1893 1950 storage-tank 0.7086
1427 2217 1476 2222 1470 2273 1421 2267 storage-tank 0.7067
1352 2308 1396 2312 1392 2361 1348 2357 storage-tank 0.7047
1944 461 1983 462 1982 503 1943 502 storage-tank 0.7037
1789 2089 1832 2087 1834 2133 1791 2135 storage-tank 0.7034
1323 2252 1369 2251 1370 2305 1324 2306 storage-tank 0.7023
1703 448 1745 450 1743 497 1700 494 storage-tank 0.7002
1682 397 1723 401 1719 445 1678 441 storage-tank 0.6971
2015 1791 2055 1793 2054 1836 2014 1835 storage-tank 0.6970
1626 487 1663 483 1667 520 1630 524 storage-tank 0.6957
2420 2305 2465 2305 2464 2353 2420 2353 storage-tank 0.6955
2038 2051 2087 2045 2094 2097 2044 2103 storage-tank 0.6946
1571 1382 1611 1381 1612 1428 1572 1430 storage-tank 0.6907
1674 1377 1723 1382 1717 1438 1668 1433 storage-tank 0.6899
2150 1951 2194 1954 2191 2003 2148 2001 storage-tank 0.6871
1697 1458 1755 1466 1747 1527 1689 1519 storage-tank 0.6854
1356 556 1400 557 1399 604 1354 603 storage-tank 0.6825
1916 1824 1961 1826 1959 1875 1914 1873 storage-tank 0.6736
1589 361 1626 364 1623 404 1586 401 storage-tank 0.6734
416 1481 456 1486 450 1529 410 1523 storage-tank 0.6667
1326 825 1370 823 1372 872 1328 874 storage-tank 0.6655
2442 2350 2484 2347 2486 2390 2444 2393 storage-tank 0.6642
1471 1278 1515 1280 1514 1327 1469 1326 storage-tank 0.6634
1390 1207 1429 1215 1420 1257 1381 1248 storage-tank 0.6634
1405 525 1452 527 1450 580 1402 577 storage-tank 0.6632
1469 751 1511 750 1514 797 1471 799 storage-tank 0.6621
1810 2139 1850 2137 1852 2184 1812 2186 storage-tank 0.6619
1966 1800 2010 1804 2005 1856 1961 1852 storage-tank 0.6597
1322 700 1364 699 1366 747 1324 749 storage-tank 0.6577
1373 2238 1416 2240 1414 2285 1372 2284 storage-tank 0.6532
2589 2394 2629 2398 2624 2444 2584 2440 storage-tank 0.6530
1871 1849 1914 1851 1912 1897 1869 1895 storage-tank 0.6503
1295 649 1340 651 1338 703 1294 701 storage-tank 0.6488
1278 736 1317 735 1318 778 1279 779 storage-tank 0.6470
1300 782 1342 782 1341 828 1300 828 storage-tank 0.6464
2172 1770 2224 1767 2228 1823 2175 1826 storage-tank 0.6455
1665 357 1702 355 1704 397 1667 398 storage-tank 0.6434
1348 749 1390 746 1394 797 1352 800 storage-tank 0.6415
2036 1850 2075 1849 2076 1890 2037 1891 storage-tank 0.6395
1519 713 1563 716 1560 767 1517 765 storage-tank 0.6386
1382 1780 1426 1780 1426 1827 1382 1827 storage-tank 0.6384
1900 2213 1943 2212 1944 2260 1901 2261 storage-tank 0.6357
2149 1688 2198 1694 2190 1753 2141 1746 storage-tank 0.6335
1939 1880 1981 1880 1981 1928 1939 1928 storage-tank 0.6330
1279 2266 1322 2271 1316 2319 1273 2314 storage-tank 0.6321
2539 2414 2575 2417 2572 2459 2535 2456 storage-tank 0.6295
1645 307 1687 304 1690 351 1648 353 storage-tank 0.6292
1881 489 1914 493 1910 528 1877 525 storage-tank 0.6192
1488 675 1529 672 1533 718 1492 722 storage-tank 0.6153
2362 1170 2391 1172 2390 1203 2361 1201 storage-tank 0.6084
2453 2458 2488 2464 2481 2504 2446 2498 storage-tank 0.6078
1974 2081 2015 2080 2017 2128 1975 2129 storage-tank 0.6069
1459 626 1500 624 1503 670 1461 672 storage-tank 0.6061
1879 2166 1921 2163 1925 2211 1883 2214 storage-tank 0.5988
1414 656 1452 655 1453 695 1415 696 storage-tank 0.5960
1995 1866 2034 1869 2031 1913 1992 1910 storage-tank 0.5866
1400 2294 1445 2296 1443 2342 1399 2340 storage-tank 0.5821
2225 1930 2272 1928 2274 1979 2227 1981 storage-tank 0.5786
2057 664 2096 668 2092 709 2054 706 storage-tank 0.5746
1997 626 2027 628 2025 662 1995 661 storage-tank 0.5715
1446 2268 1492 2270 1490 2317 1444 2315 storage-tank 0.5593
1432 1190 1476 1194 1472 1239 1428 1235 storage-tank 0.5551
302 1532 333 1533 331 1569 300 1568 storage-tank 0.5483
2035 601 2071 604 2068 644 2032 641 storage-tank 0.5431
2493 2442 2527 2445 2523 2484 2489 2480 storage-tank 0.5359
373 1495 411 1504 400 1548 363 1540 storage-tank 0.5350
1777 692 1819 699 1812 740 1770 734 storage-tank 0.5350
1402 385 1474 382 1478 467 1406 470 storage-tank 0.5291
1547 379 1580 385 1574 420 1541 414 storage-tank 0.5279
2018 686 2049 687 2048 722 2018 721 storage-tank 0.5259
2407 2484 2443 2486 2441 2530 2405 2528 storage-tank 0.5248
1696 713 1743 709 1746 759 1699 762 storage-tank 0.5242
1929 538 1957 539 1956 571 1927 570 storage-tank 0.5212
1609 426 1643 423 1645 461 1612 463 storage-tank 0.5209
1588 499 1624 499 1624 541 1588 541 storage-tank 0.5157
1430 575 1472 573 1474 619 1432 621 storage-tank 0.5150
1316 1709 1348 1718 1338 1756 1306 1747 storage-tank 0.5092
1915 2257 1955 2252 1960 2299 1920 2304 storage-tank 0.5089
1562 425 1594 427 1591 461 1559 458 storage-tank 0.5039
2326 1182 2355 1186 2350 1222 2321 1219 storage-tank 0.5008
2383 1223 2412 1223 2411 1257 2382 1257 storage-tank 0.4992
1346 1698 1384 1700 1382 1743 1344 1741 storage-tank 0.4988
1571 454 1604 455 1603 491 1570 489 storage-tank 0.4923
1290 1791 1320 1793 1319 1827 1288 1825 storage-tank 0.4829
1416 1301 1452 1296 1459 1336 1422 1342 storage-tank 0.4795
2276 1203 2307 1206 2304 1239 2272 1236 storage-tank 0.4778
1978 702 2005 703 2003 734 1976 733 storage-tank 0.4751
1956 631 1986 638 1979 670 1949 664 storage-tank 0.4717
2303 1255 2331 1258 2328 1290 2300 1287 storage-tank 0.4659
2115 561 2151 554 2159 596 2122 603 storage-tank 0.4633
1259 1727 1295 1725 1297 1764 1261 1766 storage-tank 0.4602
336 1516 371 1518 369 1555 334 1552 storage-tank 0.4475
1333 1175 1366 1174 1367 1209 1335 1210 storage-tank 0.4354
1307 1831 1340 1830 1341 1866 1308 1868 storage-tank 0.4326
448 1548 476 1551 472 1584 444 1581 storage-tank 0.4305
1843 221 1877 214 1885 252 1851 258 storage-tank 0.4241
1291 255 1337 253 1339 305 1293 307 storage-tank 0.4213
1366 1738 1404 1742 1400 1788 1362 1784 storage-tank 0.4129
1858 2114 1902 2110 1906 2162 1862 2165 storage-tank 0.3926
395 1672 428 1670 430 1712 397 1713 storage-tank 0.3788
2476 2515 2509 2512 2512 2552 2479 2555 storage-tank 0.3729
1322 1141 1357 1140 1358 1181 1323 1183 storage-tank 0.3675
1406 1251 1443 1251 1443 1296 1406 1296 storage-tank 0.3542
1341 1785 1372 1784 1372 1822 1341 1822 storage-tank 0.3530
1355 232 1389 229 1392 264 1358 267 storage-tank 0.3465
2344 1243 2369 1245 2366 1276 2341 1274 storage-tank 0.3438
432 1942 462 1944 460 1981 430 1979 storage-tank 0.3384
1731 292 1762 286 1768 319 1737 325 storage-tank 0.3350
1370 1269 1397 1269 1398 1301 1370 1302 storage-tank 0.3349
1344 1217 1373 1216 1374 1243 1345 1245 storage-tank 0.3199
2154 623 2178 606 2199 636 2175 652 storage-tank 0.3178
2525 2490 2553 2494 2548 2529 2519 2524 storage-tank 0.3098
1205 1808 1245 1810 1243 1852 1203 1850 storage-tank 0.3073
1897 550 1922 553 1918 584 1893 581 storage-tank 0.3055
1629 1404 1671 1408 1668 1451 1626 1448 storage-tank 0.3036
1846 2074 1889 2078 1884 2126 1842 2122 storage-tank 0.3014
1457 1243 1496 1245 1493 1292 1454 1290 storage-tank 0.2923
494 1923 524 1923 525 1955 495 1955 storage-tank 0.2915
1471 2429 1518 2429 1518 2484 1470 2484 storage-tank 0.2633
1380 1305 1408 1296 1419 1332 1391 1341 storage-tank 0.2629
315 1617 341 1616 342 1645 316 1646 storage-tank 0.2613
1299 1252 1325 1252 1325 1280 1300 1280 storage-tank 0.2599
443 1989 472 1988 473 2022 443 2022 storage-tank 0.2470
1373 260 1408 260 1408 299 1373 299 storage-tank 0.2455
1342 1827 1375 1825 1377 1862 1344 1864 storage-tank 0.2414
1327 1292 1350 1292 1350 1318 1327 1318 storage-tank 0.2379
1437 202 1467 201 1469 229 1439 231 storage-tank 0.2375
501 1949 531 1946 534 1980 503 1982 storage-tank 0.2363
1563 2351 1594 2354 1591 2392 1559 2389 storage-tank 0.2293
377 1788 404 1771 426 1804 399 1821 storage-tank 0.2279
2365 1237 2390 1240 2386 1270 2361 1266 storage-tank 0.2215
1402 218 1430 218 1431 248 1403 249 storage-tank 0.2189
2498 2491 2525 2493 2523 2524 2495 2522 storage-tank 0.2131
1304 1277 1327 1278 1326 1304 1304 1303 storage-tank 0.2108
948 401 968 402 967 423 947 422 storage-tank 0.2098
1959 690 1984 696 1978 721 1953 715 storage-tank 0.2063
2388 1191 2408 1197 2401 1219 2381 1212 storage-tank 0.2032
502 1907 521 1909 520 1927 501 1926 storage-tank 0.1994
1279 1166 1305 1164 1306 1193 1281 1195 storage-tank 0.1976
929 406 951 406 951 431 929 431 storage-tank 0.1955
1651 421 1684 422 1682 456 1649 454 storage-tank 0.1847
490 1978 515 1978 514 2006 489 2005 storage-tank 0.1821
940 430 962 426 966 451 943 455 storage-tank 0.1793
1349 1327 1373 1324 1377 1352 1353 1355 storage-tank 0.1780
308 1577 332 1578 330 1605 306 1603 storage-tank 0.1763
912 413 933 411 935 435 914 437 storage-tank 0.1739
1292 2444 1331 2454 1319 2502 1280 2492 storage-tank 0.1739
2015 548 2052 552 2048 588 2012 584 storage-tank 0.1729
2280 1235 2307 1232 2310 1259 2283 1262 storage-tank 0.1722
966 396 989 397 987 421 965 419 storage-tank 0.1695
912 724 903 692 973 672 982 704 storage-tank 0.1662
1307 1300 1326 1299 1328 1321 1308 1322 storage-tank 0.1652
1866 568 1890 565 1894 595 1871 599 storage-tank 0.1589
467 2016 488 2016 488 2037 467 2037 storage-tank 0.1587
1499 2197 1540 2198 1539 2252 1498 2252 storage-tank 0.1576
1832 1486 1863 1480 1869 1515 1838 1521 storage-tank 0.1569
1902 197 1927 193 1931 223 1906 227 storage-tank 0.1553
516 1977 541 1977 541 2004 516 2004 storage-tank 0.1552
1308 1223 1335 1223 1335 1250 1308 1250 storage-tank 0.1514
451 2032 472 2029 474 2053 453 2055 storage-tank 0.1499
1956 674 1977 678 1973 697 1952 693 storage-tank 0.1497
1278 1200 1303 1203 1301 1229 1275 1226 storage-tank 0.1496
1986 472 2030 471 2031 521 1987 522 storage-tank 0.1484
1928 505 1958 511 1951 543 1922 538 storage-tank 0.1475
1284 1231 1306 1231 1305 1253 1283 1252 storage-tank 0.1468
1337 1248 1365 1251 1362 1279 1335 1276 storage-tank 0.1461
1186 1763 1211 1746 1231 1774 1205 1791 storage-tank 0.1454
1964 725 1990 731 1984 757 1958 751 storage-tank 0.1454
472 1930 499 1931 499 1963 471 1963 storage-tank 0.1429
1299 1741 1334 1743 1330 1782 1296 1779 storage-tank 0.1421
915 432 942 432 941 460 915 460 storage-tank 0.1397
2236 2056 2284 2057 2284 2105 2235 2104 storage-tank 0.1395
832 728 861 713 877 744 848 759 storage-tank 0.1388
1474 1432 1507 1441 1498 1474 1465 1465 storage-tank 0.1385
484 1902 501 1905 498 1923 481 1920 storage-tank 0.1374
2002 1994 2041 2002 2033 2040 1994 2032 storage-tank 0.1354
1323 1324 1345 1325 1343 1350 1321 1349 storage-tank 0.1352
435 1514 472 1523 463 1560 426 1550 storage-tank 0.1345
2261 2126 2308 2136 2298 2187 2251 2177 storage-tank 0.1337
2482 1609 2517 1598 2531 1639 2495 1651 storage-tank 0.1333
2329 2098 2373 2104 2368 2147 2323 2141 storage-tank 0.1332
435 1672 460 1673 459 1702 433 1701 storage-tank 0.1328
2447 2501 2479 2507 2471 2544 2440 2538 storage-tank 0.1322
463 2052 484 2051 485 2074 464 2075 storage-tank 0.1290
1265 1806 1298 1806 1298 1839 1265 1839 storage-tank 0.1285
1538 1474 1577 1469 1583 1511 1544 1516 storage-tank 0.1282
2555 2468 2583 2473 2578 2504 2550 2500 storage-tank 0.1278
291 1569 314 1566 316 1588 294 1591 storage-tank 0.1274
2061 2200 2107 2211 2096 2260 2049 2249 storage-tank 0.1271
413 1938 434 1935 436 1957 415 1959 storage-tank 0.1270
1259 1184 1283 1184 1283 1207 1259 1207 storage-tank 0.1255
2035 2126 2082 2131 2076 2179 2029 2174 storage-tank 0.1252
1348 424 1391 403 1414 450 1372 471 storage-tank 0.1251
467 2073 489 2068 495 2095 472 2099 storage-tank 0.1243
445 1924 467 1928 464 1951 442 1948 storage-tank 0.1240
512 2011 531 2012 529 2032 510 2030 storage-tank 0.1238
2004 593 2030 596 2027 625 2001 622 storage-tank 0.1228
1544 2405 1585 2400 1591 2444 1550 2450 storage-tank 0.1225
2187 1225 2217 1211 2235 1248 2204 1262 storage-tank 0.1222
1512 312 1560 306 1566 355 1518 361 storage-tank 0.1210
1416 1145 1445 1143 1447 1175 1417 1176 storage-tank 0.1199
2142 649 2168 646 2171 678 2145 681 storage-tank 0.1185
1800 795 1826 796 1824 829 1798 827 storage-tank 0.1179
981 381 1002 384 998 406 978 403 storage-tank 0.1179
414 2010 434 2006 438 2028 418 2032 storage-tank 0.1174
988 405 1011 402 1013 429 991 432 storage-tank 0.1172
1412 250 1439 251 1437 277 1411 276 storage-tank 0.1160
1299 1344 1319 1345 1318 1371 1298 1370 storage-tank 0.1157
2165 642 2192 637 2198 671 2171 675 storage-tank 0.1152
1559 2127 1600 2141 1586 2182 1545 2169 storage-tank 0.1148
577 2127 596 2117 609 2141 590 2151 storage-tank 0.1146
465 1715 494 1712 497 1745 469 1748 storage-tank 0.1143
529 2010 551 2009 552 2033 530 2035 storage-tank 0.1142
2352 1665 2396 1670 2390 1718 2346 1713 storage-tank 0.1141
1261 1226 1279 1227 1278 1244 1260 1243 storage-tank 0.1140
1271 1254 1288 1254 1287 1272 1270 1272 storage-tank 0.1128
1800 231 1829 227 1833 261 1805 265 storage-tank 0.1127
1402 294 1434 299 1430 331 1397 327 storage-tank 0.1120
1977 571 1999 572 1997 595 1976 594 storage-tank 0.1109
1256 1202 1276 1204 1275 1224 1254 1222 storage-tank 0.1104
963 439 984 437 986 460 965 462 storage-tank 0.1103
314 1992 341 1991 342 2028 315 2029 storage-tank 0.1089
1329 383 1353 374 1364 402 1341 412 storage-tank 0.1077
1278 1272 1295 1273 1294 1290 1278 1290 storage-tank 0.1075
2393 2055 2439 2062 2432 2113 2386 2106 storage-tank 0.1074
1293 1301 1309 1301 1309 1320 1292 1320 storage-tank 0.1063
816 730 844 730 844 760 816 760 storage-tank 0.1054
2008 724 2037 724 2037 756 2008 756 storage-tank 0.1052
972 363 989 365 987 382 970 380 storage-tank 0.1043
1258 1247 1275 1247 1274 1265 1257 1264 storage-tank 0.1039
1520 760 1555 759 1557 800 1522 802 storage-tank 0.1030
597 2125 617 2119 625 2143 606 2149 storage-tank 0.1028
513 1776 540 1777 539 1808 512 1808 storage-tank 0.1021
555 2134 575 2129 580 2152 561 2157 storage-tank 0.1002
1239 1190 1260 1190 1260 1211 1240 1211 storage-tank 0.1001
1022 2046 1064 1976 1148 2027 1106 2097 roundabout 0.3611
2434 621 2398 577 3127 -21 3163 22 harbor 0.2517
2567 654 2581 643 2655 733 2641 744 harbor 0.1660
2463 757 2437 656 2600 614 2626 715 harbor 0.1603
2842 2269 2821 2245 3139 1973 3160 1997 harbor 0.1004
1737 39 1778 25 1815 135 1774 148 swimming-pool 0.2183
