1202 838 1266 841 1263 906 1199 903 baseball-diamond 0.2054
1119 1169 1138 1161 1212 1330 1194 1338 bridge 0.3544
1607 1005 1623 987 1765 1116 1749 1134 bridge 0.1962
99 195 181 155 288 377 206 416 bridge 0.1240
402 663 407 653 444 676 439 686 bridge 0.1099
402 1334 411 1320 434 1335 426 1349 small-vehicle 0.1371
1186 1026 1186 1009 1252 1009 1252 1025 large-vehicle 0.1095
1099 429 1105 403 1185 420 1179 447 ship 0.9256
1119 377 1124 352 1201 367 1196 392 ship 0.9247
1140 321 1146 297 1214 315 1208 339 ship 0.9176
1089 477 1098 454 1170 480 1162 503 ship 0.9092
1125 351 1130 324 1210 339 1205 365 ship 0.9067
1076 535 1082 512 1161 532 1155 555 ship 0.8997
1070 565 1077 538 1167 561 1161 587 ship 0.8881
1093 452 1100 428 1179 453 1171 477 ship 0.8851
1153 293 1160 270 1223 289 1216 312 ship 0.8789
1120 402 1127 378 1192 395 1186 419 ship 0.8761
1180 239 1187 219 1237 236 1231 256 ship 0.8751
1158 263 1167 240 1231 264 1223 287 ship 0.8748
876 515 885 492 972 524 963 547 ship 0.8681
972 298 979 277 1050 301 1043 322 ship 0.8594
1174 184 1179 161 1251 179 1245 202 ship 0.8457
1015 163 1024 137 1099 163 1090 189 ship 0.8454
899 339 906 316 958 334 951 356 ship 0.8267
1171 513 1176 493 1230 507 1224 528 ship 0.8253
905 495 912 475 981 500 974 519 ship 0.8241
1208 380 1214 358 1272 374 1267 396 ship 0.8212
897 647 916 662 866 726 847 711 ship 0.8185
1077 501 1088 478 1164 512 1154 535 ship 0.8122
883 623 901 639 846 701 828 685 ship 0.8089
995 231 999 213 1051 221 1048 240 ship 0.8074
682 779 702 795 655 854 635 838 ship 0.8072
1175 212 1180 190 1244 205 1238 228 ship 0.8005
1169 535 1174 515 1221 528 1216 548 ship 0.7990
1179 489 1183 468 1230 478 1226 498 ship 0.7961
1192 444 1195 425 1240 433 1236 452 ship 0.7954
560 660 578 675 534 730 516 715 ship 0.7936
738 841 759 858 703 931 682 914 ship 0.7907
865 601 883 618 823 685 805 668 ship 0.7899
921 479 924 459 982 467 979 488 ship 0.7880
525 621 543 637 486 702 468 686 ship 0.7876
1021 138 1026 114 1094 127 1089 152 ship 0.7863
798 660 779 640 846 578 864 598 ship 0.7863
839 729 858 746 804 808 785 791 ship 0.7850
1214 349 1218 331 1265 340 1262 359 ship 0.7840
586 702 603 713 566 768 549 756 ship 0.7805
933 658 954 676 897 744 876 727 ship 0.7801
929 454 934 435 987 450 981 470 ship 0.7792
976 275 984 250 1060 276 1051 300 ship 0.7779
816 705 836 719 787 787 768 773 ship 0.7690
1224 306 1231 287 1277 303 1271 322 ship 0.7687
961 341 968 322 1014 338 1007 357 ship 0.7534
720 824 736 838 693 887 678 874 ship 0.7511
939 411 943 392 993 404 988 423 ship 0.7506
702 805 717 818 676 867 660 853 ship 0.7454
773 660 788 672 748 721 733 709 ship 0.7411
1481 609 1499 624 1450 688 1431 673 ship 0.7332
556 926 577 942 531 1001 510 984 ship 0.7324
490 614 508 626 468 687 449 674 ship 0.7279
612 708 630 720 586 782 568 769 ship 0.7238
934 428 940 409 990 425 984 444 ship 0.7221
1251 235 1257 209 1314 221 1308 247 ship 0.7186
978 656 998 672 949 734 929 718 ship 0.7184
1162 556 1169 537 1215 555 1207 574 ship 0.7183
731 628 747 640 707 694 691 682 ship 0.7111
911 290 916 273 964 286 959 303 ship 0.7061
648 870 664 881 627 934 612 923 ship 0.6821
919 266 923 250 968 262 964 279 ship 0.6768
697 590 716 605 664 671 645 655 ship 0.6717
1205 402 1209 383 1260 394 1255 414 ship 0.6691
860 482 864 465 905 474 901 492 ship 0.6670
574 952 597 968 546 1042 523 1027 ship 0.6666
637 855 650 867 618 901 605 889 ship 0.6642
541 650 555 664 508 713 494 699 ship 0.6635
1260 190 1268 162 1328 179 1320 207 ship 0.6615
1003 202 1011 183 1065 206 1056 226 ship 0.6567
488 725 502 734 476 773 462 764 ship 0.6506
620 745 634 757 603 794 588 782 ship 0.6492
587 806 601 816 572 855 559 846 ship 0.6422
722 704 708 690 757 642 771 656 ship 0.6388
885 417 889 401 930 414 926 429 ship 0.6290
988 251 993 230 1043 242 1038 263 ship 0.6252
964 321 969 300 1033 315 1028 336 ship 0.6251
535 770 550 779 527 817 512 808 ship 0.6175
474 712 486 724 453 759 441 747 ship 0.6175
461 874 475 886 442 925 428 913 ship 0.6168
1453 590 1469 603 1432 652 1415 640 ship 0.6063
1239 266 1241 247 1281 250 1279 269 ship 0.5996
652 770 665 783 626 824 613 811 ship 0.5977
571 681 587 696 547 741 531 726 ship 0.5838
941 219 945 203 983 212 979 228 ship 0.5821
755 620 731 591 784 547 808 576 ship 0.5704
889 393 894 378 933 392 928 407 ship 0.5616
1219 333 1221 314 1270 321 1268 340 ship 0.5562
606 823 620 832 597 868 583 859 ship 0.5320
877 452 880 439 914 446 912 459 ship 0.5309
938 234 941 219 979 227 976 242 ship 0.5255
693 659 682 646 724 610 735 622 ship 0.5152
915 312 916 296 956 297 955 313 ship 0.5144
954 366 960 348 1005 363 999 381 ship 0.5135
417 854 432 861 415 901 399 894 ship 0.5041
1009 842 995 827 1085 743 1099 758 ship 0.5022
436 741 427 729 460 702 470 714 ship 0.4963
510 750 527 759 506 800 489 791 ship 0.4932
932 245 936 230 973 239 970 253 ship 0.4875
1195 425 1200 407 1245 419 1240 437 ship 0.4874
1490 671 1505 685 1470 723 1454 709 ship 0.4839
785 527 795 517 819 539 809 549 ship 0.4787
813 519 816 508 847 514 845 526 ship 0.4479
945 384 951 366 1000 382 994 400 ship 0.4443
1383 543 1404 557 1353 631 1332 616 ship 0.4197
500 735 514 743 490 783 476 775 ship 0.3957
558 785 570 792 551 822 540 815 ship 0.3791
881 440 883 426 919 431 917 445 ship 0.3743
850 789 840 777 871 747 882 758 ship 0.3645
961 154 971 142 1000 166 991 178 ship 0.3553
1039 102 1047 84 1104 107 1097 126 ship 0.3466
1432 580 1445 587 1425 624 1412 618 ship 0.3380
426 729 418 719 446 697 454 708 ship 0.3308
456 940 449 927 486 905 493 918 ship 0.3163
896 384 898 367 939 373 937 390 ship 0.2973
957 179 960 164 994 172 991 187 ship 0.2969
1405 501 1428 481 1469 528 1447 548 ship 0.2961
555 832 544 821 571 794 582 805 ship 0.2931
1015 185 1022 165 1078 186 1070 206 ship 0.2877
509 931 520 940 499 968 487 959 ship 0.2741
598 550 611 554 601 591 588 587 ship 0.2654
675 906 685 915 653 950 643 941 ship 0.2540
632 566 643 573 625 602 613 595 ship 0.2461
869 470 871 456 906 461 904 475 ship 0.2378
1240 657 1227 636 1299 592 1312 612 ship 0.2320
770 732 760 718 806 687 815 701 ship 0.2258
1414 759 1431 750 1448 779 1432 789 ship 0.2197
1261 150 1268 129 1330 148 1323 169 ship 0.2181
562 540 569 530 596 548 589 558 ship 0.1897
614 559 625 564 610 596 600 591 ship 0.1880
768 270 779 257 830 300 819 313 ship 0.1849
1032 862 1010 838 1096 757 1118 781 ship 0.1841
450 931 441 918 479 893 488 905 ship 0.1758
578 566 588 563 596 588 585 591 ship 0.1756
611 800 600 786 634 759 645 774 ship 0.1678
794 523 799 512 831 527 825 538 ship 0.1590
485 912 496 917 480 953 468 947 ship 0.1536
969 135 978 126 1002 150 992 159 ship 0.1521
402 663 407 653 444 676 439 686 ship 0.1459
712 569 708 559 742 545 746 555 ship 0.1418
544 526 551 515 576 531 569 542 ship 0.1406
1432 738 1432 721 1464 722 1464 738 ship 0.1401
440 967 455 956 476 983 461 994 ship 0.1330
1267 120 1277 106 1302 123 1292 137 ship 0.1312
1284 121 1294 106 1335 132 1325 147 ship 0.1303
1190 470 1190 452 1236 453 1235 471 ship 0.1225
664 569 683 572 674 641 654 638 ship 0.1221
1366 147 1379 152 1366 187 1353 182 ship 0.1203
1478 1056 1489 1051 1522 1119 1510 1124 ship 0.1187
621 555 629 547 656 573 647 581 ship 0.1160
426 911 415 900 443 872 454 883 ship 0.1123
642 938 633 927 675 894 684 905 ship 0.1123
357 881 372 883 368 915 353 912 ship 0.1122
952 195 956 182 986 189 983 203 ship 0.1111
709 563 703 554 731 537 737 546 ship 0.1070
285 805 292 794 335 823 328 833 ship 0.1063
744 551 752 560 723 589 715 580 ship 0.1034
1597 209 1627 214 1621 248 1591 243 storage-tank 0.4405
457 1158 500 1159 499 1204 456 1203 storage-tank 0.4228
540 1147 572 1173 543 1208 511 1181 storage-tank 0.2815
1698 589 1725 605 1708 634 1682 619 storage-tank 0.2700
1479 463 1586 310 1751 426 1645 578 storage-tank 0.2465
1695 668 1728 673 1723 707 1690 702 storage-tank 0.2146
640 1142 669 1145 666 1177 637 1174 storage-tank 0.1886
1679 635 1706 633 1708 659 1681 661 storage-tank 0.1551
354 1146 400 1140 406 1185 360 1191 storage-tank 0.1427
1705 634 1731 638 1727 665 1700 661 storage-tank 0.1395
1677 476 1770 489 1752 618 1659 605 storage-tank 0.1391
1448 286 1543 135 1706 238 1612 389 storage-tank 0.1080
461 1126 484 1130 481 1156 457 1152 storage-tank 0.1051
260 833 317 762 584 977 527 1048 harbor 0.7446
382 691 461 600 773 870 694 961 harbor 0.6440
1182 117 1306 141 1212 636 1088 613 harbor 0.6256
951 102 1063 123 985 547 873 527 harbor 0.6124
580 588 668 478 971 719 883 829 harbor 0.4152
1008 846 994 832 1086 743 1099 757 harbor 0.2818
1242 659 1228 640 1293 592 1308 612 harbor 0.2335
536 541 574 493 671 571 632 619 harbor 0.1980
107 198 183 163 285 380 208 415 harbor 0.1683
1361 427 1440 461 1367 633 1287 599 harbor 0.1658
1579 987 1595 968 1787 1130 1771 1149 harbor 0.1459
735 523 790 527 783 627 727 623 harbor 0.1456
402 663 407 653 444 676 439 686 harbor 0.1369
1113 121 1139 88 1346 252 1320 284 harbor 0.1294
507 477 535 497 416 665 387 645 harbor 0.1272
1416 580 1475 575 1486 682 1426 688 harbor 0.1219
798 660 779 640 846 578 864 598 harbor 0.1169
533 1038 516 1019 582 956 599 975 harbor 0.1166
780 254 758 232 927 63 949 85 harbor 0.1112
1032 862 1010 838 1096 757 1118 781 harbor 0.1110
556 926 577 942 531 1001 510 984 harbor 0.1066
862 767 836 740 932 650 957 677 harbor 0.1011
663 666 644 647 703 591 721 610 harbor 0.1003
