299 1722 342 1741 309 1819 265 1800 bridge 0.1712
294 1728 303 1704 357 1723 349 1747 bridge 0.1190
149 2244 160 2225 208 2253 197 2272 small-vehicle 0.1055
2461 569 2478 552 2555 626 2538 643 large-vehicle 0.2016
2235 117 2245 100 2340 162 2330 178 large-vehicle 0.1567
2784 704 2793 685 2916 737 2907 757 large-vehicle 0.1387
2795 771 2805 751 2899 795 2890 815 large-vehicle 0.1277
2385 525 2400 509 2451 556 2436 572 large-vehicle 0.1274
2657 530 2666 511 2751 554 2742 572 large-vehicle 0.1127
2515 1239 2537 1250 2497 1334 2475 1324 large-vehicle 0.1118
2810 688 2815 673 2917 711 2911 726 large-vehicle 0.1065
2087 99 2098 78 2198 129 2187 151 large-vehicle 0.1063
2626 621 2637 598 2763 657 2752 681 large-vehicle 0.1044
2621 619 2630 597 2758 648 2749 670 ship 0.4946
2659 538 2668 518 2751 553 2743 573 ship 0.4732
2063 98 2076 64 2329 160 2316 194 ship 0.4465
2639 590 2646 571 2757 610 2750 629 ship 0.4074
2648 572 2655 555 2749 589 2743 607 ship 0.3602
2772 576 2790 549 2910 626 2892 654 ship 0.2762
2583 638 2598 619 2708 712 2692 730 ship 0.2736
2653 557 2659 539 2752 571 2746 589 ship 0.2543
2806 679 2817 665 2910 732 2899 746 ship 0.2531
2235 117 2245 100 2340 162 2330 178 ship 0.2353
2605 627 2619 609 2723 688 2709 706 ship 0.1943
2790 691 2803 674 2898 751 2885 768 ship 0.1914
2800 546 2825 501 2949 570 2925 615 ship 0.1844
2770 732 2785 713 2891 793 2876 812 ship 0.1251
2589 694 2601 674 2694 731 2682 752 ship 0.1029
410 1295 439 1251 542 1316 514 1361 tennis-court 0.3236
567 1108 600 1062 699 1133 666 1180 tennis-court 0.3181
515 1166 545 1128 640 1202 610 1240 tennis-court 0.2654
457 1229 492 1187 587 1266 551 1308 tennis-court 0.2633
2540 1788 2603 1773 2630 1890 2567 1904 tennis-court 0.1441
189 1096 220 1055 322 1133 291 1174 tennis-court 0.1408
1733 1046 1826 1061 1810 1160 1717 1145 storage-tank 0.9563
1864 1058 1947 1079 1925 1164 1843 1143 storage-tank 0.9529
1923 961 2010 970 2000 1065 1912 1055 storage-tank 0.9469
1807 945 1899 969 1874 1065 1782 1040 storage-tank 0.9436
1797 1157 1880 1174 1860 1268 1777 1250 storage-tank 0.9276
1870 876 1927 884 1918 945 1861 936 storage-tank 0.8410
1251 1802 1300 1813 1289 1864 1240 1852 storage-tank 0.8199
1859 586 1899 593 1891 634 1851 626 storage-tank 0.7505
1290 1756 1344 1764 1335 1817 1282 1809 storage-tank 0.7497
1331 1700 1384 1710 1374 1763 1321 1753 storage-tank 0.7478
1937 650 1972 656 1965 693 1930 686 storage-tank 0.7239
1935 580 1969 580 1968 617 1934 617 storage-tank 0.7060
1209 1851 1261 1857 1254 1912 1203 1906 storage-tank 0.6929
1813 545 1852 549 1848 592 1808 588 storage-tank 0.6874
1976 609 2007 614 2001 651 1970 646 storage-tank 0.6481
1892 538 1934 542 1929 589 1888 585 storage-tank 0.6414
1847 501 1886 506 1881 545 1842 540 storage-tank 0.5980
1516 854 1548 856 1546 893 1513 890 storage-tank 0.5751
1455 785 1483 790 1477 822 1449 816 storage-tank 0.5729
1423 1831 1455 1837 1448 1877 1415 1871 storage-tank 0.5724
1660 554 1710 563 1701 613 1651 603 storage-tank 0.5501
1304 1670 1339 1676 1331 1718 1296 1711 storage-tank 0.5296
1413 755 1446 758 1442 794 1410 791 storage-tank 0.5287
1563 859 1593 863 1589 896 1559 892 storage-tank 0.5260
1610 514 1659 521 1652 574 1602 567 storage-tank 0.5198
1279 1694 1317 1705 1305 1748 1266 1736 storage-tank 0.5089
2070 764 2115 771 2107 820 2062 813 storage-tank 0.4810
1389 1797 1414 1806 1404 1834 1378 1825 storage-tank 0.4756
1485 813 1515 816 1511 850 1482 847 storage-tank 0.4740
1842 722 1867 724 1865 749 1841 747 storage-tank 0.4540
1571 921 1599 922 1598 953 1570 952 storage-tank 0.4198
1809 663 1837 667 1833 697 1805 693 storage-tank 0.4192
1784 645 1812 648 1808 681 1780 678 storage-tank 0.3978
1252 1742 1283 1755 1267 1794 1236 1781 storage-tank 0.3964
1823 706 1849 707 1849 735 1823 734 storage-tank 0.3811
1491 703 1512 706 1509 728 1488 725 storage-tank 0.3720
2022 732 2063 733 2062 777 2021 777 storage-tank 0.3677
1629 663 1650 664 1648 687 1627 685 storage-tank 0.3632
1593 939 1623 939 1623 973 1594 973 storage-tank 0.3523
1354 1581 1383 1585 1379 1620 1350 1617 storage-tank 0.3481
1622 909 1650 913 1645 944 1617 940 storage-tank 0.3321
1294 1901 1319 1901 1318 1928 1294 1928 storage-tank 0.3287
1307 1940 1326 1947 1318 1967 1300 1960 storage-tank 0.3277
1797 818 1816 821 1811 844 1793 840 storage-tank 0.3222
1392 1874 1421 1887 1403 1928 1373 1915 storage-tank 0.3210
1589 632 1610 636 1606 657 1585 653 storage-tank 0.3195
1691 844 1713 850 1706 875 1684 869 storage-tank 0.3156
1508 726 1526 727 1525 747 1507 747 storage-tank 0.3154
1712 866 1730 877 1718 896 1700 886 storage-tank 0.3134
1612 650 1633 651 1631 673 1610 672 storage-tank 0.3092
1306 1602 1336 1609 1327 1649 1297 1642 storage-tank 0.3072
1898 625 1936 632 1929 672 1891 665 storage-tank 0.3063
1551 905 1580 906 1579 937 1550 935 storage-tank 0.3056
1303 1539 1336 1544 1331 1582 1298 1578 storage-tank 0.3041
1618 809 1642 816 1635 842 1611 835 storage-tank 0.3024
1654 983 1679 982 1680 1015 1655 1015 storage-tank 0.2975
1809 702 1828 704 1826 726 1807 724 storage-tank 0.2928
2005 546 2035 545 2035 580 2005 581 storage-tank 0.2923
1763 813 1784 811 1786 836 1766 838 storage-tank 0.2862
1355 1912 1384 1916 1380 1951 1351 1948 storage-tank 0.2861
1203 1802 1237 1811 1226 1852 1192 1843 storage-tank 0.2855
1195 1610 1211 1610 1211 1629 1196 1629 storage-tank 0.2817
1756 631 1787 635 1783 667 1751 663 storage-tank 0.2785
1672 870 1694 874 1689 897 1668 892 storage-tank 0.2770
1671 959 1699 960 1698 995 1669 994 storage-tank 0.2758
1523 742 1542 740 1544 765 1526 767 storage-tank 0.2746
1284 1583 1311 1586 1308 1614 1281 1611 storage-tank 0.2737
1218 1617 1234 1616 1235 1634 1219 1635 storage-tank 0.2736
1572 759 1594 762 1591 788 1569 786 storage-tank 0.2724
1781 801 1799 804 1795 826 1776 823 storage-tank 0.2717
1566 643 1585 644 1584 665 1565 664 storage-tank 0.2708
1547 712 1565 712 1565 734 1547 734 storage-tank 0.2702
1193 1634 1208 1634 1207 1648 1193 1648 storage-tank 0.2702
1591 653 1609 654 1608 673 1590 672 storage-tank 0.2697
1574 659 1592 660 1590 681 1572 680 storage-tank 0.2670
1788 837 1808 839 1805 863 1785 861 storage-tank 0.2630
1581 612 1600 619 1594 637 1574 630 storage-tank 0.2630
1645 676 1661 679 1657 696 1641 692 storage-tank 0.2624
1157 1604 1173 1603 1175 1621 1159 1623 storage-tank 0.2588
1842 686 1868 691 1862 719 1837 714 storage-tank 0.2567
1177 1602 1192 1601 1194 1622 1178 1623 storage-tank 0.2548
1624 682 1642 682 1642 702 1624 702 storage-tank 0.2509
1167 1634 1180 1635 1179 1649 1166 1648 storage-tank 0.2444
1367 1816 1392 1817 1391 1844 1365 1843 storage-tank 0.2424
1507 689 1530 693 1526 720 1503 717 storage-tank 0.2418
1325 1561 1354 1567 1348 1600 1319 1595 storage-tank 0.2413
1313 1913 1336 1918 1330 1944 1307 1939 storage-tank 0.2412
1224 1635 1241 1633 1242 1651 1225 1653 storage-tank 0.2394
1140 1605 1155 1604 1155 1621 1141 1621 storage-tank 0.2362
1176 1585 1190 1585 1191 1601 1176 1601 storage-tank 0.2340
1285 1920 1308 1922 1306 1946 1283 1944 storage-tank 0.2338
1634 780 1657 788 1647 814 1624 806 storage-tank 0.2334
1162 1577 1177 1575 1180 1592 1165 1594 storage-tank 0.2328
1197 1593 1211 1595 1210 1609 1196 1608 storage-tank 0.2278
1566 731 1584 734 1582 755 1564 753 storage-tank 0.2275
1675 825 1697 832 1689 857 1668 851 storage-tank 0.2262
1156 1618 1171 1618 1171 1637 1156 1637 storage-tank 0.2255
1353 1839 1377 1843 1373 1876 1348 1872 storage-tank 0.2226
1375 1603 1401 1608 1395 1637 1369 1632 storage-tank 0.2206
1160 1806 1187 1808 1185 1836 1158 1835 storage-tank 0.2186
1610 716 1627 717 1625 736 1608 735 storage-tank 0.2184
1655 688 1672 690 1670 708 1653 706 storage-tank 0.2159
1171 1672 1187 1675 1184 1693 1168 1690 storage-tank 0.2157
1625 701 1644 702 1642 722 1624 720 storage-tank 0.2155
1144 1577 1160 1576 1161 1594 1145 1594 storage-tank 0.2146
1125 1589 1137 1592 1133 1604 1121 1600 storage-tank 0.2126
1125 1604 1142 1604 1141 1621 1125 1621 storage-tank 0.2125
1138 1622 1154 1621 1154 1640 1138 1641 storage-tank 0.2117
1737 753 1757 755 1755 775 1735 774 storage-tank 0.2107
1757 773 1776 775 1774 796 1755 794 storage-tank 0.2100
1865 681 1892 684 1889 715 1862 712 storage-tank 0.2085
1121 1620 1139 1619 1139 1640 1121 1640 storage-tank 0.2072
1180 1687 1202 1689 1199 1714 1177 1712 storage-tank 0.2067
1527 712 1546 714 1544 737 1525 735 storage-tank 0.2058
1542 741 1560 740 1561 764 1542 764 storage-tank 0.2056
1201 1579 1215 1581 1213 1594 1199 1592 storage-tank 0.2044
1298 1959 1314 1963 1309 1979 1294 1975 storage-tank 0.2035
1730 881 1748 892 1732 918 1714 906 storage-tank 0.2017
1648 797 1671 804 1662 832 1639 824 storage-tank 0.2006
1232 1774 1261 1786 1246 1822 1217 1810 storage-tank 0.1996
1250 1599 1270 1600 1269 1621 1249 1620 storage-tank 0.1989
1352 1763 1386 1768 1381 1804 1347 1800 storage-tank 0.1976
1317 1869 1340 1876 1332 1904 1309 1897 storage-tank 0.1970
1159 1660 1177 1660 1177 1682 1159 1681 storage-tank 0.1945
1245 1619 1264 1620 1263 1640 1244 1639 storage-tank 0.1943
1777 781 1796 784 1792 806 1773 803 storage-tank 0.1942
1221 1588 1237 1591 1234 1607 1218 1604 storage-tank 0.1935
1140 1650 1156 1650 1156 1669 1140 1668 storage-tank 0.1931
1258 1673 1281 1671 1283 1701 1260 1703 storage-tank 0.1917
1560 623 1577 626 1573 645 1555 641 storage-tank 0.1906
1720 737 1738 736 1739 757 1721 758 storage-tank 0.1906
430 1108 456 1098 468 1129 442 1139 storage-tank 0.1890
1754 488 1784 496 1774 529 1744 520 storage-tank 0.1877
1706 827 1725 830 1723 852 1703 850 storage-tank 0.1875
1191 1678 1208 1679 1207 1696 1190 1695 storage-tank 0.1854
1339 1815 1367 1818 1364 1846 1336 1844 storage-tank 0.1853
1091 1868 1112 1873 1108 1893 1087 1888 storage-tank 0.1838
1607 792 1630 796 1626 821 1603 817 storage-tank 0.1830
1580 695 1595 695 1595 713 1580 713 storage-tank 0.1822
1107 1863 1126 1867 1123 1886 1104 1882 storage-tank 0.1808
1283 1613 1308 1619 1301 1647 1277 1641 storage-tank 0.1795
1395 1824 1420 1829 1414 1858 1389 1853 storage-tank 0.1783
1239 1714 1266 1721 1258 1752 1232 1746 storage-tank 0.1766
1749 795 1768 795 1769 818 1750 818 storage-tank 0.1742
1590 742 1608 747 1603 766 1585 761 storage-tank 0.1734
1385 1584 1411 1585 1410 1613 1384 1613 storage-tank 0.1725
1377 1843 1404 1847 1398 1882 1372 1878 storage-tank 0.1707
1319 1832 1345 1840 1337 1865 1311 1858 storage-tank 0.1706
1856 624 1887 632 1879 664 1848 655 storage-tank 0.1699
1666 810 1686 819 1676 840 1657 831 storage-tank 0.1690
1811 796 1829 797 1827 820 1808 818 storage-tank 0.1687
1646 708 1666 710 1663 732 1643 729 storage-tank 0.1684
1788 686 1807 688 1805 711 1785 708 storage-tank 0.1682
1230 1573 1246 1576 1243 1592 1226 1589 storage-tank 0.1671
1674 934 1695 937 1692 960 1671 958 storage-tank 0.1669
1341 1940 1360 1946 1353 1968 1334 1963 storage-tank 0.1661
1203 1759 1228 1768 1218 1798 1193 1789 storage-tank 0.1660
1643 949 1666 951 1663 982 1640 980 storage-tank 0.1657
1253 1646 1272 1647 1271 1669 1252 1668 storage-tank 0.1636
1400 1846 1427 1852 1419 1890 1392 1884 storage-tank 0.1633
1845 662 1870 667 1864 693 1839 688 storage-tank 0.1625
2008 573 2033 577 2029 604 2004 600 storage-tank 0.1624
1253 865 1279 875 1267 907 1241 897 storage-tank 0.1615
1128 1567 1142 1569 1139 1584 1126 1582 storage-tank 0.1605
1713 720 1732 724 1728 745 1709 742 storage-tank 0.1600
1233 1696 1256 1696 1255 1723 1232 1723 storage-tank 0.1575
1671 696 1687 699 1684 716 1667 713 storage-tank 0.1574
1410 1579 1437 1579 1437 1609 1410 1610 storage-tank 0.1565
1640 825 1662 829 1658 851 1636 848 storage-tank 0.1560
1228 1673 1246 1672 1247 1692 1229 1693 storage-tank 0.1555
1594 771 1613 778 1605 799 1587 792 storage-tank 0.1553
1535 895 1559 898 1556 925 1531 922 storage-tank 0.1553
1205 1561 1219 1563 1217 1577 1203 1575 storage-tank 0.1544
1708 773 1726 774 1726 793 1707 792 storage-tank 0.1541
1096 1891 1114 1894 1112 1912 1094 1910 storage-tank 0.1528
1763 840 1782 841 1781 863 1762 862 storage-tank 0.1519
1001 1940 1022 1939 1024 1965 1002 1966 storage-tank 0.1500
1801 615 1833 621 1827 656 1795 650 storage-tank 0.1498
1518 673 1541 676 1537 700 1515 697 storage-tank 0.1487
1834 750 1850 746 1854 765 1838 768 storage-tank 0.1474
1727 772 1747 768 1750 790 1730 793 storage-tank 0.1462
1882 712 1904 721 1894 746 1872 737 storage-tank 0.1449
1217 1733 1242 1741 1233 1772 1207 1764 storage-tank 0.1446
1201 923 1229 927 1224 961 1195 957 storage-tank 0.1444
1682 709 1699 713 1695 730 1678 726 storage-tank 0.1442
1768 889 1787 904 1757 941 1738 926 storage-tank 0.1432
1652 645 1672 654 1664 673 1644 664 storage-tank 0.1423
1477 763 1496 762 1498 786 1479 787 storage-tank 0.1422
1759 865 1777 875 1763 901 1745 891 storage-tank 0.1419
1261 1575 1281 1577 1279 1600 1259 1598 storage-tank 0.1416
1589 862 1615 866 1610 893 1585 888 storage-tank 0.1402
1208 1708 1229 1715 1221 1736 1200 1728 storage-tank 0.1401
1149 1680 1167 1678 1170 1704 1151 1706 storage-tank 0.1401
1665 719 1685 719 1684 743 1665 742 storage-tank 0.1399
1735 837 1753 839 1751 861 1732 858 storage-tank 0.1386
1281 1645 1305 1650 1299 1679 1276 1675 storage-tank 0.1386
1232 888 1257 902 1238 936 1212 921 storage-tank 0.1381
1234 1558 1251 1561 1248 1578 1231 1574 storage-tank 0.1373
1552 653 1572 655 1570 677 1550 675 storage-tank 0.1364
1082 1905 1099 1906 1098 1924 1081 1923 storage-tank 0.1360
1065 1907 1081 1906 1082 1923 1067 1924 storage-tank 0.1355
1073 1881 1091 1882 1091 1902 1073 1902 storage-tank 0.1349
1904 665 1934 665 1934 701 1903 700 storage-tank 0.1346
1863 745 1884 747 1881 769 1861 766 storage-tank 0.1341
1471 741 1492 744 1488 769 1467 766 storage-tank 0.1333
1698 804 1718 808 1713 829 1693 824 storage-tank 0.1315
1367 1944 1388 1950 1380 1976 1359 1969 storage-tank 0.1315
1037 1920 1054 1917 1057 1936 1041 1940 storage-tank 0.1309
1160 1858 1186 1856 1188 1887 1162 1889 storage-tank 0.1295
1689 931 1709 931 1710 953 1690 953 storage-tank 0.1283
1806 772 1824 772 1823 793 1806 793 storage-tank 0.1245
1633 616 1660 624 1653 649 1626 641 storage-tank 0.1241
817 1448 836 1449 834 1472 816 1470 storage-tank 0.1241
1187 1780 1212 1788 1202 1821 1177 1813 storage-tank 0.1240
1049 1901 1066 1899 1068 1920 1051 1922 storage-tank 0.1220
1595 813 1617 817 1613 841 1591 837 storage-tank 0.1207
1254 1932 1275 1933 1274 1954 1254 1954 storage-tank 0.1197
1891 687 1917 693 1911 724 1884 718 storage-tank 0.1196
1029 1940 1046 1938 1048 1957 1032 1959 storage-tank 0.1195
1266 1555 1288 1559 1285 1582 1262 1579 storage-tank 0.1194
1182 1837 1213 1838 1212 1875 1181 1875 storage-tank 0.1186
1113 1560 1126 1561 1124 1576 1111 1574 storage-tank 0.1178
1722 794 1742 794 1741 815 1722 815 storage-tank 0.1166
1128 1868 1149 1869 1148 1890 1128 1889 storage-tank 0.1166
1667 780 1684 785 1679 802 1662 797 storage-tank 0.1158
2035 557 2063 559 2060 589 2033 586 storage-tank 0.1158
1628 738 1645 743 1640 760 1623 755 storage-tank 0.1156
1094 1915 1113 1915 1113 1936 1093 1935 storage-tank 0.1151
1117 1546 1132 1548 1129 1565 1115 1562 storage-tank 0.1150
1320 1970 1336 1975 1332 1992 1315 1987 storage-tank 0.1149
1105 1654 1123 1656 1121 1677 1103 1676 storage-tank 0.1146
1319 1641 1348 1648 1339 1685 1310 1678 storage-tank 0.1144
1672 737 1690 742 1685 760 1668 756 storage-tank 0.1138
1537 589 1553 594 1548 611 1532 606 storage-tank 0.1132
1469 671 1486 673 1484 692 1467 690 storage-tank 0.1129
1680 1202 1713 1203 1711 1250 1678 1248 storage-tank 0.1122
1711 920 1730 923 1726 947 1707 944 storage-tank 0.1119
1279 1962 1295 1970 1287 1989 1270 1982 storage-tank 0.1118
1355 1635 1377 1641 1371 1667 1348 1662 storage-tank 0.1116
1640 852 1662 854 1660 877 1639 876 storage-tank 0.1106
1144 1845 1164 1846 1164 1867 1143 1866 storage-tank 0.1094
839 1435 858 1437 855 1462 835 1459 storage-tank 0.1087
1699 743 1718 742 1719 762 1700 763 storage-tank 0.1076
1664 596 1699 607 1689 639 1654 628 storage-tank 0.1075
1121 1893 1142 1894 1140 1916 1119 1915 storage-tank 0.1074
1089 1639 1108 1642 1104 1665 1085 1661 storage-tank 0.1058
1125 1685 1144 1682 1149 1709 1130 1712 storage-tank 0.1056
800 1456 820 1456 819 1480 800 1479 storage-tank 0.1055
1145 1534 1159 1535 1158 1549 1144 1548 storage-tank 0.1048
1447 1687 1467 1694 1460 1718 1439 1711 storage-tank 0.1046
1501 573 1521 575 1519 598 1499 595 storage-tank 0.1037
1036 1954 1053 1956 1050 1977 1033 1975 storage-tank 0.1034
1759 670 1779 673 1776 695 1756 692 storage-tank 0.1030
1632 998 1651 994 1659 1024 1639 1029 storage-tank 0.1027
1521 562 1538 565 1535 583 1518 581 storage-tank 0.1011
1120 1835 1141 1837 1139 1857 1117 1854 storage-tank 0.1004
658 1502 677 1502 677 1524 658 1524 storage-tank 0.1001
