1017 569 1025 548 1059 561 1050 582 plane 0.1220
623 150 649 138 663 170 637 181 plane 0.1137
1000 -12 1018 -19 1034 25 1015 31 bridge 0.1572
1334 794 1426 859 977 1494 885 1429 bridge 0.1255
794 554 818 478 1105 571 1081 647 bridge 0.1006
853 527 879 480 1020 558 994 605 ground-track-field 0.5684
940 862 964 882 886 977 862 957 ship 0.6909
1047 1261 1062 1273 1017 1334 1001 1323 ship 0.6234
389 579 408 595 315 707 295 691 ship 0.5950
536 800 558 817 451 962 428 945 ship 0.5539
637 701 652 711 612 766 598 756 ship 0.5244
436 595 456 611 350 738 330 722 ship 0.4784
571 355 585 365 544 422 530 412 ship 0.4734
985 915 1004 931 926 1023 908 1007 ship 0.4686
596 411 610 420 576 467 562 457 ship 0.4585
970 1357 983 1367 939 1423 927 1413 ship 0.4179
899 967 934 994 809 1160 774 1134 ship 0.3895
778 623 792 633 739 711 725 701 ship 0.3544
841 995 859 1009 765 1132 747 1118 ship 0.3504
1090 1236 1079 1225 1118 1186 1129 1197 ship 0.3213
536 462 555 474 480 585 461 572 ship 0.2813
645 775 658 785 604 859 590 849 ship 0.2555
613 778 645 809 469 986 437 954 ship 0.2529
1182 1130 1173 1120 1216 1079 1225 1088 ship 0.2214
718 598 732 603 724 629 709 624 ship 0.2173
1006 858 1027 876 909 1012 888 994 ship 0.1750
1176 1117 1185 1118 1182 1140 1173 1139 ship 0.1596
1032 883 1024 872 1058 846 1066 858 ship 0.1518
716 682 703 668 752 624 766 638 ship 0.1426
608 772 620 780 594 816 582 807 ship 0.1384
558 416 547 405 592 362 603 373 ship 0.1216
1072 1262 1087 1273 1040 1336 1025 1325 ship 0.1139
657 706 672 718 632 769 617 757 ship 0.1125
611 799 623 807 595 852 583 844 ship 0.1121
328 705 313 688 401 613 416 630 ship 0.1075
591 800 605 808 580 854 566 845 ship 0.1058
747 654 758 662 725 702 714 693 ship 0.1056
858 526 882 483 1023 561 999 604 ship 0.1021
751 381 778 351 820 390 793 419 tennis-court 0.1015
853 527 879 480 1020 558 994 605 basketball-court 0.1459
874 531 897 496 982 551 959 586 soccer-ball-field 0.3708
1506 646 1542 650 1539 688 1503 684 roundabout 0.1109
1501 403 1529 382 1554 417 1526 438 roundabout 0.1025
803 542 846 580 469 1007 427 969 harbor 0.4610
620 366 638 382 338 714 320 699 harbor 0.3517
397 24 449 68 172 402 120 359 harbor 0.3405
1017 800 1065 838 803 1168 754 1130 harbor 0.2903
1209 1094 1229 1111 909 1482 889 1464 harbor 0.2630
530 803 558 822 466 959 438 940 harbor 0.2010
588 358 611 378 346 679 323 659 harbor 0.1979
663 371 686 393 332 753 309 731 harbor 0.1524
1355 920 1378 938 1048 1376 1025 1358 harbor 0.1465
933 866 956 885 884 973 861 954 harbor 0.1200
972 1359 986 1371 937 1428 923 1417 harbor 0.1006
747 374 777 350 815 398 785 423 swimming-pool 0.1151
