2439 2584 2460 2581 2465 2621 2444 2623 small-vehicle 0.1006
1175 2317 1171 2302 1226 2289 1229 2304 large-vehicle 0.1811
3027 1841 3043 1839 3049 1888 3033 1890 large-vehicle 0.1180
2497 2106 2530 2113 2514 2192 2481 2185 large-vehicle 0.1148
805 2275 802 2261 848 2251 851 2265 large-vehicle 0.1102
1176 2339 1171 2327 1222 2306 1227 2319 large-vehicle 0.1061
1163 2227 1172 2218 1199 2245 1190 2254 large-vehicle 0.1056
1080 2325 1079 2308 1135 2306 1135 2323 large-vehicle 0.1053
2242 333 2254 298 2400 348 2389 383 ship 0.4189
855 1752 878 1774 743 1924 719 1902 ship 0.3430
1453 1849 1434 1825 1549 1735 1567 1759 ship 0.2749
1927 443 1910 423 2012 338 2029 358 ship 0.2458
979 1611 996 1628 900 1725 883 1708 ship 0.2347
2791 2177 2814 2187 2779 2269 2756 2259 ship 0.2173
2831 2052 2852 2056 2844 2100 2823 2096 ship 0.1911
3028 1847 3043 1844 3051 1888 3036 1891 ship 0.1886
769 1781 671 1679 1496 889 1593 991 ship 0.1839
1256 1982 1250 1968 1314 1941 1320 1956 ship 0.1826
2730 316 2709 289 2806 215 2827 242 ship 0.1793
2720 1826 2905 1893 2636 2644 2450 2577 ship 0.1769
1259 1950 1259 1936 1316 1935 1317 1949 ship 0.1602
1609 1686 1605 1671 1665 1655 1669 1670 ship 0.1545
1707 1658 1695 1634 1802 1583 1813 1607 ship 0.1490
1146 2092 1139 2079 1185 2054 1192 2067 ship 0.1482
1137 2063 1133 2050 1184 2037 1187 2050 ship 0.1458
2127 1313 2123 1302 2164 1289 2168 1300 ship 0.1445
1707 1628 1697 1610 1769 1570 1779 1588 ship 0.1403
1604 1727 1593 1708 1671 1660 1682 1678 ship 0.1381
1760 1564 1763 1549 1811 1557 1809 1572 ship 0.1379
1462 1810 1445 1793 1524 1717 1540 1734 ship 0.1378
933 1606 951 1618 891 1718 872 1706 ship 0.1371
1423 850 1435 839 1467 876 1455 887 ship 0.1337
1285 1916 1285 1899 1368 1904 1367 1921 ship 0.1332
1573 587 1545 532 1987 313 2014 368 ship 0.1302
1633 1665 1630 1649 1690 1640 1692 1657 ship 0.1298
1421 1855 1424 1838 1476 1848 1473 1865 ship 0.1292
1976 1431 1975 1420 2011 1414 2013 1425 ship 0.1287
1212 2019 1207 2007 1242 1994 1247 2005 ship 0.1255
1071 1497 1089 1511 1034 1582 1016 1568 ship 0.1255
655 2147 652 2129 707 2122 710 2140 ship 0.1251
2094 1360 2083 1346 2145 1299 2155 1313 ship 0.1242
2090 371 2099 355 2248 435 2240 450 ship 0.1219
1263 1930 1265 1916 1314 1921 1313 1934 ship 0.1193
1865 1464 1872 1454 1907 1479 1900 1489 ship 0.1155
655 1883 668 1871 701 1906 688 1918 ship 0.1152
1412 1834 1417 1819 1455 1832 1449 1847 ship 0.1151
1550 1755 1542 1740 1600 1706 1609 1721 ship 0.1133
1313 1901 1311 1885 1383 1876 1385 1892 ship 0.1110
1153 2047 1150 2035 1199 2022 1202 2034 ship 0.1102
1080 1519 1070 1507 1109 1476 1119 1488 ship 0.1051
1486 1873 1456 1831 1940 1485 1970 1527 ship 0.1048
1210 2000 1207 1987 1246 1980 1248 1992 ship 0.1048
2061 277 2073 247 2254 319 2242 349 ship 0.1028
894 1708 907 1715 885 1757 873 1750 ship 0.1019
1328 869 1397 803 1615 1027 1547 1094 ship 0.1019
1579 1717 1572 1701 1633 1673 1640 1688 ship 0.1006
2131 366 2141 348 2233 402 2223 419 ship 0.1001
2262 2343 2315 2316 2347 2379 2295 2406 storage-tank 0.1204
1328 890 1388 827 1608 1037 1547 1100 harbor 0.1685
2015 294 2029 244 2408 353 2394 402 harbor 0.1675
2699 869 2748 912 2506 1182 2458 1139 harbor 0.1252
2719 1757 2713 1715 2773 1707 2778 1749 swimming-pool 0.1031
