2276 105 2348 45 2591 338 2518 398 bridge 0.1920
1283 2002 1249 1893 1997 1656 2032 1765 bridge 0.1426
1249 385 1263 374 1291 411 1277 421 large-vehicle 0.1050
2307 1535 2296 1514 2379 1470 2390 1491 ship 0.5238
2797 1340 2822 1328 2852 1393 2827 1404 ship 0.5090
2852 1318 2873 1310 2897 1372 2876 1380 ship 0.4816
2010 1089 2034 1079 2071 1170 2047 1180 ship 0.4234
2676 1387 2698 1379 2722 1442 2700 1451 ship 0.4008
2132 720 2144 701 2215 746 2203 765 ship 0.3638
1420 768 1453 749 1562 938 1529 957 ship 0.3308
2616 1408 2640 1408 2640 1470 2615 1470 ship 0.3285
2309 1554 2298 1529 2394 1489 2405 1514 ship 0.2827
2965 1095 2994 1074 3044 1141 3015 1162 ship 0.2785
3038 1122 3056 1106 3126 1181 3108 1198 ship 0.2659
2998 1320 2988 1301 3043 1275 3052 1294 ship 0.2597
2543 1656 2569 1647 2606 1758 2579 1767 ship 0.2595
2962 1015 2978 1001 3028 1059 3012 1073 ship 0.2513
2380 535 2370 515 2417 492 2427 511 ship 0.2393
2934 1285 2956 1285 2955 1346 2933 1346 ship 0.2287
2697 1389 2717 1380 2738 1431 2719 1439 ship 0.2274
384 1726 373 1682 728 1595 739 1639 ship 0.2136
1775 477 1765 450 1836 426 1845 453 ship 0.2114
1691 1278 1673 1254 1726 1215 1743 1240 ship 0.1959
1397 1121 1422 1103 1505 1216 1480 1235 ship 0.1949
2330 1628 2317 1608 2401 1552 2414 1573 ship 0.1943
3068 1192 3077 1169 3124 1188 3114 1211 ship 0.1929
2068 1226 2062 1200 2113 1189 2119 1215 ship 0.1905
1990 1051 2004 1032 2043 1061 2029 1079 ship 0.1892
344 1635 344 1610 414 1609 414 1634 ship 0.1879
1279 1511 1262 1477 1373 1424 1390 1458 ship 0.1840
2138 1443 2161 1436 2183 1509 2159 1516 ship 0.1757
2391 429 2576 334 2818 802 2632 898 ship 0.1708
1382 842 1408 818 1524 942 1497 967 ship 0.1564
2538 1745 2555 1732 2614 1815 2597 1827 ship 0.1533
2964 1068 2981 1044 3051 1092 3034 1117 ship 0.1513
1492 1005 1512 986 1565 1043 1544 1062 ship 0.1481
393 1652 389 1610 723 1582 727 1624 ship 0.1476
1676 1166 1673 1143 1767 1128 1770 1151 ship 0.1459
2254 1492 2446 1460 2536 1997 2343 2029 ship 0.1418
1366 1163 1387 1142 1486 1239 1465 1260 ship 0.1398
2454 411 2464 392 2511 417 2502 435 ship 0.1388
2989 1003 3002 987 3070 1042 3057 1058 ship 0.1366
2573 1622 2539 1446 3094 1337 3129 1512 ship 0.1345
1817 416 1835 404 1867 453 1849 465 ship 0.1328
1972 280 1995 264 2032 318 2008 334 ship 0.1308
1574 754 1600 734 1656 810 1629 830 ship 0.1303
1803 1141 1794 1122 1859 1091 1868 1110 ship 0.1265
2330 1596 2314 1578 2395 1506 2411 1524 ship 0.1247
2514 1659 2532 1648 2582 1730 2563 1741 ship 0.1231
1369 798 1385 783 1423 820 1407 836 ship 0.1230
2059 1227 2075 1208 2116 1242 2100 1261 ship 0.1202
353 1686 365 1663 424 1695 412 1717 ship 0.1124
1877 1192 1865 1172 1918 1139 1930 1159 ship 0.1118
2579 1473 2593 1460 2630 1499 2616 1513 ship 0.1100
3141 1386 3121 1353 3239 1280 3259 1312 ship 0.1082
1957 754 1971 731 2007 753 1994 776 ship 0.1079
2724 1378 2744 1375 2751 1419 2731 1422 ship 0.1050
341 1643 352 1621 423 1654 413 1677 ship 0.1033
1543 964 1563 950 1606 1007 1587 1022 ship 0.1021
1455 946 1474 930 1530 994 1510 1011 ship 0.1017
1125 879 1415 791 1646 1558 1356 1645 harbor 0.4576
1359 766 1421 726 1618 1026 1556 1067 harbor 0.4519
383 1628 407 1550 1476 1872 1452 1950 harbor 0.3788
1946 1485 2119 1402 2211 1593 2038 1676 harbor 0.2137
1977 764 2234 885 1982 1425 1725 1305 harbor 0.1698
754 1008 707 949 1073 659 1119 718 harbor 0.1580
384 1726 373 1682 728 1595 739 1639 harbor 0.1486
1423 1383 1484 1365 1543 1561 1482 1579 harbor 0.1340
1375 1952 1355 1874 1938 1727 1958 1805 harbor 0.1336
1689 1277 1670 1253 1725 1210 1744 1234 harbor 0.1271
397 1649 394 1604 716 1582 719 1627 harbor 0.1193
2137 1443 2163 1435 2185 1510 2159 1518 harbor 0.1084
1660 1146 1673 1129 1731 1172 1718 1189 harbor 0.1073
1659 1276 1619 1179 1826 1094 1866 1190 harbor 0.1045
1287 1553 1258 1520 1454 1343 1483 1376 harbor 0.1027
