1426 3397 1568 3310 1673 3482 1531 3569 plane 0.9369
600 1023 619 886 765 907 746 1043 plane 0.8634
590 1475 694 1413 763 1528 659 1590 plane 0.8397
1115 2633 1118 2528 1244 2531 1242 2637 plane 0.8174
629 2513 627 2420 742 2417 744 2510 plane 0.7613
621 2637 630 2545 733 2555 724 2647 plane 0.7199
1004 619 1131 596 1158 749 1031 772 plane 0.6894
1100 2422 1103 2316 1249 2321 1245 2427 plane 0.6739
617 1908 603 1815 741 1794 755 1887 plane 0.6713
1119 3104 1200 3063 1251 3163 1170 3205 plane 0.6619
1095 1751 1097 1615 1269 1617 1267 1753 plane 0.5753
622 2059 615 1963 737 1954 744 2051 plane 0.5038
1238 614 1316 615 1315 711 1237 711 plane 0.4659
1132 1416 1124 1325 1244 1314 1253 1404 plane 0.4384
491 691 516 612 619 644 594 723 plane 0.4324
548 797 540 769 588 754 597 782 plane 0.3968
1114 1970 1103 1885 1240 1867 1251 1952 plane 0.3796
660 623 737 608 756 705 679 720 plane 0.3317
651 2234 634 2155 724 2135 742 2214 plane 0.2800
631 2395 650 2352 702 2376 683 2419 plane 0.2595
1042 776 1045 739 1101 745 1098 781 plane 0.1828
689 2377 707 2352 736 2374 719 2398 plane 0.1661
1259 1844 1288 1851 1278 1897 1248 1891 plane 0.1509
537 941 547 925 580 946 569 963 plane 0.1140
1221 1380 1236 1353 1279 1376 1264 1404 plane 0.1126
712 1971 746 1956 765 1996 730 2012 plane 0.1125
1282 710 1301 694 1322 720 1304 735 plane 0.1114
769 2188 799 2179 813 2226 783 2235 plane 0.1010
895 1106 899 1086 945 1095 941 1115 large-vehicle 0.1252
1442 2799 1450 2781 1491 2799 1482 2817 large-vehicle 0.1207
487 1051 493 1034 522 1045 516 1062 large-vehicle 0.1174
1345 2757 1360 2752 1371 2785 1356 2790 large-vehicle 0.1111
1292 1118 1313 1117 1316 1178 1295 1179 large-vehicle 0.1016
624 2205 630 2140 721 2148 715 2213 swimming-pool 0.1315
1079 2411 1084 2308 1257 2316 1252 2420 swimming-pool 0.1179
615 2059 617 1956 741 1958 740 2061 helicopter 0.2060
646 2226 637 2152 734 2140 743 2215 helicopter 0.1689
660 623 737 608 756 705 679 720 helicopter 0.1600
589 1474 696 1406 776 1531 669 1599 helicopter 0.1466
632 2642 628 2551 732 2546 737 2637 helicopter 0.1210
1132 1416 1124 1325 1244 1314 1253 1404 helicopter 0.1171
611 1895 617 1797 741 1804 735 1902 helicopter 0.1037
