1321 1714 1593 1747 1554 2071 1283 2039 plane 0.9690
856 1001 1101 1059 1030 1353 786 1295 plane 0.9475
1867 1112 2116 1165 2052 1462 1804 1408 plane 0.9442
3203 1885 3353 1892 3345 2105 3195 2099 plane 0.9309
1036 1711 1284 1808 1178 2080 930 1984 plane 0.9258
492 1025 740 1022 744 1307 495 1310 plane 0.8933
2988 2794 3105 2842 3040 3003 2922 2955 plane 0.8420
1003 456 1115 464 1105 622 993 614 plane 0.7899
4270 3002 4380 3018 4359 3164 4249 3148 plane 0.7407
1985 2325 2116 2286 2162 2441 2031 2480 plane 0.6139
1627 1792 1862 1772 1886 2056 1652 2077 plane 0.5645
350 1686 398 1586 522 1645 474 1745 plane 0.5231
691 1195 664 1157 717 1120 743 1158 plane 0.1224
591 1343 597 1324 628 1334 622 1353 plane 0.1014
1704 3336 1702 3309 1778 3300 1781 3327 small-vehicle 0.1037
4272 2996 4380 3011 4360 3151 4252 3135 harbor 0.1003
4271 3005 4380 3026 4353 3166 4244 3144 helicopter 0.1211
1971 2341 2094 2279 2169 2428 2046 2490 helicopter 0.1085
