1079 712 1100 712 1101 754 1080 755 small-vehicle 0.5579
993 805 1014 806 1012 850 991 849 small-vehicle 0.5565
966 806 987 805 988 851 968 852 small-vehicle 0.4815
1014 806 1036 807 1033 854 1012 853 small-vehicle 0.4659
838 266 841 243 895 249 893 272 small-vehicle 0.3962
787 272 785 250 838 247 840 269 small-vehicle 0.3299
830 321 834 303 896 317 892 335 small-vehicle 0.2310
934 814 953 816 947 855 928 852 small-vehicle 0.2162
531 953 550 945 565 977 546 986 small-vehicle 0.1457
741 135 740 111 790 109 791 132 small-vehicle 0.1242
1034 805 1056 807 1052 855 1030 853 small-vehicle 0.1238
376 933 397 936 393 982 371 980 small-vehicle 0.1170
591 953 612 954 610 990 589 989 small-vehicle 0.1125
755 928 774 931 766 984 747 981 small-vehicle 0.1109
902 681 925 681 926 754 903 755 small-vehicle 0.1089
483 934 503 937 497 980 477 977 small-vehicle 0.1089
672 922 693 922 693 981 672 982 small-vehicle 0.1064
858 422 868 417 880 438 869 443 small-vehicle 0.1016
423 958 437 947 457 974 443 985 small-vehicle 0.1010
668 844 695 844 695 982 668 982 large-vehicle 0.6227
151 703 151 677 253 677 253 703 large-vehicle 0.6014
696 840 721 840 723 985 698 985 large-vehicle 0.5738
457 837 481 837 480 973 456 973 large-vehicle 0.5623
283 835 310 834 316 959 290 960 large-vehicle 0.5467
149 637 150 613 259 617 258 640 large-vehicle 0.5247
138 764 138 738 269 739 269 765 large-vehicle 0.5218
620 841 647 841 643 983 617 982 large-vehicle 0.5205
592 837 616 837 617 983 593 983 large-vehicle 0.5201
158 606 159 580 280 584 279 611 large-vehicle 0.5187
134 733 135 708 270 710 269 735 large-vehicle 0.5186
796 236 796 209 910 209 910 236 large-vehicle 0.5124
724 841 748 841 748 981 724 981 large-vehicle 0.5097
155 667 155 643 257 644 257 668 large-vehicle 0.5056
486 835 510 836 505 978 481 977 large-vehicle 0.5014
145 794 145 768 262 769 261 795 large-vehicle 0.4853
373 835 398 835 398 983 373 983 large-vehicle 0.4797
793 166 794 138 921 139 920 167 large-vehicle 0.4781
431 835 455 835 453 980 428 979 large-vehicle 0.4680
344 836 369 836 373 973 348 973 large-vehicle 0.4641
316 830 340 830 339 978 315 978 large-vehicle 0.4608
401 835 427 835 427 964 402 964 large-vehicle 0.4543
539 835 564 836 561 984 536 984 large-vehicle 0.4474
174 515 175 493 281 494 281 517 large-vehicle 0.4412
140 921 138 898 254 889 256 912 large-vehicle 0.4406
802 200 801 174 916 171 916 197 large-vehicle 0.4373
586 522 584 495 699 485 702 512 large-vehicle 0.3968
752 838 779 839 775 975 748 974 large-vehicle 0.3958
149 550 150 524 273 525 273 551 large-vehicle 0.3937
152 579 151 554 281 553 281 578 large-vehicle 0.3932
795 354 796 331 905 336 904 359 large-vehicle 0.3821
566 837 590 837 588 982 564 981 large-vehicle 0.3575
150 971 150 947 246 947 246 971 large-vehicle 0.3294
107 887 106 861 237 856 238 882 large-vehicle 0.3194
786 270 787 241 907 244 906 274 large-vehicle 0.2808
757 132 757 104 921 105 921 133 large-vehicle 0.2704
515 834 538 835 531 979 508 978 large-vehicle 0.2664
900 656 927 656 927 757 901 757 large-vehicle 0.1797
769 302 771 271 906 280 904 312 large-vehicle 0.1477
876 372 889 373 885 417 873 416 large-vehicle 0.1441
1079 712 1100 712 1101 754 1080 755 large-vehicle 0.1387
1046 1141 1071 1141 1071 1233 1046 1233 large-vehicle 0.1248
805 319 809 298 896 317 891 337 large-vehicle 0.1200
828 371 840 374 828 423 816 420 large-vehicle 0.1139
993 805 1014 806 1012 850 991 849 large-vehicle 0.1115
900 656 927 656 927 757 901 757 ship 0.1816
1046 1141 1071 1141 1071 1233 1046 1233 ship 0.1547
