208 21 226 7 246 32 228 47 plane 0.1574
329 1354 321 1334 395 1306 403 1327 bridge 0.1618
182 1671 167 1549 408 1519 424 1641 bridge 0.1346
1280 553 1277 532 1368 521 1371 542 bridge 0.1155
1253 296 1255 273 1411 290 1408 312 bridge 0.1103
53 1048 69 1041 85 1078 69 1085 small-vehicle 0.2672
171 1299 187 1290 206 1326 190 1334 small-vehicle 0.2466
95 256 113 262 102 302 83 296 small-vehicle 0.2416
489 225 507 228 501 267 482 264 small-vehicle 0.2413
1047 639 1067 633 1079 676 1060 682 small-vehicle 0.2342
830 633 849 637 841 675 822 671 small-vehicle 0.2310
536 227 555 230 548 273 529 270 small-vehicle 0.2252
571 226 588 230 578 272 561 268 small-vehicle 0.2252
550 198 557 180 593 194 586 212 small-vehicle 0.2160
632 790 635 773 671 779 668 795 small-vehicle 0.2069
689 583 698 563 735 580 726 600 small-vehicle 0.2059
601 723 611 705 646 724 636 742 small-vehicle 0.2048
255 585 273 589 264 629 247 625 small-vehicle 0.2032
1231 663 1253 659 1260 702 1238 705 small-vehicle 0.1972
518 690 530 676 563 702 551 716 small-vehicle 0.1961
188 530 196 509 243 526 235 547 small-vehicle 0.1945
121 834 127 811 188 828 181 851 small-vehicle 0.1935
175 579 179 558 225 567 220 588 small-vehicle 0.1934
309 611 314 594 349 605 344 622 small-vehicle 0.1886
1339 655 1359 649 1373 704 1353 709 small-vehicle 0.1833
315 582 321 566 356 578 350 595 small-vehicle 0.1802
660 675 665 656 698 664 693 683 small-vehicle 0.1802
518 1293 541 1289 552 1345 528 1350 small-vehicle 0.1801
543 618 551 602 587 622 578 638 small-vehicle 0.1774
625 610 628 590 666 597 662 616 small-vehicle 0.1769
623 657 625 638 662 643 660 662 small-vehicle 0.1754
984 1213 1005 1207 1021 1264 999 1270 small-vehicle 0.1746
377 723 396 728 384 768 366 763 small-vehicle 0.1730
634 307 652 306 653 336 636 336 small-vehicle 0.1692
257 647 275 651 267 689 250 686 small-vehicle 0.1687
1048 99 1055 78 1099 94 1091 115 small-vehicle 0.1654
1128 426 1133 403 1176 412 1171 436 small-vehicle 0.1643
591 763 596 745 631 755 626 773 small-vehicle 0.1626
646 731 649 714 684 720 680 738 small-vehicle 0.1623
150 721 158 704 200 723 192 740 small-vehicle 0.1608
609 690 614 673 650 682 645 700 small-vehicle 0.1608
173 604 176 583 224 591 220 611 small-vehicle 0.1592
300 640 306 624 341 637 334 653 small-vehicle 0.1582
296 655 303 638 337 654 330 670 small-vehicle 0.1562
328 497 334 478 374 489 369 508 small-vehicle 0.1553
532 640 542 626 576 648 567 662 small-vehicle 0.1534
1050 929 1072 926 1079 989 1057 992 small-vehicle 0.1527
1227 294 1227 270 1281 271 1281 295 small-vehicle 0.1504
442 756 454 743 480 767 467 780 small-vehicle 0.1480
419 733 440 737 433 776 412 772 small-vehicle 0.1468
163 695 170 678 212 694 206 711 small-vehicle 0.1456
402 218 411 202 451 223 443 240 small-vehicle 0.1433
909 1208 932 1203 944 1253 921 1259 small-vehicle 0.1433
672 12 690 16 682 50 664 46 small-vehicle 0.1412
938 1199 958 1192 971 1227 952 1234 small-vehicle 0.1402
580 564 588 537 665 560 658 586 small-vehicle 0.1401
648 701 653 684 688 694 683 711 small-vehicle 0.1387
503 235 521 238 516 273 498 270 small-vehicle 0.1357
490 775 496 759 531 771 526 787 small-vehicle 0.1341
611 893 627 879 659 916 643 929 small-vehicle 0.1339
887 663 913 662 918 745 892 746 small-vehicle 0.1329
367 1221 364 1206 400 1198 403 1214 small-vehicle 0.1312
446 908 464 909 463 952 445 952 small-vehicle 0.1289
256 250 273 255 262 294 245 290 small-vehicle 0.1253
633 10 650 11 648 45 632 45 small-vehicle 0.1250
135 752 142 733 187 749 181 768 small-vehicle 0.1246
1219 25 1237 28 1231 61 1212 57 small-vehicle 0.1225
501 743 508 728 542 744 535 760 small-vehicle 0.1198
1131 1173 1129 1157 1161 1154 1163 1169 small-vehicle 0.1195
1229 241 1230 219 1319 222 1318 244 small-vehicle 0.1178
923 670 945 671 944 759 922 758 small-vehicle 0.1177
324 560 329 542 365 552 361 569 small-vehicle 0.1174
816 906 838 905 840 959 818 960 small-vehicle 0.1167
792 685 815 686 810 796 787 795 small-vehicle 0.1153
503 8 520 9 518 41 501 39 small-vehicle 0.1142
495 758 502 742 535 757 529 772 small-vehicle 0.1139
618 11 633 11 634 44 619 44 small-vehicle 0.1132
945 1157 963 1150 979 1197 962 1203 small-vehicle 0.1117
999 1004 1017 1001 1023 1043 1004 1046 small-vehicle 0.1116
638 770 642 753 676 760 673 777 small-vehicle 0.1113
618 677 622 659 654 665 651 683 small-vehicle 0.1112
547 598 554 583 588 599 581 614 small-vehicle 0.1093
328 542 332 524 370 532 366 550 small-vehicle 0.1086
734 1447 731 1432 763 1426 766 1440 small-vehicle 0.1081
1178 28 1192 29 1191 55 1177 55 small-vehicle 0.1080
252 986 260 967 303 985 294 1005 small-vehicle 0.1054
971 672 992 670 1002 802 981 804 small-vehicle 0.1049
1024 992 1043 991 1045 1040 1027 1041 small-vehicle 0.1033
348 413 350 395 388 399 386 416 small-vehicle 0.1031
187 1085 187 1061 344 1065 344 1090 large-vehicle 0.5286
1242 355 1246 329 1377 347 1373 374 large-vehicle 0.5033
127 889 131 865 277 887 274 911 large-vehicle 0.4903
1239 244 1240 221 1403 229 1402 251 large-vehicle 0.4798
1249 296 1252 272 1405 286 1403 311 large-vehicle 0.4681
1172 442 1175 418 1313 432 1311 457 large-vehicle 0.4507
1280 553 1277 532 1368 521 1371 542 large-vehicle 0.4492
127 921 129 900 279 920 276 941 large-vehicle 0.4424
190 1054 190 1032 340 1036 339 1059 large-vehicle 0.3981
176 850 181 826 285 847 281 871 large-vehicle 0.3767
134 970 137 950 298 976 295 997 large-vehicle 0.3651
240 1190 237 1167 400 1141 403 1164 large-vehicle 0.3645
329 1354 321 1334 395 1306 403 1327 large-vehicle 0.3516
988 656 1036 652 1054 842 1007 846 large-vehicle 0.3434
784 698 818 699 816 869 783 869 large-vehicle 0.3368
1193 387 1195 363 1355 378 1353 402 large-vehicle 0.3266
878 666 924 666 925 850 879 851 large-vehicle 0.3259
1166 1251 1163 1218 1331 1203 1334 1237 large-vehicle 0.3252
909 1219 948 1211 984 1385 945 1393 large-vehicle 0.3179
1266 482 1267 462 1374 470 1372 490 large-vehicle 0.3137
1261 214 1262 190 1415 197 1414 221 large-vehicle 0.3067
289 1306 283 1285 439 1239 446 1260 large-vehicle 0.2981
1005 860 1033 859 1043 1023 1014 1024 large-vehicle 0.2902
569 1254 613 1246 648 1432 605 1441 large-vehicle 0.2886
689 1270 711 1266 738 1401 717 1405 large-vehicle 0.2586
934 668 979 665 991 844 946 847 large-vehicle 0.2530
574 559 582 533 663 559 655 584 large-vehicle 0.2530
957 872 978 870 995 1022 974 1025 large-vehicle 0.2369
1281 525 1279 504 1379 494 1381 515 large-vehicle 0.2352
1135 484 1140 465 1233 488 1228 508 large-vehicle 0.2340
145 955 146 935 287 941 286 961 large-vehicle 0.2247
206 1122 205 1100 346 1094 347 1115 large-vehicle 0.2112
190 1021 191 1002 304 1008 303 1027 large-vehicle 0.2021
1169 709 1191 708 1199 846 1177 847 large-vehicle 0.1989
1369 36 1392 44 1364 134 1341 126 large-vehicle 0.1887
389 896 412 898 405 970 382 968 large-vehicle 0.1854
1201 711 1224 709 1237 844 1214 847 large-vehicle 0.1851
929 871 952 870 960 1025 937 1026 large-vehicle 0.1838
816 906 838 905 840 959 818 960 large-vehicle 0.1806
1160 462 1163 442 1247 456 1244 476 large-vehicle 0.1778
570 530 576 501 751 540 744 570 large-vehicle 0.1778
254 1159 250 1142 363 1114 367 1132 large-vehicle 0.1706
121 834 127 811 188 828 181 851 large-vehicle 0.1689
548 1272 575 1268 598 1432 570 1436 large-vehicle 0.1659
453 1303 499 1298 519 1475 473 1480 large-vehicle 0.1573
182 811 190 790 286 823 279 844 large-vehicle 0.1565
664 1265 684 1262 707 1410 687 1413 large-vehicle 0.1532
947 1200 995 1191 1032 1372 984 1382 large-vehicle 0.1516
852 884 873 881 893 1019 872 1022 large-vehicle 0.1392
973 677 991 676 1005 846 986 848 large-vehicle 0.1376
1261 975 1285 975 1290 1108 1265 1108 large-vehicle 0.1321
817 706 845 706 845 872 816 872 large-vehicle 0.1297
1245 321 1248 298 1384 318 1380 341 large-vehicle 0.1288
133 756 137 737 192 750 188 769 large-vehicle 0.1265
815 1246 834 1245 841 1363 823 1365 large-vehicle 0.1236
922 675 944 675 944 808 922 808 large-vehicle 0.1219
196 769 204 749 262 771 255 791 large-vehicle 0.1188
1540 511 1533 492 1621 462 1628 482 large-vehicle 0.1174
188 530 196 509 243 526 235 547 large-vehicle 0.1110
893 928 914 926 921 1031 899 1032 large-vehicle 0.1109
120 797 127 775 208 803 200 824 large-vehicle 0.1105
1596 900 1640 884 1706 1065 1662 1081 large-vehicle 0.1102
423 835 442 840 430 887 411 882 large-vehicle 0.1059
520 1295 543 1292 553 1360 529 1363 large-vehicle 0.1046
992 949 1011 947 1021 1037 1002 1039 large-vehicle 0.1025
767 281 774 272 809 299 802 309 large-vehicle 0.1021
256 250 273 255 262 294 245 290 large-vehicle 0.1009
1339 655 1359 649 1373 704 1353 709 large-vehicle 0.1006
569 954 587 957 581 999 563 996 ship 0.2512
510 919 529 922 522 964 503 961 ship 0.2401
538 958 556 959 552 999 534 997 ship 0.2311
595 955 612 958 604 998 587 995 ship 0.1818
531 927 548 930 542 968 524 965 ship 0.1630
1339 655 1359 649 1373 704 1353 709 ship 0.1359
1604 900 1636 887 1708 1065 1676 1078 ship 0.1156
1688 845 1684 828 1740 815 1744 833 ship 0.1154
1711 895 1705 877 1759 858 1765 876 ship 0.1002
513 12 528 13 526 41 511 40 storage-tank 0.1869
555 9 571 11 566 48 551 46 storage-tank 0.1644
579 11 594 12 592 47 577 46 storage-tank 0.1605
530 11 544 13 540 41 526 39 storage-tank 0.1471
491 11 506 11 506 37 491 37 storage-tank 0.1297
510 919 529 922 522 964 503 961 storage-tank 0.1106
600 11 614 11 614 43 600 43 storage-tank 0.1092
1225 26 1243 30 1236 63 1219 59 storage-tank 0.1082
1261 975 1286 975 1288 1102 1264 1103 harbor 0.1585
1546 256 1547 230 1633 233 1632 259 harbor 0.1111
1546 256 1547 230 1633 233 1632 259 swimming-pool 0.2391
