1538 1052 1580 1040 1598 1103 1556 1116 plane 0.3181
1765 1012 1775 892 1989 909 1979 1030 plane 0.3077
536 983 567 959 600 1003 569 1027 plane 0.1062
2097 890 2158 644 2412 708 2351 953 baseball-diamond 0.5804
1602 1332 2349 890 2807 1665 2061 2107 baseball-diamond 0.1907
710 583 1365 442 1657 1804 1003 1944 ground-track-field 0.8560
1603 1389 2290 877 2822 1592 2135 2103 ground-track-field 0.3043
1765 1012 1775 892 1989 909 1979 1030 ground-track-field 0.2548
2045 606 2435 369 2695 799 2305 1035 ground-track-field 0.1054
2425 100 2444 102 2439 148 2420 146 small-vehicle 0.1674
2393 382 2411 391 2391 434 2373 426 small-vehicle 0.1634
2345 2197 2344 2177 2388 2175 2389 2196 small-vehicle 0.1618
2456 102 2475 105 2469 149 2450 146 small-vehicle 0.1519
2478 102 2497 103 2494 149 2475 148 small-vehicle 0.1516
2412 390 2431 398 2411 443 2392 435 small-vehicle 0.1500
729 61 728 41 773 39 774 59 small-vehicle 0.1492
2643 142 2643 123 2684 123 2684 142 small-vehicle 0.1456
2630 267 2632 245 2684 251 2682 272 small-vehicle 0.1428
220 2089 236 2087 243 2128 227 2130 small-vehicle 0.1427
2429 272 2448 279 2429 328 2410 320 small-vehicle 0.1398
2408 212 2428 213 2426 260 2406 259 small-vehicle 0.1392
807 64 808 43 854 46 853 67 small-vehicle 0.1390
2407 2123 2407 2105 2445 2105 2445 2123 small-vehicle 0.1387
2319 2134 2314 2120 2344 2110 2348 2125 small-vehicle 0.1386
2065 2132 2064 2117 2097 2114 2098 2129 small-vehicle 0.1378
1242 2142 1240 2128 1269 2125 1271 2139 small-vehicle 0.1362
2252 203 2268 203 2268 247 2252 247 small-vehicle 0.1349
2273 2112 2273 2097 2301 2097 2301 2112 small-vehicle 0.1345
1600 2206 1606 2191 1639 2205 1633 2219 small-vehicle 0.1339
2293 2119 2292 2104 2321 2103 2322 2117 small-vehicle 0.1335
778 368 779 350 822 351 822 368 small-vehicle 0.1328
2506 212 2527 214 2521 267 2500 264 small-vehicle 0.1327
1339 2171 1339 2156 1374 2155 1374 2170 small-vehicle 0.1315
2205 246 2220 248 2216 288 2201 287 small-vehicle 0.1312
1820 2102 1821 2087 1854 2088 1854 2103 small-vehicle 0.1311
89 2146 89 2131 127 2130 127 2146 small-vehicle 0.1308
550 2161 548 2144 590 2139 592 2156 small-vehicle 0.1295
1791 2178 1788 2162 1823 2156 1826 2172 small-vehicle 0.1294
2451 214 2472 216 2467 264 2446 261 small-vehicle 0.1286
1716 2103 1712 2088 1742 2081 1746 2096 small-vehicle 0.1285
169 491 183 489 189 530 174 532 small-vehicle 0.1282
2372 376 2388 382 2374 422 2358 416 small-vehicle 0.1281
2513 2123 2513 2106 2546 2105 2546 2121 small-vehicle 0.1278
2273 203 2289 204 2286 248 2270 247 small-vehicle 0.1277
2476 419 2495 425 2480 471 2461 464 small-vehicle 0.1267
2433 401 2453 411 2431 453 2412 443 small-vehicle 0.1265
1325 2085 1324 2071 1351 2068 1352 2082 small-vehicle 0.1253
2460 410 2481 417 2463 463 2443 456 small-vehicle 0.1242
2238 207 2253 207 2254 249 2239 250 small-vehicle 0.1240
42 1190 44 1174 81 1179 79 1195 small-vehicle 0.1238
991 2301 993 2280 1043 2285 1041 2306 small-vehicle 0.1238
1694 2099 1692 2085 1717 2082 1719 2095 small-vehicle 0.1235
963 348 962 331 1004 329 1005 346 small-vehicle 0.1231
2326 2156 2321 2142 2348 2132 2353 2145 small-vehicle 0.1229
2483 286 2503 293 2485 343 2464 335 small-vehicle 0.1228
1727 2172 1725 2156 1758 2153 1759 2169 small-vehicle 0.1227
2333 2171 2329 2156 2362 2147 2367 2162 small-vehicle 0.1217
2498 422 2517 428 2503 477 2484 472 small-vehicle 0.1216
1241 2127 1241 2114 1266 2114 1266 2127 small-vehicle 0.1206
1672 2098 1671 2085 1695 2083 1696 2097 small-vehicle 0.1197
545 2066 547 2050 584 2053 582 2070 small-vehicle 0.1186
2073 2117 2074 2104 2100 2106 2099 2119 small-vehicle 0.1184
455 2069 457 2053 494 2058 492 2073 small-vehicle 0.1182
1330 2106 1327 2094 1348 2088 1351 2100 small-vehicle 0.1179
2255 241 2270 242 2269 285 2254 284 small-vehicle 0.1174
2642 125 2642 107 2679 107 2679 125 small-vehicle 0.1171
2146 2109 2145 2095 2171 2094 2171 2108 small-vehicle 0.1170
564 384 563 365 604 362 606 380 small-vehicle 0.1160
1285 2087 1287 2074 1309 2077 1307 2090 small-vehicle 0.1160
2454 280 2473 288 2454 334 2435 326 small-vehicle 0.1158
2597 2114 2598 2100 2625 2101 2625 2116 small-vehicle 0.1155
2232 242 2247 242 2244 284 2229 283 small-vehicle 0.1153
2469 215 2490 218 2483 265 2463 262 small-vehicle 0.1152
2295 206 2312 207 2311 254 2294 254 small-vehicle 0.1151
2395 95 2410 97 2405 136 2391 134 small-vehicle 0.1133
1259 2093 1261 2080 1283 2083 1281 2096 small-vehicle 0.1110
1312 2103 1310 2092 1329 2088 1331 2100 small-vehicle 0.1092
2122 2104 2123 2090 2149 2091 2148 2105 small-vehicle 0.1091
1336 2157 1334 2145 1356 2141 1359 2152 small-vehicle 0.1089
114 129 129 124 140 161 124 166 small-vehicle 0.1088
2275 241 2290 242 2287 287 2272 286 small-vehicle 0.1086
1946 2104 1944 2091 1973 2088 1974 2101 small-vehicle 0.1083
1027 344 1023 327 1065 318 1069 335 small-vehicle 0.1080
658 2081 657 2065 690 2064 691 2079 small-vehicle 0.1080
2700 652 2702 633 2748 637 2747 655 small-vehicle 0.1079
2215 220 2229 221 2226 258 2212 257 small-vehicle 0.1076
2697 630 2702 604 2756 614 2751 640 small-vehicle 0.1072
1342 2110 1340 2099 1362 2094 1364 2106 small-vehicle 0.1067
2499 95 2513 90 2528 129 2513 135 small-vehicle 0.1062
2102 2109 2103 2096 2126 2099 2124 2112 small-vehicle 0.1059
2148 2121 2146 2108 2170 2105 2172 2118 small-vehicle 0.1059
1240 2098 1241 2085 1264 2087 1263 2100 small-vehicle 0.1057
2490 2107 2490 2092 2521 2091 2521 2106 small-vehicle 0.1053
2524 311 2544 317 2529 364 2509 357 small-vehicle 0.1053
2521 92 2531 81 2564 110 2554 122 small-vehicle 0.1045
1857 2086 1857 2072 1883 2073 1883 2086 small-vehicle 0.1043
2547 2116 2549 2103 2572 2106 2570 2120 small-vehicle 0.1040
2642 165 2640 148 2677 144 2679 161 small-vehicle 0.1030
2098 2123 2099 2111 2121 2112 2120 2124 small-vehicle 0.1028
901 355 901 338 938 338 938 354 small-vehicle 0.1027
2127 2122 2126 2110 2149 2108 2150 2121 small-vehicle 0.1027
1826 2135 1823 2123 1847 2118 1850 2130 small-vehicle 0.1026
2711 737 2709 722 2742 718 2744 732 small-vehicle 0.1026
2378 95 2392 96 2391 130 2377 130 small-vehicle 0.1021
2349 2182 2347 2166 2378 2162 2380 2178 small-vehicle 0.1017
729 2201 747 2203 742 2251 724 2249 small-vehicle 0.1014
2181 2100 2183 2087 2206 2090 2205 2103 small-vehicle 0.1013
2711 755 2709 741 2742 737 2744 751 small-vehicle 0.1013
1728 2152 1724 2139 1749 2132 1752 2144 small-vehicle 0.1010
2641 2118 2640 2102 2670 2102 2670 2117 small-vehicle 0.1008
1725 2141 1721 2129 1745 2121 1749 2133 small-vehicle 0.1006
729 2201 747 2203 742 2251 724 2249 large-vehicle 0.1126
2720 406 2753 406 2754 534 2721 535 large-vehicle 0.1065
2720 406 2753 406 2754 534 2721 535 ship 0.1095
573 1696 679 1694 683 1909 577 1911 tennis-court 0.9945
581 1373 687 1374 685 1589 580 1588 tennis-court 0.9885
735 1698 839 1697 841 1911 738 1912 tennis-court 0.9848
423 1049 529 1049 529 1265 423 1265 tennis-court 0.9822
417 1372 525 1373 523 1589 415 1588 tennis-court 0.9679
415 1691 523 1691 523 1910 415 1910 tennis-court 0.9645
1759 1012 1770 891 1988 911 1977 1032 tennis-court 0.1382
1765 1012 1775 892 1989 909 1979 1030 basketball-court 0.4633
793 721 1352 599 1585 1664 1026 1786 soccer-ball-field 0.6090
1590 1379 2301 857 2846 1599 2135 2121 soccer-ball-field 0.3170
1760 1005 1772 893 1986 916 1974 1028 soccer-ball-field 0.2148
1706 1781 1814 1554 2146 1712 2038 1939 soccer-ball-field 0.1207
2110 916 2132 659 2396 681 2375 938 soccer-ball-field 0.1172
840 773 1369 673 1551 1632 1021 1733 harbor 0.1553
1759 1012 1770 891 1988 911 1977 1032 swimming-pool 0.2114
1838 1774 1884 1735 1935 1796 1888 1835 swimming-pool 0.1692
710 583 1365 442 1657 1804 1003 1944 swimming-pool 0.1078
