1542 2236 1567 1771 2455 1818 2430 2284 plane 0.1606
476 1259 564 1250 574 1348 486 1357 baseball-diamond 0.5118
413 1438 410 1005 883 1002 886 1435 baseball-diamond 0.3973
2269 2888 2420 2701 2626 2866 2474 3053 baseball-diamond 0.3847
1676 2537 1720 2262 2019 2310 1975 2585 baseball-diamond 0.3091
659 2373 1371 1972 1795 2725 1083 3126 baseball-diamond 0.2250
1542 2236 1567 1771 2455 1818 2430 2284 baseball-diamond 0.1143
763 2851 862 2593 1167 2709 1068 2968 baseball-diamond 0.1029
2364 2843 2380 2793 2435 2810 2420 2860 baseball-diamond 0.1011
1688 1538 1689 1480 1923 1485 1922 1543 bridge 0.1401
2066 348 2632 381 2558 1632 1991 1599 ground-track-field 0.6006
1542 2236 1567 1771 2455 1818 2430 2284 ground-track-field 0.2605
631 2428 1307 1952 1812 2670 1136 3146 ground-track-field 0.2242
413 1438 410 1005 883 1002 886 1435 ground-track-field 0.1468
1074 837 1073 816 1118 814 1119 835 small-vehicle 0.1383
1178 705 1199 706 1195 761 1174 759 small-vehicle 0.1372
1198 832 1199 810 1252 813 1250 834 small-vehicle 0.1337
1207 704 1228 706 1223 761 1203 760 small-vehicle 0.1224
1009 731 1015 715 1055 730 1049 746 small-vehicle 0.1060
914 3025 914 3006 959 3006 959 3025 small-vehicle 0.1043
2696 1382 2697 1359 2752 1361 2751 1384 small-vehicle 0.1032
1689 293 1691 273 1741 278 1739 298 small-vehicle 0.1027
1672 726 1681 713 1726 741 1717 755 small-vehicle 0.1026
1602 509 1614 501 1633 534 1621 541 small-vehicle 0.1015
351 2620 367 2625 353 2674 336 2669 small-vehicle 0.1007
1888 2600 1879 2580 1951 2549 1959 2569 large-vehicle 0.1807
1677 2493 1692 2484 1730 2548 1715 2557 large-vehicle 0.1556
2551 1644 2546 1626 2597 1611 2602 1629 large-vehicle 0.1387
2618 2799 2637 2800 2635 2886 2616 2886 large-vehicle 0.1301
931 1493 932 1465 999 1468 998 1495 large-vehicle 0.1126
478 165 577 165 577 369 478 370 tennis-court 0.9741
474 461 570 463 566 673 470 671 tennis-court 0.9643
627 170 718 171 716 369 625 368 tennis-court 0.9441
615 471 714 473 711 675 613 673 tennis-court 0.9389
337 156 434 158 429 363 332 361 tennis-court 0.9363
330 462 424 463 423 663 330 663 tennis-court 0.8853
1542 2236 1567 1771 2455 1818 2430 2284 tennis-court 0.2940
1819 2781 1864 2784 1854 2927 1808 2924 tennis-court 0.1231
1545 2218 1591 1753 2461 1839 2414 2304 basketball-court 0.1562
1542 2236 1567 1771 2455 1818 2430 2284 soccer-ball-field 0.8206
2085 535 2571 547 2548 1436 2062 1424 soccer-ball-field 0.3250
646 2427 1324 1960 1813 2670 1136 3137 soccer-ball-field 0.2543
2071 478 2602 500 2563 1487 2032 1466 harbor 0.2446
1545 2211 1601 1753 2462 1858 2407 2316 swimming-pool 0.1469
