3497 2248 3613 2266 3593 2397 3477 2379 baseball-diamond 0.1078
3286 3992 3310 4004 3276 4074 3251 4063 small-vehicle 0.1150
3836 351 3839 327 3894 334 3891 358 small-vehicle 0.1047
3095 3821 3094 3795 3159 3791 3160 3817 small-vehicle 0.1008
2921 3796 2951 3796 2951 3898 2921 3898 large-vehicle 0.1293
4418 1432 4448 1422 4474 1502 4443 1512 ship 0.1690
3115 388 3136 145 4062 223 4042 466 ship 0.1574
4420 1391 4445 1374 4489 1439 4465 1456 ship 0.1395
4446 1383 4468 1364 4515 1418 4492 1438 ship 0.1198
2305 3315 2331 3265 2529 3373 2502 3422 harbor 0.2235
631 2877 613 2849 729 2772 747 2801 harbor 0.2006
1119 1161 1160 1156 1181 1345 1140 1350 harbor 0.1658
904 1273 934 1260 979 1361 949 1374 harbor 0.1169
673 2896 649 2872 741 2785 764 2809 harbor 0.1050
