1070 4017 1320 4017 1321 4304 1071 4305 plane 0.9570
394 4604 682 4616 669 4931 382 4920 plane 0.9565
792 4010 1027 4014 1023 4294 788 4290 plane 0.9463
149 4546 163 4309 452 4325 438 4563 plane 0.9369
244 515 425 359 602 565 421 720 plane 0.9333
129 3580 142 3321 444 3336 431 3596 plane 0.9203
84 4629 342 4567 414 4864 155 4926 plane 0.9156
1459 2708 1685 2721 1668 3014 1443 3001 plane 0.9147
956 4639 1195 4624 1213 4917 974 4932 plane 0.9007
306 1589 290 1400 528 1380 544 1569 plane 0.8979
1548 4653 1754 4654 1752 4935 1546 4933 plane 0.8978
180 3264 196 3038 493 3060 476 3285 plane 0.8960
1890 4062 2146 4043 2169 4342 1912 4362 plane 0.8933
222 2443 240 2235 478 2255 460 2463 plane 0.8918
133 4202 155 3949 453 3975 431 4227 plane 0.8896
305 1341 303 1127 548 1125 549 1339 plane 0.8771
1348 3346 1530 3350 1526 3565 1344 3561 plane 0.8745
1262 4618 1491 4627 1479 4914 1249 4904 plane 0.8720
1362 391 1463 228 1654 347 1553 510 plane 0.8710
1802 4632 2061 4636 2057 4933 1798 4929 plane 0.8616
1457 973 1659 957 1678 1211 1476 1227 plane 0.8610
1168 2719 1404 2708 1418 3001 1182 3012 plane 0.8390
255 2145 252 1944 515 1941 518 2142 plane 0.8278
1082 3374 1240 3354 1266 3559 1109 3580 plane 0.7793
207 3015 204 2815 458 2810 462 3010 plane 0.7713
254 2706 236 2523 471 2501 488 2685 plane 0.7554
183 3893 165 3675 430 3654 448 3872 plane 0.7361
837 2958 787 2778 1007 2716 1057 2896 plane 0.5629
441 1672 442 1607 529 1608 528 1673 plane 0.4780
761 4685 805 4660 847 4734 804 4759 plane 0.4542
1513 4626 1563 4637 1545 4718 1495 4707 plane 0.4509
1289 3308 1335 3306 1339 3395 1293 3397 plane 0.4415
406 2790 403 2734 493 2729 496 2786 plane 0.4293
215 2751 224 2709 293 2724 284 2766 plane 0.4094
450 1098 449 1036 539 1035 539 1097 plane 0.3938
423 2519 429 2460 514 2469 508 2528 plane 0.3818
347 1672 357 1607 434 1618 424 1684 plane 0.3554
665 4639 704 4631 719 4704 680 4712 plane 0.3521
419 2228 419 2172 512 2172 512 2228 plane 0.3423
391 4588 444 4595 432 4686 379 4680 plane 0.3360
259 1072 260 1034 324 1037 322 1074 plane 0.3257
938 4631 973 4631 972 4700 937 4700 plane 0.3158
1795 4637 1836 4645 1823 4713 1783 4705 plane 0.3146
291 1668 294 1614 366 1618 363 1672 plane 0.2984
363 3959 365 3918 441 3921 439 3962 plane 0.2940
365 1096 360 1043 428 1036 433 1089 plane 0.2927
1305 4278 1336 4282 1327 4347 1296 4342 plane 0.2776
843 2097 847 2065 912 2073 908 2105 plane 0.2762
385 3061 394 3012 492 3029 484 3078 plane 0.2560
1724 1130 1761 1140 1741 1213 1704 1203 plane 0.2558
368 3650 367 3607 453 3606 453 3649 plane 0.2548
380 3332 379 3293 463 3292 464 3330 plane 0.2369
1024 2993 1018 2960 1095 2946 1101 2980 plane 0.2360
1283 3409 1331 3388 1361 3453 1313 3475 plane 0.2355
1023 2716 1033 2688 1084 2706 1075 2734 plane 0.2236
328 2773 343 2727 403 2748 388 2793 plane 0.2235
206 2183 232 2169 259 2216 234 2231 plane 0.2231
1237 4646 1272 4649 1266 4713 1232 4710 plane 0.2196
226 3944 246 3892 320 3920 300 3973 plane 0.2180
1484 4976 1500 4952 1548 4985 1532 5009 plane 0.2138
690 4606 899 4576 933 4821 724 4850 plane 0.1599
1792 4642 2050 4627 2069 4925 1810 4941 bridge 0.1383
1055 4012 1323 3998 1339 4310 1071 4324 bridge 0.1336
1245 4631 1491 4629 1493 4929 1248 4930 bridge 0.1230
1453 2700 1702 2716 1683 3021 1434 3005 bridge 0.1108
1245 4631 1491 4629 1493 4929 1248 4930 tennis-court 0.1497
368 3650 367 3607 453 3606 453 3649 storage-tank 0.1465
367 3339 368 3291 466 3293 465 3341 storage-tank 0.1119
347 1672 357 1607 434 1618 424 1684 storage-tank 0.1084
406 2790 403 2734 493 2729 496 2786 storage-tank 0.1061
401 2514 413 2450 509 2466 498 2531 storage-tank 0.1020
1248 4629 1491 4629 1491 4933 1248 4932 helicopter 0.1056
227 2447 237 2240 475 2252 464 2459 helicopter 0.1056
129 3580 142 3321 444 3336 431 3596 helicopter 0.1007
