1298 797 1409 731 1502 886 1392 952 plane 0.9621
2207 318 2313 247 2397 373 2291 444 plane 0.9604
554 1323 669 1262 741 1399 626 1459 plane 0.9594
1790 513 1910 458 1977 601 1857 657 plane 0.9521
842 1160 938 1076 1036 1187 940 1271 plane 0.9508
54 1643 -1 1520 141 1454 197 1577 plane 0.9487
1057 976 1157 909 1242 1036 1142 1103 plane 0.9438
697 1243 810 1188 872 1318 760 1372 plane 0.9418
283 1502 380 1427 467 1540 371 1615 plane 0.9397
1551 677 1654 604 1747 734 1644 807 plane 0.9346
2050 461 2160 398 2233 526 2123 589 plane 0.9314
2220 302 2336 256 2391 394 2274 440 bridge 0.1061
1295 805 1406 734 1503 885 1392 957 bridge 0.1031
1753 433 1745 420 1796 387 1804 401 large-vehicle 0.2498
374 1361 364 1345 413 1317 423 1334 large-vehicle 0.2215
313 793 327 783 362 829 348 839 large-vehicle 0.1982
279 892 270 874 325 846 334 863 large-vehicle 0.1660
194 1455 206 1445 241 1489 229 1499 large-vehicle 0.1408
1759 447 1750 431 1847 379 1855 395 large-vehicle 0.1387
741 1049 734 1034 780 1013 786 1028 large-vehicle 0.1376
25 240 16 224 60 196 70 211 large-vehicle 0.1140
668 47 659 29 734 -10 744 7 large-vehicle 0.1089
246 777 238 762 282 737 290 753 large-vehicle 0.1059
1595 527 1590 514 1631 500 1635 513 large-vehicle 0.1007
697 1243 810 1188 872 1318 760 1372 tennis-court 0.1149
2215 307 2327 254 2391 387 2279 441 tennis-court 0.1032
