658 1818 632 1769 703 1731 729 1780 plane 0.9634
823 1716 786 1664 860 1611 897 1664 plane 0.9564
638 1620 603 1568 668 1524 704 1575 plane 0.9451
1571 1408 1555 1322 1654 1304 1670 1389 plane 0.9397
556 1676 520 1627 589 1577 625 1626 plane 0.9343
881 1834 935 1799 986 1876 932 1912 plane 0.9247
1105 851 1150 820 1195 884 1150 915 plane 0.9199
731 1949 775 1906 833 1965 789 2008 plane 0.9156
1067 1522 1037 1475 1105 1432 1135 1478 plane 0.9085
896 1095 863 1048 928 1003 961 1050 plane 0.9059
1390 621 1444 577 1502 647 1449 691 plane 0.9052
943 1399 903 1348 970 1295 1010 1346 plane 0.9031
677 1876 720 1837 776 1897 734 1937 plane 0.9012
826 1762 878 1724 927 1792 874 1830 plane 0.9012
1464 1492 1446 1407 1546 1386 1564 1472 plane 0.9001
632 1214 678 1249 626 1317 580 1282 plane 0.8932
1106 302 1155 272 1198 341 1149 371 plane 0.8889
1044 772 1088 740 1135 804 1091 836 plane 0.8802
1154 1463 1120 1422 1181 1372 1215 1413 plane 0.8751
1154 591 1194 555 1241 609 1201 645 plane 0.8749
739 1760 715 1717 783 1679 807 1723 plane 0.8720
988 1034 952 996 1009 943 1045 981 plane 0.8679
1159 376 1202 342 1254 407 1211 441 plane 0.8631
1327 1341 1288 1301 1342 1249 1381 1289 plane 0.8529
1100 529 1138 486 1195 536 1158 579 plane 0.8526
153 1428 238 1379 301 1491 215 1539 plane 0.8506
184 1542 215 1494 278 1534 247 1583 plane 0.8360
729 1229 692 1189 753 1133 789 1173 plane 0.8330
1342 554 1383 519 1434 579 1394 614 plane 0.8148
1322 1131 1280 1076 1354 1020 1396 1075 plane 0.7995
786 1498 761 1457 820 1421 845 1462 plane 0.7871
249 1479 284 1447 337 1506 303 1538 plane 0.6349
696 1545 678 1511 734 1482 752 1516 plane 0.5564
1074 450 1108 425 1153 485 1119 510 plane 0.4632
1281 542 1284 512 1327 517 1323 547 plane 0.3640
1226 449 1257 439 1271 483 1239 492 plane 0.3339
1246 574 1259 554 1288 572 1275 592 plane 0.1941
1037 377 1061 359 1108 420 1084 438 plane 0.1491
142 1427 243 1373 326 1528 224 1582 bridge 0.1299
1104 852 1148 816 1197 878 1152 913 bridge 0.1172
735 1761 710 1718 779 1677 804 1720 bridge 0.1041
1058 169 1076 163 1090 205 1072 211 small-vehicle 0.1628
503 658 518 649 539 685 524 694 small-vehicle 0.1448
1274 280 1268 265 1307 249 1313 264 small-vehicle 0.1278
1079 161 1096 156 1109 196 1092 201 small-vehicle 0.1270
964 421 965 400 1002 402 1001 423 small-vehicle 0.1258
1034 532 1030 516 1065 508 1069 524 small-vehicle 0.1240
134 1037 130 1021 163 1014 167 1030 small-vehicle 0.1214
331 767 332 748 370 749 369 768 small-vehicle 0.1156
1099 159 1115 154 1127 193 1111 198 small-vehicle 0.1140
535 694 551 687 564 718 548 725 small-vehicle 0.1054
159 1114 170 1109 182 1138 171 1143 small-vehicle 0.1045
1860 1946 1858 1931 1889 1927 1891 1942 small-vehicle 0.1045
790 328 785 316 820 300 825 312 large-vehicle 0.1061
1367 433 1363 412 1424 402 1427 423 ship 0.2711
1350 395 1343 376 1386 359 1393 378 ship 0.2446
1370 399 1367 380 1409 374 1412 392 ship 0.1862
161 1439 251 1408 292 1523 202 1555 tennis-court 0.1405
658 1818 632 1769 703 1731 729 1780 tennis-court 0.1065
838 124 877 44 960 85 922 164 storage-tank 0.4315
698 1551 680 1517 731 1490 749 1524 storage-tank 0.1435
1371 423 1365 405 1412 390 1418 409 storage-tank 0.1348
1350 395 1343 376 1386 359 1393 378 storage-tank 0.1256
1370 399 1367 380 1409 374 1412 392 storage-tank 0.1065
1752 261 1760 235 1843 260 1835 286 harbor 0.1117
1037 377 1061 359 1108 420 1084 438 harbor 0.1037
838 123 877 45 960 86 921 165 swimming-pool 0.1703
729 1229 692 1189 753 1133 789 1173 helicopter 0.1156
1100 529 1138 486 1195 536 1158 579 helicopter 0.1075
1044 772 1088 740 1135 804 1091 836 helicopter 0.1027
