1464 1993 1456 1960 1513 1947 1521 1979 plane 0.1105
1580 1566 1567 1542 1639 1501 1652 1525 bridge 0.1487
1069 2399 1087 2416 1032 2478 1013 2462 bridge 0.1306
2600 2019 2628 2018 2629 2124 2601 2124 small-vehicle 0.1777
2724 1229 2746 1212 2808 1289 2786 1307 small-vehicle 0.1627
2262 1557 2276 1532 2360 1577 2347 1602 small-vehicle 0.1585
2359 1558 2373 1534 2457 1584 2442 1607 small-vehicle 0.1573
1613 1734 1638 1741 1617 1814 1592 1807 small-vehicle 0.1510
979 711 999 695 1061 773 1041 789 small-vehicle 0.1501
1936 1758 1952 1733 2000 1766 1984 1791 small-vehicle 0.1499
2478 2020 2498 2035 2443 2111 2422 2096 small-vehicle 0.1466
1779 1746 1802 1757 1768 1826 1744 1814 small-vehicle 0.1446
2398 1770 2420 1784 2374 1856 2353 1842 small-vehicle 0.1421
1808 1746 1830 1760 1789 1827 1767 1813 small-vehicle 0.1410
1795 1982 1817 1994 1780 2062 1758 2051 small-vehicle 0.1402
2187 725 2188 708 2229 710 2229 727 small-vehicle 0.1399
2463 1037 2486 1046 2454 1125 2430 1116 small-vehicle 0.1388
2602 1544 2624 1556 2588 1624 2566 1613 small-vehicle 0.1381
1879 1750 1900 1764 1853 1835 1832 1821 small-vehicle 0.1370
708 1145 726 1148 718 1188 701 1185 small-vehicle 0.1368
1632 2808 1617 2786 1692 2736 1707 2758 small-vehicle 0.1366
1257 2166 1278 2166 1278 2222 1257 2221 small-vehicle 0.1355
478 875 496 876 494 924 476 923 small-vehicle 0.1350
2666 2094 2663 2064 2774 2056 2777 2085 small-vehicle 0.1344
2512 1965 2531 1945 2605 2011 2586 2032 small-vehicle 0.1331
1508 2803 1491 2782 1567 2720 1584 2741 small-vehicle 0.1328
2203 1937 2221 1920 2295 1999 2278 2016 small-vehicle 0.1322
2641 1542 2664 1552 2631 1627 2608 1617 small-vehicle 0.1318
1849 2427 1869 2412 1930 2492 1909 2507 small-vehicle 0.1315
471 1142 487 1138 497 1176 481 1180 small-vehicle 0.1301
626 1155 641 1146 660 1179 645 1188 small-vehicle 0.1300
657 1146 674 1144 678 1181 661 1182 small-vehicle 0.1296
1902 1519 1923 1531 1887 1596 1866 1584 small-vehicle 0.1292
384 871 403 873 397 924 378 922 small-vehicle 0.1287
460 873 478 874 476 921 458 921 small-vehicle 0.1273
1085 725 1106 709 1157 775 1135 792 small-vehicle 0.1262
1823 1938 1840 1920 1912 1986 1895 2005 small-vehicle 0.1258
2574 1541 2598 1551 2566 1626 2543 1616 small-vehicle 0.1253
2296 1356 2293 1329 2377 1318 2380 1345 small-vehicle 0.1249
1586 2913 1607 2900 1653 2972 1632 2986 small-vehicle 0.1243
830 1620 835 1603 876 1617 870 1634 small-vehicle 0.1237
496 876 514 876 515 919 498 920 small-vehicle 0.1237
795 885 816 888 806 940 786 937 small-vehicle 0.1237
2597 1772 2621 1783 2584 1869 2559 1859 small-vehicle 0.1233
724 1155 741 1155 742 1192 726 1193 small-vehicle 0.1228
2581 1292 2604 1281 2650 1376 2626 1387 small-vehicle 0.1219
2337 970 2355 954 2419 1028 2400 1043 small-vehicle 0.1218
2644 992 2663 973 2727 1041 2708 1060 small-vehicle 0.1217
2562 2019 2587 2027 2559 2119 2534 2111 small-vehicle 0.1209
2317 1938 2336 1924 2394 2004 2374 2018 small-vehicle 0.1208
814 887 833 891 822 943 803 939 small-vehicle 0.1204
1709 2765 1730 2751 1763 2804 1742 2817 small-vehicle 0.1199
1611 1969 1634 1975 1613 2047 1591 2040 small-vehicle 0.1196
1142 727 1162 712 1208 774 1188 789 small-vehicle 0.1195
604 881 622 879 627 922 609 924 small-vehicle 0.1195
2487 774 2489 757 2529 761 2527 779 small-vehicle 0.1191
1086 656 1106 638 1163 704 1142 721 small-vehicle 0.1185
529 879 545 874 557 914 541 919 small-vehicle 0.1185
544 878 561 873 573 912 557 917 small-vehicle 0.1182
1731 2178 1749 2160 1808 2221 1790 2239 small-vehicle 0.1179
1710 1742 1732 1748 1714 1814 1691 1808 small-vehicle 0.1177
2670 1541 2693 1551 2658 1631 2634 1621 small-vehicle 0.1170
1512 1247 1528 1222 1581 1255 1565 1279 small-vehicle 0.1164
2622 1772 2646 1782 2608 1870 2584 1860 small-vehicle 0.1163
1821 1983 1844 1992 1817 2063 1793 2054 small-vehicle 0.1163
2526 2259 2548 2274 2493 2353 2471 2338 small-vehicle 0.1162
604 1165 614 1152 641 1173 630 1186 small-vehicle 0.1162
2243 965 2259 950 2323 1020 2306 1035 small-vehicle 0.1158
2621 1475 2641 1458 2700 1529 2681 1545 small-vehicle 0.1157
534 1031 552 1033 548 1077 530 1075 small-vehicle 0.1143
1730 1681 1750 1666 1801 1730 1782 1745 small-vehicle 0.1140
842 1456 856 1448 873 1478 860 1486 small-vehicle 0.1140
427 872 445 874 441 919 423 918 small-vehicle 0.1140
2702 1540 2724 1551 2683 1635 2660 1624 small-vehicle 0.1139
1624 1925 1644 1908 1701 1977 1681 1994 small-vehicle 0.1139
2714 1292 2740 1297 2722 1384 2696 1379 small-vehicle 0.1136
2339 757 2336 739 2374 732 2377 749 small-vehicle 0.1134
2730 990 2750 972 2811 1043 2791 1060 small-vehicle 0.1134
2694 1706 2714 1691 2782 1778 2763 1793 small-vehicle 0.1124
644 1029 662 1033 653 1077 635 1074 small-vehicle 0.1123
2448 970 2466 956 2528 1035 2510 1049 small-vehicle 0.1118
1688 1742 1710 1750 1686 1815 1664 1807 small-vehicle 0.1116
2522 1708 2543 1692 2602 1771 2581 1786 small-vehicle 0.1109
2358 1035 2382 1042 2355 1127 2331 1120 small-vehicle 0.1107
2626 1965 2646 1948 2707 2016 2687 2034 small-vehicle 0.1106
1758 1683 1777 1666 1833 1725 1814 1743 small-vehicle 0.1103
591 882 608 881 611 918 594 919 small-vehicle 0.1103
1707 1937 1726 1920 1782 1984 1763 2001 small-vehicle 0.1102
1718 1981 1741 1993 1704 2063 1681 2051 small-vehicle 0.1102
286 2061 299 2054 315 2084 301 2091 small-vehicle 0.1102
2413 1709 2433 1692 2500 1768 2480 1785 small-vehicle 0.1101
1551 226 1550 210 1577 209 1578 224 small-vehicle 0.1099
1580 1566 1567 1542 1639 1501 1652 1525 small-vehicle 0.1095
735 880 753 885 742 927 724 922 small-vehicle 0.1092
2742 1396 2725 1378 2797 1308 2815 1326 small-vehicle 0.1091
2495 1544 2520 1545 2519 1622 2493 1622 small-vehicle 0.1090
805 996 821 999 814 1042 798 1040 small-vehicle 0.1081
486 1148 501 1144 511 1176 496 1181 small-vehicle 0.1071
768 883 786 888 774 933 756 928 small-vehicle 0.1070
2704 1477 2723 1460 2784 1530 2765 1547 small-vehicle 0.1067
1221 727 1243 711 1290 775 1268 791 small-vehicle 0.1065
752 1171 767 1164 782 1195 767 1202 small-vehicle 0.1064
755 1340 758 1323 792 1330 789 1346 small-vehicle 0.1060
1837 1748 1858 1763 1811 1828 1790 1813 small-vehicle 0.1059
1142 212 1144 195 1176 197 1174 214 small-vehicle 0.1057
297 1611 309 1602 328 1627 316 1636 small-vehicle 0.1054
818 1910 834 1912 828 1953 812 1951 small-vehicle 0.1052
1574 749 1596 735 1636 798 1615 812 small-vehicle 0.1052
2492 1709 2513 1693 2574 1773 2553 1789 small-vehicle 0.1049
1590 1682 1608 1667 1658 1727 1639 1742 small-vehicle 0.1046
1800 1500 1821 1512 1783 1579 1761 1566 small-vehicle 0.1044
294 1639 305 1628 327 1651 316 1662 small-vehicle 0.1042
2248 2260 2273 2260 2272 2343 2248 2342 small-vehicle 0.1037
312 1156 314 1139 354 1143 352 1159 small-vehicle 0.1036
573 1177 580 1162 609 1177 602 1192 small-vehicle 0.1035
588 763 588 745 631 746 631 764 small-vehicle 0.1033
268 2094 280 2085 300 2111 288 2120 small-vehicle 0.1031
1814 1450 1832 1435 1882 1496 1864 1511 small-vehicle 0.1027
906 2123 919 2117 935 2147 922 2153 small-vehicle 0.1026
2570 1772 2594 1782 2559 1868 2534 1858 small-vehicle 0.1025
1287 2177 1304 2180 1297 2223 1280 2220 small-vehicle 0.1022
300 1486 310 1475 333 1498 322 1509 small-vehicle 0.1020
2543 1771 2568 1781 2532 1867 2507 1857 small-vehicle 0.1018
2447 1768 2470 1781 2423 1862 2401 1849 small-vehicle 0.1013
2538 1539 2563 1544 2548 1627 2522 1622 small-vehicle 0.1010
316 1172 317 1155 355 1156 354 1173 small-vehicle 0.1008
1756 2423 1776 2409 1833 2490 1813 2504 small-vehicle 0.1008
372 1030 387 1022 401 1051 387 1058 small-vehicle 0.1008
866 891 884 894 876 947 858 945 small-vehicle 0.1004
822 1460 836 1453 850 1481 837 1488 small-vehicle 0.1002
1849 2427 1869 2412 1930 2492 1909 2507 large-vehicle 0.3200
2621 1475 2641 1458 2700 1529 2681 1545 large-vehicle 0.2969
2413 1709 2433 1692 2500 1768 2480 1785 large-vehicle 0.2850
2203 1937 2221 1920 2295 1999 2278 2016 large-vehicle 0.2827
2581 1292 2604 1281 2650 1376 2626 1387 large-vehicle 0.2753
1756 2423 1776 2409 1833 2490 1813 2504 large-vehicle 0.2752
2243 965 2259 950 2323 1020 2306 1035 large-vehicle 0.2713
1508 2803 1491 2782 1567 2720 1584 2741 large-vehicle 0.2652
1647 2424 1666 2409 1730 2491 1710 2506 large-vehicle 0.2641
1678 2421 1698 2407 1758 2492 1738 2506 large-vehicle 0.2640
2522 1708 2543 1692 2602 1771 2581 1786 large-vehicle 0.2635
2514 1951 2534 1933 2603 2008 2583 2026 large-vehicle 0.2626
2600 2019 2628 2018 2629 2124 2601 2124 large-vehicle 0.2621
2492 1709 2513 1693 2574 1773 2553 1789 large-vehicle 0.2617
2644 992 2663 973 2727 1041 2708 1060 large-vehicle 0.2605
2448 970 2466 956 2528 1035 2510 1049 large-vehicle 0.2588
2690 2097 2685 2069 2791 2048 2797 2076 large-vehicle 0.2568
2370 2195 2389 2180 2449 2252 2430 2268 large-vehicle 0.2565
2217 1450 2235 1435 2295 1507 2276 1523 large-vehicle 0.2555
2694 1706 2714 1691 2782 1778 2763 1793 large-vehicle 0.2535
2392 2196 2410 2179 2476 2248 2458 2265 large-vehicle 0.2534
2497 1474 2515 1457 2578 1528 2560 1544 large-vehicle 0.2524
2704 1477 2723 1460 2784 1530 2765 1547 large-vehicle 0.2514
2284 1205 2303 1189 2367 1267 2348 1283 large-vehicle 0.2502
2337 970 2355 954 2419 1028 2400 1043 large-vehicle 0.2498
2652 2965 2674 2950 2731 3030 2709 3045 large-vehicle 0.2483
2232 1704 2250 1688 2320 1764 2302 1781 large-vehicle 0.2451
2742 1396 2725 1378 2797 1308 2815 1326 large-vehicle 0.2446
2578 2972 2598 2954 2657 3021 2637 3039 large-vehicle 0.2437
2627 1218 2647 1204 2705 1284 2686 1299 large-vehicle 0.2390
2623 1707 2644 1692 2706 1779 2685 1794 large-vehicle 0.2379
2641 1964 2661 1947 2724 2020 2704 2036 large-vehicle 0.2367
2319 2195 2338 2181 2389 2250 2369 2264 large-vehicle 0.2357
2496 1222 2515 1207 2572 1276 2554 1291 large-vehicle 0.2352
2425 2257 2447 2270 2400 2351 2379 2339 large-vehicle 0.2339
2731 1537 2758 1537 2755 1643 2728 1643 large-vehicle 0.2325
1671 2489 1695 2485 1712 2585 1688 2589 large-vehicle 0.2310
2226 1851 2209 1832 2276 1771 2293 1790 large-vehicle 0.2303
2391 1221 2409 1204 2471 1270 2453 1287 large-vehicle 0.2268
2181 2172 2201 2157 2265 2241 2245 2256 large-vehicle 0.2264
2347 2195 2367 2181 2417 2252 2397 2266 large-vehicle 0.2263
1726 2424 1746 2411 1800 2493 1780 2506 large-vehicle 0.2238
2498 2197 2517 2182 2573 2255 2554 2269 large-vehicle 0.2236
2317 1938 2336 1924 2394 2004 2374 2018 large-vehicle 0.2229
2469 1223 2487 1206 2548 1274 2530 1291 large-vehicle 0.2223
2367 1452 2388 1437 2452 1522 2430 1538 large-vehicle 0.2219
2674 2268 2696 2266 2704 2354 2683 2356 large-vehicle 0.2196
2551 2193 2570 2179 2630 2260 2611 2274 large-vehicle 0.2190
2445 1454 2466 1440 2522 1520 2501 1535 large-vehicle 0.2189
2443 1707 2464 1691 2524 1771 2504 1787 large-vehicle 0.2179
2724 1229 2746 1212 2808 1289 2786 1307 large-vehicle 0.2178
2528 1286 2549 1301 2492 1379 2471 1364 large-vehicle 0.2112
2240 2191 2257 2177 2319 2248 2302 2263 large-vehicle 0.2096
2297 1690 2317 1675 2372 1752 2352 1767 large-vehicle 0.2086
1823 1938 1840 1920 1912 1986 1895 2005 large-vehicle 0.2080
2265 2193 2283 2179 2342 2248 2325 2262 large-vehicle 0.2050
2359 1558 2373 1534 2457 1584 2442 1607 large-vehicle 0.2050
2503 1284 2524 1299 2468 1377 2447 1362 large-vehicle 0.2036
2522 2192 2541 2179 2596 2260 2576 2273 large-vehicle 0.2032
2342 1934 2363 1921 2420 2005 2399 2019 large-vehicle 0.2027
2262 1557 2276 1532 2360 1577 2347 1602 large-vehicle 0.2021
2683 1773 2708 1773 2706 1872 2681 1871 large-vehicle 0.2016
2526 2259 2548 2274 2493 2353 2471 2338 large-vehicle 0.2007
2398 1770 2420 1784 2374 1856 2353 1842 large-vehicle 0.1991
1668 2483 1691 2492 1654 2582 1632 2573 large-vehicle 0.1982
2646 2198 2664 2183 2728 2264 2709 2279 large-vehicle 0.1967
2463 1037 2486 1046 2454 1125 2430 1116 large-vehicle 0.1964
1731 2178 1749 2160 1808 2221 1790 2239 large-vehicle 0.1960
2575 1707 2597 1692 2654 1773 2632 1788 large-vehicle 0.1959
2681 1478 2701 1463 2755 1532 2735 1547 large-vehicle 0.1958
2721 1537 2744 1548 2702 1638 2678 1627 large-vehicle 0.1956
2552 1288 2573 1302 2519 1380 2498 1365 large-vehicle 0.1945
2392 2258 2414 2269 2374 2350 2352 2339 large-vehicle 0.1944
2447 1768 2470 1781 2423 1862 2401 1849 large-vehicle 0.1944
2622 1772 2646 1782 2608 1870 2584 1860 large-vehicle 0.1941
2337 1473 2355 1455 2428 1529 2410 1547 large-vehicle 0.1940
2548 1220 2568 1206 2622 1281 2602 1295 large-vehicle 0.1940
2365 2259 2387 2270 2349 2349 2327 2338 large-vehicle 0.1934
2672 1960 2693 1942 2760 2020 2740 2038 large-vehicle 0.1931
2597 1772 2621 1783 2584 1869 2559 1859 large-vehicle 0.1920
979 711 999 695 1061 773 1041 789 large-vehicle 0.1920
2745 1290 2770 1301 2735 1385 2709 1374 large-vehicle 0.1909
2419 1453 2440 1439 2494 1519 2474 1533 large-vehicle 0.1903
1632 2808 1617 2786 1692 2736 1707 2758 large-vehicle 0.1894
2472 1769 2494 1782 2447 1862 2425 1849 large-vehicle 0.1889
2574 1219 2594 1203 2655 1284 2634 1299 large-vehicle 0.1870
2478 2020 2498 2035 2443 2111 2422 2096 large-vehicle 0.1865
1825 1452 1841 1435 1905 1495 1889 1512 large-vehicle 0.1865
1866 2589 1853 2566 1931 2522 1945 2545 large-vehicle 0.1861
1902 1519 1923 1531 1887 1596 1866 1584 large-vehicle 0.1857
2341 2260 2362 2271 2323 2347 2302 2336 large-vehicle 0.1846
2664 1770 2688 1776 2665 1870 2641 1864 large-vehicle 0.1822
2477 1283 2498 1298 2445 1374 2424 1360 large-vehicle 0.1819
2448 1284 2469 1297 2420 1372 2400 1358 large-vehicle 0.1819
1827 2175 1847 2158 1909 2233 1889 2250 large-vehicle 0.1818
2787 1048 2808 1063 2751 1145 2729 1130 large-vehicle 0.1818
2730 990 2750 972 2811 1043 2791 1060 large-vehicle 0.1783
2692 1826 2698 1799 2798 1822 2792 1849 large-vehicle 0.1783
2751 2970 2772 2955 2829 3034 2809 3049 large-vehicle 0.1782
1856 2175 1876 2158 1937 2231 1917 2248 large-vehicle 0.1773
1519 2506 1537 2484 1608 2543 1590 2565 large-vehicle 0.1760
1684 2222 1704 2235 1649 2322 1628 2309 large-vehicle 0.1753
1707 1924 1726 1908 1783 1975 1764 1991 large-vehicle 0.1749
2368 1937 2388 1923 2446 2004 2426 2018 large-vehicle 0.1743
2543 1771 2568 1781 2532 1867 2507 1857 large-vehicle 0.1738
2664 1726 2683 1709 2760 1790 2742 1808 large-vehicle 0.1737
1586 2913 1607 2900 1653 2972 1632 2986 large-vehicle 0.1737
2519 1770 2543 1781 2504 1866 2479 1855 large-vehicle 0.1728
2296 1356 2293 1329 2377 1318 2380 1345 large-vehicle 0.1712
2643 1770 2667 1779 2633 1870 2609 1861 large-vehicle 0.1712
2570 1772 2594 1782 2559 1868 2534 1858 large-vehicle 0.1680
1624 1925 1644 1908 1701 1977 1681 1994 large-vehicle 0.1673
2569 1285 2591 1296 2553 1382 2530 1372 large-vehicle 0.1653
2670 1541 2693 1551 2658 1631 2634 1621 large-vehicle 0.1641
2494 1769 2517 1782 2472 1864 2448 1851 large-vehicle 0.1637
1590 1682 1608 1667 1658 1727 1639 1742 large-vehicle 0.1629
1730 1681 1750 1666 1801 1730 1782 1745 large-vehicle 0.1626
1758 1683 1777 1666 1833 1725 1814 1743 large-vehicle 0.1621
2358 1035 2382 1042 2355 1127 2331 1120 large-vehicle 0.1618
2197 1692 2217 1676 2277 1753 2257 1769 large-vehicle 0.1605
1879 1750 1900 1764 1853 1835 1832 1821 large-vehicle 0.1604
2705 991 2727 975 2778 1045 2757 1060 large-vehicle 0.1602
2316 2260 2336 2271 2298 2344 2278 2333 large-vehicle 0.1601
2265 1450 2284 1435 2337 1505 2317 1520 large-vehicle 0.1581
1560 745 1581 732 1624 798 1602 811 large-vehicle 0.1564
2313 1205 2333 1190 2390 1268 2369 1282 large-vehicle 0.1561
1873 1509 1894 1518 1864 1586 1843 1577 large-vehicle 0.1553
2385 2008 2409 2016 2377 2105 2353 2097 large-vehicle 0.1551
1618 1974 1639 1984 1605 2055 1584 2045 large-vehicle 0.1539
2756 1049 2777 1063 2728 1140 2707 1126 large-vehicle 0.1538
2361 2010 2383 2020 2348 2104 2325 2095 large-vehicle 0.1529
2641 1542 2664 1552 2631 1627 2608 1617 large-vehicle 0.1523
2487 1036 2510 1046 2477 1125 2454 1116 large-vehicle 0.1521
1766 2179 1786 2157 1864 2230 1844 2251 large-vehicle 0.1515
2334 2013 2356 2023 2319 2100 2297 2090 large-vehicle 0.1514
2646 1050 2668 1062 2629 1133 2608 1121 large-vehicle 0.1501
2248 2260 2273 2260 2272 2343 2248 2342 large-vehicle 0.1495
2671 1050 2694 1062 2656 1135 2633 1123 large-vehicle 0.1492
1142 727 1162 712 1208 774 1188 789 large-vehicle 0.1492
2577 2270 2601 2270 2601 2355 2577 2355 large-vehicle 0.1490
2419 1212 2438 1196 2496 1268 2477 1283 large-vehicle 0.1487
1526 747 1547 732 1593 800 1572 814 large-vehicle 0.1479
2562 2019 2587 2027 2559 2119 2534 2111 large-vehicle 0.1474
1086 656 1106 638 1163 704 1142 721 large-vehicle 0.1463
2727 1051 2749 1063 2709 1138 2686 1125 large-vehicle 0.1459
2215 2038 2229 2019 2294 2068 2280 2087 large-vehicle 0.1445
1684 1936 1704 1922 1753 1987 1733 2002 large-vehicle 0.1437
1660 2226 1680 2241 1624 2315 1604 2300 large-vehicle 0.1436
2700 1051 2723 1063 2685 1136 2662 1124 large-vehicle 0.1436
2545 1051 2567 1064 2526 1133 2505 1120 large-vehicle 0.1427
1879 1934 1895 1918 1958 1982 1941 1998 large-vehicle 0.1408
2620 1544 2641 1555 2607 1625 2585 1614 large-vehicle 0.1407
1085 725 1106 709 1157 775 1135 792 large-vehicle 0.1402
2340 1037 2362 1047 2325 1125 2303 1115 large-vehicle 0.1400
2522 1530 2547 1526 2561 1613 2535 1617 large-vehicle 0.1398
1658 756 1680 744 1716 806 1694 819 large-vehicle 0.1393
2428 2023 2448 2037 2398 2112 2377 2098 large-vehicle 0.1387
1119 731 1140 718 1179 779 1158 793 large-vehicle 0.1385
1870 1985 1893 1995 1862 2065 1839 2055 large-vehicle 0.1383
1613 1734 1638 1741 1617 1814 1592 1807 large-vehicle 0.1382
2574 1541 2598 1551 2566 1626 2543 1616 large-vehicle 0.1380
1841 1982 1865 1991 1839 2064 1815 2055 large-vehicle 0.1368
1800 1500 1821 1512 1783 1579 1761 1566 large-vehicle 0.1360
1949 1575 1934 1552 1997 1509 2012 1532 large-vehicle 0.1359
2346 1218 2366 1203 2420 1272 2400 1287 large-vehicle 0.1352
2665 2282 2686 2288 2665 2359 2644 2353 large-vehicle 0.1343
1925 1986 1947 1992 1924 2074 1902 2067 large-vehicle 0.1342
1718 1981 1741 1993 1704 2063 1681 2051 large-vehicle 0.1335
2311 1036 2332 1046 2295 1121 2275 1111 large-vehicle 0.1323
1821 1500 1843 1511 1808 1580 1786 1569 large-vehicle 0.1322
2623 1050 2645 1061 2608 1131 2586 1120 large-vehicle 0.1319
1580 1566 1567 1542 1639 1501 1652 1525 large-vehicle 0.1318
1221 727 1243 711 1290 775 1268 791 large-vehicle 0.1312
2268 1692 2288 1678 2341 1755 2321 1769 large-vehicle 0.1298
446 623 446 593 536 594 536 624 large-vehicle 0.1291
2495 1544 2520 1545 2519 1622 2493 1622 large-vehicle 0.1265
2276 2251 2298 2252 2294 2330 2271 2329 large-vehicle 0.1265
2523 1053 2542 1066 2499 1132 2479 1118 large-vehicle 0.1264
1854 1454 1871 1436 1932 1494 1915 1512 large-vehicle 0.1258
1848 1503 1870 1512 1839 1584 1817 1574 large-vehicle 0.1253
1117 656 1138 641 1186 705 1165 720 large-vehicle 0.1251
1629 1671 1648 1657 1695 1722 1676 1736 large-vehicle 0.1248
1624 1431 1644 1417 1693 1485 1674 1499 large-vehicle 0.1246
1559 680 1579 667 1621 727 1601 741 large-vehicle 0.1238
1884 1454 1902 1436 1959 1493 1940 1511 large-vehicle 0.1233
2570 1049 2592 1060 2555 1132 2533 1120 large-vehicle 0.1231
2297 962 2317 951 2361 1028 2340 1039 large-vehicle 0.1228
1791 2581 1781 2554 1852 2528 1862 2554 large-vehicle 0.1223
2702 2968 2724 2954 2777 3036 2755 3050 large-vehicle 0.1222
1781 1981 1804 1993 1765 2064 1742 2052 large-vehicle 0.1219
2593 1038 2616 1046 2587 1122 2564 1113 large-vehicle 0.1213
1672 2490 1686 2474 1756 2533 1742 2549 large-vehicle 0.1212
1728 1501 1747 1514 1707 1577 1687 1565 large-vehicle 0.1210
1898 1986 1921 1996 1889 2068 1867 2059 large-vehicle 0.1205
1274 727 1296 712 1336 774 1314 788 large-vehicle 0.1162
1640 669 1663 659 1693 725 1670 735 large-vehicle 0.1138
1402 736 1425 721 1467 786 1444 801 large-vehicle 0.1135
1808 1746 1830 1760 1789 1827 1767 1813 large-vehicle 0.1119
1779 1746 1802 1757 1768 1826 1744 1814 large-vehicle 0.1118
2334 1520 2362 1516 2374 1612 2346 1616 large-vehicle 0.1116
2204 2276 2226 2265 2260 2331 2238 2342 large-vehicle 0.1115
730 2694 734 2677 785 2687 781 2704 large-vehicle 0.1110
1715 751 1738 739 1772 801 1750 813 large-vehicle 0.1100
1682 752 1704 739 1741 800 1719 814 large-vehicle 0.1094
2606 2972 2629 2949 2704 3024 2681 3047 large-vehicle 0.1090
2378 1290 2403 1291 2401 1371 2376 1370 large-vehicle 0.1079
1600 2901 1618 2886 1669 2947 1651 2962 large-vehicle 0.1077
1593 1977 1613 1985 1587 2046 1567 2037 large-vehicle 0.1072
1035 391 1054 404 1009 470 989 456 large-vehicle 0.1067
1690 1679 1711 1668 1745 1728 1724 1739 large-vehicle 0.1056
1703 1431 1723 1414 1778 1480 1758 1497 large-vehicle 0.1040
1582 680 1601 666 1644 725 1624 739 large-vehicle 0.1039
1753 1500 1773 1514 1729 1578 1710 1565 large-vehicle 0.1034
1540 679 1560 667 1595 728 1575 739 large-vehicle 0.1028
1644 2483 1666 2490 1644 2565 1621 2558 large-vehicle 0.1024
1802 2427 1825 2414 1872 2495 1850 2508 large-vehicle 0.1022
1937 1998 1959 2001 1948 2081 1926 2078 large-vehicle 0.1012
1472 672 1493 657 1536 722 1515 736 large-vehicle 0.1012
1149 655 1170 641 1211 703 1190 716 large-vehicle 0.1004
2685 1536 2708 1541 2693 1615 2669 1610 large-vehicle 0.1000
1766 1260 1789 1271 1760 1335 1737 1325 ship 0.4737
1619 531 1632 504 1703 536 1690 564 ship 0.4657
1799 1261 1821 1272 1790 1335 1768 1325 ship 0.4576
1823 1192 1846 1184 1867 1245 1844 1253 ship 0.4448
1915 1200 1936 1184 1987 1253 1966 1269 ship 0.4426
1913 949 1934 932 1986 997 1964 1014 ship 0.4412
1740 512 1763 506 1777 569 1754 574 ship 0.4351
1804 943 1829 927 1874 996 1849 1012 ship 0.4340
1187 2394 1207 2407 1165 2472 1145 2458 ship 0.4302
1845 1193 1867 1186 1887 1249 1865 1256 ship 0.4208
1678 1258 1700 1271 1665 1331 1643 1318 ship 0.4201
1815 1016 1841 1024 1822 1089 1796 1081 ship 0.4174
1637 1002 1662 1010 1639 1079 1614 1071 ship 0.4109
1544 416 1566 429 1528 491 1507 478 ship 0.4055
1717 940 1742 931 1766 995 1741 1004 ship 0.4019
1629 431 1650 416 1694 476 1674 491 ship 0.4017
1715 1016 1739 1028 1707 1088 1683 1076 ship 0.3987
1212 388 1234 400 1198 465 1176 453 ship 0.3963
1660 425 1683 413 1718 479 1695 491 ship 0.3903
1738 1017 1763 1026 1739 1089 1714 1079 ship 0.3899
1631 1182 1654 1169 1692 1235 1669 1248 ship 0.3887
1283 478 1303 490 1270 543 1251 531 ship 0.3839
1069 2399 1087 2416 1032 2478 1013 2462 ship 0.3805
1144 471 1168 479 1149 540 1125 532 ship 0.3802
1521 415 1542 429 1504 488 1483 474 ship 0.3799
1341 485 1361 499 1323 550 1304 535 ship 0.3797
1257 474 1277 485 1248 540 1228 529 ship 0.3794
1891 1022 1916 1027 1902 1089 1877 1083 ship 0.3774
1456 489 1478 498 1457 554 1435 546 ship 0.3755
1982 1016 2007 1029 1972 1094 1948 1081 ship 0.3752
1749 1181 1773 1178 1783 1244 1760 1248 ship 0.3742
1834 497 1856 510 1820 570 1798 557 ship 0.3721
1720 1259 1743 1269 1717 1332 1694 1322 ship 0.3710
1662 1174 1686 1164 1713 1233 1689 1242 ship 0.3705
1839 1019 1865 1025 1849 1089 1822 1083 ship 0.3705
1316 483 1334 497 1298 546 1279 532 ship 0.3704
1551 493 1570 507 1532 560 1513 546 ship 0.3698
1232 473 1252 485 1221 539 1201 528 ship 0.3686
1214 2396 1234 2409 1193 2473 1173 2460 ship 0.3684
1435 492 1457 501 1431 559 1409 549 ship 0.3616
1776 1191 1799 1187 1808 1242 1785 1246 ship 0.3608
1672 1006 1696 1019 1662 1081 1638 1068 ship 0.3596
1804 1191 1826 1186 1840 1243 1817 1248 ship 0.3589
1177 468 1199 478 1172 537 1150 527 ship 0.3587
1740 941 1766 931 1790 997 1765 1006 ship 0.3583
1389 490 1411 501 1381 557 1359 546 ship 0.3563
1796 499 1821 503 1808 570 1784 566 ship 0.3558
1864 684 1888 667 1934 732 1910 749 ship 0.3542
1643 1259 1666 1268 1642 1329 1619 1320 ship 0.3531
1482 493 1504 501 1484 555 1463 547 ship 0.3507
1411 401 1435 411 1408 476 1384 467 ship 0.3491
1690 1172 1714 1167 1728 1235 1703 1240 ship 0.3460
1764 1017 1789 1026 1769 1088 1743 1080 ship 0.3457
1365 487 1385 500 1350 553 1330 539 ship 0.3450
1864 1021 1890 1027 1875 1089 1850 1083 ship 0.3395
1901 762 1925 749 1960 812 1936 826 ship 0.3353
1896 1197 1919 1185 1955 1259 1932 1270 ship 0.3324
1946 1016 1971 1026 1944 1092 1918 1082 ship 0.3229
1626 941 1648 925 1689 982 1667 998 ship 0.3221
1661 941 1685 931 1709 990 1685 1000 ship 0.3212
1354 656 1378 642 1416 705 1391 719 ship 0.3211
1234 2415 1254 2427 1223 2481 1203 2469 ship 0.3208
1304 421 1323 427 1309 475 1290 470 ship 0.3191
1918 1028 1942 1038 1920 1095 1896 1086 ship 0.3183
1767 940 1792 930 1819 998 1794 1008 ship 0.3173
1516 492 1537 503 1511 555 1490 545 ship 0.3172
1815 758 1839 745 1875 812 1851 824 ship 0.3151
1881 502 1900 515 1855 578 1836 564 ship 0.3150
1872 1194 1895 1187 1915 1254 1892 1261 ship 0.3105
1106 390 1126 403 1085 467 1065 455 ship 0.3097
1185 388 1207 400 1170 465 1148 453 ship 0.3076
1138 391 1158 403 1118 464 1099 452 ship 0.3019
1323 657 1348 643 1384 708 1359 722 ship 0.3007
1390 403 1412 413 1386 473 1363 463 ship 0.3003
1402 736 1425 721 1467 786 1444 801 ship 0.3002
1758 470 1767 447 1829 470 1820 493 ship 0.2983
1276 2427 1301 2426 1303 2491 1278 2492 ship 0.2950
1814 682 1838 669 1875 732 1851 746 ship 0.2942
1692 423 1713 415 1736 472 1715 481 ship 0.2936
1035 391 1054 404 1009 470 989 456 ship 0.2874
1607 1259 1631 1260 1628 1319 1603 1317 ship 0.2854
1028 490 1044 472 1089 514 1072 531 ship 0.2851
1280 430 1300 435 1288 483 1269 478 ship 0.2849
1260 2422 1284 2430 1264 2490 1240 2482 ship 0.2805
1334 418 1353 425 1336 472 1317 465 ship 0.2781
1454 675 1476 657 1527 720 1505 738 ship 0.2693
1746 502 1766 490 1798 541 1779 553 ship 0.2661
1357 418 1377 426 1357 474 1337 466 ship 0.2517
1061 390 1081 404 1033 469 1013 455 ship 0.2417
1381 735 1404 724 1435 791 1411 802 ship 0.2392
1865 758 1890 749 1916 817 1891 827 ship 0.2363
1906 967 1929 955 1956 1007 1934 1019 ship 0.2317
1844 675 1867 665 1896 730 1873 741 ship 0.2170
1139 2422 1160 2429 1143 2480 1122 2473 ship 0.2146
1282 656 1305 644 1338 707 1315 719 ship 0.2136
1794 756 1818 747 1845 814 1821 823 ship 0.2083
1134 426 1153 436 1128 485 1109 475 ship 0.2059
1700 962 1722 958 1731 1003 1709 1007 ship 0.2042
1422 731 1442 714 1491 770 1471 788 ship 0.2038
1047 424 1071 427 1061 492 1038 488 ship 0.2031
1496 410 1518 422 1486 478 1464 466 ship 0.2028
1359 734 1383 724 1410 790 1385 800 ship 0.2011
1714 671 1737 659 1771 725 1748 737 ship 0.1998
1298 729 1321 714 1360 774 1337 789 ship 0.1977
1561 2233 1584 2239 1568 2302 1544 2296 ship 0.1969
1251 440 1270 447 1254 491 1235 484 ship 0.1957
1224 436 1243 446 1220 491 1201 481 ship 0.1943
1703 1431 1723 1414 1778 1480 1758 1497 ship 0.1879
1788 1014 1813 1017 1806 1067 1782 1064 ship 0.1876
1254 655 1277 644 1308 706 1285 718 ship 0.1873
1652 1236 1673 1235 1675 1284 1654 1285 ship 0.1869
1738 755 1760 741 1796 802 1774 815 ship 0.1841
1757 1237 1777 1239 1774 1281 1754 1280 ship 0.1782
1624 1431 1644 1417 1693 1485 1674 1499 ship 0.1772
1741 1245 1760 1248 1754 1288 1735 1285 ship 0.1750
1660 2226 1680 2241 1624 2315 1604 2300 ship 0.1750
1580 1566 1567 1542 1639 1501 1652 1525 ship 0.1745
1807 1262 1826 1262 1828 1308 1809 1308 ship 0.1739
1707 1245 1726 1249 1718 1290 1699 1286 ship 0.1714
1577 499 1599 508 1577 562 1555 553 ship 0.1711
1602 514 1626 506 1644 563 1620 570 ship 0.1658
1711 521 1734 516 1744 564 1721 569 ship 0.1633
1206 652 1228 643 1253 702 1231 711 ship 0.1606
1979 737 1993 714 2044 746 2030 768 ship 0.1575
1728 1501 1747 1514 1707 1577 1687 1565 ship 0.1566
1097 482 1121 482 1123 535 1098 535 ship 0.1545
1684 2222 1704 2235 1649 2322 1628 2309 ship 0.1539
1620 466 1634 449 1677 483 1663 501 ship 0.1515
1684 1279 1704 1286 1690 1330 1670 1323 ship 0.1504
1227 654 1249 642 1283 703 1261 715 ship 0.1498
1625 2216 1647 2227 1609 2301 1587 2290 ship 0.1482
1086 656 1106 638 1163 704 1142 721 ship 0.1380
1658 756 1680 744 1716 806 1694 819 ship 0.1372
1716 434 1734 424 1758 467 1740 477 ship 0.1371
1689 666 1712 656 1741 725 1718 735 ship 0.1361
1179 652 1201 642 1227 701 1205 711 ship 0.1359
1574 749 1596 735 1636 798 1615 812 ship 0.1357
1517 746 1540 733 1578 802 1555 814 ship 0.1351
1560 670 1582 659 1616 726 1594 737 ship 0.1348
1247 402 1266 411 1247 459 1227 450 ship 0.1340
1097 2400 1116 2410 1085 2468 1066 2458 ship 0.1335
1538 668 1560 658 1589 725 1567 734 ship 0.1321
2646 1050 2668 1062 2629 1133 2608 1121 ship 0.1293
1612 1204 1632 1198 1645 1244 1626 1250 ship 0.1290
1717 754 1740 745 1765 807 1742 816 ship 0.1287
1717 1179 1743 1171 1762 1234 1736 1242 ship 0.1280
1512 666 1534 657 1562 723 1540 732 ship 0.1277
1884 971 1907 965 1918 1012 1895 1018 ship 0.1276
2623 1050 2645 1061 2608 1131 2586 1120 ship 0.1266
2545 1051 2567 1064 2526 1133 2505 1120 ship 0.1265
1117 656 1138 641 1186 705 1165 720 ship 0.1264
1662 668 1685 657 1715 725 1691 735 ship 0.1256
1640 669 1663 659 1693 725 1670 735 ship 0.1240
1465 409 1486 419 1460 472 1439 462 ship 0.1233
2243 965 2259 950 2323 1020 2306 1035 ship 0.1208
1155 651 1177 641 1204 701 1182 711 ship 0.1202
1602 422 1618 414 1640 456 1624 464 ship 0.1193
1508 2803 1491 2782 1567 2720 1584 2741 ship 0.1171
1727 472 1743 461 1768 495 1752 507 ship 0.1168
2570 1049 2592 1060 2555 1132 2533 1120 ship 0.1164
1598 1467 1610 1448 1680 1490 1668 1509 ship 0.1159
2002 1031 2022 1039 2003 1092 1982 1084 ship 0.1148
2787 1048 2808 1063 2751 1145 2729 1130 ship 0.1147
1682 752 1704 739 1741 800 1719 814 ship 0.1133
2671 1050 2694 1062 2656 1135 2633 1123 ship 0.1116
1613 1734 1638 1741 1617 1814 1592 1807 ship 0.1116
1618 1974 1639 1984 1605 2055 1584 2045 ship 0.1103
2358 1035 2382 1042 2355 1127 2331 1120 ship 0.1095
1731 2178 1749 2160 1808 2221 1790 2239 ship 0.1092
1023 983 1174 978 1202 1955 1050 1960 ship 0.1087
1245 728 1267 712 1312 774 1290 790 ship 0.1087
2463 1037 2486 1046 2454 1125 2430 1116 ship 0.1083
2291 1040 2311 1048 2284 1119 2264 1112 ship 0.1083
1588 1035 1605 1023 1632 1061 1614 1073 ship 0.1080
2448 1284 2469 1297 2420 1372 2400 1358 ship 0.1080
2593 1038 2616 1046 2587 1122 2564 1113 ship 0.1072
1753 1500 1773 1514 1729 1578 1710 1565 ship 0.1052
2337 970 2355 954 2419 1028 2400 1043 ship 0.1041
979 711 999 695 1061 773 1041 789 ship 0.1033
2478 2020 2498 2035 2443 2111 2422 2096 ship 0.1031
1205 472 1228 481 1204 540 1180 530 ship 0.1023
1657 1426 1679 1416 1712 1486 1691 1496 ship 0.1020
1800 1500 1821 1512 1783 1579 1761 1566 ship 0.1018
2262 1557 2276 1532 2360 1577 2347 1602 ship 0.1017
1646 1515 1666 1505 1695 1563 1675 1573 ship 0.1016
2724 1229 2746 1212 2808 1289 2786 1307 ship 0.1015
1615 671 1638 661 1666 726 1643 736 ship 0.1014
1587 671 1609 661 1641 725 1619 736 ship 0.1002
1276 2427 1301 2426 1303 2491 1278 2492 storage-tank 0.1306
1555 1047 1582 910 2027 999 2000 1137 harbor 0.1818
928 485 963 304 1699 445 1665 625 harbor 0.1653
1533 1254 1565 1138 1947 1244 1914 1360 harbor 0.1184
