1525 1631 1526 1614 1561 1616 1560 1632 small-vehicle 0.1128
2405 2049 2410 2035 2436 2045 2431 2059 small-vehicle 0.1120
1679 2030 1696 2031 1695 2079 1678 2079 small-vehicle 0.1117
2383 2042 2389 2029 2414 2040 2408 2054 small-vehicle 0.1109
2484 1329 2485 1312 2528 1313 2527 1330 small-vehicle 0.1019
1149 2080 1163 1910 1828 1965 1814 2135 ship 0.2103
498 598 500 575 550 579 547 602 ship 0.1223
276 2064 266 1916 1024 1863 1034 2011 ship 0.1060
448 558 466 554 475 594 458 598 ship 0.1018
1785 711 1784 686 1833 684 1834 710 storage-tank 0.2119
730 306 739 275 788 289 780 320 storage-tank 0.2057
2382 1484 2381 1461 2428 1460 2429 1483 storage-tank 0.2021
148 1967 172 1971 163 2027 139 2023 storage-tank 0.2019
1782 735 1781 710 1829 708 1830 733 storage-tank 0.1946
1970 2104 1995 2107 1988 2154 1963 2150 storage-tank 0.1931
425 651 428 621 480 627 476 657 storage-tank 0.1894
1851 713 1850 685 1907 681 1909 709 storage-tank 0.1864
2618 2079 2640 2083 2633 2128 2610 2124 storage-tank 0.1830
459 2081 457 2057 501 2054 503 2078 storage-tank 0.1814
1062 38 1083 39 1080 88 1059 87 storage-tank 0.1711
1966 2030 1989 2032 1985 2085 1961 2083 storage-tank 0.1695
1780 757 1779 731 1828 731 1828 757 storage-tank 0.1638
1082 43 1103 46 1095 97 1075 94 storage-tank 0.1621
498 598 500 575 550 579 547 602 storage-tank 0.1589
2499 784 2500 758 2558 759 2557 784 storage-tank 0.1553
441 566 461 556 483 599 464 609 storage-tank 0.1507
2600 777 2621 760 2649 796 2628 813 storage-tank 0.1501
1521 692 1521 672 1561 671 1561 692 storage-tank 0.1490
462 574 477 560 508 592 493 607 storage-tank 0.1478
518 656 514 628 566 620 570 649 storage-tank 0.1467
2127 1476 2126 1446 2175 1445 2177 1474 storage-tank 0.1455
1956 747 1972 732 2002 764 1986 779 storage-tank 0.1454
1853 756 1852 727 1910 725 1911 753 storage-tank 0.1449
1969 2072 1991 2074 1987 2115 1966 2113 storage-tank 0.1447
2506 754 2507 730 2566 732 2565 756 storage-tank 0.1432
2323 739 2323 713 2381 714 2380 740 storage-tank 0.1421
1107 139 1129 139 1128 191 1106 190 storage-tank 0.1416
1067 160 1089 161 1089 209 1066 209 storage-tank 0.1379
615 596 630 574 670 600 656 622 storage-tank 0.1374
1983 1751 1996 1730 2034 1754 2021 1774 storage-tank 0.1372
1682 2036 1700 2038 1696 2082 1678 2080 storage-tank 0.1372
1336 1794 1335 1765 1386 1764 1387 1793 storage-tank 0.1358
430 622 436 598 483 611 477 635 storage-tank 0.1340
2410 736 2410 710 2465 710 2465 736 storage-tank 0.1335
2630 2106 2648 2108 2644 2142 2626 2141 storage-tank 0.1328
2294 1482 2291 1458 2341 1452 2343 1476 storage-tank 0.1313
275 1549 276 1521 328 1523 327 1551 storage-tank 0.1292
1381 1432 1391 1404 1435 1420 1425 1448 storage-tank 0.1284
1110 50 1132 52 1125 106 1103 103 storage-tank 0.1284
2396 1436 2402 1419 2438 1431 2433 1448 storage-tank 0.1270
2343 782 2342 756 2397 754 2398 780 storage-tank 0.1254
1636 1809 1637 1779 1686 1780 1684 1811 storage-tank 0.1252
1087 151 1108 153 1104 196 1084 194 storage-tank 0.1243
1281 1700 1296 1693 1310 1726 1295 1733 storage-tank 0.1241
1334 1710 1355 1702 1372 1742 1351 1751 storage-tank 0.1236
704 674 714 647 765 665 755 692 storage-tank 0.1231
807 320 806 298 853 296 855 317 storage-tank 0.1226
2477 1460 2472 1434 2531 1422 2536 1447 storage-tank 0.1212
1314 1705 1332 1701 1341 1736 1323 1741 storage-tank 0.1208
1947 711 1959 695 1992 720 1980 735 storage-tank 0.1201
2421 1431 2426 1415 2459 1426 2453 1443 storage-tank 0.1196
2235 763 2230 743 2277 733 2282 752 storage-tank 0.1191
113 1965 133 1966 129 2010 110 2008 storage-tank 0.1184
1428 1783 1429 1755 1484 1759 1483 1787 storage-tank 0.1167
2665 2114 2681 2108 2693 2139 2677 2145 storage-tank 0.1163
1739 1765 1734 1739 1787 1730 1791 1757 storage-tank 0.1159
1293 1045 1292 1012 1344 1009 1345 1042 storage-tank 0.1150
2434 792 2441 772 2478 786 2471 805 storage-tank 0.1146
1045 1472 1072 1468 1079 1515 1052 1519 storage-tank 0.1145
1582 741 1582 712 1635 712 1635 740 storage-tank 0.1141
1478 1112 1480 1082 1527 1085 1525 1115 storage-tank 0.1133
2252 737 2252 717 2293 718 2293 738 storage-tank 0.1132
519 2071 527 2055 556 2071 548 2087 storage-tank 0.1129
2030 1385 2054 1379 2068 1427 2044 1434 storage-tank 0.1128
383 1471 388 1441 439 1448 434 1479 storage-tank 0.1119
1365 361 1384 360 1386 415 1366 415 storage-tank 0.1117
81 1853 82 1825 131 1827 129 1855 storage-tank 0.1109
2679 2119 2690 2106 2720 2129 2709 2143 storage-tank 0.1107
1898 386 1893 363 1942 354 1947 377 storage-tank 0.1106
1911 1767 1910 1742 1961 1740 1961 1765 storage-tank 0.1096
82 1346 100 1343 107 1387 89 1390 storage-tank 0.1094
545 2078 551 2062 580 2072 575 2088 storage-tank 0.1086
2311 1112 2310 1081 2364 1080 2365 1111 storage-tank 0.1081
1575 1779 1588 1761 1622 1785 1608 1804 storage-tank 0.1081
2897 433 2895 408 2941 403 2944 429 storage-tank 0.1081
829 668 824 644 867 635 872 659 storage-tank 0.1064
2406 1134 2408 1108 2458 1111 2456 1137 storage-tank 0.1063
520 625 521 602 563 605 561 628 storage-tank 0.1048
2714 806 2715 783 2764 784 2763 807 storage-tank 0.1041
262 2072 270 2053 310 2072 301 2090 storage-tank 0.1039
1074 852 1100 852 1102 910 1076 911 storage-tank 0.1039
2454 422 2469 398 2509 423 2494 447 storage-tank 0.1034
2291 1461 2289 1440 2336 1434 2338 1455 storage-tank 0.1029
1829 1769 1826 1742 1877 1736 1880 1764 storage-tank 0.1029
527 560 535 548 562 565 554 578 storage-tank 0.1012
2433 774 2435 753 2474 757 2472 778 storage-tank 0.1010
1651 2071 1667 2070 1668 2106 1652 2106 storage-tank 0.1009
452 275 455 251 503 255 501 280 storage-tank 0.1009
1479 1051 1481 1022 1533 1026 1531 1054 storage-tank 0.1006
1686 690 1704 671 1748 711 1731 730 harbor 0.1303
1678 737 1681 709 1734 715 1731 743 harbor 0.1177
2665 1503 2664 1471 2736 1470 2736 1502 harbor 0.1108
2027 706 2057 684 2097 736 2068 759 swimming-pool 0.4437
1564 1409 1581 1384 1624 1413 1606 1439 swimming-pool 0.4375
1428 1783 1429 1755 1484 1759 1483 1787 swimming-pool 0.4341
1920 1426 1921 1394 1985 1394 1984 1426 swimming-pool 0.4231
1293 1045 1292 1012 1344 1009 1345 1042 swimming-pool 0.4094
81 1853 82 1825 131 1827 129 1855 swimming-pool 0.4046
615 326 615 300 661 299 662 325 swimming-pool 0.4045
2154 416 2153 389 2205 388 2206 415 swimming-pool 0.4045
1617 394 1614 365 1663 360 1666 388 swimming-pool 0.4018
2262 1829 2265 1800 2325 1806 2322 1835 swimming-pool 0.3972
383 1471 388 1441 439 1448 434 1479 swimming-pool 0.3953
807 320 806 298 853 296 855 317 swimming-pool 0.3928
2669 1502 2669 1470 2731 1471 2731 1503 swimming-pool 0.3908
351 296 349 271 399 265 402 291 swimming-pool 0.3844
2308 1111 2306 1082 2361 1076 2364 1106 swimming-pool 0.3833
1079 810 1084 758 1156 766 1151 818 swimming-pool 0.3831
1243 1352 1244 1332 1289 1334 1288 1354 swimming-pool 0.3728
729 871 732 846 781 850 779 875 swimming-pool 0.3719
1982 1755 1994 1732 2035 1753 2024 1776 swimming-pool 0.3717
2331 386 2331 362 2384 362 2384 386 swimming-pool 0.3713
2133 1106 2128 1082 2182 1070 2187 1094 swimming-pool 0.3712
2269 1803 2271 1773 2336 1778 2334 1807 swimming-pool 0.3684
275 1549 276 1521 328 1523 327 1551 swimming-pool 0.3679
740 944 762 949 752 1000 730 996 swimming-pool 0.3668
451 284 453 258 502 262 500 287 swimming-pool 0.3666
2835 1833 2834 1810 2887 1809 2887 1832 swimming-pool 0.3666
2882 409 2882 382 2936 382 2936 409 swimming-pool 0.3663
2897 433 2895 408 2941 403 2944 429 swimming-pool 0.3618
1572 1396 1576 1368 1625 1374 1621 1402 swimming-pool 0.3548
2156 1809 2153 1784 2210 1776 2214 1801 swimming-pool 0.3526
2532 1845 2528 1821 2576 1814 2579 1837 swimming-pool 0.3505
730 306 739 275 788 289 780 320 swimming-pool 0.3479
1898 386 1893 363 1942 354 1947 377 swimming-pool 0.3467
132 117 154 118 151 171 129 169 swimming-pool 0.3450
2149 719 2148 695 2196 694 2196 719 swimming-pool 0.3392
704 674 714 647 765 665 755 692 swimming-pool 0.3351
1636 1809 1637 1779 1686 1780 1684 1811 swimming-pool 0.3323
1479 1051 1481 1022 1533 1026 1531 1054 swimming-pool 0.3293
1929 1104 1929 1076 1983 1075 1984 1103 swimming-pool 0.3256
2406 1134 2408 1108 2458 1111 2456 1137 swimming-pool 0.3219
1582 741 1582 712 1635 712 1635 740 swimming-pool 0.3219
2598 775 2621 757 2652 795 2628 814 swimming-pool 0.3194
1395 692 1397 663 1449 667 1447 696 swimming-pool 0.3188
2408 1094 2410 1069 2460 1072 2459 1097 swimming-pool 0.3184
1773 1110 1771 1081 1820 1077 1822 1106 swimming-pool 0.3181
2714 806 2715 783 2764 784 2763 807 swimming-pool 0.3156
1739 1765 1734 1739 1787 1730 1791 1757 swimming-pool 0.3130
2508 1103 2512 1077 2557 1085 2553 1111 swimming-pool 0.3127
1972 382 1972 360 2011 361 2011 382 swimming-pool 0.3123
1965 408 1967 386 2010 389 2008 411 swimming-pool 0.3120
1827 1439 1825 1412 1883 1409 1884 1435 swimming-pool 0.3119
2294 1482 2291 1458 2341 1452 2343 1476 swimming-pool 0.3096
1036 335 1057 322 1080 360 1060 373 swimming-pool 0.3073
1045 1472 1072 1468 1079 1515 1052 1519 swimming-pool 0.3064
1832 1459 1833 1432 1888 1432 1888 1459 swimming-pool 0.3064
2127 1476 2126 1446 2175 1445 2177 1474 swimming-pool 0.3061
1478 1112 1480 1082 1527 1085 1525 1115 swimming-pool 0.3060
1393 1091 1392 1061 1445 1059 1446 1089 swimming-pool 0.3056
1046 1068 1042 1041 1089 1035 1092 1063 swimming-pool 0.3047
2454 422 2469 398 2509 423 2494 447 swimming-pool 0.3043
1558 1421 1589 1411 1606 1462 1575 1472 swimming-pool 0.3039
2477 1460 2472 1434 2531 1422 2536 1447 swimming-pool 0.3016
710 1400 735 1398 738 1445 713 1447 swimming-pool 0.2936
1858 1135 1856 1107 1903 1103 1905 1132 swimming-pool 0.2918
1381 1432 1391 1404 1435 1420 1425 1448 swimming-pool 0.2918
2030 1385 2054 1379 2068 1427 2044 1434 swimming-pool 0.2911
384 1061 412 1062 410 1117 383 1117 swimming-pool 0.2898
2361 418 2360 396 2404 393 2405 416 swimming-pool 0.2875
1039 1367 1036 1346 1078 1339 1082 1360 swimming-pool 0.2864
1601 1412 1608 1385 1651 1396 1643 1424 swimming-pool 0.2840
1584 1060 1592 1039 1635 1055 1627 1076 swimming-pool 0.2836
489 268 494 245 535 256 529 278 swimming-pool 0.2834
1823 1411 1819 1386 1873 1378 1876 1403 swimming-pool 0.2832
2208 1474 2207 1448 2264 1448 2264 1473 swimming-pool 0.2832
325 591 327 569 376 574 374 596 swimming-pool 0.2797
1522 1696 1545 1696 1546 1743 1523 1744 swimming-pool 0.2745
1761 1790 1760 1762 1806 1760 1807 1788 swimming-pool 0.2725
2223 776 2219 756 2268 746 2272 765 swimming-pool 0.2714
2044 1114 2043 1091 2091 1088 2092 1111 swimming-pool 0.2714
1358 316 1356 294 1399 289 1402 311 swimming-pool 0.2691
1470 1448 1466 1417 1522 1411 1525 1441 swimming-pool 0.2683
1615 365 1613 341 1660 338 1662 361 swimming-pool 0.2663
459 2081 457 2057 501 2054 503 2078 swimming-pool 0.2649
2563 344 2588 345 2587 397 2562 396 swimming-pool 0.2628
717 1267 723 1242 768 1253 761 1278 swimming-pool 0.2621
639 281 648 261 686 279 676 299 swimming-pool 0.2617
665 1221 694 1227 684 1277 655 1271 swimming-pool 0.2615
1063 327 1084 322 1095 361 1073 367 swimming-pool 0.2598
1686 690 1704 671 1748 711 1731 730 swimming-pool 0.2583
1665 1435 1689 1428 1700 1469 1677 1476 swimming-pool 0.2582
1927 411 1925 389 1965 385 1967 407 swimming-pool 0.2579
1911 1767 1910 1742 1961 1740 1961 1765 swimming-pool 0.2578
1057 1766 1056 1743 1108 1739 1110 1762 swimming-pool 0.2576
2499 784 2500 758 2558 759 2557 784 swimming-pool 0.2543
2291 1461 2289 1440 2336 1434 2338 1455 swimming-pool 0.2538
2151 393 2151 368 2205 368 2205 393 swimming-pool 0.2505
2619 441 2615 415 2668 406 2672 432 swimming-pool 0.2493
1643 1411 1652 1389 1689 1404 1680 1426 swimming-pool 0.2471
827 669 822 645 866 635 872 659 swimming-pool 0.2468
958 1065 961 1047 1001 1054 998 1072 swimming-pool 0.2458
2908 461 2905 437 2948 431 2952 455 swimming-pool 0.2457
1682 1102 1691 1079 1735 1095 1726 1119 swimming-pool 0.2400
2382 1484 2381 1461 2428 1460 2429 1483 swimming-pool 0.2393
1074 852 1100 852 1102 910 1076 911 swimming-pool 0.2367
1829 1769 1826 1742 1877 1736 1880 1764 swimming-pool 0.2355
2148 1830 2145 1804 2194 1798 2197 1824 swimming-pool 0.2353
2591 1409 2615 1410 2613 1457 2589 1456 swimming-pool 0.2341
2486 1482 2485 1457 2542 1456 2543 1480 swimming-pool 0.2341
1362 629 1385 623 1400 678 1377 685 swimming-pool 0.2340
2618 2079 2640 2083 2633 2128 2610 2124 swimming-pool 0.2339
1670 718 1679 693 1733 715 1723 739 swimming-pool 0.2335
613 598 629 571 674 597 658 624 swimming-pool 0.2320
1450 1746 1460 1724 1501 1744 1491 1766 swimming-pool 0.2300
2687 683 2709 685 2704 734 2683 732 swimming-pool 0.2274
1092 433 1113 432 1116 474 1095 476 swimming-pool 0.2267
2068 360 2069 339 2119 340 2119 361 swimming-pool 0.2246
81 1349 98 1347 104 1386 88 1389 swimming-pool 0.2240
1336 1794 1335 1765 1386 1764 1387 1793 swimming-pool 0.2236
1331 1734 1344 1714 1382 1738 1369 1759 swimming-pool 0.2227
603 1407 625 1410 618 1456 597 1453 swimming-pool 0.2209
1717 654 1739 650 1747 703 1725 706 swimming-pool 0.2182
1054 974 1076 966 1094 1016 1072 1024 swimming-pool 0.2177
2506 754 2507 730 2566 732 2565 756 swimming-pool 0.2167
2410 736 2410 710 2465 710 2465 736 swimming-pool 0.2155
1612 337 1610 315 1658 310 1660 333 swimming-pool 0.2111
1063 169 1086 170 1084 216 1061 215 swimming-pool 0.2102
453 304 454 282 501 284 500 306 swimming-pool 0.2093
2859 1504 2857 1484 2902 1479 2904 1500 swimming-pool 0.2038
345 267 345 246 387 246 387 267 swimming-pool 0.2028
1106 138 1127 139 1126 189 1105 188 swimming-pool 0.2011
1008 2080 1013 2061 1055 2071 1051 2089 swimming-pool 0.2005
2290 1440 2289 1420 2334 1417 2335 1436 swimming-pool 0.1993
1103 237 1128 237 1128 290 1102 289 swimming-pool 0.1992
2171 1780 2172 1757 2223 1759 2222 1782 swimming-pool 0.1980
2321 1160 2322 1139 2365 1143 2363 1164 swimming-pool 0.1969
2246 744 2245 724 2285 721 2287 741 swimming-pool 0.1962
761 955 781 956 778 1000 758 998 swimming-pool 0.1956
153 129 172 126 179 166 161 170 swimming-pool 0.1954
1021 759 1046 756 1052 803 1027 806 swimming-pool 0.1954
1971 360 1973 339 2019 344 2017 364 swimming-pool 0.1939
1801 348 1802 329 1845 332 1844 351 swimming-pool 0.1938
1760 1065 1761 1048 1800 1050 1798 1068 swimming-pool 0.1869
1736 1402 1740 1383 1778 1390 1775 1409 swimming-pool 0.1855
525 662 521 633 571 627 574 656 swimming-pool 0.1832
425 651 428 621 480 627 476 657 swimming-pool 0.1821
2316 1136 2312 1110 2361 1104 2364 1129 swimming-pool 0.1816
2320 619 2333 612 2351 642 2337 649 swimming-pool 0.1811
2832 1813 2832 1794 2879 1793 2879 1812 swimming-pool 0.1809
1103 324 1124 322 1128 362 1107 364 swimming-pool 0.1800
1524 692 1522 670 1566 667 1568 689 swimming-pool 0.1795
1489 1080 1499 1057 1534 1072 1524 1095 swimming-pool 0.1795
1116 55 1136 58 1128 108 1107 104 swimming-pool 0.1782
1864 1064 1861 1040 1909 1035 1911 1059 swimming-pool 0.1776
1576 1774 1590 1754 1623 1778 1609 1798 swimming-pool 0.1752
1074 510 1092 511 1089 549 1071 547 swimming-pool 0.1749
2208 1440 2209 1421 2254 1424 2253 1443 swimming-pool 0.1728
1853 756 1852 727 1910 725 1911 753 swimming-pool 0.1725
1048 495 1066 497 1060 540 1042 538 swimming-pool 0.1724
77 1810 81 1792 116 1799 113 1817 swimming-pool 0.1715
1314 1705 1332 1701 1341 1736 1323 1741 swimming-pool 0.1713
1922 361 1923 342 1957 344 1956 363 swimming-pool 0.1707
823 292 829 276 864 290 858 306 swimming-pool 0.1703
2862 1473 2862 1455 2904 1456 2903 1475 swimming-pool 0.1692
2485 1535 2487 1519 2525 1524 2522 1540 swimming-pool 0.1687
1365 361 1384 360 1386 415 1366 415 swimming-pool 0.1684
416 1060 442 1062 437 1120 411 1117 swimming-pool 0.1683
2571 1097 2583 1081 2611 1101 2599 1117 swimming-pool 0.1681
1940 1074 1941 1051 1990 1053 1989 1076 swimming-pool 0.1671
1289 1086 1303 1071 1334 1098 1320 1114 swimming-pool 0.1665
2468 1544 2471 1529 2507 1537 2504 1552 swimming-pool 0.1656
2502 1823 2504 1806 2534 1809 2533 1826 swimming-pool 0.1642
1672 527 1672 507 1716 508 1716 528 swimming-pool 0.1642
2828 1849 2829 1830 2869 1832 2869 1850 swimming-pool 0.1625
1628 415 1630 396 1667 399 1665 419 swimming-pool 0.1620
608 1017 620 1001 656 1027 644 1043 swimming-pool 0.1619
1477 1485 1486 1471 1516 1491 1507 1504 swimming-pool 0.1618
1111 434 1128 433 1130 471 1112 471 swimming-pool 0.1618
1099 516 1116 516 1117 549 1101 550 swimming-pool 0.1586
1754 1023 1757 1008 1790 1016 1786 1031 swimming-pool 0.1585
2136 781 2141 767 2170 776 2166 790 swimming-pool 0.1577
582 1406 599 1407 596 1446 579 1444 swimming-pool 0.1558
1084 575 1107 577 1102 636 1079 633 swimming-pool 0.1558
1782 735 1781 710 1829 708 1830 733 swimming-pool 0.1557
2513 1808 2517 1793 2546 1800 2542 1815 swimming-pool 0.1556
1560 714 1563 692 1601 696 1598 717 swimming-pool 0.1550
1956 747 1972 732 2002 764 1986 779 swimming-pool 0.1547
2208 1405 2216 1390 2248 1408 2240 1422 swimming-pool 0.1545
270 1615 288 1614 290 1653 272 1654 swimming-pool 0.1543
1780 757 1779 731 1828 731 1828 757 swimming-pool 0.1522
2149 368 2150 346 2199 349 2198 371 swimming-pool 0.1521
736 893 747 877 776 895 766 912 swimming-pool 0.1518
2492 1507 2492 1489 2536 1489 2537 1507 swimming-pool 0.1511
1810 1116 1815 1092 1851 1100 1845 1124 swimming-pool 0.1506
1293 1064 1299 1041 1340 1051 1335 1074 swimming-pool 0.1495
738 276 745 256 784 270 777 290 swimming-pool 0.1479
1027 1369 1032 1354 1068 1365 1063 1381 swimming-pool 0.1470
1647 434 1652 416 1685 424 1681 442 swimming-pool 0.1463
2323 739 2323 713 2381 714 2380 740 swimming-pool 0.1463
1785 711 1784 686 1833 684 1834 710 swimming-pool 0.1459
1871 1110 1871 1086 1909 1085 1910 1109 swimming-pool 0.1454
1947 711 1959 695 1992 720 1980 735 swimming-pool 0.1449
2139 767 2142 752 2176 758 2173 773 swimming-pool 0.1449
2131 1122 2129 1104 2169 1102 2170 1120 swimming-pool 0.1447
2108 1108 2111 1089 2142 1092 2140 1112 swimming-pool 0.1445
2556 772 2568 751 2599 770 2587 791 swimming-pool 0.1431
2180 732 2182 715 2209 720 2206 736 swimming-pool 0.1428
2689 800 2697 783 2726 797 2718 814 swimming-pool 0.1427
1259 1360 1265 1345 1292 1355 1287 1370 swimming-pool 0.1422
1546 422 1557 414 1575 438 1564 446 swimming-pool 0.1419
1281 1700 1296 1693 1310 1726 1295 1733 swimming-pool 0.1415
1129 148 1146 145 1153 182 1136 185 swimming-pool 0.1411
1666 453 1672 436 1707 448 1702 465 swimming-pool 0.1408
2606 752 2620 738 2645 764 2631 778 swimming-pool 0.1405
742 1404 761 1403 762 1442 743 1443 swimming-pool 0.1397
1851 713 1850 685 1907 681 1909 709 swimming-pool 0.1392
770 703 780 688 806 705 796 720 swimming-pool 0.1380
1466 1726 1479 1711 1510 1737 1497 1753 swimming-pool 0.1379
1087 151 1108 153 1104 196 1084 194 swimming-pool 0.1370
2329 1177 2337 1160 2370 1175 2363 1191 swimming-pool 0.1368
1692 427 1704 415 1730 441 1718 453 swimming-pool 0.1367
2484 1558 2488 1544 2518 1552 2514 1566 swimming-pool 0.1364
1338 1806 1343 1784 1387 1793 1382 1816 swimming-pool 0.1356
335 243 337 225 376 230 374 247 swimming-pool 0.1354
73 1772 79 1758 108 1769 102 1783 swimming-pool 0.1352
2151 748 2151 730 2187 730 2188 747 swimming-pool 0.1352
2497 1793 2500 1778 2531 1785 2528 1800 swimming-pool 0.1349
1796 1763 1802 1739 1838 1748 1832 1772 swimming-pool 0.1347
2480 1827 2483 1812 2513 1819 2510 1834 swimming-pool 0.1345
1082 43 1103 46 1095 97 1075 94 swimming-pool 0.1343
776 740 784 726 811 740 803 754 swimming-pool 0.1343
1805 1784 1810 1761 1848 1769 1843 1792 swimming-pool 0.1331
2608 1381 2627 1383 2624 1423 2605 1421 swimming-pool 0.1328
2266 1470 2271 1450 2301 1458 2296 1477 swimming-pool 0.1326
2592 367 2610 358 2627 394 2609 402 swimming-pool 0.1325
1003 1058 1010 1037 1042 1049 1034 1070 swimming-pool 0.1322
288 1611 305 1611 305 1649 288 1649 swimming-pool 0.1320
2174 780 2181 768 2201 779 2195 791 swimming-pool 0.1314
354 307 356 291 390 296 388 312 swimming-pool 0.1313
1971 2105 1993 2108 1986 2153 1964 2150 swimming-pool 0.1311
2506 428 2522 418 2540 448 2524 458 swimming-pool 0.1308
2535 454 2552 446 2569 483 2552 491 swimming-pool 0.1293
2646 785 2661 774 2679 798 2664 809 swimming-pool 0.1293
2493 1172 2499 1160 2527 1174 2520 1187 swimming-pool 0.1287
1505 422 1513 411 1538 428 1530 440 swimming-pool 0.1283
1126 515 1141 514 1143 545 1128 546 swimming-pool 0.1281
2474 1518 2476 1502 2512 1507 2510 1523 swimming-pool 0.1278
675 271 690 258 711 282 696 295 swimming-pool 0.1273
2240 781 2243 766 2272 770 2270 785 swimming-pool 0.1272
2171 760 2176 746 2201 755 2196 770 swimming-pool 0.1270
2510 1129 2515 1114 2544 1122 2539 1137 swimming-pool 0.1270
506 617 501 592 551 581 557 606 swimming-pool 0.1268
2307 1779 2312 1758 2354 1767 2349 1789 swimming-pool 0.1266
1452 1461 1453 1441 1491 1444 1489 1464 swimming-pool 0.1266
2233 1403 2241 1389 2269 1405 2261 1419 swimming-pool 0.1262
1082 960 1101 958 1107 997 1088 1000 swimming-pool 0.1262
2396 1436 2402 1419 2438 1431 2433 1448 swimming-pool 0.1259
639 246 647 232 676 250 668 263 swimming-pool 0.1253
2010 2105 2029 2106 2026 2148 2008 2147 swimming-pool 0.1252
1050 575 1075 578 1069 637 1045 634 swimming-pool 0.1248
2630 2106 2648 2108 2644 2142 2626 2141 swimming-pool 0.1247
2343 782 2342 756 2397 754 2398 780 swimming-pool 0.1246
1577 694 1584 677 1620 691 1613 708 swimming-pool 0.1245
1065 1376 1069 1361 1096 1370 1092 1384 swimming-pool 0.1242
1692 448 1702 434 1729 454 1719 467 swimming-pool 0.1238
2305 1492 2307 1476 2341 1480 2339 1496 swimming-pool 0.1236
2134 1489 2142 1473 2174 1490 2165 1506 swimming-pool 0.1230
2699 1515 2712 1500 2746 1529 2732 1545 swimming-pool 0.1226
1025 866 1047 866 1046 917 1024 917 swimming-pool 0.1226
768 318 776 297 808 309 800 330 swimming-pool 0.1226
1031 496 1050 499 1041 542 1023 538 swimming-pool 0.1223
269 1596 284 1589 297 1619 282 1626 swimming-pool 0.1222
1406 1455 1413 1436 1445 1448 1438 1467 swimming-pool 0.1221
454 1511 469 1505 483 1536 468 1543 swimming-pool 0.1219
2631 732 2649 726 2662 759 2644 765 swimming-pool 0.1218
1544 444 1555 435 1574 458 1563 467 swimming-pool 0.1217
91 1766 97 1752 125 1765 119 1779 swimming-pool 0.1216
1451 1483 1459 1470 1486 1486 1478 1499 swimming-pool 0.1213
2014 1782 2022 1771 2043 1786 2034 1798 swimming-pool 0.1208
1082 461 1098 458 1104 491 1088 494 swimming-pool 0.1207
1775 1395 1781 1377 1810 1388 1803 1406 swimming-pool 0.1206
2480 445 2493 431 2518 456 2506 469 swimming-pool 0.1206
2505 1162 2513 1151 2536 1167 2528 1178 swimming-pool 0.1196
2500 1138 2505 1124 2533 1134 2528 1149 swimming-pool 0.1195
771 668 784 651 809 669 797 687 swimming-pool 0.1193
1612 1084 1624 1066 1653 1085 1642 1103 swimming-pool 0.1189
2650 702 2669 697 2677 735 2659 739 swimming-pool 0.1189
1444 1086 1453 1060 1489 1071 1480 1097 swimming-pool 0.1188
2056 1400 2077 1394 2089 1433 2068 1439 swimming-pool 0.1186
284 1591 298 1583 315 1612 300 1620 swimming-pool 0.1185
2546 1810 2552 1796 2580 1809 2574 1822 swimming-pool 0.1184
2316 1810 2323 1791 2356 1803 2349 1822 swimming-pool 0.1183
2008 727 2032 723 2040 766 2016 771 swimming-pool 0.1182
1131 63 1148 66 1144 104 1126 102 swimming-pool 0.1180
2233 1497 2239 1483 2267 1494 2261 1508 swimming-pool 0.1177
1389 373 1404 372 1408 406 1393 408 swimming-pool 0.1173
52 1797 59 1782 86 1796 78 1811 swimming-pool 0.1172
1033 958 1054 953 1064 998 1043 1002 swimming-pool 0.1171
800 695 806 680 833 691 826 707 swimming-pool 0.1171
2142 1152 2147 1139 2175 1149 2170 1162 swimming-pool 0.1170
483 1512 498 1509 504 1543 489 1545 swimming-pool 0.1167
742 928 759 924 766 955 749 959 swimming-pool 0.1167
2617 1410 2636 1408 2638 1442 2619 1444 swimming-pool 0.1165
2482 1429 2478 1409 2527 1399 2531 1419 swimming-pool 0.1164
2420 1504 2426 1491 2449 1501 2443 1514 swimming-pool 0.1163
1859 1478 1860 1462 1891 1464 1890 1480 swimming-pool 0.1161
1967 2036 1987 2036 1986 2083 1965 2083 swimming-pool 0.1157
1969 1408 1987 1389 2015 1415 1997 1435 swimming-pool 0.1154
2661 2106 2678 2100 2690 2133 2674 2139 swimming-pool 0.1150
192 149 203 138 227 160 216 172 swimming-pool 0.1150
1384 1098 1391 1080 1424 1094 1417 1111 swimming-pool 0.1149
2707 829 2706 812 2743 811 2743 828 swimming-pool 0.1144
612 711 633 710 634 752 614 753 swimming-pool 0.1143
1278 1731 1287 1718 1312 1736 1302 1750 swimming-pool 0.1143
645 1199 666 1199 666 1240 645 1240 swimming-pool 0.1142
2025 2106 2041 2104 2045 2145 2028 2147 swimming-pool 0.1141
1918 1120 1920 1096 1961 1100 1959 1124 swimming-pool 0.1139
814 333 814 317 848 316 848 333 swimming-pool 0.1133
1404 711 1407 691 1446 696 1443 716 swimming-pool 0.1130
1007 1157 1021 1150 1037 1183 1022 1190 swimming-pool 0.1130
1417 1101 1423 1079 1457 1089 1451 1111 swimming-pool 0.1126
2195 758 2197 742 2223 744 2222 760 swimming-pool 0.1125
949 607 961 596 986 624 975 635 swimming-pool 0.1124
2673 1454 2680 1436 2721 1451 2715 1469 swimming-pool 0.1124
2455 1438 2456 1419 2492 1421 2491 1439 swimming-pool 0.1123
1061 1076 1063 1058 1098 1064 1095 1081 swimming-pool 0.1119
144 32 159 28 167 61 152 65 swimming-pool 0.1119
2641 457 2644 438 2680 444 2677 463 swimming-pool 0.1109
1073 1027 1087 1013 1112 1038 1098 1053 swimming-pool 0.1107
718 1283 730 1268 758 1289 746 1304 swimming-pool 0.1103
2455 1517 2461 1504 2486 1515 2480 1528 swimming-pool 0.1098
2869 1155 2872 1135 2914 1142 2911 1162 swimming-pool 0.1097
2349 498 2358 487 2383 509 2374 519 swimming-pool 0.1096
1959 1313 1968 1302 1993 1322 1985 1333 swimming-pool 0.1095
2158 1844 2161 1828 2193 1834 2190 1850 swimming-pool 0.1093
1423 386 1434 379 1448 402 1436 409 swimming-pool 0.1091
2867 1451 2873 1435 2908 1446 2902 1463 swimming-pool 0.1090
1396 1122 1410 1114 1425 1143 1411 1150 swimming-pool 0.1088
940 1077 945 1063 976 1073 972 1087 swimming-pool 0.1088
479 314 485 300 514 313 508 326 swimming-pool 0.1086
1120 468 1135 467 1137 494 1122 495 swimming-pool 0.1086
2686 892 2695 879 2723 899 2714 911 swimming-pool 0.1083
1313 1079 1329 1067 1349 1093 1333 1105 swimming-pool 0.1082
1969 1778 1976 1761 2005 1772 1998 1790 swimming-pool 0.1077
1389 289 1395 275 1424 287 1418 301 swimming-pool 0.1077
424 1502 437 1490 461 1514 448 1527 swimming-pool 0.1077
1509 450 1517 438 1542 455 1534 467 swimming-pool 0.1074
1547 1798 1558 1788 1579 1811 1567 1821 swimming-pool 0.1074
1730 421 1744 414 1759 441 1746 448 swimming-pool 0.1074
2421 1431 2426 1415 2459 1426 2453 1443 swimming-pool 0.1074
989 594 1006 589 1018 628 1000 633 swimming-pool 0.1070
582 684 606 684 605 730 582 730 swimming-pool 0.1070
1548 1754 1565 1743 1582 1773 1565 1783 swimming-pool 0.1068
2712 700 2729 698 2734 736 2717 738 swimming-pool 0.1067
1570 1835 1581 1826 1599 1849 1588 1857 swimming-pool 0.1065
1541 1838 1552 1830 1570 1854 1559 1862 swimming-pool 0.1065
2357 489 2365 478 2390 497 2381 508 swimming-pool 0.1063
2140 818 2146 807 2170 819 2164 831 swimming-pool 0.1059
1380 1130 1394 1124 1408 1153 1394 1160 swimming-pool 0.1058
1730 386 1743 378 1759 405 1746 414 swimming-pool 0.1057
1698 511 1701 497 1731 503 1728 518 swimming-pool 0.1056
563 1376 578 1372 588 1406 573 1411 swimming-pool 0.1056
1522 705 1524 686 1559 691 1556 710 swimming-pool 0.1054
2095 1426 2110 1411 2136 1437 2121 1452 swimming-pool 0.1054
1388 322 1394 309 1417 319 1411 332 swimming-pool 0.1054
1346 1829 1360 1818 1383 1848 1369 1859 swimming-pool 0.1053
1482 1498 1494 1490 1514 1517 1503 1525 swimming-pool 0.1052
1727 1082 1738 1066 1763 1084 1753 1100 swimming-pool 0.1050
2737 784 2741 769 2775 780 2771 795 swimming-pool 0.1047
2068 1122 2072 1105 2100 1112 2096 1129 swimming-pool 0.1047
1640 442 1649 428 1675 443 1667 457 swimming-pool 0.1046
724 1049 740 1043 751 1077 735 1082 swimming-pool 0.1046
1830 336 1836 322 1862 333 1857 347 swimming-pool 0.1045
2210 782 2213 767 2240 771 2237 786 swimming-pool 0.1042
1080 1061 1088 1045 1116 1058 1108 1074 swimming-pool 0.1042
1932 1311 1940 1299 1968 1317 1960 1328 swimming-pool 0.1041
1154 991 1161 976 1194 990 1188 1005 swimming-pool 0.1040
1697 1414 1708 1401 1731 1421 1720 1434 swimming-pool 0.1040
1621 720 1627 699 1662 709 1657 729 swimming-pool 0.1038
2651 755 2667 748 2679 775 2663 781 swimming-pool 0.1038
1700 391 1714 380 1734 409 1720 419 swimming-pool 0.1037
2089 1398 2103 1388 2121 1416 2106 1425 swimming-pool 0.1037
2038 1091 2041 1073 2078 1078 2076 1096 swimming-pool 0.1036
1005 1378 1016 1368 1039 1392 1029 1403 swimming-pool 0.1036
2169 1073 2174 1057 2203 1067 2198 1083 swimming-pool 0.1035
2319 1408 2325 1395 2353 1407 2348 1420 swimming-pool 0.1035
1564 419 1577 410 1595 436 1582 445 swimming-pool 0.1035
1121 989 1134 978 1155 1004 1142 1015 swimming-pool 0.1032
1106 1362 1107 1346 1138 1349 1136 1365 swimming-pool 0.1031
2562 450 2580 444 2591 479 2573 485 swimming-pool 0.1030
1146 341 1159 331 1179 357 1166 367 swimming-pool 0.1030
639 1013 655 1004 671 1034 655 1042 swimming-pool 0.1030
1882 356 1886 340 1915 346 1911 363 swimming-pool 0.1029
2271 1411 2277 1396 2305 1407 2299 1422 swimming-pool 0.1028
2413 1156 2416 1138 2450 1143 2447 1162 swimming-pool 0.1028
1029 1473 1050 1470 1055 1511 1033 1514 swimming-pool 0.1026
2118 1405 2128 1392 2152 1412 2142 1425 swimming-pool 0.1021
2581 1134 2585 1120 2614 1127 2610 1141 swimming-pool 0.1020
526 681 539 669 564 699 550 710 swimming-pool 0.1018
1080 217 1102 216 1103 253 1081 254 swimming-pool 0.1017
1091 275 1110 272 1115 307 1096 310 swimming-pool 0.1016
1056 298 1072 291 1087 322 1070 329 swimming-pool 0.1016
1504 665 1510 649 1543 662 1537 678 swimming-pool 0.1013
430 622 436 598 483 611 477 635 swimming-pool 0.1011
2575 1848 2582 1834 2606 1846 2599 1860 swimming-pool 0.1006
389 281 398 262 425 274 417 293 swimming-pool 0.1005
