924 84 983 74 994 143 935 153 ground-track-field 0.1054
986 1132 988 1119 1013 1122 1012 1135 small-vehicle 0.1343
990 1081 989 1069 1013 1067 1014 1079 small-vehicle 0.1249
979 1364 981 1351 1005 1356 1003 1370 small-vehicle 0.1194
67 1169 66 1158 92 1154 93 1166 small-vehicle 0.1165
278 264 309 263 311 320 279 321 small-vehicle 0.1149
265 687 298 687 298 743 265 743 small-vehicle 0.1138
127 40 135 33 146 48 137 54 small-vehicle 0.1070
986 1145 987 1133 1012 1135 1011 1148 small-vehicle 0.1064
378 832 389 831 390 854 379 854 small-vehicle 0.1038
1012 1368 1022 1361 1034 1380 1024 1386 small-vehicle 0.1030
115 38 124 33 133 48 124 53 small-vehicle 0.1009
1088 733 1124 732 1126 812 1090 812 tennis-court 0.8837
1020 730 1061 729 1063 814 1022 815 tennis-court 0.8764
1084 860 1123 860 1121 945 1083 945 tennis-court 0.8414
1017 861 1054 860 1055 943 1018 943 tennis-court 0.7513
1158 733 1187 734 1184 809 1155 808 tennis-court 0.3889
1153 867 1181 869 1177 940 1148 938 tennis-court 0.2700
239 30 258 29 260 52 241 54 storage-tank 0.1452
1029 60 1026 39 1057 35 1060 56 storage-tank 0.1236
967 911 997 919 988 955 958 947 storage-tank 0.1044
1023 442 1052 449 1043 485 1014 478 storage-tank 0.1027
1012 260 1035 246 1056 280 1034 294 storage-tank 0.1007
739 808 736 785 786 781 788 804 harbor 0.1259
524 516 527 489 575 494 572 520 swimming-pool 0.6867
268 690 296 690 296 741 268 741 swimming-pool 0.6715
1023 442 1052 449 1043 485 1014 478 swimming-pool 0.6646
958 479 983 457 1013 491 988 513 swimming-pool 0.6612
279 266 307 265 309 318 281 319 swimming-pool 0.6508
251 1110 281 1110 282 1148 252 1149 swimming-pool 0.6468
268 621 299 621 299 677 268 677 swimming-pool 0.6358
964 296 949 270 988 246 1004 272 swimming-pool 0.6350
941 560 938 531 986 527 989 556 swimming-pool 0.6254
511 1093 513 1061 555 1064 553 1096 swimming-pool 0.6094
259 910 283 908 286 943 262 944 swimming-pool 0.5854
542 266 545 238 594 244 591 272 swimming-pool 0.5825
468 518 469 489 512 490 511 519 swimming-pool 0.5821
739 809 736 784 786 779 788 805 swimming-pool 0.5748
940 855 932 828 968 817 976 844 swimming-pool 0.5650
802 1379 801 1356 836 1356 836 1379 swimming-pool 0.5615
271 550 299 549 301 593 274 595 swimming-pool 0.5612
452 840 455 805 505 810 502 845 swimming-pool 0.5399
1016 261 1038 247 1059 281 1036 295 swimming-pool 0.5369
582 1365 581 1344 620 1343 620 1364 swimming-pool 0.5296
967 911 997 919 988 955 958 947 swimming-pool 0.5000
1029 60 1026 39 1057 35 1060 56 swimming-pool 0.4454
1027 107 1043 107 1043 133 1027 133 swimming-pool 0.4433
980 316 978 297 1005 294 1008 312 swimming-pool 0.3761
460 533 465 510 509 519 504 542 swimming-pool 0.2605
779 1086 779 1071 811 1071 811 1086 swimming-pool 0.2511
810 1092 809 1072 848 1069 849 1090 swimming-pool 0.2293
533 829 533 813 566 813 566 829 swimming-pool 0.1882
1046 123 1059 124 1056 147 1043 145 swimming-pool 0.1829
780 1365 791 1354 807 1370 796 1381 swimming-pool 0.1375
1057 131 1070 131 1071 154 1057 154 swimming-pool 0.1324
928 472 945 463 959 489 942 498 swimming-pool 0.1323
546 562 547 549 572 552 570 565 swimming-pool 0.1250
740 831 741 816 768 819 766 834 swimming-pool 0.1175
806 1346 816 1330 842 1346 832 1362 swimming-pool 0.1173
267 690 297 690 297 741 267 741 helicopter 0.1223
279 267 308 266 310 318 281 319 helicopter 0.1019
