322 339 452 308 522 606 393 637 baseball-diamond 0.1237
120 86 123 59 158 62 154 89 bridge 0.1258
315 332 452 298 529 608 392 642 ground-track-field 0.8461
263 326 269 323 277 335 271 339 small-vehicle 0.1259
271 328 273 321 287 326 285 333 small-vehicle 0.1253
257 328 264 326 268 340 261 342 small-vehicle 0.1227
369 48 377 48 377 62 370 62 small-vehicle 0.1226
351 53 358 53 358 66 351 66 small-vehicle 0.1103
362 50 369 50 369 63 362 63 small-vehicle 0.1102
196 349 200 342 213 350 210 356 small-vehicle 0.1047
251 329 259 328 261 342 254 344 small-vehicle 0.1031
453 40 463 36 472 57 462 61 small-vehicle 0.1020
251 388 247 368 288 360 292 379 tennis-court 0.6664
185 404 181 384 222 376 226 395 tennis-court 0.3976
177 430 194 400 244 428 227 458 tennis-court 0.3040
255 407 252 392 293 384 296 400 tennis-court 0.2589
252 388 247 369 288 359 292 379 basketball-court 0.4650
186 403 182 384 222 376 226 395 basketball-court 0.3692
187 443 183 410 234 404 238 436 basketball-court 0.2992
315 328 449 293 531 606 396 641 basketball-court 0.1239
336 361 448 334 511 591 400 619 soccer-ball-field 0.5916
251 388 247 368 288 360 292 379 soccer-ball-field 0.1436
219 785 219 773 240 772 240 785 swimming-pool 0.1742
