563 297 567 208 698 214 694 303 baseball-diamond 0.1093
407 230 399 160 519 146 527 217 ground-track-field 0.1592
950 229 948 219 966 217 968 226 small-vehicle 0.1165
407 230 399 160 519 146 527 217 ship 0.1521
238 234 279 226 295 311 255 319 tennis-court 0.9845
303 222 343 217 356 304 315 310 tennis-court 0.9800
178 243 218 236 234 321 194 328 tennis-court 0.9464
199 374 242 366 258 454 215 462 tennis-court 0.8675
611 213 665 201 685 290 631 302 tennis-court 0.1052
616 205 673 201 680 301 623 305 basketball-court 0.9428
556 209 610 207 614 304 560 306 basketball-court 0.9260
405 229 399 159 518 148 524 219 storage-tank 0.1690
558 211 615 212 613 301 557 300 soccer-ball-field 0.1861
614 210 667 202 681 294 627 302 soccer-ball-field 0.1657
405 229 399 159 518 148 524 219 swimming-pool 0.7951
942 405 966 405 966 438 941 437 swimming-pool 0.2320
