650 241 675 247 669 276 643 270 plane 0.3908
625 603 640 604 636 656 621 655 plane 0.1185
447 476 446 438 536 433 538 472 plane 0.1090
580 701 597 705 589 741 572 738 small-vehicle 0.2726
633 502 645 503 643 543 631 542 small-vehicle 0.2210
650 194 664 194 666 243 652 243 small-vehicle 0.2094
243 432 247 417 274 425 270 440 small-vehicle 0.1967
192 377 194 362 219 366 218 380 small-vehicle 0.1904
540 166 548 167 547 184 539 183 small-vehicle 0.1798
362 385 362 376 383 375 383 384 small-vehicle 0.1757
310 759 306 750 324 743 327 751 small-vehicle 0.1721
344 95 353 93 358 112 350 114 small-vehicle 0.1721
318 94 312 84 332 74 337 83 small-vehicle 0.1640
320 34 334 36 331 58 317 56 small-vehicle 0.1599
313 405 324 406 323 428 311 427 small-vehicle 0.1598
199 355 198 344 220 344 220 355 small-vehicle 0.1591
45 216 54 216 54 232 45 232 small-vehicle 0.1580
664 58 674 58 674 76 664 76 small-vehicle 0.1480
196 322 196 312 215 311 216 321 small-vehicle 0.1431
578 182 578 173 596 174 596 183 small-vehicle 0.1427
196 333 195 322 215 321 215 331 small-vehicle 0.1409
197 417 199 404 222 408 220 421 small-vehicle 0.1385
646 354 657 356 654 381 643 380 small-vehicle 0.1344
186 287 190 273 215 279 212 293 small-vehicle 0.1271
294 404 307 398 318 424 305 429 small-vehicle 0.1246
194 396 202 386 220 402 212 411 small-vehicle 0.1234
194 304 193 292 215 291 216 303 small-vehicle 0.1191
425 704 422 696 440 690 443 698 small-vehicle 0.1190
365 80 375 79 377 98 367 99 small-vehicle 0.1128
560 174 566 168 579 181 573 187 small-vehicle 0.1077
199 312 198 303 216 300 217 310 small-vehicle 0.1069
347 697 360 689 375 712 361 720 small-vehicle 0.1044
624 629 636 630 635 658 623 657 small-vehicle 0.1027
233 311 241 308 247 321 239 325 small-vehicle 0.1013
633 502 645 503 643 543 631 542 large-vehicle 0.1635
456 476 452 438 532 430 536 468 large-vehicle 0.1435
447 526 447 491 534 490 534 525 large-vehicle 0.1394
442 424 442 379 539 380 538 425 large-vehicle 0.1337
651 196 665 196 666 246 652 246 large-vehicle 0.1099
633 502 645 503 643 543 631 542 ship 0.1052
447 476 445 436 536 432 537 472 tennis-court 0.9173
445 421 445 382 536 382 536 422 tennis-court 0.9042
449 528 449 488 537 488 537 528 tennis-court 0.8919
447 476 446 438 536 433 538 472 basketball-court 0.2826
445 421 445 382 536 382 536 422 basketball-court 0.2331
449 528 449 488 537 488 537 528 basketball-court 0.1894
192 512 219 484 249 512 222 540 storage-tank 0.7039
451 424 449 385 531 379 534 418 soccer-ball-field 0.1297
453 476 450 437 530 431 533 469 soccer-ball-field 0.1292
625 598 640 598 638 650 623 650 harbor 0.1027
347 697 360 689 375 712 361 720 swimming-pool 0.1151
445 421 445 382 536 382 536 422 swimming-pool 0.1090
448 474 447 436 536 433 538 471 swimming-pool 0.1069
624 597 643 599 638 657 619 656 helicopter 0.2228
