1490 1479 1482 1372 1606 1364 1613 1471 plane 0.9399
1424 793 1529 820 1496 946 1391 918 plane 0.9182
1511 1643 1518 1539 1639 1547 1631 1651 plane 0.9030
1597 768 1701 801 1661 926 1557 892 plane 0.8858
1736 1421 1746 1311 1873 1322 1863 1433 plane 0.8712
1769 739 1857 767 1825 870 1737 843 plane 0.8615
1777 1553 1764 1466 1871 1450 1884 1537 plane 0.8499
1139 1470 1162 1396 1248 1422 1226 1496 plane 0.8341
1697 1141 1695 1042 1819 1040 1820 1139 plane 0.8033
1206 1599 1200 1535 1283 1527 1289 1592 plane 0.7275
1237 1709 1217 1644 1297 1620 1316 1685 plane 0.6945
1700 1005 1686 949 1754 932 1768 988 plane 0.6069
2522 265 2513 163 2632 154 2640 255 plane 0.5928
2613 1133 2597 1068 2682 1047 2698 1112 plane 0.5925
2122 2356 2110 2307 2173 2291 2185 2341 plane 0.5334
1552 2146 1538 2095 1604 2076 1619 2128 plane 0.4727
2642 1219 2633 1172 2693 1161 2701 1208 plane 0.4480
2582 927 2578 883 2639 877 2643 922 plane 0.3458
2087 2189 2080 2157 2131 2146 2138 2179 plane 0.3439
2673 1275 2689 1255 2722 1281 2707 1301 plane 0.3073
1607 1075 1617 1062 1645 1084 1635 1097 plane 0.2514
1629 1280 1681 1269 1694 1328 1642 1340 plane 0.2496
1604 1055 1615 1043 1642 1066 1631 1078 plane 0.2327
1642 1208 1656 1201 1671 1229 1658 1236 plane 0.2312
1710 1260 1728 1249 1747 1280 1729 1291 plane 0.2104
1643 1185 1655 1177 1672 1201 1660 1209 plane 0.2067
1642 1230 1657 1221 1673 1249 1658 1258 plane 0.1971
1591 976 1605 965 1625 991 1611 1002 plane 0.1925
1609 1101 1618 1087 1646 1105 1637 1119 plane 0.1857
1616 975 1632 961 1653 985 1638 999 plane 0.1821
1168 1677 1176 1656 1211 1670 1202 1691 plane 0.1722
1627 1207 1639 1199 1656 1225 1644 1233 plane 0.1685
2679 1323 2687 1304 2719 1317 2712 1336 plane 0.1642
2597 967 2622 968 2621 1026 2595 1025 plane 0.1633
2687 1393 2685 1374 2727 1371 2729 1390 plane 0.1625
1641 1160 1650 1148 1672 1164 1663 1176 plane 0.1617
1734 1262 1751 1250 1772 1280 1755 1292 plane 0.1596
1619 1182 1631 1173 1649 1196 1638 1205 plane 0.1577
1590 942 1605 928 1628 953 1612 967 plane 0.1555
1170 1653 1180 1634 1213 1650 1203 1670 plane 0.1555
1616 943 1633 926 1658 951 1641 968 plane 0.1554
1611 1010 1624 997 1646 1019 1634 1032 plane 0.1539
1592 1011 1605 1000 1626 1025 1613 1036 plane 0.1539
2639 1265 2654 1249 2680 1273 2665 1290 plane 0.1497
1789 959 1815 948 1830 985 1804 996 plane 0.1471
1713 1237 1728 1228 1744 1256 1729 1265 plane 0.1461
1753 962 1783 941 1810 978 1780 999 plane 0.1449
1632 1080 1644 1065 1670 1085 1658 1100 plane 0.1444
1614 1158 1622 1147 1645 1164 1636 1175 plane 0.1428
2728 1283 2743 1275 2757 1299 2742 1307 plane 0.1405
1611 1130 1619 1117 1644 1131 1636 1144 plane 0.1396
1649 954 1664 926 1700 946 1685 973 plane 0.1392
1671 1205 1684 1198 1698 1224 1685 1231 plane 0.1389
1925 926 1936 913 1962 935 1950 948 plane 0.1370
1587 1044 1600 1035 1618 1061 1605 1070 plane 0.1348
1741 1234 1756 1225 1773 1254 1758 1263 plane 0.1344
2652 1251 2658 1222 2701 1232 2694 1261 plane 0.1327
2689 1230 2698 1204 2734 1216 2726 1242 plane 0.1317
1635 1105 1643 1089 1670 1103 1662 1119 plane 0.1315
1793 995 1819 984 1834 1019 1808 1030 plane 0.1305
1631 1055 1643 1042 1667 1063 1655 1077 plane 0.1304
1561 1161 1570 1148 1598 1165 1590 1178 plane 0.1303
2133 2173 2142 2152 2174 2166 2165 2187 plane 0.1301
1675 1182 1686 1173 1704 1196 1693 1205 plane 0.1293
1183 1708 1189 1691 1219 1700 1213 1718 plane 0.1275
2730 1227 2742 1213 2766 1232 2754 1247 plane 0.1265
2721 1259 2737 1249 2754 1276 2738 1286 plane 0.1251
1635 1032 1646 1016 1673 1034 1663 1050 plane 0.1251
2110 2201 2113 2178 2149 2183 2146 2206 plane 0.1245
1639 1131 1645 1117 1671 1127 1665 1142 plane 0.1242
2729 1192 2745 1181 2762 1204 2747 1216 plane 0.1228
1689 906 1713 883 1744 915 1719 938 plane 0.1225
1670 1230 1685 1222 1700 1249 1685 1257 plane 0.1225
1690 855 1726 844 1739 888 1704 899 plane 0.1225
1896 836 1916 833 1920 866 1900 868 plane 0.1223
1568 1149 1577 1136 1602 1153 1593 1166 plane 0.1213
2777 1290 2790 1283 2802 1306 2789 1313 plane 0.1209
1645 1006 1655 984 1687 998 1677 1020 plane 0.1199
1696 789 1742 785 1747 839 1701 843 plane 0.1178
1720 900 1743 880 1769 909 1745 930 plane 0.1177
1933 911 1943 901 1966 925 1955 935 plane 0.1174
2770 1265 2782 1256 2798 1277 2786 1286 plane 0.1157
2731 1325 2743 1314 2761 1334 2749 1345 plane 0.1152
2201 2322 2215 2309 2236 2332 2221 2345 plane 0.1147
2695 1371 2697 1353 2733 1358 2730 1376 plane 0.1146
2231 2323 2244 2317 2256 2342 2243 2349 plane 0.1133
2767 1227 2778 1216 2797 1236 2786 1247 plane 0.1132
1598 1135 1606 1123 1630 1139 1622 1151 plane 0.1132
1591 1073 1603 1063 1621 1085 1610 1094 plane 0.1132
2122 2252 2132 2233 2163 2248 2153 2268 plane 0.1127
1593 1158 1602 1147 1624 1164 1615 1176 plane 0.1126
1762 922 1790 910 1806 946 1778 958 plane 0.1126
2241 2347 2254 2339 2268 2363 2254 2371 plane 0.1118
1713 1203 1726 1194 1744 1219 1731 1228 plane 0.1117
2774 1316 2787 1308 2800 1330 2787 1338 plane 0.1112
1865 828 1893 826 1896 865 1868 868 plane 0.1105
2538 99 2556 80 2588 110 2570 129 plane 0.1100
1913 896 1927 888 1940 912 1926 920 plane 0.1088
2784 1951 2785 1932 2825 1935 2824 1954 plane 0.1086
1746 1203 1759 1193 1779 1219 1766 1229 plane 0.1086
2766 1247 2776 1236 2796 1254 2786 1265 plane 0.1063
2645 990 2666 984 2677 1024 2656 1030 plane 0.1061
1746 886 1773 871 1792 903 1765 919 plane 0.1059
2802 1294 2815 1286 2831 1311 2818 1319 plane 0.1057
2093 2244 2102 2223 2137 2238 2127 2259 plane 0.1057
2795 1273 2806 1262 2826 1282 2816 1293 plane 0.1055
2681 1164 2698 1145 2726 1170 2708 1189 plane 0.1049
1795 912 1820 904 1831 938 1807 946 plane 0.1048
1698 1234 1712 1226 1727 1252 1713 1260 plane 0.1047
2641 1307 2655 1292 2679 1314 2665 1329 plane 0.1046
1368 1277 1383 1265 1413 1302 1397 1314 plane 0.1043
2722 1350 2731 1336 2756 1353 2747 1367 plane 0.1037
1665 1260 1687 1251 1701 1284 1678 1293 plane 0.1032
1561 1038 1576 1031 1588 1059 1573 1066 plane 0.1027
1201 1701 1198 1671 1242 1666 1246 1695 plane 0.1025
2704 1075 2722 1060 2744 1085 2727 1101 plane 0.1019
1728 851 1761 838 1776 877 1743 890 plane 0.1017
1880 911 1897 902 1909 927 1892 935 plane 0.1014
2771 1192 2783 1185 2797 1207 2784 1215 plane 0.1006
1597 1175 1607 1165 1627 1186 1617 1196 plane 0.1004
1678 1161 1686 1147 1711 1162 1704 1175 plane 0.1002
1842 2449 1871 2368 1968 2402 1940 2484 baseball-diamond 0.1024
1598 2615 1597 2599 1626 2598 1626 2614 small-vehicle 0.1250
1787 2648 1788 2631 1819 2633 1818 2650 small-vehicle 0.1183
1583 2600 1583 2584 1610 2584 1611 2599 small-vehicle 0.1169
2185 2671 2183 2654 2215 2650 2217 2668 small-vehicle 0.1165
1085 2670 1094 2657 1125 2676 1116 2690 small-vehicle 0.1130
980 2667 991 2655 1017 2678 1006 2690 small-vehicle 0.1116
1581 2634 1581 2618 1609 2618 1610 2633 small-vehicle 0.1099
2912 2762 2929 2754 2946 2794 2928 2801 small-vehicle 0.1095
1626 2617 1626 2601 1653 2601 1652 2617 small-vehicle 0.1080
982 2651 989 2637 1019 2653 1011 2668 small-vehicle 0.1078
1829 2153 1844 2141 1874 2178 1859 2190 small-vehicle 0.1052
1087 2655 1093 2641 1125 2654 1119 2668 small-vehicle 0.1049
1121 2674 1130 2661 1159 2679 1150 2692 small-vehicle 0.1047
2117 2739 2125 2724 2158 2742 2150 2757 small-vehicle 0.1046
1765 2637 1767 2621 1794 2625 1792 2640 small-vehicle 0.1040
1015 2668 1026 2657 1048 2678 1037 2689 small-vehicle 0.1036
1580 2575 1580 2559 1607 2560 1606 2575 small-vehicle 0.1031
2167 2652 2167 2635 2197 2634 2198 2651 small-vehicle 0.1027
1119 2655 1126 2640 1155 2652 1149 2667 small-vehicle 0.1026
1513 2713 1518 2697 1552 2708 1547 2724 small-vehicle 0.1021
1015 2649 1023 2635 1049 2652 1040 2666 small-vehicle 0.1015
1804 2662 1805 2646 1834 2647 1833 2664 small-vehicle 0.1012
1625 2598 1625 2583 1650 2584 1649 2599 small-vehicle 0.1009
1917 2649 1919 2633 1946 2636 1944 2652 small-vehicle 0.1007
1630 2637 1630 2622 1656 2621 1657 2636 small-vehicle 0.1002
1562 2613 1563 2598 1589 2599 1588 2615 small-vehicle 0.1001
1300 637 1314 632 1328 669 1315 674 large-vehicle 0.1099
1829 2153 1844 2141 1874 2178 1859 2190 large-vehicle 0.1089
2779 2200 2793 2201 2788 2249 2773 2248 large-vehicle 0.1083
1339 533 1352 538 1339 578 1326 573 large-vehicle 0.1057
852 1319 875 1323 857 1421 834 1417 ship 0.1080
1645 292 1783 219 1858 361 1720 434 storage-tank 0.3645
484 51 526 41 538 90 497 100 storage-tank 0.3524
420 144 462 138 470 188 427 195 storage-tank 0.3468
455 98 493 97 494 143 456 144 storage-tank 0.2766
1629 1280 1681 1269 1694 1328 1642 1340 storage-tank 0.2319
1552 2146 1538 2095 1604 2076 1619 2128 storage-tank 0.1891
2122 2356 2110 2307 2173 2291 2185 2341 storage-tank 0.1815
2569 109 2579 90 2615 109 2605 128 storage-tank 0.1781
472 392 533 343 588 413 527 462 storage-tank 0.1777
2538 99 2556 80 2588 110 2570 129 storage-tank 0.1754
2606 130 2615 110 2650 127 2641 146 storage-tank 0.1747
445 31 476 30 477 71 445 71 storage-tank 0.1429
2614 1142 2594 1077 2678 1051 2698 1116 storage-tank 0.1428
454 67 486 68 486 106 454 105 storage-tank 0.1388
2642 1219 2633 1172 2693 1161 2701 1208 storage-tank 0.1358
2584 929 2578 887 2635 879 2641 921 storage-tank 0.1265
1700 1005 1686 949 1754 932 1768 988 storage-tank 0.1236
1237 1709 1217 1644 1297 1620 1316 1685 storage-tank 0.1116
2608 976 2634 974 2637 1028 2612 1029 storage-tank 0.1115
2614 145 2628 130 2656 156 2641 172 storage-tank 0.1035
2645 990 2666 984 2677 1024 2656 1030 storage-tank 0.1025
1840 2435 1884 2362 1969 2413 1925 2487 roundabout 0.4921
570 2533 589 2522 611 2559 592 2571 roundabout 0.1834
472 392 533 343 588 413 527 462 roundabout 0.1812
509 2519 584 2465 664 2577 589 2630 roundabout 0.1544
1629 1280 1681 1269 1694 1328 1642 1340 roundabout 0.1535
586 2533 602 2516 632 2545 616 2561 roundabout 0.1264
1643 317 1757 213 1864 331 1750 435 roundabout 0.1176
303 1998 356 2024 211 2311 158 2284 harbor 0.1157
1770 738 1858 766 1825 871 1737 843 helicopter 0.1306
1430 790 1536 825 1494 949 1388 914 helicopter 0.1135
1513 1643 1520 1539 1638 1546 1632 1650 helicopter 0.1102
1490 1479 1482 1372 1606 1364 1613 1471 helicopter 0.1076
