571 869 562 738 768 723 778 854 plane 0.1383
846 723 797 639 913 571 963 655 plane 0.1263
154 1003 218 1026 163 1175 100 1152 bridge 0.1305
664 678 554 539 817 332 926 471 ground-track-field 0.8819
566 885 548 732 780 705 798 859 ground-track-field 0.5886
843 723 795 633 917 567 965 658 ground-track-field 0.2671
208 511 218 511 219 542 210 542 small-vehicle 0.1112
1067 45 1074 41 1082 54 1075 58 small-vehicle 0.1081
1079 45 1086 43 1090 57 1083 59 small-vehicle 0.1038
1091 1113 1084 1103 1123 1076 1130 1086 large-vehicle 0.1674
208 511 218 511 219 542 210 542 large-vehicle 0.1060
1123 744 1132 746 1124 773 1116 770 large-vehicle 0.1049
570 868 562 734 768 722 776 856 tennis-court 0.2531
852 725 796 647 906 568 962 646 basketball-court 0.2059
698 499 706 440 798 453 789 512 basketball-court 0.1734
570 865 563 732 771 722 777 855 basketball-court 0.1586
709 526 738 514 756 557 727 570 basketball-court 0.1419
643 527 653 473 743 489 733 543 basketball-court 0.1230
745 513 766 487 809 522 787 548 basketball-court 0.1103
1166 72 1284 75 1282 201 1163 199 storage-tank 0.1436
570 868 562 734 768 722 776 856 soccer-ball-field 0.7149
853 728 795 652 903 570 961 645 soccer-ball-field 0.6863
672 662 569 535 799 349 902 476 soccer-ball-field 0.5372
354 1022 432 968 488 1049 410 1103 roundabout 0.7308
1120 209 1172 174 1209 228 1157 263 roundabout 0.6761
825 255 865 240 880 280 840 295 roundabout 0.6282
1166 72 1284 75 1282 201 1163 199 roundabout 0.4211
575 872 559 738 766 713 782 847 swimming-pool 0.1676
656 677 550 529 827 331 933 479 swimming-pool 0.1431
