470 522 492 499 516 522 494 544 baseball-diamond 0.1045
228 399 251 395 256 432 233 435 ground-track-field 0.2637
104 571 96 555 127 537 136 553 small-vehicle 0.2330
904 638 907 625 956 639 953 651 ship 0.1034
514 603 526 604 525 617 514 617 storage-tank 0.1162
104 571 96 555 127 537 136 553 storage-tank 0.1149
231 401 249 398 255 430 236 433 soccer-ball-field 0.1449
852 317 853 275 897 277 895 318 roundabout 0.8182
220 307 250 279 277 309 248 336 roundabout 0.8078
651 355 673 334 694 357 673 378 roundabout 0.7455
312 361 352 357 357 399 316 403 roundabout 0.7032
470 525 488 499 515 518 497 544 roundabout 0.6624
880 134 896 132 899 148 883 151 roundabout 0.3127
