5805 592 5775 463 5935 426 5965 556 plane 0.7814
2966 944 2960 871 3063 862 3069 935 plane 0.4068
3658 446 3653 381 3739 374 3744 440 plane 0.3930
3377 637 3364 579 3449 560 3463 618 plane 0.3332
2871 926 2872 862 2956 864 2955 927 plane 0.3277
3502 682 3500 623 3585 620 3588 678 plane 0.3073
697 976 730 937 796 992 762 1031 plane 0.3068
3231 655 3227 600 3311 594 3315 650 plane 0.3004
3556 436 3555 370 3640 368 3642 434 plane 0.2965
3066 658 3064 601 3145 599 3147 656 plane 0.2935
3017 635 3006 582 3085 566 3096 619 plane 0.2850
3655 675 3657 626 3737 629 3735 678 plane 0.2768
5581 478 5632 459 5664 544 5613 563 plane 0.2697
2587 1044 2611 1021 2657 1069 2634 1092 plane 0.2636
2780 905 2781 853 2860 855 2859 907 plane 0.2621
2544 1030 2575 1013 2608 1075 2578 1092 plane 0.2431
3471 416 3474 357 3552 360 3550 418 plane 0.2426
575 820 615 819 615 898 575 898 plane 0.2353
3363 399 3369 346 3448 356 3441 409 plane 0.2240
3731 666 3738 624 3813 636 3807 677 plane 0.2109
2942 594 2932 543 3004 530 3013 581 plane 0.2030
2680 886 2691 849 2756 869 2745 905 plane 0.1980
3170 649 3183 607 3248 626 3236 668 plane 0.1948
6137 459 6178 458 6179 534 6139 535 plane 0.1830
469 64 490 34 555 79 534 109 plane 0.1817
2622 908 2630 876 2692 890 2685 922 plane 0.1757
5879 649 5930 608 5993 685 5942 727 plane 0.1733
2584 981 2601 956 2652 992 2635 1017 plane 0.1700
6183 457 6222 455 6226 534 6186 536 plane 0.1654
1094 422 1119 399 1171 457 1146 480 plane 0.1630
791 488 822 473 858 548 827 563 plane 0.1606
943 591 975 576 1012 657 980 671 plane 0.1578
604 897 642 878 671 937 633 956 plane 0.1525
617 820 648 810 664 866 633 875 plane 0.1500
878 817 905 806 932 873 905 884 plane 0.1496
3282 614 3287 578 3346 587 3341 622 plane 0.1476
2813 578 2814 536 2892 538 2891 580 plane 0.1451
2549 978 2574 959 2611 1009 2586 1027 plane 0.1432
1109 394 1130 372 1180 418 1160 440 plane 0.1431
5662 468 5701 443 5739 503 5700 527 plane 0.1423
3276 382 3287 340 3351 356 3341 398 plane 0.1420
640 943 672 918 709 965 677 991 plane 0.1419
767 959 790 936 831 978 808 1001 plane 0.1393
5736 408 5753 376 5819 411 5802 443 plane 0.1365
3731 469 3744 435 3797 456 3784 489 plane 0.1351
6104 465 6142 468 6136 535 6098 531 plane 0.1340
733 1054 744 1024 796 1043 786 1073 plane 0.1332
3427 656 3430 609 3494 613 3491 659 plane 0.1321
2512 1023 2546 1011 2569 1077 2535 1089 plane 0.1317
6075 693 6103 671 6147 726 6119 748 plane 0.1314
3204 379 3209 337 3279 346 3274 388 plane 0.1310
5457 482 5497 462 5532 533 5491 553 plane 0.1309
3076 700 3084 665 3138 676 3131 711 plane 0.1308
6117 686 6144 665 6185 719 6158 739 plane 0.1305
850 846 876 831 911 890 885 906 plane 0.1299
5985 458 6036 453 6044 527 5994 533 plane 0.1291
3124 702 3131 668 3182 679 3175 713 plane 0.1291
445 1355 471 1338 511 1402 484 1419 plane 0.1280
3524 453 3528 408 3586 412 3583 457 plane 0.1278
5701 424 5730 401 5771 452 5741 475 plane 0.1274
3445 587 3456 553 3509 569 3499 603 plane 0.1252
681 661 711 655 725 728 695 734 plane 0.1251
642 751 669 740 691 793 664 804 plane 0.1229
3467 470 3474 429 3530 440 3523 481 plane 0.1228
763 1001 784 978 825 1014 805 1038 plane 0.1227
3513 571 3524 540 3572 557 3561 588 plane 0.1224
716 922 744 909 766 956 738 969 plane 0.1213
1149 281 1163 247 1239 277 1225 311 plane 0.1209
5778 887 5798 849 5873 889 5853 927 plane 0.1201
3411 499 3418 460 3474 470 3467 509 plane 0.1197
3039 887 3046 853 3106 864 3099 899 plane 0.1197
3810 475 3833 454 3870 493 3847 515 plane 0.1194
3308 653 3309 611 3371 612 3370 654 plane 0.1192
765 1133 782 1111 821 1141 804 1163 plane 0.1190
802 905 827 884 867 932 842 953 plane 0.1186
3713 566 3717 534 3770 540 3766 572 plane 0.1168
2942 648 2953 612 3002 627 2992 662 plane 0.1167
3798 409 3826 387 3863 434 3836 456 plane 0.1162
3183 703 3188 671 3238 678 3233 710 plane 0.1162
3371 515 3377 477 3435 486 3430 524 plane 0.1161
3572 563 3582 532 3629 547 3619 578 plane 0.1149
785 1073 802 1050 843 1080 826 1103 plane 0.1148
3757 577 3766 549 3814 564 3806 592 plane 0.1147
603 1192 626 1171 675 1224 652 1245 plane 0.1132
2991 714 3002 683 3050 700 3039 730 plane 0.1101
5832 671 5863 631 5930 682 5899 723 plane 0.1100
3625 558 3633 528 3679 539 3672 570 plane 0.1099
2662 974 2671 948 2717 963 2708 989 plane 0.1097
716 1127 732 1105 772 1135 756 1156 plane 0.1095
3672 556 3675 525 3726 531 3722 562 plane 0.1094
1135 371 1153 348 1203 389 1185 412 plane 0.1088
2653 1044 2667 1022 2710 1049 2696 1071 plane 0.1087
2783 839 2794 813 2843 834 2832 860 plane 0.1082
3071 789 3081 761 3130 777 3120 806 plane 0.1077
902 791 930 781 952 842 925 852 plane 0.1077
776 906 803 893 827 940 800 954 plane 0.1075
477 1319 503 1303 541 1365 514 1381 plane 0.1073
709 823 733 809 756 848 732 862 plane 0.1070
3231 704 3233 672 3287 677 3284 708 plane 0.1059
3023 811 3031 779 3085 792 3077 824 plane 0.1047
834 1205 867 1198 885 1277 852 1284 plane 0.1046
3899 457 3928 449 3944 502 3914 511 plane 0.1039
2883 604 2883 563 2945 564 2945 605 plane 0.1027
3791 640 3805 614 3853 639 3840 666 plane 0.1021
1554 298 1579 275 1633 332 1608 355 plane 0.1011
2878 655 2888 624 2937 640 2927 671 plane 0.1008
3112 591 3129 565 3171 592 3155 619 plane 0.1008
699 741 722 726 748 767 725 782 plane 0.1003
3182 593 3198 568 3240 593 3225 619 plane 0.1001
2953 370 2951 330 3034 325 3036 365 small-vehicle 0.1182
3155 380 3160 341 3237 349 3233 389 small-vehicle 0.1168
615 1820 616 1787 684 1789 683 1823 small-vehicle 0.1147
865 1807 869 1773 931 1780 927 1814 small-vehicle 0.1137
83 1835 83 1802 146 1803 146 1836 small-vehicle 0.1127
2236 1824 2238 1790 2305 1793 2303 1827 small-vehicle 0.1124
1967 327 1972 295 2038 306 2033 337 small-vehicle 0.1101
949 1807 958 1775 1014 1790 1006 1822 small-vehicle 0.1055
4914 506 4935 484 4984 530 4964 552 small-vehicle 0.1053
820 1803 826 1772 881 1781 876 1812 small-vehicle 0.1031
2777 571 2786 535 2864 554 2855 590 small-vehicle 0.1028
281 1836 288 1801 351 1813 345 1848 small-vehicle 0.1026
454 1805 463 1772 527 1789 518 1822 small-vehicle 0.1025
3993 411 4027 414 4020 501 3986 499 small-vehicle 0.1023
5238 441 5264 428 5296 490 5269 503 small-vehicle 0.1018
5432 474 5472 461 5500 545 5460 558 small-vehicle 0.1007
5351 1646 5353 1616 5414 1620 5412 1651 small-vehicle 0.1007
4583 452 4596 424 4654 449 4641 478 small-vehicle 0.1006
4279 573 4307 558 4341 621 4313 636 small-vehicle 0.1001
1598 1298 1637 1293 1656 1458 1618 1463 large-vehicle 0.1021
5804 609 5769 477 5933 433 5968 565 storage-tank 0.1321
791 488 822 473 858 548 827 563 storage-tank 0.1051
943 591 975 576 1012 657 980 671 storage-tank 0.1042
5581 478 5632 459 5664 544 5613 563 storage-tank 0.1019
6183 457 6222 455 6226 534 6186 536 storage-tank 0.1003
