1143 382 1279 338 1328 491 1191 534 plane 0.9702
1351 330 1496 332 1494 496 1349 494 plane 0.9688
1510 328 1650 318 1660 474 1521 484 plane 0.9669
2232 834 2363 874 2317 1025 2186 985 plane 0.9598
1869 1091 1897 959 2043 990 2015 1122 plane 0.9569
2054 323 2206 320 2209 485 2057 489 plane 0.9566
2111 758 2233 798 2188 936 2065 895 plane 0.9543
1316 46 1457 -2 1511 152 1370 201 plane 0.9505
841 160 943 130 977 245 876 275 plane 0.9473
2221 435 2256 301 2407 340 2373 474 plane 0.9352
1889 323 2028 327 2024 486 1885 483 plane 0.9067
1690 815 1768 700 1900 790 1821 905 plane 0.9041
354 304 397 224 493 274 451 355 plane 0.8965
1199 815 1301 740 1382 850 1280 925 plane 0.8959
436 604 387 517 505 451 554 538 plane 0.8776
1904 721 2064 723 2061 895 1902 893 plane 0.8480
379 446 376 380 459 376 462 442 plane 0.7845
1078 796 1184 796 1184 923 1078 923 plane 0.7833
703 264 803 256 813 371 713 380 plane 0.7757
971 804 1072 828 1042 951 941 926 plane 0.6127
713 988 674 918 780 859 819 929 plane 0.5552
436 834 428 726 559 717 567 825 plane 0.4262
439 969 420 930 492 895 511 935 plane 0.4142
475 436 479 408 517 414 513 441 plane 0.4087
294 1017 238 926 361 849 418 940 plane 0.3625
560 304 588 305 586 347 558 345 plane 0.2933
304 861 295 833 330 821 339 849 plane 0.2584
392 841 391 826 417 825 417 839 plane 0.2519
500 323 522 303 544 329 522 348 plane 0.2498
470 336 483 307 517 323 505 351 plane 0.2483
413 838 413 825 436 824 437 837 plane 0.2336
249 863 248 842 278 842 278 863 plane 0.2328
1790 518 1796 497 1835 508 1829 529 plane 0.2189
529 313 555 307 562 339 536 345 plane 0.2161
394 823 395 807 421 810 420 825 plane 0.2140
525 454 528 432 561 437 558 458 plane 0.2110
372 826 374 810 400 814 398 830 plane 0.2099
343 778 356 759 381 778 367 796 plane 0.2031
837 257 857 246 875 278 855 290 plane 0.2031
197 785 208 757 246 772 234 800 plane 0.2025
253 841 257 818 290 824 286 847 plane 0.2021
415 854 413 842 434 838 436 851 plane 0.1948
598 847 606 832 632 846 625 861 plane 0.1945
393 856 391 843 414 839 416 852 plane 0.1934
477 369 485 347 516 358 507 380 plane 0.1914
523 520 519 493 559 488 562 515 plane 0.1876
1636 505 1641 492 1665 501 1660 515 plane 0.1871
1449 496 1463 487 1480 514 1467 522 plane 0.1856
603 877 611 864 636 880 627 893 plane 0.1846
1170 521 1168 504 1203 500 1205 517 plane 0.1843
412 817 413 801 438 802 438 817 plane 0.1835
433 838 432 825 454 823 455 836 plane 0.1817
477 887 473 875 501 866 505 879 plane 0.1778
528 477 527 457 559 455 561 475 plane 0.1763
334 857 329 839 354 832 360 849 plane 0.1758
358 844 358 827 382 826 383 843 plane 0.1737
412 872 411 861 431 859 432 870 plane 0.1734
434 854 433 841 453 839 455 851 plane 0.1728
522 838 524 821 556 825 553 842 plane 0.1679
1998 495 2007 482 2035 502 2026 515 plane 0.1665
2025 508 2034 497 2059 515 2051 527 plane 0.1648
585 432 592 415 622 427 614 445 plane 0.1642
458 878 456 866 479 863 481 875 plane 0.1636
435 871 435 860 455 860 455 871 plane 0.1636
478 400 486 379 515 391 508 411 plane 0.1629
1608 482 1614 468 1640 479 1634 493 plane 0.1625
525 354 545 341 561 367 541 380 plane 0.1614
665 347 690 348 687 386 663 384 plane 0.1601
392 878 390 866 411 862 413 874 plane 0.1595
368 802 375 786 398 795 392 812 plane 0.1586
640 886 645 874 667 885 661 896 plane 0.1561
478 470 482 444 519 450 515 476 plane 0.1560
249 805 259 777 295 790 286 818 plane 0.1552
1618 498 1621 484 1646 491 1643 504 plane 0.1539
455 856 454 845 475 842 477 853 plane 0.1517
320 873 315 855 343 848 348 866 plane 0.1509
341 881 336 865 361 857 366 872 plane 0.1508
1537 482 1546 468 1574 483 1565 498 plane 0.1505
339 833 340 815 368 815 367 833 plane 0.1501
362 858 359 843 381 838 385 853 plane 0.1487
2333 1025 2336 1012 2364 1020 2361 1032 plane 0.1475
668 868 669 856 692 858 691 870 plane 0.1466
666 889 669 876 692 882 689 895 plane 0.1460
475 860 472 848 497 843 500 855 plane 0.1458
402 787 407 768 432 776 426 795 plane 0.1458
1204 794 1206 780 1237 785 1234 799 plane 0.1453
541 496 540 478 569 477 569 495 plane 0.1453
364 885 359 872 382 863 387 876 plane 0.1445
545 848 549 835 571 841 567 855 plane 0.1445
456 837 454 823 478 819 480 833 plane 0.1445
835 309 844 301 858 318 849 325 plane 0.1440
545 342 569 336 577 369 554 375 plane 0.1434
813 314 824 304 841 321 830 331 plane 0.1428
535 819 543 794 581 806 573 831 plane 0.1426
492 912 486 895 527 880 533 897 plane 0.1424
277 874 276 856 302 855 302 873 plane 0.1414
812 328 820 318 839 333 830 343 plane 0.1412
644 875 647 863 670 870 666 881 plane 0.1410
557 449 563 432 591 441 585 458 plane 0.1399
376 904 370 891 396 881 401 894 plane 0.1394
1247 515 1257 502 1285 526 1275 538 plane 0.1389
625 847 630 834 653 843 648 856 plane 0.1385
445 418 454 385 494 396 484 429 plane 0.1378
574 850 581 835 605 847 597 862 plane 0.1371
504 890 501 878 526 871 529 882 plane 0.1354
508 855 506 843 531 838 533 851 plane 0.1348
682 844 679 829 708 824 711 838 plane 0.1342
525 880 525 869 547 869 546 880 plane 0.1342
820 282 835 273 849 296 833 305 plane 0.1342
546 874 549 863 569 868 566 879 plane 0.1327
527 797 536 762 581 774 572 809 plane 0.1317
576 869 582 857 604 867 598 880 plane 0.1307
1467 498 1480 491 1491 514 1478 521 plane 0.1297
610 442 616 430 640 442 634 454 plane 0.1297
1180 534 1184 521 1208 528 1205 540 plane 0.1296
1658 516 1663 502 1688 513 1682 526 plane 0.1292
409 896 409 884 429 885 429 896 plane 0.1290
562 470 566 455 591 463 587 477 plane 0.1282
487 842 485 826 513 821 516 837 plane 0.1279
588 468 595 456 617 468 610 480 plane 0.1262
569 295 583 281 605 302 592 316 plane 0.1257
1648 492 1656 484 1671 499 1663 507 plane 0.1256
344 902 339 885 368 877 373 894 plane 0.1255
324 768 340 756 356 777 340 789 plane 0.1249
754 363 772 357 782 386 764 392 plane 0.1228
1031 925 1040 897 1081 909 1072 938 plane 0.1223
2226 836 2360 867 2324 1021 2190 990 bridge 0.1027
472 446 475 419 512 424 509 451 storage-tank 0.1179
837 164 938 126 982 242 880 280 helicopter 0.1101
1907 719 2067 727 2058 897 1899 889 helicopter 0.1041
436 604 387 517 505 451 554 538 helicopter 0.1028
