46 -195 596 -117 495 590 -54 512 baseball-diamond 0.1861
18 -198 585 -152 523 596 -42 549 ground-track-field 0.2371
173 803 192 804 189 853 170 852 large-vehicle 0.1500
759 557 840 560 834 728 754 726 tennis-court 0.9868
360 791 441 798 428 966 347 960 tennis-court 0.9867
230 786 310 791 300 958 220 954 tennis-court 0.9859
614 807 696 810 689 983 607 980 tennis-court 0.9822
485 799 567 802 560 973 478 970 tennis-court 0.9822
745 817 825 821 818 988 737 984 tennis-court 0.9804
632 547 715 552 703 724 620 719 tennis-court 0.9752
774 297 856 298 853 470 771 469 tennis-court 0.9721
-34 215 145 -73 598 208 419 497 soccer-ball-field 0.3369
117 507 228 331 417 450 306 626 roundabout 0.1076
