384 693 400 692 403 731 386 732 small-vehicle 0.7652
548 764 564 763 567 798 550 799 small-vehicle 0.7463
500 811 516 810 517 846 501 847 small-vehicle 0.7384
469 777 486 774 493 812 476 815 small-vehicle 0.7378
492 764 508 763 512 799 496 801 small-vehicle 0.7372
515 764 531 763 532 800 516 801 small-vehicle 0.7300
457 819 473 817 477 852 461 854 small-vehicle 0.7258
536 800 552 799 554 833 538 834 small-vehicle 0.7231
337 789 353 788 356 826 340 827 small-vehicle 0.7207
478 816 494 815 497 849 481 850 small-vehicle 0.7180
422 690 439 689 440 727 424 728 small-vehicle 0.7113
402 694 419 692 422 730 406 731 small-vehicle 0.7081
437 771 454 770 456 809 439 810 small-vehicle 0.6969
574 799 591 797 595 833 578 835 small-vehicle 0.6707
364 689 381 688 383 725 366 726 small-vehicle 0.6663
422 821 438 818 445 856 429 859 small-vehicle 0.6592
589 756 606 754 610 790 594 792 small-vehicle 0.6587
618 794 634 792 638 828 622 830 small-vehicle 0.6429
324 706 340 704 345 739 329 741 small-vehicle 0.6378
568 765 584 763 588 796 572 798 small-vehicle 0.6254
318 797 334 795 339 831 323 833 small-vehicle 0.6226
181 746 179 730 212 727 214 742 small-vehicle 0.6196
381 830 397 827 403 861 387 864 small-vehicle 0.6118
488 676 504 674 508 711 492 713 small-vehicle 0.5454
342 699 358 695 367 729 351 733 small-vehicle 0.5446
461 685 477 681 486 717 469 721 small-vehicle 0.5205
601 131 619 129 623 165 606 168 small-vehicle 0.5089
484 148 501 145 506 183 489 185 small-vehicle 0.5085
185 765 184 750 220 746 221 762 small-vehicle 0.4859
304 706 320 704 325 740 309 743 small-vehicle 0.4794
196 863 193 845 235 837 239 855 small-vehicle 0.4763
326 835 342 834 344 863 328 865 small-vehicle 0.4692
345 376 361 377 360 411 344 410 small-vehicle 0.4426
504 145 521 143 527 178 510 181 small-vehicle 0.4392
186 784 183 769 218 763 220 779 small-vehicle 0.4359
69 619 86 618 88 654 70 654 small-vehicle 0.4288
46 615 64 616 61 652 44 651 small-vehicle 0.3627
440 821 456 819 460 852 444 854 small-vehicle 0.3351
180 727 179 712 214 709 215 724 small-vehicle 0.3100
516 808 531 807 534 841 519 842 small-vehicle 0.3044
530 759 546 759 547 795 532 796 small-vehicle 0.2982
454 772 470 771 472 807 456 808 small-vehicle 0.2635
14 619 32 619 33 660 15 661 small-vehicle 0.2620
344 833 359 831 362 861 347 863 small-vehicle 0.2566
190 804 187 789 222 782 225 797 small-vehicle 0.2484
486 461 498 459 502 479 490 481 small-vehicle 0.2424
377 779 392 777 396 809 380 811 small-vehicle 0.2403
356 783 373 781 378 822 360 824 small-vehicle 0.2379
397 776 413 775 415 810 399 811 small-vehicle 0.2301
416 773 432 772 436 806 420 808 small-vehicle 0.2273
627 130 645 127 650 165 632 168 small-vehicle 0.2149
363 832 378 830 383 860 367 863 small-vehicle 0.1989
556 802 572 801 574 834 558 835 small-vehicle 0.1770
303 799 317 797 322 833 307 835 small-vehicle 0.1762
608 746 623 744 628 786 612 788 small-vehicle 0.1667
287 587 283 567 355 554 358 574 small-vehicle 0.1639
256 30 272 40 246 80 230 70 small-vehicle 0.1579
566 741 582 737 590 768 574 772 small-vehicle 0.1554
389 578 394 559 461 576 456 595 small-vehicle 0.1400
442 690 458 689 460 728 444 728 small-vehicle 0.1388
189 820 187 804 227 798 229 814 small-vehicle 0.1205
31 626 47 624 50 661 34 663 small-vehicle 0.1116
399 826 415 824 420 858 403 861 small-vehicle 0.1103
197 844 191 828 232 814 237 830 small-vehicle 0.1094
627 743 644 742 646 783 629 784 small-vehicle 0.1066
320 183 336 189 324 224 307 219 small-vehicle 0.1003
334 414 356 413 360 493 338 494 large-vehicle 0.7234
287 587 283 567 355 554 358 574 large-vehicle 0.6570
313 221 331 231 292 297 275 287 large-vehicle 0.4493
382 578 386 559 460 574 456 594 large-vehicle 0.4367
168 244 187 255 155 311 136 301 large-vehicle 0.4106
349 218 368 227 339 284 321 275 large-vehicle 0.3783
278 225 296 236 263 292 244 281 large-vehicle 0.3546
201 243 221 255 189 311 169 299 large-vehicle 0.3004
196 863 193 845 235 837 239 855 large-vehicle 0.2983
70 39 78 21 137 46 129 64 large-vehicle 0.2779
356 783 373 781 377 823 360 825 large-vehicle 0.2496
256 30 272 40 246 80 230 70 large-vehicle 0.2159
469 776 486 773 493 811 475 814 large-vehicle 0.2133
56 552 59 537 102 544 99 559 large-vehicle 0.1777
457 819 473 817 477 852 461 854 large-vehicle 0.1763
324 706 340 704 345 739 329 741 large-vehicle 0.1693
574 799 591 797 595 833 578 835 large-vehicle 0.1641
337 789 353 788 356 826 340 827 large-vehicle 0.1573
185 765 184 750 220 746 221 762 large-vehicle 0.1567
23 273 41 281 19 335 1 327 large-vehicle 0.1556
437 771 454 770 456 809 439 810 large-vehicle 0.1506
626 744 642 742 647 787 631 788 large-vehicle 0.1506
304 706 320 704 325 740 309 743 large-vehicle 0.1484
608 747 624 745 628 786 612 787 large-vehicle 0.1469
181 746 179 730 212 727 214 742 large-vehicle 0.1431
548 764 564 763 567 798 550 799 large-vehicle 0.1399
186 784 183 769 218 763 220 779 large-vehicle 0.1393
69 619 86 618 88 654 70 654 large-vehicle 0.1379
342 699 358 695 367 729 351 733 large-vehicle 0.1226
500 811 516 810 517 846 501 847 large-vehicle 0.1226
396 776 412 775 416 812 400 814 large-vehicle 0.1192
318 796 334 794 339 831 323 833 large-vehicle 0.1186
422 691 438 690 440 727 424 728 large-vehicle 0.1186
484 148 501 145 506 183 489 185 large-vehicle 0.1183
345 376 361 377 360 411 344 410 large-vehicle 0.1182
384 692 401 691 402 731 386 732 large-vehicle 0.1146
515 764 531 763 532 800 516 801 large-vehicle 0.1140
192 844 186 827 231 812 237 830 large-vehicle 0.1139
492 764 508 763 512 799 496 801 large-vehicle 0.1097
504 145 523 142 528 179 509 182 large-vehicle 0.1091
14 619 32 619 33 660 15 661 large-vehicle 0.1071
107 391 95 373 138 346 150 364 large-vehicle 0.1042
601 131 620 128 624 166 605 168 large-vehicle 0.1041
422 821 440 818 445 859 427 861 large-vehicle 0.1041
364 689 381 688 383 725 366 726 large-vehicle 0.1027
381 830 397 827 403 861 387 864 large-vehicle 0.1026
478 816 494 815 497 849 481 850 large-vehicle 0.1014
402 694 419 692 422 730 406 731 large-vehicle 0.1013
256 30 272 40 246 80 230 70 ship 0.2360
196 864 192 846 235 836 239 854 ship 0.1360
286 587 283 566 355 554 359 574 ship 0.1140
468 776 486 772 493 812 475 815 ship 0.1124
382 578 386 559 460 574 456 594 ship 0.1059
108 390 97 373 137 347 148 363 swimming-pool 0.1163
