600 414 715 373 764 511 648 552 plane 0.9497
733 422 769 314 892 355 855 463 plane 0.9403
671 815 678 739 777 749 770 825 plane 0.9380
1704 628 1701 555 1787 551 1790 625 plane 0.9379
1575 627 1574 560 1656 559 1657 626 plane 0.9314
827 822 825 760 918 756 921 818 plane 0.9279
616 945 618 875 711 879 708 949 plane 0.9204
1992 822 1992 751 2091 750 2091 822 plane 0.9108
1634 830 1628 766 1718 757 1725 821 plane 0.9100
2184 632 2186 562 2274 566 2271 635 plane 0.8928
2363 572 2364 484 2470 486 2469 574 plane 0.8913
1039 317 1107 316 1109 406 1041 408 plane 0.8883
1638 371 1636 308 1720 305 1722 368 plane 0.8764
1374 558 1393 479 1489 503 1469 582 plane 0.8732
773 897 768 834 850 827 855 889 plane 0.8681
1941 623 1941 560 2030 561 2029 624 plane 0.8660
1869 814 1876 755 1965 766 1957 825 plane 0.8640
956 831 948 768 1038 758 1045 820 plane 0.8601
1643 568 1634 507 1707 497 1716 557 plane 0.8545
1884 578 1879 511 1963 505 1968 572 plane 0.8512
1871 374 1871 306 1966 307 1965 375 plane 0.8490
1389 822 1385 760 1470 754 1473 817 plane 0.8434
2269 576 2256 517 2327 501 2340 560 plane 0.8198
1513 366 1514 306 1601 307 1600 367 plane 0.8082
1754 363 1755 302 1844 304 1842 365 plane 0.8052
515 814 527 719 645 733 633 828 plane 0.8050
156 967 157 906 244 907 243 968 plane 0.7673
2372 823 2369 758 2449 755 2452 819 plane 0.7599
2304 624 2311 563 2402 574 2395 634 plane 0.7545
973 359 1034 364 1026 451 966 446 plane 0.7230
1765 813 1765 759 1835 759 1834 813 plane 0.7129
974 472 1033 466 1039 531 980 537 plane 0.6672
1787 497 1829 471 1864 528 1822 554 plane 0.1070
1716 793 1738 755 1780 781 1757 818 plane 0.1017
1515 368 1516 306 1600 307 1599 369 storage-tank 0.1611
2363 812 2384 745 2457 769 2435 835 storage-tank 0.1420
2308 622 2317 563 2407 577 2397 636 storage-tank 0.1262
1883 578 1884 511 1966 513 1965 579 storage-tank 0.1056
1872 818 1876 759 1964 763 1961 823 storage-tank 0.1032
1752 363 1753 302 1842 304 1841 365 storage-tank 0.1017
1765 813 1765 759 1835 759 1834 813 storage-tank 0.1014
2372 823 2369 758 2449 755 2452 819 roundabout 0.1194
1640 372 1637 308 1720 305 1723 369 roundabout 0.1042
156 966 157 906 245 907 244 967 harbor 0.2154
156 966 157 906 245 907 244 967 swimming-pool 0.1171
2308 622 2317 563 2407 577 2397 636 swimming-pool 0.1047
972 360 1029 361 1027 448 970 446 helicopter 0.1493
1039 317 1107 316 1109 406 1041 408 helicopter 0.1484
2371 819 2373 756 2451 759 2449 822 helicopter 0.1258
156 965 161 903 247 910 243 972 helicopter 0.1022
671 815 678 739 777 749 770 825 helicopter 0.1004
