916 1485 975 1389 1124 1482 1065 1578 plane 0.1051
1218 1371 1515 1332 1557 1646 1259 1685 baseball-diamond 0.4419
1372 25 1612 8 1629 251 1389 268 baseball-diamond 0.2454
417 1006 537 1003 541 1128 421 1131 baseball-diamond 0.1013
1275 1210 1288 1197 1319 1228 1306 1241 bridge 0.1145
898 1532 932 1390 1134 1439 1099 1581 ground-track-field 0.1016
166 844 179 853 158 885 145 876 small-vehicle 0.2346
155 968 170 978 150 1008 136 998 small-vehicle 0.2327
874 236 890 238 887 275 870 273 small-vehicle 0.2244
126 939 140 948 118 982 104 973 small-vehicle 0.2193
821 209 836 210 833 246 817 244 small-vehicle 0.2066
752 197 768 192 780 232 763 236 small-vehicle 0.2064
194 983 207 992 187 1025 173 1016 small-vehicle 0.1951
1069 386 1084 392 1069 428 1053 422 small-vehicle 0.1920
849 225 864 227 859 261 843 259 small-vehicle 0.1866
797 202 812 204 809 238 793 237 small-vehicle 0.1865
1032 340 1048 346 1034 386 1018 380 small-vehicle 0.1849
56 778 70 787 50 819 36 810 small-vehicle 0.1839
228 887 241 895 222 926 209 918 small-vehicle 0.1739
109 808 123 817 103 848 90 840 small-vehicle 0.1707
80 793 94 801 76 833 62 825 small-vehicle 0.1693
556 1233 566 1221 596 1244 586 1257 small-vehicle 0.1692
923 263 939 266 932 302 915 299 small-vehicle 0.1677
204 871 216 880 194 910 182 901 small-vehicle 0.1649
264 911 276 920 257 948 244 940 small-vehicle 0.1629
244 899 258 907 239 938 225 929 small-vehicle 0.1598
257 1030 272 1038 256 1068 241 1061 small-vehicle 0.1537
947 276 964 280 955 316 938 312 small-vehicle 0.1509
220 1003 234 1012 214 1042 200 1032 small-vehicle 0.1452
1012 327 1027 333 1013 372 998 366 small-vehicle 0.1431
903 251 918 254 911 287 896 283 small-vehicle 0.1400
772 197 788 197 789 235 773 235 small-vehicle 0.1366
837 222 852 224 846 255 832 252 small-vehicle 0.1364
130 823 144 830 126 861 113 854 small-vehicle 0.1347
217 878 230 887 209 916 197 907 small-vehicle 0.1291
973 293 988 298 976 331 960 326 small-vehicle 0.1269
67 901 81 910 63 939 49 931 small-vehicle 0.1233
1000 317 1014 323 998 357 984 350 small-vehicle 0.1196
1105 439 1120 445 1104 486 1089 480 small-vehicle 0.1188
426 1661 433 1647 462 1663 455 1676 small-vehicle 0.1180
24 760 38 769 18 799 5 790 small-vehicle 0.1178
40 1489 41 1476 70 1479 69 1492 small-vehicle 0.1160
1207 1649 1216 1636 1255 1665 1245 1677 small-vehicle 0.1138
1397 921 1404 905 1437 919 1431 935 small-vehicle 0.1112
57 890 69 896 56 922 43 916 small-vehicle 0.1112
153 837 166 845 147 874 134 865 small-vehicle 0.1095
986 305 1001 312 986 342 972 335 small-vehicle 0.1087
126 1321 131 1307 165 1320 159 1334 small-vehicle 0.1049
135 952 148 962 128 991 114 981 small-vehicle 0.1040
1092 422 1107 429 1088 467 1073 460 small-vehicle 0.1025
1207 1649 1216 1636 1255 1665 1245 1677 large-vehicle 0.1287
1032 340 1048 346 1034 386 1018 380 large-vehicle 0.1181
1108 437 1123 443 1104 490 1088 483 large-vehicle 0.1121
1069 386 1084 392 1069 428 1053 422 large-vehicle 0.1086
1092 422 1107 429 1088 467 1073 460 large-vehicle 0.1067
973 293 988 298 976 331 960 326 ship 0.1856
986 305 1001 312 986 342 972 335 ship 0.1689
949 278 965 282 955 318 939 313 ship 0.1599
1000 317 1014 323 998 357 984 350 ship 0.1531
1012 327 1027 333 1013 372 998 366 ship 0.1367
923 263 939 266 932 302 915 299 ship 0.1363
19 756 31 764 12 793 0 785 ship 0.1149
752 197 768 192 780 232 763 236 ship 0.1109
1038 773 1106 818 1010 962 942 917 tennis-court 0.9636
1244 896 1314 939 1218 1095 1148 1052 tennis-court 0.9548
533 278 605 321 513 475 441 432 tennis-court 0.9518
1082 1160 1148 1206 1047 1352 981 1306 tennis-court 0.9485
930 703 1001 748 906 898 835 852 tennis-court 0.9480
1179 1223 1253 1267 1159 1423 1085 1378 tennis-court 0.9475
754 416 823 457 731 610 662 568 tennis-court 0.9455
1142 832 1209 879 1109 1024 1042 978 tennis-court 0.9416
1345 961 1420 1006 1325 1163 1250 1118 tennis-court 0.9402
763 964 834 1008 742 1159 670 1116 tennis-court 0.9385
436 212 504 259 404 405 336 359 tennis-court 0.9331
875 1031 942 1078 842 1221 774 1173 tennis-court 0.9329
638 348 706 391 614 539 545 496 tennis-court 0.9317
329 146 398 190 304 340 234 297 tennis-court 0.9311
974 1092 1045 1137 948 1291 877 1246 tennis-court 0.9271
910 1476 974 1386 1119 1489 1055 1579 basketball-court 0.8479
1031 1502 1052 1481 1095 1524 1074 1545 basketball-court 0.1126
442 908 472 905 474 936 445 939 storage-tank 0.2121
1364 39 1589 -3 1635 235 1410 278 storage-tank 0.1084
949 278 965 282 955 318 939 313 storage-tank 0.1015
909 1480 976 1385 1121 1488 1054 1583 soccer-ball-field 0.2300
417 1006 537 1003 541 1128 421 1131 roundabout 0.1758
443 908 472 905 475 937 446 940 roundabout 0.1250
