427 1248 480 1236 494 1296 441 1309 plane 0.2462
421 1174 417 1105 516 1098 520 1167 plane 0.1221
575 1261 614 1238 640 1283 602 1306 plane 0.1090
323 1357 334 1346 352 1364 341 1375 small-vehicle 0.1856
456 1404 470 1403 472 1426 459 1428 small-vehicle 0.1682
316 1342 321 1328 347 1337 342 1350 small-vehicle 0.1572
1206 999 1219 1003 1212 1030 1199 1026 small-vehicle 0.1464
1264 925 1277 930 1265 960 1252 955 small-vehicle 0.1457
368 1329 380 1328 381 1350 369 1351 small-vehicle 0.1388
547 1332 561 1331 562 1360 549 1360 small-vehicle 0.1353
474 1405 485 1404 485 1425 475 1425 small-vehicle 0.1089
337 1341 349 1338 355 1359 344 1363 small-vehicle 0.1054
86 1267 101 1267 101 1293 86 1293 small-vehicle 0.1033
541 912 555 909 558 931 544 933 small-vehicle 0.1012
936 717 969 720 960 810 926 807 large-vehicle 0.1124
756 634 809 634 809 744 755 743 tennis-court 0.9539
514 657 557 660 550 752 507 748 tennis-court 0.9372
707 426 750 421 761 512 718 517 tennis-court 0.9331
766 416 813 414 816 511 769 513 tennis-court 0.9327
701 640 746 639 748 731 703 732 tennis-court 0.9240
394 657 439 657 439 752 395 752 tennis-court 0.9167
940 408 983 404 992 495 948 499 tennis-court 0.9036
340 659 382 659 381 753 339 752 tennis-court 0.8916
574 656 620 662 606 762 560 755 tennis-court 0.8822
819 1097 859 1107 838 1189 798 1179 tennis-court 0.8817
570 452 615 447 626 542 581 547 tennis-court 0.8559
871 1104 918 1116 893 1208 847 1196 tennis-court 0.8303
882 407 930 404 936 504 888 506 tennis-court 0.7635
1038 737 1097 752 1069 861 1010 846 tennis-court 0.7353
996 398 1042 393 1051 489 1006 493 tennis-court 0.7088
1077 614 1108 635 1068 696 1037 675 tennis-court 0.5598
936 717 969 720 960 810 926 807 tennis-court 0.5320
1115 632 1149 647 1120 714 1086 700 tennis-court 0.4245
644 423 689 423 689 538 644 538 tennis-court 0.2255
1170 639 1211 664 1161 749 1119 724 tennis-court 0.2210
1098 772 1131 794 1082 865 1049 842 tennis-court 0.1807
848 792 885 797 875 863 839 858 tennis-court 0.1595
850 613 910 618 900 737 839 732 tennis-court 0.1371
421 1174 417 1105 516 1098 520 1167 tennis-court 0.1142
674 981 733 994 709 1107 650 1094 tennis-court 0.1064
648 643 686 645 681 738 643 736 tennis-court 0.1026
850 614 910 620 898 737 839 732 basketball-court 0.5889
940 408 983 404 992 495 948 499 basketball-court 0.1804
996 398 1042 393 1051 489 1006 493 basketball-court 0.1521
882 407 930 404 936 504 888 506 basketball-court 0.1410
936 717 969 720 960 810 926 807 basketball-court 0.1380
1004 312 1010 201 1130 207 1124 318 storage-tank 0.3411
421 1174 417 1105 516 1098 520 1167 soccer-ball-field 0.1051
998 404 1041 399 1050 486 1007 491 soccer-ball-field 0.1047
258 21 275 29 259 63 242 55 swimming-pool 0.3986
412 1168 415 1100 522 1105 519 1173 swimming-pool 0.3746
488 997 525 959 566 1000 529 1038 swimming-pool 0.3088
433 846 435 827 471 832 468 851 swimming-pool 0.2508
482 851 484 829 523 832 521 854 swimming-pool 0.1679
677 979 735 993 706 1109 648 1095 swimming-pool 0.1586
425 1247 480 1234 494 1295 440 1308 helicopter 0.2721
