1204 686 1254 676 1268 751 1217 760 plane 0.9819
1033 793 1084 788 1093 863 1042 869 plane 0.9782
1072 856 1138 851 1145 940 1079 946 plane 0.9695
467 1199 530 1193 539 1277 476 1283 plane 0.9679
449 1009 509 995 529 1081 470 1095 plane 0.9640
651 757 706 749 718 828 662 836 plane 0.9630
598 888 677 890 674 1002 595 1001 plane 0.9622
424 853 495 852 496 943 425 943 plane 0.9615
727 1345 681 1272 764 1220 810 1293 plane 0.9603
584 1343 651 1333 663 1420 596 1430 plane 0.9581
981 607 1040 597 1054 680 995 690 plane 0.9561
1220 863 1275 900 1226 972 1171 935 plane 0.9514
499 1376 554 1372 560 1451 504 1455 plane 0.9505
652 1116 708 1097 735 1175 678 1195 plane 0.9486
1212 782 1273 766 1292 841 1231 856 plane 0.9466
1050 937 1113 933 1118 1014 1055 1018 plane 0.9450
482 563 470 511 543 495 555 547 plane 0.9424
610 1250 668 1244 676 1321 618 1327 plane 0.9420
1033 648 1086 633 1108 711 1055 727 plane 0.9383
625 667 679 655 698 736 644 749 plane 0.9352
1507 281 1521 226 1603 246 1590 301 plane 0.9324
1557 389 1529 338 1597 300 1625 351 plane 0.9318
464 1101 523 1101 523 1181 464 1181 plane 0.9314
980 350 975 301 1047 295 1051 344 plane 0.9286
394 585 380 531 455 512 469 565 plane 0.9237
657 1323 706 1298 740 1364 691 1389 plane 0.9200
1468 410 1447 358 1517 330 1538 382 plane 0.9186
617 424 606 363 684 348 696 409 plane 0.9154
1347 306 1335 249 1406 233 1418 290 plane 0.9147
589 844 636 801 687 855 640 899 plane 0.9119
1193 583 1247 577 1255 658 1201 664 plane 0.9111
998 707 1059 689 1081 764 1020 782 plane 0.9041
644 530 642 479 721 476 723 527 plane 0.8927
1288 435 1269 381 1338 356 1358 411 plane 0.8890
342 459 344 402 424 405 421 462 plane 0.8796
1007 478 998 419 1082 406 1091 465 plane 0.8723
788 389 778 332 860 318 869 376 plane 0.8665
799 653 844 638 870 717 825 732 plane 0.8641
1249 315 1248 257 1325 256 1326 313 plane 0.8544
415 751 473 752 472 835 414 834 plane 0.8403
1255 729 1304 725 1309 791 1260 795 plane 0.8397
923 494 910 438 991 419 1004 475 plane 0.8366
1159 332 1153 272 1236 262 1243 323 plane 0.8326
1097 327 1092 295 1137 289 1141 321 plane 0.3701
651 1117 707 1096 736 1174 679 1195 bridge 0.1501
449 1011 508 995 530 1080 471 1095 bridge 0.1439
625 666 680 654 698 735 643 747 bridge 0.1229
591 890 677 886 682 998 596 1002 bridge 0.1180
583 1344 649 1332 664 1417 599 1429 bridge 0.1068
978 609 1036 594 1058 674 999 690 bridge 0.1008
1393 579 1388 559 1453 545 1457 564 small-vehicle 0.1382
1446 823 1437 804 1510 772 1518 791 small-vehicle 0.1093
1446 823 1437 804 1510 772 1518 791 large-vehicle 0.4779
1393 579 1388 559 1453 545 1457 564 large-vehicle 0.3522
1446 823 1437 804 1510 772 1518 791 ship 0.1111
1032 794 1083 788 1093 863 1041 869 tennis-court 0.1687
586 854 686 851 689 983 589 986 tennis-court 0.1648
1033 652 1085 636 1108 711 1057 727 tennis-court 0.1443
714 1341 683 1262 778 1224 809 1304 tennis-court 0.1298
417 850 498 849 499 944 418 945 tennis-court 0.1277
1204 689 1253 678 1268 750 1219 760 tennis-court 0.1121
1033 793 1084 788 1093 863 1042 869 helicopter 0.1537
591 890 677 886 682 998 596 1002 helicopter 0.1164
1347 306 1335 249 1406 233 1418 290 helicopter 0.1096
1202 688 1253 676 1270 750 1219 761 helicopter 0.1036
800 651 845 637 871 719 825 733 helicopter 0.1022
