169 812 169 792 243 794 243 814 bridge 0.1111
807 678 807 656 877 655 877 676 bridge 0.1089
260 720 259 698 330 695 331 718 bridge 0.1017
619 30 623 17 650 27 645 40 small-vehicle 0.1411
93 126 95 115 121 117 120 129 small-vehicle 0.1361
703 214 714 207 726 230 716 236 small-vehicle 0.1361
586 227 592 215 616 227 610 238 small-vehicle 0.1350
631 218 640 212 654 234 644 240 small-vehicle 0.1341
122 1100 121 1084 152 1081 153 1098 small-vehicle 0.1329
489 231 490 219 519 221 518 233 small-vehicle 0.1317
667 222 674 215 690 231 683 238 small-vehicle 0.1307
820 211 823 198 851 204 848 217 small-vehicle 0.1303
1145 85 1152 77 1175 97 1167 105 small-vehicle 0.1297
694 217 703 211 715 231 706 236 small-vehicle 0.1295
1021 184 1031 177 1047 202 1037 208 small-vehicle 0.1290
1811 1218 1822 1227 1795 1261 1784 1253 small-vehicle 0.1075
1811 1218 1822 1227 1795 1261 1784 1253 large-vehicle 0.1431
257 804 257 779 330 777 331 802 ship 0.5958
544 699 542 678 610 672 612 693 ship 0.5777
1543 723 1541 704 1598 697 1600 716 ship 0.5763
1546 752 1543 733 1603 724 1606 744 ship 0.5686
1530 647 1527 627 1587 620 1590 640 ship 0.5433
807 678 807 656 877 655 877 676 ship 0.5355
260 720 259 698 330 695 331 718 ship 0.5264
1168 345 1168 326 1221 327 1221 346 ship 0.5090
956 661 956 636 1032 634 1032 660 ship 0.4873
263 855 263 836 328 835 328 855 ship 0.4738
996 590 995 570 1046 568 1046 588 ship 0.4704
430 503 429 488 466 486 467 501 ship 0.4698
1535 561 1533 545 1576 541 1578 557 ship 0.4547
679 690 678 672 743 670 743 688 ship 0.4537
840 560 839 545 877 543 878 559 ship 0.4503
1183 635 1183 615 1232 615 1232 635 ship 0.4386
1170 399 1170 382 1214 381 1215 398 ship 0.4348
1084 786 1079 764 1150 748 1155 770 ship 0.4308
663 606 662 593 697 589 698 602 ship 0.4211
939 539 940 522 980 526 979 543 ship 0.4178
433 529 433 514 470 514 470 529 ship 0.4176
1185 603 1185 585 1235 585 1235 603 ship 0.4147
697 449 695 433 731 430 732 446 ship 0.4115
840 575 839 559 878 558 878 574 ship 0.4105
559 459 559 443 598 443 598 458 ship 0.4096
573 618 573 603 609 602 610 617 ship 0.4080
841 590 841 574 879 574 879 589 ship 0.4073
1541 697 1539 680 1593 674 1595 690 ship 0.4046
1524 505 1521 487 1571 478 1574 496 ship 0.3985
836 513 834 498 875 494 876 510 ship 0.3960
530 616 529 600 563 597 564 613 ship 0.3958
955 849 949 833 987 820 993 836 ship 0.3893
1529 615 1528 595 1586 593 1586 613 ship 0.3883
1183 533 1182 516 1230 513 1231 531 ship 0.3835
1154 1077 1150 1060 1201 1046 1206 1063 ship 0.3818
1313 430 1311 411 1364 406 1366 425 ship 0.3803
1173 415 1172 399 1214 397 1214 414 ship 0.3803
703 490 700 475 734 470 737 485 ship 0.3783
829 416 828 401 864 397 866 412 ship 0.3771
835 494 833 479 872 474 874 489 ship 0.3748
891 815 885 786 964 768 970 797 ship 0.3739
733 846 727 823 806 802 813 825 ship 0.3730
647 379 645 365 678 361 680 375 ship 0.3714
384 592 384 576 425 577 424 593 ship 0.3706
663 577 661 564 694 560 696 573 ship 0.3700
1351 1017 1344 1001 1383 984 1390 1000 ship 0.3690
571 534 569 520 603 515 605 529 ship 0.3688
1159 878 1153 862 1194 848 1200 864 ship 0.3684
996 562 994 544 1041 541 1043 559 ship 0.3684
979 333 977 317 1018 311 1020 328 ship 0.3676
806 899 799 884 833 868 840 883 ship 0.3635
973 316 971 300 1012 296 1014 312 ship 0.3601
1375 406 1375 388 1423 386 1423 405 ship 0.3591
662 564 661 551 692 546 694 560 ship 0.3586
258 676 257 657 308 656 308 675 ship 0.3579
1298 290 1296 273 1353 266 1356 283 ship 0.3579
830 429 828 413 865 410 866 425 ship 0.3568
996 538 994 522 1035 517 1037 534 ship 0.3545
1388 514 1388 498 1430 497 1430 513 ship 0.3543
573 658 575 641 615 645 613 662 ship 0.3524
942 577 943 559 982 560 982 578 ship 0.3523
663 596 661 583 695 577 697 590 ship 0.3511
559 444 558 428 596 426 597 442 ship 0.3508
1318 909 1316 894 1353 887 1356 902 ship 0.3503
985 473 984 456 1032 455 1032 472 ship 0.3468
1182 463 1180 446 1221 440 1224 457 ship 0.3464
980 385 979 367 1027 363 1028 382 ship 0.3457
967 885 961 869 1003 855 1008 871 ship 0.3451
1177 493 1176 475 1226 473 1227 491 ship 0.3444
1106 370 1105 352 1153 349 1154 367 ship 0.3444
1318 495 1318 476 1369 475 1370 494 ship 0.3435
993 623 995 603 1047 607 1046 628 ship 0.3421
1101 324 1101 308 1141 309 1141 325 ship 0.3420
1119 945 1115 930 1154 919 1159 934 ship 0.3409
1509 407 1509 389 1551 388 1551 406 ship 0.3318
1313 353 1313 337 1353 337 1353 353 ship 0.3310
425 397 424 383 458 381 459 395 ship 0.3292
700 476 698 461 733 457 735 472 ship 0.3273
693 416 692 401 728 397 729 412 ship 0.3273
258 547 260 530 300 533 299 550 ship 0.3267
945 619 944 600 994 596 996 616 ship 0.3261
574 573 572 559 604 555 606 569 ship 0.3245
845 630 845 614 882 612 883 629 ship 0.3234
572 558 570 544 603 538 605 553 ship 0.3221
652 502 652 489 688 489 688 503 ship 0.3200
1150 1047 1146 1030 1190 1019 1194 1035 ship 0.3195
259 476 261 459 301 463 299 480 ship 0.3182
837 530 836 515 875 511 876 526 ship 0.3179
653 514 653 500 689 501 689 515 ship 0.3165
650 456 649 442 684 439 684 454 ship 0.3161
649 444 648 429 683 427 684 441 ship 0.3159
696 436 694 421 729 417 731 432 ship 0.3156
574 590 572 576 604 573 605 587 ship 0.3154
1388 532 1388 516 1430 516 1430 532 ship 0.3146
651 472 650 458 685 457 686 470 ship 0.3139
785 486 786 472 822 473 821 487 ship 0.3128
564 484 564 469 599 468 600 483 ship 0.3127
652 488 652 475 687 474 687 488 ship 0.3124
438 558 437 544 472 542 473 557 ship 0.3102
705 514 703 500 734 495 736 509 ship 0.3099
259 590 260 573 306 576 305 593 ship 0.3098
649 432 648 418 682 414 684 428 ship 0.3095
663 550 661 537 691 533 693 546 ship 0.3095
1218 1052 1213 1038 1251 1023 1256 1038 ship 0.3063
784 472 784 459 820 459 820 472 ship 0.3058
649 395 646 381 679 374 682 388 ship 0.3042
529 576 528 562 559 559 560 574 ship 0.3036
649 414 647 400 680 395 683 409 ship 0.3025
430 474 429 462 458 457 460 470 ship 0.3004
372 459 372 445 414 444 414 459 ship 0.3003
384 563 382 548 422 544 424 559 ship 0.2998
1168 371 1168 352 1218 354 1218 372 ship 0.2986
707 529 705 516 734 512 736 524 ship 0.2937
1334 972 1329 957 1368 946 1373 961 ship 0.2936
662 533 661 519 690 516 692 530 ship 0.2931
530 593 529 578 560 576 562 590 ship 0.2909
826 369 825 355 861 352 862 367 ship 0.2903
832 457 830 442 865 438 867 453 ship 0.2901
430 457 428 444 458 440 460 453 ship 0.2899
787 499 787 485 822 486 822 500 ship 0.2893
428 425 425 412 457 406 459 419 ship 0.2891
926 931 923 915 960 907 964 922 ship 0.2887
569 505 567 491 600 487 602 501 ship 0.2883
782 457 782 443 819 442 819 456 ship 0.2875
375 514 375 499 415 501 414 515 ship 0.2869
1116 801 1110 782 1163 765 1169 783 ship 0.2861
374 501 374 487 414 488 414 502 ship 0.2827
1534 540 1532 524 1575 518 1577 535 ship 0.2820
1503 374 1501 358 1543 353 1545 369 ship 0.2814
529 563 528 548 558 546 559 561 ship 0.2811
824 354 824 340 860 340 860 354 ship 0.2793
1178 448 1176 432 1216 428 1218 444 ship 0.2792
1114 477 1114 460 1157 459 1157 476 ship 0.2788
792 547 792 533 825 531 825 545 ship 0.2776
828 388 827 374 862 370 863 384 ship 0.2773
430 443 427 430 458 425 460 437 ship 0.2767
384 550 382 535 420 530 422 545 ship 0.2753
940 972 937 957 975 949 978 964 ship 0.2752
1323 560 1322 544 1371 540 1372 556 ship 0.2734
792 559 792 545 826 544 826 559 ship 0.2734
692 403 690 389 727 385 728 400 ship 0.2731
372 448 371 434 412 430 414 444 ship 0.2720
970 1072 967 1058 1006 1051 1008 1065 ship 0.2714
937 489 936 474 972 471 973 486 ship 0.2706
781 443 782 429 818 429 818 443 ship 0.2704
594 881 592 865 624 860 626 876 ship 0.2694
1532 521 1529 504 1572 496 1575 512 ship 0.2693
709 543 707 531 733 527 735 538 ship 0.2686
373 485 373 471 414 471 414 485 ship 0.2684
1042 1118 1035 1106 1066 1089 1073 1100 ship 0.2676
1022 1060 1017 1046 1052 1034 1057 1047 ship 0.2664
795 603 795 589 831 588 832 602 ship 0.2656
1184 617 1186 599 1229 602 1228 620 ship 0.2654
534 650 530 636 564 629 567 643 ship 0.2637
440 574 439 560 473 557 474 572 ship 0.2633
923 343 923 328 961 328 961 343 ship 0.2614
931 442 930 428 968 427 968 442 ship 0.2614
968 1061 965 1048 1002 1039 1005 1053 ship 0.2609
440 545 438 530 471 526 473 541 ship 0.2606
929 430 929 415 967 414 968 429 ship 0.2605
1037 1105 1031 1092 1065 1078 1071 1091 ship 0.2599
665 629 662 616 698 609 701 623 ship 0.2582
792 531 791 517 823 515 824 529 ship 0.2579
833 476 831 462 866 457 868 471 ship 0.2575
259 633 259 616 300 615 301 632 ship 0.2562
985 1105 980 1092 1014 1079 1019 1092 ship 0.2552
794 591 794 576 830 576 830 590 ship 0.2542
1320 922 1317 907 1355 900 1358 915 ship 0.2534
385 474 383 460 414 455 416 470 ship 0.2523
552 631 551 617 577 616 578 629 ship 0.2516
781 430 781 416 817 416 817 430 ship 0.2513
384 531 383 516 419 514 420 529 ship 0.2508
779 385 778 371 812 368 813 381 ship 0.2506
926 384 927 370 965 372 964 387 ship 0.2499
258 616 259 600 301 601 300 618 ship 0.2495
779 374 777 360 810 356 812 369 ship 0.2478
834 442 832 427 868 422 870 437 ship 0.2468
517 489 516 475 552 472 553 486 ship 0.2458
974 1086 971 1073 1008 1064 1011 1077 ship 0.2458
839 548 836 534 866 529 869 543 ship 0.2454
533 667 531 651 567 645 570 660 ship 0.2452
1031 1090 1026 1076 1062 1063 1067 1077 ship 0.2431
676 616 673 604 696 598 699 610 ship 0.2429
788 513 788 500 822 499 822 512 ship 0.2421
956 1030 953 1016 991 1008 994 1021 ship 0.2419
1348 873 1344 860 1394 844 1399 857 ship 0.2416
794 574 793 560 827 559 828 574 ship 0.2412
1503 344 1500 329 1542 323 1544 339 ship 0.2407
259 650 258 634 300 631 301 648 ship 0.2405
781 415 780 401 815 400 816 413 ship 0.2400
1186 562 1185 544 1235 543 1235 560 ship 0.2390
1373 338 1372 320 1417 317 1418 335 ship 0.2390
823 341 823 327 860 328 859 342 ship 0.2388
715 647 714 633 748 630 749 645 ship 0.2385
928 413 928 398 967 398 967 413 ship 0.2360
690 529 690 518 712 519 711 529 ship 0.2357
710 558 709 547 733 544 735 555 ship 0.2356
715 636 713 622 747 618 748 631 ship 0.2352
518 502 517 487 554 485 554 500 ship 0.2350
774 971 770 958 805 948 809 962 ship 0.2333
1506 392 1505 375 1548 371 1549 388 ship 0.2331
1155 1059 1151 1043 1195 1033 1199 1049 ship 0.2326
780 398 779 385 813 382 814 395 ship 0.2311
521 546 521 532 557 531 558 545 ship 0.2305
520 530 520 516 556 515 556 530 ship 0.2302
519 516 518 501 555 500 556 515 ship 0.2301
960 1041 957 1027 994 1020 996 1033 ship 0.2301
1502 329 1500 314 1541 309 1543 324 ship 0.2296
385 618 385 603 427 602 428 618 ship 0.2291
1027 1075 1023 1061 1058 1049 1063 1063 ship 0.2283
989 957 984 943 1021 932 1025 947 ship 0.2277
1018 1048 1013 1034 1049 1022 1054 1035 ship 0.2270
1534 593 1531 575 1577 567 1580 585 ship 0.2265
769 959 765 944 801 934 806 948 ship 0.2260
420 375 420 360 455 360 455 374 ship 0.2259
1519 464 1515 448 1559 438 1562 454 ship 0.2240
714 621 713 608 746 605 747 618 ship 0.2227
411 471 411 460 434 461 433 473 ship 0.2223
1308 331 1307 316 1346 313 1347 328 ship 0.2222
1313 385 1312 369 1356 364 1358 381 ship 0.2219
1325 939 1321 925 1358 916 1361 930 ship 0.2213
809 912 803 896 840 883 845 898 ship 0.2210
1118 520 1118 503 1164 504 1164 521 ship 0.2205
694 499 693 486 718 485 719 498 ship 0.2198
955 1018 951 1004 988 993 992 1007 ship 0.2189
713 605 712 591 744 589 745 602 ship 0.2189
411 457 412 446 434 447 433 458 ship 0.2189
936 474 936 459 972 458 972 473 ship 0.2185
796 616 796 602 832 600 832 614 ship 0.2183
924 355 924 341 962 341 962 355 ship 0.2181
1210 1031 1206 1016 1243 1004 1248 1019 ship 0.2179
925 372 925 357 964 358 964 373 ship 0.2173
1513 449 1510 432 1562 423 1565 441 ship 0.2167
780 987 776 973 813 964 816 978 ship 0.2164
947 838 940 820 979 804 987 822 ship 0.2164
1008 1013 1003 999 1037 986 1042 1000 ship 0.2158
980 359 979 342 1022 339 1023 356 ship 0.2158
259 520 258 504 299 502 300 518 ship 0.2156
711 573 710 562 733 560 734 570 ship 0.2152
932 456 931 442 968 440 968 455 ship 0.2134
988 504 986 487 1032 481 1034 499 ship 0.2133
1101 304 1100 289 1139 287 1140 302 ship 0.2132
651 1059 648 1047 676 1038 680 1051 ship 0.2129
934 955 930 941 966 932 969 946 ship 0.2125
752 913 749 898 786 890 789 905 ship 0.2125
711 588 710 576 742 572 743 584 ship 0.2120
780 360 778 347 809 342 811 355 ship 0.2108
939 521 938 505 976 503 977 519 ship 0.2106
1149 845 1143 830 1180 815 1186 830 ship 0.2102
1207 1018 1203 1002 1242 990 1247 1006 ship 0.2096
1329 955 1325 942 1358 931 1363 944 ship 0.2084
983 415 983 398 1031 397 1031 415 ship 0.2074
257 501 257 484 300 483 300 500 ship 0.2070
691 388 690 373 726 370 727 384 ship 0.2056
767 948 762 933 798 921 803 935 ship 0.2049
394 677 393 662 437 658 439 673 ship 0.2043
1170 317 1170 300 1214 299 1214 316 ship 0.2042
517 475 516 460 549 458 550 473 ship 0.2040
412 487 413 475 436 477 435 489 ship 0.2040
1520 478 1517 462 1561 454 1564 470 ship 0.2014
1184 958 1179 942 1227 929 1231 945 ship 0.2006
387 633 386 618 428 616 429 632 ship 0.2003
689 341 688 327 720 326 721 340 ship 0.1991
822 650 819 631 872 623 875 642 ship 0.1989
1375 373 1375 356 1422 354 1422 371 ship 0.1986
1555 806 1551 784 1620 774 1623 796 ship 0.1986
1190 971 1185 956 1228 943 1232 958 ship 0.1978
711 658 711 644 748 645 747 659 ship 0.1959
1389 555 1389 539 1432 539 1432 555 ship 0.1956
927 317 927 303 960 303 960 317 ship 0.1952
815 928 810 913 846 901 851 916 ship 0.1944
1110 341 1108 325 1148 320 1150 336 ship 0.1940
1361 902 1357 885 1409 871 1413 887 ship 0.1931
947 1000 943 987 979 976 983 990 ship 0.1925
655 1070 652 1058 682 1049 686 1062 ship 0.1922
1375 357 1373 340 1416 336 1417 353 ship 0.1920
1303 312 1302 296 1345 293 1346 309 ship 0.1914
982 928 977 914 1009 903 1014 917 ship 0.1912
1387 491 1386 475 1428 472 1429 488 ship 0.1910
420 408 419 396 444 394 445 406 ship 0.1909
667 649 664 636 699 629 701 643 ship 0.1906
757 925 753 911 788 901 792 915 ship 0.1903
440 588 439 573 473 571 474 586 ship 0.1902
827 404 825 391 851 387 853 400 ship 0.1901
573 633 571 617 609 613 611 628 ship 0.1891
799 1055 796 1041 833 1034 835 1048 ship 0.1891
731 1173 726 1161 755 1150 759 1162 ship 0.1890
985 445 985 429 1026 427 1027 443 ship 0.1878
1012 1025 1006 1012 1038 998 1043 1011 ship 0.1869
810 1088 807 1073 844 1066 847 1080 ship 0.1868
920 912 916 898 950 888 954 902 ship 0.1868
1501 358 1500 344 1536 340 1537 354 ship 0.1867
912 887 909 872 945 863 948 878 ship 0.1859
690 354 688 340 719 337 721 351 ship 0.1858
564 521 563 508 589 506 590 519 ship 0.1855
1120 576 1120 560 1170 559 1170 575 ship 0.1855
388 434 388 422 414 420 415 432 ship 0.1827
1192 986 1188 970 1237 957 1241 973 ship 0.1817
874 1119 869 1105 905 1092 910 1106 ship 0.1817
1315 404 1313 387 1358 383 1360 399 ship 0.1816
712 1114 708 1101 737 1090 741 1103 ship 0.1810
976 914 972 899 1007 889 1011 904 ship 0.1806
726 1160 721 1148 749 1136 754 1149 ship 0.1798
1125 616 1124 601 1173 599 1173 614 ship 0.1797
985 1131 980 1119 1021 1104 1026 1117 ship 0.1793
691 371 689 356 724 352 726 367 ship 0.1792
1103 900 1099 885 1138 875 1142 890 ship 0.1789
826 1135 821 1122 856 1109 861 1123 ship 0.1776
781 1000 779 986 817 979 819 993 ship 0.1772
999 988 995 974 1031 962 1036 977 ship 0.1771
725 1143 721 1132 746 1122 750 1133 ship 0.1770
665 1085 662 1074 685 1066 689 1078 ship 0.1770
962 1359 941 1257 1397 1164 1418 1266 ship 0.1769
695 1054 690 1042 717 1032 722 1045 ship 0.1766
409 513 410 500 435 503 434 516 ship 0.1766
824 1118 819 1104 852 1093 857 1107 ship 0.1759
719 1127 715 1115 741 1105 746 1116 ship 0.1759
1348 991 1342 977 1376 963 1382 977 ship 0.1758
992 524 989 509 1027 502 1029 518 ship 0.1757
829 1147 824 1134 860 1122 864 1136 ship 0.1753
690 1041 686 1028 715 1018 719 1031 ship 0.1746
707 1089 701 1077 729 1065 734 1077 ship 0.1742
849 1041 844 1027 879 1016 883 1030 ship 0.1725
809 1075 805 1061 840 1051 844 1065 ship 0.1723
1309 371 1308 353 1355 351 1356 368 ship 0.1720
684 1029 679 1015 710 1004 715 1018 ship 0.1716
712 1100 707 1088 733 1078 737 1090 ship 0.1709
735 1186 731 1174 759 1163 764 1175 ship 0.1708
864 1087 859 1073 892 1060 897 1074 ship 0.1704
846 1029 841 1015 877 1004 881 1018 ship 0.1698
1107 402 1106 385 1156 384 1157 400 ship 0.1688
1006 1087 1002 1076 1026 1068 1029 1079 ship 0.1684
1363 916 1359 899 1410 888 1414 904 ship 0.1680
860 1073 855 1059 890 1046 895 1060 ship 0.1680
388 648 388 634 429 633 429 648 ship 0.1671
840 1014 836 999 873 989 877 1004 ship 0.1669
1143 1015 1139 999 1180 989 1184 1005 ship 0.1663
1010 1071 1007 1059 1032 1053 1035 1064 ship 0.1659
381 580 380 566 417 564 418 579 ship 0.1652
1493 317 1492 302 1534 299 1535 314 ship 0.1647
441 602 440 587 473 586 474 601 ship 0.1646
571 606 570 590 609 588 610 604 ship 0.1644
848 1059 843 1045 884 1031 889 1046 ship 0.1643
1161 893 1156 878 1198 865 1202 881 ship 0.1642
650 1046 646 1034 671 1025 675 1037 ship 0.1640
1179 930 1175 915 1214 903 1218 918 ship 0.1637
1328 592 1325 574 1381 565 1384 583 ship 0.1637
560 681 558 662 608 657 610 676 ship 0.1635
1117 814 1112 799 1157 783 1162 799 ship 0.1629
443 618 442 604 474 601 475 615 ship 0.1619
780 347 778 334 807 330 809 343 ship 0.1613
1180 519 1179 502 1217 499 1219 516 ship 0.1606
699 1072 694 1059 723 1048 728 1060 ship 0.1606
870 1105 865 1090 902 1078 906 1093 ship 0.1601
1310 886 1306 872 1343 862 1347 876 ship 0.1592
545 1253 541 1240 587 1223 592 1236 ship 0.1589
1182 431 1181 415 1220 412 1222 428 ship 0.1587
1181 944 1177 929 1215 917 1220 932 ship 0.1587
1158 864 1152 849 1190 833 1197 848 ship 0.1578
560 420 559 406 594 402 595 417 ship 0.1578
1371 580 1370 562 1428 556 1430 574 ship 0.1572
444 632 443 618 474 614 475 629 ship 0.1566
984 941 979 927 1010 917 1015 930 ship 0.1545
807 635 805 620 836 617 837 632 ship 0.1544
516 459 516 444 548 443 548 458 ship 0.1542
911 874 907 859 940 851 944 866 ship 0.1536
1387 472 1386 456 1428 454 1428 470 ship 0.1525
652 1014 648 1002 678 991 683 1003 ship 0.1523
443 648 441 634 473 630 475 644 ship 0.1521
740 1207 734 1192 765 1180 771 1194 ship 0.1520
1492 299 1490 283 1533 280 1534 295 ship 0.1517
980 400 980 382 1029 381 1029 399 ship 0.1516
669 359 668 348 691 346 692 358 ship 0.1514
681 1011 677 999 704 990 708 1003 ship 0.1509
819 942 814 928 848 916 853 930 ship 0.1506
1175 915 1170 899 1211 888 1216 904 ship 0.1500
1097 852 1095 838 1131 832 1134 846 ship 0.1482
838 1001 833 987 869 976 873 990 ship 0.1481
674 666 670 652 715 640 718 655 ship 0.1480
1368 316 1366 299 1407 295 1409 312 ship 0.1477
1138 829 1133 814 1174 800 1180 814 ship 0.1439
1532 664 1530 644 1587 639 1589 659 ship 0.1431
823 1105 818 1091 848 1081 853 1095 ship 0.1430
1116 506 1116 490 1158 490 1158 506 ship 0.1422
1304 873 1300 858 1339 848 1343 863 ship 0.1412
431 518 429 503 465 497 467 511 ship 0.1411
936 400 936 384 968 384 968 399 ship 0.1410
1348 888 1343 874 1391 858 1396 872 ship 0.1404
804 342 804 331 825 332 825 343 ship 0.1400
840 1165 834 1152 868 1138 873 1151 ship 0.1397
793 874 784 859 817 840 826 855 ship 0.1386
996 1004 991 990 1030 974 1036 988 ship 0.1384
992 972 988 957 1028 944 1033 959 ship 0.1383
820 500 821 486 847 488 846 502 ship 0.1381
840 1177 835 1164 871 1150 876 1164 ship 0.1381
417 360 417 345 452 347 451 361 ship 0.1376
531 1216 528 1203 572 1191 576 1205 ship 0.1375
876 1134 871 1119 912 1103 918 1118 ship 0.1369
1110 383 1109 367 1153 365 1154 382 ship 0.1369
650 348 650 335 676 334 676 347 ship 0.1356
554 1075 549 1061 585 1048 590 1062 ship 0.1355
1540 683 1538 666 1594 658 1597 676 ship 0.1336
1008 605 1007 587 1046 584 1047 602 ship 0.1336
897 842 895 825 933 821 935 838 ship 0.1332
1204 1001 1199 986 1239 973 1244 988 ship 0.1331
258 534 258 517 304 516 304 534 ship 0.1324
590 1176 586 1163 620 1152 624 1165 ship 0.1323
1517 433 1513 416 1555 405 1560 422 ship 0.1316
431 492 429 478 464 471 467 485 ship 0.1314
593 1187 589 1174 623 1164 627 1177 ship 0.1312
546 1241 541 1229 584 1211 589 1223 ship 0.1310
396 414 399 402 422 407 419 418 ship 0.1310
698 1170 696 1160 715 1155 718 1165 ship 0.1308
433 668 431 652 476 646 478 662 ship 0.1305
515 1161 511 1147 557 1136 560 1150 ship 0.1302
605 1218 600 1207 628 1193 634 1203 ship 0.1299
702 1156 700 1146 718 1141 721 1151 ship 0.1297
1373 929 1369 912 1423 901 1427 917 ship 0.1288
901 857 898 843 932 836 935 850 ship 0.1288
600 1203 595 1191 627 1178 632 1190 ship 0.1284
887 1148 879 1135 913 1116 920 1128 ship 0.1196
1270 742 1372 716 1443 991 1342 1018 ship 0.1179
610 1250 604 1239 638 1223 644 1234 ship 0.1109
241 755 345 758 332 1173 228 1170 ship 0.1064
1270 742 1372 716 1443 991 1342 1018 harbor 0.6855
1300 270 1407 260 1438 596 1330 606 harbor 0.6357
1101 279 1219 267 1253 623 1134 634 harbor 0.6076
373 394 455 389 475 678 392 684 harbor 0.5178
480 335 598 321 641 675 523 690 harbor 0.4748
889 293 1003 271 1074 640 960 662 harbor 0.4653
783 297 864 291 892 679 811 684 harbor 0.4013
1073 768 1184 742 1259 1060 1148 1086 harbor 0.3647
882 790 966 765 1059 1076 974 1101 harbor 0.3603
708 829 812 792 940 1148 836 1185 harbor 0.3556
641 301 711 293 752 692 682 699 harbor 0.3203
1229 1342 1213 1302 1300 1268 1316 1308 harbor 0.3134
169 812 169 792 243 794 243 814 harbor 0.2785
234 701 340 702 336 1155 230 1154 harbor 0.2653
1386 220 1426 181 1491 248 1451 287 harbor 0.2616
733 846 727 823 806 802 813 825 harbor 0.2477
952 1149 967 1144 994 1215 979 1220 harbor 0.2367
1506 406 1583 399 1622 821 1545 828 harbor 0.2267
894 817 887 788 962 769 969 798 harbor 0.2117
673 1244 689 1240 711 1312 696 1317 harbor 0.2068
1300 1044 1314 1039 1340 1108 1327 1113 harbor 0.1868
240 448 312 444 326 780 255 783 harbor 0.1853
564 853 635 826 772 1184 702 1211 harbor 0.1691
1372 334 1371 315 1416 313 1417 332 harbor 0.1606
878 1131 872 1117 906 1101 912 1114 harbor 0.1579
807 678 807 656 877 655 877 676 harbor 0.1551
740 1201 734 1188 761 1177 767 1189 harbor 0.1522
477 949 559 924 644 1212 563 1236 harbor 0.1516
1372 316 1371 298 1415 296 1416 315 harbor 0.1494
260 720 259 698 330 695 331 718 harbor 0.1484
887 1148 879 1135 913 1116 920 1128 harbor 0.1464
610 1250 604 1239 638 1223 644 1234 harbor 0.1429
278 1137 304 1137 309 1326 283 1327 harbor 0.1424
1512 1424 1504 1406 1590 1369 1597 1386 harbor 0.1418
1371 580 1370 562 1428 556 1430 574 harbor 0.1407
679 690 678 672 743 670 743 688 harbor 0.1389
755 862 748 839 812 821 819 844 harbor 0.1381
974 1129 950 1082 1070 1022 1093 1070 harbor 0.1375
408 668 405 654 452 645 454 659 harbor 0.1313
803 271 814 268 824 306 812 309 harbor 0.1311
866 1120 860 1106 899 1090 905 1104 harbor 0.1301
735 1186 731 1174 759 1163 764 1175 harbor 0.1188
997 1134 992 1121 1033 1103 1038 1115 harbor 0.1165
411 653 408 638 451 628 454 642 harbor 0.1163
257 804 257 779 330 777 331 802 harbor 0.1159
1503 302 1500 286 1540 279 1543 296 harbor 0.1111
1084 786 1079 764 1150 748 1155 770 harbor 0.1083
793 874 784 859 817 840 826 855 harbor 0.1079
984 1115 980 1101 1019 1090 1022 1103 harbor 0.1071
824 354 824 340 860 340 860 354 harbor 0.1059
263 855 263 836 328 835 328 855 harbor 0.1050
823 341 823 327 860 328 859 342 harbor 0.1041
1042 1118 1035 1106 1066 1089 1073 1100 harbor 0.1026
664 613 662 599 698 594 700 608 harbor 0.1011
1025 1071 1019 1058 1052 1044 1058 1057 harbor 0.1003
372 459 372 445 414 444 414 459 harbor 0.1003
1771 751 1805 752 1804 807 1771 806 swimming-pool 0.5192
