635 344 657 345 655 393 632 392 small-vehicle 0.6663
687 442 709 446 701 492 678 488 small-vehicle 0.5985
739 457 762 458 760 507 737 506 small-vehicle 0.5978
1148 109 1169 111 1165 158 1144 156 small-vehicle 0.5721
447 189 468 192 461 241 440 238 small-vehicle 0.5588
1134 220 1153 221 1150 264 1131 262 small-vehicle 0.5369
425 184 446 188 437 235 417 231 small-vehicle 0.5298
714 450 734 453 728 495 708 492 small-vehicle 0.5142
305 164 327 168 318 219 296 215 small-vehicle 0.5137
655 448 677 453 667 496 644 491 small-vehicle 0.5104
1129 271 1147 272 1146 313 1127 312 small-vehicle 0.5073
665 346 688 349 681 398 658 394 small-vehicle 0.4917
741 238 763 239 762 290 740 290 small-vehicle 0.4895
551 333 573 334 571 382 549 381 small-vehicle 0.4784
470 196 491 197 486 249 465 247 small-vehicle 0.4747
461 318 484 319 481 370 458 369 small-vehicle 0.4702
717 224 741 226 735 284 711 282 small-vehicle 0.4594
242 79 269 84 258 144 231 139 small-vehicle 0.4576
901 373 923 374 920 425 898 423 small-vehicle 0.4547
400 180 421 184 412 233 392 230 small-vehicle 0.4533
330 123 355 125 350 182 325 180 small-vehicle 0.4475
1146 168 1167 171 1160 215 1140 212 small-vehicle 0.4428
241 160 264 163 258 216 234 213 small-vehicle 0.4405
336 294 360 297 352 345 328 341 small-vehicle 0.4387
276 162 299 164 294 215 272 213 small-vehicle 0.4385
765 239 788 239 787 290 765 289 small-vehicle 0.4270
875 366 898 368 894 424 871 422 small-vehicle 0.4234
689 231 711 232 707 280 685 278 small-vehicle 0.4162
559 201 581 206 568 266 545 261 small-vehicle 0.4116
582 215 604 218 597 268 575 265 small-vehicle 0.4079
639 216 660 218 656 269 635 268 small-vehicle 0.4038
928 261 954 267 938 326 913 319 small-vehicle 0.4009
664 225 685 228 679 274 658 271 small-vehicle 0.3978
501 189 525 194 511 253 487 247 small-vehicle 0.3961
898 246 923 251 911 312 885 306 small-vehicle 0.3822
848 360 873 362 866 421 842 419 small-vehicle 0.3749
687 371 714 372 712 429 685 428 small-vehicle 0.3678
530 197 554 202 542 263 518 259 small-vehicle 0.3664
863 244 889 249 878 311 852 307 small-vehicle 0.3624
373 184 395 188 387 237 365 233 small-vehicle 0.3619
577 343 599 345 595 389 573 387 small-vehicle 0.3453
755 359 780 361 776 419 751 417 small-vehicle 0.3292
359 126 381 128 374 186 352 183 small-vehicle 0.3286
816 357 841 357 840 417 816 417 small-vehicle 0.3066
608 208 632 210 627 270 603 268 small-vehicle 0.3043
786 360 812 360 812 421 786 421 small-vehicle 0.2984
384 128 407 130 403 183 379 181 small-vehicle 0.2649
599 345 621 347 617 390 595 388 small-vehicle 0.2609
1212 322 1230 325 1224 362 1206 359 small-vehicle 0.2573
626 393 650 395 647 442 623 441 small-vehicle 0.1077
787 360 812 361 812 421 787 421 large-vehicle 0.6376
849 360 873 363 866 421 841 418 large-vehicle 0.6342
755 359 780 361 776 419 751 417 large-vehicle 0.5798
875 366 898 368 894 424 871 422 large-vehicle 0.5719
501 189 525 195 512 253 488 248 large-vehicle 0.5682
559 200 582 205 568 265 545 259 large-vehicle 0.5658
817 358 841 358 840 417 816 417 large-vehicle 0.5610
898 246 924 251 911 312 886 307 large-vehicle 0.5610
717 223 741 226 736 284 711 282 large-vehicle 0.5545
330 124 355 126 350 181 326 179 large-vehicle 0.5503
531 198 554 203 542 263 519 258 large-vehicle 0.5501
863 244 889 249 878 312 852 307 large-vehicle 0.5485
639 216 660 218 656 269 635 268 large-vehicle 0.5456
359 126 381 128 374 186 352 183 large-vehicle 0.5394
608 208 632 210 627 270 603 268 large-vehicle 0.5340
242 80 268 84 258 143 232 139 large-vehicle 0.4858
688 372 714 373 713 429 687 429 large-vehicle 0.4829
928 261 954 267 939 327 913 320 large-vehicle 0.4616
447 189 468 192 461 241 440 238 large-vehicle 0.4615
305 164 327 168 318 219 296 215 large-vehicle 0.4562
240 161 264 163 258 217 234 214 large-vehicle 0.4479
384 128 407 130 403 183 379 181 large-vehicle 0.4458
276 162 299 164 294 215 272 213 large-vehicle 0.4284
470 196 491 197 486 249 465 247 large-vehicle 0.4156
425 184 446 188 437 235 417 231 large-vehicle 0.3988
582 215 604 218 597 268 575 265 large-vehicle 0.3918
765 238 788 239 788 289 765 289 large-vehicle 0.3810
664 225 685 228 679 274 658 271 large-vehicle 0.3751
689 230 711 232 707 280 686 278 large-vehicle 0.3644
376 180 398 184 389 236 367 233 large-vehicle 0.3604
901 373 923 374 920 425 898 423 large-vehicle 0.3515
400 180 421 184 412 233 392 230 large-vehicle 0.3469
666 346 689 350 681 398 658 394 large-vehicle 0.3316
741 237 763 237 762 290 740 289 large-vehicle 0.2700
551 333 573 334 571 382 549 381 large-vehicle 0.2642
336 294 360 297 352 345 328 341 large-vehicle 0.2535
635 344 657 345 655 393 632 392 large-vehicle 0.2370
461 318 484 319 481 370 458 369 large-vehicle 0.1734
687 442 709 446 701 492 678 488 large-vehicle 0.1587
576 341 598 344 593 390 571 388 large-vehicle 0.1503
739 457 762 458 760 507 737 506 large-vehicle 0.1479
656 447 678 453 667 497 645 491 large-vehicle 0.1010
461 318 484 319 481 370 458 369 ship 0.1128
