935 240 929 221 967 210 973 229 small-vehicle 0.6659
893 277 888 258 927 248 932 267 small-vehicle 0.6524
902 109 897 90 939 79 944 98 small-vehicle 0.5926
944 260 939 241 976 230 982 248 small-vehicle 0.5779
928 218 923 199 962 188 968 207 small-vehicle 0.5587
903 304 898 285 939 274 944 294 small-vehicle 0.5512
67 820 62 802 99 791 104 809 small-vehicle 0.5290
169 455 190 453 194 498 173 500 small-vehicle 0.4876
55 776 50 757 89 745 95 764 small-vehicle 0.4781
51 751 47 731 93 721 97 742 small-vehicle 0.4689
44 730 40 711 82 702 85 722 small-vehicle 0.4493
951 303 947 283 987 275 991 295 small-vehicle 0.4315
916 148 911 130 948 121 952 139 small-vehicle 0.4283
1021 175 1016 154 1059 144 1064 165 small-vehicle 0.4272
1004 100 1000 81 1040 71 1045 90 small-vehicle 0.4227
948 279 944 260 983 251 987 270 small-vehicle 0.4217
910 128 905 109 944 101 948 120 small-vehicle 0.3653
350 596 345 575 392 564 397 584 small-vehicle 0.3600
143 439 163 439 163 484 144 484 small-vehicle 0.3332
867 471 885 464 903 507 885 514 small-vehicle 0.2859
451 326 477 320 494 395 467 401 small-vehicle 0.2857
417 338 442 331 462 402 437 409 small-vehicle 0.2509
941 429 968 421 992 499 966 508 small-vehicle 0.2467
858 510 879 503 894 547 873 554 small-vehicle 0.2265
71 842 76 820 118 829 113 851 small-vehicle 0.2173
996 417 1022 409 1044 486 1018 493 small-vehicle 0.2105
285 373 310 365 333 445 308 452 small-vehicle 0.2073
316 362 342 354 365 428 339 436 small-vehicle 0.2064
300 165 328 164 328 238 301 238 small-vehicle 0.1918
1069 396 1095 388 1119 467 1092 475 small-vehicle 0.1874
551 303 578 296 601 379 574 386 small-vehicle 0.1856
618 287 643 280 666 362 640 369 small-vehicle 0.1838
499 566 524 557 552 631 527 641 small-vehicle 0.1819
970 425 993 418 1016 489 992 496 small-vehicle 0.1794
4 516 21 515 25 558 8 559 small-vehicle 0.1787
819 523 842 515 860 571 837 579 small-vehicle 0.1741
227 384 252 377 271 449 246 455 small-vehicle 0.1727
350 354 376 347 398 429 373 436 small-vehicle 0.1695
650 279 675 271 702 356 677 364 small-vehicle 0.1656
1019 405 1044 397 1068 480 1044 487 small-vehicle 0.1655
681 271 707 264 729 348 703 354 small-vehicle 0.1651
87 451 109 443 124 491 102 498 small-vehicle 0.1556
533 561 559 553 582 635 555 642 small-vehicle 0.1523
-9 847 12 841 21 876 0 882 small-vehicle 0.1475
793 529 817 522 841 608 817 615 small-vehicle 0.1445
1098 393 1124 385 1144 451 1119 459 small-vehicle 0.1439
716 266 743 258 766 338 740 346 small-vehicle 0.1429
902 43 896 28 922 16 929 32 small-vehicle 0.1345
768 529 791 526 798 586 775 589 small-vehicle 0.1339
1046 399 1071 393 1093 471 1068 478 small-vehicle 0.1326
584 296 609 288 633 371 608 378 small-vehicle 0.1319
798 96 810 83 833 104 821 117 small-vehicle 0.1029
1021 158 1015 136 1059 124 1065 146 small-vehicle 0.1015
683 270 708 264 727 348 703 353 large-vehicle 0.8450
943 428 968 421 990 498 965 505 large-vehicle 0.8396
650 279 675 271 702 356 677 364 large-vehicle 0.8348
351 352 376 346 397 429 372 435 large-vehicle 0.8105
618 287 643 280 664 362 639 369 large-vehicle 0.8094
450 327 477 320 495 396 468 402 large-vehicle 0.8086
318 362 342 355 364 427 340 434 large-vehicle 0.7987
1021 405 1044 399 1067 479 1044 486 large-vehicle 0.7950
552 303 578 296 599 378 573 385 large-vehicle 0.7928
533 561 559 554 581 633 556 640 large-vehicle 0.7615
417 338 442 331 463 402 438 409 large-vehicle 0.7615
997 418 1021 411 1043 484 1018 491 large-vehicle 0.7614
1070 394 1095 387 1117 466 1092 473 large-vehicle 0.7539
718 265 743 258 765 338 741 345 large-vehicle 0.7498
501 565 525 557 549 630 526 638 large-vehicle 0.7372
286 372 311 365 333 445 308 451 large-vehicle 0.7335
586 294 610 288 632 370 607 377 large-vehicle 0.7141
970 425 993 418 1016 489 992 496 large-vehicle 0.6909
1047 400 1071 394 1092 472 1067 479 large-vehicle 0.6611
227 384 252 377 271 449 246 455 large-vehicle 0.5449
1098 393 1124 385 1144 451 1119 459 large-vehicle 0.4849
792 527 816 520 843 619 820 625 large-vehicle 0.4834
764 529 789 522 817 622 792 628 large-vehicle 0.4424
819 525 844 516 872 594 847 603 large-vehicle 0.3723
749 251 780 243 817 396 786 403 large-vehicle 0.3528
361 647 392 641 418 773 387 780 large-vehicle 0.2589
300 163 329 164 328 240 300 239 large-vehicle 0.2570
227 638 218 613 368 561 377 587 large-vehicle 0.2094
1148 120 1175 116 1191 227 1164 231 large-vehicle 0.2022
443 625 437 599 495 586 501 612 large-vehicle 0.1909
87 451 109 443 124 491 102 498 large-vehicle 0.1833
722 522 749 518 768 662 740 666 large-vehicle 0.1658
549 679 544 655 621 639 626 663 large-vehicle 0.1544
565 707 559 684 634 665 640 688 large-vehicle 0.1358
1021 175 1016 154 1059 144 1064 165 large-vehicle 0.1236
589 580 624 577 630 636 595 640 large-vehicle 0.1208
867 471 885 464 903 507 885 514 large-vehicle 0.1197
744 532 773 528 797 673 769 678 large-vehicle 0.1118
4 516 21 515 25 558 8 559 large-vehicle 0.1085
255 652 291 639 347 789 312 802 large-vehicle 0.1071
902 109 897 90 939 79 944 98 large-vehicle 0.1021
300 165 328 164 328 238 301 238 ship 0.1283
130 641 218 628 246 828 159 841 harbor 0.1415
231 622 307 604 354 796 278 815 harbor 0.1143
