974 568 983 570 981 587 972 586 small-vehicle 0.1206
951 677 952 669 968 669 968 677 small-vehicle 0.1167
1080 69 1083 62 1099 69 1096 76 small-vehicle 0.1167
1063 157 1063 149 1080 150 1079 157 small-vehicle 0.1154
1126 201 1131 195 1145 205 1140 212 small-vehicle 0.1142
1093 348 1098 344 1109 357 1104 361 small-vehicle 0.1142
1111 154 1115 149 1126 159 1121 164 small-vehicle 0.1135
1013 370 1015 361 1035 366 1033 375 small-vehicle 0.1113
1065 150 1066 142 1082 145 1081 152 small-vehicle 0.1078
1016 362 1017 353 1036 355 1035 363 small-vehicle 0.1074
1091 355 1096 350 1107 364 1101 368 small-vehicle 0.1054
1120 230 1121 223 1138 226 1136 234 small-vehicle 0.1039
1019 356 1019 347 1037 347 1037 356 small-vehicle 0.1034
1112 144 1113 137 1128 140 1127 146 small-vehicle 0.1004
1000 447 1000 440 1017 439 1018 446 small-vehicle 0.1000
502 617 513 545 902 603 891 674 ship 0.3140
256 30 265 -15 520 34 511 80 ship 0.3005
350 192 363 117 760 184 748 259 ship 0.2869
465 394 481 304 982 391 966 481 ship 0.2329
853 273 863 231 980 260 970 302 ship 0.2247
834 13 833 -6 896 -9 897 9 ship 0.1824
340 565 335 451 961 427 966 541 ship 0.1442
756 182 769 133 1030 200 1017 250 ship 0.1416
232 80 248 29 391 75 375 125 ship 0.1369
158 409 161 327 572 341 569 423 ship 0.1035
