84 330 109 329 114 405 89 406 ground-track-field 0.1543
32 556 47 561 36 596 21 592 small-vehicle 0.7126
374 559 390 563 381 597 365 593 small-vehicle 0.7076
9 556 25 560 15 596 0 591 small-vehicle 0.7053
107 553 123 557 114 594 99 591 small-vehicle 0.6974
128 558 143 562 132 599 117 595 small-vehicle 0.6766
275 561 291 566 281 598 265 594 small-vehicle 0.6745
319 509 336 515 323 554 306 548 small-vehicle 0.6465
53 554 68 558 61 592 46 588 small-vehicle 0.6418
299 560 314 563 306 597 291 593 small-vehicle 0.6128
156 550 172 555 161 594 145 590 small-vehicle 0.6081
79 558 94 562 85 595 70 591 small-vehicle 0.5827
77 649 91 638 115 669 100 680 small-vehicle 0.5204
476 794 476 778 510 779 510 795 small-vehicle 0.5104
29 650 45 642 62 675 46 683 small-vehicle 0.4774
124 497 142 502 130 545 112 541 small-vehicle 0.4679
509 513 526 518 516 557 498 552 small-vehicle 0.3967
325 642 344 632 367 676 349 686 small-vehicle 0.3552
422 635 438 627 453 660 437 667 small-vehicle 0.3471
479 770 476 754 508 748 511 764 small-vehicle 0.3408
54 639 71 633 83 669 67 675 small-vehicle 0.3393
611 708 628 707 631 739 614 740 small-vehicle 0.2044
629 613 643 612 646 644 632 645 small-vehicle 0.1878
325 642 344 631 368 675 349 685 large-vehicle 0.4554
319 509 336 515 323 554 306 548 large-vehicle 0.2643
124 497 142 502 130 545 112 541 large-vehicle 0.2233
29 650 45 642 62 675 46 683 large-vehicle 0.2034
77 649 91 638 115 669 100 680 large-vehicle 0.1674
510 507 528 512 517 557 499 552 large-vehicle 0.1643
156 550 172 555 161 594 145 590 large-vehicle 0.1523
54 639 71 633 83 669 67 675 large-vehicle 0.1486
589 288 612 288 611 404 588 404 large-vehicle 0.1379
275 561 291 566 281 598 265 594 large-vehicle 0.1352
128 558 143 562 132 599 117 595 large-vehicle 0.1267
107 553 123 557 114 594 99 591 large-vehicle 0.1203
374 559 390 563 381 597 365 593 large-vehicle 0.1159
32 556 47 561 36 596 21 592 large-vehicle 0.1159
9 556 25 560 15 596 0 591 large-vehicle 0.1142
79 558 94 562 85 595 70 591 large-vehicle 0.1012
218 320 240 319 242 397 219 397 ship 0.9286
85 329 109 328 113 403 89 405 ship 0.9078
474 314 505 313 506 416 475 417 ship 0.9064
19 304 43 305 37 388 13 386 ship 0.9015
261 308 293 307 296 408 264 409 ship 0.8975
172 316 194 315 197 390 175 391 ship 0.8649
353 311 387 310 391 411 356 412 ship 0.8580
439 334 462 334 463 395 440 396 ship 0.8259
44 310 67 311 63 393 40 392 ship 0.8111
673 565 727 564 732 766 678 767 ship 0.6277
149 320 170 319 173 415 152 416 ship 0.3655
331 321 353 321 354 407 333 407 ship 0.3435
417 319 438 319 437 420 416 420 ship 0.2980
511 325 533 324 536 415 514 415 ship 0.1543
69 318 89 320 83 391 63 389 ship 0.1427
510 507 528 512 517 557 499 552 ship 0.1360
313 321 337 321 334 407 311 406 ship 0.1084
608 289 685 291 680 557 602 555 harbor 0.3482
168 313 195 312 197 409 169 410 harbor 0.3387
147 320 168 318 175 415 154 416 harbor 0.3274
416 321 437 321 437 416 415 416 harbor 0.2988
417 326 486 297 530 401 461 430 harbor 0.2931
511 325 533 324 536 415 514 415 harbor 0.2457
17 306 42 306 40 392 15 391 harbor 0.2135
82 326 109 325 112 408 86 409 harbor 0.1956
331 316 354 316 354 412 331 412 harbor 0.1859
217 319 244 319 246 403 219 403 harbor 0.1821
591 282 614 283 610 413 586 412 harbor 0.1783
47 310 74 311 68 401 42 400 harbor 0.1679
686 563 741 567 728 753 674 750 harbor 0.1168
260 309 293 307 297 409 265 410 harbor 0.1155
27 437 21 336 409 314 415 415 harbor 0.1071
474 314 505 313 506 416 475 417 helicopter 0.1200
