1005 473 999 450 1116 420 1122 443 bridge 0.1038
1501 192 1496 171 1539 161 1544 182 small-vehicle 0.2239
1577 242 1576 221 1617 220 1618 241 small-vehicle 0.2073
437 889 456 897 437 940 418 931 small-vehicle 0.2070
1568 192 1565 171 1606 164 1609 186 small-vehicle 0.2058
1543 96 1545 75 1589 79 1587 100 small-vehicle 0.1985
709 473 703 454 741 442 747 460 small-vehicle 0.1936
546 932 540 913 578 902 584 920 small-vehicle 0.1928
554 948 548 929 582 917 588 936 small-vehicle 0.1917
880 360 876 340 917 332 920 352 small-vehicle 0.1916
1543 114 1549 93 1591 105 1586 125 small-vehicle 0.1907
1479 107 1475 88 1515 80 1519 98 small-vehicle 0.1904
461 915 483 920 475 955 453 950 small-vehicle 0.1900
1247 40 1268 37 1275 83 1253 86 small-vehicle 0.1880
1610 604 1638 597 1659 676 1631 684 small-vehicle 0.1863
532 854 526 836 562 823 568 841 small-vehicle 0.1846
1191 384 1190 361 1231 360 1232 383 small-vehicle 0.1835
1490 154 1485 134 1527 122 1533 143 small-vehicle 0.1833
1051 76 1047 59 1085 49 1089 66 small-vehicle 0.1830
985 186 982 165 1022 160 1024 181 small-vehicle 0.1824
1143 402 1141 382 1178 377 1181 397 small-vehicle 0.1821
1868 170 1863 151 1902 142 1907 161 small-vehicle 0.1819
962 123 958 103 1001 95 1005 115 small-vehicle 0.1801
1733 216 1731 197 1768 193 1770 212 small-vehicle 0.1782
1537 65 1534 46 1578 40 1580 59 small-vehicle 0.1776
1845 67 1843 47 1883 43 1885 62 small-vehicle 0.1757
1476 89 1473 71 1514 65 1517 83 small-vehicle 0.1754
1527 249 1522 229 1561 219 1566 239 small-vehicle 0.1745
1322 203 1316 183 1356 171 1362 192 small-vehicle 0.1736
1111 340 1107 323 1143 313 1148 330 small-vehicle 0.1726
1757 101 1752 82 1790 73 1795 92 small-vehicle 0.1716
1067 151 1062 133 1101 122 1106 140 small-vehicle 0.1702
693 416 686 396 724 382 732 402 small-vehicle 0.1694
996 245 992 227 1030 219 1034 237 small-vehicle 0.1685
1711 123 1710 103 1749 101 1750 121 small-vehicle 0.1653
853 216 850 194 889 189 892 211 small-vehicle 0.1651
1291 91 1290 71 1328 68 1330 88 small-vehicle 0.1634
1470 55 1468 38 1509 34 1510 52 small-vehicle 0.1631
1002 274 997 255 1035 244 1040 263 small-vehicle 0.1621
1370 174 1364 154 1404 142 1410 161 small-vehicle 0.1619
1374 237 1379 216 1420 226 1415 247 small-vehicle 0.1608
1083 204 1076 187 1110 173 1117 190 small-vehicle 0.1602
1087 540 1106 528 1132 571 1113 582 small-vehicle 0.1601
1077 186 1071 168 1107 156 1113 174 small-vehicle 0.1596
1698 68 1696 50 1733 45 1735 64 small-vehicle 0.1589
1105 323 1103 305 1141 300 1144 318 small-vehicle 0.1578
809 230 806 209 845 205 848 225 small-vehicle 0.1560
1150 124 1146 105 1185 96 1189 115 small-vehicle 0.1560
1055 102 1052 84 1091 76 1095 94 small-vehicle 0.1553
1010 323 1006 303 1046 296 1050 315 small-vehicle 0.1541
1190 289 1185 269 1223 259 1228 279 small-vehicle 0.1535
316 265 340 263 345 331 322 333 small-vehicle 0.1529
434 130 444 104 492 121 483 148 small-vehicle 0.1526
1780 188 1778 170 1817 165 1819 184 small-vehicle 0.1524
1727 197 1726 179 1765 176 1766 195 small-vehicle 0.1523
1706 103 1705 83 1745 80 1747 101 small-vehicle 0.1507
1190 318 1189 297 1228 295 1229 316 small-vehicle 0.1503
662 264 656 244 693 233 699 253 small-vehicle 0.1497
537 888 532 869 571 857 577 876 small-vehicle 0.1496
1178 863 1198 860 1204 902 1184 905 small-vehicle 0.1495
822 412 844 409 851 463 830 466 small-vehicle 0.1494
392 277 418 271 435 345 410 351 small-vehicle 0.1483
1058 553 1077 542 1104 584 1086 596 small-vehicle 0.1483
783 117 779 97 816 90 820 110 small-vehicle 0.1476
1383 294 1379 274 1416 265 1421 285 small-vehicle 0.1474
1880 217 1878 197 1919 193 1921 213 small-vehicle 0.1440
1189 88 1188 67 1229 64 1230 85 small-vehicle 0.1437
1346 81 1342 63 1379 54 1383 72 small-vehicle 0.1436
877 342 874 322 914 314 918 334 small-vehicle 0.1418
1059 916 1077 912 1084 946 1065 949 small-vehicle 0.1409
1138 78 1135 60 1172 55 1175 73 small-vehicle 0.1405
1047 60 1043 42 1080 34 1084 51 small-vehicle 0.1403
1770 164 1769 145 1809 143 1810 163 small-vehicle 0.1400
991 220 986 202 1024 192 1029 211 small-vehicle 0.1389
1859 123 1855 104 1894 95 1898 114 small-vehicle 0.1388
696 432 690 412 730 400 736 421 small-vehicle 0.1380
869 309 865 289 904 280 909 300 small-vehicle 0.1373
1122 663 1139 659 1149 700 1132 704 small-vehicle 0.1371
804 200 802 179 842 175 844 195 small-vehicle 0.1365
1003 292 999 273 1040 264 1045 284 small-vehicle 0.1363
1760 119 1756 100 1793 91 1797 111 small-vehicle 0.1357
844 174 840 154 878 146 882 166 small-vehicle 0.1357
1311 154 1306 134 1345 125 1350 144 small-vehicle 0.1351
1700 88 1697 69 1734 62 1738 81 small-vehicle 0.1349
1375 206 1372 185 1412 181 1414 202 small-vehicle 0.1349
703 454 697 434 736 423 742 442 small-vehicle 0.1348
1202 152 1197 133 1236 124 1240 143 small-vehicle 0.1344
1019 358 1016 338 1056 331 1059 351 small-vehicle 0.1337
1253 897 1273 894 1280 936 1261 940 small-vehicle 0.1330
1060 120 1055 101 1093 91 1098 110 small-vehicle 0.1326
862 261 858 241 897 233 901 253 small-vehicle 0.1324
1177 52 1174 32 1211 25 1215 45 small-vehicle 0.1324
1341 61 1338 42 1375 36 1378 55 small-vehicle 0.1318
1086 230 1081 211 1120 200 1125 219 small-vehicle 0.1312
816 250 811 229 848 222 852 243 small-vehicle 0.1306
1328 846 1347 844 1352 877 1333 879 small-vehicle 0.1300
1765 146 1763 126 1802 121 1805 141 small-vehicle 0.1299
1851 90 1848 71 1887 65 1890 84 small-vehicle 0.1298
810 40 808 20 847 15 849 35 small-vehicle 0.1294
1094 649 1111 646 1119 691 1101 694 small-vehicle 0.1286
1288 51 1292 31 1331 39 1327 58 small-vehicle 0.1283
1360 136 1354 116 1393 106 1398 125 small-vehicle 0.1283
1416 445 1444 439 1464 527 1436 533 small-vehicle 0.1279
525 825 521 807 559 798 564 816 small-vehicle 0.1279
961 74 960 56 998 55 999 73 small-vehicle 0.1272
1439 936 1457 935 1458 970 1440 971 small-vehicle 0.1259
1089 245 1085 226 1124 217 1128 237 small-vehicle 0.1246
1745 63 1744 45 1779 43 1780 61 small-vehicle 0.1241
1371 453 1400 445 1423 530 1394 538 small-vehicle 0.1236
1150 872 1169 867 1179 907 1160 912 small-vehicle 0.1233
536 870 530 851 566 838 573 856 small-vehicle 0.1232
1230 311 1228 289 1270 286 1272 308 small-vehicle 0.1227
1754 82 1749 64 1785 54 1790 72 small-vehicle 0.1220
1305 123 1300 104 1339 94 1343 113 small-vehicle 0.1217
1364 153 1358 133 1398 122 1404 142 small-vehicle 0.1207
1506 209 1500 190 1540 177 1546 197 small-vehicle 0.1204
1876 202 1872 181 1913 172 1917 193 small-vehicle 0.1202
645 918 664 918 664 946 646 946 small-vehicle 0.1197
1544 619 1569 613 1590 694 1564 700 small-vehicle 0.1196
273 261 301 257 311 329 283 333 small-vehicle 0.1196
1337 289 1334 270 1372 265 1375 284 small-vehicle 0.1191
1031 559 1048 553 1061 591 1044 597 small-vehicle 0.1189
45 159 66 150 79 183 58 191 small-vehicle 0.1187
792 153 787 133 825 124 830 143 small-vehicle 0.1178
1438 649 1463 642 1485 721 1460 728 small-vehicle 0.1170
494 720 502 699 542 716 534 736 small-vehicle 0.1157
1578 614 1604 607 1623 689 1597 695 small-vehicle 0.1156
1482 133 1475 113 1515 100 1521 120 small-vehicle 0.1143
450 174 446 151 491 144 494 167 small-vehicle 0.1114
1133 62 1131 43 1168 38 1171 57 small-vehicle 0.1109
1018 341 1012 321 1051 311 1056 330 small-vehicle 0.1109
1092 261 1088 242 1126 233 1130 251 small-vehicle 0.1100
1350 102 1346 83 1384 75 1389 94 small-vehicle 0.1091
1949 786 1972 781 1984 832 1961 837 small-vehicle 0.1082
820 72 819 53 859 51 860 70 small-vehicle 0.1078
1576 217 1573 197 1613 191 1616 211 small-vehicle 0.1067
1723 169 1720 150 1759 144 1762 163 small-vehicle 0.1054
1334 263 1333 244 1372 244 1372 262 small-vehicle 0.1037
1175 226 1172 208 1210 199 1214 218 small-vehicle 0.1027
1057 661 1075 657 1084 700 1067 704 small-vehicle 0.1024
356 221 372 224 366 260 350 257 small-vehicle 0.1022
518 789 513 771 550 761 555 779 small-vehicle 0.1022
1372 221 1374 200 1411 204 1409 225 small-vehicle 0.1016
1099 281 1093 263 1131 251 1137 269 small-vehicle 0.1013
1078 657 1096 655 1102 696 1084 699 small-vehicle 0.1011
725 748 753 742 770 823 742 829 small-vehicle 0.1007
537 916 530 899 567 883 574 901 small-vehicle 0.1002
834 136 831 116 871 110 874 130 small-vehicle 0.1001
1372 454 1398 447 1421 533 1395 540 large-vehicle 0.4603
1554 409 1577 403 1598 491 1575 496 large-vehicle 0.4581
1531 412 1554 408 1571 495 1548 499 large-vehicle 0.4541
1486 426 1511 421 1531 510 1505 515 large-vehicle 0.4362
1416 445 1444 439 1464 527 1436 533 large-vehicle 0.4284
1321 476 1348 466 1377 550 1350 559 large-vehicle 0.3953
1405 659 1430 652 1451 731 1426 738 large-vehicle 0.3769
1578 614 1604 607 1623 689 1597 695 large-vehicle 0.3477
1438 649 1463 642 1485 721 1460 728 large-vehicle 0.3474
1544 619 1569 613 1590 694 1564 700 large-vehicle 0.3388
1512 629 1537 624 1556 706 1530 712 large-vehicle 0.3309
1264 487 1289 482 1306 573 1282 578 large-vehicle 0.3224
727 749 755 744 769 826 742 831 large-vehicle 0.3035
1371 665 1396 659 1416 738 1391 744 large-vehicle 0.2950
667 761 694 756 712 845 685 850 large-vehicle 0.2697
635 769 661 764 678 853 653 858 large-vehicle 0.2612
777 734 802 730 818 816 793 820 large-vehicle 0.2535
1610 604 1638 597 1659 676 1631 684 large-vehicle 0.2534
1292 488 1317 480 1344 566 1319 573 large-vehicle 0.2349
811 727 835 723 850 804 825 809 large-vehicle 0.2335
835 702 861 696 886 798 860 804 large-vehicle 0.2304
392 277 418 271 435 345 410 351 large-vehicle 0.2288
1475 641 1501 635 1520 715 1494 721 large-vehicle 0.2232
79 832 71 809 231 756 239 780 large-vehicle 0.2184
627 106 650 101 673 216 650 221 large-vehicle 0.2094
1337 674 1362 668 1381 750 1356 756 large-vehicle 0.1957
431 252 458 245 482 340 455 346 large-vehicle 0.1892
275 702 301 695 341 841 315 848 large-vehicle 0.1847
697 759 723 753 741 833 714 839 large-vehicle 0.1764
273 258 301 254 314 342 286 346 large-vehicle 0.1758
316 265 340 263 345 331 322 333 large-vehicle 0.1758
1005 473 999 450 1116 420 1122 443 large-vehicle 0.1655
92 786 87 764 231 729 236 751 large-vehicle 0.1557
245 264 271 259 289 353 262 358 large-vehicle 0.1317
293 592 287 571 406 537 412 558 large-vehicle 0.1171
1458 441 1482 436 1500 517 1476 522 large-vehicle 0.1163
65 210 129 210 129 278 65 278 storage-tank 0.1083
