379 760 396 769 379 803 362 795 plane 0.1214
904 568 907 529 1485 579 1481 618 bridge 0.1787
860 891 863 853 1440 896 1437 934 bridge 0.1556
927 254 931 215 1512 273 1508 312 bridge 0.1423
589 1275 598 1264 646 1299 637 1311 bridge 0.1407
935 1326 938 1236 1079 1242 1075 1332 ground-track-field 0.1530
912 1155 926 1054 1133 1084 1118 1186 ground-track-field 0.1367
551 486 564 489 558 522 544 519 small-vehicle 0.1425
458 1120 463 1111 484 1123 479 1132 small-vehicle 0.1403
469 1104 473 1094 497 1105 492 1115 small-vehicle 0.1378
196 1141 200 1128 232 1138 228 1151 small-vehicle 0.1364
719 165 732 167 725 200 713 198 small-vehicle 0.1350
791 128 791 115 825 115 825 128 small-vehicle 0.1334
464 1217 469 1207 495 1220 490 1230 small-vehicle 0.1331
717 980 715 967 749 962 751 975 small-vehicle 0.1323
381 1113 386 1104 408 1116 403 1125 small-vehicle 0.1314
585 490 597 493 590 522 578 520 small-vehicle 0.1306
327 1185 332 1173 364 1186 359 1198 small-vehicle 0.1305
71 1198 78 1184 112 1200 105 1214 small-vehicle 0.1302
706 165 718 167 711 199 699 196 small-vehicle 0.1300
443 1125 449 1117 469 1131 463 1140 small-vehicle 0.1298
624 490 635 492 631 525 619 523 small-vehicle 0.1287
536 478 549 479 544 518 531 517 small-vehicle 0.1284
430 1178 432 1167 458 1172 456 1183 small-vehicle 0.1268
862 96 862 86 885 86 885 96 small-vehicle 0.1256
677 83 683 73 705 88 699 97 small-vehicle 0.1250
523 1150 529 1141 551 1156 545 1165 small-vehicle 0.1246
803 80 803 69 829 70 829 81 small-vehicle 0.1240
174 1017 179 1008 202 1022 196 1031 small-vehicle 0.1240
358 1319 371 1321 366 1348 353 1346 small-vehicle 0.1238
601 492 612 495 605 524 594 521 small-vehicle 0.1232
524 476 537 478 531 518 518 516 small-vehicle 0.1206
688 163 700 166 694 197 682 194 small-vehicle 0.1183
862 107 861 97 883 96 883 105 small-vehicle 0.1174
843 189 851 182 868 204 859 211 small-vehicle 0.1160
465 1113 469 1104 488 1112 484 1121 small-vehicle 0.1157
799 255 810 258 803 286 793 283 small-vehicle 0.1153
804 69 805 59 829 60 828 70 small-vehicle 0.1139
810 26 811 15 836 18 835 29 small-vehicle 0.1138
477 1208 483 1200 505 1215 499 1223 small-vehicle 0.1136
862 81 863 71 885 73 884 83 small-vehicle 0.1134
622 117 625 108 648 113 645 123 small-vehicle 0.1133
344 1316 356 1320 349 1345 338 1342 small-vehicle 0.1132
16 1044 28 1035 45 1058 34 1067 small-vehicle 0.1121
80 1128 87 1116 112 1130 105 1142 small-vehicle 0.1118
332 1315 344 1318 339 1342 327 1340 small-vehicle 0.1100
794 116 793 105 823 104 823 114 small-vehicle 0.1100
813 257 824 261 814 289 804 285 small-vehicle 0.1099
799 91 799 80 825 79 826 90 small-vehicle 0.1097
435 1160 438 1151 459 1158 456 1167 small-vehicle 0.1095
490 471 502 473 497 511 485 510 small-vehicle 0.1091
826 260 836 263 828 291 818 288 small-vehicle 0.1089
430 1167 433 1158 454 1165 451 1174 small-vehicle 0.1088
732 169 743 172 736 198 725 195 small-vehicle 0.1086
508 473 521 476 513 515 501 513 small-vehicle 0.1075
38 1256 46 1241 87 1262 78 1278 small-vehicle 0.1071
804 45 804 35 828 36 827 46 small-vehicle 0.1070
721 247 732 250 724 279 713 276 small-vehicle 0.1064
676 96 682 88 699 100 693 108 small-vehicle 0.1059
478 470 489 472 485 508 474 506 small-vehicle 0.1055
418 1181 422 1172 442 1182 437 1191 small-vehicle 0.1054
775 401 775 388 804 387 804 400 small-vehicle 0.1042
430 1140 435 1131 453 1141 448 1150 small-vehicle 0.1041
770 387 769 375 798 373 799 385 small-vehicle 0.1040
396 210 397 200 417 202 416 212 small-vehicle 0.1038
706 246 717 249 709 277 698 274 small-vehicle 0.1037
99 133 99 123 118 123 118 133 small-vehicle 0.1036
712 1040 712 1029 738 1031 738 1042 small-vehicle 0.1035
589 1185 603 1189 594 1220 580 1216 small-vehicle 0.1028
772 1097 773 1086 800 1088 799 1099 small-vehicle 0.1023
727 116 731 105 757 113 754 124 small-vehicle 0.1010
1 1076 10 1066 31 1086 22 1096 small-vehicle 0.1008
506 1155 511 1145 532 1156 527 1166 small-vehicle 0.1008
563 500 574 502 571 524 560 523 small-vehicle 0.1003
504 1167 509 1158 529 1170 524 1178 small-vehicle 0.1000
339 949 347 934 413 969 405 985 large-vehicle 0.1466
38 1256 46 1241 87 1262 78 1278 large-vehicle 0.1445
331 964 338 951 395 981 388 994 large-vehicle 0.1190
277 701 299 711 273 765 251 754 large-vehicle 0.1106
621 1193 627 1182 668 1203 662 1214 large-vehicle 0.1063
617 1205 621 1194 666 1213 661 1224 large-vehicle 0.1058
605 1218 611 1205 654 1225 649 1237 large-vehicle 0.1012
891 1174 904 1056 1314 1101 1302 1218 ship 0.6361
901 1336 908 1223 1332 1250 1324 1363 ship 0.5833
983 74 993 -9 1489 51 1479 135 ship 0.4145
395 1592 428 1535 613 1643 580 1700 ship 0.2351
-2 1797 9 1791 24 1825 12 1830 ship 0.2242
316 1492 332 1465 422 1517 407 1544 ship 0.2068
1448 130 1449 70 1605 74 1603 135 ship 0.1758
589 1275 598 1264 646 1299 637 1311 ship 0.1636
1011 30 1027 27 1034 57 1018 60 ship 0.1564
578 1290 586 1277 649 1316 640 1330 ship 0.1385
397 1578 406 1573 417 1596 408 1600 ship 0.1297
917 1306 926 1299 943 1318 934 1326 ship 0.1173
409 1593 418 1591 424 1616 415 1618 ship 0.1038
287 1517 296 1511 314 1544 304 1550 ship 0.1025
735 1293 742 1289 752 1307 744 1311 ship 0.1007
932 1286 976 1215 1070 1274 1026 1345 basketball-court 0.2874
896 1112 961 1046 1039 1123 974 1189 basketball-court 0.2468
962 1180 973 1068 1294 1101 1283 1212 storage-tank 0.1374
900 1110 962 1046 1042 1124 981 1188 soccer-ball-field 0.1247
935 1279 981 1214 1074 1280 1027 1345 soccer-ball-field 0.1066
1561 45 1568 1 1750 29 1743 73 harbor 0.2131
277 1529 320 1463 618 1655 575 1722 harbor 0.1995
1070 900 1075 859 1616 930 1611 971 harbor 0.1844
1054 607 1056 557 1641 587 1639 637 harbor 0.1821
1457 303 1461 268 1673 294 1669 329 harbor 0.1759
1485 616 1488 596 1628 615 1625 635 harbor 0.1684
287 1517 296 1511 314 1544 304 1550 harbor 0.1595
922 371 918 231 1667 206 1672 346 harbor 0.1472
1008 104 1012 8 1584 35 1579 130 harbor 0.1217
920 1280 933 1277 941 1315 928 1318 harbor 0.1211
316 1492 332 1465 422 1517 407 1544 harbor 0.1123
1511 931 1520 905 1607 934 1598 960 harbor 0.1120
-53 1746 -29 1699 82 1756 58 1803 harbor 0.1116
935 1326 938 1236 1079 1242 1075 1332 swimming-pool 0.1488
905 1175 916 1060 1251 1092 1240 1207 swimming-pool 0.1394
377 33 374 -1 444 -8 447 26 swimming-pool 0.1122
