857 699 851 681 890 668 896 687 small-vehicle 0.6210
56 158 51 139 94 128 99 148 small-vehicle 0.6160
82 234 76 215 114 202 120 221 small-vehicle 0.5945
171 685 189 694 171 733 153 725 small-vehicle 0.5657
468 657 481 643 512 671 499 685 small-vehicle 0.5605
23 744 40 757 15 792 -1 779 small-vehicle 0.5580
255 410 276 403 292 450 271 457 small-vehicle 0.5560
60 777 76 790 50 820 35 807 small-vehicle 0.5463
45 112 40 93 80 81 85 100 small-vehicle 0.5335
1042 299 1063 298 1064 342 1044 343 small-vehicle 0.5067
866 724 861 706 900 695 905 714 small-vehicle 0.5003
486 334 504 330 513 371 495 375 small-vehicle 0.4960
460 307 452 289 488 274 495 292 small-vehicle 0.4924
132 367 125 347 171 332 178 353 small-vehicle 0.4751
51 137 45 118 85 105 91 124 small-vehicle 0.4740
831 763 826 742 870 732 875 754 small-vehicle 0.4610
504 330 523 326 532 369 513 373 small-vehicle 0.4549
463 336 483 331 494 377 474 382 small-vehicle 0.4528
91 275 86 256 125 246 130 265 small-vehicle 0.4507
124 731 112 715 144 692 156 708 small-vehicle 0.4393
792 941 806 926 836 953 822 968 small-vehicle 0.4323
73 213 68 195 106 183 112 201 small-vehicle 0.4305
534 326 553 322 562 365 542 369 small-vehicle 0.4234
1001 661 997 641 1037 633 1041 654 small-vehicle 0.3996
669 396 663 378 696 367 702 385 small-vehicle 0.3990
944 471 940 451 980 444 984 464 small-vehicle 0.3827
236 414 255 409 267 452 248 457 small-vehicle 0.3565
591 74 617 67 635 125 609 133 small-vehicle 0.3451
968 917 962 897 1010 882 1016 902 small-vehicle 0.3417
549 304 572 298 589 361 566 367 small-vehicle 0.3413
291 389 316 382 334 446 308 453 small-vehicle 0.3125
821 648 815 624 882 607 888 631 small-vehicle 0.3056
761 541 756 520 795 510 800 530 small-vehicle 0.2866
151 387 143 365 187 349 195 370 small-vehicle 0.2431
387 362 411 355 429 414 406 421 small-vehicle 0.2381
412 354 435 345 458 405 435 414 small-vehicle 0.2375
1018 147 1014 128 1054 120 1058 139 small-vehicle 0.2326
608 277 633 270 651 333 627 341 small-vehicle 0.2262
470 231 488 227 497 263 479 268 small-vehicle 0.2069
1120 161 1116 142 1162 133 1166 152 small-vehicle 0.2064
1004 958 997 939 1048 920 1056 939 small-vehicle 0.2028
733 462 724 442 766 424 774 444 small-vehicle 0.1923
352 350 376 340 409 424 385 434 small-vehicle 0.1912
1049 968 1050 949 1085 950 1084 969 small-vehicle 0.1802
983 942 975 919 1054 890 1062 912 small-vehicle 0.1713
969 890 962 868 1029 846 1036 868 small-vehicle 0.1489
434 269 428 248 468 237 474 257 small-vehicle 0.1489
1009 137 1002 118 1051 100 1058 118 small-vehicle 0.1485
444 334 465 331 473 380 452 384 small-vehicle 0.1433
709 386 704 366 748 356 753 376 small-vehicle 0.1283
956 868 949 846 1026 820 1033 842 small-vehicle 0.1241
717 880 733 862 772 899 755 916 small-vehicle 0.1232
0 735 19 740 9 779 -9 774 small-vehicle 0.1194
81 250 77 231 118 223 122 242 small-vehicle 0.1122
851 828 842 807 891 788 899 809 small-vehicle 0.1104
1135 212 1128 194 1165 177 1173 195 small-vehicle 0.1101
742 858 759 840 812 891 795 908 small-vehicle 0.1081
577 310 598 305 610 354 589 359 small-vehicle 0.1074
969 890 962 868 1029 846 1036 868 large-vehicle 0.7548
980 941 973 918 1055 890 1062 912 large-vehicle 0.7436
929 837 922 812 1009 786 1017 811 large-vehicle 0.7283
291 389 316 382 334 446 308 453 large-vehicle 0.7239
353 350 377 342 408 422 384 431 large-vehicle 0.7095
956 868 949 846 1026 820 1033 842 large-vehicle 0.7034
387 362 411 355 429 414 406 421 large-vehicle 0.6323
634 201 659 192 693 282 667 291 large-vehicle 0.5447
412 354 435 345 458 405 435 414 large-vehicle 0.5355
511 538 534 523 588 605 565 620 large-vehicle 0.5245
223 305 213 279 300 247 309 273 large-vehicle 0.4993
742 858 759 840 812 891 795 908 large-vehicle 0.4953
717 880 736 861 798 922 780 941 large-vehicle 0.4841
591 74 617 67 635 125 609 133 large-vehicle 0.4703
255 410 276 403 292 450 271 457 large-vehicle 0.4448
427 472 448 456 499 527 478 542 large-vehicle 0.4181
451 453 472 437 532 515 511 531 large-vehicle 0.4142
548 302 571 295 589 360 566 367 large-vehicle 0.4107
820 648 814 624 882 607 888 632 large-vehicle 0.3890
720 389 712 363 876 307 885 332 large-vehicle 0.3739
764 499 756 474 916 421 924 446 large-vehicle 0.3436
608 277 633 269 652 333 627 341 large-vehicle 0.3387
780 574 770 550 931 482 942 507 large-vehicle 0.2987
484 555 505 540 560 613 539 629 large-vehicle 0.2976
758 463 748 438 903 377 912 402 large-vehicle 0.2974
858 768 849 744 994 686 1004 710 large-vehicle 0.2927
735 422 727 397 891 344 899 369 large-vehicle 0.2870
463 334 484 330 493 378 473 382 large-vehicle 0.2866
897 810 890 786 1018 745 1026 768 large-vehicle 0.2842
972 918 964 896 1029 871 1037 893 large-vehicle 0.2833
766 549 758 524 933 466 941 490 large-vehicle 0.2791
796 622 788 597 953 542 961 567 large-vehicle 0.2698
778 602 770 577 951 525 958 549 large-vehicle 0.2466
129 368 123 348 170 334 177 355 large-vehicle 0.1889
1003 959 996 937 1061 918 1067 940 large-vehicle 0.1587
468 657 481 643 512 671 499 685 large-vehicle 0.1545
486 334 504 330 513 371 495 375 large-vehicle 0.1383
236 411 255 406 267 450 248 456 large-vehicle 0.1370
1020 769 1050 758 1095 880 1065 891 large-vehicle 0.1331
866 724 861 706 900 695 905 714 large-vehicle 0.1305
853 830 843 807 900 783 910 806 large-vehicle 0.1285
56 158 51 139 94 128 99 148 large-vehicle 0.1219
534 326 553 322 562 365 542 369 large-vehicle 0.1214
1120 161 1116 142 1162 133 1166 152 large-vehicle 0.1103
846 811 836 785 1006 719 1016 745 large-vehicle 0.1101
1042 299 1063 298 1064 342 1044 343 large-vehicle 0.1095
60 777 76 790 50 820 35 807 large-vehicle 0.1083
742 523 736 499 932 451 938 475 large-vehicle 0.1060
857 699 851 681 890 668 896 687 large-vehicle 0.1051
794 465 786 441 915 402 922 426 large-vehicle 0.1032
