190 261 199 266 187 291 178 286 small-vehicle 0.1100
152 592 162 594 158 612 148 609 small-vehicle 0.1014
22 186 24 178 61 186 59 194 large-vehicle 0.2502
444 558 531 579 485 762 398 740 tennis-court 0.9958
248 161 334 183 287 365 201 343 tennis-court 0.9940
209 495 295 519 245 699 159 675 tennis-court 0.9938
356 190 443 212 397 396 309 374 tennis-court 0.9936
467 221 550 241 507 420 425 401 tennis-court 0.9934
577 252 659 272 616 450 534 430 tennis-court 0.9921
325 531 407 551 365 727 282 708 tennis-court 0.9910
