45 156 43 138 85 134 87 153 small-vehicle 0.6487
45 220 45 201 86 202 85 221 small-vehicle 0.5342
47 198 47 180 87 180 87 198 small-vehicle 0.3791
43 176 42 157 87 155 88 174 small-vehicle 0.1218
45 156 43 138 85 134 87 153 large-vehicle 0.1031
469 315 553 348 482 528 398 494 tennis-court 0.9723
765 753 848 787 776 965 693 931 tennis-court 0.9703
775 441 862 476 789 657 701 622 tennis-court 0.9695
358 581 443 617 369 794 284 759 tennis-court 0.9651
877 487 960 522 886 698 804 664 tennis-court 0.9643
568 356 655 389 587 572 499 539 tennis-court 0.9636
559 668 644 702 573 881 489 847 tennis-court 0.9630
673 400 758 435 684 614 600 580 tennis-court 0.9619
254 538 339 571 268 752 183 718 tennis-court 0.9569
365 272 450 305 382 486 296 454 tennis-court 0.9548
659 709 745 742 675 923 589 890 tennis-court 0.9532
459 624 543 658 471 838 387 804 tennis-court 0.9516
