547 691 534 672 571 646 584 664 small-vehicle 0.4706
821 592 834 568 880 592 868 616 small-vehicle 0.4569
836 563 846 540 894 562 884 585 small-vehicle 0.4389
499 664 486 643 528 618 541 639 small-vehicle 0.4363
449 623 449 598 495 599 495 623 small-vehicle 0.4312
586 719 572 701 606 674 620 691 small-vehicle 0.4188
324 531 310 513 346 485 359 503 small-vehicle 0.3793
526 676 511 656 551 626 566 646 small-vehicle 0.3792
606 735 595 716 631 694 643 712 small-vehicle 0.3752
459 512 470 493 505 514 494 532 small-vehicle 0.3666
1086 332 1074 306 1133 281 1144 306 small-vehicle 0.3226
343 547 332 529 368 506 379 524 small-vehicle 0.3201
385 572 375 555 412 535 421 552 small-vehicle 0.3168
435 621 420 601 462 571 476 591 small-vehicle 0.3049
420 602 404 581 445 549 462 570 small-vehicle 0.2732
382 454 393 439 424 464 413 478 small-vehicle 0.2657
907 474 915 454 950 467 942 488 small-vehicle 0.2566
868 516 878 493 925 512 916 535 small-vehicle 0.2225
1165 573 1186 581 1172 623 1150 615 small-vehicle 0.1934
85 98 96 72 175 104 164 130 small-vehicle 0.1925
193 153 212 166 183 208 163 195 small-vehicle 0.1747
471 644 466 621 514 611 518 635 small-vehicle 0.1743
302 539 322 548 291 614 271 604 small-vehicle 0.1578
9 167 23 153 50 180 36 194 small-vehicle 0.1393
278 521 298 529 268 601 248 593 small-vehicle 0.1385
109 175 120 162 151 188 140 201 small-vehicle 0.1087
85 99 95 73 173 103 162 130 large-vehicle 0.5560
302 539 322 548 291 614 271 604 large-vehicle 0.5411
278 521 298 529 268 601 248 593 large-vehicle 0.5045
973 464 987 439 1092 499 1078 524 large-vehicle 0.4395
593 740 616 751 568 852 546 842 large-vehicle 0.3824
1051 388 1039 361 1143 316 1155 343 large-vehicle 0.3726
566 722 588 734 534 831 512 819 large-vehicle 0.3592
380 595 401 605 352 707 331 697 large-vehicle 0.3557
150 450 173 461 124 560 102 549 large-vehicle 0.3391
232 483 253 494 204 588 184 578 large-vehicle 0.3362
209 466 230 478 174 575 153 563 large-vehicle 0.3349
332 560 349 569 304 653 287 644 large-vehicle 0.3283
562 417 574 395 668 450 656 472 large-vehicle 0.3248
820 273 842 292 764 382 742 363 large-vehicle 0.3220
41 15 52 -9 171 44 159 69 large-vehicle 0.2784
256 502 276 511 233 602 213 592 large-vehicle 0.2776
624 116 642 92 732 162 713 186 large-vehicle 0.2659
840 286 866 302 803 403 777 388 large-vehicle 0.2578
779 235 803 256 725 346 701 326 large-vehicle 0.2550
646 90 666 67 753 137 733 161 large-vehicle 0.2498
418 650 437 660 391 750 373 740 large-vehicle 0.2458
613 337 631 312 723 380 706 404 large-vehicle 0.2311
795 249 820 267 747 367 722 349 large-vehicle 0.1544
265 55 294 78 187 214 158 192 large-vehicle 0.1442
955 502 967 476 1097 537 1084 564 large-vehicle 0.1415
1086 332 1074 306 1133 281 1144 306 large-vehicle 0.1302
868 516 878 493 925 512 916 535 large-vehicle 0.1234
30 45 41 20 174 74 164 99 large-vehicle 0.1232
836 563 846 540 894 562 884 585 large-vehicle 0.1214
