633 581 667 503 844 579 810 657 plane 0.1166
638 435 645 419 682 436 675 451 small-vehicle 0.7019
296 90 311 95 298 130 283 125 small-vehicle 0.6903
589 413 596 397 629 411 622 428 small-vehicle 0.6594
195 94 201 78 239 92 232 109 small-vehicle 0.6564
176 400 191 405 178 441 163 436 small-vehicle 0.6518
789 493 796 478 831 494 825 510 small-vehicle 0.6441
149 76 156 60 194 76 188 92 small-vehicle 0.6357
75 648 90 654 75 689 60 682 small-vehicle 0.6282
483 373 488 357 523 369 517 385 small-vehicle 0.6069
314 40 330 46 318 82 302 77 small-vehicle 0.5830
660 376 666 361 698 376 692 390 small-vehicle 0.5766
386 268 393 254 427 269 421 284 small-vehicle 0.5670
199 347 213 353 199 385 184 378 small-vehicle 0.5641
8 816 25 823 12 855 -3 849 small-vehicle 0.5601
58 689 74 694 60 731 45 725 small-vehicle 0.5590
279 131 296 137 284 171 267 166 small-vehicle 0.5378
722 471 729 454 764 468 757 485 small-vehicle 0.5210
715 365 730 364 732 396 717 397 small-vehicle 0.4997
530 394 537 377 579 395 572 412 small-vehicle 0.4891
566 342 573 325 616 343 608 360 small-vehicle 0.4874
840 316 854 321 840 357 826 351 small-vehicle 0.4830
45 733 60 738 46 773 32 767 small-vehicle 0.4827
323 307 330 292 362 307 355 322 small-vehicle 0.4660
42 445 50 429 84 445 76 462 small-vehicle 0.4633
1 428 8 411 47 426 40 443 small-vehicle 0.3129
3 563 10 548 45 564 38 579 small-vehicle 0.2759
125 272 132 257 165 271 159 287 small-vehicle 0.2542
647 424 654 407 686 421 679 437 small-vehicle 0.1888
507 248 522 251 517 280 502 277 small-vehicle 0.1727
671 359 678 345 712 360 706 374 small-vehicle 0.1362
190 111 196 95 231 109 225 125 small-vehicle 0.1310
566 342 573 325 616 343 608 360 large-vehicle 0.4511
530 394 537 377 579 395 572 412 large-vehicle 0.4490
296 90 311 95 298 130 283 125 large-vehicle 0.2804
75 648 90 654 75 689 60 682 large-vehicle 0.2259
58 689 74 694 60 731 45 725 large-vehicle 0.2152
149 76 156 60 194 76 188 92 large-vehicle 0.2151
42 445 50 429 84 445 76 462 large-vehicle 0.1985
195 94 201 78 239 92 232 109 large-vehicle 0.1792
638 435 645 419 682 436 675 451 large-vehicle 0.1706
175 399 191 405 179 441 163 435 large-vehicle 0.1600
8 817 25 824 12 856 -4 849 large-vehicle 0.1541
1 428 8 411 47 426 40 443 large-vehicle 0.1419
660 376 666 361 698 376 692 390 large-vehicle 0.1378
386 268 393 254 427 269 421 284 large-vehicle 0.1370
789 493 796 478 831 494 825 510 large-vehicle 0.1155
635 579 668 505 841 582 808 656 large-vehicle 0.1101
279 131 296 137 284 171 267 166 large-vehicle 0.1036
566 342 573 325 616 343 608 360 ship 0.1312
296 90 311 95 298 130 283 125 ship 0.1190
174 400 190 405 178 442 162 436 ship 0.1041
75 648 90 654 75 689 60 682 ship 0.1003
595 687 631 611 799 690 763 766 tennis-court 0.9784
633 581 667 503 844 579 810 657 tennis-court 0.9736
352 367 470 412 385 629 268 584 tennis-court 0.3099
498 421 617 470 530 680 411 631 tennis-court 0.2530
356 791 431 796 423 937 347 933 tennis-court 0.1416
355 375 465 420 385 620 275 576 basketball-court 0.9357
493 429 601 476 518 671 409 624 basketball-court 0.9271
633 581 667 503 844 579 810 657 basketball-court 0.2862
599 688 633 614 796 691 762 764 basketball-court 0.2843
363 373 472 424 382 617 273 566 soccer-ball-field 0.1784
499 426 609 480 514 671 404 617 soccer-ball-field 0.1757
633 581 667 503 844 579 810 657 soccer-ball-field 0.1302
595 687 631 611 799 690 763 766 soccer-ball-field 0.1208
571 127 611 127 610 170 570 169 roundabout 0.1311
636 581 669 506 842 583 809 658 swimming-pool 0.1123
