559 674 575 672 579 707 563 709 small-vehicle 0.7407
595 601 610 599 614 630 599 632 small-vehicle 0.7231
504 706 520 705 523 742 507 743 small-vehicle 0.7107
540 687 555 684 560 715 545 717 small-vehicle 0.6986
559 629 576 628 576 665 560 666 small-vehicle 0.6948
598 638 614 637 616 669 601 670 small-vehicle 0.6921
582 778 589 762 624 777 618 792 small-vehicle 0.6743
576 613 591 611 597 643 581 645 small-vehicle 0.6561
390 797 407 793 415 832 398 836 small-vehicle 0.6199
580 653 595 652 596 689 581 689 small-vehicle 0.6170
527 823 530 807 565 815 561 831 small-vehicle 0.6043
521 695 537 692 542 728 527 730 small-vehicle 0.6004
400 737 418 734 425 780 408 783 small-vehicle 0.5488
19 325 35 334 17 366 1 357 small-vehicle 0.4301
286 745 292 730 325 743 319 759 small-vehicle 0.4279
484 566 493 551 524 570 515 585 small-vehicle 0.3707
616 732 627 732 627 753 616 753 small-vehicle 0.2524
151 148 165 157 145 188 131 179 small-vehicle 0.1702
573 791 581 777 607 793 599 807 small-vehicle 0.1485
113 707 122 695 151 719 142 730 small-vehicle 0.1197
110 740 115 732 130 741 124 750 small-vehicle 0.1083
271 743 281 749 271 769 260 764 small-vehicle 0.1050
594 761 602 746 631 762 623 776 small-vehicle 0.1030
400 737 418 734 425 780 408 783 large-vehicle 0.3647
19 325 35 334 17 366 1 357 large-vehicle 0.3180
151 148 165 157 145 188 131 179 large-vehicle 0.2685
559 674 575 672 579 707 563 709 large-vehicle 0.2063
582 778 589 762 624 777 618 792 large-vehicle 0.2062
504 706 520 705 523 742 507 743 large-vehicle 0.1919
390 797 407 794 415 832 398 836 large-vehicle 0.1866
559 629 575 628 577 665 560 666 large-vehicle 0.1755
526 823 530 807 565 815 561 831 large-vehicle 0.1309
285 745 292 729 325 743 318 759 large-vehicle 0.1092
400 737 418 734 425 780 408 783 ship 0.1911
504 706 520 705 523 742 507 743 ship 0.1227
390 797 407 793 415 832 398 836 ship 0.1014
446 236 510 283 405 422 342 374 tennis-court 0.9847
358 166 422 214 316 355 253 307 tennis-court 0.9642
185 390 251 437 148 580 83 533 tennis-court 0.9620
266 456 335 497 248 644 179 603 tennis-court 0.8890
