492 811 507 819 490 852 475 844 small-vehicle 0.6547
513 820 527 828 510 860 496 853 small-vehicle 0.6383
309 712 323 721 305 752 290 743 small-vehicle 0.5890
73 582 88 590 70 624 55 616 small-vehicle 0.5880
278 693 293 700 276 734 262 726 small-vehicle 0.5802
125 618 141 626 122 662 107 654 small-vehicle 0.5531
546 840 560 846 545 878 531 871 small-vehicle 0.5295
183 641 198 651 176 688 160 679 small-vehicle 0.4919
51 575 65 583 45 617 32 608 small-vehicle 0.4788
94 592 107 600 90 626 77 618 small-vehicle 0.3991
560 846 574 851 563 881 549 876 small-vehicle 0.3361
106 604 123 613 104 648 88 640 small-vehicle 0.3228
240 672 254 679 240 710 225 704 small-vehicle 0.3211
595 860 610 868 595 894 581 886 small-vehicle 0.2716
550 186 564 193 551 217 537 209 small-vehicle 0.2667
201 529 211 535 199 556 189 550 small-vehicle 0.2617
512 170 528 173 521 201 506 197 small-vehicle 0.2062
294 700 308 707 292 737 278 729 small-vehicle 0.1946
716 85 735 96 711 135 692 124 small-vehicle 0.1799
574 849 590 856 576 887 561 880 small-vehicle 0.1224
139 453 148 455 144 473 135 471 small-vehicle 0.1146
48 456 59 456 59 470 49 471 small-vehicle 0.1076
617 487 632 496 613 525 599 515 small-vehicle 0.1074
183 642 198 650 176 689 160 680 large-vehicle 0.4243
716 85 735 96 711 135 692 124 large-vehicle 0.4063
764 87 783 97 746 167 727 157 large-vehicle 0.3474
125 618 141 626 122 662 107 654 large-vehicle 0.1230
278 693 293 700 276 734 262 726 large-vehicle 0.1117
492 811 507 819 490 852 475 844 large-vehicle 0.1117
513 820 527 828 510 860 496 853 large-vehicle 0.1109
73 582 88 590 70 624 55 616 large-vehicle 0.1060
576 852 591 859 576 892 561 885 large-vehicle 0.1014
138 456 148 458 141 502 131 500 large-vehicle 0.1006
562 393 637 434 550 595 475 554 tennis-court 0.9901
458 339 533 380 448 538 373 497 tennis-court 0.9867
668 450 741 492 651 651 578 610 tennis-court 0.9833
361 283 435 326 344 484 270 441 tennis-court 0.9789
258 227 330 268 242 425 170 385 tennis-court 0.9785
767 507 840 547 755 704 681 664 tennis-court 0.9715
234 627 274 555 429 642 389 714 tennis-court 0.8227
491 762 533 692 685 783 643 853 tennis-court 0.6734
234 627 274 555 429 642 389 714 basketball-court 0.1006
