392 451 454 349 631 458 569 560 plane 0.3656
456 336 524 231 697 343 630 448 plane 0.2775
392 451 454 349 631 458 569 560 ground-track-field 0.2051
456 336 524 231 697 343 630 448 ground-track-field 0.1952
507 80 514 62 551 77 544 95 small-vehicle 0.5954
619 64 626 47 663 62 656 78 small-vehicle 0.5226
627 45 635 28 671 45 663 62 small-vehicle 0.4790
816 204 834 214 812 253 794 243 small-vehicle 0.4759
605 102 613 86 645 102 637 118 small-vehicle 0.4607
643 8 649 -7 687 6 681 23 small-vehicle 0.4269
639 28 645 13 678 26 672 42 small-vehicle 0.4261
527 19 534 2 568 17 561 33 small-vehicle 0.3993
615 84 621 68 655 80 649 97 small-vehicle 0.3941
600 122 606 107 640 122 633 137 small-vehicle 0.3492
519 37 526 22 560 37 554 53 small-vehicle 0.3480
514 55 523 40 555 57 546 72 small-vehicle 0.3441
566 96 579 98 574 129 560 127 small-vehicle 0.2958
466 21 473 3 514 20 507 38 small-vehicle 0.2467
583 144 588 129 630 141 625 157 small-vehicle 0.1218
666 1000 679 982 719 1009 706 1027 large-vehicle 0.2029
345 492 354 498 339 521 329 515 large-vehicle 0.1331
818 201 835 210 814 252 797 243 large-vehicle 0.1220
583 144 588 129 630 141 625 157 large-vehicle 0.1141
348 805 429 846 342 1017 261 975 tennis-court 0.9439
363 511 442 548 362 715 284 677 tennis-court 0.9430
236 749 315 788 230 957 151 918 tennis-court 0.9381
474 567 554 607 471 776 391 736 tennis-court 0.9281
409 476 458 365 636 444 586 555 tennis-court 0.3141
469 363 512 253 690 322 648 432 tennis-court 0.2327
394 464 447 356 638 449 586 557 basketball-court 0.9282
460 341 520 239 697 342 637 445 basketball-court 0.8919
392 451 454 349 631 458 569 560 soccer-ball-field 0.3883
464 348 520 243 691 335 635 440 soccer-ball-field 0.3077
457 336 521 234 698 343 635 446 swimming-pool 0.1083
396 454 460 350 636 459 572 563 helicopter 0.1073
