317 331 310 323 338 299 345 307 bridge 0.1513
990 45 998 41 1008 60 1000 65 small-vehicle 0.1568
1018 419 1029 414 1038 434 1026 439 small-vehicle 0.1219
872 903 887 915 860 949 845 937 ship 0.3299
317 500 323 505 311 520 304 515 ship 0.1987
341 471 346 475 325 501 320 497 ship 0.1422
861 939 839 916 956 804 978 826 harbor 0.2739
835 700 870 733 636 980 602 947 harbor 0.2249
1024 856 1048 873 969 988 945 971 harbor 0.2212
143 536 107 499 311 297 348 334 harbor 0.2190
619 589 660 612 525 852 484 828 harbor 0.1914
491 530 532 563 359 779 318 747 harbor 0.1609
365 433 374 440 326 500 317 493 harbor 0.1313
