533 245 525 230 557 213 565 229 small-vehicle 0.7191
171 304 187 309 176 345 160 340 small-vehicle 0.7049
119 264 135 269 122 304 106 298 small-vehicle 0.6201
157 342 173 347 162 381 147 376 small-vehicle 0.6086
191 312 207 317 197 351 181 347 small-vehicle 0.5989
490 249 490 234 523 234 523 250 small-vehicle 0.5950
129 421 146 426 136 461 120 456 small-vehicle 0.5938
532 272 535 255 574 263 570 280 small-vehicle 0.5847
158 392 177 397 166 439 147 434 small-vehicle 0.5782
566 638 570 622 607 632 602 648 small-vehicle 0.5628
554 379 569 384 559 419 543 414 small-vehicle 0.5579
424 220 441 222 437 260 420 258 small-vehicle 0.5549
484 831 491 814 529 830 522 847 small-vehicle 0.5536
192 246 210 251 198 290 180 285 small-vehicle 0.5486
228 136 245 139 237 176 220 173 small-vehicle 0.5345
450 266 452 251 488 255 486 271 small-vehicle 0.5305
432 140 439 125 472 141 465 156 small-vehicle 0.5139
11 353 26 356 21 393 5 390 small-vehicle 0.5040
538 255 541 238 581 244 579 261 small-vehicle 0.4881
64 399 81 402 74 441 57 438 small-vehicle 0.4860
133 476 149 481 140 515 123 511 small-vehicle 0.4761
34 330 39 315 73 326 68 341 small-vehicle 0.4587
496 85 503 70 537 86 530 101 small-vehicle 0.4080
533 182 539 166 577 180 571 196 small-vehicle 0.3809
597 252 616 256 607 295 588 290 small-vehicle 0.3673
113 524 132 528 123 567 104 563 small-vehicle 0.3670
450 248 445 232 491 217 496 234 small-vehicle 0.3551
490 812 495 795 532 806 527 822 small-vehicle 0.3527
490 267 490 252 526 252 526 267 small-vehicle 0.3400
437 171 455 177 440 220 422 214 small-vehicle 0.3171
86 351 102 357 88 394 72 387 small-vehicle 0.3027
473 854 478 837 512 846 507 863 small-vehicle 0.3020
375 317 391 319 388 353 371 351 small-vehicle 0.2950
494 234 490 220 522 210 527 225 small-vehicle 0.2880
648 367 659 354 682 376 670 389 small-vehicle 0.2856
419 161 437 168 420 214 402 208 small-vehicle 0.2802
302 133 310 117 343 134 334 150 small-vehicle 0.2675
93 317 110 317 110 346 93 346 small-vehicle 0.2615
360 580 366 561 422 581 416 599 small-vehicle 0.2591
182 542 182 523 233 524 233 544 small-vehicle 0.2565
449 283 452 268 488 276 484 291 small-vehicle 0.2456
583 592 591 577 621 592 613 607 small-vehicle 0.2444
67 271 84 272 81 302 65 300 small-vehicle 0.2407
278 214 284 197 330 210 325 228 small-vehicle 0.2383
477 159 483 144 525 162 519 177 small-vehicle 0.2238
493 298 498 279 565 294 560 313 small-vehicle 0.2232
657 347 672 338 686 362 672 370 small-vehicle 0.2165
518 735 524 717 575 732 570 750 small-vehicle 0.2158
338 20 344 5 376 18 370 33 small-vehicle 0.2094
300 534 323 538 315 587 292 583 small-vehicle 0.2040
637 704 655 706 651 744 633 742 small-vehicle 0.1969
543 425 565 431 547 494 525 488 small-vehicle 0.1963
525 230 519 215 547 203 553 218 small-vehicle 0.1908
29 351 34 335 69 345 64 361 small-vehicle 0.1799
580 117 586 101 618 114 611 130 small-vehicle 0.1774
443 225 443 208 476 209 476 225 small-vehicle 0.1691
588 579 596 563 627 577 619 593 small-vehicle 0.1601
477 144 482 128 516 138 512 154 small-vehicle 0.1591
536 100 539 83 573 90 570 107 small-vehicle 0.1566
133 558 139 542 174 557 168 572 small-vehicle 0.1477
431 717 449 714 454 747 436 750 small-vehicle 0.1382
225 821 240 822 236 850 222 849 small-vehicle 0.1376
577 623 579 607 616 612 613 629 small-vehicle 0.1313
356 461 372 463 369 495 352 493 small-vehicle 0.1305
283 535 300 536 299 571 282 571 small-vehicle 0.1291
431 747 452 756 425 823 403 814 small-vehicle 0.1279
363 497 381 503 360 570 342 564 small-vehicle 0.1166
451 204 459 184 504 203 496 222 small-vehicle 0.1037
494 298 498 279 562 294 558 313 large-vehicle 0.7879
543 425 565 431 547 494 525 488 large-vehicle 0.7783
274 186 280 168 352 194 345 212 large-vehicle 0.7449
452 359 458 340 532 362 526 380 large-vehicle 0.7435
167 495 172 476 248 492 244 512 large-vehicle 0.7417
462 331 468 312 546 338 539 357 large-vehicle 0.7372
363 497 381 503 360 570 342 564 large-vehicle 0.7324
230 306 236 289 307 314 301 332 large-vehicle 0.7236
360 580 366 561 422 581 416 599 large-vehicle 0.7222
178 471 182 452 254 465 251 484 large-vehicle 0.7109
413 499 417 480 493 496 489 516 large-vehicle 0.7093
375 357 396 360 384 441 363 438 large-vehicle 0.7005
197 412 202 393 280 413 275 432 large-vehicle 0.6999
377 561 384 542 456 567 449 586 large-vehicle 0.6803
282 459 300 465 276 540 259 535 large-vehicle 0.6633
224 355 232 338 296 368 288 385 large-vehicle 0.6632
310 456 329 462 308 530 290 524 large-vehicle 0.6595
182 542 182 523 233 524 233 544 large-vehicle 0.6498
221 379 230 362 289 393 280 409 large-vehicle 0.6422
262 243 267 225 351 248 346 266 large-vehicle 0.6362
419 160 438 168 419 214 401 207 large-vehicle 0.6346
430 747 452 756 426 823 404 814 large-vehicle 0.6276
394 225 412 230 393 302 375 297 large-vehicle 0.6270
450 248 445 231 492 218 497 235 large-vehicle 0.6216
435 405 441 386 520 412 514 431 large-vehicle 0.6196
436 380 442 361 517 383 511 402 large-vehicle 0.6115
399 521 404 501 480 520 475 540 large-vehicle 0.6064
224 331 232 313 303 345 296 363 large-vehicle 0.5994
188 443 191 425 269 440 265 458 large-vehicle 0.5536
518 735 524 716 576 732 570 750 large-vehicle 0.5481
386 540 391 522 474 545 468 563 large-vehicle 0.5237
254 263 261 245 335 274 328 292 large-vehicle 0.5172
278 214 284 197 330 210 325 228 large-vehicle 0.4939
301 534 324 538 316 586 293 582 large-vehicle 0.4846
511 505 536 514 501 606 476 597 large-vehicle 0.4512
437 172 455 179 440 220 423 214 large-vehicle 0.4172
484 831 491 814 529 830 522 847 large-vehicle 0.3795
246 282 254 266 323 297 316 313 large-vehicle 0.3790
450 204 458 185 501 203 492 222 large-vehicle 0.3445
448 678 469 684 449 751 428 745 large-vehicle 0.3242
20 529 44 536 21 615 -2 608 large-vehicle 0.2991
192 246 210 251 198 290 180 285 large-vehicle 0.2628
532 272 535 255 574 263 570 280 large-vehicle 0.2551
450 266 452 251 488 255 486 271 large-vehicle 0.2203
87 349 103 356 88 393 71 386 large-vehicle 0.2192
158 392 177 397 166 439 147 434 large-vehicle 0.1957
180 523 181 506 237 507 237 525 large-vehicle 0.1937
477 159 483 144 525 162 519 177 large-vehicle 0.1919
474 854 478 835 525 848 520 866 large-vehicle 0.1850
65 396 82 400 74 441 57 437 large-vehicle 0.1792
228 136 245 139 237 176 220 173 large-vehicle 0.1773
566 638 570 622 607 632 602 648 large-vehicle 0.1741
119 264 135 269 122 304 106 298 large-vehicle 0.1706
538 255 541 238 582 245 579 261 large-vehicle 0.1689
598 248 618 253 607 294 587 289 large-vehicle 0.1571
133 474 150 479 139 515 122 510 large-vehicle 0.1476
432 140 440 125 472 142 464 157 large-vehicle 0.1473
266 781 286 784 280 827 260 825 large-vehicle 0.1472
496 85 503 70 537 86 530 101 large-vehicle 0.1410
34 330 39 315 73 326 68 341 large-vehicle 0.1268
533 245 525 230 557 213 565 229 large-vehicle 0.1256
444 224 444 209 479 209 479 225 large-vehicle 0.1254
533 182 539 166 575 180 568 197 large-vehicle 0.1215
490 267 490 252 526 252 526 267 large-vehicle 0.1209
490 249 490 234 523 234 523 250 large-vehicle 0.1199
424 220 441 222 437 260 420 258 large-vehicle 0.1182
171 302 187 307 176 344 160 339 large-vehicle 0.1153
11 353 26 356 21 393 5 390 large-vehicle 0.1136
157 342 173 347 162 381 147 376 large-vehicle 0.1107
324 463 347 469 322 552 299 545 large-vehicle 0.1040
158 392 177 397 166 439 147 434 ship 0.1895
262 243 267 225 351 248 346 266 ship 0.1810
230 306 236 289 307 314 301 332 ship 0.1788
453 358 459 339 533 361 527 380 ship 0.1620
119 264 135 269 122 304 106 298 ship 0.1549
275 186 283 167 352 194 345 213 ship 0.1525
224 355 232 338 296 368 288 385 ship 0.1524
224 331 232 313 303 345 296 363 ship 0.1490
221 379 230 362 289 393 280 409 ship 0.1489
196 411 202 392 280 413 275 432 ship 0.1480
11 353 26 356 21 393 5 390 ship 0.1480
462 331 468 312 546 338 539 357 ship 0.1435
246 282 254 266 323 297 316 313 ship 0.1332
254 263 261 245 335 274 328 292 ship 0.1301
436 380 442 361 517 383 511 402 ship 0.1268
192 245 210 251 198 290 180 284 ship 0.1261
413 500 417 481 493 497 489 516 ship 0.1192
399 521 404 501 480 520 475 540 ship 0.1170
377 561 384 542 456 567 449 586 ship 0.1156
387 540 392 521 473 545 468 564 ship 0.1085
278 214 284 197 330 210 325 228 ship 0.1024
133 472 151 477 140 515 122 510 ship 0.1002
543 425 565 431 547 494 525 488 swimming-pool 0.1184
