660 78 676 65 705 101 689 114 small-vehicle 0.7381
720 41 736 31 758 63 742 74 small-vehicle 0.7225
177 272 193 262 215 293 200 304 small-vehicle 0.7196
264 203 278 190 303 218 289 231 small-vehicle 0.7131
351 130 366 119 390 152 375 163 small-vehicle 0.6956
159 288 176 278 196 310 180 320 small-vehicle 0.6911
176 399 193 387 218 420 202 433 small-vehicle 0.6877
281 186 294 174 320 201 306 214 small-vehicle 0.6858
245 216 261 204 285 237 268 249 small-vehicle 0.6759
504 150 521 137 546 172 529 185 small-vehicle 0.6526
413 220 429 206 459 240 443 255 small-vehicle 0.6463
228 230 243 219 265 251 250 262 small-vehicle 0.6396
737 27 753 16 776 49 759 60 small-vehicle 0.6342
627 103 642 92 664 125 648 135 small-vehicle 0.6300
682 66 698 55 721 88 705 99 small-vehicle 0.6151
198 385 215 372 242 408 225 421 small-vehicle 0.6135
332 143 348 132 372 163 356 175 small-vehicle 0.6074
243 344 259 330 290 367 274 381 small-vehicle 0.5988
141 301 156 290 178 322 163 333 small-vehicle 0.5887
434 200 451 186 479 223 462 236 small-vehicle 0.5826
213 245 229 234 250 264 234 275 small-vehicle 0.5791
606 114 623 103 644 137 628 148 small-vehicle 0.5732
218 366 235 352 263 389 246 402 small-vehicle 0.5706
474 166 491 152 524 189 507 204 small-vehicle 0.5651
0 402 17 392 39 428 22 438 small-vehicle 0.5574
387 235 405 221 435 259 418 273 small-vehicle 0.5521
197 256 213 246 233 277 217 288 small-vehicle 0.5412
589 130 606 120 627 152 610 163 small-vehicle 0.5399
454 185 470 172 500 209 483 222 small-vehicle 0.5377
300 170 314 157 341 187 327 199 small-vehicle 0.5305
317 156 332 145 354 177 339 188 small-vehicle 0.5192
337 275 352 259 388 294 372 310 small-vehicle 0.5110
702 55 718 44 740 76 723 87 small-vehicle 0.5082
261 325 278 312 309 351 292 364 small-vehicle 0.5069
360 255 375 240 410 275 394 290 small-vehicle 0.4618
774 3 791 -9 817 25 800 37 small-vehicle 0.4304
798 -7 816 -18 836 15 817 26 small-vehicle 0.2067
-13 410 6 404 17 443 -1 449 small-vehicle 0.1358
243 344 259 330 290 367 274 381 large-vehicle 0.6157
337 275 352 259 388 294 372 310 large-vehicle 0.6025
261 325 278 312 309 351 292 364 large-vehicle 0.5812
474 166 491 152 524 189 507 204 large-vehicle 0.5354
454 185 470 172 500 209 483 222 large-vehicle 0.4958
387 235 405 221 435 259 418 273 large-vehicle 0.4882
360 255 375 240 410 275 394 290 large-vehicle 0.4762
413 220 429 206 459 240 443 255 large-vehicle 0.4109
218 365 235 352 264 389 246 402 large-vehicle 0.4037
434 200 451 186 479 223 462 236 large-vehicle 0.3870
53 403 38 387 115 316 130 332 large-vehicle 0.3236
198 385 215 372 242 408 225 421 large-vehicle 0.3071
504 150 521 137 546 172 529 185 large-vehicle 0.1690
176 399 193 387 218 420 202 433 large-vehicle 0.1627
660 78 676 65 705 101 689 114 large-vehicle 0.1440
351 130 366 119 390 152 375 163 large-vehicle 0.1385
245 216 261 204 285 237 268 249 large-vehicle 0.1355
660 78 676 65 705 101 689 114 ship 0.1142
330 438 405 387 516 550 441 601 tennis-court 0.9705
16 657 93 607 201 774 124 824 tennis-court 0.9601
661 209 739 158 850 327 771 378 tennis-court 0.9563
521 308 598 259 702 425 625 474 tennis-court 0.9546
234 498 310 448 419 614 343 664 tennis-court 0.9400
762 144 841 92 950 260 871 311 tennis-court 0.9347
424 375 501 323 610 483 533 536 tennis-court 0.9279
-61 716 13 676 99 838 23 878 tennis-court 0.3997
