915 617 932 616 935 664 918 665 bridge 0.1084
205 830 211 823 224 835 218 842 small-vehicle 0.1238
218 610 234 612 230 647 214 646 ship 0.2381
408 472 405 460 453 449 456 462 ship 0.2325
90 409 103 410 101 434 88 432 ship 0.2153
101 406 117 407 116 433 100 433 ship 0.1479
606 123 615 121 619 140 610 142 ship 0.1329
312 355 310 344 332 341 334 353 ship 0.1174
536 584 545 578 562 604 554 610 ship 0.1037
982 580 989 558 1048 575 1041 598 harbor 0.6429
420 272 445 273 443 349 418 348 harbor 0.5911
776 185 793 185 792 249 775 249 harbor 0.5670
280 292 318 282 333 343 295 353 harbor 0.5292
916 618 933 618 934 678 917 679 harbor 0.4150
203 611 234 613 227 746 196 744 harbor 0.4039
104 374 124 377 115 433 95 429 harbor 0.3860
673 177 689 174 704 262 688 265 harbor 0.3500
456 280 477 274 498 352 477 358 harbor 0.3455
680 550 698 548 705 603 687 605 harbor 0.3351
904 73 902 53 947 48 949 67 harbor 0.3342
330 568 352 566 356 617 335 619 harbor 0.3319
536 581 549 576 578 639 565 645 harbor 0.3016
90 409 103 410 101 434 88 432 harbor 0.1519
309 353 310 339 335 340 334 354 harbor 0.1141
