758 555 752 536 807 518 813 536 small-vehicle 0.1362
67 388 86 386 89 422 69 424 small-vehicle 0.1027
830 552 840 546 852 568 842 574 small-vehicle 0.1013
250 310 255 297 294 313 289 326 ship 0.1905
252 476 252 464 275 464 275 476 ship 0.1711
557 857 568 856 569 877 558 878 ship 0.1436
258 394 262 382 285 390 281 403 ship 0.1226
560 950 572 949 576 983 563 984 ship 0.1014
209 164 224 162 227 180 212 183 storage-tank 0.2473
223 151 235 148 239 163 227 167 storage-tank 0.1643
184 172 199 169 202 186 187 189 storage-tank 0.1388
194 162 207 159 212 175 199 179 storage-tank 0.1220
181 196 205 185 216 211 192 221 storage-tank 0.1083
295 151 303 120 373 137 366 168 harbor 0.5852
389 838 365 795 446 750 470 793 harbor 0.4652
537 854 563 854 563 933 537 933 harbor 0.4609
243 191 251 170 314 194 306 215 harbor 0.3707
203 385 209 366 283 391 277 410 harbor 0.3126
314 729 309 710 387 691 392 710 harbor 0.3020
540 76 543 58 629 72 626 91 harbor 0.2830
243 533 239 516 290 506 293 523 harbor 0.2377
576 269 585 274 546 344 537 339 harbor 0.2116
304 553 302 534 343 528 345 548 harbor 0.1838
207 286 212 276 265 305 260 314 harbor 0.1788
745 433 756 444 704 496 693 485 harbor 0.1305
595 415 587 398 693 346 702 363 harbor 0.1197
66 389 87 387 90 422 69 424 swimming-pool 0.4004
