276 496 286 497 282 548 273 548 bridge 0.1422
673 281 675 274 749 289 748 297 bridge 0.1259
123 484 132 482 139 521 130 523 bridge 0.1014
440 697 452 698 450 724 437 723 ship 0.2679
143 572 159 575 150 618 135 615 ship 0.1316
761 312 765 300 805 311 801 323 ship 0.1245
134 792 139 784 158 796 153 804 ship 0.1241
429 703 438 703 439 721 429 721 ship 0.1135
573 575 580 572 589 593 583 596 ship 0.1001
343 440 358 444 350 477 336 473 harbor 0.6282
143 572 159 575 150 618 135 615 harbor 0.5774
255 576 281 579 274 659 248 657 harbor 0.5395
431 620 459 623 450 725 421 722 harbor 0.4794
68 780 74 759 159 787 152 807 harbor 0.4563
277 495 287 496 280 560 270 559 harbor 0.3155
668 370 674 353 732 372 727 389 harbor 0.2784
685 293 691 268 808 297 802 321 harbor 0.2743
86 731 88 719 169 729 168 742 harbor 0.2218
123 484 132 482 139 521 130 523 harbor 0.1969
749 38 749 20 893 19 893 37 harbor 0.1786
736 127 734 103 897 87 899 110 harbor 0.1433
268 401 261 385 287 374 294 390 swimming-pool 0.3449
