83 87 137 49 177 106 124 144 plane 0.1168
366 864 378 870 365 899 352 893 small-vehicle 0.2191
986 163 996 154 1014 177 1004 185 small-vehicle 0.1512
591 1045 604 1050 595 1074 582 1069 small-vehicle 0.1449
374 875 385 882 371 906 360 900 small-vehicle 0.1255
552 1046 566 1040 575 1060 561 1066 small-vehicle 0.1216
383 885 393 892 378 912 368 905 small-vehicle 0.1073
1296 298 1296 285 1321 286 1321 298 ship 0.1511
1270 830 1280 839 1251 875 1240 867 ship 0.1422
15 16 25 18 20 41 11 40 ship 0.1125
999 734 1013 740 997 779 983 773 ship 0.1026
84 88 135 49 176 103 124 142 harbor 0.9235
943 709 1015 741 958 868 886 836 harbor 0.7219
214 324 257 324 256 434 213 433 harbor 0.7149
517 131 547 131 548 225 518 226 harbor 0.6051
609 513 673 546 607 673 543 640 harbor 0.5884
1222 281 1222 243 1315 243 1315 282 harbor 0.4705
833 689 865 709 784 839 752 819 harbor 0.2858
1267 834 1277 842 1220 910 1210 901 harbor 0.1658
406 835 406 789 481 790 481 836 swimming-pool 0.1444
