1432 87 1431 72 1459 72 1460 86 ship 0.1350
574 727 605 727 604 778 573 778 ship 0.1293
962 813 957 766 1091 752 1095 799 ship 0.1028
440 827 442 726 626 730 624 831 harbor 0.8029
958 815 954 767 1084 757 1088 806 harbor 0.7284
1001 630 1035 595 1110 668 1076 703 harbor 0.6522
1237 1185 1227 1128 1329 1109 1340 1166 harbor 0.6332
1209 512 1256 495 1293 596 1245 613 harbor 0.5753
988 1008 980 969 1077 949 1085 989 harbor 0.5380
588 1117 566 1091 613 1051 635 1076 harbor 0.4731
1518 1122 1545 1134 1522 1185 1495 1173 harbor 0.4678
1457 421 1474 411 1518 490 1501 499 harbor 0.3580
1411 87 1416 40 1550 54 1545 102 harbor 0.3575
230 890 235 851 469 883 464 921 harbor 0.2738
1486 1338 1485 1314 1563 1312 1564 1336 harbor 0.2278
540 255 567 225 679 328 652 357 harbor 0.2277
1116 802 1145 805 1138 863 1109 859 harbor 0.1980
1392 66 1395 47 1439 53 1437 72 harbor 0.1591
1423 84 1425 67 1458 70 1456 87 harbor 0.1240
420 777 423 760 540 777 537 794 harbor 0.1178
184 604 208 604 208 649 184 649 swimming-pool 0.4180
1116 802 1145 805 1138 863 1109 859 swimming-pool 0.3543
1175 799 1192 790 1204 813 1187 822 swimming-pool 0.1291
