1208 313 1268 314 1266 473 1206 472 bridge 0.1689
1379 328 1435 309 1480 438 1423 458 bridge 0.1502
452 151 463 158 443 188 432 180 small-vehicle 0.1596
431 101 443 94 458 119 446 126 small-vehicle 0.1490
444 261 437 250 465 231 472 242 small-vehicle 0.1322
857 137 853 119 884 113 887 130 small-vehicle 0.1177
452 151 463 158 443 188 432 180 large-vehicle 0.1251
424 768 427 755 453 760 450 773 ship 0.1090
1208 313 1268 314 1266 473 1206 472 harbor 0.7575
1378 331 1436 310 1483 437 1426 458 harbor 0.6784
96 301 133 336 79 394 42 359 harbor 0.6339
148 510 201 464 295 572 242 618 harbor 0.4760
459 616 499 631 449 766 409 752 harbor 0.4681
2 158 -3 135 60 119 65 142 harbor 0.4129
1507 265 1527 255 1571 347 1552 356 harbor 0.3277
730 490 766 462 867 593 831 621 harbor 0.2050
846 354 865 343 939 471 919 482 harbor 0.1967
