584 649 583 632 622 630 623 647 small-vehicle 0.1281
656 119 683 122 669 281 643 279 large-vehicle 0.1114
482 392 573 390 577 589 485 590 tennis-court 0.9831
313 400 401 398 404 578 317 580 tennis-court 0.9797
124 412 211 411 213 591 126 592 tennis-court 0.9785
607 393 693 392 695 569 608 570 tennis-court 0.9650
724 395 810 394 814 570 728 572 tennis-court 0.9520
826 386 929 372 957 580 855 594 tennis-court 0.8364
126 765 132 692 256 704 249 777 tennis-court 0.3522
283 633 281 591 438 583 440 626 tennis-court 0.1038
387 -58 430 -59 438 267 395 269 harbor 0.1017
