756 152 858 63 979 201 876 290 plane 0.1238
651 240 760 160 868 307 760 387 plane 0.1144
756 152 858 63 979 201 876 290 baseball-diamond 0.2353
647 239 758 159 866 307 755 388 baseball-diamond 0.1474
618 438 679 412 708 483 647 508 baseball-diamond 0.1327
339 398 506 298 689 604 522 704 ground-track-field 0.1037
472 195 487 210 456 242 441 227 small-vehicle 0.6056
86 409 98 420 73 447 61 436 small-vehicle 0.5841
180 445 195 460 165 491 150 477 small-vehicle 0.5543
223 411 238 425 209 455 194 441 small-vehicle 0.5495
212 16 225 4 250 33 237 44 small-vehicle 0.5456
256 140 269 129 293 160 280 170 small-vehicle 0.5410
416 272 403 258 433 230 446 245 small-vehicle 0.4894
1 764 14 754 39 784 26 794 small-vehicle 0.4815
521 39 535 51 508 82 494 69 small-vehicle 0.4478
485 189 489 169 529 178 525 197 small-vehicle 0.4430
211 323 202 308 237 288 246 304 small-vehicle 0.3952
121 525 109 509 141 485 153 501 small-vehicle 0.3878
543 48 532 34 564 9 575 22 small-vehicle 0.3739
554 128 569 142 540 172 526 159 small-vehicle 0.3391
222 98 235 88 255 114 242 124 small-vehicle 0.3379
468 85 481 97 455 125 442 112 small-vehicle 0.3135
36 479 25 466 53 442 64 455 small-vehicle 0.2883
893 77 906 64 936 95 922 108 small-vehicle 0.2370
926 133 935 117 972 138 963 154 small-vehicle 0.2192
363 314 352 297 380 278 391 295 small-vehicle 0.2104
4 725 17 712 43 739 30 751 small-vehicle 0.1669
893 77 906 64 936 95 922 108 large-vehicle 0.1980
926 133 936 117 973 138 964 155 large-vehicle 0.1842
-16 820 -2 809 34 858 20 868 large-vehicle 0.1760
657 331 670 320 698 351 686 362 large-vehicle 0.1579
86 409 98 420 73 447 61 436 large-vehicle 0.1208
86 409 98 420 73 447 61 436 ship 0.1309
177 651 250 594 372 750 299 807 tennis-court 0.9567
272 571 348 516 464 677 389 732 tennis-court 0.9556
531 720 560 648 680 695 651 768 tennis-court 0.3757
759 151 856 65 977 199 880 285 tennis-court 0.1730
650 226 757 159 855 314 747 381 tennis-court 0.1460
394 440 501 379 599 549 492 610 tennis-court 0.1185
648 237 746 158 866 305 768 384 basketball-court 0.9522
754 149 849 63 978 204 883 290 basketball-court 0.9491
381 455 480 373 616 538 518 620 basketball-court 0.9416
493 356 592 281 723 452 624 527 basketball-court 0.9188
751 150 847 62 976 201 880 290 soccer-ball-field 0.3126
381 455 480 373 616 538 518 620 soccer-ball-field 0.2232
648 237 746 158 866 305 768 384 soccer-ball-field 0.2144
493 356 592 281 723 452 624 527 soccer-ball-field 0.1662
753 148 857 62 977 206 873 292 helicopter 0.1595
647 239 758 159 866 307 755 388 helicopter 0.1249
