700 423 814 466 738 668 624 625 ground-track-field 0.1165
276 203 391 246 308 471 192 428 ground-track-field 0.1013
181 82 187 68 220 84 213 97 small-vehicle 0.5469
323 160 330 145 365 160 359 175 small-vehicle 0.5207
493 -2 509 5 491 40 475 32 small-vehicle 0.5069
750 59 757 45 789 60 782 74 small-vehicle 0.4740
230 110 238 96 270 113 262 128 small-vehicle 0.4427
144 61 152 47 185 66 176 81 small-vehicle 0.4310
71 25 78 11 110 26 103 41 small-vehicle 0.4218
519 47 528 53 514 76 505 71 small-vehicle 0.2040
43 3 53 -6 70 11 60 21 small-vehicle 0.1741
790 604 799 592 824 611 815 623 small-vehicle 0.1308
494 -3 510 5 491 39 475 31 large-vehicle 0.1829
323 160 330 145 365 160 359 175 large-vehicle 0.1612
170 351 192 362 168 411 146 400 large-vehicle 0.1397
712 429 821 485 728 667 619 611 tennis-court 0.2200
423 275 535 318 450 541 338 498 tennis-court 0.2000
276 203 391 246 308 471 192 428 tennis-court 0.1364
550 346 666 385 592 607 476 569 tennis-court 0.1070
569 365 668 412 584 589 485 542 basketball-court 0.8802
715 438 811 490 717 662 622 610 basketball-court 0.8652
433 291 534 344 433 538 331 486 basketball-court 0.8431
295 213 395 266 288 465 189 412 basketball-court 0.7496
722 436 817 493 716 663 620 607 soccer-ball-field 0.1346
432 289 535 343 435 536 332 483 soccer-ball-field 0.1283
581 364 675 416 578 588 484 536 soccer-ball-field 0.1128
