785 700 824 699 827 797 788 799 ground-track-field 0.1090
136 492 158 491 158 536 136 537 small-vehicle 0.6433
159 492 181 492 181 538 159 538 small-vehicle 0.6327
182 492 205 491 207 539 184 540 small-vehicle 0.6073
376 502 398 502 399 550 377 550 small-vehicle 0.5931
399 503 421 500 427 546 405 549 small-vehicle 0.5669
608 212 609 191 662 194 660 216 small-vehicle 0.5649
221 491 242 490 245 535 223 537 small-vehicle 0.5586
233 691 233 671 278 671 278 691 small-vehicle 0.5583
464 830 463 808 522 806 523 828 small-vehicle 0.5516
73 257 73 236 125 238 125 259 small-vehicle 0.5410
112 486 135 487 134 534 111 534 small-vehicle 0.5386
354 498 376 498 376 544 354 544 small-vehicle 0.5322
226 869 227 847 282 849 281 872 small-vehicle 0.5188
537 213 538 191 586 193 585 215 small-vehicle 0.5103
270 494 292 494 293 539 271 540 small-vehicle 0.5048
604 246 602 223 656 220 657 243 small-vehicle 0.4872
290 503 314 501 316 544 293 545 small-vehicle 0.4811
185 324 207 323 210 369 188 370 small-vehicle 0.4573
628 184 630 162 683 167 681 189 small-vehicle 0.4573
184 671 184 650 231 650 231 671 small-vehicle 0.4558
563 504 586 504 585 551 563 551 small-vehicle 0.4469
354 860 354 837 408 837 409 859 small-vehicle 0.4456
149 327 172 326 175 375 152 376 small-vehicle 0.4320
80 235 80 213 131 213 131 234 small-vehicle 0.4301
76 279 77 258 128 260 127 281 small-vehicle 0.4288
605 276 604 253 660 251 661 274 small-vehicle 0.4276
355 323 356 302 403 304 402 324 small-vehicle 0.4176
470 856 469 833 529 830 530 852 small-vehicle 0.4165
530 241 531 217 589 221 588 245 small-vehicle 0.4147
358 348 357 328 402 326 402 346 small-vehicle 0.4127
358 792 361 771 408 778 405 799 small-vehicle 0.4037
283 337 306 338 303 386 280 385 small-vehicle 0.3907
552 187 551 165 599 163 600 184 small-vehicle 0.3832
350 823 352 800 407 805 405 828 small-vehicle 0.3757
536 272 536 250 596 250 595 272 small-vehicle 0.3753
608 500 630 500 628 547 606 546 small-vehicle 0.3704
672 515 691 502 717 540 698 553 small-vehicle 0.3615
806 191 801 169 845 160 850 182 small-vehicle 0.3549
62 205 62 181 125 181 125 206 small-vehicle 0.3365
245 492 266 491 267 537 246 538 small-vehicle 0.3349
816 220 811 197 861 185 866 207 small-vehicle 0.3345
530 130 528 107 583 101 585 124 small-vehicle 0.3340
65 728 66 707 115 709 114 731 small-vehicle 0.3313
698 710 722 712 719 763 696 762 small-vehicle 0.3296
51 484 72 486 68 530 46 527 small-vehicle 0.3269
623 359 622 336 678 335 678 358 small-vehicle 0.3265
607 783 629 780 636 826 613 830 small-vehicle 0.3249
932 789 927 766 994 752 999 775 small-vehicle 0.3235
642 784 665 782 669 830 646 832 small-vehicle 0.3189
466 888 465 864 531 861 532 886 small-vehicle 0.3149
947 842 943 820 1011 807 1015 829 small-vehicle 0.3122
757 88 752 66 815 52 820 75 small-vehicle 0.3087
72 331 73 307 135 309 134 333 small-vehicle 0.3085
826 338 822 314 878 305 882 329 small-vehicle 0.3080
322 501 346 498 352 544 328 547 small-vehicle 0.3015
906 737 900 715 956 702 962 724 small-vehicle 0.3011
725 785 750 783 753 838 729 839 small-vehicle 0.2983
607 433 606 411 656 409 657 431 small-vehicle 0.2941
936 814 932 792 1002 778 1006 800 small-vehicle 0.2928
904 645 900 623 961 612 965 634 small-vehicle 0.2841
73 485 96 486 94 531 71 530 small-vehicle 0.2831
466 796 467 773 524 775 523 798 small-vehicle 0.2826
836 275 832 253 882 242 887 264 small-vehicle 0.2825
71 303 72 281 128 283 127 305 small-vehicle 0.2787
350 375 350 352 404 351 404 375 small-vehicle 0.2778
954 897 952 873 1019 868 1021 892 small-vehicle 0.2750
557 98 555 74 628 69 629 93 small-vehicle 0.2734
822 372 815 351 859 337 865 358 small-vehicle 0.2721
73 814 73 789 147 791 146 816 small-vehicle 0.2660
793 163 789 141 836 133 840 155 small-vehicle 0.2630
70 156 70 132 145 132 145 156 small-vehicle 0.2619
950 870 946 847 1015 835 1019 858 small-vehicle 0.2550
363 766 365 746 409 749 408 769 small-vehicle 0.2536
473 750 470 727 534 720 537 743 small-vehicle 0.2528
650 500 672 500 671 549 649 548 small-vehicle 0.2526
852 675 880 660 910 717 881 732 small-vehicle 0.2429
183 778 185 753 273 758 272 782 small-vehicle 0.2423
229 844 230 824 278 826 277 846 small-vehicle 0.2415
834 454 830 434 877 425 881 446 small-vehicle 0.2392
74 869 73 845 139 841 140 865 small-vehicle 0.2387
517 330 516 308 580 306 581 329 small-vehicle 0.2348
363 298 365 279 407 285 405 304 small-vehicle 0.2257
318 414 318 391 389 392 389 415 small-vehicle 0.2227
726 714 749 715 745 766 722 764 small-vehicle 0.2223
780 47 775 24 833 11 839 34 small-vehicle 0.2218
372 279 373 255 431 256 431 280 small-vehicle 0.2217
63 93 62 70 110 69 110 92 small-vehicle 0.2154
911 702 907 680 984 665 988 688 small-vehicle 0.2108
212 332 235 332 235 388 212 388 small-vehicle 0.2105
257 334 279 334 278 388 256 388 small-vehicle 0.2098
542 500 563 500 561 548 541 547 small-vehicle 0.2081
524 362 523 338 595 337 595 361 small-vehicle 0.2071
841 395 835 373 906 355 911 378 small-vehicle 0.2057
452 503 474 501 478 548 457 550 small-vehicle 0.2023
499 497 521 499 518 543 497 542 small-vehicle 0.2023
568 70 565 46 644 36 647 60 small-vehicle 0.2011
181 695 181 675 227 675 227 695 small-vehicle 0.1948
57 759 58 735 112 737 112 761 small-vehicle 0.1908
426 501 447 500 451 545 429 547 small-vehicle 0.1891
874 536 869 512 957 492 963 517 small-vehicle 0.1878
672 696 695 696 696 761 673 762 small-vehicle 0.1850
478 502 499 501 500 544 479 545 small-vehicle 0.1802
355 712 355 689 408 690 408 713 small-vehicle 0.1793
497 302 496 278 596 272 597 296 small-vehicle 0.1769
361 744 360 723 407 721 408 741 small-vehicle 0.1701
787 138 783 116 862 99 867 121 small-vehicle 0.1692
558 46 553 23 631 6 636 30 small-vehicle 0.1631
234 328 256 328 256 386 233 386 small-vehicle 0.1522
827 309 822 286 895 271 899 294 small-vehicle 0.1493
840 423 835 400 919 381 924 404 small-vehicle 0.1487
885 622 880 600 969 576 975 598 small-vehicle 0.1416
824 252 818 229 896 211 901 234 small-vehicle 0.1371
775 111 770 90 854 72 858 93 small-vehicle 0.1337
910 676 905 652 992 634 997 658 small-vehicle 0.1297
887 592 883 570 970 551 974 572 small-vehicle 0.1272
636 688 671 689 671 780 636 780 small-vehicle 0.1227
615 305 616 278 702 283 700 310 small-vehicle 0.1165
832 727 858 729 854 793 828 791 small-vehicle 0.1155
867 509 862 484 949 464 955 489 small-vehicle 0.1085
520 452 521 427 629 430 629 456 small-vehicle 0.1034
542 158 542 133 642 131 643 156 small-vehicle 0.1017
883 566 878 542 970 520 975 543 small-vehicle 0.1014
911 702 907 680 984 665 988 688 large-vehicle 0.8002
788 137 782 113 881 89 887 114 large-vehicle 0.7843
841 395 835 373 906 355 911 378 large-vehicle 0.7665
822 253 815 229 908 203 915 227 large-vehicle 0.7508
838 423 833 400 919 383 923 406 large-vehicle 0.7263
832 310 826 285 919 260 926 285 large-vehicle 0.6887
542 158 542 132 650 133 650 158 large-vehicle 0.6882
875 538 869 514 961 490 967 514 large-vehicle 0.6823
500 300 499 276 597 273 598 297 large-vehicle 0.6795
886 568 878 545 973 515 980 539 large-vehicle 0.6755
910 677 904 654 995 632 1001 655 large-vehicle 0.6738
557 98 555 74 628 69 629 93 large-vehicle 0.6682
774 113 767 89 869 61 875 85 large-vehicle 0.6681
932 789 927 766 994 752 999 774 large-vehicle 0.6648
524 450 526 426 629 433 627 457 large-vehicle 0.6562
936 814 932 792 1002 778 1006 800 large-vehicle 0.6422
568 69 565 45 643 36 646 61 large-vehicle 0.6332
617 305 619 278 701 283 699 310 large-vehicle 0.6303
492 395 492 369 623 367 624 394 large-vehicle 0.6250
890 591 885 569 984 549 988 571 large-vehicle 0.6247
869 507 863 484 952 464 957 488 large-vehicle 0.6106
528 327 529 302 655 311 653 336 large-vehicle 0.6096
947 842 943 820 1011 807 1015 829 large-vehicle 0.5992
950 870 946 847 1015 835 1019 858 large-vehicle 0.5920
319 415 319 390 417 393 416 417 large-vehicle 0.5895
70 156 70 131 144 132 144 157 large-vehicle 0.5888
73 814 73 789 147 791 146 816 large-vehicle 0.5729
852 675 880 660 910 717 881 732 large-vehicle 0.5714
62 205 62 181 125 181 125 206 large-vehicle 0.5672
183 779 184 753 274 757 273 782 large-vehicle 0.5552
636 688 671 689 671 780 636 780 large-vehicle 0.5507
72 332 72 309 135 309 135 332 large-vehicle 0.5007
785 701 824 699 827 796 789 798 large-vehicle 0.4871
610 392 610 369 693 367 694 390 large-vehicle 0.4855
954 897 952 873 1019 868 1021 892 large-vehicle 0.4822
757 146 787 136 816 230 785 239 large-vehicle 0.4684
904 647 899 624 965 610 970 633 large-vehicle 0.4658
71 303 72 281 128 283 127 305 large-vehicle 0.4653
905 738 899 715 984 693 990 716 large-vehicle 0.4447
885 622 880 600 969 576 975 598 large-vehicle 0.4312
605 276 604 253 660 251 661 274 large-vehicle 0.4181
558 46 553 22 645 4 649 28 large-vehicle 0.4066
74 868 72 845 138 841 140 864 large-vehicle 0.3897
628 184 630 162 683 167 681 189 large-vehicle 0.3718
757 87 753 64 818 51 822 74 large-vehicle 0.3698
726 786 750 785 753 838 729 839 large-vehicle 0.3679
530 241 531 217 589 221 588 245 large-vehicle 0.3623
530 271 531 248 594 251 593 273 large-vehicle 0.3593
525 362 524 338 603 336 604 361 large-vehicle 0.3591
57 759 58 735 112 737 112 761 large-vehicle 0.3416
834 491 827 468 957 430 963 453 large-vehicle 0.3368
235 327 256 327 256 385 234 385 large-vehicle 0.3317
462 750 460 726 536 722 537 745 large-vehicle 0.3292
372 278 373 255 431 257 431 280 large-vehicle 0.3274
679 769 704 768 708 836 682 837 large-vehicle 0.3269
696 707 722 708 719 764 693 762 large-vehicle 0.3197
530 130 528 107 583 101 585 124 large-vehicle 0.3178
817 222 810 197 870 182 876 206 large-vehicle 0.3168
672 696 695 696 696 761 673 762 large-vehicle 0.2935
775 48 771 24 864 8 868 32 large-vehicle 0.2921
826 338 822 314 878 305 882 329 large-vehicle 0.2893
462 831 461 808 524 805 525 828 large-vehicle 0.2858
608 212 609 191 662 194 660 216 large-vehicle 0.2849
63 728 65 706 115 709 113 731 large-vehicle 0.2765
634 432 634 409 711 408 711 431 large-vehicle 0.2627
71 257 72 236 125 237 124 258 large-vehicle 0.2591
623 359 622 336 678 335 678 358 large-vehicle 0.2498
466 796 467 773 524 775 523 798 large-vehicle 0.2452
81 235 80 214 131 212 132 233 large-vehicle 0.2451
226 869 227 847 282 849 281 872 large-vehicle 0.2449
76 279 77 258 128 260 127 281 large-vehicle 0.2353
642 784 665 782 669 830 646 832 large-vehicle 0.2342
826 374 819 350 902 323 910 347 large-vehicle 0.2332
347 374 347 351 404 351 404 375 large-vehicle 0.2319
255 329 277 329 276 386 255 386 large-vehicle 0.2289
832 727 858 729 854 793 828 791 large-vehicle 0.2287
791 164 786 138 882 118 888 145 large-vehicle 0.2221
806 191 801 169 845 160 850 182 large-vehicle 0.2203
604 246 602 223 656 220 657 243 large-vehicle 0.2201
462 889 461 865 531 861 533 885 large-vehicle 0.2119
554 185 554 159 617 158 618 183 large-vehicle 0.2052
839 276 833 253 901 234 907 258 large-vehicle 0.2046
729 707 756 710 749 766 722 763 large-vehicle 0.1985
606 683 636 683 632 827 603 826 large-vehicle 0.1960
470 856 469 833 529 830 530 852 large-vehicle 0.1919
537 213 538 191 586 193 585 215 large-vehicle 0.1685
650 500 672 500 671 549 649 548 large-vehicle 0.1599
184 671 184 650 231 650 231 671 large-vehicle 0.1524
355 323 356 302 403 304 402 324 large-vehicle 0.1490
213 328 235 328 234 383 212 383 large-vehicle 0.1413
353 861 351 838 407 835 408 858 large-vehicle 0.1401
358 348 357 328 402 326 402 346 large-vehicle 0.1256
563 504 586 504 585 551 563 551 large-vehicle 0.1209
221 491 242 490 245 535 223 537 large-vehicle 0.1171
542 500 563 500 561 548 541 547 large-vehicle 0.1157
159 492 181 492 181 538 159 538 large-vehicle 0.1138
181 695 181 675 227 675 227 695 large-vehicle 0.1017
354 497 376 497 376 544 354 544 large-vehicle 0.1008
350 823 352 800 407 805 405 828 large-vehicle 0.1005
785 700 824 699 827 797 788 799 ship 0.1600
832 727 858 729 854 793 828 791 ship 0.1156
607 783 629 780 636 826 613 830 ship 0.1092
464 751 462 727 533 721 536 744 ship 0.1042
725 785 750 783 753 838 729 839 ship 0.1011
785 700 824 699 827 797 788 799 swimming-pool 0.2320
