984 449 995 446 1010 498 998 501 large-vehicle 0.1266
1046 93 1087 83 1109 174 1068 184 ship 0.1489
496 824 582 806 619 985 533 1003 tennis-court 0.9862
354 180 440 162 477 342 391 360 tennis-court 0.9856
40 251 125 231 167 407 82 427 tennis-court 0.9851
476 153 562 134 600 313 514 332 tennis-court 0.9850
156 224 240 205 281 382 197 401 tennis-court 0.9849
438 501 523 482 563 661 477 680 tennis-court 0.9844
786 425 870 406 911 583 826 602 tennis-court 0.9843
863 745 948 727 986 906 901 924 tennis-court 0.9841
617 798 703 779 741 959 655 978 tennis-court 0.9834
742 770 828 754 862 933 776 950 tennis-court 0.9832
721 98 807 80 845 259 759 277 tennis-court 0.9829
318 527 404 511 437 688 352 704 tennis-court 0.9821
599 126 685 108 722 289 635 307 tennis-court 0.9814
67 480 85 480 86 500 67 501 roundabout 0.1714
