843 424 852 410 883 428 874 443 small-vehicle 0.7431
855 406 864 391 895 410 886 425 small-vehicle 0.6349
730 415 739 401 767 419 758 433 small-vehicle 0.6295
859 202 869 188 898 208 888 222 small-vehicle 0.5885
773 344 783 330 813 351 804 365 small-vehicle 0.5616
731 392 741 376 781 399 772 415 small-vehicle 0.5575
91 43 94 26 140 35 136 53 small-vehicle 0.4332
852 223 861 208 893 227 885 242 small-vehicle 0.3152
873 366 882 351 915 371 906 386 small-vehicle 0.2762
765 363 775 349 808 371 798 386 small-vehicle 0.2613
417 765 427 773 404 804 394 796 small-vehicle 0.2001
647 519 659 526 643 552 632 545 small-vehicle 0.1936
428 797 440 805 425 831 412 823 small-vehicle 0.1808
864 384 875 370 904 391 893 405 small-vehicle 0.1639
842 241 851 226 883 245 874 260 small-vehicle 0.1273
90 62 91 47 133 51 131 67 small-vehicle 0.1207
832 436 842 422 871 443 862 457 small-vehicle 0.1157
701 785 708 790 697 807 690 802 small-vehicle 0.1075
809 471 816 457 852 474 845 489 small-vehicle 0.1008
731 392 741 376 781 399 772 415 large-vehicle 0.3561
701 434 711 413 760 437 749 458 large-vehicle 0.2592
91 43 95 26 139 36 136 53 large-vehicle 0.2016
852 223 861 208 893 227 885 242 large-vehicle 0.1973
765 363 775 349 808 371 798 386 large-vehicle 0.1800
843 424 852 410 883 428 874 443 large-vehicle 0.1510
859 202 869 188 898 208 888 222 large-vehicle 0.1488
417 765 427 772 404 805 394 797 large-vehicle 0.1155
730 415 739 401 767 419 758 433 large-vehicle 0.1133
855 406 864 391 895 410 886 425 large-vehicle 0.1047
773 344 783 330 813 351 804 365 large-vehicle 0.1034
91 43 95 26 139 35 136 53 ship 0.1570
170 532 256 545 228 723 142 709 tennis-court 0.9985
277 549 362 561 337 739 252 727 tennis-court 0.9969
215 211 299 224 273 404 189 392 tennis-court 0.9953
636 126 720 139 692 315 609 302 tennis-court 0.9927
523 110 607 122 581 301 497 289 tennis-court 0.9921
324 227 408 240 382 419 298 407 tennis-court 0.9863
