2436 1980 2467 1942 2523 1989 2492 2026 plane 0.2875
2418 1904 2460 1861 2546 1944 2504 1987 plane 0.1211
1123 1460 1127 1441 1166 1450 1161 1469 small-vehicle 0.1469
393 930 402 912 439 931 430 950 small-vehicle 0.1452
1663 907 1683 914 1666 959 1647 952 small-vehicle 0.1367
951 1596 960 1575 999 1593 990 1614 small-vehicle 0.1289
167 1053 177 1030 217 1048 207 1071 small-vehicle 0.1286
1194 1301 1208 1282 1255 1318 1241 1337 small-vehicle 0.1225
1540 1253 1553 1239 1584 1266 1572 1281 small-vehicle 0.1206
228 1094 248 1092 253 1132 232 1134 small-vehicle 0.1183
1886 636 1898 623 1933 655 1921 668 small-vehicle 0.1076
2359 1721 2409 1717 2418 1838 2369 1841 ship 0.2482
1266 796 1270 737 1402 746 1398 804 ship 0.1972
2350 676 2423 693 2398 805 2325 789 ship 0.1004
642 1296 665 1266 714 1304 691 1334 storage-tank 0.1675
1267 795 1272 736 1403 747 1398 806 storage-tank 0.1120
960 568 999 598 943 669 905 638 harbor 0.1733
1653 1564 1701 1596 1639 1688 1591 1655 harbor 0.1596
413 1139 467 1170 422 1247 368 1216 harbor 0.1310
1267 792 1273 735 1402 749 1396 805 harbor 0.1280
2164 939 2204 884 2280 941 2240 995 harbor 0.1247
2359 1721 2409 1717 2418 1838 2369 1841 harbor 0.1161
1953 189 1949 128 2058 120 2063 180 harbor 0.1098
1286 1756 1324 1716 1391 1782 1353 1822 harbor 0.1060
1826 1498 1797 1426 1900 1385 1928 1458 harbor 0.1031
2658 1601 2695 1635 2612 1727 2575 1694 harbor 0.1012
2163 932 2204 883 2277 945 2237 993 swimming-pool 0.6899
2351 676 2422 692 2397 805 2325 789 swimming-pool 0.6801
1826 1499 1798 1429 1898 1388 1927 1458 swimming-pool 0.6312
138 328 200 314 226 431 164 445 swimming-pool 0.5805
1953 189 1949 128 2058 120 2063 180 swimming-pool 0.5730
1653 1564 1701 1596 1639 1688 1591 1655 swimming-pool 0.5253
1267 792 1273 735 1402 749 1396 805 swimming-pool 0.5178
408 1139 463 1170 420 1247 365 1217 swimming-pool 0.5014
1286 1756 1324 1716 1391 1782 1353 1822 swimming-pool 0.3939
960 568 999 598 943 669 905 638 swimming-pool 0.3780
2359 1721 2409 1717 2418 1838 2369 1841 swimming-pool 0.3236
642 1296 665 1266 714 1304 691 1334 swimming-pool 0.2925
