1374 641 1414 318 1748 359 1708 682 baseball-diamond 0.5614
993 1169 1243 996 1467 1321 1217 1493 baseball-diamond 0.2707
925 1326 1006 1010 1522 1143 1441 1458 ground-track-field 0.2463
1015 895 1142 326 1771 465 1644 1035 ground-track-field 0.1604
150 361 149 343 190 342 190 360 small-vehicle 0.2277
178 449 173 432 208 421 213 438 small-vehicle 0.2260
119 645 138 649 132 687 112 684 small-vehicle 0.2200
62 166 81 170 74 209 55 206 small-vehicle 0.2154
150 379 149 360 189 357 190 377 small-vehicle 0.2045
101 639 119 642 112 681 94 678 small-vehicle 0.1991
19 322 36 327 26 365 9 361 small-vehicle 0.1950
776 44 792 39 805 76 789 81 small-vehicle 0.1910
197 556 192 538 233 527 238 545 small-vehicle 0.1879
126 282 123 263 161 256 165 275 small-vehicle 0.1871
186 488 182 470 218 462 222 480 small-vehicle 0.1671
210 583 204 567 243 553 249 570 small-vehicle 0.1634
291 530 298 514 329 527 322 543 small-vehicle 0.1482
1143 175 1142 160 1173 158 1174 173 small-vehicle 0.1449
670 753 764 729 812 924 718 947 tennis-court 0.9940
550 785 643 762 690 955 597 978 tennis-court 0.9929
794 721 886 699 932 892 841 914 tennis-court 0.9873
430 819 522 796 569 985 477 1008 tennis-court 0.9871
587 448 677 422 732 612 641 638 tennis-court 0.9855
466 481 556 454 612 645 521 671 tennis-court 0.9800
711 417 802 393 853 583 762 607 tennis-court 0.9780
345 512 437 487 490 677 398 702 tennis-court 0.9703
276 856 367 833 417 1028 326 1051 tennis-court 0.8367
1027 1015 1293 1048 1245 1425 980 1392 basketball-court 0.1756
1128 1051 1406 1070 1381 1453 1103 1435 soccer-ball-field 0.6474
