126 941 131 921 176 933 170 953 small-vehicle 0.5382
123 915 129 891 187 906 181 929 small-vehicle 0.5067
338 276 360 288 330 341 309 329 small-vehicle 0.4676
884 680 873 663 923 630 935 647 small-vehicle 0.4448
1183 444 1201 452 1183 488 1165 480 small-vehicle 0.4302
514 860 527 847 555 877 542 889 small-vehicle 0.4159
1230 476 1248 485 1231 521 1213 513 small-vehicle 0.4145
237 979 242 957 290 967 286 989 small-vehicle 0.4121
1178 716 1189 698 1226 720 1216 738 small-vehicle 0.4086
1190 693 1201 674 1241 697 1229 716 small-vehicle 0.4030
230 1002 235 980 288 992 282 1014 small-vehicle 0.3903
275 864 283 846 321 862 313 880 small-vehicle 0.3854
480 558 478 534 521 530 523 555 small-vehicle 0.3777
618 1027 612 1005 654 993 660 1015 small-vehicle 0.3768
489 418 502 400 534 422 522 440 small-vehicle 0.3692
604 982 593 966 625 945 636 962 small-vehicle 0.3690
447 392 456 376 489 394 481 410 small-vehicle 0.3633
539 455 550 440 580 462 569 477 small-vehicle 0.3413
610 1003 600 983 639 963 649 983 small-vehicle 0.3402
678 110 699 120 682 160 660 151 small-vehicle 0.3362
1018 806 1021 783 1076 791 1072 814 small-vehicle 0.3339
5 622 19 601 67 634 53 654 small-vehicle 0.3335
457 776 445 754 500 725 512 746 small-vehicle 0.3283
98 971 105 950 147 964 140 984 small-vehicle 0.3261
289 806 294 782 337 791 331 815 small-vehicle 0.3235
410 351 427 334 457 365 440 382 small-vehicle 0.3221
572 849 562 830 616 801 626 821 small-vehicle 0.3179
76 591 89 572 129 598 116 617 small-vehicle 0.3136
475 374 463 353 522 318 534 339 small-vehicle 0.3099
321 177 332 152 383 174 372 199 small-vehicle 0.3056
1357 1104 1379 1110 1368 1154 1346 1148 small-vehicle 0.2933
490 793 479 771 531 745 542 767 small-vehicle 0.2920
366 102 395 102 395 159 365 159 small-vehicle 0.2907
574 936 563 921 592 901 603 917 small-vehicle 0.2882
585 963 573 948 603 923 615 939 small-vehicle 0.2837
448 501 437 486 467 464 478 480 small-vehicle 0.2778
518 813 507 791 559 763 571 785 small-vehicle 0.2745
264 887 275 867 313 888 302 908 small-vehicle 0.2744
845 1117 852 1096 897 1112 890 1133 small-vehicle 0.2663
1169 738 1180 720 1215 741 1204 759 small-vehicle 0.2617
596 459 586 439 648 407 658 427 small-vehicle 0.2609
502 394 489 374 548 335 561 355 small-vehicle 0.2599
118 864 123 841 184 854 179 877 small-vehicle 0.2486
1 646 17 632 46 665 30 679 small-vehicle 0.2473
771 91 781 70 824 90 814 111 small-vehicle 0.2462
311 668 298 646 352 613 366 635 small-vehicle 0.2448
578 445 566 427 624 385 637 403 small-vehicle 0.2410
257 637 247 617 303 588 314 609 small-vehicle 0.2330
908 702 894 681 935 652 950 672 small-vehicle 0.2312
469 538 465 515 507 507 511 531 small-vehicle 0.2287
123 888 128 864 187 878 182 901 small-vehicle 0.2120
1020 766 1021 742 1067 743 1067 767 small-vehicle 0.1977
328 898 337 874 414 904 405 928 small-vehicle 0.1971
614 710 601 694 661 645 674 661 small-vehicle 0.1923
83 1010 88 988 138 1000 134 1021 small-vehicle 0.1904
329 159 336 135 390 152 382 176 small-vehicle 0.1896
735 565 723 547 786 501 799 518 small-vehicle 0.1891
621 1158 645 1165 630 1215 606 1208 small-vehicle 0.1881
1257 488 1274 495 1259 531 1241 523 small-vehicle 0.1800
805 843 790 825 849 776 864 793 small-vehicle 0.1771
313 995 318 971 398 990 392 1013 small-vehicle 0.1767
481 822 495 810 524 841 510 853 small-vehicle 0.1767
108 888 131 893 122 936 99 931 small-vehicle 0.1761
61 611 72 591 121 620 109 640 small-vehicle 0.1750
225 1027 231 1005 279 1018 273 1040 small-vehicle 0.1734
640 472 625 455 685 406 699 424 small-vehicle 0.1656
455 517 451 493 498 486 501 510 small-vehicle 0.1602
380 839 395 819 464 871 449 891 small-vehicle 0.1597
400 1072 421 1085 385 1148 363 1135 small-vehicle 0.1593
566 678 553 662 617 612 629 628 small-vehicle 0.1574
219 1064 224 1044 270 1056 265 1076 small-vehicle 0.1561
1077 814 1081 790 1129 797 1125 821 small-vehicle 0.1560
500 587 486 568 526 540 540 559 small-vehicle 0.1555
732 792 717 773 785 719 800 738 small-vehicle 0.1544
318 1029 322 1005 397 1016 394 1041 small-vehicle 0.1544
868 664 855 648 913 601 926 617 small-vehicle 0.1490
544 661 531 645 591 596 604 612 small-vehicle 0.1485
1059 655 1072 638 1131 686 1117 703 small-vehicle 0.1469
635 731 622 714 685 663 698 679 small-vehicle 0.1432
498 632 483 616 544 564 558 580 small-vehicle 0.1426
215 1088 221 1067 264 1080 258 1101 small-vehicle 0.1397
864 846 889 856 869 905 844 895 small-vehicle 0.1354
649 493 636 474 697 434 710 454 small-vehicle 0.1341
901 1129 902 1108 943 1111 941 1132 small-vehicle 0.1330
1198 674 1211 651 1252 676 1239 698 small-vehicle 0.1330
81 726 106 732 88 805 64 799 small-vehicle 0.1328
593 691 580 676 639 627 652 643 small-vehicle 0.1321
686 762 671 746 729 695 744 712 small-vehicle 0.1316
759 580 747 563 814 516 826 534 small-vehicle 0.1314
690 530 677 511 743 468 756 486 small-vehicle 0.1285
1075 633 1088 615 1150 658 1137 677 small-vehicle 0.1262
610 152 632 163 594 242 572 231 small-vehicle 0.1239
779 599 766 580 834 534 846 553 small-vehicle 0.1235
594 123 604 99 647 116 637 140 small-vehicle 0.1235
1035 674 1052 654 1113 707 1096 727 small-vehicle 0.1225
1346 1205 1357 1206 1356 1227 1344 1226 small-vehicle 0.1221
1118 569 1129 550 1196 590 1185 609 small-vehicle 0.1213
842 103 860 109 847 147 829 140 small-vehicle 0.1206
829 629 815 610 878 565 892 584 small-vehicle 0.1190
761 809 748 793 807 741 821 756 small-vehicle 0.1177
1310 781 1319 757 1363 774 1353 798 small-vehicle 0.1177
1103 590 1115 572 1177 614 1165 632 small-vehicle 0.1163
1057 1149 1068 1127 1110 1148 1099 1170 small-vehicle 0.1139
714 174 727 149 800 186 787 211 small-vehicle 0.1134
1090 611 1102 594 1164 637 1152 654 small-vehicle 0.1134
671 513 658 495 721 451 733 468 small-vehicle 0.1127
-1 661 15 651 34 684 18 694 small-vehicle 0.1111
1131 546 1142 527 1208 565 1197 584 small-vehicle 0.1103
327 1113 313 1092 382 1047 396 1068 small-vehicle 0.1097
652 115 676 121 664 165 641 160 small-vehicle 0.1072
209 761 232 766 213 843 190 838 small-vehicle 0.1068
1301 816 1317 798 1349 826 1333 844 small-vehicle 0.1013
318 1028 321 1005 397 1017 393 1040 large-vehicle 0.7256
329 898 337 876 413 904 405 926 large-vehicle 0.6941
209 763 230 768 212 844 190 839 large-vehicle 0.6779
313 994 318 971 398 990 393 1013 large-vehicle 0.6651
158 760 177 765 158 836 139 831 large-vehicle 0.6003
1081 369 1100 379 1061 453 1043 444 large-vehicle 0.5850
183 765 201 770 180 841 162 836 large-vehicle 0.5814
133 751 153 756 133 831 114 826 large-vehicle 0.5785
900 283 918 292 877 372 859 363 large-vehicle 0.5766
257 637 247 617 303 588 314 609 large-vehicle 0.5608
825 243 844 254 804 332 784 321 large-vehicle 0.5554
1118 569 1129 550 1196 590 1185 609 large-vehicle 0.5434
1006 329 1026 339 986 417 966 407 large-vehicle 0.5318
544 661 531 645 591 596 604 612 large-vehicle 0.5277
716 206 734 217 693 289 675 278 large-vehicle 0.5244
382 841 394 823 459 870 447 887 large-vehicle 0.5224
733 790 720 773 784 723 797 740 large-vehicle 0.5210
1058 357 1076 367 1036 441 1018 431 large-vehicle 0.5163
749 213 766 223 720 297 703 286 large-vehicle 0.5147
684 760 671 743 736 694 749 711 large-vehicle 0.5061
771 222 788 232 749 307 731 297 large-vehicle 0.4931
106 756 126 762 108 827 89 822 large-vehicle 0.4901
611 153 632 163 594 242 573 232 large-vehicle 0.4887
848 258 867 267 830 343 811 333 large-vehicle 0.4870
502 394 489 374 548 335 561 355 large-vehicle 0.4799
1131 546 1142 527 1208 565 1197 584 large-vehicle 0.4769
82 726 106 732 88 807 64 801 large-vehicle 0.4761
578 445 566 427 624 385 637 403 large-vehicle 0.4738
689 203 707 213 665 286 647 276 large-vehicle 0.4730
566 678 553 662 617 612 629 628 large-vehicle 0.4723
735 565 723 547 786 501 799 518 large-vehicle 0.4661
718 174 730 151 798 186 787 208 large-vehicle 0.4648
1108 386 1126 397 1083 470 1065 459 large-vehicle 0.4647
871 274 890 283 851 362 832 353 large-vehicle 0.4609
475 374 463 353 522 318 534 339 large-vehicle 0.4526
805 843 790 825 849 776 864 793 large-vehicle 0.4514
1033 342 1051 353 1010 424 992 413 large-vehicle 0.4443
572 849 562 830 616 801 626 821 large-vehicle 0.4430
829 628 816 610 882 563 895 581 large-vehicle 0.4386
498 632 483 616 544 564 558 580 large-vehicle 0.4209
761 809 748 793 807 741 821 756 large-vehicle 0.4203
633 177 653 186 615 264 595 254 large-vehicle 0.4193
636 728 624 712 687 662 700 678 large-vehicle 0.4127
1133 401 1149 411 1104 485 1087 474 large-vehicle 0.4117
400 1072 421 1085 385 1148 363 1135 large-vehicle 0.4079
614 710 601 694 661 645 674 661 large-vehicle 0.4054
793 210 802 189 885 227 875 248 large-vehicle 0.4032
330 1110 318 1092 380 1051 392 1068 large-vehicle 0.3912
593 691 580 676 639 627 652 643 large-vehicle 0.3875
1059 655 1072 638 1131 686 1117 703 large-vehicle 0.3829
457 776 445 754 500 725 512 746 large-vehicle 0.3806
868 664 855 648 913 601 926 617 large-vehicle 0.3739
1038 675 1053 657 1111 707 1096 725 large-vehicle 0.3695
785 600 772 582 833 535 847 552 large-vehicle 0.3664
117 864 121 841 184 853 180 877 large-vehicle 0.3584
1075 633 1088 615 1150 658 1137 677 large-vehicle 0.3484
759 580 747 563 814 516 826 534 large-vehicle 0.3394
640 472 625 455 685 406 699 424 large-vehicle 0.3350
1103 590 1115 572 1177 614 1165 632 large-vehicle 0.3279
1090 611 1102 594 1163 638 1151 654 large-vehicle 0.3262
884 680 873 663 923 630 935 647 large-vehicle 0.3174
651 492 639 474 703 431 715 449 large-vehicle 0.3168
311 668 298 646 352 613 366 635 large-vehicle 0.3154
490 793 478 772 530 744 541 765 large-vehicle 0.3136
596 459 586 439 648 407 658 427 large-vehicle 0.3097
690 530 677 511 743 468 756 486 large-vehicle 0.3087
541 45 561 59 520 117 501 104 large-vehicle 0.3010
517 812 507 792 561 764 572 784 large-vehicle 0.2817
116 913 124 886 186 903 179 930 large-vehicle 0.2702
671 513 658 495 721 451 733 468 large-vehicle 0.2515
123 888 128 864 187 878 182 901 large-vehicle 0.1632
621 1158 645 1165 630 1215 606 1208 large-vehicle 0.1407
338 276 360 288 330 341 309 329 large-vehicle 0.1392
305 482 325 453 475 555 456 584 large-vehicle 0.1301
230 1002 235 980 288 992 282 1014 large-vehicle 0.1251
126 941 131 921 176 933 170 953 large-vehicle 0.1028
759 812 744 794 810 738 825 756 ship 0.1738
732 792 717 773 785 719 800 738 ship 0.1656
400 1072 421 1085 385 1148 363 1135 ship 0.1518
564 680 551 663 619 609 633 627 ship 0.1447
884 680 873 663 923 630 935 647 ship 0.1356
716 207 734 217 694 291 676 281 ship 0.1295
733 568 719 549 788 497 802 516 ship 0.1271
612 712 597 694 665 642 679 661 ship 0.1269
684 763 669 744 736 690 751 709 ship 0.1260
771 222 788 232 749 307 731 297 ship 0.1251
900 283 918 292 877 372 859 363 ship 0.1234
825 243 844 254 804 332 784 321 ship 0.1225
865 668 850 647 916 597 931 618 ship 0.1124
1006 329 1026 339 986 417 966 407 ship 0.1124
871 274 890 283 851 362 832 353 ship 0.1115
803 846 787 827 849 773 866 792 ship 0.1094
778 602 763 582 835 532 849 552 ship 0.1066
688 533 674 512 746 466 759 486 ship 0.1053
634 734 619 715 686 661 701 680 ship 0.1038
1055 653 1071 634 1132 687 1116 705 ship 0.1025
1035 674 1052 654 1113 707 1096 727 ship 0.1021
1081 369 1100 379 1061 453 1043 444 ship 0.1002
1391 147 1422 149 1404 436 1374 434 harbor 0.1243
