1058 106 1081 55 1178 98 1155 149 ground-track-field 0.1647
866 510 896 468 975 523 946 566 ground-track-field 0.1404
830 986 839 967 879 985 871 1004 small-vehicle 0.5736
254 356 263 337 302 355 294 374 small-vehicle 0.5188
225 39 246 49 227 91 205 81 small-vehicle 0.5060
26 201 35 182 89 208 79 227 small-vehicle 0.4679
204 354 214 336 256 360 246 378 small-vehicle 0.4151
727 1097 736 1080 769 1098 761 1115 small-vehicle 0.4101
44 578 53 560 90 580 81 598 small-vehicle 0.4070
1156 239 1167 219 1210 241 1199 262 small-vehicle 0.4051
26 621 34 605 72 624 64 641 small-vehicle 0.3906
1162 837 1177 826 1201 858 1187 869 small-vehicle 0.3848
944 660 952 645 986 662 978 677 small-vehicle 0.3702
72 641 82 624 119 645 109 662 small-vehicle 0.3669
1166 413 1176 396 1215 421 1204 437 small-vehicle 0.3484
0 313 10 298 44 322 33 337 small-vehicle 0.3316
344 40 351 23 386 37 379 54 small-vehicle 0.3305
43 510 60 516 47 549 30 543 small-vehicle 0.3153
1214 239 1222 225 1252 241 1244 255 small-vehicle 0.3036
353 74 362 57 397 76 388 93 small-vehicle 0.3008
1129 393 1137 378 1170 395 1162 411 small-vehicle 0.2390
-5 742 5 733 21 752 11 761 small-vehicle 0.1812
-9 329 6 320 21 346 6 355 small-vehicle 0.1568
42 1173 54 1176 49 1199 37 1196 small-vehicle 0.1437
1226 64 1241 69 1233 96 1218 92 small-vehicle 0.1417
310 230 319 214 357 235 348 251 small-vehicle 0.1321
107 86 116 70 145 88 136 103 small-vehicle 0.1220
1244 186 1265 195 1245 240 1224 231 small-vehicle 0.1200
740 1171 750 1175 740 1199 730 1194 small-vehicle 0.1138
224 40 246 49 227 91 205 82 large-vehicle 0.1865
866 510 896 468 975 523 946 566 large-vehicle 0.1330
26 201 35 182 89 208 79 227 large-vehicle 0.1252
1058 107 1080 55 1176 96 1154 148 large-vehicle 0.1130
456 1199 456 1173 510 1172 510 1198 ship 0.1731
375 415 372 360 432 357 435 412 ship 0.1675
1020 221 1072 219 1074 276 1022 278 ship 0.1592
204 769 212 719 266 728 258 778 ship 0.1367
617 1017 641 973 689 1000 665 1043 ship 0.1300
337 480 333 430 389 425 393 475 ship 0.1269
395 337 392 282 454 279 457 333 ship 0.1200
452 273 453 224 507 226 505 275 ship 0.1117
866 510 896 468 975 523 946 566 ship 0.1114
523 124 532 74 586 85 576 135 ship 0.1036
499 205 495 164 542 160 546 200 ship 0.1025
1056 107 1079 53 1179 95 1156 149 ship 0.1019
1060 106 1081 56 1177 97 1156 147 tennis-court 0.1429
868 512 899 469 974 522 943 566 tennis-court 0.1190
501 205 495 167 541 160 547 198 storage-tank 0.2150
376 416 370 361 431 355 436 410 storage-tank 0.1621
454 159 477 147 492 177 469 189 storage-tank 0.1579
1012 229 1062 212 1081 267 1031 284 storage-tank 0.1463
204 769 211 720 266 727 259 777 storage-tank 0.1453
395 337 392 282 454 279 457 334 storage-tank 0.1371
619 1023 635 974 688 992 671 1041 storage-tank 0.1336
337 480 332 430 390 425 394 475 storage-tank 0.1307
523 126 529 75 585 82 579 133 storage-tank 0.1232
454 273 453 226 506 225 507 272 storage-tank 0.1202
259 616 259 575 309 575 309 617 storage-tank 0.1035
1058 107 1080 55 1176 96 1154 148 soccer-ball-field 0.1011
457 1196 458 1172 512 1175 511 1199 harbor 0.1050
869 515 895 472 976 520 950 564 swimming-pool 0.7796
375 415 372 360 432 357 435 412 swimming-pool 0.7523
1058 106 1081 55 1178 98 1155 149 swimming-pool 0.7421
453 272 454 225 506 226 505 273 swimming-pool 0.7415
205 770 211 720 265 727 259 777 swimming-pool 0.7276
524 124 533 75 585 85 576 134 swimming-pool 0.6985
338 481 332 431 388 424 395 474 swimming-pool 0.6776
1020 221 1072 219 1074 276 1022 278 swimming-pool 0.6530
260 617 260 576 309 577 308 618 swimming-pool 0.5819
395 336 393 281 454 279 456 334 swimming-pool 0.5594
618 1017 641 974 688 999 664 1043 swimming-pool 0.5561
1167 1145 1188 1158 1162 1201 1141 1188 swimming-pool 0.3727
457 1197 457 1174 510 1174 509 1197 swimming-pool 0.3473
501 205 495 167 541 160 547 198 swimming-pool 0.2282
454 159 477 147 492 177 469 189 swimming-pool 0.1812
334 569 340 521 391 527 386 575 swimming-pool 0.1541
331 503 339 484 376 500 369 518 swimming-pool 0.1168
293 548 306 531 337 554 324 571 swimming-pool 0.1107
