525 362 540 347 571 378 556 393 small-vehicle 0.6655
544 343 559 329 588 358 574 372 small-vehicle 0.6458
262 761 258 744 295 736 299 753 small-vehicle 0.6246
310 977 305 958 355 946 360 965 small-vehicle 0.5811
507 712 496 699 522 677 533 690 small-vehicle 0.5223
79 734 74 715 117 704 122 723 small-vehicle 0.5130
572 729 585 741 558 769 546 757 small-vehicle 0.5023
323 1021 316 1002 363 986 369 1005 small-vehicle 0.4794
539 753 528 740 557 715 568 727 small-vehicle 0.4756
100 635 98 620 132 613 135 629 small-vehicle 0.4701
279 838 274 820 318 808 323 826 small-vehicle 0.4530
314 995 311 976 356 969 359 987 small-vehicle 0.4351
253 714 249 698 285 690 288 707 small-vehicle 0.4247
93 612 93 593 130 593 130 613 small-vehicle 0.3932
553 915 539 900 567 875 581 889 small-vehicle 0.3909
340 1055 331 1039 367 1020 375 1037 small-vehicle 0.3883
309 955 304 936 350 926 355 944 small-vehicle 0.3577
307 933 303 917 343 905 347 921 small-vehicle 0.2881
396 762 385 748 427 714 439 728 small-vehicle 0.2581
143 472 139 451 196 442 200 463 small-vehicle 0.2269
298 913 294 897 334 886 338 902 small-vehicle 0.2074
412 777 401 763 439 734 450 748 small-vehicle 0.1973
512 885 499 868 542 835 555 852 small-vehicle 0.1709
284 858 280 841 319 830 323 848 small-vehicle 0.1681
86 784 79 761 138 745 144 768 small-vehicle 0.1592
291 876 287 860 327 849 332 865 small-vehicle 0.1446
295 893 292 878 332 869 335 883 small-vehicle 0.1318
332 1041 324 1022 365 1004 374 1022 small-vehicle 0.1286
613 806 630 807 628 838 611 837 small-vehicle 0.1224
340 222 336 209 361 202 365 215 small-vehicle 0.1172
77 755 73 736 121 724 126 743 small-vehicle 0.1140
417 802 407 786 458 754 468 769 small-vehicle 0.1133
158 494 155 473 240 461 243 482 small-vehicle 0.1063
133 401 131 378 219 368 222 390 small-vehicle 0.1052
372 751 361 737 415 697 426 712 small-vehicle 0.1004
208 619 205 598 287 584 291 605 large-vehicle 0.6771
135 401 132 380 216 367 219 388 large-vehicle 0.6661
175 543 171 523 249 507 253 527 large-vehicle 0.6563
197 588 193 567 273 552 277 573 large-vehicle 0.6278
159 493 156 473 240 461 243 481 large-vehicle 0.6126
148 451 144 430 229 414 233 435 large-vehicle 0.5482
144 471 141 452 196 443 199 462 large-vehicle 0.5377
174 513 172 495 239 485 242 503 large-vehicle 0.5284
140 426 138 405 221 396 224 416 large-vehicle 0.5136
345 727 333 711 393 663 406 679 large-vehicle 0.4239
85 782 80 760 139 746 144 768 large-vehicle 0.4148
307 933 303 917 343 905 347 921 large-vehicle 0.4094
279 838 274 820 318 808 323 826 large-vehicle 0.3915
298 913 294 897 334 886 338 902 large-vehicle 0.3842
308 956 303 937 349 926 353 945 large-vehicle 0.3791
323 1021 316 1002 363 986 369 1005 large-vehicle 0.3751
492 924 481 907 551 861 562 878 large-vehicle 0.3531
372 751 361 737 415 697 426 712 large-vehicle 0.3485
408 809 396 793 451 753 463 769 large-vehicle 0.3466
436 825 424 811 475 767 487 780 large-vehicle 0.3434
447 844 435 828 495 781 507 796 large-vehicle 0.3375
396 762 385 748 427 714 439 728 large-vehicle 0.3269
295 893 292 878 332 869 335 883 large-vehicle 0.3153
511 887 497 871 539 837 552 853 large-vehicle 0.2993
291 876 287 860 327 849 332 865 large-vehicle 0.2696
310 977 305 958 355 946 360 965 large-vehicle 0.2484
79 734 74 715 117 704 122 723 large-vehicle 0.2474
285 858 281 841 322 832 326 849 large-vehicle 0.2078
525 362 540 347 571 378 556 393 large-vehicle 0.1909
412 777 401 763 439 734 450 748 large-vehicle 0.1829
332 445 318 424 451 336 464 357 large-vehicle 0.1616
314 995 311 976 356 969 359 987 large-vehicle 0.1511
544 343 559 329 588 358 574 372 large-vehicle 0.1335
391 504 373 484 501 372 518 392 large-vehicle 0.1297
262 761 258 744 295 736 299 753 large-vehicle 0.1117
77 755 73 736 121 724 126 743 large-vehicle 0.1092
