1881 193 1899 200 1884 241 1866 234 small-vehicle 0.1511
1873 274 1886 259 1921 287 1908 303 small-vehicle 0.1180
1903 303 1913 284 1955 307 1945 326 small-vehicle 0.1057
1026 733 1056 741 1032 833 1002 826 ship 0.2840
1016 592 1038 602 1016 654 993 644 ship 0.2725
1175 893 1191 889 1199 921 1183 925 ship 0.1830
1903 303 1913 284 1955 307 1945 326 ship 0.1020
1829 735 1892 782 1750 973 1687 926 harbor 0.3272
301 91 344 94 318 510 276 507 harbor 0.2543
1110 301 1195 333 1005 844 919 812 harbor 0.2232
528 73 573 85 436 596 391 584 harbor 0.1983
827 208 907 247 663 741 583 701 harbor 0.1903
1419 374 1496 416 1189 982 1112 940 harbor 0.1773
