1168 1451 1166 1436 1204 1431 1206 1447 small-vehicle 0.1070
1157 799 1191 792 1206 870 1172 877 ship 0.3635
708 1500 708 1475 760 1476 759 1500 ship 0.3168
724 1532 720 1512 766 1503 770 1522 ship 0.2426
765 666 764 647 805 644 806 663 ship 0.2222
780 1434 780 1415 821 1415 821 1433 ship 0.1847
1192 897 1207 899 1202 932 1187 930 ship 0.1716
569 310 584 312 577 347 562 345 ship 0.1688
1187 754 1200 753 1204 783 1191 784 ship 0.1644
764 1517 771 1507 791 1519 785 1529 ship 0.1269
1179 875 1192 866 1210 892 1197 901 ship 0.1253
768 1528 776 1519 793 1534 786 1543 ship 0.1144
649 2043 662 1961 955 2007 942 2089 ship 0.1124
786 1513 793 1505 811 1520 804 1528 ship 0.1047
746 1545 752 1534 776 1545 771 1557 ship 0.1031
787 1532 795 1523 815 1541 807 1550 ship 0.1001
773 790 763 710 1010 679 1020 759 harbor 0.7189
746 1042 744 956 1002 951 1004 1036 harbor 0.6047
649 2043 662 1961 955 2007 942 2089 harbor 0.6014
772 1421 775 1368 995 1380 992 1433 harbor 0.4610
787 1288 786 1226 992 1224 993 1286 harbor 0.4343
619 1747 642 1666 975 1763 951 1845 harbor 0.4217
727 1556 729 1494 1034 1505 1032 1566 harbor 0.4093
771 653 745 592 976 495 1002 556 harbor 0.3140
181 205 151 166 283 62 313 101 harbor 0.2904
383 147 425 179 319 318 276 286 harbor 0.2326
794 1877 802 1841 979 1878 972 1914 harbor 0.2086
655 164 694 189 583 364 544 339 harbor 0.1844
806 244 857 284 640 558 589 518 harbor 0.1748
850 2048 855 2024 991 2053 986 2076 harbor 0.1703
785 680 770 637 991 556 1007 599 harbor 0.1697
792 1278 795 1258 840 1265 837 1285 harbor 0.1265
778 1235 794 1228 808 1262 792 1269 harbor 0.1034
1157 799 1191 792 1206 870 1172 877 harbor 0.1031
765 666 764 647 805 644 806 663 harbor 0.1005
778 1436 779 1416 822 1419 821 1439 harbor 0.1004
1075 320 1076 302 1111 304 1110 323 swimming-pool 0.1082
967 268 965 247 1000 244 1002 266 swimming-pool 0.1011
