70 1662 72 1649 99 1653 96 1666 small-vehicle 0.1356
885 317 915 307 941 386 912 396 ship 0.4187
1109 965 1116 947 1154 961 1147 979 ship 0.3692
920 290 953 279 983 376 949 386 ship 0.2667
373 1158 397 1152 408 1195 385 1201 ship 0.2665
1095 889 1111 882 1129 923 1113 931 ship 0.2490
553 791 580 785 592 838 565 844 ship 0.2277
1579 723 1604 722 1608 782 1584 784 ship 0.2101
1044 877 1068 872 1084 939 1060 945 ship 0.1907
1103 940 1108 927 1137 937 1133 950 ship 0.1693
1638 1472 1657 1466 1670 1508 1652 1514 ship 0.1342
1084 902 1099 897 1110 929 1095 934 ship 0.1309
1608 721 1634 708 1654 748 1627 761 ship 0.1281
1096 981 1102 969 1131 982 1125 994 ship 0.1244
1452 1601 1468 1595 1483 1638 1466 1643 ship 0.1122
340 1175 367 1167 380 1214 353 1221 ship 0.1024
143 1175 213 1154 301 1454 231 1474 harbor 0.4036
1335 790 1388 779 1450 1088 1397 1099 harbor 0.3799
687 833 773 806 892 1184 806 1211 harbor 0.3307
1600 727 1644 726 1655 1061 1610 1063 harbor 0.3223
1854 781 1902 783 1890 1071 1842 1068 harbor 0.3206
332 1180 373 1162 485 1415 444 1434 harbor 0.3004
512 828 596 807 721 1317 637 1338 harbor 0.2385
1944 905 1963 910 1930 1034 1911 1029 harbor 0.2186
877 768 913 753 1051 1079 1015 1094 harbor 0.2185
877 351 956 326 1174 1002 1096 1027 harbor 0.2081
-56 1229 -18 1214 102 1517 64 1532 harbor 0.1799
1103 989 1137 979 1179 1129 1145 1138 harbor 0.1506
