747 35 757 27 774 49 764 57 ship 0.2306
756 22 763 13 784 29 777 38 ship 0.2284
607 199 619 190 648 227 636 236 ship 0.1676
764 18 771 7 792 20 786 31 ship 0.1416
188 853 190 840 220 845 218 858 ship 0.1281
762 34 769 27 783 43 776 49 ship 0.1102
206 827 200 758 370 744 376 812 harbor 0.4471
166 1300 167 1273 236 1276 235 1303 harbor 0.3067
151 933 170 891 325 963 306 1004 harbor 0.2895
168 883 183 840 351 898 336 941 harbor 0.2717
376 424 421 376 569 513 523 562 harbor 0.2450
134 1439 123 1397 286 1354 297 1397 harbor 0.2328
152 1487 140 1449 312 1395 324 1433 harbor 0.2178
211 1672 193 1619 481 1524 498 1577 harbor 0.2004
235 1734 213 1682 498 1564 519 1616 harbor 0.1720
465 306 497 272 646 410 614 444 harbor 0.1665
588 191 614 164 745 292 719 319 harbor 0.1344
184 1615 176 1583 401 1528 409 1561 harbor 0.1212
188 871 192 814 366 823 363 881 harbor 0.1181
615 921 650 942 618 996 582 974 swimming-pool 0.1439
