1125 105 1179 92 1209 218 1155 231 bridge 0.1475
1368 712 1387 721 1370 759 1351 751 small-vehicle 0.2244
1125 105 1179 92 1209 218 1155 231 harbor 0.7402
740 76 778 78 773 221 734 219 harbor 0.4840
820 507 877 522 832 698 775 683 harbor 0.4838
494 34 535 29 557 210 517 215 harbor 0.4002
960 149 985 146 993 224 967 227 harbor 0.3517
294 80 331 70 373 232 336 242 harbor 0.3291
81 228 110 204 217 333 188 357 harbor 0.2305
1181 145 1199 140 1220 217 1202 222 harbor 0.1708
1039 143 1073 123 1102 171 1067 192 harbor 0.1109
