349 711 355 684 450 707 444 734 ship 0.2966
178 1555 183 1533 269 1553 264 1575 ship 0.1577
308 1018 327 1016 331 1052 312 1054 ship 0.1014
42 1571 59 1504 262 1553 246 1621 harbor 0.5625
656 352 714 345 725 431 667 439 harbor 0.4968
395 490 431 433 571 520 535 578 harbor 0.4447
155 1048 155 989 330 988 331 1047 harbor 0.3873
858 106 903 83 971 218 926 241 harbor 0.3245
212 1346 225 1317 306 1353 293 1382 harbor 0.2909
566 1272 543 1229 739 1124 762 1167 harbor 0.2211
346 713 355 684 449 712 440 741 harbor 0.2036
