52 832 56 816 91 823 87 840 small-vehicle 0.6103
46 790 51 772 92 784 87 801 small-vehicle 0.5698
273 854 277 838 314 847 310 864 small-vehicle 0.4911
122 849 126 832 164 841 160 858 small-vehicle 0.3949
60 888 62 872 101 876 100 892 small-vehicle 0.3200
53 815 55 798 90 802 88 819 small-vehicle 0.2664
436 621 442 602 498 620 492 638 small-vehicle 0.2326
154 440 168 451 149 476 135 465 small-vehicle 0.1804
63 875 64 859 101 860 100 877 small-vehicle 0.1608
276 840 277 823 312 825 311 842 small-vehicle 0.1327
577 479 573 459 626 448 630 468 small-vehicle 0.1325
277 286 295 287 293 317 275 316 small-vehicle 0.1134
436 621 442 602 498 620 492 638 large-vehicle 0.3180
601 484 591 465 724 398 734 417 large-vehicle 0.3101
827 543 845 557 810 601 793 587 large-vehicle 0.2965
46 790 51 772 92 784 87 801 large-vehicle 0.2534
486 641 490 621 617 644 613 665 large-vehicle 0.2240
342 502 357 487 453 585 438 600 large-vehicle 0.2212
385 453 399 437 498 526 485 541 large-vehicle 0.1988
370 478 385 462 480 556 465 571 large-vehicle 0.1793
425 405 439 389 553 482 539 498 large-vehicle 0.1583
773 392 790 405 711 508 694 495 large-vehicle 0.1501
680 290 697 306 606 404 589 388 large-vehicle 0.1432
480 568 493 568 494 607 481 607 large-vehicle 0.1264
579 493 580 472 708 478 707 500 large-vehicle 0.1194
52 832 56 816 91 823 87 840 large-vehicle 0.1178
566 351 581 337 657 421 641 435 large-vehicle 0.1056
300 518 314 500 354 531 341 548 large-vehicle 0.1000
