2225 358 2255 360 2250 469 2220 468 ship 0.1598
2060 613 2073 585 2118 606 2106 634 ship 0.1428
2097 597 2121 582 2145 621 2121 636 ship 0.1075
740 562 764 560 767 611 744 613 ship 0.1073
2091 137 2172 141 2148 627 2068 623 harbor 0.2924
2237 160 2292 163 2277 476 2222 473 harbor 0.2173
3248 103 3327 110 3298 433 3219 426 harbor 0.1964
2673 205 2761 208 2749 557 2661 554 harbor 0.1880
673 245 747 235 793 591 720 600 harbor 0.1533
1595 143 1636 144 1629 384 1587 383 harbor 0.1491
893 191 959 189 971 560 904 563 harbor 0.1441
1728 131 1805 139 1776 448 1699 440 harbor 0.1259
338 323 408 310 479 680 409 694 harbor 0.1066
