2022 568 2047 572 2040 620 2015 616 ship 0.2375
1449 614 1473 615 1471 660 1447 658 ship 0.1482
224 831 252 833 249 888 221 886 ship 0.1356
2500 995 2527 987 2541 1031 2515 1040 ship 0.1054
707 902 737 903 736 954 706 953 ship 0.1035
1593 345 1630 348 1618 512 1580 509 harbor 0.3455
1478 341 1542 352 1487 667 1423 656 harbor 0.2419
941 266 1018 269 987 943 911 939 harbor 0.2361
2014 327 2077 335 2043 614 1980 607 harbor 0.2154
2836 467 2900 470 2884 772 2820 769 harbor 0.2139
286 322 361 335 272 864 196 851 harbor 0.1963
738 259 837 269 765 946 666 936 harbor 0.1896
