541 223 659 226 653 437 536 434 ground-track-field 0.2907
137 215 232 217 229 420 135 419 ground-track-field 0.2546
255 214 353 218 344 424 246 420 ground-track-field 0.2317
393 214 518 218 510 442 384 438 ground-track-field 0.1597
412 194 412 184 434 185 433 195 small-vehicle 0.2305
404 467 405 455 429 456 429 467 small-vehicle 0.2121
17 577 14 563 46 555 50 569 small-vehicle 0.1670
147 188 145 180 165 177 166 184 small-vehicle 0.1215
592 375 594 364 613 368 610 379 small-vehicle 0.1074
550 196 550 188 571 187 571 196 small-vehicle 0.1044
47 287 59 288 57 322 46 322 large-vehicle 0.1154
141 223 229 223 230 412 141 412 tennis-court 0.9672
255 225 346 227 341 421 251 419 tennis-court 0.9649
548 234 663 241 652 427 536 420 tennis-court 0.3456
394 210 518 218 503 441 380 433 tennis-court 0.2922
547 229 660 235 650 430 537 424 basketball-court 0.7396
400 225 512 231 502 425 390 420 basketball-court 0.6717
541 223 659 226 653 437 536 434 soccer-ball-field 0.4698
394 210 518 218 503 441 380 433 soccer-ball-field 0.3639
255 214 353 218 344 424 246 420 harbor 0.1096
