520 324 536 327 530 366 514 363 small-vehicle 0.3302
566 196 587 195 588 253 568 254 small-vehicle 0.2423
536 253 552 255 546 294 530 292 small-vehicle 0.2377
567 195 588 195 587 254 567 254 large-vehicle 0.5907
566 196 587 195 588 253 568 254 ship 0.1160
426 133 508 155 463 325 381 303 tennis-court 0.9962
328 104 409 128 358 295 278 271 tennis-court 0.9947
365 537 446 558 401 730 320 708 tennis-court 0.9940
261 507 338 529 291 693 214 671 tennis-court 0.9931
232 73 311 101 252 268 173 240 tennis-court 0.9901
153 472 231 492 186 661 108 641 tennis-court 0.9736
46 441 125 459 89 622 10 604 tennis-court 0.9366
