767 572 926 582 914 752 755 741 baseball-diamond 0.1937
629 1044 649 1052 635 1088 615 1080 small-vehicle 0.5629
660 1104 667 1085 708 1101 701 1119 small-vehicle 0.4819
277 917 292 922 280 957 265 952 small-vehicle 0.3884
581 1051 597 1037 622 1066 606 1080 small-vehicle 0.3767
500 1041 506 1023 543 1036 536 1054 small-vehicle 0.3519
335 937 351 944 336 982 319 975 small-vehicle 0.3420
629 1044 649 1052 635 1088 615 1080 large-vehicle 0.1362
660 1104 667 1085 708 1101 701 1119 large-vehicle 0.1306
452 264 533 233 598 403 517 434 tennis-court 0.9736
561 220 643 188 708 359 627 391 tennis-court 0.9695
673 177 756 147 819 318 737 349 tennis-court 0.9677
342 305 423 275 488 446 408 477 tennis-court 0.9664
351 629 434 661 367 833 284 800 tennis-court 0.9657
250 590 332 622 265 793 183 760 tennis-court 0.9609
454 672 535 704 466 875 386 843 tennis-court 0.9594
