395 154 376 -33 578 -54 598 133 baseball-diamond 0.4336
113 608 48 386 684 201 748 423 ground-track-field 0.1007
1253 273 1267 255 1308 289 1293 307 small-vehicle 0.4409
1012 96 1026 76 1069 107 1055 126 small-vehicle 0.3794
1058 136 1069 114 1121 140 1110 162 small-vehicle 0.1579
1360 30 1376 32 1372 59 1357 57 small-vehicle 0.1510
498 551 510 548 515 571 503 574 small-vehicle 0.1395
1159 207 1172 189 1215 219 1202 237 small-vehicle 0.1294
1209 237 1219 225 1259 260 1248 271 small-vehicle 0.1221
1301 309 1315 288 1362 319 1348 340 small-vehicle 0.1195
1209 237 1219 225 1259 260 1248 271 large-vehicle 0.1780
684 767 699 776 671 825 656 817 large-vehicle 0.1589
1012 96 1026 76 1069 107 1055 126 large-vehicle 0.1135
1301 310 1314 289 1360 318 1347 339 large-vehicle 0.1064
1209 732 1284 776 1189 936 1115 893 tennis-court 0.9169
912 553 989 598 893 762 816 717 tennis-court 0.9145
1019 612 1092 662 984 821 911 770 tennis-court 0.8570
810 493 887 536 794 705 717 662 tennis-court 0.8524
1106 670 1185 713 1092 881 1013 838 tennis-court 0.8423
83 364 203 337 250 540 130 568 tennis-court 0.1847
331 305 453 275 502 472 380 502 tennis-court 0.1380
203 338 325 304 381 503 259 537 tennis-court 0.1378
460 272 579 246 624 446 505 473 tennis-court 0.1305
590 239 703 217 742 416 629 438 tennis-court 0.1250
591 240 705 217 743 413 630 435 basketball-court 0.8435
81 372 204 344 250 540 127 569 basketball-court 0.8135
207 341 324 308 380 505 264 538 basketball-court 0.8063
465 272 585 250 622 450 502 473 basketball-court 0.7882
337 304 457 280 497 479 376 503 basketball-court 0.7540
83 364 205 337 249 538 128 565 soccer-ball-field 0.1728
336 304 458 280 498 478 376 502 soccer-ball-field 0.1614
591 240 705 217 743 413 630 435 soccer-ball-field 0.1560
206 338 328 306 380 508 258 540 soccer-ball-field 0.1434
-18 116 43 -88 365 9 303 214 soccer-ball-field 0.1433
465 272 585 250 622 450 502 473 soccer-ball-field 0.1404
