299 534 314 378 587 404 571 560 ground-track-field 0.1346
366 491 393 491 393 546 366 546 ground-track-field 0.1229
448 380 476 380 474 442 446 441 large-vehicle 0.1025
302 109 393 110 390 295 299 294 tennis-court 0.9970
620 429 712 431 709 618 616 616 tennis-court 0.9967
735 435 825 437 820 622 730 620 tennis-court 0.9964
417 112 507 114 503 298 413 295 tennis-court 0.9961
187 108 274 105 280 288 193 291 tennis-court 0.9956
531 117 621 119 616 302 527 300 tennis-court 0.9906
299 534 314 378 587 404 571 560 tennis-court 0.1178
344 379 424 383 416 540 336 536 basketball-court 0.6669
500 388 576 388 576 545 500 545 basketball-court 0.6658
422 385 499 386 498 543 421 542 basketball-court 0.6199
311 547 318 390 579 401 573 558 soccer-ball-field 0.1733
-29 502 261 479 293 883 2 906 soccer-ball-field 0.1566
151 433 212 329 357 413 296 518 soccer-ball-field 0.1446
272 767 386 549 653 688 540 906 soccer-ball-field 0.1143
