1311 528 1346 529 1339 680 1304 678 bridge 0.1685
238 733 244 725 272 743 267 751 bridge 0.1100
40 729 48 724 60 743 52 748 bridge 0.1036
1346 316 1359 315 1362 347 1349 348 small-vehicle 0.1439
46 617 58 624 44 650 32 643 small-vehicle 0.1118
12 534 10 520 39 516 40 530 small-vehicle 0.1098
946 838 957 845 941 873 930 867 small-vehicle 0.1038
1266 323 1276 327 1264 351 1254 346 small-vehicle 0.1037
995 66 1002 57 1019 71 1012 80 small-vehicle 0.1022
650 510 662 499 696 533 685 545 ship 0.5430
278 758 286 746 324 771 316 783 ship 0.5093
747 347 758 331 811 365 800 382 ship 0.5037
252 797 261 785 300 810 292 822 ship 0.5015
718 712 729 697 773 731 763 745 ship 0.4760
692 326 702 314 735 340 726 352 ship 0.4479
826 875 834 864 862 885 854 896 ship 0.4425
637 415 645 403 679 429 670 440 ship 0.4357
679 350 687 337 724 361 716 373 ship 0.4321
685 454 694 442 736 473 728 485 ship 0.4316
667 798 677 783 725 815 715 830 ship 0.4294
440 849 450 836 489 867 479 880 ship 0.4227
654 393 661 381 694 402 686 413 ship 0.4064
847 842 853 830 886 847 880 859 ship 0.3946
302 732 308 721 337 739 330 750 ship 0.3740
879 442 885 430 917 447 911 459 ship 0.3721
326 706 333 695 360 710 354 722 ship 0.3715
375 828 384 814 423 836 414 851 ship 0.3702
602 602 611 587 658 616 649 631 ship 0.3608
582 925 592 906 650 936 640 955 ship 0.3604
614 452 622 439 656 461 648 473 ship 0.3489
690 761 697 747 752 774 745 788 ship 0.3479
382 935 392 923 432 953 422 965 ship 0.3477
399 789 407 777 442 799 434 811 ship 0.3433
1046 524 1054 515 1079 536 1070 546 ship 0.3387
955 327 963 316 994 337 986 349 ship 0.3349
727 839 736 828 768 852 759 864 ship 0.3337
735 690 745 676 788 706 778 720 ship 0.3303
925 376 931 363 962 381 955 393 ship 0.3235
459 698 466 686 498 703 491 716 ship 0.3222
898 407 907 394 945 421 937 433 ship 0.3214
970 302 978 291 1010 314 1002 325 ship 0.3211
349 871 357 860 387 882 379 893 ship 0.3192
801 912 808 901 840 921 832 932 ship 0.3187
934 361 941 349 970 366 963 378 ship 0.3169
591 488 598 477 630 497 622 508 ship 0.3110
677 932 685 920 719 943 711 955 ship 0.3096
266 774 274 762 311 787 303 799 ship 0.3028
649 845 658 833 697 861 688 873 ship 0.2899
729 389 738 376 771 399 763 412 ship 0.2854
722 274 730 263 761 286 754 296 ship 0.2701
562 532 570 521 605 547 597 559 ship 0.2684
1110 346 1119 331 1175 364 1166 379 ship 0.2643
420 755 428 742 467 766 459 779 ship 0.2625
634 541 643 529 682 556 673 568 ship 0.2612
511 407 519 397 549 421 541 431 ship 0.2605
513 619 525 599 599 647 587 666 ship 0.2604
702 317 710 305 741 327 732 339 ship 0.2509
711 306 720 296 748 320 739 330 ship 0.2395
710 887 716 874 747 890 741 903 ship 0.2320
462 819 469 806 509 830 502 842 ship 0.2297
560 317 568 306 603 331 595 342 ship 0.2258
309 933 317 921 354 945 346 957 ship 0.2242
936 696 942 684 977 702 970 714 ship 0.2230
356 862 364 851 393 872 386 883 ship 0.2172
993 262 998 252 1028 268 1023 278 ship 0.2055
647 405 655 393 685 414 677 426 ship 0.1937
702 421 710 410 760 445 751 457 ship 0.1918
1046 292 1054 283 1087 311 1078 321 ship 0.1857
745 817 752 806 785 828 777 839 ship 0.1787
870 802 877 792 908 812 901 823 ship 0.1781
487 772 494 762 531 786 524 796 ship 0.1717
666 382 675 372 701 395 692 405 ship 0.1630
387 592 395 580 428 600 420 612 ship 0.1628
592 1002 603 1008 580 1050 569 1044 ship 0.1590
681 506 690 498 714 522 705 531 ship 0.1567
257 784 266 772 302 797 294 810 ship 0.1545
1070 483 1078 474 1101 494 1093 503 ship 0.1528
837 863 844 852 869 868 863 878 ship 0.1523
290 752 297 741 327 758 320 770 ship 0.1479
1027 332 1034 322 1064 344 1057 354 ship 0.1471
321 716 326 706 348 719 342 729 ship 0.1281
660 953 667 942 700 966 692 976 ship 0.1242
602 646 610 637 636 658 629 667 ship 0.1212
716 296 723 285 752 304 745 315 ship 0.1196
673 361 681 350 710 370 703 381 ship 0.1137
221 739 230 745 213 767 205 761 ship 0.1055
299 705 307 706 304 744 296 743 ship 0.1049
740 370 750 356 790 382 781 396 ship 0.1025
441 719 450 708 477 730 468 741 ship 0.1018
736 828 745 817 774 838 766 850 ship 0.1017
946 838 957 845 941 873 930 867 ship 0.1009
858 834 864 823 893 839 886 850 ship 0.1002
764 629 865 688 666 1029 565 970 harbor 0.4042
732 226 843 295 609 669 498 600 harbor 0.3753
1019 217 1110 273 906 602 815 546 harbor 0.3283
462 678 563 744 358 1059 257 993 harbor 0.3224
260 720 324 760 199 959 135 918 harbor 0.2456
930 687 993 724 868 937 805 900 harbor 0.2043
1128 329 1202 367 1076 610 1003 572 harbor 0.1962
594 179 653 211 448 588 389 556 harbor 0.1603
1041 227 1081 231 1070 340 1029 336 harbor 0.1588
377 556 442 595 314 806 250 767 harbor 0.1516
1046 292 1054 283 1087 311 1078 321 harbor 0.1278
1110 346 1119 331 1175 364 1166 379 harbor 0.1088
