-61 392 11 219 193 297 119 469 baseball-diamond 0.5894
427 776 419 760 449 746 457 761 small-vehicle 0.1739
399 444 410 434 435 461 424 471 small-vehicle 0.1016
204 624 213 616 238 644 229 652 large-vehicle 0.1152
376 373 434 318 555 446 497 501 tennis-court 0.9871
573 191 631 138 749 265 691 319 tennis-court 0.9802
182 551 243 496 360 628 299 682 tennis-court 0.9731
85 644 145 590 260 718 200 772 tennis-court 0.9701
676 96 736 41 855 172 794 227 tennis-court 0.9651
473 285 534 229 654 358 593 415 tennis-court 0.9625
279 466 339 411 456 538 397 593 tennis-court 0.9558
