96 188 193 189 189 392 92 391 ground-track-field 0.3356
226 192 320 193 319 392 225 391 ground-track-field 0.2900
493 203 586 207 579 400 486 397 ground-track-field 0.2353
357 199 452 199 451 395 356 394 ground-track-field 0.2280
567 493 567 479 599 481 598 495 small-vehicle 0.3753
362 469 362 455 395 455 395 469 small-vehicle 0.3059
305 466 306 452 338 455 337 468 small-vehicle 0.2659
658 539 660 526 695 530 693 544 small-vehicle 0.2020
28 457 28 442 62 442 63 457 small-vehicle 0.1712
212 462 213 449 241 450 240 464 small-vehicle 0.1488
-8 448 -2 434 21 445 14 459 small-vehicle 0.1260
77 128 78 42 271 45 269 131 large-vehicle 0.3203
351 143 353 62 541 67 539 148 large-vehicle 0.2951
238 209 319 213 309 388 228 384 large-vehicle 0.1494
105 207 187 211 178 389 96 384 large-vehicle 0.1369
362 469 362 455 395 455 395 469 large-vehicle 0.1179
370 217 450 220 444 391 363 388 large-vehicle 0.1077
500 222 581 224 576 393 495 391 large-vehicle 0.1071
28 457 28 442 62 442 63 457 ship 0.2444
229 510 229 491 266 491 265 510 ship 0.1497
30 166 37 150 67 162 61 178 ship 0.1186
658 539 661 524 694 529 692 544 ship 0.1028
366 217 447 220 440 392 360 389 tennis-court 0.9707
497 221 578 224 572 394 492 391 tennis-court 0.9695
238 209 319 213 309 388 228 384 tennis-court 0.9627
105 203 189 208 178 386 94 381 tennis-court 0.9614
77 128 78 42 271 45 269 131 tennis-court 0.8115
351 143 353 62 541 67 539 148 tennis-court 0.7731
77 128 78 42 271 45 269 131 basketball-court 0.1483
351 143 353 62 541 67 539 148 basketball-court 0.1103
55 481 58 464 83 470 80 486 storage-tank 0.1360
228 511 228 490 265 489 265 510 storage-tank 0.1169
-9 447 -2 433 21 444 14 458 storage-tank 0.1079
28 457 28 443 62 442 62 457 storage-tank 0.1018
77 127 79 42 267 46 266 131 soccer-ball-field 0.2096
352 144 354 63 541 68 539 149 soccer-ball-field 0.1497
99 191 202 198 187 397 84 390 soccer-ball-field 0.1285
364 201 464 210 448 400 347 391 soccer-ball-field 0.1134
231 195 331 204 315 399 215 391 soccer-ball-field 0.1123
229 513 227 491 264 487 266 509 swimming-pool 0.3384
-6 380 -3 366 27 373 23 387 swimming-pool 0.2979
77 128 78 42 271 45 269 131 swimming-pool 0.2659
-9 446 -1 432 21 445 13 459 swimming-pool 0.2069
351 143 353 62 541 67 539 148 swimming-pool 0.1857
18 329 19 311 67 314 65 333 swimming-pool 0.1774
18 521 42 496 73 527 49 552 swimming-pool 0.1399
-5 192 9 192 9 212 -5 212 swimming-pool 0.1377
32 160 43 143 70 159 60 176 swimming-pool 0.1178
