1384 1206 1398 1186 1455 1227 1441 1247 small-vehicle 0.1842
1192 1085 1204 1068 1245 1096 1233 1113 small-vehicle 0.1837
1229 1103 1244 1085 1282 1116 1268 1134 small-vehicle 0.1833
1284 1136 1294 1119 1331 1141 1321 1158 small-vehicle 0.1750
848 988 843 968 881 959 886 979 small-vehicle 0.1561
122 361 130 344 168 363 160 380 small-vehicle 0.1543
1574 1340 1588 1328 1616 1360 1602 1372 small-vehicle 0.1518
890 830 898 812 935 829 926 847 small-vehicle 0.1516
357 1187 355 1168 395 1162 397 1181 small-vehicle 0.1494
476 1121 470 1105 502 1092 508 1109 small-vehicle 0.1461
730 807 746 817 724 853 708 844 small-vehicle 0.1449
74 437 90 420 126 456 110 473 small-vehicle 0.1433
671 685 680 667 720 687 711 705 small-vehicle 0.1415
298 1211 313 1199 341 1233 326 1246 small-vehicle 0.1407
835 794 846 775 880 795 869 814 small-vehicle 0.1400
1627 1297 1638 1282 1669 1304 1658 1319 small-vehicle 0.1337
671 1035 661 1016 703 994 713 1013 small-vehicle 0.1312
554 663 561 648 595 662 588 677 small-vehicle 0.1307
67 677 81 668 103 701 89 711 small-vehicle 0.1273
495 1188 490 1169 526 1159 531 1177 small-vehicle 0.1233
1050 1167 1068 1176 1052 1211 1033 1203 small-vehicle 0.1203
727 927 718 911 752 892 761 908 small-vehicle 0.1113
645 717 655 701 693 725 683 741 small-vehicle 0.1107
676 1098 672 1080 708 1073 712 1090 small-vehicle 0.1084
1390 1337 1407 1341 1398 1378 1381 1374 small-vehicle 0.1079
65 463 85 469 74 507 55 501 small-vehicle 0.1071
1384 1206 1398 1186 1455 1227 1441 1247 large-vehicle 0.1119
565 138 597 155 545 251 513 234 ship 0.5884
1831 893 1863 912 1805 1012 1773 993 ship 0.4905
1023 402 1053 418 1002 515 971 499 ship 0.4539
1219 541 1250 561 1196 647 1164 628 ship 0.4445
1335 601 1364 617 1314 712 1285 697 ship 0.4135
915 329 942 346 887 434 859 417 ship 0.3946
316 -16 355 5 282 133 243 111 ship 0.3797
691 256 709 267 684 312 665 301 ship 0.3673
1974 983 1998 996 1967 1057 1942 1045 ship 0.3505
1236 673 1250 679 1233 719 1219 713 ship 0.3401
2007 1010 2025 1020 2002 1062 1984 1052 ship 0.3299
478 57 525 87 434 227 388 197 ship 0.3183
402 56 428 68 387 154 361 142 ship 0.2990
665 215 684 227 651 280 632 268 ship 0.2934
1300 588 1321 600 1278 674 1257 663 ship 0.2857
1559 734 1576 744 1549 789 1532 779 ship 0.2750
1534 727 1553 737 1529 781 1511 771 ship 0.2482
1064 428 1084 439 1060 482 1040 471 ship 0.2427
731 238 748 248 726 290 708 281 ship 0.2257
1075 487 1093 496 1073 537 1055 529 ship 0.2106
507 248 523 248 524 287 507 288 ship 0.2044
606 158 629 170 602 222 579 210 ship 0.2004
1895 939 1913 951 1882 997 1864 985 ship 0.1859
607 278 621 288 592 326 578 316 ship 0.1715
543 264 556 274 528 309 515 300 ship 0.1616
860 342 881 353 844 425 823 414 ship 0.1528
2073 1050 2097 1062 2068 1119 2044 1107 ship 0.1381
1575 926 1592 922 1600 957 1583 961 ship 0.1257
1520 789 1531 800 1488 845 1477 835 ship 0.1237
1220 654 1236 657 1230 690 1214 687 ship 0.1186
671 1035 661 1016 703 994 713 1013 ship 0.1166
1359 742 1373 751 1344 797 1330 788 ship 0.1139
1581 889 1596 883 1611 920 1596 926 ship 0.1111
626 247 639 255 618 291 604 283 ship 0.1016
1258 560 1275 572 1243 613 1227 600 ship 0.1014
1217 538 1362 595 1292 773 1148 716 harbor 0.6529
793 282 887 338 801 482 707 425 harbor 0.6502
1807 876 1888 936 1784 1078 1702 1018 harbor 0.5465
1682 810 1747 852 1649 1002 1584 960 harbor 0.4993
1579 744 1655 803 1544 947 1468 888 harbor 0.4875
470 50 538 86 444 264 375 228 harbor 0.4272
1002 383 1075 449 940 601 866 535 harbor 0.3576
2082 1044 2144 1087 2034 1244 1973 1200 harbor 0.3340
631 395 574 337 703 211 759 269 harbor 0.2779
586 129 676 204 546 358 456 283 harbor 0.2720
373 57 434 82 377 219 316 194 harbor 0.2590
313 -38 382 3 281 168 212 126 harbor 0.2417
1448 657 1503 699 1378 859 1324 816 harbor 0.2228
894 318 995 376 892 554 792 497 harbor 0.2119
1163 629 1190 645 1152 709 1125 693 harbor 0.2075
517 259 534 267 513 309 497 301 harbor 0.1764
1902 929 1944 960 1838 1105 1797 1075 harbor 0.1690
1972 975 2029 1025 1901 1169 1845 1119 harbor 0.1574
903 455 917 465 878 515 864 504 harbor 0.1532
1502 816 1515 828 1472 876 1459 865 harbor 0.1350
543 264 556 274 528 309 515 300 harbor 0.1312
1112 497 1143 516 1024 709 993 691 harbor 0.1236
1765 934 1782 943 1745 1014 1728 1005 harbor 0.1129
1298 710 1314 716 1298 757 1282 750 harbor 0.1081
770 290 798 307 742 395 715 378 harbor 0.1071
665 319 690 334 658 388 633 372 harbor 0.1065
1526 746 1543 755 1507 816 1490 806 harbor 0.1048
-4 158 33 133 65 183 27 208 swimming-pool 0.4586
