784 817 794 801 828 823 818 839 small-vehicle 0.2328
366 569 377 552 417 578 407 595 small-vehicle 0.2154
444 689 452 675 486 693 478 708 small-vehicle 0.2082
175 521 197 526 188 565 166 560 small-vehicle 0.1970
625 720 636 704 663 724 652 740 small-vehicle 0.1814
26 438 36 422 66 443 55 458 small-vehicle 0.1786
250 571 258 557 292 578 284 591 small-vehicle 0.1623
126 658 146 669 120 713 101 702 small-vehicle 0.1588
826 1074 839 1070 847 1096 833 1100 small-vehicle 0.1579
869 948 882 938 908 972 896 982 small-vehicle 0.1474
967 1057 985 1053 994 1088 976 1093 small-vehicle 0.1450
62 461 68 445 103 458 97 474 small-vehicle 0.1429
843 1066 857 1063 865 1093 851 1096 small-vehicle 0.1413
698 763 706 749 735 767 726 781 small-vehicle 0.1385
1222 935 1240 946 1218 981 1201 970 small-vehicle 0.1227
888 389 916 403 877 484 848 470 ship 0.5833
1293 629 1332 648 1268 778 1228 758 ship 0.5346
487 148 515 167 465 242 437 223 ship 0.5221
406 119 435 141 368 226 339 203 ship 0.5208
245 -15 276 2 222 95 191 77 ship 0.4724
680 262 708 281 646 373 618 355 ship 0.4342
719 276 758 298 699 405 660 384 ship 0.4246
581 179 608 195 550 293 522 277 ship 0.3968
929 460 947 472 915 517 898 505 ship 0.3847
1235 645 1250 658 1216 699 1201 686 ship 0.2894
963 517 977 526 949 569 935 559 ship 0.2859
802 292 837 322 751 422 716 392 ship 0.2637
1501 813 1515 826 1481 862 1467 849 ship 0.2526
189 108 211 123 171 180 149 165 ship 0.2321
787 400 803 410 782 446 766 436 ship 0.2199
944 488 963 503 926 551 907 536 ship 0.1900
365 83 383 95 356 137 338 125 ship 0.1697
440 154 457 165 415 233 397 221 ship 0.1602
989 454 1003 463 977 505 962 496 ship 0.1553
696 437 702 425 734 442 727 454 ship 0.1494
192 10 206 23 174 58 159 45 ship 0.1357
1541 783 1556 794 1515 846 1501 835 ship 0.1226
839 468 852 462 869 495 857 501 ship 0.1184
513 196 532 207 501 260 483 249 ship 0.1123
1134 551 1149 561 1112 617 1097 607 ship 0.1093
705 424 711 412 743 426 737 439 ship 0.1075
408 116 418 103 453 128 444 141 ship 0.1072
1093 526 1236 598 1143 782 1000 710 harbor 0.7566
634 224 754 299 648 469 528 394 harbor 0.6888
412 106 515 162 425 330 321 274 harbor 0.6205
1487 740 1567 797 1463 941 1384 884 harbor 0.5811
1376 690 1436 721 1352 881 1293 850 harbor 0.5244
940 423 1006 474 901 612 835 562 harbor 0.4966
864 371 932 413 836 568 769 527 harbor 0.3293
168 -65 261 4 139 166 47 97 harbor 0.3120
780 287 839 319 732 517 673 485 harbor 0.2889
1288 622 1341 654 1258 790 1205 758 harbor 0.2498
311 47 348 70 256 225 218 202 harbor 0.1760
974 706 994 680 1045 718 1025 745 harbor 0.1245
1464 739 1487 754 1417 866 1394 852 harbor 0.1136
514 174 561 201 475 354 428 328 harbor 0.1086
1250 1005 1272 1023 1223 1082 1201 1063 swimming-pool 0.2122
