1037 1281 1050 1276 1062 1301 1049 1307 small-vehicle 0.1532
432 1173 444 1178 433 1203 421 1197 small-vehicle 0.1477
465 1324 476 1329 465 1356 454 1352 small-vehicle 0.1248
790 1187 800 1189 794 1215 783 1213 small-vehicle 0.1206
418 1168 429 1173 420 1196 409 1191 small-vehicle 0.1149
67 1332 68 1322 91 1323 90 1333 small-vehicle 0.1122
1509 1079 1508 1070 1528 1067 1529 1077 small-vehicle 0.1100
1102 1288 1114 1292 1106 1318 1094 1314 small-vehicle 0.1099
633 1185 642 1181 650 1201 642 1205 small-vehicle 0.1066
508 1338 524 1342 518 1371 502 1368 small-vehicle 0.1060
481 1326 491 1332 477 1358 467 1352 small-vehicle 0.1060
1449 1120 1447 1111 1467 1106 1469 1115 small-vehicle 0.1056
907 1331 917 1327 927 1351 918 1355 small-vehicle 0.1039
867 1316 869 1306 893 1310 892 1320 small-vehicle 0.1011
1090 1285 1102 1287 1096 1313 1084 1310 small-vehicle 0.1010
617 1319 628 1321 623 1356 613 1355 large-vehicle 0.1568
362 1214 376 1217 366 1261 352 1258 large-vehicle 0.1173
655 1304 658 1291 708 1303 705 1316 large-vehicle 0.1103
469 1234 483 1238 470 1282 456 1278 large-vehicle 0.1076
375 1216 390 1219 382 1262 367 1259 large-vehicle 0.1012
270 951 291 954 285 1008 265 1006 ship 0.5978
812 951 825 961 798 996 785 987 ship 0.5951
840 979 851 988 827 1018 816 1009 ship 0.5429
1344 516 1351 504 1383 523 1376 535 ship 0.5339
1223 533 1225 520 1255 525 1253 538 ship 0.5207
503 998 520 996 528 1046 510 1049 ship 0.5155
1283 531 1294 530 1297 558 1286 559 ship 0.5124
1452 493 1457 484 1485 499 1479 509 ship 0.5107
238 953 259 954 255 1010 235 1009 ship 0.5050
1245 561 1253 553 1276 573 1268 581 ship 0.4938
794 926 805 913 842 944 832 956 ship 0.4899
1558 405 1577 403 1584 458 1564 460 ship 0.4839
973 699 987 697 993 733 978 735 ship 0.4826
616 998 633 1000 628 1046 611 1044 ship 0.4823
791 935 804 945 777 980 764 970 ship 0.4816
1106 538 1122 531 1139 567 1124 575 ship 0.4776
955 770 953 757 983 754 984 767 ship 0.4733
1533 419 1550 417 1556 466 1539 468 ship 0.4712
1392 431 1406 439 1385 475 1371 468 ship 0.4663
979 798 978 784 1013 780 1015 795 ship 0.4660
1275 506 1286 507 1283 532 1272 530 ship 0.4642
1127 619 1130 602 1180 612 1176 628 ship 0.4597
384 972 402 975 394 1021 376 1018 ship 0.4573
1007 739 1019 736 1027 764 1015 768 ship 0.4572
1388 474 1400 474 1400 504 1388 505 ship 0.4562
941 756 941 742 972 741 973 754 ship 0.4513
1127 596 1130 581 1169 589 1165 604 ship 0.4502
1066 631 1078 628 1086 655 1073 659 ship 0.4497
1255 455 1269 459 1259 498 1245 495 ship 0.4485
1271 544 1280 541 1290 565 1280 569 ship 0.4395
1456 423 1475 419 1483 461 1464 464 ship 0.4388
1162 532 1176 535 1170 572 1155 569 ship 0.4368
1335 445 1346 435 1372 462 1361 472 ship 0.4332
323 978 337 979 334 1014 319 1013 ship 0.4319
829 968 840 977 815 1008 803 998 ship 0.4307
550 993 566 993 568 1042 552 1043 ship 0.4286
1140 515 1156 514 1159 560 1143 561 ship 0.4281
1343 492 1348 479 1378 493 1373 506 ship 0.4259
1035 679 1033 664 1066 660 1068 675 ship 0.4238
1011 651 1011 637 1041 638 1041 652 ship 0.4233
1233 546 1235 535 1259 540 1257 551 ship 0.4223
1273 494 1283 498 1273 524 1263 519 ship 0.4194
705 1012 721 1014 716 1055 700 1054 ship 0.4188
1092 661 1103 660 1107 689 1096 690 ship 0.4181
1336 467 1343 456 1373 473 1366 485 ship 0.4178
1044 732 1049 723 1070 736 1064 745 ship 0.4071
1220 505 1226 494 1255 509 1249 521 ship 0.4065
848 988 858 995 837 1024 827 1017 ship 0.4036
642 1000 659 1001 656 1048 639 1047 ship 0.4002
257 1033 259 1016 292 1021 289 1038 ship 0.3929
973 783 971 770 1003 767 1004 780 ship 0.3923
577 1003 592 1004 589 1042 574 1041 ship 0.3902
1265 556 1274 552 1284 575 1275 579 ship 0.3889
304 976 319 979 314 1015 298 1013 ship 0.3840
825 836 840 843 825 874 810 867 ship 0.3830
439 988 455 991 448 1030 432 1027 ship 0.3786
1053 616 1065 613 1072 641 1060 644 ship 0.3767
689 1012 703 1012 701 1051 687 1051 ship 0.3705
1469 507 1474 502 1488 516 1483 521 ship 0.3701
886 949 894 952 886 977 878 974 ship 0.3699
873 955 881 957 875 981 866 979 ship 0.3688
1461 484 1465 474 1486 484 1482 493 ship 0.3631
1480 502 1487 498 1497 515 1490 519 ship 0.3604
600 1003 616 1004 614 1043 598 1042 ship 0.3572
312 1024 319 1012 345 1027 338 1039 ship 0.3546
329 992 342 988 350 1018 337 1022 ship 0.3540
415 977 432 979 426 1025 409 1023 ship 0.3519
1397 514 1407 510 1415 533 1405 536 ship 0.3484
881 921 884 913 905 919 903 928 ship 0.3473
1040 741 1048 739 1054 757 1046 760 ship 0.3400
991 751 1001 743 1020 766 1010 774 ship 0.3386
1364 484 1374 478 1390 501 1380 508 ship 0.3370
1323 570 1319 559 1347 549 1351 560 ship 0.3322
885 938 893 934 902 953 895 956 ship 0.3285
1479 492 1485 487 1498 501 1491 507 ship 0.3285
214 962 233 962 232 1014 213 1014 ship 0.3262
957 686 970 687 968 719 955 718 ship 0.3260
1060 694 1063 684 1089 692 1086 703 ship 0.3211
1254 545 1261 538 1276 553 1268 560 ship 0.3209
345 981 360 982 357 1017 342 1016 ship 0.3178
1480 476 1486 469 1501 482 1496 489 ship 0.3158
1023 735 1033 733 1039 757 1029 759 ship 0.3105
1436 535 1438 526 1461 533 1458 541 ship 0.3102
1056 723 1059 715 1080 722 1077 731 ship 0.3092
1351 431 1366 426 1375 459 1361 463 ship 0.3068
1457 527 1461 519 1479 529 1474 537 ship 0.3040
1059 678 1066 668 1090 686 1083 695 ship 0.3019
844 880 858 868 877 889 863 901 ship 0.3016
1380 513 1389 508 1399 528 1390 533 ship 0.2975
989 720 1000 719 1002 743 991 744 ship 0.2960
1023 754 1031 753 1034 772 1026 774 ship 0.2954
1269 478 1279 482 1269 509 1258 505 ship 0.2940
1016 636 1020 624 1047 632 1044 644 ship 0.2938
900 905 908 900 918 920 910 924 ship 0.2897
1287 559 1295 554 1305 569 1298 575 ship 0.2890
858 957 867 958 865 980 856 980 ship 0.2807
1453 460 1462 451 1482 470 1474 479 ship 0.2796
917 898 926 898 926 922 917 922 ship 0.2777
1034 621 1044 614 1060 635 1051 643 ship 0.2777
1061 705 1063 696 1086 699 1084 708 ship 0.2767
362 979 378 981 372 1019 357 1016 ship 0.2748
1256 524 1264 518 1275 535 1266 540 ship 0.2737
1471 521 1476 515 1488 525 1484 531 ship 0.2737
895 914 901 908 914 922 908 928 ship 0.2700
869 900 875 890 894 902 888 912 ship 0.2667
764 1305 778 1307 773 1342 759 1340 ship 0.2652
281 976 298 974 302 1014 285 1016 ship 0.2645
1350 536 1353 526 1380 534 1377 544 ship 0.2626
960 722 970 714 989 737 979 745 ship 0.2564
971 742 979 734 996 752 988 760 ship 0.2540
898 792 913 790 918 819 903 821 ship 0.2532
864 877 875 870 888 889 877 897 ship 0.2521
1107 674 1113 667 1131 682 1124 689 ship 0.2505
1135 559 1147 552 1163 578 1151 585 ship 0.2504
863 909 868 899 886 908 882 918 ship 0.2499
1247 592 1247 583 1273 583 1273 592 ship 0.2468
1231 467 1245 465 1251 500 1238 502 ship 0.2453
1408 528 1414 520 1430 533 1424 541 ship 0.2448
397 987 413 989 409 1024 393 1022 ship 0.2433
1126 676 1126 667 1152 666 1153 675 ship 0.2413
1341 547 1342 536 1370 538 1369 549 ship 0.2410
1042 759 1050 758 1052 776 1044 777 ship 0.2405
784 1308 797 1312 789 1348 776 1345 ship 0.2389
663 1005 678 1006 676 1044 660 1043 ship 0.2338
1480 463 1487 457 1501 474 1493 480 ship 0.2315
525 1049 531 1038 557 1053 551 1064 ship 0.2309
853 974 862 976 856 997 847 995 ship 0.2307
871 813 878 803 900 817 893 827 ship 0.2295
1052 745 1059 740 1068 755 1061 760 ship 0.2294
931 896 941 898 934 924 925 922 ship 0.2277
534 998 551 996 556 1044 539 1046 ship 0.2191
1187 603 1195 597 1210 617 1202 622 ship 0.2144
842 952 852 951 854 973 844 975 ship 0.2119
1070 717 1074 709 1092 717 1088 725 ship 0.2097
517 1250 532 1252 524 1292 510 1289 ship 0.2084
819 947 831 943 839 970 827 973 ship 0.2055
362 1213 376 1217 365 1264 351 1261 ship 0.2051
826 1318 839 1321 831 1358 818 1355 ship 0.1996
1141 671 1137 662 1164 651 1167 660 ship 0.1976
1277 570 1283 565 1293 578 1287 583 ship 0.1973
856 1004 865 1009 852 1032 843 1027 ship 0.1953
678 1039 689 1035 698 1061 687 1065 ship 0.1950
376 1216 391 1219 382 1266 367 1263 ship 0.1907
1164 565 1175 563 1179 588 1168 590 ship 0.1874
795 1316 808 1319 801 1351 788 1348 ship 0.1863
403 1222 418 1225 407 1267 393 1264 ship 0.1845
554 1257 568 1259 563 1292 548 1290 ship 0.1808
1028 775 1037 773 1041 791 1032 794 ship 0.1807
846 1321 860 1324 852 1362 838 1359 ship 0.1795
1300 547 1307 540 1322 557 1315 564 ship 0.1785
438 1224 453 1229 441 1273 426 1269 ship 0.1783
943 708 954 704 964 728 953 732 ship 0.1770
104 1200 120 1207 103 1244 87 1237 ship 0.1749
1488 521 1493 515 1507 525 1502 531 ship 0.1715
1284 513 1293 513 1293 535 1283 534 ship 0.1679
1393 536 1396 527 1414 534 1411 542 ship 0.1678
1008 778 1016 772 1028 787 1020 794 ship 0.1678
865 985 874 987 868 1007 860 1004 ship 0.1651
1198 611 1201 603 1225 609 1223 618 ship 0.1646
1078 643 1090 642 1094 675 1082 676 ship 0.1633
841 843 854 848 842 877 829 871 ship 0.1621
1241 620 1236 611 1263 593 1269 601 ship 0.1612
392 1037 398 1025 423 1037 418 1049 ship 0.1599
1183 551 1193 555 1184 581 1173 577 ship 0.1596
1380 536 1384 528 1400 536 1396 544 ship 0.1581
907 808 924 796 949 833 932 845 ship 0.1575
1176 603 1186 597 1198 619 1188 625 ship 0.1559
1245 577 1249 568 1276 578 1273 588 ship 0.1550
1515 580 1516 561 1564 563 1563 581 ship 0.1530
469 1234 483 1238 470 1282 456 1278 ship 0.1448
947 868 959 870 955 897 944 896 ship 0.1426
880 794 890 789 900 811 890 816 ship 0.1409
1138 646 1138 636 1166 635 1166 646 ship 0.1401
897 947 906 948 903 971 894 971 ship 0.1383
874 927 879 922 888 932 882 937 ship 0.1370
1019 663 1018 648 1054 647 1055 662 ship 0.1360
1560 490 1572 490 1572 520 1561 520 ship 0.1353
998 715 1008 713 1011 734 1001 736 ship 0.1337
1343 559 1343 549 1374 548 1374 558 ship 0.1316
892 971 900 973 896 992 888 990 ship 0.1308
1216 484 1226 477 1242 498 1232 505 ship 0.1303
884 930 887 922 905 930 902 937 ship 0.1272
869 1010 878 1014 867 1037 859 1033 ship 0.1271
340 1024 350 1018 363 1038 353 1044 ship 0.1253
914 921 921 919 927 935 920 938 ship 0.1235
1341 507 1345 494 1381 506 1377 519 ship 0.1232
1043 776 1052 775 1053 794 1044 795 ship 0.1191
1219 625 1215 617 1239 603 1244 611 ship 0.1184
1377 423 1390 423 1390 449 1376 449 ship 0.1167
1466 540 1469 532 1489 538 1487 546 ship 0.1158
370 1026 379 1020 391 1040 381 1045 ship 0.1141
507 1072 513 990 712 1004 707 1086 ship 0.1137
851 853 863 855 857 880 845 878 ship 0.1134
1057 764 1065 762 1069 779 1061 781 ship 0.1130
360 1024 370 1020 377 1041 367 1045 ship 0.1080
828 873 840 867 850 886 839 892 ship 0.1079
1307 577 1307 568 1327 568 1326 577 ship 0.1075
1362 551 1363 542 1382 544 1381 553 ship 0.1070
1064 754 1070 748 1080 762 1073 767 ship 0.1068
1112 661 1119 656 1131 671 1125 676 ship 0.1066
586 1030 597 1028 600 1049 589 1051 ship 0.1062
1482 535 1486 528 1499 536 1495 542 ship 0.1054
1233 603 1232 595 1256 594 1257 602 ship 0.1035
389 1226 403 1229 394 1267 380 1264 ship 0.1033
752 1299 763 1303 755 1330 743 1326 ship 0.1019
900 884 908 882 913 898 904 900 ship 0.1017
1143 686 1139 676 1163 666 1167 676 ship 0.1013
1423 547 1424 538 1442 541 1440 549 ship 0.1003
847 1036 855 1040 844 1062 837 1059 ship 0.1003
507 1072 513 990 712 1004 707 1086 harbor 0.6711
219 1034 235 950 435 989 419 1073 harbor 0.6660
95 1230 129 1181 207 1235 173 1284 harbor 0.5595
1211 489 1277 457 1328 562 1262 594 harbor 0.4984
1101 545 1160 511 1218 610 1160 644 harbor 0.4564
1008 654 1053 603 1127 669 1082 720 harbor 0.4461
920 734 969 679 1053 755 1004 809 harbor 0.4384
1339 431 1405 425 1416 530 1350 536 harbor 0.4075
803 898 832 835 933 882 903 945 harbor 0.3692
754 963 807 912 880 990 827 1040 harbor 0.3599
1427 543 1408 438 1553 412 1572 517 harbor 0.3231
847 828 884 763 989 823 951 888 harbor 0.3063
844 880 858 868 877 889 863 901 harbor 0.2345
1561 477 1572 477 1572 521 1560 521 harbor 0.1453
886 801 896 795 910 818 900 824 harbor 0.1451
1549 454 1561 453 1565 501 1552 502 harbor 0.1260
359 1030 379 1032 374 1095 353 1093 harbor 0.1171
1533 423 1549 421 1556 466 1540 469 harbor 0.1117
903 792 919 789 924 821 909 823 harbor 0.1113
864 877 875 870 888 889 877 897 harbor 0.1104
828 851 842 854 837 882 822 879 harbor 0.1083
1556 390 1599 396 1580 533 1537 527 harbor 0.1005
