1867 631 1894 630 1896 698 1869 699 ship 0.5211
1626 643 1645 636 1664 691 1645 697 ship 0.4817
1789 627 1816 626 1821 702 1794 704 ship 0.4783
1516 373 1518 354 1561 359 1559 378 ship 0.4779
1502 470 1500 448 1556 444 1558 466 ship 0.4768
1848 524 1845 504 1893 497 1896 517 ship 0.4726
1659 646 1678 641 1692 694 1673 699 ship 0.4693
1696 438 1693 422 1732 416 1735 432 ship 0.4692
1514 631 1514 614 1561 614 1561 632 ship 0.4689
1502 647 1512 634 1550 660 1541 674 ship 0.4654
1511 281 1514 266 1545 272 1542 287 ship 0.4641
1510 580 1506 559 1560 551 1563 572 ship 0.4631
1849 600 1846 579 1896 573 1899 594 ship 0.4608
1681 593 1679 575 1726 571 1727 590 ship 0.4592
1472 448 1472 428 1522 426 1523 446 ship 0.4563
2755 672 2782 676 2773 754 2745 750 ship 0.4562
1476 657 1489 649 1514 685 1501 694 ship 0.4558
1472 423 1471 404 1515 402 1516 421 ship 0.4538
1698 343 1695 326 1735 320 1737 337 ship 0.4529
1468 323 1468 307 1502 306 1503 323 ship 0.4521
1851 551 1847 531 1894 522 1898 543 ship 0.4518
1624 490 1627 473 1663 478 1661 495 ship 0.4516
1483 519 1482 501 1526 497 1527 515 ship 0.4486
1851 580 1848 559 1895 552 1898 572 ship 0.4478
1616 623 1628 608 1668 638 1656 653 ship 0.4469
1696 420 1693 404 1733 397 1735 414 ship 0.4451
1699 364 1696 348 1733 340 1737 356 ship 0.4441
1468 286 1468 270 1502 270 1502 286 ship 0.4432
1844 632 1871 631 1873 699 1846 700 ship 0.4419
1846 501 1845 482 1889 480 1890 499 ship 0.4416
1672 515 1674 500 1703 503 1701 518 ship 0.4357
1784 545 1786 528 1826 531 1825 548 ship 0.4341
1470 343 1470 326 1507 326 1507 343 ship 0.4329
1625 277 1625 259 1661 259 1661 277 ship 0.4318
1670 489 1674 474 1704 480 1701 496 ship 0.4283
1699 317 1697 301 1734 297 1736 313 ship 0.4271
1999 671 2019 673 2014 723 1994 721 ship 0.4245
1625 515 1627 499 1661 502 1660 518 ship 0.4240
1969 592 1968 570 2022 568 2023 590 ship 0.4227
1699 490 1700 474 1737 476 1737 492 ship 0.4221
1698 471 1697 455 1735 453 1736 469 ship 0.4221
1803 492 1803 475 1842 475 1842 492 ship 0.4210
1783 565 1784 547 1824 549 1823 567 ship 0.4203
1666 613 1667 597 1705 600 1704 617 ship 0.4201
1806 419 1808 403 1841 407 1839 423 ship 0.4187
1854 415 1856 399 1890 403 1888 419 ship 0.4166
1510 553 1505 533 1557 523 1561 543 ship 0.4164
1806 516 1805 498 1845 497 1846 515 ship 0.4160
1509 319 1511 304 1542 309 1540 324 ship 0.4157
1506 496 1502 475 1555 467 1559 487 ship 0.4153
1478 395 1478 377 1517 377 1517 395 ship 0.4146
1491 594 1491 578 1529 576 1530 593 ship 0.4098
1623 366 1624 349 1659 352 1657 369 ship 0.4086
1487 619 1489 603 1525 608 1523 623 ship 0.4075
1807 360 1810 344 1841 351 1838 366 ship 0.4068
1461 658 1476 652 1490 693 1475 698 ship 0.4048
1697 512 1696 497 1730 494 1731 510 ship 0.4036
1800 473 1800 457 1836 456 1836 472 ship 0.4033
1672 340 1673 325 1702 327 1701 342 ship 0.4033
1671 363 1672 348 1700 349 1699 365 ship 0.4030
1802 447 1802 431 1836 432 1836 448 ship 0.4024
1478 364 1478 346 1516 348 1515 366 ship 0.4012
1969 618 1967 598 2016 594 2017 614 ship 0.4011
1620 388 1621 371 1656 372 1655 389 ship 0.4004
1628 311 1629 294 1662 295 1662 312 ship 0.3990
1809 390 1812 375 1844 380 1841 396 ship 0.3988
1969 496 1969 475 2021 475 2021 496 ship 0.3985
1851 441 1851 425 1885 426 1885 442 ship 0.3964
1685 573 1683 556 1725 553 1726 570 ship 0.3955
1698 395 1695 379 1732 372 1735 388 ship 0.3955
1624 469 1625 453 1659 456 1658 472 ship 0.3943
1466 250 1466 234 1501 235 1501 251 ship 0.3941
1622 569 1623 552 1658 554 1657 570 ship 0.3917
1627 342 1629 325 1662 328 1660 345 ship 0.3907
1808 336 1811 321 1841 327 1838 342 ship 0.3906
1970 520 1969 499 2021 497 2022 518 ship 0.3906
1855 392 1858 377 1890 384 1886 399 ship 0.3899
1654 624 1665 610 1701 635 1691 650 ship 0.3898
1971 572 1970 551 2024 550 2024 572 ship 0.3894
2146 545 2148 527 2192 530 2190 549 ship 0.3884
1847 475 1846 459 1884 457 1884 474 ship 0.3869
1673 314 1674 298 1702 299 1702 315 ship 0.3866
2651 665 2660 654 2690 678 2681 689 ship 0.3861
1621 410 1621 393 1655 394 1655 411 ship 0.3843
1623 437 1624 421 1656 422 1655 438 ship 0.3804
1971 472 1971 452 2021 451 2021 471 ship 0.3790
2889 753 2899 733 2949 759 2939 779 ship 0.3788
1511 353 1514 336 1549 341 1547 358 ship 0.3787
2147 569 2146 550 2188 547 2190 565 ship 0.3771
2657 695 2671 690 2685 730 2671 735 ship 0.3771
1500 666 1516 660 1532 701 1516 707 ship 0.3757
1459 617 1465 603 1495 616 1489 630 ship 0.3755
1814 592 1815 575 1851 577 1850 595 ship 0.3751
1514 246 1518 230 1548 238 1544 254 ship 0.3740
1852 299 1854 283 1885 287 1884 303 ship 0.3740
1974 420 1973 401 2015 398 2016 417 ship 0.3731
1458 636 1468 625 1494 648 1483 659 ship 0.3726
1673 469 1675 454 1705 458 1703 473 ship 0.3726
1624 550 1624 534 1658 535 1657 551 ship 0.3712
1850 332 1853 317 1881 323 1878 337 ship 0.3711
1672 390 1673 375 1701 377 1700 392 ship 0.3711
1810 606 1819 590 1852 609 1843 625 ship 0.3706
1852 364 1856 350 1884 357 1880 371 ship 0.3704
1974 447 1972 428 2015 425 2016 444 ship 0.3684
2050 614 2048 597 2086 592 2088 609 ship 0.3680
1623 596 1623 580 1657 580 1657 596 ship 0.3674
2026 671 2044 674 2035 722 2017 719 ship 0.3653
1508 416 1507 397 1550 395 1551 413 ship 0.3651
1700 287 1699 272 1731 271 1732 286 ship 0.3643
1970 639 1974 621 2015 630 2011 647 ship 0.3617
1973 389 1973 370 2016 371 2016 389 ship 0.3599
1674 550 1674 535 1704 537 1703 552 ship 0.3597
1814 306 1817 290 1847 295 1845 311 ship 0.3580
2915 733 2927 718 2967 750 2955 766 ship 0.3577
2049 522 2046 502 2096 496 2099 516 ship 0.3564
2804 703 2827 709 2813 765 2791 759 ship 0.3551
1669 281 1670 266 1698 268 1697 284 ship 0.3546
1971 548 1970 528 2022 525 2023 546 ship 0.3526
2051 672 2068 673 2065 723 2048 722 ship 0.3502
2154 528 2157 511 2196 519 2193 536 ship 0.3488
2051 570 2047 551 2093 540 2098 559 ship 0.3486
1465 234 1467 217 1503 223 1501 239 ship 0.3482
1785 582 1788 565 1824 571 1822 588 ship 0.3456
2155 687 2160 671 2204 685 2198 701 ship 0.3450
2052 592 2048 574 2092 564 2096 582 ship 0.3432
1337 641 1356 641 1355 698 1336 698 ship 0.3400
3026 625 3038 612 3077 646 3065 660 ship 0.3399
2786 683 2808 689 2793 755 2770 750 ship 0.3365
3041 773 3040 749 3100 747 3101 771 ship 0.3345
2156 423 2171 419 2180 453 2166 457 ship 0.3335
2659 655 2665 641 2697 656 2691 669 ship 0.3326
2149 584 2148 567 2184 564 2186 581 ship 0.3322
2046 633 2052 620 2082 633 2076 646 ship 0.3320
1626 258 1626 241 1660 240 1661 258 ship 0.3319
1787 606 1801 592 1828 620 1814 633 ship 0.3315
2702 671 2719 665 2733 704 2715 710 ship 0.3273
2639 724 2655 725 2654 766 2637 765 ship 0.3264
2638 673 2647 662 2672 683 2663 694 ship 0.3246
2636 701 2649 696 2661 731 2647 735 ship 0.3217
2068 684 2087 686 2081 734 2062 732 ship 0.3162
2028 640 2035 627 2059 638 2053 652 ship 0.3152
1974 366 1976 348 2017 351 2016 370 ship 0.3144
3112 555 3129 550 3143 603 3126 607 ship 0.3141
2604 729 2621 724 2632 764 2615 769 ship 0.3138
1360 329 1364 312 1405 322 1400 339 ship 0.3132
1463 595 1467 581 1497 590 1493 604 ship 0.3131
1360 311 1365 294 1406 306 1401 323 ship 0.3110
1464 464 1465 446 1504 449 1503 466 ship 0.3089
2692 651 2702 639 2727 660 2717 672 ship 0.3076
1462 487 1463 470 1500 473 1499 489 ship 0.3071
2155 612 2157 598 2187 602 2185 616 ship 0.3069
2607 711 2620 703 2638 733 2625 741 ship 0.3058
2611 683 2620 670 2645 688 2637 701 ship 0.3033
2924 711 2931 696 2966 712 2959 727 ship 0.3031
3048 738 3046 716 3101 714 3102 735 ship 0.3000
2158 494 2165 482 2192 496 2185 509 ship 0.2974
2902 718 2908 703 2945 716 2940 731 ship 0.2949
2693 635 2699 621 2727 634 2721 647 ship 0.2945
1466 536 1468 521 1500 526 1498 541 ship 0.2922
2669 643 2674 629 2705 640 2700 654 ship 0.2896
2160 668 2167 653 2205 671 2199 686 ship 0.2885
1977 334 1980 317 2020 324 2017 341 ship 0.2871
1779 513 1783 499 1811 506 1808 521 ship 0.2815
1359 484 1361 467 1401 472 1398 489 ship 0.2814
2151 715 2153 698 2197 705 2195 722 ship 0.2810
1516 230 1522 216 1550 228 1544 242 ship 0.2807
2662 724 2680 724 2680 761 2662 761 ship 0.2780
2049 486 2050 470 2086 472 2085 489 ship 0.2778
1356 597 1367 586 1392 612 1381 623 ship 0.2775
1349 619 1363 613 1378 651 1364 657 ship 0.2767
3034 659 3037 642 3080 651 3077 668 ship 0.2754
2711 709 2732 712 2725 763 2703 760 ship 0.2740
1356 414 1362 399 1397 413 1391 428 ship 0.2723
1364 285 1369 270 1406 282 1401 297 ship 0.2704
2610 663 2616 649 2645 659 2639 674 ship 0.2685
1359 438 1363 422 1399 431 1395 446 ship 0.2683
1535 224 1541 208 1572 220 1566 235 ship 0.2681
1818 281 1820 264 1851 267 1850 284 ship 0.2681
1311 639 1330 640 1326 698 1307 697 ship 0.2654
1778 488 1783 474 1810 483 1806 497 ship 0.2649
2157 648 2163 636 2190 649 2184 661 ship 0.2617
3037 703 3036 685 3079 682 3080 700 ship 0.2615
1667 255 1669 239 1695 242 1694 257 ship 0.2612
336 556 352 548 371 589 355 596 ship 0.2611
2132 421 2146 415 2158 442 2145 448 ship 0.2607
2023 475 2025 460 2054 464 2052 479 ship 0.2593
2030 543 2029 526 2062 524 2064 541 ship 0.2589
1685 599 1691 584 1722 595 1716 611 ship 0.2588
2729 636 2737 623 2763 638 2755 652 ship 0.2586
2059 657 2073 652 2085 683 2071 689 ship 0.2583
2737 656 2750 644 2773 671 2759 682 ship 0.2579
2888 694 2890 679 2920 683 2918 698 ship 0.2578
1359 469 1362 453 1399 458 1397 474 ship 0.2562
1354 581 1364 569 1393 594 1383 606 ship 0.2555
2756 640 2764 625 2793 642 2784 657 ship 0.2552
3069 749 3070 729 3116 732 3114 752 ship 0.2550
2829 706 2846 702 2855 740 2838 744 ship 0.2545
1466 567 1470 553 1499 560 1496 574 ship 0.2544
2495 731 2511 722 2532 758 2517 767 ship 0.2542
2319 688 2329 679 2350 703 2339 712 ship 0.2541
3087 583 3100 575 3121 610 3108 618 ship 0.2536
2030 499 2032 482 2063 485 2062 501 ship 0.2523
1695 540 1697 525 1726 530 1724 544 ship 0.2484
2871 714 2882 703 2906 725 2895 737 ship 0.2479
1702 252 1702 237 1730 237 1730 251 ship 0.2462
2778 639 2787 626 2814 644 2805 657 ship 0.2460
279 633 297 624 317 664 299 673 ship 0.2457
2089 613 2095 601 2116 612 2110 624 ship 0.2456
1362 356 1365 340 1399 347 1396 362 ship 0.2452
1359 500 1362 484 1398 491 1395 507 ship 0.2451
2014 446 2017 432 2043 438 2040 452 ship 0.2444
2349 722 2361 713 2383 742 2371 751 ship 0.2444
2607 644 2612 630 2641 640 2635 655 ship 0.2442
1851 281 1855 264 1886 271 1883 287 ship 0.2440
2097 641 2106 631 2123 648 2114 657 ship 0.2429
250 639 267 626 298 663 281 677 ship 0.2428
2930 692 2932 677 2962 682 2960 697 ship 0.2416
2140 614 2145 602 2166 611 2161 623 ship 0.2406
1781 443 1787 430 1811 441 1805 454 ship 0.2397
2496 672 2501 657 2535 668 2530 682 ship 0.2394
1281 632 1300 632 1300 693 1280 693 ship 0.2392
358 640 374 622 416 660 400 678 ship 0.2389
2350 687 2360 678 2381 700 2371 709 ship 0.2383
877 670 886 651 929 672 920 691 ship 0.2381
1692 619 1704 609 1727 636 1714 646 ship 0.2372
1354 557 1363 545 1392 568 1383 579 ship 0.2369
2100 658 2112 652 2123 677 2111 683 ship 0.2367
1362 614 1376 609 1389 641 1375 647 ship 0.2346
2136 644 2145 634 2162 650 2154 659 ship 0.2339
2326 716 2338 707 2359 735 2346 744 ship 0.2336
2101 425 2112 416 2131 437 2120 446 ship 0.2334
557 663 562 640 619 653 614 676 ship 0.2322
2931 670 2934 655 2963 661 2960 675 ship 0.2314
2586 682 2593 669 2618 684 2611 697 ship 0.2312
338 588 354 582 372 624 355 631 ship 0.2298
1361 392 1365 378 1397 387 1393 401 ship 0.2296
2578 658 2583 643 2612 652 2608 667 ship 0.2293
1753 626 1769 621 1781 654 1765 660 ship 0.2292
2318 655 2327 643 2353 662 2344 674 ship 0.2288
2083 587 2088 573 2112 581 2107 595 ship 0.2281
1777 413 1784 401 1807 414 1800 426 ship 0.2259
339 626 358 617 379 662 361 671 ship 0.2259
1732 504 1739 492 1760 503 1754 515 ship 0.2256
1742 603 1753 593 1771 613 1760 623 ship 0.2249
2011 413 2015 399 2040 406 2037 420 ship 0.2244
1356 532 1362 519 1394 534 1388 547 ship 0.2240
2066 440 2072 427 2098 441 2092 453 ship 0.2235
2076 539 2079 522 2108 528 2105 544 ship 0.2232
1966 657 1982 652 1994 687 1977 692 ship 0.2229
1605 626 1618 615 1641 641 1629 652 ship 0.2217
1370 258 1376 243 1409 256 1403 271 ship 0.2212
2134 489 2141 478 2160 490 2153 502 ship 0.2205
2049 450 2054 437 2079 445 2075 459 ship 0.2194
2097 679 2112 678 2116 711 2101 712 ship 0.2193
1726 470 1733 457 1756 468 1750 481 ship 0.2190
2090 455 2098 443 2121 459 2113 470 ship 0.2179
1702 644 1720 643 1723 686 1705 688 ship 0.2177
2103 399 2113 390 2131 411 2121 420 ship 0.2168
1611 645 1627 639 1641 675 1624 681 ship 0.2164
319 624 338 620 348 662 329 667 ship 0.2161
1616 228 1616 211 1650 212 1650 229 ship 0.2158
2886 670 2888 655 2918 661 2915 675 ship 0.2149
3132 537 3147 535 3151 581 3135 583 ship 0.2144
3072 614 3082 604 3104 625 3094 635 ship 0.2143
1726 436 1732 424 1755 436 1748 448 ship 0.2141
2137 662 2147 654 2163 675 2153 683 ship 0.2130
2575 643 2579 628 2610 637 2606 651 ship 0.2119
2492 708 2501 696 2529 719 2519 730 ship 0.2116
2544 673 2551 661 2574 674 2567 686 ship 0.2106
1774 384 1781 372 1803 384 1797 396 ship 0.2092
2835 680 2845 669 2867 689 2857 700 ship 0.2078
2471 722 2485 712 2510 746 2495 756 ship 0.2073
2148 731 2152 713 2195 722 2191 740 ship 0.2067
2773 655 2786 645 2806 672 2793 682 ship 0.2067
1739 579 1747 567 1768 581 1760 593 ship 0.2058
2467 682 2473 668 2505 682 2499 696 ship 0.2041
999 661 1016 642 1056 679 1039 698 ship 0.2037
1596 360 1604 347 1628 364 1620 376 ship 0.2028
2073 402 2080 391 2102 406 2095 417 ship 0.2023
2166 405 2179 402 2185 433 2172 435 ship 0.2011
2077 493 2082 479 2108 488 2103 503 ship 0.2002
2638 624 2647 613 2669 630 2660 641 ship 0.2000
2605 624 2614 612 2639 629 2631 641 ship 0.1992
2514 708 2524 697 2546 718 2536 729 ship 0.1984
1555 211 1561 196 1589 208 1582 223 ship 0.1982
2014 381 2019 367 2044 376 2039 390 ship 0.1978
2349 654 2357 642 2380 658 2372 669 ship 0.1977
2512 664 2516 648 2547 657 2543 672 ship 0.1975
2799 678 2814 673 2824 706 2809 711 ship 0.1975
3025 722 3029 705 3061 712 3057 729 ship 0.1970
1464 212 1468 196 1502 206 1497 221 ship 0.1962
2137 685 2148 677 2166 701 2154 710 ship 0.1951
1740 537 1746 525 1767 536 1761 548 ship 0.1948
922 649 939 640 960 680 943 689 ship 0.1940
1775 355 1782 343 1804 356 1797 368 ship 0.1905
1909 646 1929 646 1928 690 1908 689 ship 0.1881
2542 656 2547 642 2574 653 2568 667 ship 0.1878
3076 713 3079 699 3110 705 3108 719 ship 0.1867
2052 407 2057 395 2079 405 2074 417 ship 0.1858
2552 711 2563 703 2579 724 2568 732 ship 0.1857
1740 559 1748 547 1770 561 1762 573 ship 0.1856
2145 372 2157 367 2167 392 2155 397 ship 0.1854
685 662 695 641 743 664 733 685 ship 0.1850
2373 680 2383 670 2404 693 2394 702 ship 0.1848
2368 716 2381 709 2398 740 2385 747 ship 0.1842
2322 638 2330 626 2357 643 2349 656 ship 0.1838
1415 623 1428 618 1438 643 1425 649 ship 0.1838
1596 337 1604 326 1625 340 1617 352 ship 0.1826
1979 304 1983 288 2021 295 2018 312 ship 0.1824
1342 600 1353 593 1369 618 1358 625 ship 0.1818
2933 651 2938 637 2965 646 2960 660 ship 0.1809
1336 575 1348 567 1366 594 1354 602 ship 0.1799
1595 213 1598 197 1626 203 1623 219 ship 0.1798
2755 622 2764 610 2789 629 2780 641 ship 0.1777
2515 733 2531 726 2544 755 2528 763 ship 0.1776
1544 341 1552 329 1576 345 1567 357 ship 0.1761
2119 371 2131 364 2145 388 2133 395 ship 0.1743
2456 689 2464 675 2492 690 2485 704 ship 0.1734
1862 610 1872 594 1901 612 1891 628 ship 0.1731
972 645 992 636 1015 684 995 693 ship 0.1730
2169 372 2181 368 2189 393 2177 397 ship 0.1727
953 639 972 634 983 682 964 687 ship 0.1707
2673 689 2693 686 2702 749 2682 752 ship 0.1704
1404 602 1416 595 1430 617 1418 625 ship 0.1701
3097 541 3113 538 3121 588 3105 590 ship 0.1698
2015 359 2021 345 2046 355 2040 369 ship 0.1691
1602 433 1608 420 1632 431 1626 444 ship 0.1687
2804 655 2813 645 2834 663 2825 674 ship 0.1685
3071 660 3076 649 3101 659 3096 671 ship 0.1679
1775 336 1783 324 1805 338 1797 350 ship 0.1678
2807 638 2816 626 2838 643 2830 655 ship 0.1669
2556 734 2572 730 2580 760 2565 764 ship 0.1662
1681 637 1703 634 1710 697 1689 699 ship 0.1659
1600 307 1607 296 1627 308 1620 319 ship 0.1655
2071 374 2079 363 2102 378 2094 390 ship 0.1652
2102 372 2112 363 2130 383 2119 392 ship 0.1651
1543 641 1558 633 1575 661 1560 670 ship 0.1647
1550 308 1558 297 1578 311 1570 323 ship 0.1636
2910 653 2914 639 2942 646 2938 661 ship 0.1634
1448 592 1456 581 1477 597 1469 608 ship 0.1633
2839 659 2845 646 2871 658 2865 671 ship 0.1625
1392 279 1400 267 1422 280 1415 293 ship 0.1609
297 611 314 606 327 642 310 647 ship 0.1605
2054 375 2060 363 2083 375 2077 387 ship 0.1600
2576 626 2583 613 2610 628 2603 641 ship 0.1599
2168 338 2181 334 2190 362 2177 366 ship 0.1594
2909 668 2910 654 2939 657 2937 671 ship 0.1592
1486 633 1491 617 1530 629 1525 645 ship 0.1590
1551 271 1559 259 1579 273 1571 285 ship 0.1583
1397 249 1405 237 1428 251 1421 263 ship 0.1583
1379 227 1386 213 1417 228 1410 242 ship 0.1582
1427 649 1443 649 1444 681 1428 682 ship 0.1570
1800 251 1800 235 1832 235 1832 251 ship 0.1552
1541 402 1547 389 1570 401 1564 414 ship 0.1551
1868 462 1872 447 1904 454 1900 470 ship 0.1548
2549 646 2554 633 2580 643 2575 656 ship 0.1539
1598 458 1606 445 1629 460 1621 472 ship 0.1539
1603 241 1607 227 1630 234 1626 247 ship 0.1527
314 569 331 563 343 594 326 600 ship 0.1526
1767 658 1787 660 1784 706 1763 704 ship 0.1525
1449 504 1455 492 1478 503 1472 515 ship 0.1524
1242 641 1260 642 1256 691 1239 690 ship 0.1511
2987 708 2996 696 3018 711 3009 723 ship 0.1511
1604 272 1610 260 1631 269 1625 282 ship 0.1507
1391 480 1399 467 1422 481 1414 494 ship 0.1506
1454 357 1459 344 1482 351 1477 364 ship 0.1503
2377 652 2384 641 2408 655 2400 667 ship 0.1499
1452 388 1457 375 1480 385 1475 398 ship 0.1496
2880 649 2884 634 2915 643 2911 657 ship 0.1481
1452 437 1457 423 1481 433 1476 446 ship 0.1481
2993 732 3007 722 3025 746 3011 757 ship 0.1475
1776 310 1784 298 1804 311 1796 322 ship 0.1471
2781 623 2790 611 2815 630 2806 642 ship 0.1469
1726 233 1728 219 1754 223 1752 237 ship 0.1465
1623 616 1625 598 1670 602 1668 620 ship 0.1464
2143 340 2156 335 2167 362 2154 367 ship 0.1451
1403 217 1410 204 1437 219 1429 232 ship 0.1450
1724 270 1729 257 1751 267 1745 280 ship 0.1448
1393 435 1401 423 1422 436 1414 449 ship 0.1432
1392 464 1399 451 1422 464 1414 477 ship 0.1429
2348 638 2355 625 2379 639 2372 652 ship 0.1414
2986 687 2990 674 3012 682 3007 694 ship 0.1406
1674 227 1676 212 1700 217 1698 232 ship 0.1399
2327 621 2336 610 2359 628 2350 639 ship 0.1397
1815 261 1817 245 1847 248 1845 265 ship 0.1388
959 600 973 593 989 624 974 631 ship 0.1373
2014 331 2020 318 2045 330 2039 343 ship 0.1369
2403 677 2414 668 2431 689 2420 698 ship 0.1359
1775 271 1780 258 1801 266 1797 279 ship 0.1355
1394 500 1402 488 1423 501 1416 513 ship 0.1351
1709 217 1710 200 1745 203 1744 219 ship 0.1350
1596 484 1604 472 1627 485 1620 498 ship 0.1347
1535 589 1540 573 1568 582 1563 598 ship 0.1345
2957 639 2965 628 2987 642 2979 654 ship 0.1342
642 607 654 599 673 628 661 636 ship 0.1341
1394 409 1403 397 1423 412 1414 424 ship 0.1340
1768 239 1769 224 1796 225 1795 240 ship 0.1334
2174 476 2186 470 2200 494 2189 501 ship 0.1334
1599 546 1605 532 1632 544 1626 558 ship 0.1331
626 644 644 635 661 669 644 678 ship 0.1327
658 645 671 634 703 670 689 681 ship 0.1324
642 634 657 628 672 666 657 672 ship 0.1298
2401 709 2415 704 2425 732 2410 737 ship 0.1296
2178 442 2191 438 2199 467 2186 470 ship 0.1295
1267 631 1283 630 1285 676 1269 677 ship 0.1295
2101 709 2120 708 2120 741 2102 741 ship 0.1294
307 543 323 536 336 564 320 571 ship 0.1293
2478 658 2483 645 2508 655 2504 668 ship 0.1283
1397 355 1404 342 1424 354 1418 366 ship 0.1281
1449 532 1455 520 1476 531 1469 543 ship 0.1276
1596 514 1603 501 1628 514 1621 527 ship 0.1273
1539 436 1547 423 1570 438 1562 451 ship 0.1263
367 573 382 565 398 595 384 604 ship 0.1247
2054 357 2061 345 2083 357 2077 369 ship 0.1241
2840 640 2847 628 2872 642 2865 655 ship 0.1236
2625 762 2644 752 2661 785 2641 795 ship 0.1233
2399 652 2407 640 2429 654 2421 666 ship 0.1222
1397 386 1405 375 1425 388 1417 399 ship 0.1222
2708 598 2719 589 2738 611 2727 620 ship 0.1219
2355 43 2370 43 2372 104 2356 104 ship 0.1217
2450 706 2462 698 2478 723 2465 731 ship 0.1214
1448 564 1455 553 1475 566 1467 577 ship 0.1213
2439 661 2446 649 2468 661 2461 674 ship 0.1205
1398 584 1409 576 1425 596 1414 605 ship 0.1201
2330 584 2341 575 2360 599 2349 608 ship 0.1200
2652 760 2673 752 2687 787 2666 795 ship 0.1198
3107 709 3112 697 3140 707 3135 720 ship 0.1198
1474 636 1487 624 1518 657 1505 669 ship 0.1187
2555 625 2563 614 2585 628 2577 639 ship 0.1176
2120 347 2131 340 2146 364 2135 371 ship 0.1169
1224 653 1242 652 1244 696 1226 696 ship 0.1168
2988 658 2995 648 3014 660 3007 671 ship 0.1165
1309 603 1321 598 1331 624 1319 629 ship 0.1161
2909 615 2914 601 2941 611 2936 625 ship 0.1150
1913 610 1925 600 1942 621 1930 631 ship 0.1134
1443 194 1447 179 1479 188 1474 203 ship 0.1132
2346 402 2359 400 2366 436 2352 439 ship 0.1124
1371 653 1388 658 1379 695 1361 691 ship 0.1121
2456 651 2462 639 2484 650 2478 662 ship 0.1112
1336 535 1346 526 1366 546 1356 556 ship 0.1110
1337 432 1345 419 1369 432 1362 445 ship 0.1107
2596 764 2614 751 2637 782 2618 795 ship 0.1106
1790 335 1799 321 1826 340 1817 353 ship 0.1105
2729 591 2739 582 2758 604 2747 613 ship 0.1087
1535 513 1542 499 1568 511 1562 525 ship 0.1083
1759 220 1762 204 1793 208 1790 225 ship 0.1082
2404 778 2405 635 2932 639 2931 782 ship 0.1081
2629 678 2642 669 2666 702 2653 711 ship 0.1075
2380 638 2386 625 2409 638 2402 651 ship 0.1071
2681 602 2691 593 2710 614 2699 624 ship 0.1067
2332 552 2346 546 2360 576 2346 583 ship 0.1057
3143 532 3156 529 3164 564 3151 567 ship 0.1052
287 517 302 511 313 540 298 545 ship 0.1051
2103 353 2114 345 2130 366 2120 374 ship 0.1051
1396 530 1404 520 1423 534 1415 544 ship 0.1049
2938 613 2944 601 2968 612 2961 625 ship 0.1047
2429 641 2436 629 2456 641 2450 653 ship 0.1045
2398 636 2404 624 2427 636 2421 649 ship 0.1040
1336 414 1345 402 1368 419 1359 431 ship 0.1040
1312 572 1325 566 1338 594 1325 600 ship 0.1036
2639 591 2650 584 2665 607 2653 615 ship 0.1032
2528 625 2536 614 2556 628 2549 639 ship 0.1026
1915 584 1925 573 1945 591 1934 602 ship 0.1022
347 551 358 542 377 566 366 575 ship 0.1021
1342 502 1349 490 1372 504 1365 515 ship 0.1021
3049 619 3062 608 3090 642 3077 653 ship 0.1017
271 575 287 568 299 598 283 605 ship 0.1014
2876 613 2881 599 2912 609 2907 624 ship 0.1013
2444 715 2459 710 2468 739 2453 744 ship 0.1011
3078 549 3092 544 3105 581 3091 586 ship 0.1010
2348 621 2356 609 2378 623 2371 635 ship 0.1008
1528 266 1539 254 1567 278 1556 290 ship 0.1007
2467 682 2473 668 2505 682 2499 696 storage-tank 0.2000
3041 773 3040 749 3100 747 3101 771 storage-tank 0.1920
2462 709 2472 697 2501 722 2491 733 storage-tank 0.1807
2496 672 2501 657 2535 668 2530 682 storage-tank 0.1791
2456 689 2464 675 2492 690 2485 704 storage-tank 0.1751
2889 753 2899 733 2949 759 2939 779 storage-tank 0.1649
2604 729 2621 724 2632 764 2615 769 storage-tank 0.1574
2495 731 2511 722 2532 758 2517 767 storage-tank 0.1557
822 542 833 523 869 543 858 562 storage-tank 0.1542
2639 724 2655 725 2654 766 2637 765 storage-tank 0.1501
2492 708 2501 696 2529 719 2519 730 storage-tank 0.1475
2607 711 2620 703 2638 733 2625 741 storage-tank 0.1427
2636 701 2649 696 2661 731 2647 735 storage-tank 0.1420
2638 673 2647 662 2672 683 2663 694 storage-tank 0.1414
2026 671 2044 674 2035 722 2017 719 storage-tank 0.1374
2611 683 2620 670 2645 688 2637 701 storage-tank 0.1373
2512 664 2516 648 2547 657 2543 672 storage-tank 0.1349
2051 672 2068 673 2065 723 2048 722 storage-tank 0.1330
2651 665 2660 654 2690 678 2681 689 storage-tank 0.1293
2349 722 2361 713 2383 742 2371 751 storage-tank 0.1269
2515 733 2531 726 2544 755 2528 763 storage-tank 0.1225
1999 671 2019 673 2014 723 1994 721 storage-tank 0.1216
2657 695 2671 690 2685 730 2671 735 storage-tank 0.1212
2610 663 2616 649 2645 659 2639 674 storage-tank 0.1206
2068 684 2087 686 2081 734 2062 732 storage-tank 0.1188
2046 633 2052 620 2082 633 2076 646 storage-tank 0.1186
2050 614 2048 597 2086 592 2088 609 storage-tank 0.1178
2450 706 2462 698 2478 723 2465 731 storage-tank 0.1176
2514 708 2524 697 2546 718 2536 729 storage-tank 0.1167
2586 682 2593 669 2618 684 2611 697 storage-tank 0.1160
2028 640 2035 627 2059 638 2053 652 storage-tank 0.1138
2150 719 2155 703 2197 714 2193 730 storage-tank 0.1126
2368 716 2381 709 2398 740 2385 747 storage-tank 0.1123
2662 724 2680 724 2680 761 2662 761 storage-tank 0.1122
2052 592 2048 574 2092 564 2096 582 storage-tank 0.1102
2544 673 2551 661 2574 674 2567 686 storage-tank 0.1093
2155 692 2162 677 2198 694 2192 709 storage-tank 0.1092
2350 687 2360 678 2381 700 2371 709 storage-tank 0.1090
2097 679 2112 678 2116 711 2101 712 storage-tank 0.1089
2589 410 2590 385 2652 388 2651 412 storage-tank 0.1086
642 634 657 628 672 666 657 672 storage-tank 0.1082
2059 657 2073 652 2085 683 2071 689 storage-tank 0.1081
2578 658 2583 643 2612 652 2608 667 storage-tank 0.1071
2478 658 2483 645 2508 655 2504 668 storage-tank 0.1057
2137 685 2148 677 2166 701 2154 710 storage-tank 0.1055
319 624 338 620 348 662 329 667 storage-tank 0.1050
2135 712 2147 701 2168 728 2155 738 storage-tank 0.1049
2051 570 2047 551 2093 540 2098 559 storage-tank 0.1047
2439 661 2446 649 2468 661 2461 674 storage-tank 0.1044
2542 656 2547 642 2574 653 2568 667 storage-tank 0.1035
2373 680 2383 670 2404 693 2394 702 storage-tank 0.1035
2659 655 2665 641 2697 656 2691 669 storage-tank 0.1023
2049 541 2045 521 2094 510 2098 530 storage-tank 0.1021
1975 617 1973 597 2013 594 2015 614 storage-tank 0.1013
2915 733 2927 718 2967 750 2955 766 storage-tank 0.1009
2557 736 2573 730 2582 757 2566 762 storage-tank 0.1002
279 633 297 624 317 664 299 673 storage-tank 0.1001
626 644 644 635 661 669 644 678 storage-tank 0.1001
1446 238 1754 218 1785 690 1478 710 harbor 0.3019
1746 257 1871 246 1914 722 1789 733 harbor 0.2429
1987 206 2148 198 2176 730 2016 738 harbor 0.2245
2443 759 2459 615 3106 689 3090 832 harbor 0.2021
336 556 352 548 371 589 355 596 harbor 0.1463
338 588 354 582 372 624 355 631 harbor 0.1358
231 659 242 534 459 554 448 679 harbor 0.1331
358 640 374 622 416 660 400 678 harbor 0.1272
957 625 974 621 985 668 967 672 harbor 0.1257
973 649 993 635 1025 682 1005 695 harbor 0.1245
999 661 1016 642 1056 679 1039 698 harbor 0.1167
339 626 358 617 379 662 361 671 harbor 0.1126
310 628 329 617 352 659 333 669 harbor 0.1073
685 662 695 641 743 664 733 685 harbor 0.1061
909 652 926 639 959 678 943 692 harbor 0.1061
870 669 895 597 1073 659 1048 731 harbor 0.1017
2592 421 2593 392 2655 395 2653 425 swimming-pool 0.3142
2597 445 2599 427 2636 431 2635 448 swimming-pool 0.1084
