80 397 99 406 80 448 61 440 small-vehicle 0.1709
57 457 75 464 56 513 37 506 small-vehicle 0.1606
151 436 169 446 124 532 106 523 large-vehicle 0.1763
57 455 75 463 52 517 34 510 large-vehicle 0.1190
1071 262 1107 262 1107 373 1071 373 ship 0.8852
1152 217 1189 218 1186 334 1149 333 ship 0.8258
990 281 1017 289 994 360 968 352 ship 0.7496
781 236 810 248 777 329 747 317 ship 0.7180
1273 245 1300 246 1297 319 1269 318 ship 0.7145
1443 245 1471 246 1467 320 1439 319 ship 0.6991
674 197 708 213 662 310 628 293 ship 0.6243
74 21 107 39 44 160 11 142 ship 0.5499
517 147 552 163 506 269 471 253 ship 0.5134
1309 236 1331 235 1334 298 1311 299 ship 0.4513
1608 36 1605 2 1685 -4 1688 30 ship 0.4377
1693 241 1717 243 1712 305 1689 303 ship 0.3611
1657 241 1680 241 1680 293 1657 293 ship 0.3423
360 141 380 149 362 192 342 184 ship 0.3238
1033 248 1058 247 1059 304 1034 305 ship 0.3188
1033 309 1056 310 1053 378 1030 377 ship 0.2903
900 329 918 336 900 381 882 374 ship 0.2873
1235 222 1259 223 1255 287 1231 285 ship 0.2802
1116 401 1134 404 1127 441 1110 438 ship 0.2674
863 268 879 278 850 327 833 317 ship 0.2627
286 112 318 127 270 229 238 215 ship 0.2538
1348 235 1368 234 1369 301 1349 302 ship 0.2527
467 178 487 186 464 237 445 229 ship 0.2417
744 252 765 261 743 317 722 309 ship 0.2322
616 238 634 245 620 284 602 277 ship 0.2265
1494 238 1516 240 1511 291 1490 289 ship 0.2254
543 199 564 205 551 253 530 248 ship 0.1926
1199 218 1223 220 1217 275 1193 273 ship 0.1917
926 276 943 284 926 324 909 316 ship 0.1728
444 154 460 162 427 227 411 219 ship 0.1694
325 132 347 142 322 195 300 185 ship 0.1675
270 98 289 109 263 152 244 141 ship 0.1584
1553 246 1574 247 1570 300 1549 298 ship 0.1529
26 18 45 26 25 69 6 60 ship 0.1406
111 250 125 258 104 293 91 285 ship 0.1187
166 122 187 131 164 182 143 172 ship 0.1147
1360 286 1376 287 1372 322 1356 321 ship 0.1105
1593 245 1619 247 1614 323 1587 322 ship 0.1029
307 425 330 419 337 446 314 452 storage-tank 0.1489
1529 245 1631 238 1646 453 1544 460 harbor 0.7666
1288 236 1368 236 1367 441 1286 441 harbor 0.6865
263 106 350 141 262 357 176 322 harbor 0.6241
482 152 561 179 485 399 406 372 harbor 0.5114
1656 246 1719 243 1728 445 1665 448 harbor 0.4692
640 200 737 234 646 491 550 457 harbor 0.4095
1045 268 1085 278 1025 522 986 512 harbor 0.3752
1455 238 1500 239 1492 450 1447 449 harbor 0.3475
126 106 175 121 117 301 68 285 harbor 0.3189
1153 220 1199 215 1221 426 1175 430 harbor 0.3019
63 20 115 42 42 211 -9 189 harbor 0.2685
779 239 827 263 738 444 689 420 harbor 0.2500
944 274 979 288 893 501 858 487 harbor 0.2220
1243 233 1284 234 1281 409 1240 408 harbor 0.1812
327 151 381 170 320 344 266 325 harbor 0.1516
1348 235 1368 234 1369 301 1349 302 harbor 0.1490
895 278 937 297 850 486 808 467 harbor 0.1411
450 158 492 177 405 367 363 348 harbor 0.1230
1609 37 1606 2 1687 -4 1690 30 harbor 0.1198
858 272 901 294 814 464 771 442 harbor 0.1187
1065 253 1108 256 1093 445 1050 441 harbor 0.1140
