627 700 645 701 643 740 625 739 small-vehicle 0.1890
664 649 684 649 684 683 664 683 small-vehicle 0.1602
1043 739 1059 739 1058 765 1043 765 small-vehicle 0.1324
776 801 782 786 818 801 812 816 small-vehicle 0.1092
743 791 758 792 755 821 740 820 small-vehicle 0.1084
693 793 706 786 718 811 705 817 small-vehicle 0.1001
361 167 406 166 410 304 364 305 ship 0.8622
464 190 496 191 493 288 460 287 ship 0.8441
1227 190 1261 190 1260 274 1226 274 ship 0.7125
323 204 351 205 349 279 321 278 ship 0.6869
572 189 607 189 606 301 571 301 ship 0.6675
949 189 977 190 976 270 947 270 ship 0.6342
541 186 568 187 565 252 539 251 ship 0.5637
1529 211 1529 188 1589 188 1589 211 ship 0.4441
873 181 899 183 894 248 869 246 ship 0.3895
1151 210 1175 208 1180 256 1156 259 ship 0.2949
356 324 359 308 398 315 395 331 ship 0.2875
-11 187 21 186 21 280 -10 280 ship 0.2831
542 294 554 289 567 316 555 322 ship 0.1833
618 240 638 242 633 295 613 293 ship 0.1736
267 206 288 206 289 271 268 272 ship 0.1546
1656 252 1675 251 1678 335 1659 336 ship 0.1241
551 288 568 280 585 316 568 324 ship 0.1203
577 512 595 513 595 535 576 534 storage-tank 0.2036
562 509 580 510 579 531 561 530 storage-tank 0.1713
1521 744 1563 746 1562 791 1520 790 storage-tank 0.1563
1489 743 1514 742 1515 771 1490 771 storage-tank 0.1356
854 186 974 179 986 392 866 399 harbor 0.8468
1501 204 1592 203 1593 406 1502 406 harbor 0.8027
1057 201 1133 217 1083 451 1007 434 harbor 0.6458
540 194 625 195 622 399 537 398 harbor 0.6045
730 169 817 182 783 412 696 399 harbor 0.6015
446 194 536 197 531 388 440 386 harbor 0.5010
1130 213 1244 202 1266 417 1152 429 harbor 0.4442
337 169 414 167 420 422 343 424 harbor 0.4432
1641 214 1701 212 1707 418 1647 420 harbor 0.3391
1379 193 1413 192 1414 395 1379 395 harbor 0.3091
212 181 242 182 235 430 205 429 harbor 0.2295
276 183 306 183 309 419 278 420 harbor 0.2293
386 350 406 348 411 413 391 415 harbor 0.2038
1233 253 1257 251 1268 382 1244 384 harbor 0.1092
1150 277 1171 279 1161 404 1140 403 harbor 0.1038
443 322 465 320 474 411 452 413 harbor 0.1019
996 615 1036 619 1030 675 990 671 swimming-pool 0.4845
