159 754 165 734 205 746 199 766 small-vehicle 0.2324
542 680 561 685 549 729 530 724 small-vehicle 0.1215
95 668 99 650 139 659 135 677 small-vehicle 0.1215
144 774 151 758 189 776 181 792 small-vehicle 0.1199
328 784 331 766 376 774 373 792 small-vehicle 0.1171
589 703 608 707 602 743 583 740 small-vehicle 0.1091
1099 406 1144 418 1103 571 1058 560 ship 0.8615
1271 448 1314 462 1272 593 1228 579 ship 0.7970
1161 435 1202 444 1176 552 1135 542 ship 0.7133
573 281 601 288 582 364 554 357 ship 0.6337
828 331 860 342 833 425 801 414 ship 0.6259
1009 399 1032 405 1014 473 991 467 ship 0.4865
323 214 354 221 337 295 306 288 ship 0.4508
1602 560 1627 567 1610 626 1586 619 ship 0.4009
1725 610 1746 613 1738 676 1717 673 ship 0.3709
1656 582 1682 588 1659 676 1633 670 ship 0.3524
1818 681 1836 690 1817 732 1799 724 ship 0.3155
366 220 388 227 367 294 345 287 ship 0.2727
1909 611 1932 623 1908 668 1886 657 ship 0.2649
1474 523 1496 533 1463 610 1441 601 ship 0.2519
1681 592 1705 597 1687 671 1664 665 ship 0.2063
665 357 682 362 672 397 655 392 ship 0.2052
1205 449 1231 456 1213 528 1187 521 ship 0.2036
751 323 773 327 766 375 743 372 ship 0.1850
1755 628 1771 634 1753 679 1738 673 ship 0.1690
17 187 38 192 27 238 6 233 ship 0.1566
885 394 907 400 891 464 869 459 ship 0.1543
1934 634 1958 642 1945 686 1920 678 ship 0.1536
1636 575 1659 583 1636 653 1613 646 ship 0.1495
1454 599 1469 604 1458 639 1442 634 ship 0.1432
301 300 317 289 341 323 326 335 ship 0.1336
1043 448 1062 452 1046 532 1026 528 ship 0.1244
546 276 571 282 551 360 526 353 ship 0.1241
647 360 661 364 655 395 640 392 ship 0.1127
1446 665 1455 651 1485 670 1477 684 ship 0.1064
978 390 1001 396 983 468 960 462 ship 0.1051
457 256 602 272 582 464 437 449 harbor 0.8063
868 385 1018 378 1027 569 877 576 harbor 0.7520
734 315 849 343 804 532 689 504 harbor 0.6800
1622 585 1777 620 1731 820 1577 785 harbor 0.6520
1406 578 1558 504 1654 701 1502 775 harbor 0.6501
311 213 398 237 347 420 260 396 harbor 0.5971
1227 432 1326 478 1244 656 1145 611 harbor 0.5855
1906 630 1985 645 1952 823 1872 808 harbor 0.3977
415 243 458 255 412 418 369 406 harbor 0.3337
1397 495 1475 523 1412 699 1334 671 harbor 0.3202
159 178 179 182 151 348 130 344 harbor 0.3046
233 227 255 231 228 377 207 373 harbor 0.2793
93 157 121 165 72 346 44 338 harbor 0.2608
1093 402 1145 417 1098 587 1045 572 harbor 0.2549
10 169 33 174 21 239 -2 234 harbor 0.1572
1154 429 1210 441 1178 590 1122 578 harbor 0.1567
1474 523 1496 533 1463 610 1441 601 harbor 0.1452
830 404 866 420 819 526 782 510 harbor 0.1452
365 236 386 243 363 314 342 307 harbor 0.1293
1049 476 1070 482 1039 577 1019 571 harbor 0.1276
572 281 602 288 584 368 554 361 harbor 0.1138
301 281 321 275 340 335 320 341 harbor 0.1121
1009 399 1032 405 1014 473 991 467 harbor 0.1065
904 371 926 379 894 462 872 454 harbor 0.1041
120 170 175 188 116 371 60 353 harbor 0.1016
1376 649 1444 498 1702 614 1635 765 swimming-pool 0.1383
