220 510 222 491 262 496 260 514 small-vehicle 0.1565
1140 267 1140 241 1208 241 1208 267 ship 0.5887
248 218 250 192 314 197 312 222 ship 0.4911
760 37 783 24 817 88 793 100 ship 0.4678
1403 474 1418 464 1445 506 1430 515 ship 0.4135
1383 499 1396 490 1420 523 1407 532 ship 0.3937
1207 127 1209 107 1266 112 1264 132 ship 0.3830
776 4 794 -9 828 34 809 48 ship 0.3700
715 68 703 47 750 18 763 40 ship 0.3659
1435 459 1450 447 1480 484 1465 496 ship 0.3108
1354 510 1367 501 1388 532 1376 541 ship 0.2919
1366 505 1378 496 1403 528 1391 537 ship 0.2896
1148 305 1147 271 1222 269 1223 303 ship 0.2323
824 235 862 238 856 321 818 318 ship 0.1775
250 228 293 211 315 269 272 285 ship 0.1770
1252 444 1243 421 1293 402 1301 425 ship 0.1743
1204 101 1211 42 1291 51 1285 110 ship 0.1692
1424 463 1439 455 1460 491 1445 500 ship 0.1687
1278 547 1271 525 1328 508 1334 530 ship 0.1605
722 82 717 57 773 47 778 72 ship 0.1594
1380 131 1381 103 1449 105 1448 133 ship 0.1535
733 241 787 234 795 304 742 310 ship 0.1520
228 39 238 -13 313 1 302 53 ship 0.1446
178 186 222 200 199 275 155 262 ship 0.1366
1273 129 1270 112 1306 107 1309 124 ship 0.1231
-20 161 -14 133 41 144 36 172 ship 0.1209
371 208 419 211 415 290 366 287 ship 0.1128
1668 305 1709 304 1710 377 1670 377 ship 0.1117
1538 81 1592 49 1632 116 1578 149 ship 0.1113
970 245 1006 248 998 325 963 321 ship 0.1034
372 206 420 210 414 291 365 287 harbor 0.8299
1589 336 1625 316 1663 383 1627 403 harbor 0.7874
1519 388 1559 361 1605 431 1565 457 harbor 0.7851
70 157 111 167 90 257 49 248 harbor 0.7806
1042 251 1084 254 1078 328 1037 325 harbor 0.7679
594 206 638 206 637 301 593 300 harbor 0.7638
974 243 1011 248 998 327 962 321 harbor 0.7544
671 211 714 215 707 308 663 305 harbor 0.7532
824 235 862 238 856 321 818 318 harbor 0.7294
891 227 939 230 934 326 886 323 harbor 0.7117
459 204 505 208 497 297 452 293 harbor 0.6570
736 239 791 237 794 307 739 309 harbor 0.6535
1538 82 1592 50 1631 116 1577 148 harbor 0.6316
1464 432 1500 403 1545 459 1509 488 harbor 0.6137
1378 113 1385 54 1497 68 1490 127 harbor 0.6042
1150 337 1145 269 1235 262 1241 330 harbor 0.5505
1669 306 1707 304 1710 377 1673 378 harbor 0.5248
1178 113 1180 32 1317 36 1315 117 harbor 0.4988
250 221 304 213 315 282 261 291 harbor 0.4669
1198 504 1152 439 1254 368 1300 434 harbor 0.4487
144 185 216 188 213 276 141 273 harbor 0.4439
225 21 257 -31 321 7 289 60 harbor 0.3105
696 -26 800 -51 830 73 725 98 harbor 0.2144
-3 143 38 153 17 239 -24 229 harbor 0.1975
248 218 250 192 314 197 312 222 harbor 0.1461
117 180 149 187 135 256 103 250 harbor 0.1260
1278 547 1271 525 1328 508 1334 530 harbor 0.1139
1140 267 1140 241 1208 241 1208 267 harbor 0.1097
1435 459 1450 447 1480 484 1465 496 harbor 0.1044
1040 250 1086 253 1081 328 1035 325 helicopter 0.1052
