753 677 707 533 886 475 933 619 ground-track-field 0.1565
1044 527 1044 512 1072 513 1072 528 small-vehicle 0.1719
1014 1309 1008 1284 1062 1271 1068 1296 small-vehicle 0.1025
755 679 698 541 881 465 938 603 large-vehicle 0.1396
573 521 647 509 671 670 597 681 tennis-court 0.9778
529 258 603 247 627 406 552 417 tennis-court 0.9744
809 1033 880 1017 916 1176 844 1192 tennis-court 0.9743
417 1131 490 1116 523 1274 450 1290 tennis-court 0.9727
547 1104 620 1089 651 1248 579 1262 tennis-court 0.9725
486 836 559 819 598 979 525 997 tennis-court 0.9723
358 863 432 848 465 1008 391 1024 tennis-court 0.9716
675 1074 748 1059 782 1219 709 1235 tennis-court 0.9662
618 810 691 795 723 954 650 969 tennis-court 0.9613
438 546 511 535 537 695 463 706 tennis-court 0.9601
797 767 873 752 905 917 829 932 tennis-court 0.9598
787 203 859 191 885 350 813 362 tennis-court 0.9581
934 1005 1005 989 1040 1146 969 1162 tennis-court 0.9552
656 237 730 223 760 384 686 398 tennis-court 0.9537
280 1154 355 1137 392 1297 317 1314 tennis-court 0.9299
751 676 708 524 888 474 931 626 tennis-court 0.1555
752 685 701 534 884 472 935 624 harbor 0.1084
753 677 707 533 886 475 933 619 swimming-pool 0.8463
356 1581 342 1537 421 1511 435 1555 swimming-pool 0.4162
964 930 958 897 1010 887 1017 920 swimming-pool 0.3528
