3035 1278 3030 1144 3181 1138 3186 1272 plane 0.9287
1403 1395 1384 1233 1571 1211 1591 1372 plane 0.9274
2972 1123 2952 1003 3093 979 3113 1100 plane 0.8974
2556 1347 2561 1218 2706 1223 2702 1352 plane 0.8944
873 1261 840 1152 969 1112 1003 1221 plane 0.8903
371 1817 362 1664 541 1654 550 1807 plane 0.8902
870 1360 918 1251 1059 1313 1010 1423 plane 0.8881
68 546 160 469 249 576 156 652 plane 0.8749
823 1520 884 1418 1019 1500 957 1601 plane 0.8669
181 1037 279 960 370 1076 272 1154 plane 0.8658
1393 1145 1444 1049 1575 1118 1525 1214 plane 0.8578
909 886 1023 959 934 1099 820 1026 plane 0.8514
2995 976 2971 846 3113 819 3138 950 plane 0.8350
2147 435 2238 366 2321 475 2230 544 plane 0.8233
2013 1672 2010 1527 2188 1524 2190 1669 plane 0.8117
153 1224 197 1117 341 1177 297 1284 plane 0.8107
1427 1543 1414 1402 1583 1387 1596 1527 plane 0.8055
2528 1069 2498 956 2641 918 2671 1031 plane 0.7820
2460 347 2454 224 2591 218 2597 341 plane 0.7772
3160 1441 3266 1428 3281 1563 3176 1575 plane 0.7564
2517 1593 2522 1483 2659 1490 2654 1599 plane 0.7392
656 996 765 998 762 1144 653 1141 plane 0.7389
2377 1716 2390 1604 2518 1620 2504 1732 plane 0.7056
206 1351 234 1285 307 1315 279 1382 plane 0.6015
233 1582 177 1460 314 1397 371 1518 plane 0.5204
3246 262 3244 197 3327 195 3329 260 plane 0.5002
1377 1242 1369 1202 1428 1190 1436 1230 plane 0.3322
328 1119 341 1090 391 1112 378 1141 plane 0.2638
838 1078 869 1063 890 1106 860 1121 plane 0.2446
317 990 324 952 374 961 368 999 plane 0.2423
2920 275 2925 249 2987 259 2983 286 plane 0.2220
150 1015 176 1013 178 1060 153 1061 plane 0.2171
813 1072 838 1066 846 1103 822 1109 plane 0.2079
2536 1402 2546 1384 2579 1403 2570 1420 plane 0.2053
275 1369 278 1333 329 1337 327 1373 plane 0.2008
1571 1236 1577 1222 1604 1233 1598 1247 plane 0.1964
499 1898 497 1874 552 1868 555 1893 plane 0.1911
2627 1117 2624 1100 2660 1094 2662 1112 plane 0.1888
2572 1405 2578 1388 2608 1398 2601 1416 plane 0.1865
337 1236 346 1216 390 1235 381 1255 plane 0.1744
337 1021 354 998 387 1023 370 1046 plane 0.1719
1574 1213 1581 1200 1607 1214 1599 1227 plane 0.1655
565 1792 579 1784 596 1814 582 1822 plane 0.1613
205 1605 215 1589 246 1610 236 1625 plane 0.1597
2538 1381 2545 1363 2579 1376 2572 1395 plane 0.1593
2018 1674 2012 1529 2191 1521 2197 1666 bridge 0.1012
3161 1642 3169 1627 3203 1644 3195 1659 ship 0.2090
3170 1690 3182 1681 3203 1707 3191 1717 ship 0.1758
3171 1716 3185 1708 3204 1737 3190 1746 ship 0.1710
2587 1878 2592 1745 3381 1778 3376 1910 ship 0.1673
3131 1721 3141 1709 3169 1730 3159 1743 ship 0.1672
3168 1668 3177 1656 3202 1675 3193 1687 ship 0.1635
3154 1619 3163 1605 3197 1625 3188 1640 ship 0.1614
2763 1744 2762 1721 2811 1720 2812 1742 ship 0.1248
2734 1726 2745 1597 3279 1640 3269 1768 ship 0.1207
1390 1384 1382 1229 1589 1217 1597 1373 tennis-court 0.1055
579 1273 648 1256 667 1333 597 1350 storage-tank 0.2368
2763 1744 2762 1721 2811 1720 2812 1742 storage-tank 0.2068
3154 1619 3163 1605 3197 1625 3188 1640 storage-tank 0.2002
3161 1642 3169 1627 3203 1644 3195 1659 storage-tank 0.1883
2683 1747 2685 1725 2726 1728 2724 1750 storage-tank 0.1814
2719 1738 2723 1719 2757 1726 2752 1746 storage-tank 0.1581
3168 1668 3177 1656 3202 1675 3193 1687 storage-tank 0.1270
3170 1690 3182 1681 3203 1707 3191 1717 storage-tank 0.1036
3012 1228 3084 1110 3207 1183 3135 1302 roundabout 0.1093
2018 1674 2012 1529 2191 1521 2197 1666 harbor 0.1685
2514 1584 2519 1493 2644 1499 2640 1590 harbor 0.1304
2557 1346 2562 1215 2706 1220 2700 1352 harbor 0.1296
3037 1279 3029 1148 3179 1139 3187 1270 harbor 0.1162
1394 1146 1450 1046 1576 1115 1520 1216 harbor 0.1105
3035 1278 3030 1144 3181 1138 3186 1272 helicopter 0.1659
2524 1068 2498 948 2646 916 2671 1037 helicopter 0.1655
2558 1352 2557 1218 2704 1217 2705 1350 helicopter 0.1567
3158 1441 3263 1425 3284 1558 3179 1575 helicopter 0.1502
173 1043 272 947 383 1063 284 1158 helicopter 0.1460
2379 1719 2393 1604 2521 1620 2507 1735 helicopter 0.1388
659 991 764 995 758 1142 653 1138 helicopter 0.1134
2987 973 2969 837 3121 817 3139 954 helicopter 0.1064
871 1258 841 1149 970 1114 1000 1223 helicopter 0.1063
153 1237 188 1120 338 1165 303 1282 helicopter 0.1032
893 886 1021 952 945 1097 818 1031 helicopter 0.1001
