676 1176 659 979 871 961 888 1157 plane 0.9674
163 384 255 389 249 496 157 490 plane 0.9667
1162 978 1128 785 1354 745 1388 938 plane 0.9656
1613 935 1602 776 1771 763 1783 922 plane 0.9633
2117 844 2222 742 2336 859 2230 961 plane 0.9479
744 817 853 812 859 951 750 956 plane 0.9313
341 124 486 64 550 220 406 280 plane 0.9283
1399 924 1524 839 1617 976 1492 1061 plane 0.9219
1947 815 1993 595 2247 647 2202 867 plane 0.9206
1488 1185 1482 1028 1653 1022 1659 1179 plane 0.9206
2001 894 2089 790 2201 885 2113 989 plane 0.9167
269 516 303 343 499 382 465 554 plane 0.9066
1843 956 2015 825 2173 1031 2000 1162 plane 0.9043
681 111 884 -6 1014 217 810 335 plane 0.9030
970 7 1182 2 1188 244 975 248 plane 0.8982
158 682 178 469 422 492 402 705 plane 0.8937
1147 750 1140 630 1294 621 1301 742 plane 0.8899
1111 212 1188 75 1336 159 1259 296 plane 0.8814
447 167 625 39 771 242 594 370 plane 0.8262
1736 1014 1890 986 1920 1153 1767 1181 plane 0.8195
156 817 140 706 282 686 298 798 plane 0.7519
208 374 235 227 438 264 411 412 plane 0.6563
246 758 291 627 447 681 402 811 plane 0.4353
413 332 449 202 602 244 567 374 plane 0.2873
123 520 349 436 461 735 234 819 bridge 0.1967
205 375 365 241 518 424 358 558 bridge 0.1687
748 813 856 814 855 956 747 955 bridge 0.1556
1613 935 1602 776 1771 763 1783 922 bridge 0.1470
1488 1185 1482 1028 1653 1022 1659 1179 bridge 0.1440
797 222 863 -8 1144 71 1078 302 bridge 0.1282
671 1172 656 978 870 962 885 1156 bridge 0.1152
1158 974 1130 781 1352 750 1380 942 bridge 0.1119
1742 1014 1887 988 1916 1149 1770 1176 bridge 0.1070
1484 1240 1493 1218 1543 1238 1534 1260 bridge 0.1013
1979 1238 1966 1216 2024 1182 2037 1204 small-vehicle 0.1704
1412 1352 1413 1332 1454 1335 1453 1354 small-vehicle 0.1599
2194 1033 2208 1023 2231 1057 2217 1067 small-vehicle 0.1228
2177 1045 2192 1035 2218 1071 2204 1082 small-vehicle 0.1217
1965 1348 1966 1333 2001 1335 2000 1351 small-vehicle 0.1213
2162 1064 2175 1054 2201 1087 2188 1098 small-vehicle 0.1172
104 321 105 300 153 303 152 323 small-vehicle 0.1166
2246 1309 2240 1296 2268 1283 2274 1295 small-vehicle 0.1077
2334 1268 2329 1254 2365 1242 2370 1257 small-vehicle 0.1072
1715 1345 1730 1329 1762 1359 1747 1375 small-vehicle 0.1052
2310 1111 2302 1100 2333 1078 2341 1089 small-vehicle 0.1022
2326 200 2352 200 2349 313 2323 313 large-vehicle 0.2458
2290 205 2315 206 2312 313 2286 312 large-vehicle 0.2268
2261 211 2286 211 2288 314 2263 314 large-vehicle 0.1743
2230 217 2254 217 2255 320 2231 320 large-vehicle 0.1490
2310 1111 2302 1100 2333 1078 2341 1089 large-vehicle 0.1222
2248 384 2248 360 2320 359 2320 383 large-vehicle 0.1203
2086 1138 2089 1126 2121 1135 2118 1146 large-vehicle 0.1050
104 321 105 300 153 303 152 323 large-vehicle 0.1037
1863 139 1862 120 1908 118 1908 138 ship 0.3414
1786 1305 1803 1297 1824 1343 1807 1351 ship 0.3186
1557 1264 1574 1271 1558 1311 1540 1304 ship 0.3142
1480 1236 1487 1211 1546 1228 1538 1253 ship 0.3112
1494 1254 1510 1242 1537 1279 1522 1290 ship 0.3060
1534 1260 1551 1263 1544 1303 1526 1299 ship 0.2884
1805 1282 1822 1274 1844 1322 1827 1330 ship 0.2834
1860 203 1858 184 1901 181 1902 199 ship 0.2816
1769 1313 1786 1304 1809 1349 1792 1357 ship 0.2777
1580 1277 1599 1281 1588 1325 1569 1321 ship 0.2713
1592 108 1613 113 1602 159 1581 154 ship 0.2540
1918 147 1925 135 1959 155 1952 167 ship 0.2518
1861 185 1860 167 1902 165 1903 183 ship 0.2511
1833 1268 1851 1259 1874 1306 1856 1314 ship 0.2410
1917 159 1927 148 1954 172 1944 184 ship 0.2354
1861 96 1864 77 1911 84 1908 103 ship 0.2251
1911 136 1913 121 1943 126 1940 140 ship 0.1990
1909 122 1909 108 1939 108 1939 122 ship 0.1814
1754 1326 1771 1317 1791 1357 1773 1366 ship 0.1787
889 1324 884 1271 1036 1256 1041 1310 ship 0.1650
1828 1294 1842 1289 1853 1324 1839 1328 ship 0.1606
2244 385 2243 361 2319 359 2320 383 ship 0.1602
1970 1209 1956 1191 2017 1144 2031 1162 ship 0.1547
1725 1338 1741 1325 1768 1359 1752 1372 ship 0.1546
1493 1259 1506 1256 1514 1286 1501 1289 ship 0.1535
1862 1260 1879 1254 1895 1300 1879 1306 ship 0.1455
1929 129 1930 116 1961 119 1960 131 ship 0.1441
1909 99 1911 84 1942 87 1940 102 ship 0.1377
1910 172 1920 162 1941 184 1931 194 ship 0.1326
1979 1238 1966 1216 2024 1182 2037 1204 ship 0.1318
1869 81 1870 62 1913 62 1913 82 ship 0.1309
1871 152 1872 134 1917 136 1917 154 ship 0.1308
1510 1281 1524 1278 1530 1305 1516 1308 ship 0.1267
1571 1266 1586 1270 1579 1300 1564 1296 ship 0.1251
814 1145 804 1127 866 1092 876 1110 ship 0.1145
1882 1246 1899 1236 1925 1284 1909 1293 ship 0.1066
1829 1324 1841 1320 1850 1347 1838 1351 ship 0.1027
1725 1338 1741 1325 1768 1359 1752 1372 storage-tank 0.1143
1557 1264 1574 1271 1558 1311 1540 1304 storage-tank 0.1056
641 1122 717 939 906 1017 831 1200 roundabout 0.1368
2132 697 2123 633 2242 617 2251 680 harbor 0.3474
1159 762 1137 638 1283 611 1305 735 harbor 0.1501
169 821 141 719 274 682 302 784 harbor 0.1393
1870 199 1868 144 2115 133 2117 188 harbor 0.1369
1860 203 1858 184 1901 181 1902 199 harbor 0.1288
1489 1181 1492 1029 1660 1032 1657 1184 harbor 0.1278
1484 1240 1493 1218 1543 1238 1534 1260 harbor 0.1216
672 1172 659 978 871 963 884 1158 helicopter 0.1034
1613 939 1598 776 1773 760 1788 922 helicopter 0.1013
