260 446 368 350 503 503 395 599 baseball-diamond 0.1083
13 187 10 168 49 161 52 181 small-vehicle 0.4208
1147 335 1135 319 1173 294 1184 310 small-vehicle 0.3225
68 608 81 596 106 626 93 637 small-vehicle 0.3133
203 33 192 18 227 -8 238 6 small-vehicle 0.3048
1180 463 1192 453 1220 486 1208 496 small-vehicle 0.3025
116 728 127 720 149 748 137 757 small-vehicle 0.2827
117 778 129 766 164 803 152 815 small-vehicle 0.2685
1226 512 1237 503 1261 534 1249 543 small-vehicle 0.2660
131 683 141 670 173 697 163 709 small-vehicle 0.2563
906 162 918 153 941 182 929 192 small-vehicle 0.2538
1026 210 1017 192 1052 175 1061 194 small-vehicle 0.2474
97 646 107 634 139 662 129 673 small-vehicle 0.2466
1018 288 1029 278 1055 305 1044 315 small-vehicle 0.2390
1056 246 1042 226 1075 204 1089 224 small-vehicle 0.2188
65 718 79 708 103 739 90 750 small-vehicle 0.2176
903 274 916 263 941 291 928 303 small-vehicle 0.2122
89 110 98 95 126 111 118 127 small-vehicle 0.1900
1250 1050 1268 1054 1261 1090 1243 1087 small-vehicle 0.1757
54 703 61 693 81 707 74 717 small-vehicle 0.1590
912 580 902 566 934 544 944 558 small-vehicle 0.1459
928 191 937 181 961 203 952 213 small-vehicle 0.1451
842 84 853 75 882 110 871 119 small-vehicle 0.1277
60 118 83 108 104 161 82 170 small-vehicle 0.1144
304 872 317 861 354 903 342 914 small-vehicle 0.1081
486 232 497 222 533 261 522 271 large-vehicle 0.2421
441 165 452 156 487 196 477 206 large-vehicle 0.1799
1147 335 1135 319 1173 294 1184 310 large-vehicle 0.1556
97 646 107 634 139 662 129 673 large-vehicle 0.1163
304 872 317 861 354 903 342 914 large-vehicle 0.1090
60 118 83 108 104 161 82 170 large-vehicle 0.1055
117 778 129 766 164 803 152 815 large-vehicle 0.1053
855 739 915 682 1041 817 981 873 tennis-court 0.9327
752 836 810 778 939 907 881 965 tennis-court 0.9030
961 645 1021 590 1148 729 1088 784 tennis-court 0.9022
1101 1035 1051 964 1215 848 1265 919 tennis-court 0.8925
637 949 690 896 808 1014 755 1067 tennis-court 0.8900
264 447 350 357 498 499 411 589 tennis-court 0.1612
124 279 212 195 351 339 263 424 tennis-court 0.1366
261 446 359 354 498 503 400 595 basketball-court 0.9054
119 282 217 194 354 347 256 435 basketball-court 0.8065
404 513 436 502 453 551 420 562 basketball-court 0.1069
258 592 275 537 335 556 317 611 storage-tank 0.1300
261 446 359 354 498 503 400 595 soccer-ball-field 0.2123
119 282 217 194 354 347 256 435 soccer-ball-field 0.1690
