390 925 391 898 487 902 486 930 ship 0.6605
403 893 403 866 486 866 486 893 ship 0.6217
829 959 825 941 870 930 874 948 ship 0.5408
375 285 376 265 431 270 430 290 ship 0.5281
894 1432 892 1415 938 1410 940 1427 ship 0.5260
834 628 837 608 885 616 882 635 ship 0.5210
434 1043 433 1018 517 1016 517 1041 ship 0.5185
237 584 236 561 317 557 318 580 ship 0.5105
394 862 393 834 478 831 479 858 ship 0.5081
233 550 232 525 316 523 317 548 ship 0.5072
367 825 367 794 463 793 463 825 ship 0.5053
975 1383 968 1368 999 1352 1007 1367 ship 0.5040
832 553 835 533 886 542 883 562 ship 0.4973
788 1456 779 1431 863 1402 872 1427 ship 0.4953
468 570 472 550 522 562 517 581 ship 0.4944
784 1426 772 1401 848 1363 860 1388 ship 0.4891
290 736 289 710 369 706 371 732 ship 0.4887
1027 1371 1022 1355 1058 1342 1064 1358 ship 0.4868
542 488 540 471 576 466 578 483 ship 0.4867
951 1335 946 1318 979 1309 984 1325 ship 0.4839
780 1309 770 1284 832 1261 841 1287 ship 0.4835
1869 1600 1859 1582 1903 1555 1914 1573 ship 0.4827
379 336 380 316 432 318 432 338 ship 0.4802
248 229 250 209 301 213 300 233 ship 0.4758
510 1215 506 1196 553 1185 557 1204 ship 0.4727
728 870 728 852 771 852 771 869 ship 0.4725
1760 1037 1758 1021 1795 1015 1797 1031 ship 0.4708
544 300 544 284 582 284 582 300 ship 0.4673
999 1424 996 1409 1030 1403 1033 1418 ship 0.4648
544 436 544 420 579 421 579 437 ship 0.4648
833 768 833 753 873 753 873 768 ship 0.4627
827 893 826 877 869 876 869 892 ship 0.4623
440 1076 439 1053 515 1047 517 1071 ship 0.4619
230 444 233 423 285 431 282 451 ship 0.4604
723 783 721 765 766 761 768 778 ship 0.4591
1048 1411 1042 1395 1078 1381 1084 1397 ship 0.4577
674 1137 665 1119 706 1099 715 1117 ship 0.4566
722 762 721 744 767 741 768 759 ship 0.4557
834 573 836 554 885 559 883 578 ship 0.4552
819 1459 833 1446 863 1479 849 1492 ship 0.4541
1405 674 1423 664 1451 712 1433 723 ship 0.4534
824 912 824 896 867 896 867 912 ship 0.4519
378 249 380 231 430 235 428 253 ship 0.4509
773 1551 774 1529 825 1533 823 1555 ship 0.4503
1017 1348 1012 1334 1044 1323 1049 1338 ship 0.4496
842 398 841 380 888 376 889 394 ship 0.4487
855 1050 845 1031 902 1002 912 1021 ship 0.4484
1795 777 1789 761 1827 748 1832 764 ship 0.4483
1866 979 1867 965 1897 966 1897 980 ship 0.4473
1772 1572 1765 1554 1809 1538 1815 1557 ship 0.4470
728 892 727 874 770 874 771 891 ship 0.4469
730 846 729 828 772 827 773 845 ship 0.4460
843 480 843 462 890 464 889 483 ship 0.4451
841 450 841 432 889 433 889 451 ship 0.4445
543 352 542 336 579 332 580 348 ship 0.4438
975 1273 970 1257 1004 1245 1009 1261 ship 0.4436
837 614 838 595 886 598 885 617 ship 0.4435
713 518 711 498 759 494 761 514 ship 0.4433
591 502 593 486 630 489 629 505 ship 0.4426
240 279 242 261 287 266 286 283 ship 0.4423
722 426 721 410 761 408 762 423 ship 0.4422
726 908 726 890 770 890 770 908 ship 0.4421
722 743 721 725 767 723 768 741 ship 0.4417
526 778 526 760 574 760 573 779 ship 0.4410
720 446 719 430 759 428 760 444 ship 0.4397
1039 1388 1034 1373 1066 1362 1071 1376 ship 0.4384
595 465 595 449 631 447 632 464 ship 0.4379
1002 1311 997 1296 1029 1287 1033 1302 ship 0.4374
1332 711 1350 701 1380 754 1362 764 ship 0.4372
724 724 723 706 768 704 769 722 ship 0.4357
921 1471 920 1457 957 1454 958 1468 ship 0.4355
243 300 243 281 292 282 292 300 ship 0.4346
842 1031 832 1012 887 984 897 1003 ship 0.4338
1269 746 1286 735 1319 785 1302 796 ship 0.4336
122 146 139 148 132 193 115 190 ship 0.4328
650 731 655 709 707 720 702 742 ship 0.4316
840 431 840 413 888 412 888 430 ship 0.4310
378 353 379 333 432 338 431 358 ship 0.4310
531 701 532 682 578 685 577 704 ship 0.4308
1848 1562 1838 1543 1885 1517 1895 1535 ship 0.4308
840 497 842 478 891 484 888 503 ship 0.4302
725 708 725 690 770 688 771 706 ship 0.4288
526 742 527 723 575 726 573 744 ship 0.4287
376 374 380 354 432 362 429 382 ship 0.4264
1914 963 1911 949 1945 942 1948 957 ship 0.4262
1541 1152 1534 1136 1571 1120 1578 1135 ship 0.4260
992 1412 988 1398 1016 1389 1021 1403 ship 0.4258
1294 731 1312 720 1342 769 1325 780 ship 0.4256
833 722 832 704 876 702 877 719 ship 0.4253
911 1460 908 1444 949 1435 952 1451 ship 0.4250
893 952 908 941 940 986 925 996 ship 0.4250
375 411 377 391 429 395 428 416 ship 0.4250
832 704 832 686 879 685 880 703 ship 0.4237
730 633 728 615 772 612 773 630 ship 0.4230
1058 1238 1053 1222 1089 1210 1094 1227 ship 0.4221
728 613 725 594 770 587 773 606 ship 0.4214
719 487 718 470 761 468 761 485 ship 0.4208
1864 966 1866 952 1896 955 1895 969 ship 0.4207
162 160 179 163 172 211 155 209 ship 0.4197
1363 1203 1355 1190 1386 1171 1395 1184 ship 0.4196
832 679 833 660 882 663 881 681 ship 0.4182
445 284 444 267 486 263 487 281 ship 0.4176
841 377 840 360 886 358 887 375 ship 0.4174
390 472 391 450 463 455 462 477 ship 0.4171
538 594 536 576 582 571 584 590 ship 0.4164
1431 1077 1425 1061 1461 1048 1467 1064 ship 0.4146
729 831 728 813 772 810 773 828 ship 0.4142
527 762 527 744 574 744 574 762 ship 0.4140
377 266 378 247 431 251 429 270 ship 0.4137
720 471 719 455 760 453 761 469 ship 0.4120
544 337 542 321 578 318 580 333 ship 0.4120
527 720 528 702 576 704 575 723 ship 0.4113
204 284 220 279 232 316 216 321 ship 0.4113
594 481 593 465 630 465 630 481 ship 0.4111
1810 1624 1807 1607 1846 1601 1849 1618 ship 0.4110
243 265 244 246 293 248 292 267 ship 0.4106
1021 875 1038 864 1070 916 1053 927 ship 0.4088
865 1365 859 1349 897 1335 903 1352 ship 0.4077
455 756 458 738 506 746 503 765 ship 0.4076
946 912 963 902 993 958 977 967 ship 0.4075
1037 1179 1027 1161 1076 1134 1086 1152 ship 0.4074
545 368 542 353 577 347 580 362 ship 0.4068
1783 1587 1776 1571 1815 1553 1822 1570 ship 0.4067
1850 943 1850 929 1882 928 1882 942 ship 0.4067
1335 1241 1333 1227 1366 1222 1368 1237 ship 0.4064
544 318 543 302 579 300 580 316 ship 0.4060
517 883 517 863 573 865 572 885 ship 0.4053
493 1185 493 1166 533 1164 533 1184 ship 0.4050
721 360 721 343 763 341 764 358 ship 0.4038
466 629 467 611 516 614 514 633 ship 0.4028
836 518 839 499 889 506 886 525 ship 0.4024
404 965 401 940 489 932 491 957 ship 0.4018
1974 918 1979 905 2011 916 2006 929 ship 0.4015
662 1115 658 1097 703 1088 706 1107 ship 0.4009
543 472 541 455 576 453 578 469 ship 0.4003
1557 952 1554 937 1585 930 1588 945 ship 0.4001
830 869 828 853 870 848 872 864 ship 0.3999
1463 1136 1455 1121 1493 1104 1500 1119 ship 0.3996
468 593 471 574 520 582 517 601 ship 0.3995
1591 1016 1586 1003 1617 992 1622 1005 ship 0.3993
546 416 546 401 578 401 579 416 ship 0.3981
786 1365 780 1345 833 1330 838 1351 ship 0.3976
823 927 823 911 868 910 868 926 ship 0.3975
877 1388 870 1373 907 1357 913 1373 ship 0.3966
724 411 723 396 761 393 762 409 ship 0.3965
1470 560 1484 559 1487 595 1473 596 ship 0.3965
728 689 726 672 770 669 772 686 ship 0.3961
30 642 53 642 52 713 28 712 ship 0.3957
466 663 467 645 514 645 514 664 ship 0.3956
959 1351 953 1335 986 1323 991 1338 ship 0.3951
1475 637 1493 628 1518 680 1501 689 ship 0.3939
1233 767 1251 756 1282 809 1264 820 ship 0.3939
439 424 442 406 485 412 482 431 ship 0.3934
1220 781 1238 772 1265 820 1247 830 ship 0.3934
1675 867 1677 852 1711 856 1709 871 ship 0.3920
660 890 660 871 708 870 708 889 ship 0.3920
724 378 723 363 760 361 760 376 ship 0.3916
1125 819 1143 808 1174 862 1156 872 ship 0.3913
914 1240 908 1221 953 1207 959 1226 ship 0.3913
1681 879 1683 865 1715 868 1713 882 ship 0.3912
467 612 469 593 518 599 516 618 ship 0.3911
1827 1526 1820 1507 1873 1488 1879 1507 ship 0.3909
669 923 667 904 713 901 714 919 ship 0.3904
804 1462 817 1454 834 1486 821 1494 ship 0.3903
932 1294 930 1279 962 1275 964 1290 ship 0.3903
1800 1611 1791 1595 1828 1574 1837 1590 ship 0.3900
669 472 670 458 705 459 704 474 ship 0.3896
1447 572 1461 570 1467 606 1453 608 ship 0.3895
991 1299 986 1284 1020 1274 1025 1290 ship 0.3881
603 311 601 297 631 294 632 308 ship 0.3879
1671 1058 1673 1042 1713 1046 1711 1062 ship 0.3872
242 246 243 228 288 229 287 247 ship 0.3871
1801 1004 1800 989 1837 987 1837 1003 ship 0.3870
656 1029 658 1009 707 1015 705 1035 ship 0.3865
669 451 670 437 703 439 702 453 ship 0.3858
1448 966 1457 950 1490 967 1482 983 ship 0.3858
598 396 598 382 631 380 631 394 ship 0.3853
242 376 244 356 293 360 291 379 ship 0.3852
457 737 459 719 507 725 505 743 ship 0.3845
724 396 723 381 760 378 761 393 ship 0.3838
1621 1069 1619 1055 1651 1051 1653 1064 ship 0.3836
725 343 725 329 760 329 760 343 ship 0.3830
544 449 544 434 581 436 580 451 ship 0.3826
652 780 652 758 705 757 705 780 ship 0.3825
241 314 242 296 288 299 287 317 ship 0.3825
1168 1331 1164 1317 1196 1308 1200 1323 ship 0.3824
1079 1262 1073 1247 1102 1236 1108 1250 ship 0.3823
1789 817 1792 805 1819 813 1815 825 ship 0.3821
670 488 670 472 701 473 701 488 ship 0.3812
345 559 345 540 393 538 394 557 ship 0.3801
837 594 838 575 886 579 885 597 ship 0.3798
910 1253 907 1235 949 1229 951 1247 ship 0.3791
675 425 674 412 703 411 703 425 ship 0.3777
598 414 597 399 631 397 632 412 ship 0.3775
1889 1632 1880 1616 1922 1591 1931 1608 ship 0.3772
269 669 268 648 320 644 322 665 ship 0.3770
191 174 205 177 198 214 184 211 ship 0.3764
532 653 532 634 579 635 579 654 ship 0.3755
1613 1056 1611 1044 1639 1037 1642 1050 ship 0.3753
940 1311 938 1296 972 1290 975 1305 ship 0.3751
137 154 153 157 144 201 128 198 ship 0.3739
910 933 927 924 955 974 938 983 ship 0.3735
730 652 728 635 771 632 773 650 ship 0.3732
1405 1026 1398 1009 1436 992 1444 1010 ship 0.3732
516 903 518 882 573 887 571 908 ship 0.3729
546 390 545 376 577 372 579 386 ship 0.3727
668 656 668 636 715 635 716 655 ship 0.3726
723 940 723 922 769 921 769 939 ship 0.3722
1096 837 1114 828 1139 882 1121 890 ship 0.3722
240 340 240 322 287 322 287 340 ship 0.3721
1368 695 1385 685 1413 732 1396 742 ship 0.3720
1148 806 1166 795 1197 846 1179 857 ship 0.3716
720 1035 720 1015 767 1015 767 1035 ship 0.3704
1045 1208 1039 1190 1082 1176 1088 1194 ship 0.3703
729 671 727 653 770 650 772 667 ship 0.3700
210 181 223 182 221 215 207 214 ship 0.3696
1528 1113 1523 1098 1559 1086 1564 1101 ship 0.3694
236 412 238 393 287 398 285 417 ship 0.3686
1586 1002 1581 989 1610 978 1615 991 ship 0.3683
833 743 832 727 874 724 875 740 ship 0.3674
832 787 833 773 870 775 870 789 ship 0.3668
464 723 465 704 511 708 509 727 ship 0.3667
711 1367 728 1372 717 1410 700 1405 ship 0.3665
319 788 316 766 366 758 370 779 ship 0.3663
726 596 723 575 769 569 772 589 ship 0.3661
2012 707 2017 694 2050 705 2046 718 ship 0.3659
274 693 270 673 319 665 322 685 ship 0.3658
1342 1226 1337 1214 1365 1203 1370 1216 ship 0.3642
659 870 659 851 708 851 707 870 ship 0.3637
1084 1281 1077 1266 1109 1250 1116 1265 ship 0.3633
722 1100 719 1079 763 1074 766 1095 ship 0.3620
515 837 515 819 562 817 563 834 ship 0.3617
446 337 445 320 486 318 487 335 ship 0.3617
223 194 236 188 252 217 239 224 ship 0.3613
673 378 672 363 704 360 705 376 ship 0.3600
1702 833 1700 817 1739 814 1740 830 ship 0.3598
1255 1069 1245 1049 1295 1022 1306 1042 ship 0.3595
536 614 535 595 582 593 583 612 ship 0.3590
722 963 721 945 768 943 769 961 ship 0.3589
726 817 724 799 767 793 769 811 ship 0.3584
447 319 445 302 486 298 488 314 ship 0.3583
597 435 597 420 631 419 631 434 ship 0.3579
448 356 447 340 484 339 484 356 ship 0.3574
1634 1098 1630 1084 1664 1074 1668 1088 ship 0.3571
675 407 673 392 702 389 704 403 ship 0.3563
1486 1169 1479 1154 1516 1137 1523 1152 ship 0.3553
1118 1347 1117 1331 1151 1329 1152 1344 ship 0.3541
1374 1221 1369 1208 1397 1197 1402 1210 ship 0.3539
597 373 597 360 627 359 628 373 ship 0.3539
1101 1316 1094 1302 1127 1285 1135 1299 ship 0.3535
1480 1154 1473 1138 1507 1125 1513 1140 ship 0.3531
721 1019 720 999 767 999 768 1018 ship 0.3523
666 830 668 809 715 813 713 834 ship 0.3523
468 684 468 666 513 666 513 684 ship 0.3520
762 1583 764 1565 810 1571 808 1589 ship 0.3514
600 328 599 316 626 314 627 326 ship 0.3513
721 980 720 962 767 960 768 978 ship 0.3509
1892 972 1891 960 1916 959 1916 972 ship 0.3504
250 617 249 593 321 589 322 613 ship 0.3500
668 635 667 615 715 613 716 633 ship 0.3498
1007 1332 1001 1318 1034 1304 1040 1318 ship 0.3498
790 1469 803 1461 823 1494 810 1502 ship 0.3494
675 391 672 376 703 372 705 386 ship 0.3481
444 410 444 392 485 394 485 412 ship 0.3471
917 1268 915 1251 950 1248 952 1264 ship 0.3464
1314 716 1332 706 1361 756 1343 766 ship 0.3464
666 850 666 831 714 831 714 851 ship 0.3460
1391 990 1387 969 1432 961 1435 981 ship 0.3454
1114 1331 1109 1317 1138 1308 1142 1322 ship 0.3448
537 1087 538 1067 585 1068 584 1088 ship 0.3443
1814 792 1816 778 1846 782 1843 796 ship 0.3441
1380 1233 1378 1220 1406 1216 1408 1229 ship 0.3441
878 968 889 954 928 984 917 998 ship 0.3438
1961 886 1967 875 1992 888 1987 899 ship 0.3437
569 391 569 379 595 379 594 392 ship 0.3433
80 126 94 122 104 157 90 161 ship 0.3428
1901 944 1902 931 1932 933 1931 946 ship 0.3421
852 1332 848 1315 883 1307 887 1324 ship 0.3421
1896 925 1895 912 1925 911 1926 925 ship 0.3412
517 925 518 905 572 909 570 929 ship 0.3411
1743 995 1740 980 1773 974 1776 989 ship 0.3399
1110 1225 1103 1209 1137 1195 1143 1212 ship 0.3398
655 595 658 574 708 581 705 602 ship 0.3396
887 1406 881 1391 917 1377 923 1392 ship 0.3392
534 631 534 613 579 612 579 630 ship 0.3382
997 894 1014 884 1043 933 1027 943 ship 0.3378
1837 815 1840 801 1871 807 1868 822 ship 0.3377
1497 632 1516 626 1534 676 1516 683 ship 0.3377
833 853 829 837 870 827 874 844 ship 0.3368
763 1598 766 1581 808 1588 805 1605 ship 0.3366
722 1000 721 982 762 981 762 999 ship 0.3362
344 575 345 556 393 559 392 577 ship 0.3361
447 380 447 363 485 363 485 380 ship 0.3361
1005 1437 1003 1425 1029 1421 1031 1433 ship 0.3341
598 348 598 336 625 336 625 348 ship 0.3340
2251 1345 2253 1330 2289 1335 2287 1350 ship 0.3337
1723 850 1724 836 1754 838 1753 852 ship 0.3336
840 1445 857 1438 873 1475 857 1482 ship 0.3334
1593 896 1597 883 1624 892 1620 905 ship 0.3332
532 1154 534 1134 583 1137 581 1158 ship 0.3323
1354 1189 1347 1176 1378 1161 1384 1174 ship 0.3321
340 610 343 591 390 597 388 616 ship 0.3314
1324 1206 1320 1193 1347 1186 1350 1199 ship 0.3309
519 818 518 801 563 800 563 817 ship 0.3306
987 1395 982 1381 1010 1371 1015 1385 ship 0.3304
1409 607 1417 597 1437 613 1429 623 ship 0.3304
663 906 663 887 708 886 709 904 ship 0.3303
1068 1252 1062 1237 1096 1224 1102 1239 ship 0.3301
1846 931 1845 919 1872 916 1873 929 ship 0.3298
1229 1295 1230 1281 1264 1282 1263 1296 ship 0.3297
1422 662 1440 652 1468 701 1450 711 ship 0.3292
1488 1051 1481 1036 1518 1021 1524 1036 ship 0.3284
208 367 223 365 228 402 213 404 ship 0.3277
1255 763 1272 753 1301 801 1283 812 ship 0.3276
658 682 660 662 709 667 707 687 ship 0.3273
1536 1132 1531 1118 1563 1105 1569 1119 ship 0.3269
932 926 949 918 973 969 956 977 ship 0.3261
468 1130 468 1110 518 1109 518 1129 ship 0.3260
323 519 322 499 373 497 374 517 ship 0.3258
1599 1030 1595 1018 1625 1008 1629 1021 ship 0.3240
703 393 703 380 728 380 728 393 ship 0.3239
-4 159 0 139 48 150 43 170 ship 0.3235
1022 1382 1020 1369 1043 1365 1045 1377 ship 0.3233
1121 1253 1115 1239 1149 1226 1154 1241 ship 0.3232
838 985 830 968 875 947 883 964 ship 0.3224
239 358 240 340 288 342 287 360 ship 0.3224
1027 1423 1027 1411 1050 1410 1051 1422 ship 0.3223
1699 906 1701 894 1726 896 1724 908 ship 0.3218
1754 1019 1753 1005 1786 1003 1787 1017 ship 0.3218
-7 1145 -6 1125 44 1126 44 1146 ship 0.3213
657 1076 657 1057 704 1057 704 1076 ship 0.3212
1091 1208 1085 1192 1117 1179 1124 1194 ship 0.3209
2281 1389 2274 1376 2303 1361 2310 1374 ship 0.3207
1096 1302 1089 1288 1120 1273 1127 1287 ship 0.3206
1445 1101 1439 1087 1471 1073 1478 1087 ship 0.3197
1609 1037 1606 1025 1631 1020 1633 1031 ship 0.3189
1905 728 1907 717 1932 722 1929 734 ship 0.3187
1583 881 1586 866 1618 873 1615 887 ship 0.3186
1055 860 1073 851 1099 900 1082 909 ship 0.3182
661 961 662 943 708 945 707 963 ship 0.3181
2017 721 2023 710 2049 725 2043 736 ship 0.3172
68 231 71 216 110 226 106 241 ship 0.3168
2002 882 2008 871 2038 885 2032 897 ship 0.3167
1885 729 1883 716 1913 711 1915 724 ship 0.3164
63 131 75 123 93 148 81 156 ship 0.3161
1604 924 1606 911 1632 915 1630 928 ship 0.3160
834 643 835 626 877 629 876 646 ship 0.3159
1904 753 1908 744 1929 753 1924 763 ship 0.3158
528 997 525 977 575 971 578 990 ship 0.3157
669 938 668 920 711 918 712 936 ship 0.3153
700 376 701 363 727 366 725 378 ship 0.3153
808 815 810 801 848 807 846 821 ship 0.3146
1551 931 1549 916 1577 911 1580 926 ship 0.3146
340 651 341 631 389 634 388 653 ship 0.3144
1573 595 1590 585 1623 645 1605 654 ship 0.3137
1063 1190 1054 1173 1091 1152 1101 1169 ship 0.3137
599 292 602 279 630 286 627 299 ship 0.3133
-8 1367 -7 1348 33 1350 32 1369 ship 0.3131
1735 981 1732 968 1763 961 1766 974 ship 0.3127
1483 559 1496 558 1497 591 1484 592 ship 0.3123
674 343 676 330 705 333 703 346 ship 0.3122
339 684 340 664 388 666 387 687 ship 0.3122
1749 1089 1753 1077 1781 1086 1778 1097 ship 0.3117
1153 1313 1149 1301 1175 1293 1179 1306 ship 0.3116
1617 944 1616 931 1646 929 1647 942 ship 0.3109
1932 751 1938 742 1958 756 1952 765 ship 0.3106
-3 228 -3 211 38 213 37 230 ship 0.3101
2295 1420 2289 1405 2323 1392 2329 1407 ship 0.3099
2001 905 2006 894 2035 907 2029 919 ship 0.3091
-7 1348 -7 1330 34 1330 34 1349 ship 0.3089
1136 1359 1138 1345 1166 1349 1164 1363 ship 0.3079
6 763 5 744 57 742 57 761 ship 0.3079
672 363 672 348 707 350 706 364 ship 0.3073
1789 979 1788 966 1819 962 1820 975 ship 0.3071
1992 720 1998 710 2024 723 2019 734 ship 0.3059
1455 1119 1448 1104 1481 1089 1488 1103 ship 0.3045
655 706 657 686 708 691 706 711 ship 0.3044
1146 1296 1142 1282 1169 1273 1174 1286 ship 0.3043
537 1125 537 1105 584 1107 584 1127 ship 0.3041
-6 1130 -8 1111 42 1106 44 1125 ship 0.3037
1834 906 1833 894 1860 890 1862 903 ship 0.3037
307 768 305 744 374 741 376 765 ship 0.3024
817 792 819 779 852 785 850 798 ship 0.3020
1577 989 1572 975 1603 963 1608 977 ship 0.3005
1169 1345 1166 1331 1197 1323 1201 1336 ship 0.3003
513 853 512 834 562 832 563 850 ship 0.3002
661 980 661 962 707 964 706 982 ship 0.2996
1790 793 1788 779 1821 776 1822 790 ship 0.2985
676 318 680 305 708 313 704 326 ship 0.2975
656 1047 657 1028 705 1031 704 1050 ship 0.2968
729 922 728 906 763 905 764 922 ship 0.2950
1782 960 1778 947 1811 938 1814 952 ship 0.2949
1238 1308 1236 1295 1267 1292 1268 1304 ship 0.2943
1458 995 1460 978 1499 982 1497 999 ship 0.2936
541 1022 539 1004 585 998 587 1016 ship 0.2936
1920 808 1925 796 1952 809 1947 820 ship 0.2930
1125 1272 1120 1258 1150 1248 1155 1261 ship 0.2929
1826 890 1827 878 1854 880 1853 892 ship 0.2928
233 517 233 496 284 495 285 515 ship 0.2926
75 263 92 251 120 291 103 303 ship 0.2924
1391 615 1395 602 1423 610 1420 623 ship 0.2922
1905 771 1910 762 1929 773 1923 782 ship 0.2920
512 943 512 922 563 924 562 944 ship 0.2919
-7 1108 -9 1089 40 1083 42 1103 ship 0.2917
651 753 653 732 706 738 703 760 ship 0.2914
262 638 260 615 319 610 321 632 ship 0.2908
1756 1002 1756 988 1784 987 1785 1001 ship 0.2907
1661 1028 1662 1015 1691 1018 1690 1030 ship 0.2890
723 322 725 310 755 314 754 327 ship 0.2889
847 540 848 520 892 524 891 543 ship 0.2888
611 446 615 434 639 442 634 454 ship 0.2880
1786 808 1789 795 1819 801 1817 814 ship 0.2880
-2 209 -1 191 41 193 40 211 ship 0.2872
-8 1329 -9 1310 32 1309 33 1328 ship 0.2872
2291 1407 2285 1393 2314 1381 2320 1394 ship 0.2870
2240 1322 2244 1310 2277 1322 2273 1334 ship 0.2860
86 168 99 164 108 195 95 199 ship 0.2860
2082 832 2086 820 2112 830 2108 841 ship 0.2857
660 1000 661 982 707 985 706 1003 ship 0.2852
62 150 74 143 88 167 76 174 ship 0.2851
1421 595 1432 588 1447 611 1436 618 ship 0.2838
703 359 705 347 729 351 727 363 ship 0.2838
1884 1614 1872 1599 1910 1570 1922 1585 ship 0.2835
1656 1015 1655 1002 1686 1001 1686 1014 ship 0.2829
853 988 852 970 896 968 897 986 ship 0.2827
1401 1006 1395 988 1433 976 1439 994 ship 0.2817
433 1017 434 993 518 998 516 1022 ship 0.2815
1945 769 1951 759 1973 773 1967 783 ship 0.2814
827 1314 825 1293 866 1288 868 1309 ship 0.2809
1538 915 1533 900 1569 890 1574 905 ship 0.2805
467 1110 466 1089 520 1087 521 1108 ship 0.2804
2091 849 2093 837 2122 841 2120 853 ship 0.2800
1187 790 1205 780 1231 830 1213 839 ship 0.2791
2265 1371 2261 1356 2294 1348 2298 1363 ship 0.2789
71 207 79 196 107 217 98 228 ship 0.2786
768 1619 772 1603 809 1613 805 1628 ship 0.2785
-4 782 -6 762 48 758 50 777 ship 0.2784
1949 865 1952 854 1975 862 1972 873 ship 0.2784
463 645 464 628 508 629 508 646 ship 0.2784
1888 911 1888 898 1918 898 1918 911 ship 0.2783
1931 769 1937 761 1955 774 1949 783 ship 0.2782
1507 592 1519 586 1534 612 1522 618 ship 0.2778
1324 1186 1321 1173 1347 1166 1351 1179 ship 0.2777
1888 986 1887 976 1908 975 1909 986 ship 0.2777
1307 1099 1300 1083 1332 1067 1340 1083 ship 0.2773
523 794 523 778 562 777 563 794 ship 0.2771
1516 1090 1513 1077 1542 1069 1546 1083 ship 0.2770
983 1286 980 1271 1009 1264 1013 1279 ship 0.2768
1982 883 1989 873 2013 889 2007 900 ship 0.2758
1441 656 1458 646 1485 695 1467 705 ship 0.2755
60 182 70 173 89 194 79 203 ship 0.2755
963 902 982 894 1007 956 989 963 ship 0.2747
220 379 230 367 259 391 249 403 ship 0.2745
11 644 32 646 25 701 4 699 ship 0.2745
1226 1280 1225 1267 1254 1264 1255 1277 ship 0.2744
1269 1277 1265 1263 1297 1253 1302 1267 ship 0.2744
-9 1180 -7 1161 40 1167 37 1187 ship 0.2740
-8 811 -7 790 57 794 56 815 ship 0.2740
1876 926 1877 914 1901 916 1900 928 ship 0.2739
864 1551 869 1540 896 1553 891 1564 ship 0.2736
952 1238 949 1221 986 1216 988 1233 ship 0.2735
1733 863 1734 851 1760 853 1759 866 ship 0.2733
1648 1119 1641 1107 1672 1088 1680 1100 ship 0.2725
1727 965 1724 952 1755 946 1757 959 ship 0.2722
782 1493 790 1480 822 1499 814 1512 ship 0.2719
380 444 380 424 430 422 431 441 ship 0.2718
1625 958 1623 946 1649 941 1651 953 ship 0.2718
-9 1313 -10 1294 31 1292 32 1310 ship 0.2715
341 628 342 609 389 611 388 629 ship 0.2712
2079 853 2082 842 2108 849 2105 860 ship 0.2701
-8 884 -6 863 53 869 51 890 ship 0.2698
2073 870 2075 858 2100 861 2099 872 ship 0.2697
513 979 511 960 560 956 562 975 ship 0.2692
1677 852 1677 836 1713 835 1713 851 ship 0.2689
2221 1333 2228 1322 2253 1337 2246 1348 ship 0.2678
1924 790 1930 780 1951 793 1945 802 ship 0.2677
1927 728 1934 719 1955 734 1948 744 ship 0.2674
1571 972 1567 959 1594 952 1598 965 ship 0.2674
1812 847 1815 836 1837 843 1834 854 ship 0.2673
656 427 660 416 681 423 677 434 ship 0.2673
1121 1296 1115 1283 1141 1273 1147 1285 ship 0.2671
-7 850 -7 828 53 828 53 850 ship 0.2664
1814 822 1818 811 1840 818 1836 829 ship 0.2663
1942 846 1944 835 1968 840 1965 851 ship 0.2662
-11 921 -9 898 51 903 49 926 ship 0.2658
1756 1065 1756 1053 1784 1052 1784 1064 ship 0.2657
1750 896 1750 884 1778 885 1778 896 ship 0.2651
1866 990 1867 978 1892 981 1891 993 ship 0.2643
1996 866 2001 854 2029 866 2024 878 ship 0.2636
1074 855 1092 847 1115 895 1097 903 ship 0.2634
859 1349 855 1333 887 1325 891 1341 ship 0.2630
737 798 734 784 766 777 769 791 ship 0.2624
827 752 830 740 855 748 852 759 ship 0.2621
235 187 244 176 272 200 263 210 ship 0.2619
764 816 767 801 801 809 798 823 ship 0.2615
450 255 451 241 482 243 481 257 ship 0.2613
1347 1171 1340 1158 1371 1140 1379 1154 ship 0.2613
1934 967 1932 956 1956 952 1958 963 ship 0.2605
-3 186 -1 168 43 172 42 191 ship 0.2605
1870 1002 1869 990 1894 989 1895 1001 ship 0.2588
669 798 668 778 708 776 709 797 ship 0.2566
104 137 118 137 118 172 104 171 ship 0.2564
1504 614 1517 606 1537 639 1524 647 ship 0.2554
539 1053 538 1034 585 1032 586 1051 ship 0.2543
1875 882 1877 871 1905 875 1903 887 ship 0.2541
210 271 223 264 238 291 225 298 ship 0.2541
423 281 426 266 454 273 451 288 ship 0.2538
1489 587 1501 583 1510 607 1498 611 ship 0.2534
1478 492 1491 495 1485 531 1471 528 ship 0.2530
855 1443 868 1433 889 1462 876 1471 ship 0.2529
1002 1455 1004 1444 1026 1449 1024 1459 ship 0.2526
420 297 422 282 451 285 449 300 ship 0.2524
-8 1030 -8 1010 40 1009 41 1029 ship 0.2516
1256 1256 1251 1243 1281 1232 1286 1245 ship 0.2510
39 208 45 196 69 209 63 221 ship 0.2509
1185 1178 1186 1164 1216 1166 1215 1180 ship 0.2502
1704 863 1707 850 1732 854 1730 867 ship 0.2494
1657 1072 1658 1059 1686 1063 1684 1076 ship 0.2493
1706 922 1706 909 1733 910 1733 922 ship 0.2493
5 134 10 117 53 128 48 145 ship 0.2486
1084 1190 1080 1173 1115 1164 1119 1181 ship 0.2485
528 1176 527 1156 576 1156 577 1176 ship 0.2483
1112 826 1130 818 1155 874 1136 882 ship 0.2478
879 1438 887 1427 913 1446 905 1457 ship 0.2475
1269 1288 1267 1275 1296 1270 1298 1283 ship 0.2471
796 1573 801 1559 827 1569 822 1583 ship 0.2461
416 322 417 307 446 309 445 324 ship 0.2459
1761 979 1760 966 1786 964 1787 976 ship 0.2456
1676 1611 1684 1600 1713 1620 1705 1632 ship 0.2454
81 254 84 240 116 246 113 261 ship 0.2452
1744 886 1744 874 1774 873 1774 886 ship 0.2450
1051 1416 1049 1405 1073 1401 1074 1413 ship 0.2444
1461 650 1479 641 1502 689 1485 698 ship 0.2443
7 743 9 724 57 729 55 748 ship 0.2442
1027 1439 1029 1429 1046 1431 1045 1441 ship 0.2441
1721 948 1720 936 1745 934 1746 946 ship 0.2440
2269 1395 2269 1383 2293 1382 2293 1395 ship 0.2438
780 1393 771 1370 835 1346 843 1369 ship 0.2437
1754 1073 1755 1062 1781 1065 1780 1076 ship 0.2435
1349 1250 1349 1239 1370 1239 1370 1250 ship 0.2425
1771 943 1769 931 1797 926 1799 938 ship 0.2403
1763 925 1761 913 1791 908 1793 920 ship 0.2402
1495 504 1508 506 1503 534 1491 532 ship 0.2398
-6 974 -4 955 45 961 42 980 ship 0.2398
1215 1257 1211 1244 1240 1236 1243 1250 ship 0.2396
2062 854 2067 844 2087 854 2083 863 ship 0.2391
1323 1128 1317 1112 1351 1099 1357 1114 ship 0.2387
1816 868 1819 856 1845 863 1842 874 ship 0.2385
333 537 332 518 375 517 376 535 ship 0.2374
1286 1082 1277 1064 1315 1044 1324 1062 ship 0.2370
2060 828 2065 819 2084 829 2079 838 ship 0.2370
2284 1448 2284 1435 2310 1435 2311 1447 ship 0.2367
-9 1291 -9 1272 32 1271 33 1290 ship 0.2363
-11 245 -6 230 30 243 25 258 ship 0.2360
864 1542 864 1528 900 1529 899 1543 ship 0.2360
424 267 427 253 455 259 452 273 ship 0.2356
549 275 551 263 582 266 580 279 ship 0.2354
420 449 423 429 470 434 467 454 ship 0.2350
1384 594 1387 581 1417 589 1414 603 ship 0.2344
1212 1179 1212 1163 1246 1164 1245 1180 ship 0.2334
1803 1016 1804 1004 1830 1006 1828 1019 ship 0.2328
-8 1052 -10 1032 38 1028 40 1048 ship 0.2325
1330 1164 1325 1151 1353 1141 1358 1154 ship 0.2324
1946 784 1952 775 1974 788 1968 798 ship 0.2322
516 573 520 557 551 565 547 581 ship 0.2310
1183 1198 1182 1184 1213 1182 1214 1197 ship 0.2309
1938 821 1942 811 1965 819 1961 830 ship 0.2305
1409 631 1415 620 1436 631 1431 642 ship 0.2289
1964 948 1965 938 1987 939 1987 949 ship 0.2285
788 797 792 785 822 794 818 806 ship 0.2276
1250 1242 1244 1228 1275 1215 1281 1228 ship 0.2272
1852 884 1854 873 1878 878 1875 889 ship 0.2271
1330 1144 1324 1130 1355 1117 1361 1131 ship 0.2271
1913 981 1913 971 1934 970 1935 980 ship 0.2266
913 1474 918 1465 941 1478 935 1487 ship 0.2265
2266 1411 2268 1398 2292 1402 2290 1415 ship 0.2262
1636 975 1633 963 1660 956 1663 968 ship 0.2256
1630 1081 1629 1069 1658 1067 1659 1080 ship 0.2239
1638 562 1650 557 1666 597 1653 602 ship 0.2239
656 406 660 395 680 401 677 412 ship 0.2233
1352 699 1371 691 1394 746 1375 754 ship 0.2230
361 744 373 730 403 757 390 771 ship 0.2227
-7 1074 -9 1055 37 1049 40 1068 ship 0.2224
2244 1370 2247 1359 2269 1365 2266 1376 ship 0.2222
693 818 695 801 726 803 724 820 ship 0.2218
424 249 427 237 453 244 449 257 ship 0.2206
1642 990 1641 979 1666 976 1667 987 ship 0.2203
1422 1054 1416 1039 1450 1027 1455 1042 ship 0.2189
1514 504 1526 507 1520 534 1509 532 ship 0.2184
1984 846 1987 835 2013 842 2010 853 ship 0.2183
1368 582 1366 567 1406 564 1408 579 ship 0.2179
-11 1218 -9 1198 36 1202 34 1222 ship 0.2177
802 1601 811 1592 828 1609 819 1618 ship 0.2171
1637 1032 1637 1021 1659 1021 1659 1032 ship 0.2163
1941 804 1947 795 1970 808 1964 818 ship 0.2161
1504 1074 1499 1060 1532 1047 1537 1062 ship 0.2158
1728 901 1730 890 1752 893 1750 904 ship 0.2157
823 938 824 924 857 926 856 940 ship 0.2152
1283 1122 1282 1108 1311 1107 1312 1120 ship 0.2152
1038 866 1057 857 1084 910 1066 920 ship 0.2151
1214 1199 1213 1184 1245 1183 1245 1198 ship 0.2147
341 667 340 649 379 648 379 666 ship 0.2145
2224 1350 2230 1339 2252 1352 2246 1363 ship 0.2141
1831 1007 1833 996 1854 999 1852 1010 ship 0.2138
1303 1140 1301 1126 1329 1122 1332 1135 ship 0.2136
1461 487 1474 490 1469 522 1456 520 ship 0.2136
806 1620 817 1613 830 1636 819 1642 ship 0.2132
798 1344 791 1325 831 1311 838 1330 ship 0.2118
541 1036 540 1019 581 1016 582 1034 ship 0.2114
1616 995 1615 983 1637 980 1639 991 ship 0.2113
1858 863 1861 852 1885 860 1881 870 ship 0.2113
2296 1476 2293 1463 2328 1454 2331 1467 ship 0.2109
1966 845 1970 835 1992 842 1988 852 ship 0.2109
1302 1164 1299 1151 1328 1144 1331 1158 ship 0.2105
1677 1083 1674 1070 1705 1065 1707 1077 ship 0.2103
471 785 472 769 507 771 506 788 ship 0.2092
1208 1240 1205 1227 1234 1220 1237 1233 ship 0.2091
1580 926 1580 913 1604 915 1603 927 ship 0.2090
1236 1219 1232 1205 1265 1195 1269 1209 ship 0.2089
2059 804 2064 796 2084 807 2079 816 ship 0.2084
2075 812 2079 801 2105 811 2100 822 ship 0.2078
1474 1022 1470 1006 1503 996 1508 1011 ship 0.2078
214 234 223 225 240 242 231 251 ship 0.2075
840 413 839 397 875 396 875 412 ship 0.2074
546 498 546 484 573 484 574 497 ship 0.2073
1853 842 1855 831 1881 836 1879 847 ship 0.2071
2019 743 2026 735 2045 751 2038 759 ship 0.2070
-7 998 -5 978 43 981 42 1001 ship 0.2067
900 1525 907 1516 929 1532 922 1542 ship 0.2066
721 1077 719 1058 762 1055 763 1074 ship 0.2065
1964 806 1970 795 1993 808 1987 819 ship 0.2063
493 772 497 757 524 764 521 779 ship 0.2059
1852 949 1856 939 1877 948 1873 958 ship 0.2059
1314 1114 1308 1099 1342 1086 1348 1102 ship 0.2054
1969 821 1973 810 1996 819 1992 830 ship 0.2053
473 806 478 791 507 800 503 815 ship 0.2027
100 186 112 181 124 210 112 215 ship 0.2009
696 1048 699 1031 732 1036 729 1053 ship 0.2008
1265 1302 1263 1292 1286 1289 1287 1300 ship 0.2007
1535 505 1546 506 1544 533 1532 532 ship 0.2007
2072 880 2072 869 2097 869 2097 880 ship 0.2005
762 796 766 784 794 791 791 803 ship 0.2002
1560 894 1559 879 1593 878 1594 892 ship 0.1997
1890 1001 1892 991 1912 994 1910 1005 ship 0.1994
1071 1408 1073 1397 1095 1402 1093 1413 ship 0.1985
379 232 382 218 414 225 411 239 ship 0.1979
874 1574 883 1569 896 1590 887 1596 ship 0.1978
1980 941 1979 930 2005 928 2006 939 ship 0.1969
1192 1161 1192 1146 1223 1146 1224 1161 ship 0.1968
657 388 660 377 682 384 679 395 ship 0.1966
214 253 224 244 242 262 233 272 ship 0.1962
1743 946 1743 935 1766 933 1767 944 ship 0.1961
854 811 858 801 878 807 875 817 ship 0.1960
423 391 426 376 455 383 452 398 ship 0.1955
2103 1384 2103 1371 2132 1372 2131 1385 ship 0.1954
1432 633 1441 623 1460 643 1451 652 ship 0.1953
1268 1102 1266 1087 1297 1084 1299 1099 ship 0.1946
1165 1167 1163 1152 1196 1150 1197 1165 ship 0.1945
1963 895 1970 887 1988 903 1980 911 ship 0.1942
1942 944 1947 934 1968 943 1963 953 ship 0.1942
2137 1380 2137 1368 2167 1369 2166 1382 ship 0.1940
1210 1220 1208 1206 1238 1201 1240 1215 ship 0.1940
1599 965 1597 954 1620 950 1622 961 ship 0.1937
2038 744 2046 736 2065 753 2058 762 ship 0.1933
1443 601 1454 596 1465 618 1455 624 ship 0.1920
1975 1477 1971 1461 2008 1451 2013 1467 ship 0.1916
687 613 687 595 724 595 724 613 ship 0.1913
-9 1273 -10 1253 33 1252 33 1272 ship 0.1909
920 1542 932 1538 942 1568 930 1572 ship 0.1898
525 666 527 649 559 653 558 669 ship 0.1896
449 226 449 213 480 214 480 227 ship 0.1893
880 1445 891 1438 905 1463 894 1470 ship 0.1889
1961 968 1961 957 1986 958 1986 969 ship 0.1887
841 466 841 450 876 450 875 466 ship 0.1884
1766 798 1854 751 1960 949 1873 996 ship 0.1417
1661 858 1743 811 1853 1001 1771 1048 ship 0.1202
1233 1076 1318 1031 1414 1213 1329 1258 ship 0.1159
1131 1127 1206 1091 1301 1286 1226 1322 ship 0.1152
1518 553 1534 418 2128 487 2113 622 ship 0.1029
1224 640 1251 630 1274 692 1247 702 tennis-court 0.3269
768 1619 772 1603 809 1613 805 1628 storage-tank 0.1905
763 1598 766 1581 808 1588 805 1605 storage-tank 0.1445
1668 1609 1674 1596 1707 1610 1701 1624 storage-tank 0.1229
2295 1420 2289 1405 2323 1392 2329 1407 storage-tank 0.1025
1744 1603 1773 1492 1927 1532 1898 1643 harbor 0.4416
221 168 297 171 284 439 208 435 harbor 0.3739
1383 994 1473 936 1596 1127 1507 1185 harbor 0.3608
351 226 453 219 472 477 369 484 harbor 0.3516
208 500 341 459 438 771 305 813 harbor 0.3409
-64 181 88 138 140 324 -11 367 harbor 0.3399
550 267 629 264 640 497 561 501 harbor 0.3259
1018 1174 1093 1135 1196 1335 1120 1374 harbor 0.3219
739 1330 867 1280 949 1490 821 1540 harbor 0.3168
1237 1067 1316 1029 1407 1220 1328 1258 harbor 0.3078
1766 796 1887 704 2043 910 1922 1001 harbor 0.2896
2075 1361 2143 1322 2254 1522 2185 1560 harbor 0.2891
1956 1420 2025 1384 2132 1588 2063 1624 harbor 0.2847
345 757 496 715 625 1181 475 1223 harbor 0.2809
1131 1127 1206 1091 1301 1286 1226 1322 harbor 0.2789
678 303 757 295 778 515 699 523 harbor 0.2638
611 726 724 713 772 1124 659 1137 harbor 0.2628
1648 865 1764 770 1924 967 1808 1062 harbor 0.2517
879 1262 993 1174 1144 1369 1030 1457 harbor 0.2380
1540 904 1615 863 1729 1073 1653 1114 harbor 0.2344
2223 1288 2320 1261 2380 1482 2283 1508 harbor 0.2180
813 327 908 317 957 757 862 768 harbor 0.1955
454 473 558 464 590 840 487 849 harbor 0.1809
1254 760 1220 642 1647 517 1682 635 harbor 0.1533
627 466 738 459 761 802 650 810 harbor 0.1363
886 1019 846 930 1298 728 1338 816 harbor 0.1339
2245 1335 2251 1323 2279 1336 2274 1348 harbor 0.1337
1568 593 1585 583 1622 646 1605 656 harbor 0.1313
2240 1322 2244 1310 2277 1322 2273 1334 harbor 0.1302
1905 742 1992 691 2100 878 2013 929 harbor 0.1210
2296 1476 2293 1463 2328 1454 2331 1467 harbor 0.1188
1149 687 1174 674 1202 729 1176 742 harbor 0.1183
1638 562 1650 557 1666 597 1653 602 harbor 0.1142
109 365 440 113 1151 1046 821 1298 harbor 0.1135
2221 1333 2228 1322 2253 1337 2246 1348 harbor 0.1119
79 247 111 247 112 343 79 343 harbor 0.1080
1312 1107 1305 1092 1337 1078 1344 1094 harbor 0.1019
1149 687 1174 674 1202 729 1176 742 swimming-pool 0.2569
