49 180 66 187 53 223 36 217 small-vehicle 0.4688
66 138 82 142 73 177 57 173 small-vehicle 0.3158
86 92 101 101 83 133 68 124 small-vehicle 0.2769
705 4 724 11 712 47 693 41 small-vehicle 0.2328
5 309 23 317 5 353 -11 345 small-vehicle 0.2315
105 48 120 56 99 90 84 81 small-vehicle 0.1811
655 -12 672 -3 656 28 639 19 small-vehicle 0.1661
857 555 870 557 865 585 853 583 small-vehicle 0.1409
405 1078 417 1049 495 1083 483 1111 large-vehicle 0.1327
553 541 630 578 553 741 475 704 tennis-court 0.9594
657 289 733 327 653 486 578 448 tennis-court 0.9524
446 181 523 218 446 380 368 343 tennis-court 0.9524
557 240 635 277 558 437 481 400 tennis-court 0.9521
462 494 540 531 463 694 385 657 tennis-court 0.9454
644 590 720 626 643 789 566 752 tennis-court 0.9419
757 336 835 376 750 540 672 500 tennis-court 0.9405
375 445 453 483 370 649 292 610 tennis-court 0.9288
529 835 606 875 518 1045 441 1005 tennis-court 0.9065
439 788 516 830 428 990 351 949 tennis-court 0.9055
349 741 428 783 340 944 262 901 tennis-court 0.8696
290 399 365 441 275 602 200 561 tennis-court 0.8644
367 139 437 172 358 334 289 301 tennis-court 0.8264
272 701 341 742 250 897 180 856 tennis-court 0.7888
646 945 686 967 642 1047 602 1025 tennis-court 0.1847
693 965 734 984 692 1075 651 1056 tennis-court 0.1067
