1655 1517 1878 1616 1768 1864 1545 1765 plane 0.9774
1774 1511 1923 1288 2159 1446 2010 1669 plane 0.9743
852 1685 1072 1787 959 2031 739 1930 plane 0.9695
1414 1361 1643 1502 1483 1761 1254 1620 plane 0.9674
564 1564 791 1604 748 1847 520 1806 plane 0.9665
1131 1218 1378 1337 1243 1618 995 1498 plane 0.9551
242 1705 236 1441 560 1433 567 1697 plane 0.9381
1569 131 1740 69 1813 268 1642 331 plane 0.9373
1974 641 2146 686 2091 894 1919 849 plane 0.9348
928 997 1175 1108 1044 1397 798 1286 plane 0.9334
2881 305 2976 356 2913 472 2819 421 plane 0.8973
2167 792 2299 821 2263 984 2131 955 plane 0.8938
3113 1350 3068 1247 3188 1196 3233 1299 plane 0.8740
1474 340 1552 233 1683 329 1604 436 plane 0.8678
2392 872 2524 915 2466 1093 2334 1050 plane 0.8422
3014 669 3036 585 3145 613 3124 698 plane 0.8045
2237 1752 2328 1646 2459 1759 2368 1865 plane 0.7938
3068 558 3064 499 3140 494 3144 553 plane 0.7651
2235 155 2213 92 2303 60 2326 123 plane 0.7303
2986 391 3061 394 3058 487 2983 485 plane 0.6991
1640 695 1634 621 1725 614 1731 687 plane 0.6779
3050 1052 3140 1086 3096 1201 3006 1166 plane 0.6602
3254 1304 3351 1299 3357 1415 3261 1421 plane 0.5459
2389 1162 2392 1135 2439 1139 2436 1166 plane 0.3646
3010 546 3012 522 3046 525 3045 548 plane 0.2894
3162 1366 3176 1345 3212 1368 3198 1389 plane 0.2828
2325 842 2339 833 2360 867 2346 876 plane 0.2811
1616 467 1617 451 1650 455 1648 471 plane 0.2707
2977 545 2980 526 3014 532 3011 551 plane 0.2527
1642 459 1644 443 1677 446 1676 462 plane 0.2511
2239 1038 2252 1022 2283 1047 2269 1063 plane 0.2500
1671 335 1686 314 1731 344 1716 366 plane 0.2426
1616 484 1618 467 1654 472 1651 490 plane 0.2413
2176 1060 2190 1036 2226 1057 2213 1081 plane 0.2330
2329 877 2341 869 2359 894 2346 903 plane 0.2322
2431 1764 2448 1748 2484 1789 2466 1805 plane 0.2295
3121 499 3133 466 3179 483 3167 516 plane 0.2278
1939 656 1956 654 1960 693 1943 694 plane 0.2250
2825 473 2843 472 2845 514 2827 515 plane 0.2092
954 1988 974 1991 968 2032 948 2029 plane 0.2067
2305 849 2319 837 2346 868 2331 881 plane 0.2049
2936 527 2949 516 2969 537 2956 549 plane 0.2029
2894 514 2910 506 2925 533 2909 542 plane 0.2025
2485 1107 2484 1089 2521 1089 2521 1107 plane 0.2009
3120 464 3131 445 3165 466 3153 485 plane 0.1984
1597 558 1597 543 1628 543 1628 558 plane 0.1957
2140 734 2154 725 2175 756 2160 765 plane 0.1944
1586 577 1589 560 1625 565 1623 582 plane 0.1923
1649 439 1648 423 1683 422 1683 438 plane 0.1907
2367 835 2383 834 2384 873 2368 874 plane 0.1898
3038 547 3036 514 3078 512 3080 545 plane 0.1881
3051 1224 3065 1204 3102 1229 3088 1249 plane 0.1861
2886 482 2906 472 2923 509 2903 519 plane 0.1827
1924 664 1939 660 1948 695 1932 699 plane 0.1824
3196 1363 3215 1338 3248 1363 3230 1388 plane 0.1819
1618 548 1620 533 1647 536 1646 551 plane 0.1803
2922 772 2928 752 2967 762 2962 783 plane 0.1792
3021 726 3032 710 3065 734 3054 749 plane 0.1775
1669 447 1671 431 1705 434 1704 450 plane 0.1775
1675 435 1675 418 1712 418 1712 434 plane 0.1753
3005 743 3013 726 3049 743 3041 760 plane 0.1750
1549 149 1569 148 1571 190 1552 191 plane 0.1748
2306 875 2320 863 2344 891 2330 903 plane 0.1743
2147 706 2164 700 2178 740 2161 746 plane 0.1737
2136 773 2148 761 2172 786 2160 798 plane 0.1715
2360 1142 2373 1126 2402 1149 2390 1165 plane 0.1682
2505 1086 2509 1071 2536 1079 2532 1094 plane 0.1655
1676 365 1682 347 1720 360 1714 378 plane 0.1645
2959 551 2966 536 2995 550 2988 565 plane 0.1641
2925 492 2943 478 2966 507 2947 521 plane 0.1637
2998 507 3015 478 3055 502 3038 531 plane 0.1630
3010 569 3012 548 3045 551 3043 572 plane 0.1606
2847 475 2867 475 2868 518 2847 518 plane 0.1604
2311 955 2322 945 2344 969 2332 979 plane 0.1597
2438 1719 2458 1711 2476 1752 2457 1761 plane 0.1588
1394 1398 1395 1378 1437 1380 1436 1400 plane 0.1587
2259 1019 2271 1008 2292 1033 2280 1043 plane 0.1573
1586 458 1591 438 1624 446 1619 466 plane 0.1561
1974 631 1989 636 1975 675 1960 670 plane 0.1543
3165 502 3185 494 3197 524 3178 532 plane 0.1530
2976 573 2979 557 3009 563 3006 579 plane 0.1515
1698 563 1704 546 1740 558 1734 575 plane 0.1509
2464 1714 2480 1704 2504 1740 2488 1750 plane 0.1499
3121 618 3153 597 3181 641 3149 661 plane 0.1495
2418 1138 2425 1120 2456 1131 2449 1150 plane 0.1489
2979 630 2985 612 3019 623 3013 642 plane 0.1482
1614 573 1620 557 1648 568 1642 583 plane 0.1478
1619 443 1620 424 1654 425 1654 444 plane 0.1472
2509 1062 2515 1048 2542 1059 2536 1073 plane 0.1450
2372 876 2388 874 2391 905 2376 907 plane 0.1434
1609 512 1607 495 1638 492 1639 509 plane 0.1429
2861 506 2876 500 2887 532 2871 538 plane 0.1423
3209 1392 3219 1372 3250 1388 3239 1408 plane 0.1418
2325 1893 2331 1876 2364 1887 2358 1904 plane 0.1414
2939 559 2950 548 2969 567 2958 578 plane 0.1404
2946 624 2952 610 2983 624 2976 638 plane 0.1393
974 1993 992 1995 987 2033 969 2031 plane 0.1386
1863 673 1879 670 1885 704 1870 707 plane 0.1368
3093 479 3103 452 3143 466 3133 494 plane 0.1365
2810 481 2826 478 2832 516 2816 518 plane 0.1347
2906 550 2918 541 2934 562 2922 571 plane 0.1325
1791 658 1805 650 1819 675 1805 683 plane 0.1305
3041 432 3074 414 3097 454 3064 472 plane 0.1304
1691 320 1705 298 1753 327 1739 350 plane 0.1298
2162 773 2178 762 2198 793 2182 803 plane 0.1297
3145 527 3162 506 3191 528 3174 550 plane 0.1280
2334 918 2345 910 2361 930 2350 939 plane 0.1280
2572 1657 2588 1647 2615 1690 2599 1701 plane 0.1276
1753 272 1773 263 1792 307 1773 315 plane 0.1267
2397 1850 2405 1834 2437 1850 2429 1866 plane 0.1265
1357 1356 1358 1338 1399 1341 1397 1359 plane 0.1258
1876 784 1891 783 1895 820 1880 822 plane 0.1246
2989 711 2995 696 3020 706 3014 721 plane 0.1244
2327 941 2339 931 2359 955 2347 965 plane 0.1243
1783 627 1794 616 1813 636 1803 646 plane 0.1240
1720 545 1729 533 1756 553 1747 565 plane 0.1232
2950 764 2957 747 2985 758 2978 776 plane 0.1231
2301 966 2312 955 2334 978 2323 988 plane 0.1226
1892 669 1908 666 1913 699 1898 702 plane 0.1195
1658 550 1662 535 1686 542 1682 556 plane 0.1176
2985 755 2992 738 3021 751 3014 768 plane 0.1175
2312 916 2324 906 2344 928 2332 938 plane 0.1169
2285 984 2298 974 2316 998 2304 1007 plane 0.1168
1676 412 1677 396 1712 397 1711 413 plane 0.1166
1628 331 1659 302 1703 350 1672 378 plane 0.1163
2981 678 2986 662 3014 671 3009 687 plane 0.1159
1663 471 1666 457 1695 464 1692 479 plane 0.1157
2473 1120 2477 1103 2509 1109 2506 1127 plane 0.1154
2429 1825 2438 1808 2476 1827 2468 1844 plane 0.1154
2891 735 2899 720 2933 739 2924 754 plane 0.1151
2933 587 2942 576 2964 595 2955 606 plane 0.1142
2003 626 2019 633 2000 674 1984 667 plane 0.1141
1758 656 1771 646 1787 669 1774 679 plane 0.1126
3091 431 3109 420 3125 447 3106 458 plane 0.1115
1699 441 1703 426 1731 434 1727 448 plane 0.1107
2403 837 2419 842 2406 883 2390 877 plane 0.1103
1758 627 1770 615 1790 634 1778 646 plane 0.1103
1817 566 1833 564 1837 599 1822 601 plane 0.1092
2383 1864 2391 1847 2423 1862 2415 1879 plane 0.1075
3029 1189 3045 1168 3082 1197 3066 1218 plane 0.1072
3000 623 3007 600 3044 611 3037 633 plane 0.1068
2918 583 2930 574 2946 594 2935 603 plane 0.1058
2929 748 2936 733 2964 746 2958 761 plane 0.1058
1786 604 1796 593 1815 611 1805 622 plane 0.1054
2261 999 2276 989 2293 1015 2278 1025 plane 0.1052
2970 323 2989 318 2998 350 2979 355 plane 0.1049
1579 586 1583 571 1616 580 1612 595 plane 0.1048
3045 1240 3056 1228 3081 1250 3070 1262 plane 0.1036
1884 772 1898 768 1908 802 1894 806 plane 0.1032
2022 624 2041 631 2024 677 2006 670 plane 0.1026
2954 670 2960 657 2984 669 2977 682 plane 0.1025
2199 770 2220 761 2238 801 2217 810 plane 0.1020
2195 183 2195 166 2233 166 2233 184 plane 0.1016
1561 160 1582 153 1594 190 1573 196 plane 0.1014
2933 308 2960 306 2963 346 2936 348 plane 0.1013
1658 572 1666 557 1691 570 1684 585 plane 0.1010
2271 28 2274 9 2313 17 2310 36 plane 0.1004
2980 359 3004 351 3016 385 2993 393 plane 0.1003
1763 613 1773 601 1793 618 1783 630 plane 0.1003
1645 1518 1869 1597 1781 1847 1557 1767 bridge 0.1309
249 1702 241 1443 558 1433 566 1693 bridge 0.1306
1974 642 2145 686 2092 893 1921 849 bridge 0.1105
1060 740 1081 750 1053 813 1032 803 small-vehicle 0.1336
2563 1288 2574 1273 2612 1300 2601 1315 small-vehicle 0.1081
2028 2016 2033 1998 2066 2008 2060 2026 small-vehicle 0.1058
1240 715 1258 710 1269 751 1251 756 large-vehicle 0.1012
290 -30 433 -80 560 283 417 333 ship 0.1648
627 153 631 137 667 145 663 161 ship 0.1144
2383 555 2399 562 2379 604 2364 597 ship 0.1026
2149 780 2305 801 2280 984 2124 964 tennis-court 0.1209
1886 1772 1910 1775 1902 1828 1879 1825 basketball-court 0.1064
1903 1778 1930 1775 1938 1837 1910 1840 basketball-court 0.1045
3069 565 3063 505 3139 498 3144 558 storage-tank 0.1157
2237 162 2214 102 2298 70 2321 129 storage-tank 0.1050
909 975 1180 1088 1047 1407 776 1294 roundabout 0.1204
2880 304 2978 355 2918 472 2820 422 helicopter 0.1189
