86 818 103 826 87 860 70 853 small-vehicle 0.6360
20 781 37 788 22 824 5 817 small-vehicle 0.6298
64 806 81 812 68 847 51 841 small-vehicle 0.5921
103 830 119 836 104 873 88 866 small-vehicle 0.5564
43 792 61 799 48 838 29 832 small-vehicle 0.5071
124 834 140 841 124 880 107 873 small-vehicle 0.4932
675 350 668 333 708 315 716 332 small-vehicle 0.4012
145 844 162 853 144 889 127 880 small-vehicle 0.3416
164 854 180 861 164 894 149 886 small-vehicle 0.1837
400 425 399 404 481 400 482 420 small-vehicle 0.1507
661 302 661 280 748 282 747 304 small-vehicle 0.1354
661 301 662 280 750 283 749 304 large-vehicle 0.6965
454 394 453 373 531 367 532 387 large-vehicle 0.6580
399 425 398 404 488 399 489 420 large-vehicle 0.6230
523 360 521 340 599 332 601 353 large-vehicle 0.5868
377 434 396 443 359 517 340 508 large-vehicle 0.5604
675 350 668 333 708 315 716 332 large-vehicle 0.3792
103 830 119 836 104 873 88 866 large-vehicle 0.2392
124 834 140 841 124 880 107 873 large-vehicle 0.2258
86 818 103 826 87 860 70 853 large-vehicle 0.2249
20 781 37 788 22 824 5 817 large-vehicle 0.1553
165 853 181 862 165 893 149 884 large-vehicle 0.1424
64 805 82 811 68 847 51 841 large-vehicle 0.1251
146 842 163 851 145 888 127 879 large-vehicle 0.1217
20 781 37 788 22 824 5 817 ship 0.1646
402 425 401 404 489 399 490 420 ship 0.1089
