129 25 144 10 174 40 159 55 small-vehicle 0.3295
251 867 256 854 280 864 275 877 small-vehicle 0.1151
164 499 183 512 129 596 109 583 large-vehicle 0.1748
231 524 278 454 427 556 380 625 large-vehicle 0.1062
371 313 420 239 571 340 521 414 large-vehicle 0.1029
552 153 581 148 593 231 565 235 ship 0.2667
542 563 588 489 747 590 701 664 tennis-court 0.9077
854 553 928 599 832 754 758 708 tennis-court 0.9028
465 674 513 605 665 711 617 780 tennis-court 0.8967
368 314 416 239 576 342 528 417 tennis-court 0.8905
166 616 213 548 365 653 318 721 tennis-court 0.8849
606 460 656 391 807 500 757 568 tennis-court 0.8802
402 777 450 703 604 804 557 877 tennis-court 0.8760
310 403 355 336 507 440 462 506 tennis-court 0.8726
230 523 277 454 430 560 383 628 tennis-court 0.8315
401 772 451 699 603 803 553 876 soccer-ball-field 0.1286
366 316 413 239 576 336 529 414 soccer-ball-field 0.1240
227 527 273 453 433 553 387 626 soccer-ball-field 0.1099
464 679 510 608 667 709 620 780 soccer-ball-field 0.1067
542 556 592 486 743 591 693 662 soccer-ball-field 0.1062
