749 31 751 -3 796 -1 794 34 plane 0.1460
1442 295 1457 294 1460 329 1445 330 small-vehicle 0.1174
1403 263 1417 262 1421 293 1407 295 small-vehicle 0.1013
2147 934 2159 918 2205 951 2194 967 large-vehicle 0.1094
1677 1094 1688 1093 1691 1123 1680 1124 large-vehicle 0.1033
2133 945 2145 929 2192 962 2180 979 large-vehicle 0.1017
2191 1523 2197 1503 2251 1518 2245 1538 ship 0.5047
2059 1425 2067 1404 2122 1423 2115 1444 ship 0.4959
2185 1547 2189 1526 2242 1538 2238 1559 ship 0.4841
1954 1743 1963 1721 2021 1744 2012 1767 ship 0.4822
2216 1455 2219 1434 2275 1443 2272 1464 ship 0.4765
2179 1720 2183 1697 2236 1705 2232 1728 ship 0.4749
2327 1544 2331 1527 2375 1536 2371 1554 ship 0.4566
2303 1621 2306 1603 2350 1611 2347 1629 ship 0.4468
2044 1476 2053 1455 2105 1476 2096 1497 ship 0.4442
2283 1854 2289 1834 2338 1850 2332 1870 ship 0.4442
2174 1789 2177 1770 2225 1778 2222 1798 ship 0.4380
2174 1560 2181 1540 2235 1557 2229 1578 ship 0.4348
2303 1786 2308 1765 2360 1778 2355 1799 ship 0.4347
2276 1881 2281 1861 2330 1873 2325 1893 ship 0.4339
2199 1506 2205 1486 2257 1502 2251 1521 ship 0.4318
1943 1826 1952 1805 2002 1824 1994 1846 ship 0.4295
2226 1417 2230 1395 2284 1405 2280 1428 ship 0.4295
1974 1697 1983 1675 2037 1697 2029 1719 ship 0.4266
2022 1542 2032 1519 2086 1542 2076 1564 ship 0.4262
2168 1805 2170 1786 2217 1793 2214 1812 ship 0.4252
2163 1838 2164 1821 2205 1824 2204 1841 ship 0.4166
2091 1837 2093 1819 2137 1824 2135 1842 ship 0.4152
2297 1804 2301 1784 2352 1793 2349 1814 ship 0.4141
2013 1593 2021 1569 2075 1589 2067 1612 ship 0.4113
2052 1456 2058 1434 2113 1450 2107 1471 ship 0.4110
2188 1751 2189 1730 2236 1730 2236 1752 ship 0.4082
2313 1589 2317 1572 2359 1581 2356 1598 ship 0.4066
2292 1828 2298 1809 2346 1822 2340 1842 ship 0.4063
2094 1811 2098 1792 2145 1802 2141 1821 ship 0.4048
2321 1569 2325 1552 2367 1562 2363 1579 ship 0.4036
2123 1739 2126 1720 2164 1727 2160 1745 ship 0.4032
2156 1852 2157 1837 2197 1841 2195 1857 ship 0.3999
2149 1866 2154 1852 2189 1862 2185 1877 ship 0.3985
2361 1461 2363 1443 2407 1449 2405 1467 ship 0.3973
1979 1657 1987 1635 2043 1654 2036 1676 ship 0.3949
2141 1899 2148 1886 2180 1904 2173 1916 ship 0.3890
1944 1804 1953 1782 2006 1803 1997 1825 ship 0.3875
2323 978 2340 963 2385 1011 2369 1027 ship 0.3813
2230 1442 2231 1422 2280 1424 2279 1444 ship 0.3796
1933 1841 1941 1821 1991 1842 1982 1861 ship 0.3717
2087 1857 2089 1841 2127 1845 2125 1861 ship 0.3670
2271 1898 2276 1879 2324 1892 2319 1912 ship 0.3666
1946 1785 1953 1764 2008 1782 2001 1804 ship 0.3593
2087 1877 2091 1863 2123 1872 2119 1887 ship 0.3556
1992 1634 1999 1612 2057 1630 2050 1652 ship 0.3554
2110 1360 2116 1345 2152 1360 2146 1374 ship 0.3545
2244 1494 2251 1482 2278 1498 2271 1510 ship 0.3498
2151 1879 2156 1866 2186 1875 2182 1888 ship 0.3459
2077 1411 2082 1393 2125 1406 2120 1424 ship 0.3452
1959 1370 1981 1369 1985 1430 1962 1432 ship 0.3448
550 1683 564 1685 558 1719 544 1717 ship 0.3438
2254 1942 2260 1923 2308 1936 2303 1956 ship 0.3427
563 1683 577 1687 570 1720 556 1717 ship 0.3384
427 1599 445 1610 417 1656 399 1645 ship 0.3340
2244 1506 2253 1495 2276 1514 2267 1525 ship 0.3277
2100 1792 2104 1774 2148 1787 2144 1804 ship 0.3275
2275 930 2291 918 2321 958 2305 970 ship 0.3246
617 1709 631 1713 622 1749 607 1745 ship 0.3205
2263 1920 2267 1901 2315 1913 2311 1932 ship 0.3172
347 1085 350 1069 391 1076 388 1093 ship 0.3068
2347 1508 2352 1494 2383 1506 2378 1520 ship 0.3026
2128 1900 2137 1889 2159 1907 2150 1918 ship 0.3020
535 1691 548 1692 545 1723 532 1722 ship 0.3019
374 1023 378 1005 420 1015 416 1032 ship 0.3016
2095 1889 2104 1876 2130 1894 2121 1907 ship 0.3005
1153 1759 1175 1764 1164 1813 1142 1808 ship 0.3005
2440 1522 2459 1525 2453 1569 2433 1566 ship 0.3002
319 1159 326 1140 374 1156 368 1175 ship 0.3002
2356 1472 2363 1458 2393 1471 2386 1485 ship 0.2994
282 1421 280 1402 327 1397 330 1416 ship 0.2975
2087 1386 2091 1370 2130 1382 2126 1397 ship 0.2929
443 1616 459 1628 426 1671 411 1659 ship 0.2928
276 1347 278 1326 325 1328 324 1350 ship 0.2924
523 1717 536 1716 538 1745 525 1746 ship 0.2912
2210 1480 2213 1462 2260 1471 2256 1489 ship 0.2892
2116 1763 2119 1747 2158 1754 2155 1770 ship 0.2891
2143 1242 2147 1221 2197 1231 2193 1252 ship 0.2861
2348 1495 2353 1482 2383 1492 2378 1505 ship 0.2802
2340 1524 2347 1511 2377 1525 2371 1539 ship 0.2801
337 1679 349 1661 393 1691 381 1709 ship 0.2796
2123 1303 2128 1287 2167 1299 2162 1315 ship 0.2791
592 1710 606 1711 602 1741 588 1739 ship 0.2760
636 1710 652 1715 638 1755 622 1749 ship 0.2757
2175 1773 2177 1757 2208 1761 2205 1777 ship 0.2751
2265 1467 2272 1457 2294 1472 2287 1483 ship 0.2694
303 1525 296 1506 344 1487 352 1505 ship 0.2653
585 1693 599 1697 589 1730 575 1726 ship 0.2650
2386 1266 2379 1246 2421 1230 2428 1251 ship 0.2631
279 1370 277 1350 321 1347 323 1366 ship 0.2631
408 1265 410 1247 454 1252 452 1270 ship 0.2598
2265 1490 2274 1482 2292 1500 2283 1509 ship 0.2596
2122 1882 2128 1870 2150 1883 2144 1894 ship 0.2583
496 983 499 963 548 970 545 990 ship 0.2561
2270 1187 2277 1168 2324 1186 2316 1206 ship 0.2539
2373 1446 2376 1429 2414 1437 2411 1454 ship 0.2528
870 1648 887 1657 862 1707 844 1698 ship 0.2479
2148 1813 2154 1800 2179 1810 2173 1823 ship 0.2463
461 1644 476 1650 461 1691 446 1685 ship 0.2444
396 1713 414 1707 427 1746 408 1752 ship 0.2433
2263 1455 2270 1443 2294 1459 2287 1470 ship 0.2431
2268 1507 2278 1499 2293 1519 2283 1527 ship 0.2426
2087 1367 2094 1354 2125 1371 2118 1384 ship 0.2413
367 1655 388 1646 410 1696 389 1705 ship 0.2398
353 1067 356 1053 391 1061 388 1075 ship 0.2396
565 1708 578 1708 578 1734 565 1734 ship 0.2396
688 1724 706 1730 691 1777 673 1771 ship 0.2362
832 1765 850 1771 837 1814 819 1808 ship 0.2347
428 1220 428 1202 471 1203 471 1220 ship 0.2325
2133 1357 2136 1343 2169 1349 2166 1363 ship 0.2317
526 893 529 873 577 880 574 900 ship 0.2302
512 1701 525 1699 530 1726 517 1729 ship 0.2295
565 410 569 394 612 404 608 420 ship 0.2278
741 1620 757 1628 735 1672 719 1664 ship 0.2268
509 1724 522 1721 529 1748 516 1752 ship 0.2252
2245 1524 2253 1514 2273 1530 2265 1541 ship 0.2249
2129 1282 2133 1265 2177 1276 2172 1293 ship 0.2248
440 1639 458 1645 444 1690 426 1684 ship 0.2240
2101 1259 2115 1254 2125 1287 2111 1291 ship 0.2232
366 1049 369 1034 403 1042 399 1057 ship 0.2215
2037 1506 2044 1487 2087 1502 2081 1521 ship 0.2194
2139 1787 2144 1774 2169 1784 2164 1797 ship 0.2184
2016 1575 2021 1554 2070 1567 2064 1587 ship 0.2176
2315 1546 2325 1535 2345 1552 2336 1563 ship 0.2169
301 1214 307 1197 353 1212 348 1229 ship 0.2164
1987 1462 2001 1460 2005 1493 1991 1495 ship 0.2162
1961 1459 1975 1460 1972 1495 1959 1494 ship 0.2136
968 1815 993 1821 983 1868 958 1862 ship 0.2126
575 345 581 326 628 341 622 360 ship 0.2109
344 1118 348 1103 382 1111 379 1126 ship 0.2102
367 1033 371 1018 405 1028 401 1043 ship 0.2083
291 1462 285 1446 326 1430 332 1447 ship 0.2079
592 1747 604 1745 608 1770 596 1772 ship 0.2062
318 1180 321 1162 365 1170 362 1188 ship 0.2062
812 1642 829 1649 811 1691 794 1684 ship 0.2053
2306 1521 2316 1512 2332 1531 2322 1540 ship 0.2029
283 1401 282 1385 321 1382 322 1399 ship 0.2011
388 1622 411 1620 415 1676 392 1678 ship 0.2009
421 1241 421 1224 464 1226 463 1243 ship 0.2005
302 1507 294 1491 335 1472 343 1488 ship 0.1997
1267 1789 1284 1798 1263 1841 1245 1832 ship 0.1986
2182 1588 2186 1572 2229 1582 2225 1599 ship 0.1984
2277 1529 2287 1521 2301 1539 2291 1547 ship 0.1976
337 1135 341 1121 376 1129 373 1144 ship 0.1974
903 1788 922 1794 908 1836 889 1830 ship 0.1974
439 1482 434 1463 485 1450 490 1469 ship 0.1971
2294 1496 2304 1488 2318 1507 2308 1515 ship 0.1965
2095 1239 2110 1240 2106 1277 2091 1275 ship 0.1948
2330 1471 2341 1464 2355 1484 2345 1492 ship 0.1928
535 1743 547 1741 551 1766 539 1768 ship 0.1923
2130 1713 2136 1695 2175 1707 2170 1726 ship 0.1914
2091 1354 2097 1342 2124 1358 2117 1370 ship 0.1907
596 1559 614 1567 593 1613 574 1605 ship 0.1907
2109 1775 2114 1760 2149 1771 2144 1786 ship 0.1897
1136 1973 1152 1979 1138 2021 1122 2015 ship 0.1895
1948 1462 1961 1463 1958 1497 1945 1495 ship 0.1890
2107 1329 2111 1316 2140 1325 2136 1338 ship 0.1888
2170 1909 2182 1901 2197 1926 2185 1933 ship 0.1884
479 1674 493 1674 494 1705 480 1705 ship 0.1874
2288 1467 2298 1460 2311 1480 2301 1487 ship 0.1852
421 1681 437 1679 443 1716 426 1718 ship 0.1849
385 962 389 945 427 955 423 971 ship 0.1831
567 1749 579 1747 584 1769 572 1772 ship 0.1827
471 1654 487 1658 478 1695 463 1691 ship 0.1810
576 371 579 354 621 363 618 379 ship 0.1806
845 1650 861 1659 838 1700 822 1691 ship 0.1799
436 1272 444 1258 469 1273 461 1286 ship 0.1763
683 415 687 393 737 403 733 425 ship 0.1732
2190 1841 2200 1831 2219 1850 2210 1860 ship 0.1726
381 1002 385 987 421 996 418 1011 ship 0.1723
472 1233 479 1221 502 1234 494 1246 ship 0.1719
2119 1243 2131 1232 2158 1259 2147 1270 ship 0.1712
62 177 62 163 93 165 92 179 ship 0.1703
662 1718 679 1725 662 1764 645 1757 ship 0.1700
424 1755 445 1762 431 1808 410 1801 ship 0.1695
601 1795 616 1796 612 1836 596 1834 ship 0.1673
524 919 526 903 565 908 562 925 ship 0.1671
2183 1821 2190 1808 2215 1822 2208 1835 ship 0.1641
63 195 69 184 94 198 88 209 ship 0.1609
2074 1875 2085 1865 2106 1888 2095 1898 ship 0.1605
2287 1560 2298 1552 2312 1571 2301 1579 ship 0.1604
2198 1862 2209 1854 2224 1874 2213 1882 ship 0.1589
2386 1525 2401 1521 2410 1549 2395 1554 ship 0.1582
762 1755 779 1758 773 1796 756 1794 ship 0.1581
519 931 522 915 559 924 555 940 ship 0.1565
483 1704 496 1700 503 1724 491 1728 ship 0.1559
501 1759 514 1758 516 1790 502 1791 ship 0.1557
2293 1591 2304 1582 2321 1601 2310 1611 ship 0.1555
397 1588 416 1588 416 1633 397 1633 ship 0.1539
2288 1450 2299 1443 2313 1464 2303 1471 ship 0.1533
2245 1146 2260 1129 2297 1162 2282 1179 ship 0.1530
2248 1553 2258 1543 2274 1561 2264 1570 ship 0.1518
1135 1659 1157 1657 1160 1693 1138 1695 ship 0.1513
483 1727 495 1724 501 1748 489 1751 ship 0.1512
622 1799 637 1796 646 1833 631 1836 ship 0.1506
2018 1469 2031 1462 2046 1491 2033 1498 ship 0.1506
2056 1180 2068 1168 2100 1199 2088 1212 ship 0.1503
471 1762 487 1764 483 1798 468 1797 ship 0.1502
2018 1504 2028 1492 2054 1514 2044 1527 ship 0.1497
866 98 872 79 913 91 907 111 ship 0.1489
1987 1491 2000 1486 2012 1514 2000 1519 ship 0.1485
61 162 62 149 93 151 92 165 ship 0.1483
2308 945 2325 938 2340 975 2324 982 ship 0.1474
1154 1726 1172 1725 1173 1756 1156 1757 ship 0.1458
2072 1368 2081 1360 2098 1378 2089 1386 ship 0.1446
832 139 844 127 873 153 861 166 ship 0.1444
1996 1567 2005 1554 2034 1573 2025 1587 ship 0.1430
2044 1390 2055 1383 2070 1405 2059 1413 ship 0.1426
1605 342 1612 331 1653 355 1646 367 ship 0.1420
1981 1734 1987 1716 2025 1728 2019 1747 ship 0.1403
489 1300 501 1293 514 1315 502 1322 ship 0.1400
764 1629 778 1637 760 1673 746 1666 ship 0.1398
2092 1331 2098 1321 2118 1334 2112 1344 ship 0.1394
313 1548 303 1532 348 1505 358 1522 ship 0.1394
574 1782 587 1781 590 1807 577 1808 ship 0.1390
2328 1452 2340 1444 2353 1466 2342 1473 ship 0.1385
83 164 91 155 108 170 101 179 ship 0.1380
517 957 521 942 553 950 549 965 ship 0.1366
446 1706 459 1702 466 1726 453 1730 ship 0.1366
2318 1840 2328 1829 2349 1848 2339 1859 ship 0.1364
545 1771 558 1769 562 1796 549 1798 ship 0.1349
560 379 567 365 598 380 591 394 ship 0.1346
530 385 541 375 562 399 551 409 ship 0.1335
288 1491 286 1477 315 1472 317 1485 ship 0.1334
459 1295 470 1285 489 1303 478 1314 ship 0.1325
948 1809 969 1815 957 1856 936 1850 ship 0.1321
2010 1378 2024 1374 2033 1403 2019 1408 ship 0.1303
2290 1427 2299 1419 2316 1439 2306 1447 ship 0.1297
443 1728 457 1727 460 1752 446 1754 ship 0.1295
522 1761 535 1759 539 1788 525 1790 ship 0.1294
67 206 77 196 99 219 88 229 ship 0.1290
2070 1831 2082 1821 2100 1844 2089 1853 ship 0.1288
485 1255 495 1245 512 1262 502 1272 ship 0.1282
2335 1013 2347 999 2381 1029 2369 1043 ship 0.1281
491 1279 502 1271 516 1290 505 1298 ship 0.1266
2207 1891 2218 1884 2230 1905 2219 1912 ship 0.1263
2090 1287 2100 1280 2112 1298 2102 1305 ship 0.1260
509 1257 520 1247 538 1268 528 1277 ship 0.1260
661 1765 676 1765 678 1801 663 1802 ship 0.1257
1988 1774 1996 1762 2020 1779 2012 1791 ship 0.1255
788 1761 804 1766 793 1801 777 1795 ship 0.1251
1145 1689 1162 1684 1170 1713 1153 1718 ship 0.1241
299 1473 294 1457 329 1445 334 1461 ship 0.1238
772 1641 788 1646 776 1680 761 1675 ship 0.1232
2315 1021 2332 1006 2364 1043 2348 1057 ship 0.1228
2324 1864 2335 1855 2353 1875 2342 1885 ship 0.1222
2098 1217 2108 1208 2126 1229 2116 1237 ship 0.1222
581 994 592 986 611 1011 600 1019 ship 0.1221
2302 1933 2311 1922 2332 1939 2323 1950 ship 0.1215
2239 1870 2251 1862 2265 1884 2253 1892 ship 0.1213
1075 1696 1102 1690 1113 1734 1085 1741 ship 0.1206
2233 1846 2245 1839 2259 1861 2247 1869 ship 0.1205
108 157 121 149 137 175 125 183 ship 0.1193
1066 1647 1089 1646 1091 1687 1068 1688 ship 0.1193
851 1793 868 1798 859 1835 842 1830 ship 0.1193
1140 1724 1158 1725 1156 1756 1138 1755 ship 0.1193
568 1524 580 1518 592 1540 580 1547 ship 0.1190
1172 1694 1188 1688 1199 1719 1183 1725 ship 0.1190
2142 1882 2150 1871 2176 1890 2167 1901 ship 0.1187
2244 1900 2255 1891 2271 1911 2260 1920 ship 0.1171
1924 1385 1940 1383 1944 1422 1928 1424 ship 0.1165
1169 1720 1185 1716 1192 1748 1176 1751 ship 0.1164
666 1593 683 1601 663 1643 646 1635 ship 0.1155
2254 1581 2266 1573 2281 1594 2269 1602 ship 0.1153
1625 315 1625 300 1682 301 1682 316 ship 0.1152
576 1008 588 998 610 1026 599 1036 ship 0.1151
172 125 212 134 191 230 150 221 ship 0.1144
2001 1838 2014 1830 2029 1857 2015 1864 ship 0.1134
589 975 599 967 616 987 606 995 ship 0.1129
567 976 577 967 592 985 582 994 ship 0.1127
1621 336 1623 321 1677 327 1675 342 ship 0.1114
1116 1687 1136 1686 1138 1720 1118 1721 ship 0.1108
2262 1831 2273 1821 2292 1842 2281 1852 ship 0.1108
2213 1917 2226 1911 2238 1935 2225 1941 ship 0.1102
66 138 66 125 95 125 95 138 ship 0.1096
1960 1868 1971 1856 1995 1878 1984 1890 ship 0.1094
85 150 91 140 112 153 105 163 ship 0.1094
2144 1316 2150 1304 2173 1315 2168 1327 ship 0.1092
1922 1847 1930 1833 1960 1850 1952 1864 ship 0.1092
502 1671 516 1673 512 1705 498 1703 ship 0.1080
1982 1872 1996 1862 2016 1890 2002 1900 ship 0.1078
544 1501 554 1494 568 1514 558 1521 ship 0.1078
753 1610 768 1613 759 1650 744 1647 ship 0.1066
2324 1431 2334 1424 2348 1444 2338 1451 ship 0.1063
747 1786 762 1782 770 1815 755 1819 ship 0.1062
328 1565 316 1549 356 1519 367 1535 ship 0.1060
1994 1538 2004 1527 2028 1548 2018 1559 ship 0.1057
564 431 566 416 604 421 602 437 ship 0.1057
261 1390 265 1376 291 1385 287 1399 ship 0.1056
2009 1859 2023 1852 2037 1881 2023 1888 ship 0.1052
855 138 866 127 890 152 878 163 ship 0.1050
559 800 565 782 607 796 602 813 ship 0.1046
2073 1346 2082 1338 2097 1354 2089 1362 ship 0.1046
34 156 39 144 65 153 60 166 ship 0.1046
678 440 680 420 731 425 729 445 ship 0.1043
1993 1818 2006 1809 2023 1834 2011 1843 ship 0.1040
561 1505 572 1498 584 1518 573 1525 ship 0.1040
507 1272 517 1264 533 1286 523 1294 ship 0.1036
2330 1887 2340 1879 2356 1898 2345 1907 ship 0.1029
38 177 42 164 68 171 64 184 ship 0.1028
807 1617 821 1617 823 1651 808 1651 ship 0.1016
2065 1804 2076 1795 2095 1818 2083 1827 ship 0.1014
535 1724 547 1719 557 1744 545 1749 ship 0.1013
1074 1952 1091 1960 1072 1999 1056 1991 ship 0.1013
586 1799 601 1802 593 1839 579 1836 ship 0.1012
1242 1773 1260 1776 1254 1810 1237 1807 ship 0.1007
712 1623 729 1627 719 1663 703 1659 ship 0.1004
498 1793 511 1791 514 1820 501 1821 ship 0.1003
289 1436 286 1418 326 1412 329 1430 ship 0.1003
1120 2011 1135 2014 1126 2051 1111 2048 ship 0.1001
1084 1668 1107 1665 1112 1700 1089 1703 ship 0.1000
1970 1557 1981 1549 1996 1572 1985 1579 ship 0.1000
308 1933 331 1915 365 1957 342 1975 storage-tank 0.1372
278 1349 278 1328 323 1329 323 1349 storage-tank 0.1224
2254 1942 2260 1923 2308 1936 2303 1956 storage-tank 0.1198
1131 1981 1147 1986 1134 2026 1118 2021 storage-tank 0.1172
581 994 592 986 611 1011 600 1019 storage-tank 0.1056
2087 1877 2091 1863 2123 1872 2119 1887 storage-tank 0.1056
62 177 62 163 93 165 92 179 storage-tank 0.1055
491 1279 502 1271 516 1290 505 1298 storage-tank 0.1047
518 985 526 970 554 984 547 999 storage-tank 0.1043
2096 1239 2111 1238 2113 1273 2098 1274 storage-tank 0.1042
536 1458 549 1450 566 1475 554 1484 storage-tank 0.1023
576 1008 588 998 610 1026 599 1036 storage-tank 0.1013
1490 1703 1510 1649 1572 1674 1552 1727 roundabout 0.2793
1930 1367 2096 1360 2121 1908 1956 1916 harbor 0.2836
2065 1457 2174 1339 2387 1536 2277 1654 harbor 0.2559
925 1922 943 1893 982 1919 964 1947 harbor 0.2555
2020 1738 2161 1611 2397 1872 2256 2000 harbor 0.2080
439 781 440 759 487 761 487 782 harbor 0.1922
1266 1788 1283 1797 1260 1838 1244 1829 harbor 0.1863
959 1833 986 1835 981 1890 954 1887 harbor 0.1855
1048 1698 1080 1685 1102 1740 1071 1753 harbor 0.1764
1282 1892 1305 1861 1353 1897 1329 1928 harbor 0.1706
784 279 804 279 805 323 785 324 harbor 0.1659
1159 1753 1179 1758 1167 1810 1146 1805 harbor 0.1608
684 175 698 159 737 195 723 210 harbor 0.1602
379 1558 485 1577 451 1755 346 1736 harbor 0.1585
903 1788 922 1794 908 1836 889 1830 harbor 0.1561
832 1765 850 1771 837 1814 819 1808 harbor 0.1540
429 1610 449 1621 422 1673 402 1663 harbor 0.1516
1275 844 1305 863 1252 946 1222 926 harbor 0.1508
2221 1132 2242 1113 2282 1158 2260 1177 harbor 0.1446
992 1759 1029 1654 1219 1721 1183 1825 harbor 0.1429
851 1793 868 1798 859 1835 842 1830 harbor 0.1426
805 288 824 281 838 319 820 326 harbor 0.1399
894 42 904 19 958 42 948 66 harbor 0.1374
301 1214 307 1197 353 1212 348 1229 harbor 0.1350
596 1559 614 1567 593 1613 574 1605 harbor 0.1343
305 1531 297 1512 347 1491 355 1509 harbor 0.1339
2270 1187 2277 1168 2324 1186 2316 1206 harbor 0.1339
855 138 866 127 890 152 878 163 harbor 0.1327
876 148 886 133 917 154 908 169 harbor 0.1296
521 554 531 530 576 548 566 572 harbor 0.1278
439 1482 434 1463 485 1450 490 1469 harbor 0.1259
744 1614 760 1619 745 1670 728 1664 harbor 0.1255
740 324 757 248 907 284 890 359 harbor 0.1249
870 1648 887 1657 862 1707 844 1698 harbor 0.1247
811 1633 827 1639 811 1682 795 1676 harbor 0.1241
686 415 687 393 736 396 735 418 harbor 0.1234
497 1078 512 1049 573 1080 559 1109 harbor 0.1224
282 1421 280 1402 327 1397 330 1416 harbor 0.1216
688 1724 706 1730 691 1777 673 1771 harbor 0.1211
1074 1952 1091 1960 1072 1999 1056 1991 harbor 0.1208
2125 1118 2185 1035 2322 1134 2262 1217 harbor 0.1201
388 1622 411 1620 415 1676 392 1678 harbor 0.1196
678 440 680 420 731 425 729 445 harbor 0.1192
685 106 705 73 762 107 742 140 harbor 0.1182
666 1593 683 1601 663 1643 646 1635 harbor 0.1180
643 614 649 597 691 612 685 628 harbor 0.1179
1021 1708 1045 1712 1035 1765 1011 1761 harbor 0.1170
367 1655 388 1646 410 1696 389 1705 harbor 0.1160
429 1228 431 1212 467 1215 466 1231 harbor 0.1159
871 115 880 100 910 118 901 132 harbor 0.1154
319 1159 326 1140 374 1156 368 1175 harbor 0.1153
408 1265 410 1247 454 1252 452 1270 harbor 0.1141
556 800 561 780 608 791 603 810 harbor 0.1134
768 275 787 278 779 324 760 321 harbor 0.1131
914 1817 934 1818 932 1856 911 1855 harbor 0.1129
671 459 674 440 726 449 722 469 harbor 0.1119
313 1192 317 1175 361 1186 357 1202 harbor 0.1118
884 63 892 45 936 62 928 81 harbor 0.1112
879 1815 899 1815 899 1853 879 1853 harbor 0.1107
534 891 539 873 575 884 570 902 harbor 0.1099
900 149 909 134 941 153 932 168 harbor 0.1096
496 983 499 963 548 970 545 990 harbor 0.1080
574 772 579 748 642 763 636 787 harbor 0.1079
276 1347 278 1326 325 1328 324 1350 harbor 0.1079
2332 987 2347 972 2387 1014 2372 1029 harbor 0.1073
828 1750 903 1759 887 1891 813 1883 harbor 0.1073
829 1634 845 1641 828 1681 812 1674 harbor 0.1072
823 270 839 263 856 298 840 306 harbor 0.1069
762 1755 779 1758 773 1796 756 1794 harbor 0.1068
279 1370 277 1350 321 1347 323 1366 harbor 0.1063
2143 1242 2147 1221 2197 1231 2193 1252 harbor 0.1056
781 1562 891 1565 885 1749 775 1746 harbor 0.1052
302 1507 294 1491 335 1472 343 1488 harbor 0.1051
844 1827 863 1825 866 1861 847 1862 harbor 0.1046
832 139 844 127 873 153 861 166 harbor 0.1044
2129 1282 2133 1265 2177 1276 2172 1293 harbor 0.1041
243 1372 335 1353 375 1551 283 1570 harbor 0.1037
845 1650 861 1659 838 1700 822 1691 harbor 0.1033
440 1639 458 1645 444 1690 426 1684 harbor 0.1032
507 598 512 581 546 592 541 608 harbor 0.1030
313 1548 303 1532 348 1505 358 1522 harbor 0.1025
403 864 408 849 446 862 441 877 harbor 0.1019
291 1462 285 1446 326 1430 332 1447 harbor 0.1016
552 463 556 449 593 458 589 472 harbor 0.1014
919 1780 1021 1797 991 1971 890 1953 harbor 0.1011
485 618 489 601 529 610 525 628 harbor 0.1011
475 1098 484 1072 541 1090 533 1117 harbor 0.1004
1280 835 1311 856 1256 939 1225 918 swimming-pool 0.2620
310 1934 333 1916 367 1960 344 1978 swimming-pool 0.2070
517 550 525 529 567 544 559 566 swimming-pool 0.1570
1351 945 1354 928 1389 934 1387 950 swimming-pool 0.1543
2596 1949 2610 1949 2608 1990 2594 1989 swimming-pool 0.1372
925 1922 943 1893 982 1919 964 1947 swimming-pool 0.1281
2610 1948 2624 1950 2619 1991 2605 1989 swimming-pool 0.1259
658 624 663 608 699 619 694 635 swimming-pool 0.1226
872 214 888 206 907 242 891 250 swimming-pool 0.1200
883 144 894 133 916 155 905 166 swimming-pool 0.1182
749 31 751 -3 796 -1 794 34 swimming-pool 0.1156
905 146 916 134 940 157 928 169 swimming-pool 0.1151
871 115 880 100 910 118 901 132 swimming-pool 0.1145
567 164 588 158 599 192 578 199 swimming-pool 0.1104
486 612 491 596 526 605 521 621 swimming-pool 0.1069
438 787 439 763 491 767 489 791 swimming-pool 0.1069
900 123 911 111 935 133 924 145 swimming-pool 0.1069
855 138 866 127 890 152 878 163 swimming-pool 0.1035
381 941 387 928 420 942 414 955 swimming-pool 0.1003
684 175 698 159 737 195 723 210 swimming-pool 0.1000
