2034 2292 2033 2272 2074 2269 2075 2289 small-vehicle 0.1391
2547 2219 2543 2201 2582 2192 2586 2210 small-vehicle 0.1372
1670 1487 1673 1446 1783 1453 1781 1494 ship 0.6975
940 1718 940 1678 1059 1680 1059 1720 ship 0.6777
1915 1560 1916 1518 2042 1522 2041 1565 ship 0.6761
1919 1613 1920 1574 2046 1579 2044 1618 ship 0.6608
1648 1652 1652 1616 1759 1625 1756 1662 ship 0.6136
1633 1438 1634 1392 1784 1394 1783 1440 ship 0.6090
948 1665 949 1628 1058 1630 1057 1667 ship 0.6025
1894 1790 1896 1756 2013 1764 2010 1797 ship 0.5898
2435 1670 2435 1627 2553 1626 2554 1669 ship 0.5754
1643 1729 1646 1695 1745 1703 1742 1738 ship 0.5710
2649 1527 2667 1490 2780 1547 2761 1584 ship 0.5417
1900 1872 1901 1838 2007 1843 2005 1877 ship 0.5307
1358 1343 1364 1295 1508 1313 1503 1361 ship 0.5266
2279 1247 2295 1224 2353 1265 2337 1288 ship 0.5162
2247 1104 2259 1080 2322 1111 2309 1135 ship 0.5134
1242 606 1259 583 1322 629 1305 652 ship 0.5120
1962 1095 1980 1060 2090 1116 2072 1152 ship 0.5028
913 1829 914 1792 1038 1795 1037 1833 ship 0.4945
1917 780 1951 802 1889 901 1854 879 ship 0.4942
313 601 332 577 396 629 377 652 ship 0.4911
1526 567 1540 539 1611 576 1596 604 ship 0.4893
2302 1204 2316 1180 2376 1214 2363 1238 ship 0.4874
597 936 613 907 694 953 678 982 ship 0.4865
1891 1959 1898 1925 1994 1947 1986 1981 ship 0.4850
1114 823 1127 795 1194 828 1181 856 ship 0.4833
570 991 587 967 656 1016 639 1040 ship 0.4828
1161 733 1178 711 1242 760 1225 782 ship 0.4821
1196 679 1213 655 1280 704 1263 727 ship 0.4813
655 571 674 538 772 595 753 628 ship 0.4806
1878 1226 1896 1190 2006 1246 1987 1282 ship 0.4787
1318 479 1334 453 1410 503 1394 528 ship 0.4781
765 1141 785 1111 868 1167 847 1197 ship 0.4741
641 622 659 593 738 646 719 674 ship 0.4740
1816 925 1837 921 1846 978 1825 982 ship 0.4727
1344 865 1359 839 1430 881 1414 907 ship 0.4722
526 1041 547 1014 619 1071 598 1098 ship 0.4720
2349 1130 2362 1106 2422 1138 2409 1162 ship 0.4709
853 1020 870 992 944 1038 927 1065 ship 0.4705
2773 1444 2784 1419 2844 1447 2832 1472 ship 0.4704
1370 1043 1386 1017 1450 1058 1433 1084 ship 0.4704
2207 1604 2208 1563 2334 1564 2333 1605 ship 0.4701
188 790 208 761 291 820 271 848 ship 0.4681
2582 1284 2597 1262 2652 1298 2637 1320 ship 0.4667
572 464 589 440 662 491 646 515 ship 0.4665
1905 1741 1907 1705 2015 1712 2013 1747 ship 0.4638
2150 1351 2172 1317 2267 1381 2245 1414 ship 0.4584
2515 1415 2525 1391 2582 1416 2572 1440 ship 0.4581
457 1066 480 1034 565 1095 542 1127 ship 0.4580
1400 976 1414 949 1476 983 1461 1009 ship 0.4575
1931 1138 1951 1101 2073 1167 2053 1204 ship 0.4553
2334 1155 2347 1131 2407 1163 2394 1187 ship 0.4534
881 974 898 947 973 993 956 1020 ship 0.4522
1546 753 1562 728 1633 772 1617 798 ship 0.4521
823 1063 840 1035 917 1083 900 1111 ship 0.4519
240 713 257 684 337 733 320 762 ship 0.4517
954 1610 955 1578 1056 1581 1055 1614 ship 0.4513
1273 556 1290 533 1351 577 1334 600 ship 0.4491
2537 1354 2550 1329 2609 1360 2596 1385 ship 0.4488
545 766 562 731 665 782 648 817 ship 0.4486
1806 732 1819 705 1897 742 1883 770 ship 0.4472
1705 1118 1727 1109 1749 1161 1728 1170 ship 0.4468
1593 1114 1609 1086 1679 1125 1663 1154 ship 0.4467
1426 944 1442 919 1501 958 1485 983 ship 0.4466
125 868 147 832 239 889 217 925 ship 0.4454
2502 1816 2501 1788 2569 1785 2570 1813 ship 0.4403
565 709 585 677 677 733 657 765 ship 0.4391
365 509 384 478 471 535 451 565 ship 0.4383
1494 612 1511 584 1581 627 1564 654 ship 0.4352
1756 836 1772 812 1837 853 1821 877 ship 0.4350
1287 1791 1289 1758 1383 1763 1381 1796 ship 0.4342
1414 752 1430 724 1504 768 1488 796 ship 0.4338
1916 1694 1919 1657 2025 1665 2023 1702 ship 0.4334
1911 1920 1912 1885 2006 1889 2005 1923 ship 0.4330
950 852 968 823 1050 873 1032 902 ship 0.4324
530 815 547 782 636 827 620 860 ship 0.4320
1088 1549 1092 1519 1166 1528 1162 1558 ship 0.4317
1730 1071 1752 1068 1760 1127 1737 1130 ship 0.4307
1454 885 1471 860 1538 904 1521 930 ship 0.4294
1088 1637 1088 1610 1162 1609 1162 1637 ship 0.4291
2326 1175 2340 1151 2397 1185 2383 1209 ship 0.4291
2716 1379 2726 1357 2786 1382 2776 1405 ship 0.4259
1426 1499 1430 1470 1499 1480 1495 1508 ship 0.4246
417 423 435 396 513 446 496 473 ship 0.4245
1621 1949 1624 1914 1726 1923 1723 1958 ship 0.4229
1786 792 1800 767 1864 803 1850 828 ship 0.4226
1433 1427 1433 1398 1504 1399 1503 1429 ship 0.4223
671 828 689 800 764 849 746 876 ship 0.4220
1805 765 1816 737 1885 767 1873 794 ship 0.4202
2368 1089 2377 1064 2438 1084 2430 1109 ship 0.4196
752 708 767 687 829 730 814 752 ship 0.4186
756 686 773 662 840 708 823 732 ship 0.4153
1725 871 1740 846 1808 886 1793 912 ship 0.4152
2422 1438 2445 1417 2506 1485 2484 1505 ship 0.4151
978 803 994 775 1076 823 1059 851 ship 0.4137
1293 528 1310 505 1372 549 1355 572 ship 0.4127
2530 1379 2542 1354 2601 1382 2589 1407 ship 0.4127
1218 1071 1239 1031 1365 1096 1344 1136 ship 0.4116
1677 953 1691 925 1770 963 1756 991 ship 0.4110
1400 1828 1404 1799 1474 1808 1470 1836 ship 0.4108
2143 1283 2158 1254 2227 1290 2213 1318 ship 0.4094
2040 956 2059 921 2172 981 2154 1015 ship 0.4092
412 452 430 425 505 473 487 500 ship 0.4062
2511 1735 2509 1707 2573 1702 2576 1730 ship 0.4052
2252 1915 2252 1888 2317 1889 2317 1916 ship 0.4051
1111 1351 1112 1322 1187 1324 1186 1353 ship 0.4027
813 646 832 623 888 668 869 692 ship 0.4021
1091 1477 1092 1447 1182 1449 1181 1480 ship 0.4018
342 554 359 528 432 576 414 602 ship 0.4010
1297 939 1312 913 1383 955 1368 981 ship 0.4006
1214 654 1231 631 1295 678 1278 701 ship 0.4006
2731 1361 2738 1338 2798 1356 2790 1380 ship 0.4000
1420 1579 1423 1551 1492 1559 1489 1587 ship 0.3985
1009 984 1022 957 1090 989 1078 1016 ship 0.3971
1649 1604 1651 1569 1756 1573 1754 1608 ship 0.3941
1622 618 1638 592 1706 635 1690 661 ship 0.3926
228 751 246 722 322 769 304 798 ship 0.3910
2627 1237 2640 1213 2691 1242 2677 1266 ship 0.3910
2791 1413 2803 1389 2860 1416 2848 1440 ship 0.3890
2292 1028 2305 1007 2364 1042 2351 1063 ship 0.3886
553 1012 571 986 641 1034 624 1060 ship 0.3885
1625 1858 1625 1824 1728 1822 1729 1856 ship 0.3880
1224 628 1241 606 1303 651 1287 674 ship 0.3878
1856 1278 1878 1242 1983 1304 1962 1341 ship 0.3876
1070 893 1085 868 1148 907 1132 932 ship 0.3875
2253 1894 2253 1867 2317 1865 2318 1892 ship 0.3867
1473 865 1490 840 1554 882 1537 908 ship 0.3863
2249 1963 2248 1934 2314 1932 2315 1961 ship 0.3862
2262 1809 2264 1782 2325 1785 2323 1812 ship 0.3852
2162 1833 2163 1804 2246 1807 2245 1836 ship 0.3851
1656 1560 1657 1529 1752 1531 1751 1563 ship 0.3845
1391 792 1407 765 1478 807 1462 834 ship 0.3844
1449 916 1466 892 1525 934 1508 958 ship 0.3841
2170 1759 2171 1732 2244 1735 2242 1763 ship 0.3814
1087 871 1103 846 1167 886 1151 911 ship 0.3804
1405 1757 1409 1728 1478 1739 1473 1767 ship 0.3793
1672 994 1684 969 1751 1001 1739 1025 ship 0.3791
2435 1355 2447 1328 2511 1356 2499 1383 ship 0.3788
1066 1899 1068 1869 1142 1873 1140 1904 ship 0.3787
2442 1716 2440 1683 2532 1680 2533 1713 ship 0.3777
1399 1889 1402 1861 1469 1867 1466 1895 ship 0.3774
278 672 296 643 374 692 356 721 ship 0.3773
1626 1190 1644 1166 1716 1219 1698 1243 ship 0.3757
1086 1686 1089 1658 1164 1665 1161 1694 ship 0.3730
2500 1916 2500 1892 2556 1892 2556 1916 ship 0.3730
1018 756 1035 732 1097 777 1080 801 ship 0.3715
2542 1188 2551 1163 2608 1184 2599 1208 ship 0.3712
2244 1301 2260 1278 2315 1316 2299 1339 ship 0.3701
1902 1173 1922 1135 2043 1197 2023 1235 ship 0.3700
1373 815 1388 789 1455 830 1440 855 ship 0.3688
2172 1701 2176 1674 2248 1683 2244 1711 ship 0.3684
1478 632 1494 606 1563 647 1547 674 ship 0.3673
2174 1675 2179 1648 2250 1660 2245 1688 ship 0.3629
2141 1988 2141 1957 2228 1960 2227 1990 ship 0.3625
2268 1073 2280 1052 2336 1082 2324 1104 ship 0.3625
2274 1659 2272 1629 2340 1626 2341 1655 ship 0.3610
1274 1916 1276 1883 1367 1890 1365 1924 ship 0.3581
400 1484 427 1486 422 1550 395 1548 ship 0.3545
2417 1841 2418 1816 2480 1817 2479 1843 ship 0.3516
297 630 313 604 383 646 368 672 ship 0.3513
2256 1865 2256 1839 2319 1840 2318 1866 ship 0.3506
595 962 611 936 682 980 667 1006 ship 0.3500
2114 927 2133 901 2195 948 2176 973 ship 0.3492
1413 1681 1413 1654 1481 1653 1481 1680 ship 0.3464
1421 1551 1424 1523 1494 1531 1491 1559 ship 0.3458
1450 685 1465 656 1539 695 1523 724 ship 0.3450
1112 1276 1116 1241 1196 1251 1192 1285 ship 0.3421
2171 1728 2173 1700 2246 1707 2244 1734 ship 0.3421
483 895 500 867 581 914 564 942 ship 0.3410
1626 1897 1626 1862 1730 1864 1729 1899 ship 0.3407
2021 1004 2040 970 2139 1026 2120 1060 ship 0.3404
1414 1657 1415 1630 1481 1632 1480 1659 ship 0.3396
2229 1321 2245 1297 2303 1334 2287 1358 ship 0.3381
1411 1708 1411 1681 1480 1682 1480 1709 ship 0.3376
383 1272 416 1268 426 1346 392 1350 ship 0.3376
436 985 449 959 517 994 503 1020 ship 0.3356
1110 1390 1114 1360 1188 1368 1184 1398 ship 0.3325
1988 1049 2006 1014 2115 1071 2096 1106 ship 0.3317
1572 717 1586 692 1656 732 1643 756 ship 0.3310
1682 1144 1700 1126 1739 1164 1722 1182 ship 0.3288
1319 1477 1321 1447 1399 1452 1397 1482 ship 0.3281
1290 965 1305 939 1374 978 1360 1004 ship 0.3250
1054 920 1069 896 1128 933 1112 957 ship 0.3235
1306 1628 1306 1598 1391 1599 1391 1630 ship 0.3222
912 949 925 922 993 957 979 983 ship 0.3199
2236 1129 2246 1105 2308 1129 2298 1153 ship 0.3198
391 1383 422 1379 432 1448 400 1452 ship 0.3195
2483 1459 2501 1440 2548 1483 2530 1502 ship 0.3192
377 1680 373 1656 434 1648 437 1672 ship 0.3186
2498 1433 2510 1412 2558 1441 2546 1462 ship 0.3184
2746 1411 2755 1390 2804 1411 2795 1432 ship 0.3173
392 476 408 446 491 492 474 522 ship 0.3168
1077 736 1092 719 1133 753 1118 771 ship 0.3139
2047 1942 2062 1928 2098 1966 2083 1980 ship 0.3104
2566 1304 2579 1280 2634 1311 2622 1334 ship 0.3096
1297 1737 1302 1708 1381 1722 1376 1752 ship 0.3093
1311 1504 1312 1473 1399 1477 1398 1507 ship 0.3077
2504 1792 2503 1765 2570 1761 2571 1788 ship 0.3077
2184 1215 2199 1189 2262 1225 2247 1251 ship 0.3066
512 853 529 826 604 872 587 899 ship 0.3064
2426 1881 2425 1857 2478 1853 2480 1878 ship 0.3019
2156 1890 2158 1861 2237 1865 2236 1894 ship 0.3008
1249 1023 1264 990 1352 1030 1338 1062 ship 0.2953
1267 992 1282 964 1354 1004 1339 1032 ship 0.2929
2738 1494 2753 1469 2812 1507 2796 1531 ship 0.2915
2503 1860 2501 1836 2555 1833 2556 1857 ship 0.2906
1402 1928 1399 1903 1464 1895 1467 1921 ship 0.2900
1399 1862 1402 1834 1471 1842 1468 1870 ship 0.2896
1180 694 1196 674 1252 716 1237 737 ship 0.2881
2597 1266 2609 1244 2657 1270 2645 1291 ship 0.2877
2147 1942 2149 1914 2223 1920 2221 1948 ship 0.2872
1355 1062 1372 1038 1431 1079 1414 1103 ship 0.2870
1102 1330 1101 1299 1188 1296 1189 1328 ship 0.2860
2812 1390 2824 1369 2874 1396 2863 1417 ship 0.2859
931 900 946 873 1017 909 1002 937 ship 0.2827
1392 1017 1408 993 1462 1029 1446 1052 ship 0.2823
2507 1758 2506 1731 2571 1729 2572 1755 ship 0.2822
1420 1628 1422 1601 1489 1605 1487 1633 ship 0.2811
2270 1770 2269 1745 2327 1744 2327 1769 ship 0.2742
2030 1934 2052 1931 2058 1978 2037 1981 ship 0.2740
1318 1583 1321 1555 1394 1563 1391 1591 ship 0.2739
1899 1842 1899 1807 2008 1806 2008 1841 ship 0.2732
658 874 673 849 739 889 723 914 ship 0.2724
2425 1820 2425 1794 2480 1794 2480 1820 ship 0.2714
2032 897 2045 864 2118 893 2105 927 ship 0.2678
1068 1845 1067 1820 1135 1817 1136 1843 ship 0.2664
1065 1869 1065 1841 1139 1841 1139 1868 ship 0.2637
1476 492 1489 474 1543 516 1530 534 ship 0.2634
1419 1735 1420 1707 1486 1708 1485 1737 ship 0.2623
2675 1469 2687 1446 2745 1474 2733 1497 ship 0.2619
2475 1894 2477 1872 2520 1875 2518 1897 ship 0.2614
1097 1422 1097 1393 1172 1394 1172 1422 ship 0.2566
1678 1173 1691 1152 1742 1183 1729 1204 ship 0.2558
1695 1209 1713 1193 1748 1232 1730 1248 ship 0.2536
602 679 620 650 693 695 675 724 ship 0.2418
2403 2001 2402 1979 2457 1977 2457 2000 ship 0.2414
2168 1856 2169 1828 2241 1831 2239 1860 ship 0.2401
2468 1865 2468 1843 2510 1843 2510 1865 ship 0.2399
2563 1221 2568 1200 2614 1212 2609 1232 ship 0.2378
1556 1924 1568 1911 1601 1938 1590 1952 ship 0.2376
1763 644 1776 632 1807 664 1793 677 ship 0.2374
976 833 993 805 1067 850 1050 878 ship 0.2345
1470 662 1486 635 1554 673 1538 700 ship 0.2344
1332 1384 1334 1348 1427 1355 1424 1391 ship 0.2332
1640 1830 1636 1802 1708 1792 1712 1819 ship 0.2321
2503 1962 2499 1944 2543 1935 2547 1953 ship 0.2293
1327 895 1341 869 1408 906 1394 932 ship 0.2282
1739 628 1756 620 1774 659 1757 667 ship 0.2272
2271 1739 2271 1716 2324 1714 2325 1737 ship 0.2263
1009 783 1025 759 1087 802 1070 826 ship 0.2247
2416 1899 2416 1875 2473 1875 2473 1899 ship 0.2236
2273 1698 2272 1673 2325 1670 2326 1695 ship 0.2233
1736 1057 1753 1046 1775 1080 1759 1091 ship 0.2202
2759 1461 2772 1439 2820 1465 2808 1488 ship 0.2187
1070 758 1084 742 1120 773 1106 789 ship 0.2185
371 1625 385 1615 410 1648 395 1659 ship 0.2163
629 509 640 492 679 519 668 536 ship 0.2159
2755 1342 2764 1325 2804 1345 2795 1363 ship 0.2151
1089 1612 1090 1589 1144 1590 1143 1613 ship 0.2146
1356 429 1367 412 1416 445 1405 462 ship 0.2136
1337 435 1349 419 1391 450 1379 466 ship 0.2133
2467 1835 2469 1812 2511 1815 2510 1838 ship 0.2119
2429 1793 2429 1768 2482 1769 2482 1793 ship 0.2108
1497 847 1511 824 1569 860 1555 883 ship 0.2096
1304 512 1317 484 1391 520 1378 547 ship 0.2093
369 1584 384 1578 398 1612 382 1618 ship 0.2087
777 644 790 624 839 655 826 676 ship 0.2084
1138 771 1151 750 1198 780 1185 801 ship 0.2067
2554 1330 2564 1308 2614 1329 2605 1351 ship 0.2063
2413 1946 2411 1925 2462 1920 2464 1941 ship 0.2055
1632 1787 1632 1760 1713 1759 1714 1786 ship 0.2053
1348 1090 1365 1068 1419 1112 1402 1133 ship 0.2051
1444 1481 1445 1453 1506 1455 1505 1484 ship 0.2050
436 1023 450 1002 501 1036 488 1057 ship 0.2049
1143 740 1160 725 1195 764 1178 780 ship 0.2025
1565 1898 1579 1886 1607 1920 1592 1932 ship 0.1969
1795 939 1814 931 1831 974 1812 981 ship 0.1959
2830 1371 2841 1353 2884 1379 2873 1397 ship 0.1927
2469 1813 2471 1790 2515 1795 2513 1818 ship 0.1905
2711 1244 2726 1227 2774 1272 2759 1288 ship 0.1895
2120 1458 2120 1433 2177 1434 2176 1460 ship 0.1894
1714 1046 1726 1034 1752 1061 1739 1073 ship 0.1889
382 1536 399 1533 406 1569 389 1572 ship 0.1879
2486 1385 2497 1364 2539 1386 2528 1407 ship 0.1877
761 1202 781 1184 834 1243 814 1261 ship 0.1866
1966 1945 1985 1922 2033 1964 2014 1986 ship 0.1863
1317 436 1328 422 1363 448 1353 462 ship 0.1852
2687 1444 2696 1425 2743 1449 2734 1468 ship 0.1822
2471 1762 2472 1740 2515 1742 2514 1764 ship 0.1822
1107 769 1119 753 1153 778 1140 794 ship 0.1791
1697 610 1715 601 1736 643 1718 652 ship 0.1790
978 1918 977 1894 1044 1893 1044 1917 ship 0.1776
1076 1815 1076 1791 1141 1790 1142 1814 ship 0.1767
2220 1347 2238 1323 2293 1364 2275 1388 ship 0.1766
1676 1069 1690 1059 1712 1088 1697 1098 ship 0.1758
2396 1107 2405 1091 2438 1111 2429 1127 ship 0.1757
229 780 247 754 313 800 294 826 ship 0.1746
2131 1301 2144 1278 2204 1314 2190 1337 ship 0.1738
1410 1404 1410 1372 1490 1371 1491 1402 ship 0.1731
2501 1995 2498 1977 2542 1972 2544 1990 ship 0.1723
2308 1104 2320 1088 2353 1111 2341 1128 ship 0.1722
327 584 341 557 416 596 402 623 ship 0.1719
1671 1037 1682 1023 1715 1048 1704 1063 ship 0.1694
120 823 136 805 177 841 160 860 ship 0.1683
1302 401 1312 387 1348 411 1338 426 ship 0.1682
1774 907 1790 896 1819 936 1802 947 ship 0.1680
1679 1104 1698 1097 1714 1135 1695 1143 ship 0.1677
1423 1526 1423 1500 1485 1501 1484 1527 ship 0.1675
2725 1433 2737 1415 2775 1441 2763 1458 ship 0.1670
1796 694 1808 679 1844 708 1831 723 ship 0.1638
2556 1253 2566 1237 2601 1259 2591 1275 ship 0.1637
1259 585 1272 558 1342 592 1329 619 ship 0.1637
2166 1784 2165 1758 2230 1756 2231 1781 ship 0.1615
2248 853 2268 865 2228 936 2207 924 ship 0.1613
2250 1833 2254 1809 2299 1815 2296 1839 ship 0.1596
1730 901 1744 882 1794 918 1780 937 ship 0.1579
353 1614 369 1606 387 1642 371 1650 ship 0.1575
2258 2001 2256 1980 2311 1974 2313 1995 ship 0.1571
2218 1644 2214 1609 2313 1597 2317 1632 ship 0.1568
1719 1030 1728 1015 1759 1033 1750 1048 ship 0.1560
354 1584 370 1579 383 1615 367 1621 ship 0.1545
1327 1428 1329 1399 1399 1404 1397 1433 ship 0.1512
1088 1710 1091 1683 1162 1692 1159 1719 ship 0.1498
1533 783 1547 762 1603 797 1589 819 ship 0.1489
1628 1077 1639 1059 1682 1085 1672 1103 ship 0.1479
2707 1405 2716 1386 2760 1409 2751 1427 ship 0.1476
1772 814 1788 786 1857 826 1842 853 ship 0.1470
1640 1049 1650 1032 1694 1058 1684 1076 ship 0.1465
2434 1978 2431 1960 2464 1955 2467 1973 ship 0.1458
2165 1259 2179 1232 2242 1263 2228 1290 ship 0.1457
1705 923 1717 897 1782 926 1770 952 ship 0.1457
181 737 198 728 223 773 206 782 ship 0.1438
1166 699 1181 685 1218 722 1203 737 ship 0.1431
844 1131 867 1124 881 1176 859 1183 ship 0.1431
1578 1872 1595 1863 1615 1900 1598 1910 ship 0.1426
1588 1139 1601 1115 1661 1148 1648 1172 ship 0.1407
324 1850 344 1852 339 1902 318 1900 ship 0.1388
1427 1452 1427 1426 1483 1428 1483 1453 ship 0.1376
942 1898 940 1872 1021 1865 1023 1891 ship 0.1374
2289 1231 2302 1204 2368 1235 2355 1262 ship 0.1373
1619 655 1631 634 1681 662 1670 683 ship 0.1358
784 1189 803 1172 848 1222 829 1239 ship 0.1354
392 1436 416 1434 419 1481 396 1483 ship 0.1337
401 1593 415 1586 427 1614 413 1621 ship 0.1329
796 683 809 661 864 695 851 717 ship 0.1329
2403 2001 2402 1979 2457 1977 2457 2000 storage-tank 0.1365
916 1577 1153 1568 1167 1916 930 1926 harbor 0.2702
678 468 858 552 580 1148 399 1064 harbor 0.2584
1455 468 1654 543 1416 1177 1217 1102 harbor 0.2556
2884 1199 2917 1221 2855 1312 2823 1290 harbor 0.2417
224 1684 228 1650 342 1665 337 1699 harbor 0.2410
1606 1331 1780 1330 1785 1980 1611 1981 harbor 0.2207
2663 1340 2799 1301 2870 1550 2734 1589 harbor 0.2187
2251 1004 2444 1061 2352 1374 2159 1318 harbor 0.2175
2404 1605 2552 1588 2598 1981 2450 1998 harbor 0.2048
2173 1510 2344 1512 2337 2023 2166 2021 harbor 0.2018
1306 1265 1493 1264 1498 1966 1311 1967 harbor 0.1757
2098 815 2244 888 2025 1327 1878 1254 harbor 0.1752
1909 1461 2075 1464 2066 2012 1899 2010 harbor 0.1708
327 1829 348 1832 339 1903 318 1901 harbor 0.1576
2274 808 2299 823 2234 931 2209 916 harbor 0.1456
342 1279 419 1268 471 1649 394 1660 harbor 0.1398
1744 687 1906 730 1805 1104 1643 1061 harbor 0.1337
938 745 1132 709 1182 982 989 1018 harbor 0.1327
197 1602 332 1583 376 1885 241 1905 harbor 0.1294
401 1477 427 1478 423 1545 397 1543 harbor 0.1250
377 1680 373 1656 434 1648 437 1672 harbor 0.1249
2375 1260 2519 1157 2722 1440 2579 1543 harbor 0.1230
395 433 520 541 234 871 109 763 harbor 0.1225
393 1384 422 1382 427 1457 399 1459 harbor 0.1216
