670 717 676 697 728 713 722 733 ship 0.5178
578 1069 596 1072 587 1116 569 1112 ship 0.5066
1888 1988 1889 1967 1944 1967 1944 1989 ship 0.5055
1159 455 1168 434 1220 459 1211 479 ship 0.5031
1567 2078 1567 2057 1611 2056 1612 2077 ship 0.4982
1050 2188 1047 2170 1087 2164 1090 2182 ship 0.4948
1570 2157 1567 2137 1610 2131 1612 2150 ship 0.4912
1749 2072 1747 2051 1790 2046 1793 2066 ship 0.4900
661 773 663 756 705 762 703 778 ship 0.4892
1884 2157 1887 2135 1942 2142 1939 2164 ship 0.4891
1341 2111 1338 2096 1372 2088 1375 2104 ship 0.4881
1891 2049 1891 2026 1955 2027 1955 2051 ship 0.4817
833 2206 831 2183 889 2178 891 2201 ship 0.4815
846 1726 844 1706 896 1701 898 1722 ship 0.4797
681 673 686 652 740 663 736 684 ship 0.4756
841 1696 842 1673 898 1676 897 1698 ship 0.4747
672 700 678 681 729 696 724 715 ship 0.4741
1570 2055 1571 2034 1614 2035 1613 2055 ship 0.4740
578 1221 595 1224 589 1264 573 1262 ship 0.4735
1513 2117 1510 2099 1548 2094 1551 2112 ship 0.4735
907 590 912 568 964 581 959 602 ship 0.4727
661 944 677 945 675 985 660 984 ship 0.4705
1888 1963 1889 1941 1945 1945 1944 1967 ship 0.4705
362 1693 367 1672 421 1684 416 1705 ship 0.4701
689 657 691 637 744 642 742 663 ship 0.4694
846 819 849 804 884 811 882 825 ship 0.4665
595 1071 613 1074 605 1117 588 1114 ship 0.4665
776 1788 777 1767 829 1771 828 1792 ship 0.4663
1342 2132 1340 2118 1371 2113 1373 2127 ship 0.4650
685 912 700 912 699 950 685 950 ship 0.4645
1748 2162 1747 2142 1789 2139 1791 2159 ship 0.4645
1578 1982 1576 1965 1614 1960 1616 1977 ship 0.4640
1401 2071 1399 2056 1432 2052 1434 2066 ship 0.4638
656 1186 674 1187 670 1228 653 1226 ship 0.4611
1508 2051 1505 2031 1548 2025 1551 2045 ship 0.4608
333 1801 336 1779 394 1789 391 1810 ship 0.4602
618 1076 635 1077 633 1118 616 1117 ship 0.4597
1561 2221 1559 2202 1605 2199 1607 2217 ship 0.4596
631 941 646 942 643 978 628 976 ship 0.4586
376 1650 380 1628 434 1638 429 1660 ship 0.4584
1577 2005 1575 1987 1612 1983 1614 2000 ship 0.4573
647 944 662 945 659 982 643 981 ship 0.4571
1684 2109 1683 2089 1728 2089 1728 2109 ship 0.4552
197 1743 203 1723 255 1738 249 1759 ship 0.4551
581 1827 592 1807 641 1832 631 1852 ship 0.4542
657 740 662 724 704 737 699 752 ship 0.4538
991 843 995 828 1036 840 1032 855 ship 0.4531
493 1204 510 1206 506 1246 488 1244 ship 0.4529
1517 2173 1517 2158 1548 2158 1549 2173 ship 0.4527
685 945 700 945 698 985 683 984 ship 0.4518
790 782 793 766 831 775 828 790 ship 0.4515
1695 1764 1695 1746 1736 1747 1736 1765 ship 0.4514
943 459 949 435 1004 450 998 474 ship 0.4513
427 1428 434 1406 490 1424 483 1446 ship 0.4511
753 927 768 926 768 966 753 967 ship 0.4507
1072 618 1084 598 1140 630 1129 651 ship 0.4504
897 658 900 641 940 647 938 664 ship 0.4501
796 975 813 979 805 1018 788 1015 ship 0.4497
698 636 700 616 749 620 747 640 ship 0.4490
733 456 737 435 790 444 786 465 ship 0.4487
714 956 730 959 723 998 707 995 ship 0.4482
835 2052 835 2029 890 2028 890 2051 ship 0.4479
1750 2144 1749 2124 1791 2122 1792 2141 ship 0.4465
708 581 709 561 754 565 752 584 ship 0.4458
1051 1768 1051 1746 1100 1746 1100 1767 ship 0.4456
1510 2012 1507 1994 1548 1988 1551 2006 ship 0.4447
1338 2052 1335 2036 1369 2029 1373 2045 ship 0.4446
854 1770 853 1752 898 1750 899 1768 ship 0.4443
1891 2108 1899 2083 1955 2101 1947 2125 ship 0.4443
970 2270 972 2248 1027 2254 1025 2275 ship 0.4438
857 790 862 777 892 788 887 801 ship 0.4435
1398 2166 1395 2150 1431 2142 1434 2159 ship 0.4432
727 1262 746 1265 739 1309 720 1306 ship 0.4426
1399 2085 1396 2070 1428 2064 1430 2079 ship 0.4415
305 1344 310 1324 360 1338 355 1358 ship 0.4412
254 1525 259 1502 316 1516 311 1538 ship 0.4410
373 1167 389 1166 390 1208 374 1209 ship 0.4407
1373 2111 1371 2098 1398 2094 1400 2107 ship 0.4406
506 1207 522 1208 520 1248 503 1247 ship 0.4405
853 1751 851 1733 897 1727 899 1746 ship 0.4398
1013 774 1020 755 1073 774 1066 793 ship 0.4386
277 1455 284 1435 337 1453 330 1473 ship 0.4386
812 1126 829 1127 827 1166 810 1165 ship 0.4381
196 1763 201 1743 252 1757 247 1776 ship 0.4380
486 1331 499 1323 517 1352 505 1360 ship 0.4380
768 926 783 926 780 966 765 966 ship 0.4376
1754 1923 1751 1906 1791 1900 1794 1918 ship 0.4371
564 1217 581 1220 574 1260 557 1257 ship 0.4371
1374 2089 1372 2074 1399 2069 1402 2083 ship 0.4369
834 638 837 620 881 625 879 643 ship 0.4361
776 2140 777 2118 823 2119 822 2141 ship 0.4361
1068 1592 1065 1573 1106 1567 1109 1586 ship 0.4359
1232 2019 1228 2003 1263 1995 1267 2011 ship 0.4355
754 960 770 961 767 1002 751 1001 ship 0.4353
1513 2136 1511 2119 1548 2115 1550 2133 ship 0.4349
1895 2012 1892 1991 1954 1980 1958 2002 ship 0.4343
731 420 733 398 789 404 787 426 ship 0.4343
661 1040 676 1040 677 1077 662 1078 ship 0.4343
628 1226 644 1229 637 1267 621 1264 ship 0.4339
1941 2091 1963 2076 1992 2120 1970 2134 ship 0.4338
681 519 699 514 709 551 691 556 ship 0.4337
883 444 886 423 934 430 931 451 ship 0.4336
1511 1993 1509 1975 1548 1972 1550 1990 ship 0.4336
731 958 747 960 742 999 726 997 ship 0.4335
1746 2031 1746 2009 1793 2008 1794 2029 ship 0.4334
622 1186 637 1187 635 1223 620 1222 ship 0.4331
449 1298 466 1301 460 1342 444 1340 ship 0.4331
877 1141 896 1143 891 1184 873 1182 ship 0.4330
1684 2045 1685 2024 1729 2025 1729 2045 ship 0.4328
1748 2182 1746 2162 1788 2157 1791 2177 ship 0.4322
1901 1661 1900 1642 1948 1639 1949 1659 ship 0.4320
848 543 852 522 903 532 900 552 ship 0.4319
855 951 870 948 877 987 862 989 ship 0.4318
1578 1962 1575 1945 1614 1939 1616 1956 ship 0.4317
993 2129 990 2112 1027 2106 1029 2123 ship 0.4315
607 1767 621 1748 667 1783 653 1801 ship 0.4309
712 1095 730 1098 725 1138 707 1135 ship 0.4309
1934 1932 1944 1916 1980 1940 1969 1955 ship 0.4306
1341 2090 1337 2074 1372 2066 1375 2082 ship 0.4305
773 961 788 963 783 1005 768 1003 ship 0.4304
532 1171 546 1172 543 1207 529 1205 ship 0.4304
755 1107 773 1111 764 1152 746 1149 ship 0.4303
769 1982 770 1960 823 1963 822 1984 ship 0.4302
1573 2037 1573 2018 1613 2016 1613 2035 ship 0.4300
934 504 938 482 990 491 986 513 ship 0.4300
987 2101 985 2083 1028 2077 1030 2095 ship 0.4299
1409 2003 1407 1989 1438 1986 1439 2000 ship 0.4296
818 982 834 984 829 1022 812 1019 ship 0.4287
1752 2011 1750 1992 1793 1988 1794 2007 ship 0.4286
843 591 845 571 892 577 890 597 ship 0.4284
1052 1703 1050 1682 1099 1678 1101 1699 ship 0.4281
289 1411 297 1394 340 1414 333 1431 ship 0.4281
1232 2139 1229 2125 1261 2118 1264 2132 ship 0.4281
1003 1011 1010 995 1052 1012 1046 1028 ship 0.4279
1893 1940 1894 1919 1949 1922 1948 1943 ship 0.4279
1169 2170 1169 2154 1201 2154 1201 2169 ship 0.4278
873 1293 890 1292 894 1335 876 1336 ship 0.4273
601 2027 597 2009 640 1999 644 2016 ship 0.4273
1059 2144 1057 2128 1091 2123 1093 2139 ship 0.4266
1176 619 1188 597 1246 628 1234 650 ship 0.4264
686 1251 704 1254 696 1295 678 1292 ship 0.4264
834 1287 853 1291 843 1334 824 1330 ship 0.4259
735 1101 752 1105 744 1145 726 1142 ship 0.4257
654 1217 670 1222 659 1259 644 1255 ship 0.4254
839 1876 839 1854 895 1852 896 1875 ship 0.4253
1564 2204 1561 2187 1603 2181 1606 2199 ship 0.4248
503 1337 515 1327 537 1354 525 1364 ship 0.4245
1746 1945 1744 1924 1792 1919 1795 1939 ship 0.4245
1340 1987 1339 1969 1375 1967 1377 1984 ship 0.4241
1405 2053 1403 2039 1433 2036 1435 2050 ship 0.4238
1751 1855 1749 1836 1794 1832 1796 1851 ship 0.4235
1974 1694 1973 1673 2024 1671 2024 1692 ship 0.4235
1556 2142 1555 2125 1588 2122 1589 2139 ship 0.4226
797 750 799 735 833 740 831 755 ship 0.4223
1052 2213 1049 2198 1083 2191 1086 2206 ship 0.4217
1750 2120 1749 2101 1789 2099 1790 2118 ship 0.4215
469 1307 485 1308 483 1349 467 1348 ship 0.4214
473 1198 490 1202 482 1240 466 1237 ship 0.4209
1696 1680 1696 1661 1742 1662 1741 1681 ship 0.4209
1577 1924 1576 1907 1614 1903 1616 1920 ship 0.4208
1171 2044 1173 2029 1205 2033 1203 2048 ship 0.4204
666 917 680 918 677 953 664 952 ship 0.4201
1901 1641 1901 1621 1948 1620 1948 1640 ship 0.4200
1072 846 1083 825 1140 855 1129 876 ship 0.4200
293 1392 300 1373 351 1393 344 1412 ship 0.4197
1686 2157 1685 2138 1725 2137 1726 2156 ship 0.4191
424 1131 440 1131 439 1168 422 1167 ship 0.4185
744 822 760 823 759 864 743 863 ship 0.4183
464 1567 471 1543 540 1561 534 1586 ship 0.4182
760 1892 762 1870 817 1875 815 1897 ship 0.4182
770 1921 768 1899 821 1895 823 1917 ship 0.4180
1052 1792 1050 1771 1098 1768 1099 1788 ship 0.4179
297 1374 303 1355 353 1369 348 1387 ship 0.4178
704 613 705 594 750 598 749 617 ship 0.4177
708 1255 727 1258 719 1303 699 1299 ship 0.4172
902 608 907 586 959 599 953 620 ship 0.4171
1577 1940 1574 1923 1613 1917 1615 1934 ship 0.4166
1695 1659 1697 1640 1744 1644 1742 1663 ship 0.4166
768 1834 769 1813 821 1814 821 1835 ship 0.4165
216 1681 222 1660 276 1674 270 1695 ship 0.4164
990 2220 990 2203 1024 2205 1023 2221 ship 0.4164
1051 1855 1049 1834 1098 1830 1100 1851 ship 0.4163
901 1245 916 1244 920 1282 904 1284 ship 0.4161
1136 694 1148 671 1207 701 1196 724 ship 0.4158
1393 2210 1390 2192 1430 2185 1433 2203 ship 0.4158
726 511 730 494 771 505 767 521 ship 0.4157
636 1038 651 1038 653 1073 638 1074 ship 0.4154
1339 2071 1336 2054 1371 2047 1374 2063 ship 0.4154
1696 1740 1697 1723 1738 1724 1737 1741 ship 0.4150
1897 1883 1896 1865 1943 1862 1944 1880 ship 0.4147
1131 521 1140 500 1194 523 1185 544 ship 0.4146
1223 518 1235 495 1294 525 1283 547 ship 0.4145
997 2177 996 2161 1028 2160 1028 2176 ship 0.4139
380 1283 396 1282 398 1325 381 1326 ship 0.4136
1191 1680 1190 1664 1220 1662 1221 1678 ship 0.4136
212 1701 217 1680 272 1694 267 1715 ship 0.4135
892 999 910 1003 903 1042 885 1038 ship 0.4134
878 856 894 854 899 893 883 895 ship 0.4132
1898 1917 1895 1897 1943 1889 1947 1909 ship 0.4131
1557 2178 1554 2163 1585 2158 1588 2173 ship 0.4131
1408 2024 1406 2010 1435 2006 1437 2019 ship 0.4131
1003 1662 1001 1644 1041 1639 1044 1657 ship 0.4130
1755 1900 1753 1884 1789 1879 1791 1895 ship 0.4130
836 2093 834 2073 881 2070 882 2090 ship 0.4130
903 638 906 619 947 626 944 645 ship 0.4129
491 1148 506 1149 502 1185 487 1183 ship 0.4122
1513 1965 1512 1948 1547 1945 1548 1962 ship 0.4122
792 768 795 754 829 761 825 776 ship 0.4121
197 1784 200 1766 248 1775 244 1793 ship 0.4119
1029 743 1037 724 1088 745 1080 764 ship 0.4118
1066 1618 1063 1601 1101 1594 1104 1611 ship 0.4117
1690 1912 1691 1896 1726 1898 1725 1914 ship 0.4117
1378 2142 1377 2128 1404 2126 1405 2139 ship 0.4117
1002 1642 1001 1623 1044 1620 1045 1639 ship 0.4116
610 937 625 937 626 970 611 970 ship 0.4114
422 1774 425 1755 470 1764 466 1783 ship 0.4114
1002 1615 1002 1594 1048 1594 1048 1614 ship 0.4113
1056 1960 1053 1941 1097 1935 1099 1954 ship 0.4110
859 852 874 846 888 882 872 888 ship 0.4108
1047 916 1055 895 1109 914 1102 935 ship 0.4106
1683 2198 1683 2179 1723 2178 1724 2197 ship 0.4104
1513 2090 1511 2071 1550 2067 1552 2086 ship 0.4103
2088 1693 2107 1699 2093 1747 2074 1741 ship 0.4099
514 1399 520 1377 574 1389 569 1411 ship 0.4097
471 1147 486 1148 484 1182 469 1181 ship 0.4097
845 571 847 550 898 556 895 577 ship 0.4096
1060 1871 1057 1854 1095 1847 1098 1865 ship 0.4095
926 1247 942 1247 941 1287 925 1286 ship 0.4093
846 1815 844 1795 895 1792 896 1812 ship 0.4083
805 727 807 712 842 718 840 733 ship 0.4082
357 1739 361 1719 409 1728 405 1749 ship 0.4079
638 805 653 805 653 840 638 840 ship 0.4076
1232 2115 1230 2101 1262 2095 1264 2109 ship 0.4076
1200 567 1212 544 1274 574 1263 597 ship 0.4076
669 1246 687 1252 674 1292 656 1287 ship 0.4074
862 1087 877 1087 875 1125 861 1124 ship 0.4073
1232 2152 1229 2138 1260 2132 1263 2146 ship 0.4072
422 1461 426 1439 482 1450 478 1472 ship 0.4071
877 739 877 725 912 724 913 738 ship 0.4065
1545 2008 1544 1993 1574 1991 1575 2007 ship 0.4063
266 1503 270 1480 327 1491 322 1513 ship 0.4063
1334 2206 1333 2189 1373 2187 1373 2204 ship 0.4063
769 2053 769 2031 816 2029 817 2051 ship 0.4061
883 724 883 709 919 708 920 723 ship 0.4053
1696 1790 1695 1773 1734 1772 1735 1789 ship 0.4053
1187 405 1198 387 1247 418 1235 436 ship 0.4051
835 2135 836 2112 883 2114 882 2136 ship 0.4049
205 1722 212 1700 269 1717 262 1738 ship 0.4045
1400 2151 1398 2136 1430 2130 1433 2145 ship 0.4045
686 1045 701 1046 698 1083 683 1082 ship 0.4045
1512 1895 1512 1878 1546 1877 1547 1893 ship 0.4044
1010 1595 1008 1576 1046 1572 1048 1592 ship 0.4041
1182 1732 1181 1715 1219 1714 1220 1730 ship 0.4040
364 1186 379 1189 371 1234 356 1232 ship 0.4037
267 1401 279 1391 300 1419 288 1428 ship 0.4036
568 1048 582 1051 574 1087 560 1084 ship 0.4031
1970 1616 1968 1592 2027 1589 2029 1613 ship 0.4029
1755 1655 1755 1636 1801 1634 1802 1653 ship 0.4028
1555 2115 1553 2098 1587 2094 1589 2111 ship 0.4027
790 792 795 780 823 791 818 804 ship 0.4022
1233 2094 1231 2080 1263 2075 1265 2090 ship 0.4020
1399 2112 1397 2099 1427 2094 1429 2108 ship 0.4018
1396 2184 1393 2167 1430 2160 1433 2176 ship 0.4016
834 2071 833 2049 888 2047 889 2069 ship 0.4014
597 1226 613 1228 609 1266 593 1264 ship 0.4014
763 826 778 825 781 860 766 861 ship 0.4014
1515 2157 1514 2140 1548 2139 1548 2155 ship 0.4012
693 1100 709 1102 705 1140 688 1137 ship 0.4012
1694 1835 1694 1816 1737 1815 1737 1834 ship 0.4011
662 806 677 805 680 839 666 841 ship 0.4011
1686 1991 1686 1973 1725 1971 1726 1989 ship 0.4007
431 1292 448 1294 443 1335 426 1333 ship 0.4006
1760 1614 1758 1594 1802 1589 1804 1609 ship 0.4006
1403 1738 1402 1721 1442 1718 1444 1735 ship 0.4005
598 1175 615 1177 611 1216 594 1215 ship 0.4004
1897 1707 1897 1687 1945 1686 1945 1706 ship 0.4004
575 785 592 786 589 825 572 824 ship 0.3999
864 991 880 992 879 1029 863 1029 ship 0.3999
1234 1961 1231 1945 1266 1941 1268 1957 ship 0.3998
527 1207 542 1209 538 1246 523 1245 ship 0.3997
605 2049 600 2032 640 2021 645 2038 ship 0.3996
833 1125 848 1126 846 1163 830 1162 ship 0.3995
719 546 724 529 765 541 760 558 ship 0.3995
1233 1723 1230 1706 1269 1699 1272 1717 ship 0.3995
762 1440 769 1413 836 1430 829 1457 ship 0.3994
1375 2072 1373 2058 1400 2055 1402 2069 ship 0.3994
1691 1896 1691 1880 1727 1881 1726 1898 ship 0.3994
726 1205 742 1204 743 1243 727 1243 ship 0.3990
836 951 851 950 854 987 839 988 ship 0.3990
1188 1566 1189 1544 1241 1546 1241 1568 ship 0.3990
771 1947 769 1926 821 1920 823 1942 ship 0.3987
1061 2072 1059 2057 1092 2054 1093 2069 ship 0.3982
1753 1747 1751 1728 1792 1725 1793 1744 ship 0.3981
860 778 864 765 897 778 892 790 ship 0.3979
853 1291 871 1293 866 1337 848 1335 ship 0.3977
1170 2097 1171 2081 1204 2083 1203 2099 ship 0.3976
1339 2036 1336 2020 1369 2014 1372 2030 ship 0.3972
449 1191 466 1194 458 1232 442 1229 ship 0.3972
890 680 890 664 930 665 929 681 ship 0.3969
1170 2071 1172 2056 1205 2059 1203 2074 ship 0.3969
513 1153 528 1156 521 1193 506 1190 ship 0.3969
1340 2002 1338 1985 1373 1982 1375 1999 ship 0.3966
1751 1563 1751 1540 1801 1540 1801 1564 ship 0.3963
1521 2195 1521 2181 1550 2182 1549 2195 ship 0.3961
875 473 879 453 926 464 922 484 ship 0.3961
619 1040 634 1041 632 1075 617 1074 ship 0.3960
840 614 842 595 885 599 883 618 ship 0.3958
997 2158 995 2142 1026 2138 1029 2153 ship 0.3957
1009 796 1014 778 1062 791 1058 808 ship 0.3957
1028 2138 1027 2124 1054 2121 1055 2136 ship 0.3957
1966 1894 1964 1873 2012 1869 2014 1890 ship 0.3954
418 1480 422 1459 476 1468 472 1490 ship 0.3952
803 1278 821 1283 808 1325 790 1319 ship 0.3952
1003 1677 1001 1660 1040 1656 1042 1673 ship 0.3951
1341 1792 1342 1776 1377 1778 1376 1795 ship 0.3948
596 1042 611 1045 604 1079 590 1076 ship 0.3947
995 2193 995 2178 1026 2177 1026 2193 ship 0.3947
1052 2254 1049 2239 1084 2233 1086 2247 ship 0.3944
839 987 855 988 854 1025 837 1024 ship 0.3940
409 1179 423 1180 421 1213 406 1212 ship 0.3938
882 1251 898 1251 901 1287 885 1288 ship 0.3938
261 1475 270 1456 319 1478 311 1497 ship 0.3936
1052 1814 1050 1794 1095 1788 1098 1808 ship 0.3936
995 1915 993 1897 1036 1894 1037 1912 ship 0.3935
994 1810 994 1791 1035 1792 1034 1811 ship 0.3935
838 1088 852 1088 852 1123 838 1123 ship 0.3933
1891 2136 1897 2112 1951 2127 1945 2150 ship 0.3923
769 1114 787 1117 780 1157 762 1154 ship 0.3920
1894 1834 1894 1815 1939 1814 1940 1832 ship 0.3920
1346 1714 1346 1698 1380 1698 1380 1714 ship 0.3917
1235 1748 1234 1731 1267 1729 1268 1745 ship 0.3916
776 1074 791 1073 793 1106 779 1107 ship 0.3915
1923 2033 1924 2011 1977 2013 1976 2035 ship 0.3912
686 810 701 808 707 844 691 846 ship 0.3911
1574 1652 1572 1631 1619 1627 1620 1648 ship 0.3908
967 874 982 874 982 910 967 910 ship 0.3902
1513 1914 1512 1898 1545 1896 1546 1912 ship 0.3902
763 2024 765 2003 817 2008 815 2029 ship 0.3900
1059 2011 1057 1996 1091 1992 1093 2007 ship 0.3895
1581 1855 1579 1840 1613 1835 1615 1851 ship 0.3893
625 1732 637 1713 685 1744 673 1763 ship 0.3893
1059 2091 1058 2076 1091 2075 1091 2091 ship 0.3888
726 485 730 469 769 476 766 493 ship 0.3887
1514 1938 1513 1922 1545 1919 1547 1935 ship 0.3886
1893 1805 1894 1786 1942 1788 1941 1807 ship 0.3884
404 1148 418 1146 423 1177 409 1179 ship 0.3884
1750 1731 1749 1712 1789 1708 1791 1727 ship 0.3884
563 1020 578 1022 572 1061 557 1059 ship 0.3882
1060 2030 1058 2014 1092 2009 1095 2025 ship 0.3882
994 1831 993 1813 1033 1812 1033 1830 ship 0.3882
867 760 869 747 904 752 901 766 ship 0.3881
1758 1874 1755 1858 1790 1852 1792 1868 ship 0.3881
1343 2156 1342 2142 1371 2140 1372 2154 ship 0.3878
707 1206 723 1207 722 1242 706 1242 ship 0.3878
653 605 663 590 692 611 682 626 ship 0.3877
1179 1776 1180 1761 1213 1762 1213 1777 ship 0.3873
446 1150 460 1151 457 1180 443 1179 ship 0.3871
1757 1795 1754 1778 1790 1772 1793 1790 ship 0.3869
1209 541 1220 519 1278 547 1268 569 ship 0.3865
1172 2197 1172 2183 1200 2183 1200 2197 ship 0.3862
1237 1682 1238 1667 1267 1669 1266 1684 ship 0.3859
587 1192 601 1194 596 1229 582 1227 ship 0.3853
776 1238 792 1239 789 1274 773 1273 ship 0.3852
1756 1819 1753 1801 1790 1796 1793 1813 ship 0.3849
361 1286 376 1281 388 1319 373 1324 ship 0.3842
503 1442 510 1417 569 1435 562 1459 ship 0.3841
878 957 894 956 896 992 880 993 ship 0.3839
795 1093 809 1093 809 1125 795 1125 ship 0.3839
992 2023 992 2007 1025 2006 1025 2022 ship 0.3837
1407 1985 1406 1971 1436 1969 1437 1983 ship 0.3835
1226 1792 1224 1772 1267 1767 1269 1787 ship 0.3835
1170 2112 1170 2096 1202 2097 1202 2112 ship 0.3834
1896 1863 1895 1845 1940 1842 1941 1860 ship 0.3832
1062 1640 1059 1624 1097 1617 1100 1634 ship 0.3831
844 1989 842 1967 894 1963 895 1985 ship 0.3831
1054 1725 1051 1705 1098 1698 1101 1718 ship 0.3824
1900 1686 1899 1667 1946 1664 1947 1683 ship 0.3822
1749 2198 1746 2179 1787 2174 1790 2193 ship 0.3821
1060 2122 1059 2106 1092 2104 1093 2120 ship 0.3819
1233 2173 1231 2160 1260 2157 1262 2170 ship 0.3819
1000 1743 1000 1726 1036 1726 1036 1743 ship 0.3816
1001 1721 1001 1704 1037 1703 1037 1720 ship 0.3813
1055 2164 1053 2147 1088 2143 1090 2159 ship 0.3812
798 1122 816 1124 811 1163 794 1161 ship 0.3812
1578 1789 1576 1771 1615 1767 1617 1784 ship 0.3812
660 2156 658 2139 696 2134 699 2150 ship 0.3811
406 1850 412 1837 441 1851 435 1864 ship 0.3807
893 1289 909 1288 911 1327 895 1328 ship 0.3805
521 1051 536 1053 532 1086 517 1084 ship 0.3803
1698 1600 1697 1578 1742 1577 1743 1600 ship 0.3802
993 1966 992 1949 1028 1946 1030 1963 ship 0.3801
1269 429 1281 404 1338 433 1326 457 ship 0.3800
780 1275 797 1278 791 1318 773 1315 ship 0.3794
562 1170 576 1172 571 1207 557 1205 ship 0.3789
1339 1847 1339 1830 1375 1831 1374 1848 ship 0.3787
639 2114 639 2099 672 2099 672 2114 ship 0.3786
1238 1703 1237 1688 1268 1686 1269 1701 ship 0.3785
628 2095 629 2079 665 2080 664 2097 ship 0.3783
886 1089 901 1091 897 1129 881 1127 ship 0.3777
994 1853 993 1835 1030 1833 1031 1850 ship 0.3775
1008 1572 1008 1551 1050 1551 1050 1571 ship 0.3775
852 1788 851 1770 896 1767 897 1785 ship 0.3771
1579 1906 1578 1890 1614 1889 1615 1906 ship 0.3770
548 1050 562 1052 556 1086 542 1084 ship 0.3770
833 788 839 777 860 789 854 800 ship 0.3769
1514 1880 1514 1864 1547 1863 1548 1879 ship 0.3768
665 1073 679 1075 676 1108 662 1107 ship 0.3763
1002 1697 1001 1680 1038 1679 1039 1695 ship 0.3763
360 1717 363 1696 416 1702 413 1723 ship 0.3762
1685 2010 1684 1991 1726 1988 1727 2007 ship 0.3761
992 880 1006 877 1013 910 999 913 ship 0.3760
1549 1986 1548 1971 1578 1971 1578 1986 ship 0.3757
697 1582 711 1560 763 1594 749 1616 ship 0.3756
707 817 722 815 727 853 711 855 ship 0.3755
1703 1702 1700 1685 1738 1679 1741 1697 ship 0.3749
797 932 812 934 806 973 791 971 ship 0.3749
668 1433 675 1409 732 1428 725 1451 ship 0.3749
1753 1964 1751 1946 1790 1940 1793 1958 ship 0.3747
1544 2037 1542 2020 1574 2018 1575 2034 ship 0.3746
1512 1815 1513 1797 1551 1799 1550 1817 ship 0.3744
452 1369 456 1352 494 1361 490 1378 ship 0.3743
1061 1663 1060 1647 1093 1644 1095 1660 ship 0.3742
749 1269 767 1272 760 1313 742 1310 ship 0.3739
1233 2197 1232 2185 1259 2184 1259 2197 ship 0.3738
1372 2053 1371 2039 1396 2038 1397 2051 ship 0.3737
375 1679 378 1659 424 1665 421 1686 ship 0.3733
888 710 887 695 921 694 921 709 ship 0.3733
442 1697 445 1676 496 1683 493 1705 ship 0.3732
225 1655 231 1633 289 1649 283 1672 ship 0.3732
1059 1898 1057 1881 1092 1877 1094 1894 ship 0.3730
1755 1768 1753 1749 1791 1745 1793 1763 ship 0.3730
1341 1656 1343 1638 1385 1641 1384 1659 ship 0.3725
1139 503 1146 482 1201 502 1193 522 ship 0.3724
768 2006 768 1984 820 1984 820 2006 ship 0.3724
1071 649 1079 628 1134 649 1126 670 ship 0.3722
1685 2178 1684 2159 1723 2157 1725 2176 ship 0.3720
1235 2076 1233 2062 1262 2058 1264 2071 ship 0.3712
434 1190 448 1192 445 1223 431 1221 ship 0.3711
791 831 804 826 814 853 801 857 ship 0.3705
1345 1742 1346 1728 1378 1729 1377 1744 ship 0.3701
1227 1851 1225 1833 1265 1828 1268 1846 ship 0.3700
748 1212 764 1213 761 1251 744 1250 ship 0.3699
1519 1745 1521 1729 1553 1734 1551 1750 ship 0.3696
795 1236 810 1236 809 1272 793 1272 ship 0.3696
1232 1987 1230 1972 1263 1966 1266 1981 ship 0.3692
1060 1923 1059 1906 1094 1904 1095 1921 ship 0.3691
1342 1776 1344 1761 1376 1765 1375 1780 ship 0.3691
400 1551 404 1531 455 1540 452 1559 ship 0.3691
814 1092 828 1091 828 1123 814 1123 ship 0.3689
1063 2049 1060 2034 1093 2029 1095 2044 ship 0.3688
670 792 679 781 706 803 697 814 ship 0.3687
828 2270 827 2245 897 2245 897 2270 ship 0.3681
922 982 936 983 934 1018 920 1017 ship 0.3681
679 612 685 596 717 607 712 622 ship 0.3681
1344 1698 1344 1681 1381 1680 1381 1696 ship 0.3680
1156 2273 1155 2255 1199 2253 1200 2270 ship 0.3679
1191 1704 1190 1689 1220 1686 1222 1701 ship 0.3677
545 1364 552 1344 599 1362 591 1382 ship 0.3673
852 804 857 791 888 802 883 815 ship 0.3672
689 1074 703 1075 700 1106 686 1105 ship 0.3670
1574 1877 1572 1859 1613 1855 1615 1873 ship 0.3670
1578 1809 1576 1792 1614 1788 1615 1805 ship 0.3668
1715 2093 1715 2075 1748 2075 1748 2093 ship 0.3666
987 2249 988 2232 1026 2234 1025 2251 ship 0.3664
1113 758 1124 735 1183 766 1171 788 ship 0.3664
1058 688 1065 669 1114 688 1107 707 ship 0.3663
1183 427 1191 409 1237 430 1228 448 ship 0.3659
621 1379 628 1359 674 1376 667 1395 ship 0.3658
636 1078 653 1081 647 1119 629 1116 ship 0.3657
1337 2186 1336 2171 1371 2170 1371 2185 ship 0.3657
343 1766 347 1746 401 1756 396 1777 ship 0.3657
1402 1771 1400 1754 1439 1750 1441 1767 ship 0.3656
1095 801 1105 779 1161 805 1151 827 ship 0.3656
992 2053 991 2038 1023 2035 1025 2051 ship 0.3656
491 1047 506 1049 501 1084 486 1082 ship 0.3655
1234 2043 1231 2030 1261 2022 1264 2036 ship 0.3653
1581 1832 1579 1816 1614 1812 1616 1828 ship 0.3653
1210 2197 1211 2186 1233 2188 1231 2200 ship 0.3653
1178 1802 1179 1788 1209 1790 1208 1804 ship 0.3650
999 1772 999 1755 1035 1756 1035 1772 ship 0.3650
615 2068 613 2051 651 2048 652 2064 ship 0.3647
999 1042 1005 1027 1045 1044 1039 1059 ship 0.3645
1190 1664 1189 1649 1218 1647 1218 1662 ship 0.3645
1409 1961 1407 1947 1435 1944 1437 1958 ship 0.3643
1225 2244 1228 2231 1256 2238 1253 2250 ship 0.3637
1339 1930 1339 1912 1374 1912 1374 1929 ship 0.3634
945 867 960 869 956 907 940 905 ship 0.3634
1748 1707 1746 1689 1785 1686 1787 1704 ship 0.3632
629 899 643 900 640 935 626 934 ship 0.3631
520 1379 525 1360 568 1372 563 1391 ship 0.3631
1235 1663 1237 1648 1265 1653 1263 1667 ship 0.3630
995 1936 993 1919 1033 1914 1034 1932 ship 0.3629
1690 1939 1691 1923 1724 1925 1723 1941 ship 0.3626
1688 1970 1688 1953 1724 1954 1723 1970 ship 0.3625
707 916 721 918 718 953 703 952 ship 0.3620
580 1021 595 1024 588 1062 572 1059 ship 0.3618
1753 1990 1751 1972 1792 1968 1793 1986 ship 0.3615
940 982 954 981 956 1015 942 1016 ship 0.3613
1224 2256 1229 2243 1260 2256 1254 2269 ship 0.3612
975 1292 993 1295 986 1334 968 1331 ship 0.3607
1967 1749 1967 1729 2017 1731 2016 1751 ship 0.3604
1101 780 1111 758 1166 783 1156 805 ship 0.3602
1520 2221 1521 2208 1550 2210 1549 2224 ship 0.3599
768 1853 769 1832 820 1834 819 1855 ship 0.3598
1554 1961 1553 1947 1582 1945 1582 1960 ship 0.3598
994 1881 993 1865 1029 1861 1031 1878 ship 0.3597
646 2131 646 2116 678 2117 678 2132 ship 0.3596
1153 668 1166 645 1226 679 1213 702 ship 0.3595
1181 1761 1180 1746 1216 1743 1217 1759 ship 0.3595
821 1235 837 1236 835 1273 819 1272 ship 0.3594
1062 1985 1060 1969 1093 1965 1095 1980 ship 0.3592
865 1121 880 1123 875 1158 861 1156 ship 0.3592
1052 1836 1049 1817 1095 1810 1098 1830 ship 0.3592
1210 2225 1211 2214 1233 2217 1231 2228 ship 0.3590
1054 2271 1050 2255 1087 2246 1091 2262 ship 0.3590
1900 1614 1902 1594 1949 1598 1947 1619 ship 0.3583
1166 2253 1166 2239 1197 2239 1197 2253 ship 0.3583
1206 2170 1207 2157 1231 2159 1230 2172 ship 0.3582
976 1109 992 1108 996 1152 980 1153 ship 0.3582
1718 2158 1719 2141 1751 2142 1750 2160 ship 0.3581
1172 2231 1172 2217 1199 2217 1199 2230 ship 0.3576
1402 1851 1400 1835 1437 1831 1439 1847 ship 0.3575
665 1455 671 1433 729 1448 723 1470 ship 0.3572
600 895 614 895 614 928 600 928 ship 0.3572
437 1715 442 1695 489 1706 484 1725 ship 0.3571
1706 1724 1704 1706 1740 1702 1742 1720 ship 0.3569
1206 2246 1209 2234 1233 2240 1230 2252 ship 0.3569
1170 2157 1170 2142 1201 2141 1201 2156 ship 0.3568
1372 2000 1372 1986 1397 1987 1396 2001 ship 0.3567
1229 2220 1230 2208 1256 2209 1255 2221 ship 0.3567
1748 1680 1747 1662 1786 1661 1787 1679 ship 0.3566
1410 1793 1409 1778 1441 1777 1441 1792 ship 0.3564
860 505 864 484 914 494 910 515 ship 0.3562
1188 1611 1189 1597 1220 1597 1220 1612 ship 0.3562
1186 1641 1186 1626 1220 1626 1220 1641 ship 0.3561
727 1069 741 1068 742 1099 728 1100 ship 0.3560
1205 2113 1205 2099 1231 2100 1230 2113 ship 0.3551
1373 2029 1372 2016 1395 2015 1396 2028 ship 0.3545
710 1072 724 1073 722 1103 708 1102 ship 0.3543
409 1289 426 1290 424 1328 407 1328 ship 0.3541
924 860 940 861 937 902 920 901 ship 0.3538
1720 2074 1720 2056 1753 2056 1753 2074 ship 0.3533
321 1847 327 1829 376 1845 371 1863 ship 0.3529
794 1773 794 1757 826 1758 826 1774 ship 0.3528
828 676 830 661 861 664 860 678 ship 0.3527
1688 2140 1688 2122 1730 2123 1730 2141 ship 0.3526
1204 2094 1205 2080 1231 2082 1231 2095 ship 0.3526
843 1948 842 1927 893 1923 894 1945 ship 0.3521
1896 1748 1896 1728 1942 1728 1942 1748 ship 0.3521
1968 1795 1968 1777 2009 1776 2009 1794 ship 0.3518
843 1829 842 1811 879 1808 880 1826 ship 0.3517
606 797 621 798 617 830 603 828 ship 0.3516
1234 1926 1233 1912 1265 1909 1266 1923 ship 0.3513
1034 2163 1033 2148 1059 2147 1060 2161 ship 0.3512
1171 1854 1172 1839 1203 1842 1202 1857 ship 0.3500
1572 1743 1570 1724 1615 1719 1617 1739 ship 0.3500
1344 1614 1344 1595 1384 1595 1384 1614 ship 0.3494
1370 1983 1370 1969 1395 1970 1394 1984 ship 0.3493
1098 580 1109 560 1164 590 1153 610 ship 0.3491
462 1038 478 1039 475 1080 458 1079 ship 0.3488
768 1811 769 1791 821 1795 819 1815 ship 0.3488
1896 1789 1896 1769 1941 1770 1940 1790 ship 0.3487
859 1262 874 1264 868 1298 853 1296 ship 0.3485
1054 1572 1056 1554 1092 1557 1090 1576 ship 0.3484
936 1153 953 1152 956 1192 939 1193 ship 0.3482
747 1071 760 1070 762 1100 749 1101 ship 0.3479
649 783 658 774 676 790 668 800 ship 0.3478
947 1013 961 1014 960 1048 946 1048 ship 0.3477
1235 1898 1234 1884 1264 1881 1265 1895 ship 0.3472
1899 1588 1904 1567 1954 1578 1949 1600 ship 0.3468
739 1496 746 1471 810 1491 802 1515 ship 0.3462
841 1238 857 1241 851 1277 834 1275 ship 0.3462
1579 1596 1576 1575 1620 1569 1623 1590 ship 0.3459
1412 1836 1410 1821 1441 1817 1443 1832 ship 0.3459
727 824 742 823 747 861 731 863 ship 0.3455
1517 1768 1518 1753 1550 1755 1549 1771 ship 0.3453
1116 1503 1132 1487 1167 1521 1152 1537 ship 0.3450
1411 1941 1409 1928 1436 1925 1438 1938 ship 0.3446
1523 1672 1524 1657 1555 1660 1554 1675 ship 0.3443
1553 1919 1553 1905 1580 1905 1580 1919 ship 0.3440
1019 2118 1018 2103 1046 2100 1048 2115 ship 0.3438
944 1106 959 1105 961 1142 946 1143 ship 0.3437
687 1210 702 1214 694 1246 679 1243 ship 0.3434
1720 1896 1721 1881 1748 1882 1748 1897 ship 0.3432
414 1498 418 1478 468 1489 464 1508 ship 0.3430
993 1982 992 1966 1027 1964 1028 1981 ship 0.3429
1551 2230 1552 2214 1589 2216 1588 2232 ship 0.3427
487 1498 493 1474 553 1489 547 1513 ship 0.3427
921 1147 937 1147 938 1184 922 1184 ship 0.3422
1237 1872 1234 1857 1266 1852 1268 1867 ship 0.3418
577 1753 593 1760 571 1806 555 1799 ship 0.3418
1972 1720 1971 1700 2020 1697 2021 1717 ship 0.3415
908 855 924 857 921 896 904 894 ship 0.3414
1173 1961 1174 1946 1204 1948 1203 1963 ship 0.3396
1520 1585 1521 1566 1563 1568 1562 1588 ship 0.3391
406 1529 410 1510 460 1519 457 1538 ship 0.3386
823 699 825 686 852 691 849 704 ship 0.3385
901 1107 915 1108 912 1141 898 1140 ship 0.3385
1224 1948 1223 1931 1261 1929 1262 1946 ship 0.3383
894 1144 911 1146 908 1183 891 1182 ship 0.3381
1205 2072 1206 2059 1232 2061 1231 2074 ship 0.3381
1716 2033 1716 2015 1749 2015 1749 2033 ship 0.3380
427 1755 431 1738 468 1747 464 1764 ship 0.3376
1703 1644 1702 1625 1742 1622 1743 1642 ship 0.3372
841 831 847 819 874 833 867 845 ship 0.3369
1970 1766 1970 1747 2010 1747 2010 1766 ship 0.3367
1207 2137 1207 2124 1232 2123 1232 2137 ship 0.3364
1174 2023 1176 2009 1206 2013 1204 2027 ship 0.3364
1206 2043 1206 2029 1232 2029 1232 2042 ship 0.3363
407 1831 410 1818 438 1824 435 1838 ship 0.3362
1514 2233 1518 2218 1549 2226 1546 2240 ship 0.3359
694 519 708 511 726 542 712 550 ship 0.3359
422 1795 420 1778 460 1775 461 1792 ship 0.3358
919 1105 933 1106 932 1139 918 1139 ship 0.3358
1341 1870 1341 1854 1374 1855 1373 1871 ship 0.3354
1207 2154 1207 2140 1231 2140 1231 2154 ship 0.3347
1038 727 1045 708 1092 726 1085 744 ship 0.3345
1023 1792 1023 1776 1053 1776 1053 1793 ship 0.3343
873 637 877 622 906 630 902 645 ship 0.3342
1413 1897 1411 1884 1439 1880 1441 1894 ship 0.3341
1411 1813 1409 1798 1440 1794 1442 1809 ship 0.3340
1000 861 1007 850 1034 868 1026 879 ship 0.3339
1025 1852 1024 1836 1053 1834 1054 1850 ship 0.3336
836 2156 835 2135 881 2134 882 2154 ship 0.3331
822 833 832 824 848 843 838 852 ship 0.3324
889 425 891 404 939 409 937 430 ship 0.3317
367 1824 370 1809 401 1814 398 1829 ship 0.3317
573 890 587 889 589 921 575 922 ship 0.3312
844 847 857 841 870 870 857 876 ship 0.3311
1723 1915 1723 1901 1752 1902 1751 1916 ship 0.3309
1173 1938 1174 1924 1205 1926 1204 1941 ship 0.3307
1720 1874 1720 1859 1747 1858 1748 1873 ship 0.3306
1342 1807 1342 1791 1376 1790 1377 1807 ship 0.3289
779 799 787 789 809 806 801 816 ship 0.3287
808 2093 808 2075 841 2075 841 2093 ship 0.3286
1175 1836 1176 1822 1206 1826 1204 1839 ship 0.3285
645 902 659 904 655 939 641 937 ship 0.3284
1212 1581 1213 1565 1246 1567 1245 1583 ship 0.3280
825 768 831 757 851 768 845 779 ship 0.3278
1341 1833 1341 1817 1375 1816 1375 1832 ship 0.3276
1204 2259 1210 2246 1234 2257 1229 2269 ship 0.3276
670 2180 666 2164 703 2155 707 2171 ship 0.3273
1206 1803 1206 1789 1232 1788 1233 1802 ship 0.3272
1933 1915 1935 1899 1968 1903 1966 1920 ship 0.3270
1210 1987 1210 1973 1235 1973 1235 1986 ship 0.3270
1342 1967 1340 1951 1373 1946 1376 1963 ship 0.3269
927 1281 942 1283 939 1320 923 1318 ship 0.3245
1002 808 1007 792 1052 807 1047 823 ship 0.3243
289 1437 293 1418 340 1427 336 1446 ship 0.3240
1211 1961 1211 1948 1236 1948 1236 1961 ship 0.3235
1415 1877 1413 1863 1441 1858 1443 1872 ship 0.3233
1370 1792 1371 1777 1397 1780 1396 1795 ship 0.3231
231 1621 239 1599 295 1619 287 1641 ship 0.3231
1233 1641 1236 1628 1261 1634 1257 1647 ship 0.3230
1580 1768 1577 1752 1616 1746 1618 1763 ship 0.3229
1577 1674 1574 1655 1616 1649 1619 1667 ship 0.3228
482 1362 488 1348 516 1360 510 1373 ship 0.3218
1175 1983 1176 1969 1205 1970 1204 1985 ship 0.3213
1924 1720 1925 1703 1957 1704 1957 1721 ship 0.3213
1362 1671 1363 1656 1390 1657 1390 1672 ship 0.3208
709 480 717 468 741 485 733 497 ship 0.3204
1710 1820 1709 1804 1740 1801 1741 1817 ship 0.3200
946 1258 962 1261 955 1298 939 1295 ship 0.3191
908 963 923 965 920 999 904 997 ship 0.3190
1188 585 1198 563 1253 589 1242 611 ship 0.3187
994 2004 993 1989 1027 1987 1027 2003 ship 0.3185
958 1016 972 1014 977 1045 963 1047 ship 0.3177
257 1391 271 1388 278 1417 264 1420 ship 0.3173
1411 1917 1409 1903 1437 1900 1438 1913 ship 0.3172
824 1276 839 1280 829 1317 814 1313 ship 0.3170
376 1848 383 1835 409 1849 402 1862 ship 0.3170
1894 2237 1894 2215 1943 2217 1943 2238 ship 0.3167
1916 1564 1917 1539 1977 1541 1976 1566 ship 0.3167
1516 1858 1515 1842 1548 1839 1549 1855 ship 0.3160
775 2090 774 2071 815 2068 816 2088 ship 0.3159
790 815 799 806 817 823 808 832 ship 0.3158
1546 1899 1547 1885 1573 1887 1572 1901 ship 0.3150
197 1814 199 1798 237 1801 236 1817 ship 0.3146
1025 2079 1025 2066 1051 2065 1052 2078 ship 0.3144
855 677 857 664 881 666 880 680 ship 0.3142
1211 2006 1211 1992 1238 1992 1238 2006 ship 0.3141
580 916 593 913 599 941 586 944 ship 0.3139
821 823 827 812 846 823 840 834 ship 0.3135
1028 2007 1028 1993 1055 1993 1055 2007 ship 0.3133
1891 2197 1890 2176 1941 2175 1941 2196 ship 0.3131
982 1035 994 1026 1014 1054 1001 1063 ship 0.3123
1034 2023 1034 2010 1059 2009 1059 2023 ship 0.3122
1542 1826 1543 1812 1569 1813 1568 1828 ship 0.3120
1373 1809 1373 1795 1398 1795 1398 1809 ship 0.3120
1172 2136 1171 2121 1201 2120 1201 2135 ship 0.3117
1342 1907 1342 1891 1373 1891 1373 1907 ship 0.3116
1522 1723 1525 1709 1555 1714 1553 1729 ship 0.3108
821 844 834 840 843 866 830 870 ship 0.3107
1408 1681 1409 1667 1435 1669 1434 1683 ship 0.3106
982 1016 994 1007 1014 1033 1003 1042 ship 0.3098
703 505 713 495 734 517 724 527 ship 0.3093
1206 1921 1206 1908 1231 1909 1231 1922 ship 0.3091
871 747 872 735 895 739 893 751 ship 0.3091
408 1804 411 1789 439 1793 437 1808 ship 0.3080
842 1925 841 1904 892 1901 893 1922 ship 0.3078
1063 867 1073 848 1119 872 1109 891 ship 0.3074
1376 1741 1376 1727 1401 1729 1400 1742 ship 0.3072
1024 1962 1024 1947 1050 1946 1051 1961 ship 0.3072
1725 1939 1726 1925 1754 1926 1753 1940 ship 0.3067
1372 1772 1374 1759 1399 1762 1397 1775 ship 0.3060
1524 1697 1525 1683 1555 1686 1554 1700 ship 0.3056
1372 1964 1371 1951 1394 1950 1395 1963 ship 0.3055
643 713 654 703 675 728 664 737 ship 0.3052
1407 1604 1409 1590 1436 1592 1435 1607 ship 0.3047
337 1303 348 1294 371 1321 359 1331 ship 0.3039
1521 1611 1522 1593 1557 1595 1557 1612 ship 0.3036
959 989 972 986 978 1017 965 1019 ship 0.3036
1543 1876 1544 1862 1569 1864 1568 1878 ship 0.3034
820 938 835 941 829 979 813 977 ship 0.3025
1576 1624 1573 1604 1617 1596 1621 1617 ship 0.3009
254 1432 268 1427 278 1456 265 1461 ship 0.3004
742 926 757 927 754 962 739 960 ship 0.3003
822 744 826 733 847 740 843 752 ship 0.2999
803 2124 803 2106 838 2106 838 2124 ship 0.2997
1226 1615 1228 1602 1253 1606 1251 1619 ship 0.2996
804 2071 805 2053 839 2055 838 2073 ship 0.2988
1175 1920 1176 1906 1205 1907 1205 1921 ship 0.2980
1515 1799 1516 1782 1549 1784 1549 1800 ship 0.2980
681 1624 693 1603 745 1633 733 1653 ship 0.2980
1025 1986 1025 1972 1050 1971 1051 1985 ship 0.2978
1933 1789 1936 1773 1967 1779 1964 1795 ship 0.2968
1723 1965 1723 1951 1751 1951 1751 1966 ship 0.2961
1371 1939 1372 1926 1394 1927 1393 1940 ship 0.2960
986 995 998 987 1018 1015 1006 1024 ship 0.2958
1544 1855 1544 1842 1569 1842 1569 1855 ship 0.2955
1051 711 1058 694 1101 710 1094 727 ship 0.2948
427 1725 432 1709 463 1718 458 1734 ship 0.2945
1402 1661 1406 1647 1430 1653 1427 1667 ship 0.2940
1205 1899 1205 1886 1229 1886 1229 1898 ship 0.2938
1172 1870 1173 1856 1202 1856 1202 1871 ship 0.2937
1375 1832 1375 1818 1400 1818 1399 1832 ship 0.2937
445 1398 448 1379 492 1385 488 1405 ship 0.2926
1584 1709 1582 1694 1615 1691 1617 1706 ship 0.2920
1929 1763 1932 1746 1963 1751 1961 1767 ship 0.2920
839 1895 838 1875 878 1875 879 1894 ship 0.2912
479 1533 484 1510 540 1523 534 1546 ship 0.2903
660 1666 672 1646 724 1677 712 1697 ship 0.2900
842 1965 841 1946 879 1943 880 1962 ship 0.2881
1035 2049 1034 2036 1058 2035 1059 2048 ship 0.2877
1010 886 1023 880 1035 908 1023 914 ship 0.2870
253 1848 261 1830 310 1850 302 1868 ship 0.2863
865 703 868 690 890 694 887 707 ship 0.2859
1524 1655 1525 1640 1556 1642 1554 1657 ship 0.2858
1113 560 1123 540 1176 565 1166 585 ship 0.2858
803 1758 804 1743 833 1745 832 1760 ship 0.2853
1548 1793 1548 1778 1575 1779 1575 1793 ship 0.2846
1206 1834 1206 1821 1232 1822 1231 1835 ship 0.2832
1070 670 1076 651 1125 665 1119 685 ship 0.2820
1964 1904 1967 1887 2000 1895 1997 1911 ship 0.2817
698 2232 693 2214 731 2203 736 2222 ship 0.2811
684 2208 680 2192 714 2182 719 2198 ship 0.2810
1971 1829 1968 1814 2002 1807 2005 1822 ship 0.2801
686 592 693 577 721 590 714 604 ship 0.2799
1091 600 1101 580 1155 606 1145 627 ship 0.2787
1705 1580 1705 1558 1748 1557 1749 1579 ship 0.2779
415 1680 420 1663 453 1672 449 1689 ship 0.2776
1413 1705 1412 1691 1439 1690 1440 1704 ship 0.2772
1377 1847 1378 1833 1402 1835 1401 1849 ship 0.2771
673 759 676 742 714 749 711 766 ship 0.2770
1938 1805 1941 1790 1969 1795 1966 1810 ship 0.2769
1408 1584 1412 1567 1444 1574 1440 1591 ship 0.2765
1205 1873 1205 1860 1229 1860 1229 1873 ship 0.2763
1241 494 1252 472 1309 501 1297 524 ship 0.2757
1925 2061 1930 2042 1972 2051 1968 2071 ship 0.2756
1177 2002 1178 1988 1207 1991 1205 2005 ship 0.2751
1205 1851 1206 1838 1231 1840 1230 1853 ship 0.2751
1933 1897 1933 1881 1963 1881 1963 1897 ship 0.2745
841 2008 840 1989 879 1986 880 2005 ship 0.2743
1551 1702 1551 1689 1576 1690 1576 1703 ship 0.2741
509 1416 515 1393 573 1409 566 1432 ship 0.2734
1403 1636 1405 1623 1429 1626 1427 1639 ship 0.2734
924 561 927 543 966 551 963 569 ship 0.2729
1083 2299 1096 2292 1112 2321 1100 2328 ship 0.2713
813 2181 814 2164 847 2166 846 2183 ship 0.2705
1554 1725 1555 1711 1582 1713 1581 1727 ship 0.2698
1552 1767 1553 1753 1579 1754 1579 1767 ship 0.2687
1373 1921 1374 1908 1396 1910 1395 1923 ship 0.2684
558 821 572 825 563 861 549 857 ship 0.2675
1976 1673 1974 1654 2024 1649 2026 1668 ship 0.2673
1940 1830 1940 1817 1966 1818 1965 1831 ship 0.2668
712 456 720 444 744 461 735 473 ship 0.2667
1176 1898 1175 1884 1204 1884 1204 1898 ship 0.2663
155 1809 160 1793 189 1803 184 1818 ship 0.2657
356 1243 370 1243 369 1277 356 1277 ship 0.2656
629 787 640 783 648 803 637 807 ship 0.2648
794 1877 796 1859 831 1862 830 1881 ship 0.2637
269 1374 282 1367 296 1395 283 1401 ship 0.2635
599 1797 609 1777 656 1801 646 1821 ship 0.2620
1970 1864 1968 1849 2002 1845 2004 1860 ship 0.2608
1382 1873 1383 1860 1404 1861 1404 1874 ship 0.2607
1381 1900 1382 1887 1403 1889 1402 1902 ship 0.2590
1357 1644 1356 1629 1383 1628 1384 1642 ship 0.2580
543 1018 558 1020 554 1057 538 1056 ship 0.2576
314 1315 325 1305 349 1329 338 1340 ship 0.2569
1938 1860 1938 1846 1965 1847 1964 1861 ship 0.2550
668 1646 681 1628 728 1662 715 1680 ship 0.2548
1972 1590 1971 1565 2030 1562 2031 1587 ship 0.2541
1027 897 1037 887 1060 910 1049 920 ship 0.2536
1551 1652 1551 1637 1579 1637 1579 1653 ship 0.2526
743 473 745 455 785 459 783 478 ship 0.2511
914 484 921 467 952 480 945 497 ship 0.2501
1393 2225 1390 2209 1427 2201 1430 2217 ship 0.2500
1524 1633 1525 1618 1556 1620 1555 1636 ship 0.2486
1358 1597 1360 1579 1394 1583 1392 1600 ship 0.2485
1723 2205 1724 2188 1755 2191 1753 2207 ship 0.2482
562 887 575 887 574 917 561 917 ship 0.2479
1131 713 1141 693 1190 716 1180 736 ship 0.2458
821 684 824 671 854 678 851 691 ship 0.2457
1053 880 1061 867 1088 885 1080 898 ship 0.2441
962 1151 978 1150 980 1186 964 1187 ship 0.2436
1083 2278 1091 2266 1115 2283 1107 2295 ship 0.2432
1233 421 1245 406 1275 431 1263 445 ship 0.2421
597 1745 615 1742 623 1789 605 1792 ship 0.2400
1550 1639 1551 1623 1579 1625 1578 1640 ship 0.2397
522 1013 538 1013 538 1048 523 1048 ship 0.2387
877 524 882 508 913 516 908 533 ship 0.2345
605 2076 609 2063 633 2071 629 2083 ship 0.2335
637 1718 649 1699 694 1728 683 1746 ship 0.2325
617 1736 631 1724 661 1762 647 1773 ship 0.2325
478 1393 483 1377 514 1387 509 1402 ship 0.2310
1032 2519 1034 2382 2087 2393 2086 2530 ship 0.2051
1445 2265 1463 2265 1462 2310 1444 2310 ship 0.1407
1533 1589 1534 1570 1568 1570 1568 1589 storage-tank 0.1271
1338 2206 1337 2190 1370 2189 1370 2205 storage-tank 0.1242
1544 1618 1543 1601 1573 1600 1573 1617 storage-tank 0.1221
1010 1595 1008 1576 1046 1572 1048 1592 storage-tank 0.1128
1541 1811 1542 1796 1571 1798 1569 1814 storage-tank 0.1071
1389 2208 1387 2191 1419 2189 1420 2205 storage-tank 0.1064
1542 1826 1543 1812 1569 1813 1568 1828 storage-tank 0.1047
1550 1639 1551 1623 1579 1625 1578 1640 storage-tank 0.1021
1583 1626 1580 1607 1618 1601 1621 1619 storage-tank 0.1019
1685 2178 1684 2159 1723 2157 1725 2176 storage-tank 0.1015
1340 1987 1339 1969 1375 1967 1377 1984 storage-tank 0.1011
1581 1647 1579 1628 1619 1624 1621 1643 storage-tank 0.1007
1011 1616 1009 1597 1044 1594 1046 1613 storage-tank 0.1001
1357 1612 1356 1596 1385 1595 1386 1611 storage-tank 0.1001
511 993 538 866 1049 973 1023 1100 harbor 0.3542
312 935 330 807 564 840 547 967 harbor 0.3481
146 1739 269 1575 486 1738 362 1902 harbor 0.3207
745 1676 874 1664 925 2206 796 2218 harbor 0.3086
402 1376 555 1373 561 1603 408 1607 harbor 0.2965
74 1551 80 1520 193 1542 187 1573 harbor 0.2929
406 1248 429 1124 976 1224 953 1348 harbor 0.2831
465 1114 487 998 1033 1099 1011 1215 harbor 0.2534
1445 2265 1463 2265 1462 2310 1444 2310 harbor 0.2309
835 392 970 383 997 794 862 803 harbor 0.2156
667 430 779 427 790 772 678 775 harbor 0.2109
1184 348 1356 437 1122 888 950 799 harbor 0.2091
1872 1523 2001 1514 2035 1983 1906 1993 harbor 0.1841
1658 1675 1744 1665 1812 2239 1726 2249 harbor 0.1518
673 1553 759 1598 562 1978 475 1934 harbor 0.1514
545 1449 566 1352 828 1410 806 1507 harbor 0.1451
1083 2299 1096 2292 1112 2321 1100 2328 harbor 0.1437
501 340 499 276 1189 247 1192 311 harbor 0.1395
1471 1530 1573 1520 1646 2262 1544 2272 harbor 0.1298
996 1542 1096 1539 1119 2143 1019 2147 harbor 0.1246
221 1347 329 1323 375 1525 267 1549 harbor 0.1241
459 1037 475 1037 477 1074 461 1075 harbor 0.1186
698 2232 693 2214 731 2203 736 2222 harbor 0.1182
231 1621 239 1599 295 1619 287 1641 harbor 0.1168
1894 2237 1894 2215 1943 2217 1943 2238 harbor 0.1106
1083 2278 1091 2266 1115 2283 1107 2295 harbor 0.1086
216 1681 222 1660 276 1674 270 1695 harbor 0.1071
487 1035 501 1035 501 1067 487 1068 harbor 0.1068
225 1655 231 1633 289 1649 283 1672 harbor 0.1068
684 2208 680 2192 714 2182 719 2198 harbor 0.1056
1056 2273 1058 2258 1092 2262 1091 2277 harbor 0.1055
660 1666 672 1646 724 1677 712 1697 harbor 0.1050
565 904 576 796 961 835 950 943 harbor 0.1044
669 2168 667 2153 701 2147 704 2162 harbor 0.1040
364 1186 379 1189 371 1234 356 1232 harbor 0.1037
660 2156 658 2139 696 2134 699 2150 harbor 0.1015
