832 393 855 304 1034 351 1010 440 plane 0.1121
1096 508 1116 429 1278 470 1259 548 ground-track-field 0.1870
1440 2259 1458 2259 1458 2302 1440 2302 small-vehicle 0.1413
1059 66 1073 72 1054 113 1040 107 small-vehicle 0.1217
1408 1985 1422 1979 1440 2022 1425 2028 small-vehicle 0.1133
586 236 580 223 614 210 619 223 small-vehicle 0.1122
168 539 170 526 202 531 200 544 small-vehicle 0.1089
1359 2017 1373 2011 1389 2051 1375 2057 small-vehicle 0.1074
499 1778 482 1744 589 1692 605 1726 small-vehicle 0.1064
1370 2006 1384 1999 1404 2040 1390 2047 small-vehicle 0.1061
798 37 791 24 822 7 829 20 small-vehicle 0.1010
864 1532 847 1499 939 1452 956 1485 small-vehicle 0.1002
291 1130 275 1094 389 1042 406 1078 ship 0.6959
448 1685 432 1650 543 1599 559 1634 ship 0.6766
323 1171 306 1138 408 1086 425 1119 ship 0.6507
635 1091 618 1058 713 1008 730 1041 ship 0.6478
587 1643 571 1613 662 1564 678 1593 ship 0.6253
1023 1833 1007 1802 1100 1755 1115 1786 ship 0.6225
262 1087 246 1052 358 1002 374 1037 ship 0.6211
674 1191 656 1157 760 1105 778 1139 ship 0.6174
373 1614 355 1579 466 1519 484 1554 ship 0.6090
499 1778 482 1744 589 1692 605 1726 ship 0.6059
378 1547 361 1515 464 1460 481 1493 ship 0.6033
866 1532 850 1498 941 1452 958 1485 ship 0.6017
694 1844 681 1817 767 1776 780 1804 ship 0.5856
767 1361 751 1330 852 1278 869 1310 ship 0.5845
476 1734 459 1700 565 1648 582 1682 ship 0.5840
613 1679 597 1652 682 1605 698 1633 ship 0.5683
442 1363 429 1335 513 1296 526 1324 ship 0.5594
482 1441 470 1411 557 1373 570 1403 ship 0.5581
839 1476 828 1445 917 1413 928 1444 ship 0.5553
586 998 569 965 663 917 680 950 ship 0.5544
542 1559 527 1530 616 1487 630 1517 ship 0.5502
568 1599 553 1569 640 1525 656 1555 ship 0.5495
985 1498 970 1473 1040 1432 1055 1457 ship 0.5490
227 1003 215 972 307 938 319 969 ship 0.5402
927 1380 916 1355 988 1323 999 1348 ship 0.5394
762 1967 745 1934 834 1886 852 1919 ship 0.5330
947 1418 935 1394 1008 1360 1020 1384 ship 0.5160
460 1401 447 1372 539 1333 551 1363 ship 0.5076
953 1703 938 1672 1030 1627 1045 1658 ship 0.5059
675 1806 659 1777 741 1733 756 1762 ship 0.5035
792 1111 779 1086 846 1052 859 1076 ship 0.4939
692 922 682 898 758 867 768 892 ship 0.4925
1008 1538 995 1513 1065 1476 1079 1501 ship 0.4874
847 1226 837 1201 912 1171 922 1196 ship 0.4766
631 1724 615 1693 706 1645 722 1676 ship 0.4743
826 1189 814 1163 888 1128 900 1155 ship 0.4684
726 1270 712 1240 803 1198 817 1227 ship 0.4681
999 903 1032 883 1094 986 1062 1005 ship 0.4669
888 1300 875 1277 940 1240 953 1263 ship 0.4667
934 1659 922 1633 1008 1593 1020 1619 ship 0.4633
735 993 724 969 788 939 799 963 ship 0.4604
353 1209 336 1178 430 1129 446 1160 ship 0.4594
297 1444 280 1412 401 1351 417 1383 ship 0.4564
756 1030 745 1008 808 978 818 1000 ship 0.4540
569 944 555 913 647 874 660 905 ship 0.4534
711 960 701 935 775 903 786 928 ship 0.4468
808 1148 798 1124 868 1094 879 1118 ship 0.4453
424 1642 407 1609 504 1560 521 1593 ship 0.4406
609 877 592 845 703 790 719 822 ship 0.4358
909 1338 896 1313 963 1279 975 1303 ship 0.4349
775 1069 763 1046 824 1013 837 1036 ship 0.4338
1137 1761 1126 1741 1184 1710 1195 1730 ship 0.4296
522 1520 510 1495 592 1456 604 1481 ship 0.4269
806 2011 786 1978 863 1932 883 1965 ship 0.4161
232 1343 211 1307 309 1251 330 1287 ship 0.4122
793 1404 776 1372 874 1319 891 1351 ship 0.4122
274 1392 256 1356 380 1293 398 1328 ship 0.4097
968 1454 955 1430 1019 1395 1032 1418 ship 0.4049
665 1141 647 1110 734 1062 751 1093 ship 0.4023
1051 882 1078 867 1124 949 1098 964 ship 0.4022
1065 1646 1053 1623 1115 1590 1127 1613 ship 0.3989
524 1825 506 1792 613 1735 631 1768 ship 0.3957
771 547 755 507 830 477 846 516 ship 0.3930
821 1441 806 1412 893 1367 908 1397 ship 0.3912
1123 1740 1112 1719 1171 1688 1182 1708 ship 0.3868
732 1920 719 1893 804 1851 817 1878 ship 0.3863
1089 1690 1077 1666 1144 1633 1155 1657 ship 0.3837
1161 1796 1147 1776 1196 1741 1210 1761 ship 0.3786
1029 1575 1018 1552 1085 1519 1096 1543 ship 0.3732
1044 1872 1029 1845 1107 1802 1122 1830 ship 0.3721
428 1322 414 1294 496 1255 509 1284 ship 0.3704
894 1572 877 1539 964 1494 981 1526 ship 0.3639
633 1035 618 1006 693 966 708 995 ship 0.3476
406 1286 392 1259 474 1216 488 1243 ship 0.3462
1048 1610 1036 1588 1098 1557 1109 1579 ship 0.3415
221 1226 209 1200 288 1164 299 1189 ship 0.3333
220 1172 211 1150 266 1125 275 1147 ship 0.3214
322 1249 331 1228 376 1249 367 1270 ship 0.2996
1096 998 1111 991 1131 1031 1116 1038 ship 0.2857
388 1240 374 1212 459 1172 473 1200 ship 0.2684
676 890 663 866 731 829 744 853 ship 0.2660
758 497 745 474 805 442 817 465 ship 0.2505
1325 1602 1320 1584 1359 1574 1364 1592 ship 0.2494
1300 1859 1304 1844 1339 1853 1335 1867 ship 0.2478
1314 1587 1310 1569 1349 1561 1353 1579 ship 0.2352
1256 1863 1266 1854 1285 1875 1276 1884 ship 0.2249
1281 1859 1287 1847 1314 1861 1308 1873 ship 0.2239
1147 1853 1162 1843 1197 1896 1182 1906 ship 0.2205
1304 1569 1305 1551 1343 1551 1343 1570 ship 0.2195
1303 1847 1305 1833 1340 1840 1338 1853 ship 0.2165
1130 1058 1140 1047 1167 1073 1157 1084 ship 0.1977
1108 1723 1096 1701 1153 1669 1165 1691 ship 0.1882
1081 1668 1069 1645 1131 1613 1143 1636 ship 0.1864
751 2000 759 1988 786 2007 778 2018 ship 0.1586
1118 1026 1130 1017 1153 1050 1140 1058 ship 0.1544
555 902 545 882 589 859 599 878 ship 0.1478
1020 2064 1034 2060 1044 2099 1030 2102 ship 0.1466
778 2050 799 2040 833 2112 812 2122 ship 0.1463
301 1263 307 1241 358 1257 351 1278 ship 0.1295
395 1985 434 1897 590 1966 551 2054 ship 0.1288
460 1921 460 1899 506 1899 506 1920 ship 0.1261
461 2059 465 2046 498 2058 494 2071 ship 0.1239
817 518 838 507 859 546 838 557 ship 0.1179
1278 1528 1295 1512 1329 1548 1311 1564 ship 0.1171
389 2259 409 2248 446 2320 426 2330 ship 0.1142
1251 1872 1260 1864 1275 1882 1266 1890 ship 0.1134
872 1265 859 1243 922 1208 934 1229 ship 0.1105
1307 1828 1310 1816 1339 1824 1336 1836 ship 0.1068
469 2079 474 2064 507 2075 503 2090 ship 0.1043
440 1969 452 1956 487 1988 475 2001 ship 0.1032
842 387 862 311 1024 355 1004 431 tennis-court 0.8985
1096 508 1116 429 1278 470 1259 548 tennis-court 0.6563
630 535 581 479 703 371 752 427 tennis-court 0.5627
842 387 862 311 1024 355 1004 431 basketball-court 0.4203
1095 504 1116 426 1279 470 1258 548 basketball-court 0.3950
842 389 863 312 1023 356 1002 433 soccer-ball-field 0.3968
1097 505 1119 427 1277 471 1255 549 soccer-ball-field 0.3896
-16 1813 243 1667 550 2215 290 2361 harbor 0.5333
1246 1489 1336 1464 1429 1798 1339 1824 harbor 0.4492
459 1709 659 1593 910 2025 710 2142 harbor 0.2842
860 1496 1033 1406 1254 1831 1081 1921 harbor 0.2713
392 1932 490 1880 601 2088 504 2140 harbor 0.2347
532 871 704 786 915 1211 743 1296 harbor 0.2331
139 1134 375 1011 648 1536 412 1658 harbor 0.2194
750 566 759 455 1059 480 1050 591 harbor 0.1736
980 904 1040 853 1191 1031 1131 1082 harbor 0.1669
772 2039 791 2029 836 2119 817 2129 harbor 0.1633
1258 1507 1283 1488 1326 1544 1302 1563 harbor 0.1442
1101 1010 1115 1002 1137 1045 1123 1052 harbor 0.1422
767 540 760 496 835 485 842 529 harbor 0.1200
1095 504 1116 426 1279 470 1258 548 swimming-pool 0.3707
843 387 865 312 1023 358 1001 433 swimming-pool 0.3370
1369 37 1359 -1 1424 -18 1434 20 swimming-pool 0.2269
771 547 755 507 830 477 846 516 swimming-pool 0.1517
95 429 108 418 132 447 119 458 swimming-pool 0.1392
