895 1048 927 1070 858 1169 826 1147 ship 0.4041
3198 1873 3193 1500 4493 1482 4498 1855 ship 0.3870
2556 1406 2588 1404 2592 1490 2560 1491 ship 0.3820
2664 1363 2698 1356 2718 1452 2684 1459 ship 0.3787
546 798 592 832 492 965 446 931 ship 0.3762
1448 946 1471 930 1511 986 1489 1002 ship 0.3645
1536 1007 1561 998 1583 1058 1557 1067 ship 0.3349
1546 1058 1572 1073 1532 1148 1506 1134 ship 0.3312
1584 1062 1611 1077 1564 1158 1537 1142 ship 0.3295
2433 1361 2460 1361 2459 1443 2431 1442 ship 0.3214
845 691 845 659 924 659 924 692 ship 0.3186
1592 1100 1617 1117 1562 1200 1537 1184 ship 0.3174
1616 1325 1642 1331 1624 1409 1598 1403 ship 0.3127
1515 1315 1543 1322 1527 1390 1499 1383 ship 0.3083
1733 1118 1760 1131 1721 1211 1694 1198 ship 0.3007
1605 1039 1635 1042 1626 1115 1597 1111 ship 0.2978
2538 1405 2566 1407 2560 1478 2531 1475 ship 0.2967
786 999 817 1022 735 1131 704 1107 ship 0.2884
2408 1404 2432 1403 2435 1466 2410 1467 ship 0.2837
2782 1423 2809 1426 2803 1492 2776 1490 ship 0.2773
2612 1402 2642 1402 2643 1480 2613 1481 ship 0.2772
701 991 724 1007 674 1079 651 1063 ship 0.2750
1501 974 1524 962 1551 1016 1528 1028 ship 0.2696
451 408 469 390 513 430 496 449 ship 0.2694
1490 1321 1518 1329 1498 1407 1470 1400 ship 0.2685
2667 1442 2691 1439 2696 1493 2672 1495 ship 0.2599
496 465 517 449 553 496 533 512 ship 0.2593
1486 1189 1510 1199 1483 1264 1459 1253 ship 0.2584
1564 1420 1590 1416 1600 1481 1575 1485 ship 0.2579
2285 1394 2314 1396 2310 1464 2281 1462 ship 0.2552
3448 1503 3459 1481 3514 1509 3502 1532 ship 0.2543
2462 1368 2489 1371 2480 1444 2453 1441 ship 0.2537
2714 1439 2738 1439 2738 1493 2713 1493 ship 0.2514
1157 1628 1183 1637 1159 1709 1132 1700 ship 0.2495
1738 1955 1767 1967 1731 2054 1702 2042 ship 0.2494
1584 1392 1608 1390 1614 1453 1590 1455 ship 0.2492
1846 176 1869 157 1915 214 1892 232 ship 0.2475
1004 1090 1033 1106 985 1191 956 1175 ship 0.2467
1509 1043 1533 1047 1524 1102 1500 1098 ship 0.2462
1200 1079 1229 1094 1187 1169 1159 1154 ship 0.2432
1486 993 1508 985 1524 1033 1503 1040 ship 0.2409
1224 1091 1252 1103 1222 1173 1194 1162 ship 0.2375
1577 1331 1601 1338 1583 1402 1558 1395 ship 0.2358
1443 983 1466 976 1481 1029 1458 1036 ship 0.2358
550 489 570 471 609 514 590 532 ship 0.2355
1447 1200 1473 1204 1461 1273 1435 1269 ship 0.2352
4202 1403 4198 1361 4292 1353 4295 1395 ship 0.2348
2631 1379 2663 1374 2674 1457 2642 1461 ship 0.2298
1831 1984 1816 1491 3441 1441 3456 1934 ship 0.2275
3595 1461 3593 1413 3696 1407 3698 1455 ship 0.2270
2606 1507 2626 1498 2647 1540 2627 1550 ship 0.2236
1449 1043 1473 1044 1469 1101 1445 1099 ship 0.2177
302 296 319 274 373 314 356 337 ship 0.2164
3464 1604 3480 1590 3510 1625 3494 1639 ship 0.2149
2654 1509 2674 1501 2692 1543 2672 1551 ship 0.2146
3466 1538 3479 1521 3518 1550 3505 1568 ship 0.2124
1037 1101 1064 1115 1024 1195 996 1181 ship 0.2114
1464 1373 1490 1386 1447 1471 1421 1458 ship 0.2112
1398 987 1423 985 1427 1043 1402 1045 ship 0.2100
2361 1409 2385 1409 2384 1466 2359 1465 ship 0.2082
3456 1629 3474 1616 3503 1658 3484 1671 ship 0.2044
363 332 383 318 414 359 394 374 ship 0.2035
2758 1484 2779 1481 2786 1532 2764 1535 ship 0.2030
1857 1357 1881 1355 1884 1412 1860 1413 ship 0.2026
2650 1566 2668 1555 2692 1595 2674 1606 ship 0.1997
1396 1046 1421 1045 1423 1105 1399 1106 ship 0.1957
1408 945 1433 938 1448 998 1423 1004 ship 0.1923
1524 1928 1560 1943 1515 2050 1479 2035 ship 0.1920
2706 1500 2727 1495 2739 1539 2718 1544 ship 0.1902
606 922 633 929 614 998 587 990 ship 0.1894
966 1083 995 1100 944 1186 916 1169 ship 0.1888
1524 1229 1548 1233 1538 1288 1514 1284 ship 0.1873
4149 1553 4168 1544 4188 1588 4169 1597 ship 0.1869
1457 1104 1483 1111 1468 1174 1442 1167 ship 0.1858
2419 1457 2440 1449 2458 1494 2437 1503 ship 0.1856
1831 1207 1854 1214 1834 1276 1811 1268 ship 0.1854
3486 1593 3503 1581 3529 1616 3512 1629 ship 0.1853
733 991 758 1009 701 1088 676 1070 ship 0.1843
2744 1545 2765 1539 2778 1589 2757 1595 ship 0.1836
3823 1544 3849 1542 3854 1608 3828 1610 ship 0.1829
4161 1509 4182 1506 4190 1560 4168 1563 ship 0.1825
2615 1564 2632 1551 2660 1588 2643 1601 ship 0.1822
424 369 442 353 474 389 456 405 ship 0.1821
4123 1327 4148 1315 4174 1372 4149 1384 ship 0.1819
2577 1497 2597 1487 2618 1529 2598 1539 ship 0.1817
2779 1531 2802 1529 2807 1589 2784 1592 ship 0.1801
2466 1452 2489 1448 2498 1495 2475 1499 ship 0.1786
1837 1346 1860 1346 1861 1401 1838 1402 ship 0.1780
1872 115 1890 98 1925 136 1907 153 ship 0.1768
920 1077 949 1094 897 1177 869 1160 ship 0.1755
4198 1466 4220 1459 4236 1518 4214 1524 ship 0.1755
4192 1431 4208 1410 4258 1449 4242 1470 ship 0.1750
1881 75 1901 62 1931 107 1911 120 ship 0.1747
1902 1250 1927 1252 1920 1312 1896 1310 ship 0.1709
2696 1559 2715 1551 2734 1594 2714 1602 ship 0.1695
1531 1390 1556 1394 1546 1456 1521 1452 ship 0.1693
3614 1536 3645 1526 3669 1598 3638 1608 ship 0.1690
1869 1259 1891 1263 1882 1316 1860 1313 ship 0.1689
728 903 754 901 760 963 734 965 ship 0.1687
3849 1539 3873 1538 3876 1603 3852 1604 ship 0.1673
1856 1316 1877 1315 1880 1364 1858 1366 ship 0.1670
3516 1538 3536 1528 3557 1570 3536 1580 ship 0.1664
653 967 676 978 646 1039 623 1028 ship 0.1652
458 761 492 777 455 859 420 843 ship 0.1652
1559 1303 1584 1308 1573 1361 1548 1357 ship 0.1630
1909 1392 1933 1390 1937 1446 1913 1448 ship 0.1608
3440 1542 3454 1525 3488 1553 3475 1570 ship 0.1606
753 593 773 569 829 614 809 638 ship 0.1600
1614 1390 1637 1389 1640 1445 1618 1446 ship 0.1597
2685 1655 2702 1638 2743 1680 2726 1696 ship 0.1587
1868 1219 1891 1228 1869 1286 1846 1277 ship 0.1569
4191 1498 4213 1495 4221 1549 4199 1552 ship 0.1567
418 763 443 779 403 845 378 829 ship 0.1562
1700 1980 1728 1991 1698 2065 1670 2053 ship 0.1558
1262 912 1274 880 1360 913 1348 945 ship 0.1546
2276 1463 2301 1458 2311 1511 2287 1515 ship 0.1538
859 1257 879 1246 906 1293 886 1305 ship 0.1537
4141 1604 4156 1590 4185 1622 4171 1636 ship 0.1523
4180 1547 4198 1539 4216 1580 4197 1588 ship 0.1518
2396 1461 2416 1452 2436 1494 2416 1503 ship 0.1499
341 741 367 744 360 813 334 810 ship 0.1487
1046 1138 1071 1148 1043 1218 1018 1208 ship 0.1486
4218 1457 4241 1447 4268 1509 4245 1519 ship 0.1486
1638 1100 1665 1114 1629 1184 1602 1171 ship 0.1481
2301 1467 2323 1461 2336 1506 2313 1512 ship 0.1475
690 1066 712 1072 696 1129 674 1122 ship 0.1475
3574 1543 3598 1533 3619 1587 3595 1596 ship 0.1473
3527 1591 3545 1580 3568 1618 3549 1629 ship 0.1468
1375 450 1375 419 1445 418 1445 450 ship 0.1466
3615 1591 3641 1579 3669 1635 3643 1648 ship 0.1465
380 755 403 767 370 829 347 817 ship 0.1461
1828 1260 1849 1262 1844 1313 1823 1311 ship 0.1461
1760 1179 1785 1188 1763 1249 1738 1240 ship 0.1449
4165 1476 4187 1472 4198 1524 4176 1529 ship 0.1449
3602 1497 3626 1475 3680 1531 3656 1554 ship 0.1443
1405 1108 1430 1107 1432 1167 1407 1168 ship 0.1440
1267 1117 1288 1125 1270 1177 1248 1169 ship 0.1427
1551 1238 1575 1239 1574 1291 1550 1290 ship 0.1423
1545 1421 1570 1424 1562 1485 1536 1482 ship 0.1418
2654 1617 2670 1603 2699 1637 2684 1650 ship 0.1416
1372 1080 1394 1078 1401 1137 1379 1139 ship 0.1413
1203 1607 1228 1616 1200 1691 1175 1682 ship 0.1412
4177 1602 4192 1590 4216 1621 4201 1632 ship 0.1412
2804 1467 2831 1466 2834 1558 2808 1559 ship 0.1394
1368 990 1391 993 1382 1049 1359 1046 ship 0.1392
1641 1344 1665 1348 1656 1408 1632 1405 ship 0.1373
2690 1617 2707 1604 2735 1641 2718 1654 ship 0.1361
2897 1432 2921 1428 2931 1491 2907 1495 ship 0.1359
1676 1238 1697 1234 1704 1281 1683 1284 ship 0.1352
4157 1387 4174 1366 4214 1400 4197 1421 ship 0.1337
1654 1458 1681 1448 1708 1515 1681 1526 ship 0.1332
3578 1594 3600 1582 3625 1628 3603 1640 ship 0.1331
29 1936 58 1943 39 2015 11 2008 ship 0.1317
1239 1129 1261 1135 1248 1183 1226 1177 ship 0.1315
3855 1435 3880 1429 3896 1498 3871 1504 ship 0.1314
2352 1467 2373 1460 2388 1500 2368 1508 ship 0.1312
1079 1144 1102 1154 1071 1223 1048 1213 ship 0.1309
2725 1599 2745 1589 2767 1636 2747 1645 ship 0.1303
1129 1602 1152 1608 1139 1657 1116 1651 ship 0.1290
4129 1558 4149 1548 4169 1590 4149 1600 ship 0.1285
836 1249 856 1242 873 1290 853 1297 ship 0.1280
1918 67 1939 60 1954 101 1933 108 ship 0.1276
616 961 641 966 627 1026 603 1021 ship 0.1273
3569 1504 3588 1489 3624 1534 3604 1550 ship 0.1263
1451 1275 1475 1273 1478 1326 1454 1328 ship 0.1257
1479 1405 1503 1415 1476 1479 1452 1468 ship 0.1254
2555 1493 2574 1484 2592 1525 2572 1533 ship 0.1253
1639 1463 1665 1463 1666 1522 1639 1522 ship 0.1246
2281 1784 2317 1790 2297 1901 2261 1895 ship 0.1240
1322 1122 1343 1124 1339 1174 1318 1173 ship 0.1240
655 1076 676 1076 675 1122 654 1122 ship 0.1233
1890 1311 1911 1308 1917 1356 1896 1359 ship 0.1231
1417 1173 1441 1173 1439 1229 1416 1229 ship 0.1230
2621 1615 2636 1600 2667 1633 2652 1647 ship 0.1228
2737 1403 2767 1405 2761 1474 2730 1471 ship 0.1218
1276 1145 1297 1149 1287 1197 1266 1193 ship 0.1217
1806 1259 1828 1259 1827 1309 1805 1309 ship 0.1215
4162 1438 4181 1424 4210 1464 4190 1478 ship 0.1207
574 866 608 884 562 971 528 953 ship 0.1203
862 1031 895 1053 836 1142 803 1120 ship 0.1201
3646 1603 3672 1589 3700 1641 3675 1656 ship 0.1194
3878 1539 3901 1536 3907 1593 3885 1596 ship 0.1193
3536 1633 3554 1622 3575 1657 3557 1668 ship 0.1192
3998 1544 4017 1533 4043 1579 4024 1590 ship 0.1184
3769 1602 3790 1593 3807 1636 3786 1645 ship 0.1183
2513 1504 2532 1494 2552 1533 2533 1543 ship 0.1182
1917 119 1934 107 1956 139 1939 151 ship 0.1178
2770 1574 2792 1570 2802 1626 2780 1630 ship 0.1176
1643 1137 1669 1149 1641 1211 1615 1199 ship 0.1165
960 1428 982 1440 946 1507 925 1496 ship 0.1163
898 985 929 980 944 1062 913 1068 ship 0.1159
3880 1595 3900 1590 3912 1631 3892 1637 ship 0.1158
749 949 775 953 763 1021 737 1017 ship 0.1156
2589 1558 2605 1545 2631 1579 2614 1592 ship 0.1153
1652 1998 1679 2006 1662 2065 1635 2057 ship 0.1152
2205 1679 2232 1681 2225 1750 2198 1747 ship 0.1145
1653 1284 1674 1282 1677 1330 1656 1332 ship 0.1145
288 309 306 293 343 336 325 352 ship 0.1145
2856 1436 2880 1436 2880 1494 2856 1494 ship 0.1144
279 750 309 752 303 831 274 829 ship 0.1144
4123 1610 4137 1597 4165 1628 4150 1641 ship 0.1139
2436 1767 2462 1768 2458 1845 2432 1843 ship 0.1138
4253 1710 4268 1694 4307 1729 4292 1745 ship 0.1136
889 1258 908 1248 930 1291 911 1301 ship 0.1135
4183 1647 4197 1634 4224 1662 4210 1676 ship 0.1133
512 894 550 900 535 984 498 977 ship 0.1129
3574 1474 3582 1447 3643 1466 3635 1494 ship 0.1122
1924 183 1945 172 1966 213 1946 224 ship 0.1122
2171 1649 2196 1648 2199 1711 2174 1713 ship 0.1116
705 1096 729 1094 731 1151 708 1152 ship 0.1116
1713 1224 1736 1222 1740 1272 1718 1274 ship 0.1112
4133 1515 4155 1510 4166 1559 4143 1563 ship 0.1110
1579 1177 1603 1182 1593 1236 1568 1232 ship 0.1106
1636 1185 1661 1188 1655 1239 1630 1236 ship 0.1104
1628 1257 1650 1252 1659 1295 1637 1300 ship 0.1104
4229 1659 4243 1645 4272 1674 4258 1688 ship 0.1102
933 1319 952 1310 974 1353 954 1363 ship 0.1101
2892 1483 2917 1478 2929 1545 2904 1550 ship 0.1096
56 1945 82 1953 62 2020 36 2012 ship 0.1094
777 955 805 958 798 1029 770 1027 ship 0.1094
3491 1652 3509 1642 3530 1679 3512 1689 ship 0.1092
700 925 725 929 717 986 692 982 ship 0.1092
797 1222 816 1215 833 1259 813 1267 ship 0.1087
617 1081 638 1076 648 1119 627 1124 ship 0.1086
1828 187 1846 170 1884 212 1866 229 ship 0.1082
3621 1644 3640 1630 3670 1670 3651 1684 ship 0.1081
1094 1618 1119 1621 1113 1677 1088 1674 ship 0.1080
3395 1597 3415 1587 3434 1626 3415 1636 ship 0.1075
1768 1219 1792 1220 1788 1274 1764 1272 ship 0.1073
3583 1639 3601 1626 3628 1663 3610 1676 ship 0.1070
605 513 621 494 669 536 652 555 ship 0.1064
4253 1691 4264 1673 4304 1700 4292 1717 ship 0.1063
1108 1537 1131 1539 1126 1585 1104 1583 ship 0.1060
3913 1545 3935 1540 3946 1587 3924 1592 ship 0.1055
802 629 819 608 863 642 846 663 ship 0.1055
3965 1549 3985 1541 4002 1585 3983 1593 ship 0.1050
354 702 372 692 394 734 376 744 ship 0.1046
498 503 516 490 539 523 522 536 ship 0.1046
4140 1639 4154 1625 4184 1656 4170 1670 ship 0.1045
2459 1513 2477 1500 2504 1535 2487 1549 ship 0.1044
2512 1392 2542 1393 2539 1473 2509 1471 ship 0.1039
698 1153 719 1142 744 1188 724 1199 ship 0.1039
3393 1543 3411 1532 3434 1567 3416 1579 ship 0.1032
344 622 358 601 410 634 397 655 ship 0.1032
2846 1483 2870 1481 2878 1544 2854 1547 ship 0.1032
4258 1742 4279 1731 4305 1783 4284 1794 ship 0.1027
1589 1256 1612 1252 1618 1298 1596 1301 ship 0.1026
1616 1994 1643 2003 1624 2060 1597 2051 ship 0.1025
749 1214 771 1204 793 1252 772 1262 ship 0.1020
3667 1655 3686 1641 3714 1681 3695 1694 ship 0.1019
3780 1555 3806 1550 3817 1607 3791 1612 ship 0.1015
4225 1607 4241 1595 4264 1627 4249 1638 ship 0.1014
1283 933 1310 928 1325 1002 1298 1008 ship 0.1010
4414 1372 4550 1355 4606 1802 4470 1819 ship 0.1007
909 1139 935 1141 928 1206 902 1204 ship 0.1005
326 702 346 692 368 739 348 748 ship 0.1005
1370 1165 1392 1164 1395 1217 1373 1219 ship 0.1002
3432 1648 3450 1636 3478 1675 3461 1688 ship 0.1001
2660 1658 2675 1643 2707 1674 2692 1689 ship 0.1001
1623 129 1644 20 1770 45 1749 153 storage-tank 0.2179
694 1262 771 1293 700 1467 623 1436 harbor 0.3446
4432 1355 4577 1363 4553 1769 4409 1761 harbor 0.2985
3158 1436 3327 1434 3330 1781 3161 1782 harbor 0.2834
375 907 629 552 1147 923 893 1278 harbor 0.2487
1127 1103 1423 916 1700 1355 1404 1542 harbor 0.1999
4060 1399 4207 1297 4399 1575 4252 1677 harbor 0.1813
4203 1427 4219 1402 4283 1441 4268 1466 harbor 0.1723
3598 1473 3632 1457 3678 1552 3643 1568 harbor 0.1655
3597 1471 3600 1432 3691 1439 3687 1478 harbor 0.1627
4218 1457 4241 1447 4268 1509 4245 1519 harbor 0.1595
4204 1398 4201 1362 4286 1354 4289 1391 harbor 0.1580
4198 1466 4220 1459 4236 1518 4214 1524 harbor 0.1545
3568 1336 3727 1338 3723 1690 3564 1688 harbor 0.1452
3448 1503 3459 1481 3514 1509 3502 1532 harbor 0.1236
4186 1483 4209 1478 4225 1554 4202 1559 harbor 0.1231
3574 1543 3598 1533 3619 1587 3595 1596 harbor 0.1200
3486 1537 3502 1522 3534 1558 3517 1573 harbor 0.1164
3569 1504 3588 1489 3624 1534 3604 1550 harbor 0.1135
4156 1475 4180 1471 4193 1543 4169 1548 harbor 0.1120
3848 1474 3875 1471 3884 1574 3857 1576 harbor 0.1108
3516 1538 3536 1528 3557 1570 3536 1580 harbor 0.1048
3453 1530 3472 1515 3514 1565 3495 1581 harbor 0.1029
1627 128 1647 20 1776 44 1756 153 swimming-pool 0.1118
