1675 1005 1671 980 1745 967 1749 992 ship 0.5506
361 1059 352 1030 444 1000 454 1029 ship 0.5262
1696 1059 1690 1036 1764 1019 1770 1042 ship 0.5094
610 656 608 640 642 634 644 650 ship 0.5079
1611 773 1608 753 1649 746 1652 766 ship 0.5068
556 859 549 841 587 826 594 844 ship 0.5044
1813 831 1810 811 1857 804 1860 824 ship 0.5024
1422 561 1418 542 1468 532 1472 551 ship 0.4986
1531 469 1529 452 1563 448 1565 465 ship 0.4979
623 699 617 684 649 672 655 688 ship 0.4947
901 1049 893 1027 962 1002 970 1024 ship 0.4920
1376 376 1369 356 1419 339 1425 360 ship 0.4917
1589 688 1586 669 1627 662 1631 681 ship 0.4859
510 902 507 884 548 876 551 894 ship 0.4849
2078 870 2073 849 2143 831 2148 852 ship 0.4828
742 542 738 525 777 517 781 535 ship 0.4825
303 639 301 622 346 615 349 633 ship 0.4801
1645 888 1641 870 1679 862 1683 879 ship 0.4786
468 768 464 749 504 741 508 761 ship 0.4782
1903 923 1897 905 1939 893 1944 911 ship 0.4773
1644 869 1639 852 1676 842 1680 860 ship 0.4754
1836 921 1833 901 1880 892 1883 912 ship 0.4748
943 606 938 586 986 575 991 596 ship 0.4730
448 699 443 682 480 671 485 688 ship 0.4707
1819 757 1813 739 1856 726 1862 744 ship 0.4685
2117 1040 2111 1018 2180 1000 2186 1023 ship 0.4682
738 1061 737 1041 781 1038 783 1057 ship 0.4667
722 485 722 467 762 468 762 485 ship 0.4643
1872 787 1871 774 1898 770 1900 784 ship 0.4638
1513 411 1510 393 1546 387 1549 405 ship 0.4632
1497 349 1492 333 1531 321 1536 337 ship 0.4617
1885 851 1880 833 1920 822 1925 840 ship 0.4613
700 784 693 767 730 753 736 770 ship 0.4610
1873 1077 1868 1059 1911 1048 1916 1066 ship 0.4596
2097 954 2092 929 2164 916 2169 941 ship 0.4568
1793 717 1787 697 1841 679 1847 699 ship 0.4565
1662 774 1659 754 1703 747 1706 767 ship 0.4565
1080 836 1073 814 1124 797 1131 819 ship 0.4547
853 904 848 886 887 875 893 893 ship 0.4532
540 810 533 792 572 776 579 794 ship 0.4526
546 1005 541 989 575 978 580 994 ship 0.4519
492 843 488 825 529 817 532 836 ship 0.4519
806 559 799 542 838 526 845 542 ship 0.4505
642 591 643 578 672 582 670 594 ship 0.4504
1606 753 1603 734 1642 728 1645 747 ship 0.4495
951 404 945 386 989 371 995 389 ship 0.4492
1633 841 1628 823 1669 812 1674 830 ship 0.4486
1382 414 1378 394 1429 383 1433 403 ship 0.4485
576 1070 568 1047 648 1022 655 1044 ship 0.4479
1664 947 1659 926 1725 911 1729 933 ship 0.4463
1549 544 1546 526 1582 519 1585 537 ship 0.4459
260 723 257 703 309 695 312 715 ship 0.4444
1378 394 1372 374 1422 358 1429 378 ship 0.4440
716 998 714 983 744 978 746 993 ship 0.4432
784 479 778 463 817 449 823 464 ship 0.4431
2021 929 2018 910 2069 899 2073 919 ship 0.4427
1618 792 1614 774 1653 765 1658 783 ship 0.4427
2059 797 2055 775 2126 763 2129 786 ship 0.4419
2001 824 1998 806 2040 798 2043 816 ship 0.4415
985 524 978 504 1028 488 1035 508 ship 0.4411
580 924 575 908 611 896 616 912 ship 0.4406
1595 520 1590 502 1627 490 1633 508 ship 0.4400
813 776 808 758 850 747 855 766 ship 0.4392
535 983 531 966 570 957 574 974 ship 0.4382
801 733 797 715 837 706 841 723 ship 0.4365
1562 394 1562 377 1598 377 1598 393 ship 0.4360
964 676 961 656 1011 649 1013 670 ship 0.4358
433 645 432 631 461 627 462 641 ship 0.4341
1056 977 1052 957 1101 947 1105 967 ship 0.4341
1810 772 1807 756 1846 750 1849 766 ship 0.4340
1008 584 1001 564 1050 549 1056 569 ship 0.4339
1875 811 1872 794 1910 787 1913 803 ship 0.4332
887 827 880 807 925 792 932 812 ship 0.4331
1388 448 1383 430 1431 418 1436 436 ship 0.4317
1801 734 1796 716 1844 702 1849 721 ship 0.4301
667 671 665 657 697 651 700 666 ship 0.4297
818 790 814 772 855 763 859 782 ship 0.4294
1833 892 1828 873 1871 862 1876 881 ship 0.4294
1856 1013 1853 994 1898 986 1901 1005 ship 0.4292
1605 546 1600 529 1635 518 1640 534 ship 0.4276
1623 812 1618 793 1657 783 1662 801 ship 0.4269
836 849 831 831 872 820 877 838 ship 0.4266
920 921 914 904 954 890 960 908 ship 0.4264
2060 1077 2056 1054 2110 1046 2113 1069 ship 0.4256
863 735 856 718 895 701 902 718 ship 0.4253
433 618 433 605 459 606 458 618 ship 0.4253
1046 718 1040 697 1087 683 1094 703 ship 0.4251
412 571 411 557 442 556 442 570 ship 0.4240
1096 884 1090 863 1142 849 1147 869 ship 0.4238
652 616 650 602 683 596 685 611 ship 0.4238
642 730 638 716 664 710 667 724 ship 0.4235
1397 471 1391 452 1443 435 1449 455 ship 0.4233
640 574 640 561 671 561 671 574 ship 0.4219
736 510 733 495 764 488 768 503 ship 0.4218
1626 612 1624 597 1656 592 1659 607 ship 0.4216
1881 832 1876 815 1916 805 1920 822 ship 0.4210
744 921 738 905 775 893 780 909 ship 0.4207
418 594 418 580 447 580 447 593 ship 0.4203
649 763 650 750 676 750 675 763 ship 0.4201
1610 561 1605 544 1640 534 1645 551 ship 0.4201
1416 513 1411 494 1460 480 1466 499 ship 0.4184
823 620 817 603 858 588 864 605 ship 0.4179
681 733 679 719 706 714 709 728 ship 0.4174
999 779 994 760 1040 747 1045 767 ship 0.4173
533 795 526 776 567 762 574 780 ship 0.4169
1436 742 1456 734 1478 784 1458 793 ship 0.4168
1585 469 1581 452 1616 444 1620 461 ship 0.4165
1567 583 1562 566 1596 557 1601 574 ship 0.4156
347 785 343 766 385 756 389 775 ship 0.4148
546 829 538 811 575 794 583 812 ship 0.4141
1439 620 1433 598 1487 584 1493 605 ship 0.4140
313 665 309 649 347 639 352 654 ship 0.4130
924 936 918 919 954 907 960 924 ship 0.4126
756 956 752 942 782 931 787 945 ship 0.4123
871 962 867 944 907 934 911 952 ship 0.4121
793 502 786 488 818 474 824 488 ship 0.4107
1621 593 1616 577 1649 567 1654 583 ship 0.4096
1905 942 1900 924 1940 912 1946 930 ship 0.4087
923 541 918 520 965 510 970 530 ship 0.4086
882 1001 877 982 919 970 925 990 ship 0.4084
2031 980 2029 961 2075 955 2078 974 ship 0.4079
1661 746 1657 728 1695 719 1699 737 ship 0.4079
1702 891 1697 875 1732 863 1737 879 ship 0.4077
640 713 636 700 662 692 665 706 ship 0.4072
663 654 659 639 691 630 695 645 ship 0.4068
1925 1015 1918 998 1957 982 1964 999 ship 0.4058
899 434 896 416 935 410 938 427 ship 0.4058
447 683 443 669 474 660 478 675 ship 0.4053
383 908 377 888 421 875 427 896 ship 0.4050
264 772 259 750 313 738 318 759 ship 0.4049
728 862 722 847 756 835 761 850 ship 0.4044
516 919 513 901 552 893 556 911 ship 0.4041
906 491 901 470 951 459 956 479 ship 0.4039
679 715 677 701 706 696 708 711 ship 0.4038
1853 998 1849 979 1895 969 1899 988 ship 0.4031
1899 906 1893 888 1936 876 1941 894 ship 0.4021
1413 655 1438 648 1455 708 1430 715 ship 0.4019
673 692 672 678 703 674 704 689 ship 0.4016
2040 1003 2037 983 2085 975 2089 994 ship 0.4011
1403 490 1397 472 1446 456 1452 474 ship 0.4007
293 596 294 581 328 583 328 598 ship 0.4005
525 755 519 738 557 725 563 742 ship 0.4002
716 980 714 966 741 962 743 976 ship 0.3998
1591 487 1586 471 1620 461 1624 477 ship 0.3989
2028 962 2025 942 2074 936 2077 956 ship 0.3985
1479 768 1480 745 1531 746 1530 769 ship 0.3979
1458 675 1456 653 1507 651 1508 672 ship 0.3978
1472 733 1467 713 1520 700 1525 720 ship 0.3974
1986 774 1982 755 2029 744 2034 763 ship 0.3969
772 1001 768 985 802 978 806 993 ship 0.3968
689 900 689 887 715 886 716 899 ship 0.3961
967 452 962 433 1008 419 1014 438 ship 0.3944
2020 906 2016 887 2065 878 2069 897 ship 0.3940
495 654 494 639 529 635 531 650 ship 0.3934
331 720 325 702 363 690 369 708 ship 0.3929
501 675 499 660 535 656 537 671 ship 0.3923
1077 1023 1071 1004 1112 991 1118 1010 ship 0.3904
953 425 949 408 990 397 995 415 ship 0.3900
1551 528 1548 511 1579 504 1583 521 ship 0.3893
1870 1044 1865 1026 1903 1015 1908 1033 ship 0.3889
1539 984 1533 966 1581 950 1588 968 ship 0.3887
653 778 654 765 680 768 678 781 ship 0.3876
1517 901 1512 880 1564 866 1570 887 ship 0.3870
2005 838 2002 822 2041 814 2044 830 ship 0.3865
404 960 400 940 442 932 446 952 ship 0.3865
1850 967 1845 949 1885 937 1890 956 ship 0.3865
1554 565 1551 547 1590 541 1593 559 ship 0.3853
666 802 666 789 690 789 690 802 ship 0.3849
623 501 634 496 646 521 634 526 ship 0.3845
1734 899 1750 889 1771 921 1756 931 ship 0.3844
1633 641 1629 625 1663 617 1666 632 ship 0.3839
646 745 644 732 669 729 671 742 ship 0.3830
1534 453 1531 438 1560 433 1563 448 ship 0.3824
585 938 580 923 613 912 618 927 ship 0.3820
754 975 750 962 778 954 782 967 ship 0.3813
1645 700 1639 682 1677 669 1683 687 ship 0.3810
1476 750 1472 729 1524 720 1528 741 ship 0.3808
624 535 632 527 650 543 642 552 ship 0.3808
343 771 337 752 380 739 386 757 ship 0.3797
686 884 686 872 710 872 710 884 ship 0.3796
877 980 874 963 914 955 917 972 ship 0.3788
775 658 771 640 810 631 814 649 ship 0.3787
1498 827 1493 807 1544 795 1549 815 ship 0.3784
734 878 730 864 760 853 765 868 ship 0.3776
1569 619 1565 601 1604 592 1608 609 ship 0.3775
1358 336 1353 317 1405 305 1410 324 ship 0.3773
550 843 543 825 578 811 585 829 ship 0.3772
1887 868 1882 849 1927 837 1932 856 ship 0.3768
826 812 820 793 857 781 863 799 ship 0.3757
314 947 308 924 373 906 379 929 ship 0.3757
575 911 568 894 605 881 611 898 ship 0.3755
833 656 827 637 873 623 879 642 ship 0.3748
679 749 676 736 702 730 705 744 ship 0.3748
531 966 528 950 562 942 566 958 ship 0.3746
315 690 312 674 347 667 350 683 ship 0.3738
564 877 557 861 590 849 596 865 ship 0.3736
1548 372 1550 358 1577 362 1575 375 ship 0.3735
474 789 470 771 508 761 513 779 ship 0.3735
1583 541 1579 526 1608 517 1613 532 ship 0.3735
751 938 746 923 780 911 785 927 ship 0.3734
408 557 409 543 442 546 441 560 ship 0.3734
612 593 615 582 637 588 633 599 ship 0.3732
1695 868 1690 851 1727 840 1732 857 ship 0.3731
775 461 772 446 806 441 808 456 ship 0.3728
1814 793 1811 777 1848 770 1851 786 ship 0.3727
452 714 447 697 486 685 491 702 ship 0.3725
685 861 685 849 707 849 707 861 ship 0.3720
630 634 628 621 655 619 656 632 ship 0.3694
707 959 706 946 734 943 735 956 ship 0.3686
1677 805 1672 788 1710 777 1714 795 ship 0.3685
595 577 601 567 622 579 615 590 ship 0.3678
607 617 609 604 633 607 631 620 ship 0.3674
595 552 602 543 620 557 612 566 ship 0.3669
1052 738 1046 717 1097 702 1103 723 ship 0.3665
752 559 748 543 779 535 783 552 ship 0.3665
1032 663 1025 643 1070 627 1077 647 ship 0.3663
2015 887 2013 870 2056 865 2058 882 ship 0.3659
710 805 703 790 735 776 741 791 ship 0.3637
700 916 699 904 723 902 723 915 ship 0.3630
620 680 615 665 647 655 652 670 ship 0.3625
767 504 764 491 789 485 792 497 ship 0.3623
1459 692 1460 670 1512 672 1511 694 ship 0.3616
292 854 288 832 343 822 347 843 ship 0.3616
620 574 624 563 645 571 641 581 ship 0.3613
1069 792 1061 772 1108 753 1116 773 ship 0.3613
740 901 737 887 765 880 768 894 ship 0.3613
372 872 366 852 410 839 416 859 ship 0.3611
1562 466 1560 451 1588 447 1590 462 ship 0.3596
660 631 656 618 686 609 689 623 ship 0.3589
939 985 933 966 975 953 980 972 ship 0.3584
1537 965 1532 946 1581 932 1586 951 ship 0.3571
666 822 667 810 691 811 691 823 ship 0.3566
520 740 514 723 552 708 558 724 ship 0.3560
841 676 833 657 875 640 883 659 ship 0.3558
703 939 701 926 726 923 727 936 ship 0.3555
674 765 672 751 698 749 699 762 ship 0.3555
326 987 321 965 386 950 391 972 ship 0.3553
1559 482 1556 467 1583 462 1586 477 ship 0.3552
293 832 288 811 340 799 345 820 ship 0.3548
905 870 899 853 936 840 942 858 ship 0.3544
437 661 434 647 467 638 471 653 ship 0.3538
538 883 533 867 563 857 568 873 ship 0.3535
117 793 127 783 151 808 141 818 ship 0.3535
638 563 639 550 668 550 668 563 ship 0.3526
799 532 792 515 832 499 839 516 ship 0.3523
894 944 889 929 918 919 923 934 ship 0.3516
670 840 671 827 697 829 696 842 ship 0.3512
470 569 472 559 495 563 493 574 ship 0.3511
1935 1056 1929 1039 1969 1025 1975 1042 ship 0.3511
848 692 841 675 878 659 886 676 ship 0.3510
1511 373 1506 359 1535 351 1539 365 ship 0.3507
1109 927 1102 907 1156 890 1162 910 ship 0.3501
528 944 524 928 555 922 558 938 ship 0.3499
1645 680 1641 663 1675 655 1679 672 ship 0.3499
1580 451 1574 435 1608 423 1614 439 ship 0.3486
829 827 824 808 864 797 869 816 ship 0.3479
552 1023 545 1007 580 993 587 1009 ship 0.3469
592 530 601 522 616 539 607 547 ship 0.3469
1522 286 1527 276 1549 288 1544 297 ship 0.3468
746 996 744 983 771 979 773 993 ship 0.3467
299 624 297 609 331 602 334 617 ship 0.3463
1512 396 1509 380 1541 373 1544 388 ship 0.3462
1453 656 1448 635 1499 623 1504 645 ship 0.3461
861 921 855 904 891 893 896 909 ship 0.3459
595 594 600 582 624 592 619 604 ship 0.3455
740 1013 740 999 768 997 769 1012 ship 0.3448
846 868 841 850 877 841 881 859 ship 0.3448
1649 904 1645 887 1684 877 1689 894 ship 0.3437
1688 847 1682 830 1719 817 1725 835 ship 0.3437
1936 1072 1932 1055 1976 1046 1979 1063 ship 0.3436
981 498 975 479 1024 462 1030 482 ship 0.3423
1536 423 1533 408 1560 403 1562 418 ship 0.3419
1909 958 1903 941 1941 930 1946 947 ship 0.3419
477 590 479 578 507 583 505 595 ship 0.3417
1587 643 1584 627 1615 621 1618 636 ship 0.3415
1410 540 1409 525 1448 520 1449 536 ship 0.3415
489 816 484 800 517 790 522 806 ship 0.3413
1996 808 1993 791 2035 783 2038 800 ship 0.3398
873 774 865 756 907 737 915 755 ship 0.3396
498 861 494 844 532 835 536 852 ship 0.3395
1784 695 1780 676 1829 667 1832 687 ship 0.3394
1118 947 1111 927 1161 912 1167 931 ship 0.3390
1556 506 1553 491 1581 485 1584 500 ship 0.3383
406 977 403 958 444 950 448 970 ship 0.3381
1492 329 1491 316 1522 313 1523 326 ship 0.3379
1930 1105 1926 1086 1974 1075 1979 1093 ship 0.3364
756 584 752 568 784 559 788 575 ship 0.3361
1014 604 1009 584 1060 570 1065 590 ship 0.3358
715 879 713 867 735 863 737 875 ship 0.3347
1871 771 1871 758 1895 758 1895 770 ship 0.3345
356 812 352 793 394 783 398 802 ship 0.3331
1133 1000 1125 979 1177 960 1184 981 ship 0.3327
1495 297 1499 286 1524 293 1521 304 ship 0.3326
1892 886 1887 867 1930 854 1935 873 ship 0.3325
761 603 757 587 792 578 796 594 ship 0.3316
828 640 822 623 860 609 867 627 ship 0.3313
793 698 788 680 823 672 828 689 ship 0.3312
1640 658 1636 643 1668 634 1673 649 ship 0.3309
1911 977 1906 961 1940 949 1946 966 ship 0.3292
720 828 715 814 744 803 749 817 ship 0.3292
306 909 300 888 357 872 364 893 ship 0.3287
739 1044 737 1027 773 1023 775 1039 ship 0.3284
811 585 804 566 849 551 855 569 ship 0.3279
726 843 722 830 748 823 752 836 ship 0.3278
1064 996 1059 977 1103 966 1108 985 ship 0.3276
1683 827 1677 810 1712 799 1718 816 ship 0.3270
1500 845 1496 824 1546 815 1549 836 ship 0.3266
903 474 898 456 944 443 950 462 ship 0.3259
2053 741 2049 720 2109 707 2113 727 ship 0.3254
440 572 442 561 463 564 461 575 ship 0.3225
1527 258 1533 249 1554 264 1548 273 ship 0.3224
695 821 693 809 716 807 717 819 ship 0.3220
338 754 331 736 372 720 379 738 ship 0.3218
468 555 470 544 494 548 492 559 ship 0.3216
866 752 858 734 900 716 908 734 ship 0.3210
511 715 506 700 537 690 542 704 ship 0.3191
895 851 889 832 931 819 937 837 ship 0.3174
1519 922 1513 902 1564 888 1570 908 ship 0.3173
2135 1065 2129 1043 2184 1027 2190 1049 ship 0.3169
1532 944 1526 925 1578 910 1583 930 ship 0.3168
465 612 467 601 488 604 486 615 ship 0.3168
508 694 504 678 538 670 541 686 ship 0.3167
767 619 762 603 798 593 802 609 ship 0.3165
1587 664 1583 647 1619 640 1622 657 ship 0.3162
1850 952 1844 934 1880 921 1887 939 ship 0.3158
557 1036 551 1021 586 1006 593 1022 ship 0.3157
1822 865 1817 846 1861 836 1866 856 ship 0.3149
1462 837 1476 830 1491 863 1477 870 ship 0.3147
808 753 803 736 840 725 845 742 ship 0.3146
922 445 921 429 953 427 954 443 ship 0.3114
586 960 580 943 621 929 626 946 ship 0.3109
929 565 924 546 971 534 976 554 ship 0.3099
1515 320 1517 309 1541 314 1539 325 ship 0.3097
962 648 956 629 1000 613 1007 632 ship 0.3093
762 1032 760 1015 798 1012 800 1029 ship 0.3086
1023 863 1019 844 1066 835 1069 855 ship 0.3062
907 888 900 870 942 853 949 871 ship 0.3051
1370 423 1370 408 1407 407 1408 423 ship 0.3048
1040 699 1035 678 1084 665 1090 685 ship 0.3044
1576 421 1571 407 1600 397 1605 411 ship 0.3034
881 793 873 776 912 757 920 775 ship 0.3030
1348 351 1347 335 1387 332 1388 348 ship 0.3027
1609 716 1604 699 1634 691 1638 708 ship 0.3026
1017 835 1012 814 1058 803 1063 824 ship 0.3023
1644 731 1639 715 1669 707 1674 723 ship 0.3016
2013 870 2011 855 2049 848 2052 863 ship 0.3015
469 739 465 723 495 714 500 729 ship 0.3010
740 463 741 448 771 451 770 466 ship 0.3009
372 855 366 837 404 823 411 841 ship 0.2994
2001 791 1997 773 2035 764 2039 781 ship 0.2994
1929 1036 1922 1019 1962 1001 1969 1018 ship 0.2979
974 473 967 455 1011 438 1017 456 ship 0.2978
1546 348 1549 337 1573 344 1569 355 ship 0.2974
486 614 486 602 512 602 512 614 ship 0.2969
914 904 907 886 948 870 955 888 ship 0.2967
492 634 491 623 515 621 516 632 ship 0.2965
790 675 785 658 817 650 821 667 ship 0.2938
936 584 931 564 975 552 980 571 ship 0.2938
2105 987 2101 963 2174 952 2177 976 ship 0.2923
1433 586 1426 567 1477 550 1483 570 ship 0.2920
574 1003 569 989 597 979 601 993 ship 0.2918
301 889 297 868 350 858 354 879 ship 0.2909
1036 909 1032 888 1079 878 1084 898 ship 0.2900
1904 1035 1898 1020 1927 1010 1933 1024 ship 0.2900
868 940 863 925 897 915 902 931 ship 0.2887
458 638 458 627 479 625 480 637 ship 0.2883
1889 1096 1884 1080 1918 1070 1923 1086 ship 0.2882
595 505 604 499 617 520 608 526 ship 0.2878
505 881 501 865 537 856 541 873 ship 0.2864
440 554 443 543 465 549 462 560 ship 0.2857
1541 311 1547 302 1566 314 1560 323 ship 0.2832
1391 497 1392 483 1423 483 1423 497 ship 0.2818
924 961 919 945 952 935 957 950 ship 0.2814
285 702 281 686 315 679 318 694 ship 0.2808
1794 741 1796 727 1825 731 1823 745 ship 0.2799
1019 623 1014 604 1064 590 1069 609 ship 0.2798
1491 793 1487 772 1538 760 1543 780 ship 0.2793
1075 814 1070 792 1122 779 1128 800 ship 0.2779
785 579 781 565 808 557 812 571 ship 0.2774
840 754 834 739 864 727 871 742 ship 0.2773
1663 931 1657 913 1703 897 1709 914 ship 0.2765
601 1001 595 986 631 972 637 988 ship 0.2764
773 637 769 622 804 612 808 628 ship 0.2763
595 979 590 963 628 951 633 967 ship 0.2761
598 1022 591 1005 631 988 638 1005 ship 0.2725
811 598 807 583 839 575 843 590 ship 0.2725
1912 997 1908 982 1940 972 1945 988 ship 0.2721
1701 907 1706 890 1743 900 1738 917 ship 0.2717
1810 814 1808 798 1848 791 1851 807 ship 0.2716
1539 282 1546 274 1564 288 1557 297 ship 0.2714
1123 966 1116 947 1170 927 1177 947 ship 0.2713
1511 870 1506 849 1558 837 1563 857 ship 0.2706
959 625 952 606 990 590 997 609 ship 0.2698
398 944 393 925 434 913 440 932 ship 0.2697
343 1027 334 1001 408 974 417 1000 ship 0.2689
1493 951 1502 939 1529 959 1520 971 ship 0.2688
2067 832 2062 811 2124 796 2129 816 ship 0.2679
823 695 818 679 847 670 852 686 ship 0.2639
365 832 360 815 398 802 404 820 ship 0.2638
574 526 581 516 601 532 593 542 ship 0.2621
562 939 560 926 583 922 586 935 ship 0.2616
1393 546 1399 535 1424 549 1418 561 ship 0.2613
1027 645 1021 627 1068 610 1074 629 ship 0.2610
921 515 916 494 959 484 964 505 ship 0.2609
1543 327 1548 317 1568 328 1563 337 ship 0.2605
850 713 844 697 878 685 884 701 ship 0.2585
849 882 845 866 881 856 885 872 ship 0.2564
1507 268 1512 259 1533 272 1527 281 ship 0.2546
999 550 991 531 1038 512 1046 532 ship 0.2542
277 792 270 771 322 755 328 776 ship 0.2535
1892 1059 1887 1045 1916 1034 1921 1049 ship 0.2528
322 966 316 944 379 928 385 950 ship 0.2523
2050 1032 2045 1012 2091 1001 2096 1021 ship 0.2515
1035 889 1030 869 1074 859 1078 880 ship 0.2515
1055 954 1050 936 1093 922 1099 940 ship 0.2508
889 1020 882 1001 929 984 935 1003 ship 0.2501
1605 735 1601 719 1637 710 1641 727 ship 0.2498
880 865 877 850 907 844 910 860 ship 0.2466
801 641 798 626 826 619 829 634 ship 0.2407
980 718 974 698 1020 684 1026 704 ship 0.2395
2038 947 2034 927 2076 918 2080 938 ship 0.2394
98 785 107 776 128 796 119 805 ship 0.2390
1676 968 1668 946 1725 926 1733 949 ship 0.2371
277 565 286 558 302 579 293 586 ship 0.2367
1090 852 1083 832 1131 815 1138 835 ship 0.2354
1394 512 1395 499 1422 501 1421 514 ship 0.2347
589 1046 581 1027 633 1004 641 1023 ship 0.2336
2141 614 2157 616 2152 651 2137 649 ship 0.2321
408 998 407 977 455 975 456 996 ship 0.2310
796 710 793 695 827 688 830 703 ship 0.2297
1017 818 1010 799 1051 785 1057 805 ship 0.2294
308 731 306 714 339 710 341 728 ship 0.2284
1890 755 1890 742 1923 743 1923 756 ship 0.2271
2056 775 2053 754 2114 743 2118 764 ship 0.2259
117 808 126 801 143 822 134 829 ship 0.2235
1301 831 1299 808 1356 804 1358 827 ship 0.2232
951 487 950 470 983 468 984 486 ship 0.2198
2025 844 2024 829 2053 827 2054 841 ship 0.2192
1868 981 1862 964 1906 949 1912 967 ship 0.2175
984 737 978 718 1024 705 1029 724 ship 0.2166
1597 580 1592 563 1631 550 1637 568 ship 0.2156
1055 930 1049 911 1087 901 1092 919 ship 0.2155
108 818 117 808 138 828 129 837 ship 0.2134
1294 772 1291 749 1343 743 1346 766 ship 0.2128
284 608 288 596 309 603 304 615 ship 0.2113
474 539 477 528 504 535 501 546 ship 0.2106
939 1015 934 996 982 984 986 1004 ship 0.2097
2093 615 2106 613 2110 643 2096 645 ship 0.2094
1911 613 1923 610 1931 635 1919 638 ship 0.2083
90 764 95 752 122 763 117 775 ship 0.2078
2091 909 2086 885 2156 871 2161 895 ship 0.2068
2130 615 2144 617 2139 648 2125 646 ship 0.2037
788 432 789 417 828 418 827 434 ship 0.2036
996 571 989 551 1040 532 1047 552 ship 0.2029
571 511 579 503 598 520 590 529 ship 0.1987
2054 1056 2050 1036 2095 1026 2099 1046 ship 0.1982
1504 935 1507 920 1539 928 1536 942 ship 0.1954
1990 741 1990 725 2028 724 2028 741 ship 0.1943
250 578 258 570 275 586 267 595 ship 0.1939
1413 209 1428 205 1439 248 1425 252 ship 0.1937
1380 478 1384 467 1408 475 1404 486 ship 0.1931
2120 28 2135 16 2157 46 2142 57 ship 0.1924
2012 678 2021 670 2040 691 2031 699 ship 0.1913
2011 697 2019 686 2044 706 2035 716 ship 0.1878
1101 1003 1097 985 1131 976 1135 994 ship 0.1877
1927 619 1938 614 1948 634 1938 640 ship 0.1865
1332 312 1337 298 1368 310 1363 324 ship 0.1860
1897 612 1908 608 1916 631 1905 635 ship 0.1859
2028 787 2028 772 2060 772 2060 787 ship 0.1846
2071 646 2079 637 2098 653 2090 662 ship 0.1840
767 988 763 973 794 966 797 981 ship 0.1823
95 846 104 832 133 849 125 863 ship 0.1813
1747 983 1760 970 1787 996 1775 1009 ship 0.1801
2074 615 2086 610 2097 638 2085 643 ship 0.1779
1414 591 1414 576 1446 576 1446 591 ship 0.1770
1719 948 1727 932 1763 948 1755 964 ship 0.1752
1485 807 1484 787 1529 786 1530 805 ship 0.1741
74 859 79 840 119 851 114 871 ship 0.1739
692 839 692 827 718 826 719 838 ship 0.1724
2032 766 2032 750 2064 749 2064 765 ship 0.1721
1864 754 1867 743 1889 748 1886 759 ship 0.1718
960 663 955 645 995 632 1001 650 ship 0.1705
2054 647 2062 638 2079 654 2071 662 ship 0.1705
1047 780 1040 760 1091 741 1098 761 ship 0.1703
231 581 239 571 263 590 255 600 ship 0.1696
1287 1083 1283 1067 1322 1057 1327 1073 ship 0.1696
781 449 778 433 816 427 818 442 ship 0.1692
602 490 611 485 623 507 614 512 ship 0.1691
823 374 839 366 857 405 841 413 ship 0.1638
87 746 88 731 122 734 121 748 ship 0.1482
506 464 523 460 533 509 516 513 ship 0.1348
803 390 815 377 846 405 834 418 ship 0.1340
105 907 133 889 170 946 142 964 ship 0.1324
1227 655 1327 624 1425 944 1325 974 ship 0.1172
1265 669 1271 647 1321 660 1315 682 ship 0.1002
1265 669 1271 647 1321 660 1315 682 storage-tank 0.1984
2120 28 2135 16 2157 46 2142 57 storage-tank 0.1172
106 789 117 781 136 805 125 813 storage-tank 0.1131
90 783 100 776 114 798 104 805 storage-tank 0.1122
899 434 896 416 935 410 938 427 storage-tank 0.1032
269 358 337 350 346 424 278 432 roundabout 0.2798
1957 717 2081 678 2200 1055 2077 1094 harbor 0.5007
1799 735 1907 712 1989 1100 1881 1122 harbor 0.3854
9 836 100 783 214 978 123 1031 harbor 0.3712
497 453 515 449 530 512 512 517 harbor 0.3185
190 602 303 561 474 1032 361 1073 harbor 0.2830
951 569 1065 535 1203 994 1089 1028 harbor 0.2712
64 880 66 853 123 857 121 885 harbor 0.2697
823 374 839 366 857 405 841 413 harbor 0.2694
395 552 490 522 656 1039 561 1070 harbor 0.2542
714 455 813 422 963 868 865 901 harbor 0.2528
1316 252 1370 173 1516 273 1463 352 harbor 0.2174
1330 286 1439 258 1562 738 1453 766 harbor 0.2022
1892 789 1869 718 2046 660 2069 731 harbor 0.1916
457 444 526 403 602 532 533 573 harbor 0.1889
105 907 133 889 170 946 142 964 harbor 0.1887
803 390 815 377 846 405 834 418 harbor 0.1861
90 743 98 729 127 746 120 759 harbor 0.1827
95 846 104 832 133 849 125 863 harbor 0.1805
1591 746 1678 714 1793 1023 1707 1055 harbor 0.1545
605 592 668 572 825 1053 761 1074 harbor 0.1505
90 764 95 752 122 763 117 775 harbor 0.1412
788 432 789 417 828 418 827 434 harbor 0.1335
1166 296 1267 280 1391 1037 1291 1053 harbor 0.1308
108 818 117 808 138 828 129 837 harbor 0.1229
623 501 634 496 646 521 634 526 harbor 0.1082
132 657 120 540 302 521 314 638 harbor 0.1029
