2021 112 2021 91 2062 92 2061 113 plane 0.1704
1229 21 1237 1 1274 15 1266 35 plane 0.1473
1456 1959 1450 1940 1492 1928 1498 1947 ship 0.5195
580 456 571 438 622 413 631 431 ship 0.4933
841 793 831 775 883 747 892 766 ship 0.4900
864 1386 849 1366 895 1331 910 1351 ship 0.4851
1503 2035 1498 2017 1537 2006 1542 2024 ship 0.4841
774 952 789 950 795 997 779 998 ship 0.4833
804 933 820 930 827 978 811 981 ship 0.4821
1230 1863 1219 1845 1260 1821 1271 1840 ship 0.4762
1678 1933 1668 1913 1716 1891 1725 1911 ship 0.4727
1294 2101 1287 2082 1328 2066 1335 2086 ship 0.4710
532 626 549 621 564 671 547 676 ship 0.4679
1576 1771 1579 1755 1612 1762 1609 1778 ship 0.4668
1403 1870 1408 1851 1450 1863 1445 1881 ship 0.4658
1602 1805 1609 1792 1638 1807 1631 1820 ship 0.4647
1566 1755 1563 1737 1601 1731 1604 1749 ship 0.4642
886 894 901 887 919 926 905 932 ship 0.4635
597 741 614 737 626 782 609 787 ship 0.4629
484 501 481 481 528 474 531 494 ship 0.4627
1469 1976 1463 1957 1504 1943 1511 1963 ship 0.4614
1016 806 1031 805 1033 851 1018 851 ship 0.4586
1254 2028 1246 2011 1285 1995 1292 2012 ship 0.4579
1148 1853 1147 1835 1183 1832 1185 1849 ship 0.4556
1171 1893 1173 1877 1207 1881 1204 1897 ship 0.4535
1681 2701 1674 2682 1718 2665 1726 2684 ship 0.4530
1261 1901 1251 1885 1287 1862 1297 1878 ship 0.4518
1223 1982 1223 1965 1259 1966 1258 1983 ship 0.4513
528 931 539 918 566 942 555 955 ship 0.4501
1655 1899 1648 1882 1688 1866 1695 1883 ship 0.4490
1491 1545 1481 1526 1523 1503 1533 1522 ship 0.4473
1419 1788 1408 1771 1449 1746 1460 1764 ship 0.4470
596 1059 601 1043 640 1055 635 1071 ship 0.4468
651 411 644 393 684 377 691 395 ship 0.4455
923 1483 910 1464 956 1433 969 1453 ship 0.4443
617 217 632 215 637 257 622 259 ship 0.4405
1561 2018 1561 1999 1608 1999 1608 2017 ship 0.4404
750 965 766 960 779 1007 762 1012 ship 0.4400
688 708 688 689 732 689 733 708 ship 0.4397
1525 2036 1527 2017 1570 2023 1568 2041 ship 0.4356
1553 1973 1549 1955 1589 1947 1592 1965 ship 0.4355
1359 2183 1357 2164 1399 2160 1400 2178 ship 0.4348
1325 2141 1316 2122 1353 2105 1362 2124 ship 0.4343
873 903 887 895 908 935 894 942 ship 0.4343
768 654 783 649 796 688 781 693 ship 0.4335
1490 2006 1482 1989 1516 1973 1524 1990 ship 0.4329
837 1341 825 1320 871 1292 884 1313 ship 0.4327
1459 1810 1468 1798 1499 1822 1489 1834 ship 0.4320
719 980 735 975 749 1022 734 1027 ship 0.4319
1604 2576 1606 2559 1646 2563 1644 2580 ship 0.4317
1819 2922 1821 2906 1861 2911 1859 2928 ship 0.4307
860 752 864 735 908 745 905 762 ship 0.4303
895 724 907 716 929 749 917 757 ship 0.4300
587 1029 595 1015 628 1035 619 1050 ship 0.4299
1367 1719 1354 1701 1397 1670 1410 1688 ship 0.4294
1171 1870 1172 1853 1204 1856 1203 1873 ship 0.4290
1279 2077 1275 2057 1318 2048 1322 2068 ship 0.4279
1634 1725 1644 1713 1670 1738 1659 1749 ship 0.4264
959 1533 945 1516 983 1484 998 1501 ship 0.4264
965 839 980 838 982 878 966 879 ship 0.4264
1243 2010 1239 1994 1275 1985 1279 2001 ship 0.4263
1347 2042 1348 2026 1388 2027 1387 2044 ship 0.4263
1750 2817 1742 2798 1788 2779 1796 2798 ship 0.4255
1285 1951 1278 1934 1319 1915 1327 1932 ship 0.4246
1264 2051 1260 2033 1298 2023 1303 2041 ship 0.4244
940 854 955 852 960 888 946 890 ship 0.4240
700 1003 714 997 730 1038 716 1044 ship 0.4237
1482 1310 1480 1291 1527 1287 1528 1306 ship 0.4235
1558 1991 1554 1972 1601 1963 1604 1982 ship 0.4235
1295 1963 1287 1946 1326 1929 1333 1946 ship 0.4218
570 1004 579 990 611 1012 602 1026 ship 0.4202
803 636 817 631 829 668 814 673 ship 0.4187
1452 1246 1460 1231 1496 1249 1488 1265 ship 0.4186
852 409 865 409 867 449 853 450 ship 0.4170
1453 1940 1451 1923 1487 1918 1489 1935 ship 0.4168
1405 1769 1393 1752 1433 1725 1444 1742 ship 0.4162
1510 1344 1511 1325 1553 1326 1553 1345 ship 0.4158
1200 1919 1202 1903 1231 1907 1229 1923 ship 0.4157
1554 1635 1544 1619 1583 1595 1593 1611 ship 0.4156
711 359 705 342 747 327 753 343 ship 0.4156
556 984 563 969 595 985 588 999 ship 0.4147
1464 1832 1474 1821 1500 1844 1490 1855 ship 0.4142
508 905 518 894 545 918 535 929 ship 0.4138
887 1418 871 1398 913 1365 928 1385 ship 0.4130
1003 820 1018 819 1020 861 1005 862 ship 0.4126
840 912 855 908 866 948 851 952 ship 0.4104
719 870 707 853 752 821 764 838 ship 0.4103
917 1326 904 1308 946 1278 958 1296 ship 0.4090
893 534 908 528 922 566 908 571 ship 0.4076
1439 1229 1442 1212 1481 1220 1478 1237 ship 0.4063
1721 2772 1713 2752 1761 2733 1768 2753 ship 0.4039
1603 2355 1617 2349 1632 2386 1618 2392 ship 0.4038
626 731 641 726 654 766 638 771 ship 0.4038
910 530 923 523 942 558 929 565 ship 0.4029
1584 2364 1598 2359 1613 2396 1599 2402 ship 0.4025
1029 805 1043 804 1044 844 1029 844 ship 0.4017
659 555 675 551 684 593 668 597 ship 0.4017
1540 1387 1539 1368 1582 1366 1583 1385 ship 0.4014
610 580 625 579 628 617 613 618 ship 0.4010
849 1363 837 1342 883 1314 896 1335 ship 0.4005
1379 1729 1368 1713 1406 1686 1417 1702 ship 0.3998
832 421 845 421 846 457 832 457 ship 0.3991
1653 2662 1652 2645 1694 2644 1695 2661 ship 0.3991
1273 1933 1263 1916 1304 1891 1314 1907 ship 0.3990
1618 1824 1625 1810 1654 1823 1647 1837 ship 0.3990
1563 1657 1553 1641 1591 1617 1601 1633 ship 0.3971
781 453 795 454 793 489 779 488 ship 0.3970
1102 1790 1090 1772 1131 1747 1142 1765 ship 0.3967
1390 1748 1377 1732 1416 1701 1429 1718 ship 0.3965
965 1398 955 1380 997 1355 1008 1373 ship 0.3964
447 515 457 499 498 524 489 540 ship 0.3963
1430 1787 1431 1771 1468 1773 1467 1789 ship 0.3961
824 444 838 444 840 480 826 481 ship 0.3960
784 638 799 633 812 669 797 674 ship 0.3943
758 455 773 456 773 493 758 493 ship 0.3941
746 881 734 865 772 835 785 851 ship 0.3940
1246 1888 1236 1871 1273 1849 1283 1866 ship 0.3938
1491 1869 1498 1856 1528 1873 1520 1886 ship 0.3934
877 401 891 399 897 442 882 444 ship 0.3926
588 582 603 580 609 619 595 621 ship 0.3920
554 620 570 616 579 658 563 661 ship 0.3914
1382 1481 1372 1462 1420 1436 1431 1455 ship 0.3903
914 697 930 697 931 739 915 740 ship 0.3902
787 949 803 946 810 990 794 993 ship 0.3892
438 517 453 505 485 546 470 558 ship 0.3883
1509 2008 1504 1993 1534 1983 1539 1999 ship 0.3860
474 872 480 857 515 872 509 887 ship 0.3851
809 453 823 454 822 488 808 488 ship 0.3847
525 485 522 469 555 462 558 478 ship 0.3845
1507 1568 1498 1550 1536 1529 1546 1546 ship 0.3841
1839 2959 1837 2942 1875 2939 1877 2956 ship 0.3834
619 1089 621 1072 658 1075 657 1092 ship 0.3829
581 250 595 246 608 285 594 290 ship 0.3826
818 617 833 613 842 649 828 653 ship 0.3824
891 764 897 750 930 765 924 779 ship 0.3824
1341 1779 1340 1763 1375 1760 1376 1776 ship 0.3822
1409 1190 1406 1171 1452 1165 1454 1184 ship 0.3821
1330 2015 1333 2000 1367 2007 1363 2023 ship 0.3814
1969 2897 1975 2883 2006 2897 2000 2911 ship 0.3812
1873 3009 1870 2990 1912 2984 1914 3003 ship 0.3802
1520 1921 1520 1905 1556 1906 1556 1922 ship 0.3798
1393 2121 1390 2103 1434 2095 1437 2112 ship 0.3798
1927 2994 1944 2988 1958 3026 1941 3032 ship 0.3796
1743 2536 1748 2521 1786 2534 1781 2549 ship 0.3788
1793 2633 1798 2618 1832 2630 1827 2644 ship 0.3788
955 1380 945 1361 986 1338 996 1357 ship 0.3784
2072 2920 2088 2915 2104 2958 2088 2964 ship 0.3780
1682 1824 1691 1808 1729 1830 1720 1845 ship 0.3770
991 827 1006 828 1004 863 990 863 ship 0.3760
1396 2135 1395 2118 1438 2115 1440 2132 ship 0.3760
1525 1595 1517 1578 1552 1560 1561 1576 ship 0.3759
695 531 709 527 720 566 706 570 ship 0.3757
1650 2323 1663 2316 1681 2350 1668 2357 ship 0.3754
675 550 690 545 703 585 687 590 ship 0.3753
479 886 488 873 520 895 512 908 ship 0.3750
1800 2894 1805 2879 1840 2891 1835 2906 ship 0.3748
1968 2932 1968 2917 2003 2916 2003 2931 ship 0.3741
715 687 725 674 756 696 745 710 ship 0.3739
940 710 955 709 959 746 944 747 ship 0.3739
1515 1695 1510 1679 1546 1667 1552 1683 ship 0.3735
1334 2149 1330 2132 1364 2126 1367 2142 ship 0.3724
630 570 646 568 650 604 634 606 ship 0.3719
1643 2637 1642 2620 1683 2619 1684 2636 ship 0.3717
1267 1912 1261 1897 1294 1883 1301 1897 ship 0.3716
1132 1830 1123 1814 1159 1796 1168 1812 ship 0.3714
1088 774 1102 770 1113 813 1098 817 ship 0.3711
913 888 926 884 938 917 925 922 ship 0.3710
743 488 756 487 761 522 748 524 ship 0.3706
1535 1722 1528 1708 1561 1692 1568 1706 ship 0.3701
925 870 939 866 948 902 934 906 ship 0.3700
944 1367 932 1348 974 1321 986 1340 ship 0.3698
1563 2376 1578 2370 1592 2410 1576 2415 ship 0.3697
1541 1740 1535 1723 1572 1708 1579 1724 ship 0.3695
1632 1858 1632 1841 1664 1841 1665 1857 ship 0.3695
1206 1889 1208 1873 1237 1877 1235 1892 ship 0.3693
1940 2874 1947 2861 1976 2877 1969 2890 ship 0.3690
1992 2897 2000 2884 2031 2901 2023 2914 ship 0.3687
1395 1159 1397 1140 1441 1145 1439 1164 ship 0.3685
1463 1502 1456 1485 1495 1469 1502 1487 ship 0.3683
1468 1272 1472 1256 1508 1265 1504 1281 ship 0.3680
836 604 850 600 861 635 847 639 ship 0.3677
458 830 465 814 502 830 496 846 ship 0.3671
1581 2532 1586 2516 1624 2528 1619 2543 ship 0.3668
1709 2746 1700 2728 1742 2709 1750 2728 ship 0.3659
1101 780 1113 771 1141 809 1128 818 ship 0.3656
646 1083 650 1067 684 1075 680 1091 ship 0.3655
731 509 745 506 753 544 739 546 ship 0.3652
1495 1899 1499 1885 1531 1894 1527 1908 ship 0.3648
962 701 979 698 986 743 970 746 ship 0.3640
713 999 727 995 737 1032 724 1036 ship 0.3632
1749 2565 1752 2549 1786 2555 1783 2571 ship 0.3625
440 313 456 306 474 348 458 355 ship 0.3616
692 380 687 364 726 353 731 369 ship 0.3612
1362 1355 1354 1336 1400 1317 1408 1336 ship 0.3607
1652 1764 1661 1753 1687 1774 1678 1786 ship 0.3603
1517 1658 1513 1642 1547 1633 1551 1650 ship 0.3602
746 668 760 661 775 694 760 701 ship 0.3599
1616 2596 1616 2579 1653 2579 1652 2596 ship 0.3599
412 759 415 742 454 748 452 764 ship 0.3596
1205 1951 1207 1935 1240 1939 1238 1955 ship 0.3591
1736 2790 1728 2771 1773 2753 1780 2772 ship 0.3590
861 389 876 388 878 432 864 433 ship 0.3585
1377 2089 1372 2073 1409 2061 1414 2077 ship 0.3578
1682 2307 1695 2300 1713 2333 1700 2340 ship 0.3577
823 924 838 921 846 962 831 965 ship 0.3575
624 433 616 417 654 398 662 414 ship 0.3571
1092 1774 1081 1754 1124 1731 1135 1750 ship 0.3564
630 211 644 208 650 245 636 247 ship 0.3559
716 523 730 520 737 557 723 559 ship 0.3548
937 1506 923 1488 968 1455 981 1473 ship 0.3542
1431 1903 1432 1887 1465 1891 1463 1907 ship 0.3524
695 1039 705 1031 727 1058 717 1067 ship 0.3514
642 724 654 714 677 742 666 752 ship 0.3509
685 170 701 168 705 213 690 215 ship 0.3509
1791 2611 1796 2597 1830 2608 1826 2622 ship 0.3496
1176 1851 1177 1835 1209 1837 1208 1853 ship 0.3487
746 345 744 329 782 324 783 341 ship 0.3487
1653 1870 1653 1853 1688 1853 1688 1870 ship 0.3485
1121 1816 1111 1801 1144 1780 1154 1795 ship 0.3483
602 237 615 231 631 267 617 273 ship 0.3480
1596 1792 1602 1777 1633 1790 1627 1804 ship 0.3474
1961 2948 1959 2933 1994 2927 1997 2942 ship 0.3471
1632 2332 1644 2326 1660 2356 1648 2362 ship 0.3469
1060 785 1074 785 1075 822 1060 822 ship 0.3461
775 332 772 317 808 311 810 327 ship 0.3458
1052 808 1065 807 1067 838 1053 839 ship 0.3456
1447 1469 1441 1450 1484 1437 1490 1456 ship 0.3448
1217 1844 1212 1826 1251 1816 1256 1834 ship 0.3445
680 1066 687 1052 717 1068 709 1081 ship 0.3441
566 611 581 608 589 648 574 651 ship 0.3438
1634 2622 1632 2606 1669 2601 1671 2617 ship 0.3433
1608 1735 1617 1723 1641 1741 1632 1753 ship 0.3428
795 319 793 304 832 297 835 312 ship 0.3425
1917 2586 1916 2570 1954 2568 1955 2585 ship 0.3419
1965 2876 1973 2864 2002 2883 1994 2896 ship 0.3409
545 956 555 944 580 965 570 977 ship 0.3405
1623 1802 1631 1791 1655 1809 1647 1820 ship 0.3402
1856 2990 1853 2973 1889 2966 1892 2983 ship 0.3398
234 486 231 471 267 464 270 480 ship 0.3398
1310 2117 1302 2098 1340 2082 1349 2101 ship 0.3389
1657 1795 1666 1784 1693 1804 1684 1815 ship 0.3385
1632 1766 1641 1756 1664 1775 1655 1785 ship 0.3383
1347 1754 1344 1738 1376 1731 1379 1747 ship 0.3381
1567 1676 1561 1662 1593 1648 1599 1662 ship 0.3370
1381 2163 1381 2146 1423 2146 1423 2162 ship 0.3368
1941 2858 1949 2846 1977 2863 1970 2875 ship 0.3351
1486 1640 1481 1622 1517 1612 1522 1630 ship 0.3348
643 197 658 196 661 235 646 236 ship 0.3346
1113 1802 1103 1785 1141 1762 1152 1779 ship 0.3341
574 584 589 581 596 617 581 620 ship 0.3339
1986 2917 1989 2902 2023 2909 2020 2924 ship 0.3330
1666 2681 1664 2662 1709 2658 1711 2676 ship 0.3323
845 588 858 584 868 616 856 620 ship 0.3321
1380 1776 1378 1760 1410 1757 1411 1773 ship 0.3309
1490 1751 1488 1736 1527 1730 1529 1746 ship 0.3304
1655 1822 1663 1809 1692 1826 1684 1840 ship 0.3300
1144 1837 1141 1822 1173 1815 1177 1831 ship 0.3297
952 849 966 848 970 878 957 880 ship 0.3295
1452 1791 1458 1778 1492 1793 1485 1807 ship 0.3284
489 285 506 282 515 328 499 332 ship 0.3282
674 179 690 178 691 219 676 219 ship 0.3269
1457 1487 1451 1470 1486 1458 1492 1475 ship 0.3266
1610 2340 1621 2332 1640 2359 1629 2367 ship 0.3259
1081 1758 1069 1738 1113 1710 1125 1730 ship 0.3251
1487 1925 1488 1910 1520 1911 1520 1926 ship 0.3247
913 1446 900 1427 939 1400 952 1419 ship 0.3245
1679 1856 1681 1838 1723 1844 1721 1861 ship 0.3232
1362 1099 1373 1085 1402 1108 1392 1121 ship 0.3215
1429 1844 1438 1833 1464 1852 1455 1864 ship 0.3209
873 550 887 545 897 576 884 580 ship 0.3205
1776 2595 1778 2580 1809 2585 1807 2599 ship 0.3202
1053 1550 1043 1534 1082 1508 1092 1525 ship 0.3200
857 578 869 572 881 599 869 605 ship 0.3198
1070 782 1085 780 1088 820 1073 821 ship 0.3182
1823 2661 1827 2647 1857 2657 1852 2671 ship 0.3175
1466 1865 1473 1854 1497 1870 1489 1881 ship 0.3168
1532 1619 1526 1603 1561 1589 1567 1606 ship 0.3168
925 537 935 527 961 554 951 563 ship 0.3161
1055 1718 1045 1696 1096 1672 1106 1694 ship 0.3157
1947 2971 1951 2958 1982 2969 1978 2981 ship 0.3154
1372 1798 1372 1782 1402 1783 1402 1798 ship 0.3154
1379 1130 1387 1114 1425 1132 1417 1148 ship 0.3149
2077 2908 2090 2899 2111 2932 2098 2940 ship 0.3128
1357 2062 1356 2048 1389 2045 1391 2060 ship 0.3127
1920 2853 1928 2841 1954 2857 1947 2869 ship 0.3119
1518 1978 1516 1962 1546 1959 1547 1975 ship 0.3118
1460 1907 1463 1893 1491 1900 1488 1914 ship 0.3105
927 1350 917 1332 954 1311 964 1328 ship 0.3096
1906 2572 1906 2556 1943 2557 1942 2573 ship 0.3095
561 266 575 260 591 295 577 302 ship 0.3079
503 280 519 276 529 319 513 323 ship 0.3076
353 364 371 353 411 414 392 426 ship 0.3076
901 1300 891 1281 934 1257 945 1276 ship 0.3045
1426 1212 1427 1195 1465 1196 1464 1213 ship 0.3041
1911 2826 1918 2815 1944 2832 1937 2844 ship 0.3032
1863 2752 1868 2738 1900 2749 1895 2763 ship 0.3023
1151 1110 1149 1093 1186 1089 1188 1106 ship 0.3021
1420 1471 1412 1452 1452 1434 1461 1453 ship 0.3021
1933 2621 1935 2605 1970 2609 1968 2625 ship 0.3019
1523 1357 1527 1339 1566 1348 1562 1365 ship 0.3014
1525 1949 1524 1933 1556 1932 1557 1948 ship 0.3014
1300 1988 1298 1973 1330 1970 1331 1985 ship 0.3008
594 1072 604 1061 629 1084 618 1095 ship 0.3008
1762 2829 1756 2811 1795 2798 1801 2815 ship 0.3008
1562 1714 1558 1700 1588 1692 1591 1706 ship 0.3004
1241 1912 1240 1897 1267 1896 1268 1911 ship 0.2999
1369 2146 1369 2130 1404 2131 1404 2147 ship 0.2988
2053 2910 2065 2900 2085 2925 2073 2935 ship 0.2980
1322 1730 1318 1714 1351 1707 1354 1723 ship 0.2979
1320 2001 1320 1985 1354 1984 1355 2000 ship 0.2966
1950 2958 1953 2944 1986 2950 1984 2964 ship 0.2957
1414 1520 1410 1502 1443 1494 1447 1512 ship 0.2953
925 522 935 511 964 537 954 548 ship 0.2947
242 510 243 495 276 497 275 511 ship 0.2939
658 719 667 706 695 724 687 737 ship 0.2937
1490 1621 1486 1605 1518 1596 1522 1613 ship 0.2937
981 1552 973 1535 1005 1520 1013 1537 ship 0.2934
2012 2736 2015 2720 2050 2727 2047 2743 ship 0.2934
550 469 546 454 579 446 583 461 ship 0.2928
1526 2294 1535 2282 1562 2301 1553 2313 ship 0.2922
972 1420 965 1405 1000 1386 1008 1401 ship 0.2922
1289 1885 1284 1869 1324 1855 1329 1871 ship 0.2921
1417 1491 1409 1473 1444 1458 1451 1475 ship 0.2918
916 1411 905 1393 941 1373 951 1391 ship 0.2912
2018 2906 2027 2893 2053 2911 2044 2923 ship 0.2903
1349 1070 1361 1059 1385 1085 1373 1096 ship 0.2898
220 456 214 439 252 425 258 442 ship 0.2886
2085 2860 2089 2846 2120 2853 2117 2868 ship 0.2872
1047 1537 1035 1520 1075 1491 1087 1508 ship 0.2871
680 89 679 70 723 68 724 86 ship 0.2869
1360 1700 1349 1683 1388 1657 1399 1675 ship 0.2866
986 1580 980 1562 1017 1548 1023 1566 ship 0.2858
-4 2561 18 2548 52 2607 29 2620 ship 0.2854
838 1068 838 1053 885 1053 885 1067 ship 0.2850
1463 1591 1459 1575 1492 1567 1496 1583 ship 0.2848
1848 2690 1851 2675 1882 2681 1879 2695 ship 0.2841
1586 1706 1585 1692 1615 1690 1616 1704 ship 0.2837
817 1305 806 1288 845 1263 856 1280 ship 0.2836
988 1433 978 1416 1017 1393 1026 1410 ship 0.2835
459 299 476 295 487 340 470 344 ship 0.2828
2108 2897 2117 2886 2141 2904 2132 2915 ship 0.2827
1417 1817 1420 1802 1450 1810 1447 1825 ship 0.2826
610 556 624 554 630 587 617 590 ship 0.2825
1895 2551 1894 2535 1930 2533 1931 2549 ship 0.2823
1513 2305 1523 2293 1550 2316 1540 2327 ship 0.2813
1499 1585 1494 1569 1526 1559 1531 1574 ship 0.2804
1688 2288 1699 2280 1716 2305 1705 2313 ship 0.2802
1027 1497 1018 1480 1054 1459 1064 1475 ship 0.2795
1614 1710 1616 1695 1648 1699 1646 1714 ship 0.2791
1476 1761 1479 1747 1513 1752 1511 1766 ship 0.2783
1845 2709 1847 2695 1879 2699 1877 2713 ship 0.2778
1288 2054 1289 2038 1320 2041 1319 2056 ship 0.2773
740 998 753 995 760 1025 747 1028 ship 0.2766
1782 2873 1786 2858 1817 2865 1813 2880 ship 0.2765
1452 1771 1454 1757 1489 1762 1487 1776 ship 0.2755
640 556 654 554 661 588 646 591 ship 0.2740
2084 2901 2091 2890 2117 2906 2109 2917 ship 0.2739
1048 836 1061 833 1067 862 1054 865 ship 0.2724
1774 2856 1772 2841 1806 2836 1808 2851 ship 0.2704
1613 2323 1621 2313 1642 2330 1634 2340 ship 0.2699
791 1267 783 1250 824 1231 832 1248 ship 0.2698
1315 1868 1311 1852 1353 1841 1357 1857 ship 0.2689
880 1258 871 1242 909 1223 917 1240 ship 0.2684
999 1449 991 1433 1027 1414 1035 1430 ship 0.2680
1441 1564 1439 1547 1473 1542 1475 1559 ship 0.2678
1863 2733 1867 2719 1898 2729 1894 2742 ship 0.2674
858 926 870 919 885 945 873 952 ship 0.2663
812 1164 812 1148 857 1146 857 1163 ship 0.2662
590 564 604 560 613 590 599 594 ship 0.2662
551 593 565 591 571 622 557 625 ship 0.2662
1698 2728 1689 2711 1729 2690 1738 2708 ship 0.2656
380 736 383 721 418 726 416 741 ship 0.2656
432 800 437 785 472 795 467 811 ship 0.2652
1086 806 1097 800 1110 825 1099 831 ship 0.2649
1370 1822 1371 1808 1401 1812 1399 1826 ship 0.2641
1017 1479 1008 1462 1049 1438 1059 1456 ship 0.2639
1456 1517 1452 1500 1484 1494 1487 1511 ship 0.2632
358 687 357 669 395 668 396 685 ship 0.2624
1610 2197 1617 2183 1650 2198 1643 2212 ship 0.2623
1965 2668 1967 2651 2004 2656 2002 2672 ship 0.2593
1595 2325 1603 2314 1624 2328 1616 2339 ship 0.2591
2090 2881 2092 2868 2120 2874 2117 2887 ship 0.2571
1294 1712 1290 1695 1326 1686 1330 1703 ship 0.2564
538 270 554 266 563 307 548 310 ship 0.2562
1961 2857 1968 2845 1996 2863 1988 2875 ship 0.2556
1296 2018 1299 2004 1326 2009 1324 2023 ship 0.2556
1311 2074 1312 2059 1342 2060 1342 2075 ship 0.2554
822 1083 822 1069 863 1068 864 1082 ship 0.2552
1712 2284 1725 2279 1735 2305 1723 2310 ship 0.2547
1944 2980 1955 2971 1980 3000 1969 3009 ship 0.2540
1183 1833 1183 1818 1214 1818 1214 1833 ship 0.2538
925 735 938 730 948 757 935 762 ship 0.2533
2020 2752 2024 2736 2060 2746 2056 2761 ship 0.2521
1204 1815 1198 1798 1236 1784 1242 1801 ship 0.2516
1352 2091 1350 2077 1379 2073 1380 2087 ship 0.2514
611 730 624 725 636 756 623 761 ship 0.2512
1942 2832 1949 2820 1976 2839 1968 2850 ship 0.2512
420 334 435 327 454 367 439 374 ship 0.2508
1485 1986 1480 1969 1515 1959 1520 1977 ship 0.2506
1504 1739 1502 1724 1539 1717 1542 1731 ship 0.2502
2138 2891 2149 2881 2171 2906 2160 2916 ship 0.2490
499 911 511 902 529 925 518 934 ship 0.2485
1502 1680 1500 1664 1536 1659 1538 1675 ship 0.2484
1629 2234 1641 2226 1656 2249 1645 2257 ship 0.2481
250 540 256 526 289 539 284 552 ship 0.2476
878 1290 871 1274 907 1258 914 1274 ship 0.2472
1927 2986 1934 2975 1956 2990 1949 3000 ship 0.2472
842 1205 837 1187 881 1173 886 1191 ship 0.2467
1909 2800 1917 2789 1944 2807 1936 2818 ship 0.2462
201 423 202 405 241 406 240 424 ship 0.2454
1328 1357 1327 1340 1363 1339 1364 1357 ship 0.2454
1447 1541 1445 1524 1475 1521 1477 1538 ship 0.2451
803 824 794 809 831 786 840 801 ship 0.2447
1662 2295 1671 2286 1689 2305 1679 2314 ship 0.2442
802 1287 792 1270 833 1246 843 1264 ship 0.2422
669 1024 682 1019 694 1048 680 1053 ship 0.2406
1068 1734 1059 1714 1103 1694 1112 1714 ship 0.2405
1889 2800 1894 2788 1923 2801 1917 2813 ship 0.2395
957 520 962 507 998 520 993 534 ship 0.2392
2022 2922 2032 2909 2056 2929 2046 2941 ship 0.2388
943 1434 934 1419 966 1399 975 1414 ship 0.2383
1174 1478 1164 1463 1201 1438 1211 1453 ship 0.2381
228 471 224 455 260 446 263 462 ship 0.2374
1947 2634 1949 2619 1982 2623 1980 2638 ship 0.2370
1329 1709 1325 1693 1357 1685 1361 1701 ship 0.2364
1867 2501 1873 2486 1904 2499 1898 2514 ship 0.2361
687 866 695 853 727 872 720 885 ship 0.2359
1712 2306 1725 2301 1736 2329 1723 2335 ship 0.2358
915 1060 916 1044 951 1047 950 1063 ship 0.2353
1660 2230 1673 2223 1685 2246 1673 2253 ship 0.2348
916 565 926 554 948 573 939 584 ship 0.2346
786 1234 784 1218 820 1213 822 1229 ship 0.2345
771 1208 772 1192 804 1195 803 1211 ship 0.2333
830 1190 826 1171 874 1161 878 1180 ship 0.2326
1380 2101 1376 2084 1416 2075 1420 2092 ship 0.2316
1885 2532 1888 2517 1920 2523 1917 2538 ship 0.2313
1839 2968 1842 2953 1871 2959 1868 2974 ship 0.2306
414 769 418 754 452 764 448 779 ship 0.2304
1268 1670 1265 1653 1300 1646 1303 1662 ship 0.2296
1630 2257 1641 2249 1655 2267 1645 2275 ship 0.2295
1885 2776 1891 2765 1919 2779 1913 2791 ship 0.2294
788 445 801 443 805 471 792 473 ship 0.2292
2069 2824 2075 2810 2105 2823 2099 2837 ship 0.2291
1607 2208 1616 2197 1642 2217 1634 2229 ship 0.2290
1932 2606 1934 2591 1967 2595 1965 2610 ship 0.2288
1976 2692 1979 2676 2015 2682 2013 2698 ship 0.2288
1848 2667 1853 2653 1882 2663 1877 2677 ship 0.2285
369 704 370 688 403 691 402 706 ship 0.2278
669 714 673 699 707 709 703 724 ship 0.2264
686 394 684 379 716 375 717 390 ship 0.2260
1027 1550 1021 1535 1052 1522 1058 1537 ship 0.2254
2053 2805 2058 2790 2090 2799 2086 2814 ship 0.2252
1525 1935 1525 1918 1564 1918 1563 1935 ship 0.2240
989 1502 981 1487 1013 1472 1020 1487 ship 0.2237
296 582 298 565 333 571 331 588 ship 0.2237
1612 2236 1623 2226 1642 2248 1632 2258 ship 0.2226
1686 2265 1698 2258 1711 2279 1700 2287 ship 0.2211
754 881 752 864 787 860 789 877 ship 0.2199
1131 1069 1131 1053 1163 1055 1162 1070 ship 0.2197
1661 2261 1671 2254 1685 2272 1674 2280 ship 0.2184
1187 1802 1184 1787 1216 1779 1220 1794 ship 0.2181
1565 2318 1573 2308 1592 2322 1584 2333 ship 0.2180
1634 2298 1643 2289 1659 2304 1651 2313 ship 0.2171
1614 2298 1622 2288 1640 2302 1632 2312 ship 0.2164
964 1454 957 1440 988 1424 995 1439 ship 0.2164
867 1240 858 1222 899 1201 908 1219 ship 0.2163
840 1305 831 1289 863 1272 872 1287 ship 0.2162
1631 2189 1637 2174 1671 2187 1665 2202 ship 0.2154
973 692 986 685 1002 716 990 723 ship 0.2148
813 1110 812 1097 850 1094 851 1108 ship 0.2141
1340 1846 1340 1830 1380 1828 1380 1844 ship 0.2137
1377 1846 1382 1831 1413 1840 1408 1855 ship 0.2130
1031 1522 1023 1507 1055 1490 1063 1506 ship 0.2125
1242 1634 1239 1617 1277 1611 1280 1627 ship 0.2125
1614 2256 1624 2248 1640 2265 1631 2274 ship 0.2123
801 300 802 285 840 286 839 302 ship 0.2122
1610 1684 1604 1669 1634 1658 1640 1673 ship 0.2120
1992 2707 1993 2690 2027 2693 2026 2709 ship 0.2120
980 849 993 847 998 872 985 874 ship 0.2109
1292 1692 1288 1676 1321 1668 1325 1683 ship 0.2104
928 911 940 903 956 928 944 936 ship 0.2083
1509 1324 1513 1308 1548 1316 1544 1333 ship 0.2075
1953 2645 1958 2630 1989 2641 1984 2655 ship 0.2064
807 1146 807 1131 847 1132 847 1147 ship 0.2063
1111 1721 1097 1702 1138 1673 1151 1691 ship 0.2062
1304 1971 1301 1954 1337 1950 1339 1966 ship 0.2057
1228 1609 1226 1590 1269 1585 1271 1603 ship 0.2054
742 1183 743 1167 776 1169 776 1185 ship 0.2051
1185 1780 1177 1764 1213 1746 1221 1761 ship 0.2047
1711 2266 1724 2261 1733 2284 1721 2289 ship 0.2038
1558 2293 1567 2283 1585 2299 1576 2309 ship 0.2034
1938 2959 1942 2948 1962 2956 1958 2967 ship 0.2026
2035 2775 2036 2759 2071 2762 2070 2777 ship 0.2016
1209 1459 1198 1445 1239 1413 1250 1428 ship 0.2013
1166 1123 1164 1108 1195 1105 1196 1120 ship 0.2011
852 1222 847 1207 883 1196 888 1211 ship 0.2009
1155 1465 1148 1448 1186 1431 1193 1448 ship 0.2003
1347 1313 1345 1296 1385 1292 1387 1310 ship 0.2003
1511 1707 1509 1693 1543 1689 1545 1703 ship 0.1999
738 1160 740 1146 770 1150 768 1164 ship 0.1997
1330 1332 1329 1316 1364 1316 1364 1332 ship 0.1995
572 566 584 559 597 583 585 590 ship 0.1992
1737 2283 1749 2279 1756 2305 1744 2308 ship 0.1984
918 1046 920 1032 952 1038 949 1051 ship 0.1984
334 660 335 644 370 646 369 663 ship 0.1975
984 1073 979 1054 1025 1042 1030 1060 ship 0.1974
1762 2347 1781 2334 1824 2396 1805 2409 ship 0.1973
1594 2297 1602 2287 1619 2301 1611 2311 ship 0.1967
817 979 829 975 838 1000 826 1004 ship 0.1955
794 1202 796 1187 826 1190 824 1205 ship 0.1945
1171 1092 1176 1079 1203 1089 1199 1102 ship 0.1939
767 1000 780 997 787 1022 775 1026 ship 0.1938
1337 1664 1329 1648 1364 1628 1373 1644 ship 0.1936
1816 2933 1822 2920 1847 2932 1841 2945 ship 0.1929
955 734 968 728 980 753 967 759 ship 0.1923
1679 2230 1691 2224 1703 2247 1691 2253 ship 0.1918
172 371 183 357 215 383 204 397 ship 0.1914
749 184 765 176 792 231 775 239 ship 0.1912
1844 2459 1851 2446 1881 2463 1873 2476 ship 0.1904
402 359 417 352 437 391 423 398 ship 0.1897
865 1045 869 1032 904 1041 901 1054 ship 0.1895
916 933 925 923 945 940 936 951 ship 0.1895
1662 2216 1673 2208 1689 2230 1677 2238 ship 0.1890
1111 1698 1097 1679 1143 1643 1158 1662 ship 0.1890
772 840 764 825 800 804 808 818 ship 0.1889
692 506 705 501 716 528 703 533 ship 0.1880
1139 1718 1126 1701 1165 1673 1178 1690 ship 0.1877
721 165 736 162 746 205 731 208 ship 0.1877
985 664 995 654 1017 677 1007 687 ship 0.1877
1912 2776 1919 2764 1946 2783 1938 2794 ship 0.1873
306 614 306 598 341 599 341 615 ship 0.1872
1941 2914 1947 2903 1966 2914 1960 2924 ship 0.1868
1337 1688 1331 1672 1364 1660 1370 1676 ship 0.1867
1946 2991 1961 2986 1971 3022 1957 3026 ship 0.1863
516 893 527 883 548 906 537 916 ship 0.1854
947 886 959 881 971 905 959 911 ship 0.1841
212 439 210 422 247 418 249 434 ship 0.1841
1329 1649 1318 1631 1358 1606 1370 1624 ship 0.1838
1787 2571 1793 2558 1822 2570 1816 2584 ship 0.1837
1167 1759 1160 1743 1194 1726 1202 1742 ship 0.1836
1545 2343 1555 2334 1571 2352 1562 2361 ship 0.1831
600 463 595 447 630 436 635 452 ship 0.1829
1885 2730 1892 2718 1919 2733 1913 2745 ship 0.1820
699 1085 706 1074 729 1087 722 1099 ship 0.1819
315 637 316 621 351 624 350 639 ship 0.1817
611 541 622 534 638 556 627 564 ship 0.1812
1397 1510 1392 1492 1431 1480 1436 1497 ship 0.1809
824 736 830 721 860 734 853 749 ship 0.1807
1199 1082 1207 1070 1234 1088 1226 1100 ship 0.1799
1680 2211 1692 2204 1706 2229 1693 2236 ship 0.1799
946 1039 948 1025 978 1030 976 1043 ship 0.1786
1420 1540 1417 1523 1451 1518 1453 1536 ship 0.1782
1566 2274 1575 2265 1591 2283 1582 2291 ship 0.1781
558 578 571 574 578 599 565 603 ship 0.1778
1015 663 1018 648 1058 655 1055 669 ship 0.1772
1300 1664 1296 1649 1328 1640 1333 1655 ship 0.1769
1598 2262 1608 2254 1622 2271 1612 2279 ship 0.1759
818 1224 816 1209 848 1205 850 1220 ship 0.1749
1292 1324 1293 1309 1326 1311 1325 1326 ship 0.1746
776 1184 778 1170 804 1176 801 1189 ship 0.1744
1339 1793 1339 1778 1374 1779 1374 1794 ship 0.1737
1737 2264 1750 2260 1758 2286 1745 2290 ship 0.1736
851 1256 846 1241 877 1231 882 1246 ship 0.1730
723 1142 727 1128 757 1136 754 1150 ship 0.1727
2003 2718 2009 2704 2037 2716 2031 2730 ship 0.1713
525 604 538 600 547 628 533 633 ship 0.1711
583 1082 597 1076 607 1102 594 1108 ship 0.1710
665 414 663 398 695 394 696 410 ship 0.1708
805 1175 807 1161 837 1165 835 1179 ship 0.1706
764 499 776 494 786 518 774 523 ship 0.1706
1796 2900 1805 2889 1826 2905 1817 2917 ship 0.1703
933 564 944 553 967 575 956 586 ship 0.1703
1838 2643 1845 2631 1872 2645 1865 2658 ship 0.1696
857 963 867 955 883 976 873 984 ship 0.1688
1738 2311 1750 2306 1760 2330 1748 2335 ship 0.1686
1753 2261 1766 2257 1776 2286 1764 2290 ship 0.1683
525 515 527 502 551 505 550 519 ship 0.1681
861 456 873 450 884 472 872 478 ship 0.1680
1123 1041 1126 1027 1156 1033 1153 1047 ship 0.1679
740 366 741 352 768 354 767 368 ship 0.1679
922 1081 921 1064 958 1062 958 1080 ship 0.1676
1753 2284 1764 2278 1777 2304 1765 2309 ship 0.1675
1011 1110 1005 1093 1044 1080 1050 1096 ship 0.1674
1161 1744 1151 1727 1188 1704 1198 1721 ship 0.1669
1309 1891 1308 1876 1342 1872 1344 1887 ship 0.1666
546 490 547 476 573 477 573 491 ship 0.1661
810 679 822 671 838 693 826 701 ship 0.1658
1341 1049 1353 1038 1374 1062 1362 1072 ship 0.1650
1038 855 1050 849 1062 873 1050 879 ship 0.1644
1179 1062 1186 1050 1210 1064 1203 1076 ship 0.1639
1015 851 1027 847 1035 870 1023 874 ship 0.1636
1270 1641 1267 1625 1300 1620 1303 1636 ship 0.1632
1098 1014 1101 999 1136 1004 1134 1020 ship 0.1626
838 990 849 982 866 1004 856 1012 ship 0.1626
983 750 996 744 1007 768 994 774 ship 0.1625
996 1095 990 1076 1034 1063 1039 1082 ship 0.1610
1078 840 1089 833 1103 855 1092 862 ship 0.1606
1935 2801 1944 2790 1969 2810 1961 2821 ship 0.1603
642 590 654 582 668 603 657 611 ship 0.1603
884 376 899 374 905 416 891 418 ship 0.1600
1581 2242 1591 2235 1604 2254 1594 2261 ship 0.1599
1835 2440 1843 2428 1870 2445 1862 2457 ship 0.1596
776 910 785 896 809 912 801 925 ship 0.1595
765 449 778 445 787 469 774 474 ship 0.1593
589 541 599 531 616 550 606 559 ship 0.1583
1083 984 1087 969 1122 976 1119 992 ship 0.1575
842 388 855 383 864 410 851 415 ship 0.1572
1336 1832 1336 1818 1373 1816 1373 1830 ship 0.1551
1138 1741 1128 1725 1162 1704 1172 1720 ship 0.1548
736 1027 748 1022 758 1045 747 1050 ship 0.1546
503 929 514 921 528 940 517 949 ship 0.1536
789 340 792 326 821 331 818 345 ship 0.1536
975 515 979 502 1014 514 1010 527 ship 0.1527
1522 2325 1532 2316 1551 2337 1540 2346 ship 0.1519
803 1119 805 1106 834 1111 832 1123 ship 0.1514
1314 1741 1315 1725 1348 1726 1348 1741 ship 0.1514
1606 1671 1600 1655 1633 1643 1639 1660 ship 0.1505
728 672 738 662 757 682 748 691 ship 0.1493
830 1097 830 1082 868 1082 868 1097 ship 0.1481
821 1023 830 1014 851 1033 842 1042 ship 0.1480
1198 1933 1203 1918 1232 1927 1228 1942 ship 0.1477
1588 2211 1598 2204 1611 2226 1600 2232 ship 0.1477
1752 2316 1763 2309 1779 2332 1768 2340 ship 0.1473
782 1153 786 1141 810 1149 806 1161 ship 0.1470
1271 1300 1270 1285 1306 1283 1306 1298 ship 0.1467
1136 1306 1127 1289 1166 1269 1175 1285 ship 0.1465
557 531 564 519 585 531 578 543 ship 0.1464
1306 1618 1296 1600 1336 1578 1346 1596 ship 0.1460
690 105 694 90 724 98 720 112 ship 0.1460
794 1008 806 1002 817 1025 806 1031 ship 0.1458
1705 2237 1716 2232 1726 2253 1715 2258 ship 0.1453
1891 2964 1895 2953 1917 2962 1912 2973 ship 0.1451
1200 1413 1191 1396 1232 1372 1242 1389 ship 0.1451
949 683 962 678 972 705 960 710 ship 0.1447
1060 1310 1054 1293 1091 1279 1098 1295 ship 0.1441
1472 1560 1468 1543 1506 1534 1511 1551 ship 0.1440
1333 1034 1342 1022 1366 1039 1357 1051 ship 0.1432
534 961 543 952 558 967 549 976 ship 0.1431
879 596 890 588 905 609 895 617 ship 0.1426
698 427 703 413 730 422 725 436 ship 0.1422
839 482 851 476 861 498 849 504 ship 0.1417
942 1114 942 1097 976 1096 976 1112 ship 0.1416
2159 2881 2172 2875 2185 2904 2172 2910 ship 0.1414
855 696 867 688 881 711 869 719 ship 0.1405
1664 1659 1653 1642 1697 1614 1708 1631 ship 0.1405
546 553 555 544 572 560 563 569 ship 0.1404
1155 1337 1146 1320 1187 1299 1196 1317 ship 0.1401
1132 1429 1123 1411 1162 1392 1171 1410 ship 0.1397
1346 2165 1347 2145 1387 2146 1387 2165 ship 0.1392
808 380 818 370 836 389 826 399 ship 0.1391
558 1006 569 1000 581 1021 570 1028 ship 0.1390
1053 865 1065 858 1077 882 1065 888 ship 0.1389
614 1010 627 1004 641 1032 627 1039 ship 0.1389
716 399 720 385 745 391 742 405 ship 0.1388
1083 964 1090 952 1118 966 1112 978 ship 0.1388
855 798 850 781 887 769 892 785 ship 0.1384
1189 1435 1181 1420 1216 1403 1224 1418 ship 0.1382
582 493 585 480 610 484 608 498 ship 0.1378
2044 2889 2052 2880 2068 2895 2060 2904 ship 0.1378
1818 2673 1823 2659 1849 2669 1843 2682 ship 0.1369
961 1139 959 1123 993 1119 995 1135 ship 0.1369
835 643 847 636 860 659 848 666 ship 0.1367
887 558 899 549 918 574 906 583 ship 0.1358
789 889 799 877 821 893 812 906 ship 0.1357
658 510 669 500 687 522 676 531 ship 0.1354
1149 1437 1142 1422 1174 1408 1181 1424 ship 0.1354
776 372 781 359 804 369 799 381 ship 0.1354
1580 2543 1588 2531 1611 2548 1603 2560 ship 0.1354
670 607 680 596 699 615 689 625 ship 0.1354
787 416 798 408 811 428 800 436 ship 0.1352
1332 997 1336 984 1366 994 1361 1007 ship 0.1349
1851 2925 1859 2913 1884 2929 1876 2941 ship 0.1348
1019 771 1033 766 1041 791 1027 796 ship 0.1347
1770 2259 1782 2253 1795 2281 1783 2286 ship 0.1346
925 766 936 759 950 779 938 786 ship 0.1345
585 698 596 690 609 709 599 717 ship 0.1344
1183 1379 1174 1363 1213 1341 1222 1358 ship 0.1344
2049 2791 2053 2777 2083 2785 2079 2799 ship 0.1342
715 1099 723 1088 744 1103 736 1114 ship 0.1337
862 1003 871 993 894 1011 886 1022 ship 0.1337
1654 2314 1665 2302 1690 2326 1679 2337 ship 0.1336
721 455 733 448 748 472 735 480 ship 0.1333
791 711 800 700 822 718 813 729 ship 0.1330
971 784 984 779 993 801 980 806 ship 0.1326
573 1103 585 1096 599 1119 587 1126 ship 0.1325
1768 2286 1779 2278 1794 2302 1783 2309 ship 0.1324
736 442 748 433 764 453 753 462 ship 0.1323
1119 1276 1112 1261 1148 1245 1155 1260 ship 0.1323
1114 773 1124 763 1152 789 1142 799 ship 0.1322
796 502 807 495 820 515 809 522 ship 0.1322
687 666 693 653 719 664 714 677 ship 0.1319
606 499 611 485 637 494 633 507 ship 0.1318
925 1020 929 1009 955 1018 950 1030 ship 0.1318
615 470 616 454 647 456 646 471 ship 0.1317
610 709 621 701 636 720 625 728 ship 0.1315
1895 3006 1914 2992 1937 3024 1919 3038 ship 0.1312
1700 2204 1712 2198 1725 2222 1713 2229 ship 0.1312
1264 1278 1265 1264 1298 1266 1297 1280 ship 0.1310
1166 1351 1158 1335 1196 1317 1203 1334 ship 0.1309
804 273 811 263 833 279 826 289 ship 0.1308
278 557 284 543 310 554 304 568 ship 0.1308
1805 2592 1813 2580 1839 2597 1831 2609 ship 0.1301
893 970 901 960 921 976 912 986 ship 0.1301
897 1016 903 1004 928 1018 922 1030 ship 0.1301
784 1136 790 1125 812 1136 807 1147 ship 0.1295
1503 1782 1512 1771 1533 1790 1524 1800 ship 0.1293
794 222 808 217 820 251 807 256 ship 0.1293
752 893 755 878 783 884 780 899 ship 0.1289
948 1022 950 1009 979 1014 977 1027 ship 0.1287
190 398 198 384 226 398 219 413 ship 0.1284
1076 1334 1069 1317 1106 1302 1113 1319 ship 0.1284
627 506 635 493 659 508 651 521 ship 0.1283
1911 2879 1921 2872 1935 2890 1926 2898 ship 0.1278
483 907 495 901 507 924 495 930 ship 0.1275
475 294 491 291 497 328 481 331 ship 0.1275
1122 1411 1114 1394 1150 1378 1158 1395 ship 0.1273
877 503 889 497 900 517 888 523 ship 0.1270
1819 2414 1828 2401 1857 2420 1848 2433 ship 0.1266
1734 2244 1745 2239 1755 2260 1744 2265 ship 0.1262
1267 1993 1274 1978 1305 1992 1298 2007 ship 0.1261
836 10 855 3 869 44 850 50 storage-tank 0.1261
1895 2996 1908 2983 1935 3010 1922 3023 storage-tank 0.1129
1229 21 1237 1 1274 15 1266 35 storage-tank 0.1055
1927 2994 1944 2988 1958 3026 1941 3032 storage-tank 0.1050
1348 1525 1436 1415 1687 1614 1599 1725 harbor 0.2940
1504 1872 1528 1723 1775 1763 1751 1912 harbor 0.2677
716 1187 854 1103 1091 1489 954 1574 harbor 0.2406
1356 1888 1449 1794 1630 1972 1537 2067 harbor 0.2353
444 513 324 347 690 81 811 247 harbor 0.2341
555 708 464 543 856 328 947 493 harbor 0.2277
1678 1657 1664 1637 1724 1594 1738 1613 harbor 0.2157
1204 1601 1302 1521 1486 1746 1388 1826 harbor 0.2037
748 1050 648 878 1003 672 1103 843 harbor 0.2017
749 184 765 176 792 231 775 239 harbor 0.1831
1193 1986 1282 1898 1467 2083 1378 2172 harbor 0.1759
1879 3053 1832 2952 2119 2821 2165 2922 harbor 0.1567
722 182 738 176 751 219 735 224 harbor 0.1530
477 549 442 482 788 304 823 371 harbor 0.1447
1071 1726 1058 1706 1106 1677 1118 1697 harbor 0.1380
989 1067 1123 959 1427 1335 1293 1443 harbor 0.1379
984 1797 1063 1635 1423 1811 1344 1972 harbor 0.1274
684 181 699 175 712 211 697 217 harbor 0.1233
677 885 582 740 980 478 1075 623 harbor 0.1192
370 365 387 356 417 410 400 419 harbor 0.1179
1111 1721 1097 1702 1138 1673 1151 1691 harbor 0.1173
2072 2920 2088 2915 2104 2958 2088 2964 harbor 0.1171
1326 1100 1395 1047 1629 1347 1561 1400 harbor 0.1094
858 1057 973 977 1275 1411 1161 1491 harbor 0.1089
617 217 632 215 637 257 622 259 harbor 0.1084
1039 668 1032 651 1087 628 1095 645 harbor 0.1069
948 536 955 525 986 544 978 556 harbor 0.1055
957 520 962 507 998 520 993 534 harbor 0.1054
680 89 679 70 723 68 724 86 harbor 0.1053
1315 1868 1311 1852 1353 1841 1357 1857 harbor 0.1046
1081 1758 1069 1738 1113 1710 1125 1730 harbor 0.1046
1111 1698 1097 1679 1143 1643 1158 1662 harbor 0.1042
975 515 979 502 1014 514 1010 527 harbor 0.1034
602 237 615 231 631 267 617 273 harbor 0.1002
