1826 634 1821 616 1859 604 1864 622 ship 0.5795
1953 733 1941 716 1984 688 1995 705 ship 0.5507
1791 579 1783 562 1820 543 1828 560 ship 0.5391
742 1278 758 1268 784 1310 767 1320 ship 0.5347
1838 653 1831 637 1868 622 1875 638 ship 0.5342
1238 912 1251 904 1272 935 1258 943 ship 0.5221
656 1127 671 1118 693 1160 678 1169 ship 0.5180
1971 769 1961 752 2007 725 2017 743 ship 0.5151
1930 820 1923 801 1961 787 1968 805 ship 0.5125
709 1105 724 1094 748 1129 733 1139 ship 0.5100
581 1624 600 1612 632 1662 613 1674 ship 0.5092
432 1373 448 1362 472 1400 456 1411 ship 0.5071
1161 1093 1179 1083 1202 1124 1185 1134 ship 0.5067
1257 903 1272 897 1285 932 1270 937 ship 0.5008
1902 770 1892 752 1931 731 1940 749 ship 0.5001
479 1224 496 1216 516 1257 498 1265 ship 0.4995
923 1435 942 1423 977 1481 958 1492 ship 0.4989
1386 982 1402 977 1413 1017 1397 1021 ship 0.4980
794 1509 810 1500 835 1545 819 1554 ship 0.4971
1000 986 1015 979 1033 1020 1017 1026 ship 0.4966
1547 949 1562 942 1586 994 1570 1000 ship 0.4962
471 1421 488 1412 511 1456 494 1465 ship 0.4959
1133 1039 1150 1030 1170 1073 1153 1081 ship 0.4956
1299 935 1315 931 1324 966 1309 970 ship 0.4931
363 1280 379 1273 398 1315 383 1322 ship 0.4911
1512 1147 1531 1136 1559 1185 1540 1196 ship 0.4885
1267 1196 1285 1189 1304 1237 1285 1244 ship 0.4861
1072 950 1087 943 1105 982 1090 989 ship 0.4849
1182 1315 1199 1305 1228 1353 1210 1363 ship 0.4847
1224 1062 1241 1054 1261 1095 1244 1103 ship 0.4817
783 1062 799 1055 817 1094 801 1102 ship 0.4804
1267 806 1281 803 1289 841 1275 844 ship 0.4786
381 1271 398 1264 417 1306 400 1314 ship 0.4783
1350 1062 1365 1057 1378 1093 1362 1099 ship 0.4777
834 1482 850 1470 883 1513 868 1525 ship 0.4774
1089 1060 1106 1052 1127 1095 1110 1103 ship 0.4765
429 1249 445 1238 469 1276 453 1287 ship 0.4764
844 1021 860 1013 882 1055 865 1064 ship 0.4762
684 1292 701 1288 713 1336 695 1340 ship 0.4754
1238 1055 1253 1047 1274 1087 1259 1095 ship 0.4735
1394 1039 1410 1033 1425 1071 1408 1077 ship 0.4734
623 1145 639 1141 648 1178 632 1181 ship 0.4732
1111 926 1127 922 1139 963 1122 967 ship 0.4730
1131 1345 1148 1337 1170 1385 1152 1393 ship 0.4717
1226 982 1240 977 1256 1015 1242 1021 ship 0.4714
1806 602 1798 585 1835 568 1842 585 ship 0.4710
1449 1011 1465 1007 1473 1044 1457 1048 ship 0.4704
813 1416 830 1408 852 1453 835 1461 ship 0.4701
1123 1114 1140 1105 1162 1145 1145 1154 ship 0.4701
1239 964 1253 959 1265 994 1251 999 ship 0.4701
867 1208 885 1198 911 1240 893 1251 ship 0.4699
628 1195 643 1188 661 1227 646 1234 ship 0.4688
1817 617 1810 600 1846 586 1852 603 ship 0.4679
394 1389 410 1379 435 1423 419 1432 ship 0.4679
1042 1152 1060 1147 1072 1190 1055 1195 ship 0.4659
942 1012 958 1004 978 1043 962 1051 ship 0.4656
1022 975 1036 966 1057 1002 1044 1010 ship 0.4655
1338 1008 1353 1004 1363 1042 1347 1046 ship 0.4641
726 1217 742 1212 754 1252 738 1257 ship 0.4637
1406 975 1422 972 1430 1009 1414 1013 ship 0.4627
510 1330 527 1322 546 1365 529 1372 ship 0.4625
691 1238 707 1233 720 1272 704 1278 ship 0.4620
824 1237 844 1226 870 1271 850 1282 ship 0.4610
1848 667 1840 652 1874 634 1882 650 ship 0.4610
1335 916 1349 913 1355 947 1341 950 ship 0.4607
1050 1080 1067 1072 1086 1115 1069 1122 ship 0.4600
1264 956 1279 951 1289 983 1274 988 ship 0.4593
1179 1014 1195 1009 1208 1051 1191 1056 ship 0.4585
818 1040 833 1032 854 1072 838 1080 ship 0.4578
1379 1048 1395 1045 1403 1080 1387 1083 ship 0.4577
1368 1221 1386 1211 1414 1260 1396 1270 ship 0.4574
754 1203 771 1198 783 1240 767 1245 ship 0.4573
1239 816 1253 812 1263 849 1250 853 ship 0.4554
708 1227 724 1221 739 1261 723 1267 ship 0.4544
614 1601 633 1590 664 1642 645 1654 ship 0.4543
692 1111 707 1102 729 1141 713 1150 ship 0.4531
508 1203 524 1196 543 1239 527 1246 ship 0.4517
1426 962 1442 956 1457 996 1442 1002 ship 0.4516
1483 993 1498 989 1508 1027 1493 1031 ship 0.4514
1221 1000 1235 994 1251 1030 1237 1036 ship 0.4508
1384 1145 1400 1140 1413 1179 1397 1184 ship 0.4506
883 1460 901 1450 930 1499 912 1509 ship 0.4506
862 1145 879 1140 890 1181 873 1186 ship 0.4504
767 1071 781 1061 806 1095 792 1106 ship 0.4499
476 1349 494 1341 513 1383 496 1391 ship 0.4495
1274 945 1289 941 1299 974 1284 979 ship 0.4493
1346 857 1362 855 1364 893 1349 894 ship 0.4492
977 1407 995 1396 1027 1446 1009 1457 ship 0.4483
583 1293 600 1287 614 1330 597 1335 ship 0.4483
1108 1053 1125 1046 1143 1087 1126 1094 ship 0.4473
1433 1186 1450 1177 1477 1223 1460 1233 ship 0.4447
1328 1242 1345 1232 1371 1279 1353 1288 ship 0.4443
1294 1090 1309 1083 1330 1125 1315 1133 ship 0.4434
805 1050 819 1042 839 1079 824 1087 ship 0.4427
458 1429 475 1420 496 1462 478 1470 ship 0.4423
617 1515 634 1504 665 1552 648 1564 ship 0.4420
1367 1153 1383 1147 1397 1187 1381 1193 ship 0.4415
1471 1171 1488 1161 1513 1205 1496 1214 ship 0.4406
1206 1072 1223 1065 1241 1109 1224 1116 ship 0.4388
764 1263 780 1253 804 1294 787 1304 ship 0.4383
834 1404 850 1395 873 1439 857 1447 ship 0.4378
914 1362 934 1354 953 1399 934 1408 ship 0.4371
1575 962 1591 959 1601 1002 1584 1006 ship 0.4367
1784 844 1774 826 1825 799 1835 817 ship 0.4366
725 1096 741 1088 761 1125 745 1133 ship 0.4364
1073 1138 1091 1129 1110 1170 1093 1178 ship 0.4356
1359 906 1373 905 1377 935 1363 937 ship 0.4341
1209 1001 1224 997 1236 1038 1221 1042 ship 0.4337
525 1653 543 1644 569 1695 551 1704 ship 0.4333
1229 1215 1247 1206 1270 1252 1253 1261 ship 0.4323
1092 937 1107 931 1122 970 1107 976 ship 0.4319
490 1408 506 1398 532 1440 516 1450 ship 0.4293
2002 842 1992 824 2045 794 2055 812 ship 0.4289
1371 996 1386 994 1391 1028 1376 1031 ship 0.4287
1326 1014 1339 1011 1347 1045 1333 1048 ship 0.4274
1193 837 1208 835 1213 873 1198 875 ship 0.4266
574 1545 591 1535 616 1581 599 1591 ship 0.4266
851 1397 867 1389 887 1431 871 1439 ship 0.4264
641 1135 657 1129 672 1170 656 1176 ship 0.4262
1803 867 1791 851 1837 818 1849 835 ship 0.4253
1278 891 1293 889 1297 922 1282 924 ship 0.4252
814 1171 830 1164 846 1203 830 1209 ship 0.4243
526 339 543 334 556 379 539 384 ship 0.4242
398 1262 414 1254 434 1295 418 1303 ship 0.4237
1227 824 1241 819 1254 857 1240 861 ship 0.4231
618 1345 635 1337 657 1380 640 1389 ship 0.4231
1199 1522 1195 1506 1236 1495 1240 1511 ship 0.4231
814 1494 830 1484 859 1530 843 1540 ship 0.4230
396 773 387 755 431 732 440 750 ship 0.4228
1920 803 1912 785 1951 769 1958 787 ship 0.4222
1478 1097 1496 1091 1511 1132 1493 1138 ship 0.4217
530 1186 546 1178 567 1224 552 1231 ship 0.4205
672 1489 691 1482 709 1534 690 1541 ship 0.4203
1027 954 1024 939 1061 931 1064 946 ship 0.4191
1498 1087 1516 1082 1527 1123 1509 1127 ship 0.4185
1432 1119 1448 1115 1459 1153 1443 1157 ship 0.4181
778 1432 793 1424 818 1469 803 1477 ship 0.4174
795 1181 810 1173 831 1210 816 1219 ship 0.4157
1354 1161 1370 1155 1384 1195 1367 1200 ship 0.4155
671 1118 685 1110 708 1149 693 1157 ship 0.4144
1401 735 1413 729 1428 762 1416 768 ship 0.4137
713 1293 730 1286 748 1331 731 1338 ship 0.4127
721 1551 737 1541 764 1587 749 1596 ship 0.4114
1865 697 1856 682 1889 661 1898 676 ship 0.4108
1824 910 1813 893 1864 860 1875 877 ship 0.4103
838 1160 854 1156 866 1193 849 1198 ship 0.4102
1409 1131 1425 1126 1437 1166 1422 1171 ship 0.4096
1324 870 1338 869 1340 901 1326 902 ship 0.4094
1297 784 1309 781 1319 813 1307 817 ship 0.4089
1330 1469 1323 1455 1358 1438 1365 1453 ship 0.4088
1315 923 1330 919 1338 954 1323 958 ship 0.4085
527 1391 544 1383 564 1425 548 1434 ship 0.4078
744 1060 743 1043 784 1042 785 1059 ship 0.4069
1829 535 1843 526 1866 560 1852 570 ship 0.4065
1094 1287 1111 1282 1125 1325 1108 1330 ship 0.4044
1006 1107 1021 1099 1043 1139 1027 1147 ship 0.4040
588 319 606 316 614 360 597 363 ship 0.4037
1073 1071 1090 1064 1107 1106 1090 1113 ship 0.4034
891 1201 908 1192 931 1235 914 1244 ship 0.4030
532 1319 548 1311 566 1352 550 1360 ship 0.4026
527 1566 544 1557 569 1605 552 1614 ship 0.4009
1203 832 1218 829 1226 865 1212 869 ship 0.4007
510 676 533 669 554 739 531 746 ship 0.4004
917 1139 937 1128 972 1192 952 1203 ship 0.3996
1660 627 1650 609 1703 582 1712 600 ship 0.3992
581 1366 596 1357 620 1400 604 1408 ship 0.3988
658 1583 677 1573 705 1624 687 1634 ship 0.3986
1987 800 1977 783 2022 756 2032 773 ship 0.3978
1871 710 1862 695 1896 674 1905 689 ship 0.3977
1296 1183 1313 1175 1334 1220 1317 1228 ship 0.3976
1302 882 1317 880 1320 913 1306 915 ship 0.3975
1222 1295 1240 1285 1266 1333 1248 1342 ship 0.3972
2046 615 2061 607 2088 660 2072 667 ship 0.3961
1333 1068 1347 1063 1361 1099 1347 1104 ship 0.3951
1019 1095 1036 1087 1058 1129 1041 1138 ship 0.3945
826 1027 840 1019 862 1056 848 1064 ship 0.3936
1037 959 1047 948 1075 973 1064 985 ship 0.3933
1426 1020 1442 1016 1452 1053 1436 1058 ship 0.3931
780 1740 775 1727 809 1713 814 1726 ship 0.3926
1265 1276 1283 1264 1314 1312 1297 1324 ship 0.3924
567 325 584 319 598 365 581 370 ship 0.3920
989 994 1005 988 1019 1027 1002 1032 ship 0.3912
429 1231 425 1215 466 1205 469 1221 ship 0.3911
599 1354 615 1345 637 1387 621 1395 ship 0.3910
1385 1211 1403 1201 1427 1244 1409 1254 ship 0.3904
1069 1613 1060 1599 1095 1578 1103 1591 ship 0.3891
1190 1233 1207 1224 1232 1271 1215 1280 ship 0.3888
1021 1612 1020 1598 1054 1594 1056 1608 ship 0.3869
307 411 324 405 340 450 323 456 ship 0.3852
545 335 562 331 572 372 555 376 ship 0.3849
1181 1081 1198 1074 1217 1115 1199 1123 ship 0.3832
1237 929 1248 924 1260 952 1248 957 ship 0.3832
1016 1320 1033 1312 1057 1368 1040 1375 ship 0.3828
1879 728 1869 711 1907 689 1917 706 ship 0.3821
958 1341 977 1334 995 1382 976 1389 ship 0.3818
1284 792 1295 788 1306 819 1295 823 ship 0.3818
1321 772 1333 766 1350 799 1338 805 ship 0.3808
344 1341 358 1338 366 1377 352 1379 ship 0.3804
1466 996 1481 993 1488 1027 1473 1029 ship 0.3798
1315 1079 1330 1072 1345 1109 1330 1116 ship 0.3796
622 1825 619 1811 654 1805 656 1819 ship 0.3795
481 360 500 356 508 399 490 403 ship 0.3793
1060 1144 1077 1138 1093 1181 1075 1187 ship 0.3792
1220 930 1232 927 1237 955 1225 958 ship 0.3790
1275 1046 1287 1042 1296 1072 1284 1075 ship 0.3787
1253 1491 1250 1477 1286 1468 1290 1482 ship 0.3785
688 1094 693 1080 728 1092 723 1106 ship 0.3783
1857 677 1850 663 1882 647 1889 662 ship 0.3768
599 1839 601 1826 632 1831 630 1844 ship 0.3764
362 503 382 498 398 560 378 565 ship 0.3763
2137 795 2157 787 2182 848 2161 856 ship 0.3762
966 990 981 982 1000 1018 986 1026 ship 0.3761
344 395 363 389 380 439 361 445 ship 0.3760
1370 898 1383 896 1387 927 1374 929 ship 0.3756
1109 1275 1128 1269 1144 1319 1125 1325 ship 0.3756
319 637 324 622 358 634 353 649 ship 0.3750
1173 1547 1168 1532 1204 1521 1208 1536 ship 0.3750
327 400 345 393 363 441 346 448 ship 0.3747
152 579 172 574 184 629 164 634 ship 0.3744
749 1081 764 1073 783 1109 768 1118 ship 0.3738
458 1358 475 1350 493 1389 476 1397 ship 0.3734
1173 898 1187 896 1194 937 1180 939 ship 0.3731
39 606 58 604 66 660 47 663 ship 0.3727
353 1290 367 1285 382 1320 368 1326 ship 0.3726
1302 1041 1313 1037 1321 1064 1310 1067 ship 0.3718
1011 981 1024 974 1042 1006 1029 1014 ship 0.3704
252 1620 287 1603 337 1703 303 1721 ship 0.3704
393 489 412 483 432 545 414 551 ship 0.3686
382 382 401 374 421 425 403 432 ship 0.3680
1241 1039 1253 1031 1271 1057 1260 1065 ship 0.3662
1461 962 1476 961 1479 995 1465 996 ship 0.3659
681 1248 696 1244 704 1276 690 1280 ship 0.3658
632 411 652 405 668 456 648 462 ship 0.3656
727 1767 723 1753 756 1745 759 1759 ship 0.3656
275 1288 297 1277 326 1337 304 1348 ship 0.3645
412 1384 428 1375 450 1415 435 1423 ship 0.3644
1096 1576 1093 1563 1126 1555 1129 1568 ship 0.3637
105 592 125 589 132 641 112 644 ship 0.3631
1148 1029 1165 1022 1181 1063 1164 1069 ship 0.3622
568 431 589 424 610 484 589 491 ship 0.3620
462 1232 477 1222 499 1257 484 1266 ship 0.3615
1458 1110 1474 1104 1487 1142 1470 1148 ship 0.3605
110 667 130 666 134 717 114 719 ship 0.3589
1929 1017 1917 997 1978 961 1990 982 ship 0.3587
867 1699 861 1683 900 1670 905 1686 ship 0.3571
425 1237 431 1222 468 1238 462 1252 ship 0.3569
433 572 451 568 461 617 443 621 ship 0.3562
611 523 624 511 652 541 639 553 ship 0.3546
1299 778 1308 771 1328 796 1319 803 ship 0.3543
1311 1027 1324 1024 1331 1056 1318 1059 ship 0.3539
1411 1008 1425 1005 1431 1036 1417 1039 ship 0.3537
44 779 65 778 69 842 48 843 ship 0.3529
251 426 271 421 288 483 269 488 ship 0.3524
1496 1369 1491 1355 1529 1341 1534 1356 ship 0.3520
555 1374 572 1369 586 1410 569 1416 ship 0.3516
785 1252 803 1244 820 1283 803 1291 ship 0.3510
416 792 413 777 449 768 452 784 ship 0.3509
226 573 246 571 251 623 232 624 ship 0.3505
513 1397 529 1390 548 1428 531 1436 ship 0.3503
1420 1198 1437 1189 1461 1235 1444 1244 ship 0.3486
1786 559 1779 544 1813 528 1820 543 ship 0.3480
319 625 319 610 356 609 356 625 ship 0.3472
1312 1175 1328 1169 1344 1208 1329 1215 ship 0.3466
370 651 385 649 389 684 375 686 ship 0.3463
797 1432 812 1425 830 1466 815 1473 ship 0.3460
528 435 550 429 573 504 551 511 ship 0.3452
1369 1444 1364 1431 1398 1418 1403 1431 ship 0.3451
1063 956 1078 951 1089 987 1074 992 ship 0.3442
196 574 216 571 224 626 204 629 ship 0.3440
491 1340 508 1332 526 1372 509 1380 ship 0.3440
1324 1041 1336 1038 1342 1064 1330 1067 ship 0.3439
307 557 322 542 357 578 343 592 ship 0.3428
1680 662 1669 645 1716 616 1727 633 ship 0.3415
0 626 19 623 28 681 8 685 ship 0.3415
400 378 418 371 437 419 418 426 ship 0.3413
681 480 697 473 714 514 697 520 ship 0.3413
709 1084 711 1069 741 1074 739 1088 ship 0.3408
1332 1169 1347 1164 1360 1203 1345 1208 ship 0.3391
655 1810 652 1796 683 1791 686 1804 ship 0.3377
479 702 498 695 518 747 500 755 ship 0.3366
369 885 365 868 405 858 409 875 ship 0.3361
1276 801 1287 797 1298 826 1287 830 ship 0.3360
1335 867 1350 866 1352 899 1337 900 ship 0.3356
1941 711 1931 695 1971 670 1981 686 ship 0.3355
1371 851 1385 850 1387 886 1373 886 ship 0.3355
1170 1329 1187 1321 1208 1364 1192 1372 ship 0.3340
1463 772 1472 762 1496 782 1487 792 ship 0.3336
1423 736 1434 733 1443 763 1431 766 ship 0.3334
49 493 67 489 78 538 60 542 ship 0.3330
1711 708 1700 692 1744 663 1754 680 ship 0.3328
663 1232 677 1228 687 1266 672 1269 ship 0.3326
1456 1179 1472 1170 1495 1215 1478 1223 ship 0.3317
442 718 460 707 486 751 468 761 ship 0.3316
1128 917 1143 915 1148 952 1133 954 ship 0.3316
460 362 478 359 486 403 468 407 ship 0.3316
673 409 694 402 711 451 690 458 ship 0.3313
600 642 618 635 639 691 620 698 ship 0.3303
646 707 663 699 682 739 665 747 ship 0.3298
85 483 102 478 116 522 98 528 ship 0.3291
522 574 539 572 543 611 527 613 ship 0.3289
1325 900 1338 899 1339 927 1326 927 ship 0.3283
1445 746 1456 741 1469 768 1459 773 ship 0.3271
598 740 613 732 633 771 618 779 ship 0.3270
747 1403 760 1401 768 1443 755 1446 ship 0.3264
1159 903 1174 900 1181 940 1167 943 ship 0.3249
411 1257 425 1249 443 1282 430 1289 ship 0.3247
2153 666 2164 645 2216 674 2204 695 ship 0.3238
860 1469 876 1461 897 1502 881 1510 ship 0.3234
235 643 250 645 246 683 230 681 ship 0.3226
1693 677 1684 660 1731 634 1741 651 ship 0.3215
1007 1630 1005 1617 1036 1611 1039 1624 ship 0.3197
1912 784 1903 768 1938 748 1947 765 ship 0.3196
1303 1073 1315 1069 1324 1095 1312 1099 ship 0.3195
802 1243 821 1234 841 1279 822 1288 ship 0.3193
1340 1048 1353 1044 1360 1071 1347 1075 ship 0.3181
1101 1122 1118 1117 1129 1153 1113 1159 ship 0.3176
411 775 407 759 444 750 447 767 ship 0.3164
963 1416 982 1405 1011 1456 992 1467 ship 0.3160
567 1305 583 1301 593 1339 577 1343 ship 0.3155
865 1386 882 1380 898 1422 882 1428 ship 0.3151
783 1196 797 1191 809 1224 794 1229 ship 0.3143
352 1310 364 1306 374 1335 362 1340 ship 0.3132
569 754 584 746 606 789 591 797 ship 0.3123
1135 1566 1131 1551 1167 1540 1171 1555 ship 0.3115
1389 881 1403 878 1410 915 1396 917 ship 0.3112
2082 612 2080 598 2120 594 2122 609 ship 0.3110
548 1880 547 1866 579 1865 580 1879 ship 0.3109
826 1716 823 1703 853 1697 856 1711 ship 0.3098
1444 1406 1438 1393 1473 1379 1478 1392 ship 0.3088
1994 824 1983 808 2028 778 2039 794 ship 0.3086
2112 706 2124 697 2153 735 2140 744 ship 0.3078
893 1129 911 1124 924 1171 906 1176 ship 0.3066
557 693 572 687 587 723 572 729 ship 0.3064
562 1865 567 1852 595 1863 591 1875 ship 0.3064
571 542 585 535 601 569 586 576 ship 0.3062
419 369 437 362 454 408 436 415 ship 0.3055
1147 1336 1163 1329 1182 1372 1165 1379 ship 0.3038
443 1439 457 1431 478 1468 464 1476 ship 0.3033
1932 693 1922 677 1964 653 1973 669 ship 0.3031
980 1328 999 1322 1015 1372 996 1378 ship 0.3030
903 1455 922 1447 944 1497 926 1506 ship 0.3018
602 1310 617 1306 626 1339 611 1344 ship 0.3016
479 783 501 771 533 828 512 840 ship 0.2996
510 354 526 351 533 389 517 392 ship 0.2989
507 1582 522 1575 545 1617 530 1625 ship 0.2988
462 565 480 564 482 614 465 615 ship 0.2985
713 1259 727 1255 735 1285 721 1289 ship 0.2970
1303 1484 1296 1471 1327 1456 1333 1469 ship 0.2962
1411 1170 1424 1167 1432 1196 1418 1199 ship 0.2952
989 1646 985 1633 1019 1621 1023 1634 ship 0.2948
439 365 457 361 469 406 451 411 ship 0.2948
376 912 368 895 406 878 413 895 ship 0.2942
512 766 533 757 554 807 533 816 ship 0.2935
1002 1322 1021 1316 1038 1367 1019 1373 ship 0.2914
653 1504 671 1498 686 1546 668 1551 ship 0.2909
1193 923 1205 921 1209 949 1198 951 ship 0.2906
137 589 156 588 159 637 140 638 ship 0.2904
547 1554 565 1545 586 1593 569 1601 ship 0.2903
909 1191 925 1183 945 1223 930 1231 ship 0.2902
637 1588 656 1579 680 1629 661 1638 ship 0.2902
362 385 381 377 401 428 382 436 ship 0.2898
497 454 516 450 528 511 508 515 ship 0.2895
932 1677 926 1663 967 1644 973 1657 ship 0.2891
1857 622 1861 609 1890 618 1886 631 ship 0.2882
591 1849 596 1838 621 1851 615 1862 ship 0.2873
1945 837 1939 822 1969 808 1976 823 ship 0.2872
1359 1001 1374 998 1380 1033 1365 1036 ship 0.2860
221 648 237 649 234 683 218 682 ship 0.2841
1016 961 1022 949 1048 964 1042 975 ship 0.2835
1203 1300 1222 1291 1245 1337 1226 1346 ship 0.2835
613 1834 613 1821 643 1819 643 1832 ship 0.2818
1908 472 1903 459 1940 446 1944 459 ship 0.2809
362 1349 376 1348 380 1388 365 1390 ship 0.2796
1043 1107 1059 1102 1071 1136 1055 1142 ship 0.2796
582 746 597 738 621 781 606 789 ship 0.2785
182 448 204 443 217 499 196 504 ship 0.2767
940 1423 959 1412 989 1464 970 1475 ship 0.2764
1558 1351 1548 1334 1596 1306 1606 1323 ship 0.2757
530 1894 527 1880 558 1874 560 1888 ship 0.2753
1350 1229 1368 1220 1388 1265 1371 1273 ship 0.2753
2101 650 2101 637 2132 636 2132 649 ship 0.2752
787 1226 802 1221 812 1252 797 1257 ship 0.2727
1489 1164 1507 1156 1527 1202 1509 1210 ship 0.2725
676 1796 675 1783 701 1781 703 1793 ship 0.2712
1143 1106 1159 1099 1176 1138 1160 1145 ship 0.2711
1061 1116 1076 1111 1088 1143 1073 1149 ship 0.2693
435 475 452 470 469 525 451 531 ship 0.2692
1133 1316 1148 1311 1160 1344 1145 1349 ship 0.2676
1443 1150 1458 1145 1468 1177 1453 1182 ship 0.2671
1409 1424 1404 1412 1439 1399 1444 1411 ship 0.2661
1840 487 1838 475 1869 471 1871 483 ship 0.2656
512 1372 527 1367 537 1398 523 1403 ship 0.2649
1888 746 1879 730 1915 708 1925 724 ship 0.2648
2081 621 2083 607 2121 613 2119 628 ship 0.2646
649 1209 664 1205 674 1242 659 1246 ship 0.2641
1152 1300 1166 1296 1176 1329 1161 1334 ship 0.2617
355 634 367 628 382 654 371 661 ship 0.2615
1182 857 1194 854 1199 880 1188 882 ship 0.2614
102 475 119 471 129 516 112 519 ship 0.2610
1926 679 1917 665 1956 641 1965 655 ship 0.2603
881 1138 898 1133 908 1173 891 1178 ship 0.2601
1263 1071 1276 1068 1283 1097 1270 1100 ship 0.2582
381 928 374 911 415 894 422 911 ship 0.2566
1252 1213 1269 1206 1284 1248 1267 1254 ship 0.2565
608 480 621 475 635 510 622 516 ship 0.2554
346 1315 359 1313 362 1344 349 1345 ship 0.2549
1252 1018 1262 1013 1274 1035 1263 1040 ship 0.2546
1371 1188 1385 1183 1397 1213 1382 1219 ship 0.2542
175 610 189 609 193 642 180 644 ship 0.2528
1833 510 1834 498 1864 501 1863 513 ship 0.2516
193 614 207 614 207 647 193 647 ship 0.2515
202 644 217 644 218 675 204 676 ship 0.2514
392 958 389 937 438 929 442 950 ship 0.2512
390 1244 397 1235 416 1250 409 1259 ship 0.2508
655 410 674 405 689 455 669 461 ship 0.2486
442 1407 456 1402 467 1434 453 1439 ship 0.2484
303 1497 317 1493 328 1526 314 1530 ship 0.2448
701 1784 699 1772 725 1767 727 1780 ship 0.2448
422 1426 435 1420 451 1452 438 1459 ship 0.2435
895 1378 911 1373 923 1412 907 1417 ship 0.2433
608 406 625 400 642 444 625 450 ship 0.2428
106 793 125 795 118 860 99 858 ship 0.2418
484 1204 495 1196 513 1220 503 1228 ship 0.2399
761 1414 774 1412 781 1450 768 1452 ship 0.2395
379 629 391 628 395 660 382 661 ship 0.2394
1306 1141 1319 1135 1334 1166 1321 1172 ship 0.2386
595 1531 612 1521 637 1568 620 1577 ship 0.2384
352 1259 361 1252 378 1272 369 1279 ship 0.2378
321 605 319 591 355 585 357 600 ship 0.2357
163 453 183 448 197 502 177 507 ship 0.2357
715 1323 727 1318 740 1350 728 1354 ship 0.2349
1632 1151 1645 1141 1668 1173 1655 1182 ship 0.2344
2080 643 2088 633 2114 653 2106 664 ship 0.2343
1056 936 1063 925 1088 939 1082 950 ship 0.2340
276 417 293 411 310 459 293 465 ship 0.2328
543 707 558 702 572 739 556 745 ship 0.2327
1483 1132 1498 1128 1507 1158 1492 1163 ship 0.2303
346 615 354 605 378 623 370 633 ship 0.2301
2143 770 2155 761 2178 794 2165 803 ship 0.2289
558 764 574 758 592 802 576 808 ship 0.2284
1975 863 1964 850 1997 823 2008 836 ship 0.2277
131 468 149 465 156 509 139 512 ship 0.2272
313 1312 328 1309 337 1347 321 1350 ship 0.2256
371 1247 377 1237 397 1251 391 1260 ship 0.2244
1332 702 1343 700 1351 731 1340 734 ship 0.2241
1814 895 1803 878 1846 850 1857 867 ship 0.2224
879 1427 892 1422 903 1451 890 1456 ship 0.2206
1861 592 1870 584 1888 603 1879 611 ship 0.2198
608 318 624 317 626 351 611 352 ship 0.2194
212 623 226 623 224 654 211 653 ship 0.2184
417 597 430 595 434 628 421 630 ship 0.2175
1257 834 1268 829 1277 851 1267 856 ship 0.2162
1040 1371 1053 1364 1073 1403 1060 1410 ship 0.2155
1519 1120 1535 1114 1547 1146 1530 1152 ship 0.2150
1331 1205 1345 1201 1355 1230 1341 1235 ship 0.2149
376 1363 390 1362 395 1397 381 1399 ship 0.2144
443 759 450 746 478 761 471 774 ship 0.2140
406 620 418 618 422 648 410 649 ship 0.2139
715 469 729 464 739 501 725 505 ship 0.2138
1298 1222 1313 1217 1323 1251 1308 1255 ship 0.2137
1951 799 1947 783 1978 775 1983 791 ship 0.2137
367 612 378 607 388 632 377 637 ship 0.2134
1168 1064 1184 1059 1193 1090 1178 1095 ship 0.2105
1297 816 1308 814 1312 836 1301 839 ship 0.2091
597 430 614 426 624 468 607 472 ship 0.2080
1290 1259 1308 1251 1329 1296 1311 1304 ship 0.2076
11 790 30 789 31 838 11 839 ship 0.2057
716 1075 715 1062 744 1059 745 1072 ship 0.2052
1332 769 1342 763 1356 788 1345 794 ship 0.2030
331 647 341 637 364 659 354 669 ship 0.2023
948 999 959 990 979 1017 967 1025 ship 0.2020
181 638 193 635 201 662 189 665 ship 0.2020
1002 1399 1017 1392 1035 1430 1019 1437 ship 0.2013
637 497 653 493 662 530 646 534 ship 0.2007
593 533 605 527 620 555 607 561 ship 0.2002
512 572 527 573 524 611 508 610 ship 0.2001
1287 1023 1298 1020 1306 1042 1295 1046 ship 0.1994
415 499 433 495 445 541 428 546 ship 0.1986
480 1923 476 1910 504 1901 508 1914 ship 0.1977
946 1359 964 1353 977 1394 959 1399 ship 0.1976
822 1211 836 1203 853 1234 839 1242 ship 0.1967
457 1939 452 1925 482 1913 487 1926 ship 0.1963
1022 1392 1036 1386 1052 1425 1038 1431 ship 0.1957
605 1123 618 1119 629 1150 617 1155 ship 0.1954
688 1568 706 1559 727 1604 710 1613 ship 0.1944
1255 1287 1272 1279 1293 1323 1276 1331 ship 0.1940
1412 718 1421 715 1430 738 1421 742 ship 0.1935
1218 1232 1234 1224 1253 1264 1237 1272 ship 0.1934
756 1747 754 1735 782 1730 784 1742 ship 0.1933
1180 888 1191 884 1201 908 1190 912 ship 0.1926
2104 671 2106 660 2131 665 2128 676 ship 0.1920
1327 740 1334 733 1351 751 1344 758 ship 0.1916
1668 645 1660 629 1699 611 1707 627 ship 0.1916
385 608 397 607 400 635 388 637 ship 0.1904
562 1638 581 1629 603 1677 584 1686 ship 0.1903
1204 954 1215 951 1221 975 1210 978 ship 0.1902
1126 1361 1140 1355 1154 1392 1140 1398 ship 0.1899
995 968 1004 959 1022 977 1014 985 ship 0.1899
1325 830 1336 828 1341 848 1330 851 ship 0.1878
541 1634 558 1624 580 1662 564 1672 ship 0.1871
1337 801 1348 797 1356 819 1345 823 ship 0.1868
844 1216 861 1208 877 1243 861 1251 ship 0.1866
2150 626 2165 616 2190 652 2174 663 ship 0.1862
472 722 487 716 502 753 488 759 ship 0.1862
1281 844 1292 840 1300 860 1289 864 ship 0.1858
169 572 188 569 195 614 176 617 ship 0.1854
1856 470 1860 459 1888 469 1884 480 ship 0.1854
607 371 618 365 632 389 621 396 ship 0.1836
1429 717 1438 713 1447 736 1438 740 ship 0.1834
1956 859 1947 846 1977 825 1986 838 ship 0.1827
85 599 103 597 108 645 89 647 ship 0.1820
1953 976 1946 960 1994 938 2002 954 ship 0.1817
1550 935 1560 929 1573 953 1563 958 ship 0.1816
772 776 787 772 802 822 787 827 ship 0.1812
1243 1500 1241 1489 1265 1486 1266 1497 ship 0.1810
431 1020 424 1003 460 987 467 1004 ship 0.1805
2130 746 2138 738 2160 759 2152 767 ship 0.1805
1775 826 1765 809 1810 782 1820 798 ship 0.1802
1268 879 1278 873 1289 892 1279 897 ship 0.1799
1469 1386 1465 1374 1495 1366 1498 1378 ship 0.1795
1541 952 1554 950 1559 982 1546 983 ship 0.1792
1224 857 1234 852 1243 872 1233 876 ship 0.1792
646 1170 659 1165 671 1192 658 1197 ship 0.1790
346 1270 356 1265 367 1290 357 1294 ship 0.1787
700 1539 713 1532 729 1563 715 1570 ship 0.1787
413 821 394 685 675 646 693 782 ship 0.1182
1610 1018 1632 1009 1672 1114 1650 1123 ship 0.1135
392 958 389 937 438 929 442 950 storage-tank 0.1141
530 1894 527 1880 558 1874 560 1888 storage-tank 0.1131
1849 675 1947 619 2063 823 1965 879 harbor 0.4104
543 1688 491 1575 702 1476 755 1590 harbor 0.3854
417 1463 392 1368 623 1308 648 1403 harbor 0.3688
946 1110 912 955 1211 890 1245 1045 harbor 0.3425
1129 1381 1088 1274 1380 1160 1422 1268 harbor 0.3347
620 1247 604 1060 902 1035 917 1222 harbor 0.3303
798 1546 750 1429 1029 1313 1077 1430 harbor 0.3149
1210 978 1190 864 1398 829 1417 944 harbor 0.3053
1009 1198 976 1100 1263 1002 1297 1099 harbor 0.2910
357 1334 323 1235 556 1156 589 1255 harbor 0.2847
1609 1018 1631 1010 1678 1131 1656 1140 harbor 0.2578
410 827 387 690 675 643 697 780 harbor 0.2536
1258 1107 1237 1000 1491 950 1512 1058 harbor 0.2424
-45 686 -41 551 286 560 282 696 harbor 0.2397
1623 557 1748 512 1916 983 1791 1028 harbor 0.1956
1208 905 1160 808 1337 720 1385 816 harbor 0.1896
1762 580 1829 495 1990 621 1923 707 harbor 0.1512
127 620 90 379 726 282 763 523 harbor 0.1510
211 1680 319 1598 549 1900 441 1982 harbor 0.1508
44 1368 81 1325 257 1475 220 1518 harbor 0.1465
2080 637 2155 608 2238 826 2163 854 harbor 0.1317
1327 1251 1288 1129 1531 1051 1570 1173 harbor 0.1275
1929 1017 1917 997 1978 961 1990 982 harbor 0.1274
1824 910 1813 893 1864 860 1875 877 harbor 0.1104
1321 772 1333 766 1350 799 1338 805 harbor 0.1088
1438 807 1505 751 1644 917 1577 973 harbor 0.1080
730 1381 743 1375 769 1433 756 1438 harbor 0.1048
186 1548 69 1127 1593 704 1710 1125 harbor 0.1042
