659 3925 661 3900 714 3904 712 3929 small-vehicle 0.1092
655 3881 656 3857 709 3860 708 3884 small-vehicle 0.1071
142 4158 162 4147 193 4205 173 4216 small-vehicle 0.1055
618 3556 622 3530 674 3538 669 3564 small-vehicle 0.1040
663 3964 663 3940 713 3939 713 3963 small-vehicle 0.1037
632 3763 629 3738 684 3730 688 3755 small-vehicle 0.1016
388 2772 391 2748 445 2754 442 2779 small-vehicle 0.1006
396 2797 398 2772 453 2777 451 2802 small-vehicle 0.1001
415 4466 437 4466 438 4564 416 4564 large-vehicle 0.1537
552 4225 549 4190 699 4178 702 4213 large-vehicle 0.1504
441 4743 461 4743 458 4823 438 4822 large-vehicle 0.1314
142 4158 162 4147 193 4205 173 4216 large-vehicle 0.1187
1218 4413 1250 4409 1259 4492 1228 4496 ship 0.4952
1069 3895 1106 3894 1108 3986 1072 3987 ship 0.4857
1169 4543 1199 4542 1202 4614 1173 4615 ship 0.4723
1165 3899 1200 3894 1211 3975 1176 3980 ship 0.4721
1136 4139 1164 4137 1167 4209 1139 4210 ship 0.4670
1218 4103 1251 4099 1262 4185 1229 4189 ship 0.4650
360 444 390 435 415 521 385 530 ship 0.4631
1129 4460 1156 4460 1157 4525 1130 4525 ship 0.4619
1076 4556 1107 4560 1096 4635 1066 4631 ship 0.4604
1101 4818 1131 4813 1145 4899 1114 4904 ship 0.4598
1142 4545 1170 4545 1171 4616 1143 4616 ship 0.4552
1017 4462 1047 4460 1053 4533 1023 4535 ship 0.4517
1084 3771 1121 3764 1137 3851 1101 3858 ship 0.4492
933 2613 959 2612 960 2677 935 2677 ship 0.4461
1252 4233 1286 4233 1284 4318 1250 4317 ship 0.4454
1308 3871 1346 3866 1357 3954 1320 3959 ship 0.4447
1380 4493 1419 4484 1441 4580 1402 4589 ship 0.4444
1124 3769 1161 3764 1171 3847 1135 3852 ship 0.4437
1023 3902 1057 3902 1058 3990 1024 3990 ship 0.4431
1300 4220 1336 4218 1340 4308 1304 4309 ship 0.4428
1256 4408 1288 4406 1294 4489 1262 4491 ship 0.4392
1181 4420 1212 4418 1218 4498 1187 4500 ship 0.4373
252 482 282 476 300 560 270 566 ship 0.4353
189 534 214 532 219 590 194 592 ship 0.4349
615 1196 641 1194 645 1253 620 1255 ship 0.4349
125 577 148 572 161 625 138 631 ship 0.4339
1295 4525 1329 4526 1327 4602 1292 4601 ship 0.4281
1098 4267 1123 4268 1122 4332 1096 4332 ship 0.4279
868 1535 898 1529 913 1601 882 1607 ship 0.4278
1229 4693 1256 4693 1256 4764 1229 4764 ship 0.4275
570 1655 598 1647 617 1714 590 1722 ship 0.4270
1383 4701 1413 4698 1423 4781 1393 4785 ship 0.4261
1056 2539 1085 2540 1083 2615 1054 2614 ship 0.4258
325 1078 350 1067 378 1128 353 1139 ship 0.4255
620 947 650 937 675 1012 645 1022 ship 0.4231
1178 4111 1210 4108 1218 4194 1186 4197 ship 0.4203
1103 4713 1132 4713 1131 4792 1102 4792 ship 0.4190
736 1147 768 1137 790 1208 759 1218 ship 0.4156
378 662 404 661 408 720 382 722 ship 0.4156
445 1027 470 1020 487 1081 462 1088 ship 0.4154
984 2604 1010 2604 1009 2670 983 2670 ship 0.4140
544 1335 568 1328 583 1383 559 1390 ship 0.4139
975 3916 1007 3915 1008 3999 976 4000 ship 0.4121
338 673 364 670 370 730 345 733 ship 0.4117
981 3806 1012 3809 1006 3876 975 3873 ship 0.4116
1008 4153 1033 4149 1042 4204 1018 4209 ship 0.4111
1115 4139 1141 4138 1143 4203 1117 4204 ship 0.4108
1264 4689 1291 4691 1286 4758 1260 4756 ship 0.4101
1157 2541 1189 2538 1197 2629 1165 2632 ship 0.4092
141 557 163 550 179 601 157 608 ship 0.4092
967 4163 990 4153 1014 4207 991 4218 ship 0.4082
570 1530 596 1527 602 1585 577 1588 ship 0.4080
1253 4099 1286 4097 1291 4179 1258 4181 ship 0.4037
1050 3777 1087 3771 1100 3859 1064 3865 ship 0.4031
1109 2542 1138 2545 1132 2621 1103 2619 ship 0.4029
930 3923 960 3922 964 4008 934 4010 ship 0.4027
890 2621 914 2620 917 2680 893 2681 ship 0.4026
545 853 573 850 581 920 553 923 ship 0.4025
1176 4758 1202 4757 1204 4819 1179 4820 ship 0.4006
1229 4241 1261 4244 1254 4322 1223 4320 ship 0.3992
969 4263 997 4265 993 4343 965 4341 ship 0.3975
662 1481 689 1478 695 1544 668 1547 ship 0.3973
686 1603 716 1597 731 1676 701 1681 ship 0.3971
576 1210 601 1207 608 1267 583 1270 ship 0.3966
1389 4774 1416 4771 1425 4846 1397 4849 ship 0.3962
1352 4694 1379 4695 1377 4766 1350 4765 ship 0.3962
1061 4275 1085 4274 1088 4335 1063 4336 ship 0.3958
987 1867 1016 1866 1018 1930 989 1931 ship 0.3957
763 1216 795 1210 811 1288 780 1295 ship 0.3957
135 502 153 487 186 527 168 542 ship 0.3947
1353 4783 1378 4781 1382 4846 1357 4848 ship 0.3946
1199 4251 1227 4255 1218 4326 1190 4322 ship 0.3942
580 1319 607 1315 617 1380 591 1384 ship 0.3938
333 722 356 717 367 766 344 771 ship 0.3934
851 2626 875 2624 879 2682 855 2683 ship 0.3932
1213 4538 1242 4540 1239 4608 1209 4606 ship 0.3928
1271 4485 1299 4485 1299 4551 1272 4551 ship 0.3927
972 2764 997 2766 991 2837 966 2834 ship 0.3927
1080 4720 1107 4723 1099 4794 1071 4791 ship 0.3918
579 960 610 952 630 1032 599 1040 ship 0.3913
1150 4260 1177 4263 1170 4328 1143 4326 ship 0.3912
1067 4460 1094 4461 1092 4525 1065 4524 ship 0.3911
581 838 609 838 608 907 581 906 ship 0.3909
106 592 127 584 148 636 127 644 ship 0.3908
1172 4817 1201 4815 1207 4890 1178 4892 ship 0.3906
1075 1747 1105 1748 1102 1823 1072 1822 ship 0.3906
811 1426 839 1423 845 1488 817 1491 ship 0.3903
331 785 352 779 366 825 345 832 ship 0.3900
227 503 253 500 260 567 234 570 ship 0.3858
1015 3813 1046 3814 1042 3883 1011 3882 ship 0.3856
736 1232 763 1223 783 1289 756 1298 ship 0.3853
549 982 577 975 595 1042 567 1049 ship 0.3849
894 1390 923 1381 943 1447 914 1456 ship 0.3846
942 3804 971 3806 966 3875 936 3872 ship 0.3842
1059 4819 1087 4818 1090 4899 1062 4900 ship 0.3809
1300 4691 1326 4694 1319 4757 1293 4755 ship 0.3804
912 3793 944 3792 946 3881 914 3882 ship 0.3793
394 433 423 426 441 506 412 512 ship 0.3782
1204 3893 1238 3891 1243 3967 1210 3969 ship 0.3778
366 939 390 927 417 980 393 992 ship 0.3777
803 2625 827 2621 838 2681 814 2685 ship 0.3761
902 2782 926 2785 918 2848 894 2845 ship 0.3747
1281 3879 1315 3879 1315 3958 1280 3958 ship 0.3747
1224 4766 1248 4765 1252 4826 1227 4827 ship 0.3732
1277 3773 1310 3775 1306 3848 1273 3846 ship 0.3732
655 1208 680 1207 683 1260 659 1261 ship 0.3719
1217 3770 1250 3770 1250 3841 1217 3841 ship 0.3716
933 2766 958 2769 951 2842 926 2840 ship 0.3706
841 1408 871 1405 879 1476 849 1479 ship 0.3706
1219 2780 1249 2783 1242 2851 1212 2848 ship 0.3699
1140 3894 1175 3893 1177 3978 1142 3979 ship 0.3696
722 1256 749 1249 764 1314 738 1321 ship 0.3693
1008 2758 1033 2760 1029 2824 1004 2823 ship 0.3688
498 873 523 870 530 926 505 929 ship 0.3688
1026 4831 1054 4829 1061 4913 1032 4915 ship 0.3680
1346 4415 1382 4415 1382 4500 1346 4500 ship 0.3678
533 1241 556 1237 563 1286 540 1290 ship 0.3668
1303 4782 1327 4782 1328 4840 1304 4840 ship 0.3657
1166 3767 1200 3765 1204 3840 1170 3842 ship 0.3657
1025 2599 1052 2598 1055 2663 1029 2664 ship 0.3654
363 1066 388 1060 402 1119 377 1125 ship 0.3636
528 1561 551 1553 569 1604 547 1612 ship 0.3631
919 1368 954 1355 985 1437 950 1450 ship 0.3630
998 2561 1025 2560 1026 2626 999 2627 ship 0.3626
1330 4089 1364 4083 1378 4162 1343 4169 ship 0.3620
618 1515 643 1512 650 1565 625 1568 ship 0.3616
730 1593 756 1586 773 1651 747 1658 ship 0.3616
377 728 399 724 408 772 386 776 ship 0.3615
500 1345 521 1336 540 1381 518 1390 ship 0.3613
447 1280 467 1269 490 1310 470 1321 ship 0.3609
1019 1857 1048 1857 1048 1923 1020 1923 ship 0.3608
494 1252 518 1248 527 1298 503 1302 ship 0.3602
608 619 641 610 668 704 635 714 ship 0.3600
705 1276 730 1271 741 1331 716 1336 ship 0.3587
770 1575 798 1570 810 1637 783 1642 ship 0.3578
417 1046 442 1042 452 1104 427 1108 ship 0.3570
866 2792 890 2796 881 2855 857 2851 ship 0.3564
769 1434 797 1431 805 1502 777 1505 ship 0.3559
1164 2747 1189 2748 1188 2811 1162 2811 ship 0.3547
92 511 104 491 152 520 139 540 ship 0.3546
685 1849 708 1844 718 1897 695 1901 ship 0.3543
847 2839 870 2834 879 2881 856 2885 ship 0.3541
198 501 222 495 236 548 212 554 ship 0.3540
1146 4209 1170 4208 1171 4264 1147 4265 ship 0.3535
321 966 339 950 372 990 354 1005 ship 0.3534
1117 2744 1141 2744 1142 2801 1118 2801 ship 0.3529
1011 4263 1038 4267 1029 4332 1002 4328 ship 0.3527
1072 4145 1097 4145 1097 4201 1072 4201 ship 0.3519
1064 2750 1088 2751 1086 2809 1062 2808 ship 0.3496
529 631 555 630 557 696 532 697 ship 0.3494
198 770 220 763 234 809 212 816 ship 0.3492
1217 4814 1245 4814 1246 4882 1218 4882 ship 0.3490
400 920 424 912 442 963 418 972 ship 0.3486
850 2587 872 2583 882 2635 860 2640 ship 0.3480
418 672 441 672 441 722 417 722 ship 0.3476
302 718 324 714 333 759 311 763 ship 0.3468
508 630 532 628 535 686 512 688 ship 0.3442
523 694 547 688 559 745 534 750 ship 0.3438
703 1157 731 1151 744 1212 715 1218 ship 0.3436
857 1803 880 1804 878 1855 855 1854 ship 0.3428
504 699 527 695 534 747 512 751 ship 0.3421
1038 4727 1063 4728 1061 4789 1036 4788 ship 0.3417
1037 4564 1066 4567 1059 4642 1030 4639 ship 0.3396
692 1471 718 1469 724 1530 697 1532 ship 0.3393
372 777 394 771 407 816 385 823 ship 0.3391
168 738 192 732 205 789 182 795 ship 0.3387
1109 4215 1131 4213 1135 4263 1113 4265 ship 0.3384
647 1837 671 1832 684 1887 661 1892 ship 0.3378
982 1746 1009 1748 1004 1813 978 1811 ship 0.3353
323 1122 340 1107 375 1147 357 1162 ship 0.3350
692 1897 717 1893 726 1944 702 1949 ship 0.3344
896 1525 923 1519 937 1580 910 1587 ship 0.3342
734 1858 757 1855 763 1904 741 1907 ship 0.3341
585 626 613 620 630 701 601 706 ship 0.3320
828 1872 851 1872 851 1927 828 1927 ship 0.3320
802 2589 824 2582 842 2634 820 2641 ship 0.3318
335 461 364 456 378 531 349 537 ship 0.3307
1339 4496 1373 4494 1378 4578 1344 4580 ship 0.3305
470 690 492 690 492 737 471 737 ship 0.3302
284 473 313 469 325 547 295 552 ship 0.3300
985 1803 1010 1802 1012 1858 987 1859 ship 0.3298
468 732 491 729 498 776 476 780 ship 0.3298
739 1897 764 1895 766 1946 742 1947 ship 0.3296
1266 4773 1290 4773 1291 4831 1267 4832 ship 0.3287
624 1306 649 1304 655 1363 630 1366 ship 0.3284
1250 2955 1279 2954 1283 3031 1254 3033 ship 0.3282
613 1635 641 1633 647 1697 619 1699 ship 0.3280
820 1805 843 1804 844 1857 821 1857 ship 0.3274
856 1877 880 1879 876 1938 852 1936 ship 0.3266
451 1343 470 1330 496 1368 477 1381 ship 0.3265
420 1288 438 1273 468 1311 449 1326 ship 0.3254
1038 1744 1065 1747 1059 1815 1031 1812 ship 0.3250
736 1811 759 1807 769 1859 746 1864 ship 0.3249
261 720 284 717 288 763 266 766 ship 0.3243
625 1261 648 1258 654 1308 630 1311 ship 0.3232
904 1796 927 1798 923 1847 901 1846 ship 0.3230
675 1279 699 1276 706 1330 682 1333 ship 0.3225
785 1805 808 1804 812 1855 789 1857 ship 0.3222
303 790 324 785 336 827 315 833 ship 0.3203
1065 4232 1086 4229 1093 4273 1072 4276 ship 0.3192
958 1751 983 1752 980 1814 954 1813 ship 0.3185
496 1005 523 1000 534 1067 507 1072 ship 0.3178
787 1864 809 1864 810 1913 788 1913 ship 0.3160
446 893 472 890 480 947 455 950 ship 0.3157
828 1190 863 1184 879 1276 844 1282 ship 0.3150
426 735 448 732 454 777 432 780 ship 0.3138
620 828 647 830 642 892 615 890 ship 0.3118
821 2800 845 2802 840 2860 817 2859 ship 0.3099
1053 2795 1078 2794 1081 2847 1057 2849 ship 0.3097
854 2687 873 2681 884 2715 865 2721 ship 0.3092
1112 2797 1136 2796 1138 2846 1115 2847 ship 0.3085
1303 3785 1337 3786 1334 3856 1300 3855 ship 0.3066
1282 200 1316 178 1365 254 1330 276 ship 0.3064
663 1614 691 1610 701 1675 672 1680 ship 0.3062
291 819 313 812 329 856 307 864 ship 0.3033
453 1380 472 1366 502 1406 482 1420 ship 0.3027
652 1897 675 1888 695 1939 672 1948 ship 0.3026
1308 4158 1337 4154 1346 4218 1318 4222 ship 0.3025
471 638 494 639 492 692 469 691 ship 0.3015
258 832 281 826 295 871 272 878 ship 0.3004
1187 4707 1214 4707 1214 4777 1187 4777 ship 0.3001
730 1465 756 1462 764 1517 738 1521 ship 0.2992
821 1552 849 1549 857 1613 829 1616 ship 0.2986
953 1873 978 1874 975 1931 950 1930 ship 0.2961
211 829 232 820 253 865 231 875 ship 0.2958
891 2700 909 2691 925 2725 908 2734 ship 0.2958
538 1630 559 1618 586 1664 566 1676 ship 0.2947
461 407 488 402 503 476 475 482 ship 0.2944
323 1180 339 1165 372 1202 356 1217 ship 0.2933
406 972 425 961 447 999 428 1010 ship 0.2921
260 784 281 780 289 821 268 825 ship 0.2907
626 1580 648 1576 656 1619 634 1623 ship 0.2885
894 1879 918 1881 912 1937 888 1934 ship 0.2875
1126 3384 1126 3350 1213 3350 1213 3385 ship 0.2872
900 3990 922 3982 944 4044 922 4052 ship 0.2871
141 718 163 711 179 762 157 769 ship 0.2867
805 2677 826 2671 837 2709 817 2715 ship 0.2844
927 1516 953 1508 971 1572 945 1580 ship 0.2842
1129 4716 1156 4716 1155 4784 1128 4783 ship 0.2831
928 2712 945 2701 966 2734 949 2745 ship 0.2826
114 669 132 661 150 701 131 709 ship 0.2820
548 943 572 936 587 986 563 993 ship 0.2818
895 1457 919 1449 936 1499 912 1507 ship 0.2812
313 1133 331 1123 353 1162 335 1172 ship 0.2800
1060 1846 1088 1846 1088 1910 1060 1910 ship 0.2793
694 1524 717 1519 726 1564 703 1569 ship 0.2787
443 986 465 977 482 1020 461 1029 ship 0.2782
305 982 323 968 354 1008 335 1022 ship 0.2776
727 2511 704 2325 1170 2268 1192 2454 ship 0.2763
274 1059 292 1048 316 1085 298 1096 ship 0.2762
331 1235 351 1222 379 1266 360 1278 ship 0.2751
320 1040 338 1028 364 1066 346 1079 ship 0.2738
499 928 521 922 532 966 510 971 ship 0.2736
367 1040 387 1031 407 1070 388 1080 ship 0.2724
1285 4417 1320 4416 1323 4517 1288 4518 ship 0.2701
838 2884 854 2871 876 2899 860 2912 ship 0.2696
1371 4401 1411 4398 1419 4487 1379 4490 ship 0.2692
974 2716 990 2705 1013 2736 997 2748 ship 0.2690
772 2633 793 2621 822 2672 801 2684 ship 0.2687
384 1288 404 1275 431 1317 411 1330 ship 0.2683
1059 2641 1080 2633 1094 2674 1073 2681 ship 0.2673
622 1832 645 1825 661 1876 638 1883 ship 0.2670
419 769 440 763 453 805 432 812 ship 0.2668
1004 4573 1030 4570 1037 4639 1011 4641 ship 0.2658
1330 4163 1359 4156 1375 4219 1345 4226 ship 0.2655
221 1024 239 1010 274 1053 255 1068 ship 0.2654
653 910 679 904 693 967 667 973 ship 0.2635
569 674 593 666 613 723 588 732 ship 0.2616
1013 4650 1034 4643 1051 4687 1030 4694 ship 0.2611
841 3141 830 2968 1244 2940 1256 3113 ship 0.2601
826 1497 850 1493 858 1542 833 1546 ship 0.2565
734 1541 756 1535 769 1579 746 1586 ship 0.2526
782 1551 805 1545 818 1593 794 1599 ship 0.2525
865 4015 884 4000 927 4054 908 4069 ship 0.2520
1098 2645 1118 2637 1134 2673 1114 2681 ship 0.2520
291 1191 309 1182 329 1222 311 1231 ship 0.2514
650 828 678 829 676 890 649 889 ship 0.2503
926 1471 948 1458 975 1504 953 1517 ship 0.2502
1021 2714 1037 2703 1058 2735 1042 2746 ship 0.2476
1056 4654 1077 4648 1088 4689 1066 4694 ship 0.2475
373 1251 391 1238 420 1277 401 1290 ship 0.2467
940 3694 936 3514 1350 3506 1353 3687 ship 0.2464
1134 4676 1156 4671 1166 4713 1144 4719 ship 0.2461
332 1287 351 1272 384 1316 365 1331 ship 0.2443
878 2882 893 2869 917 2897 902 2910 ship 0.2432
492 766 511 755 533 794 513 805 ship 0.2424
1104 4457 1134 4458 1130 4547 1099 4545 ship 0.2423
816 2766 837 2763 842 2806 821 2809 ship 0.2407
898 3657 920 3644 952 3697 930 3710 ship 0.2399
267 994 287 983 312 1025 292 1036 ship 0.2363
682 930 711 923 730 1000 701 1007 ship 0.2356
1320 3570 1351 3557 1382 3632 1350 3645 ship 0.2342
1094 4667 1116 4662 1126 4702 1104 4708 ship 0.2338
1144 2644 1162 2632 1184 2668 1166 2679 ship 0.2332
937 2557 962 2547 984 2598 959 2609 ship 0.2331
275 1092 294 1083 311 1121 292 1129 ship 0.2331
891 2564 913 2553 936 2599 914 2610 ship 0.2294
222 1054 239 1042 266 1077 249 1090 ship 0.2292
1307 3519 1336 3500 1379 3568 1350 3587 ship 0.2281
972 4427 995 4414 1027 4470 1004 4484 ship 0.2274
1065 2716 1082 2706 1101 2738 1084 2748 ship 0.2243
492 398 518 394 527 462 500 466 ship 0.2227
370 814 388 804 407 839 389 849 ship 0.2227
531 783 550 772 573 809 554 821 ship 0.2206
1181 2757 1205 2751 1220 2809 1195 2815 ship 0.2181
775 2601 794 2587 824 2628 805 2641 ship 0.2179
765 2734 746 2552 1203 2506 1221 2688 ship 0.2174
282 1228 302 1219 322 1265 302 1273 ship 0.2160
1106 2726 1123 2716 1143 2747 1126 2757 ship 0.2145
207 546 228 539 242 582 222 589 ship 0.2144
1140 2732 1155 2718 1182 2750 1166 2763 ship 0.2105
288 855 306 844 326 877 308 888 ship 0.2093
591 1523 615 1520 622 1575 598 1578 ship 0.2086
223 899 240 887 266 924 248 936 ship 0.2080
989 4652 1009 4643 1028 4689 1008 4698 ship 0.2073
258 1158 276 1152 289 1187 271 1194 ship 0.2045
150 615 167 606 185 637 168 647 ship 0.2014
834 2966 847 2952 873 2976 859 2990 ship 0.2011
996 4706 1017 4699 1032 4748 1011 4754 ship 0.2009
809 2891 825 2877 850 2905 834 2919 ship 0.2003
84 626 104 620 116 661 97 667 ship 0.1994
777 2675 797 2665 817 2705 797 2715 ship 0.1992
447 1412 464 1397 495 1433 478 1448 ship 0.1992
1329 4211 1365 4207 1376 4301 1340 4306 ship 0.1990
219 727 242 723 251 772 228 776 ship 0.1986
957 4388 976 4375 1003 4417 984 4429 ship 0.1986
641 1299 664 1294 675 1343 652 1348 ship 0.1947
1130 4315 1151 4307 1166 4347 1145 4354 ship 0.1940
509 847 528 838 548 877 528 887 ship 0.1937
260 910 277 898 299 931 282 943 ship 0.1937
650 1991 667 1978 693 2012 676 2025 ship 0.1927
1247 3021 1274 3018 1280 3077 1254 3080 ship 0.1921
1002 4825 1026 4819 1039 4880 1016 4885 ship 0.1912
272 970 290 959 313 998 295 1009 ship 0.1909
465 890 487 883 502 930 480 937 ship 0.1897
1001 3366 1010 3342 1061 3361 1052 3385 ship 0.1897
999 4773 1021 4767 1033 4817 1011 4822 ship 0.1889
238 1212 257 1205 272 1247 253 1254 ship 0.1862
476 1025 501 1020 514 1076 490 1082 ship 0.1859
228 968 245 956 272 994 255 1007 ship 0.1852
703 2261 682 2052 1120 2010 1140 2219 ship 0.1840
681 1987 698 1976 718 2007 701 2018 ship 0.1831
1179 4318 1200 4310 1215 4351 1194 4358 ship 0.1821
835 3004 854 2994 876 3036 857 3046 ship 0.1816
941 4108 961 4098 984 4143 964 4153 ship 0.1812
62 674 81 669 91 712 72 716 ship 0.1777
958 3377 963 3350 1023 3362 1018 3388 ship 0.1772
966 4309 966 4116 1384 4116 1384 4309 ship 0.1766
1168 2638 1186 2625 1211 2660 1193 2673 ship 0.1761
562 729 581 718 603 755 584 766 ship 0.1753
419 823 437 813 456 845 438 855 ship 0.1741
1000 2830 1024 2823 1041 2872 1016 2880 ship 0.1739
903 3942 926 3938 936 3998 912 4002 ship 0.1738
344 949 361 936 389 970 371 984 ship 0.1738
878 2957 891 2942 920 2966 907 2981 ship 0.1737
290 1275 310 1262 339 1304 320 1317 ship 0.1736
333 873 349 860 371 889 355 901 ship 0.1732
1134 4409 1157 4401 1171 4446 1148 4453 ship 0.1730
217 1108 234 1099 252 1132 235 1142 ship 0.1726
977 4122 1000 4114 1018 4167 995 4174 ship 0.1708
158 694 175 684 194 719 177 728 ship 0.1695
1008 4628 992 4403 1430 4372 1446 4596 ship 0.1681
992 4394 1011 4385 1029 4423 1009 4432 ship 0.1680
864 1406 891 1401 903 1461 876 1466 ship 0.1667
804 2999 823 2987 851 3033 831 3045 ship 0.1658
584 808 603 798 622 836 602 846 ship 0.1651
1256 4601 1279 4593 1294 4633 1271 4641 ship 0.1649
802 2973 816 2959 844 2986 830 3000 ship 0.1648
1216 4321 1239 4313 1255 4354 1233 4363 ship 0.1642
463 834 481 825 500 859 482 868 ship 0.1638
596 1829 618 1824 630 1874 607 1879 ship 0.1637
896 3891 919 3888 925 3938 903 3941 ship 0.1633
675 2084 697 2076 716 2129 693 2136 ship 0.1631
792 2758 812 2752 825 2794 804 2800 ship 0.1631
601 1351 620 1340 641 1378 621 1389 ship 0.1631
873 3039 899 3040 895 3109 868 3108 ship 0.1628
191 1026 210 1013 240 1059 221 1072 ship 0.1626
1058 3365 1067 3341 1112 3359 1103 3382 ship 0.1624
917 2885 933 2869 964 2901 948 2917 ship 0.1622
308 935 324 922 347 953 331 965 ship 0.1610
912 4091 930 4079 958 4118 941 4130 ship 0.1602
79 555 97 542 124 581 107 593 ship 0.1592
199 854 219 844 239 886 218 896 ship 0.1579
386 892 402 880 424 910 408 922 ship 0.1576
307 457 331 448 350 500 326 509 ship 0.1575
1159 2834 1180 2827 1193 2868 1172 2875 ship 0.1571
918 4049 939 4040 958 4086 938 4095 ship 0.1567
549 1538 571 1534 581 1582 558 1586 ship 0.1561
1106 4408 1126 4400 1142 4439 1122 4448 ship 0.1528
1022 4123 1047 4119 1056 4176 1032 4180 ship 0.1517
182 1065 200 1052 226 1089 209 1101 ship 0.1508
211 1174 229 1165 245 1201 228 1209 ship 0.1498
47 704 69 701 74 748 53 750 ship 0.1497
680 2063 698 2053 719 2089 701 2099 ship 0.1484
128 725 149 721 158 765 136 769 ship 0.1464
638 1931 656 1917 684 1952 666 1966 ship 0.1458
508 1532 529 1524 545 1569 524 1577 ship 0.1451
731 1979 747 1970 765 1999 748 2009 ship 0.1443
1167 2731 1182 2717 1211 2748 1195 2762 ship 0.1441
1065 4400 1084 4392 1099 4428 1079 4436 ship 0.1430
874 2999 894 2988 918 3028 898 3039 ship 0.1428
477 1380 495 1364 527 1398 509 1415 ship 0.1416
1248 4327 1271 4317 1289 4359 1266 4369 ship 0.1411
1620 864 1624 834 1690 843 1686 873 ship 0.1409
839 1542 865 1531 886 1583 860 1594 ship 0.1392
524 890 549 879 571 931 546 941 ship 0.1391
671 841 698 838 703 897 676 900 ship 0.1382
925 3626 944 3616 968 3662 948 3672 ship 0.1378
1102 2839 1124 2832 1139 2874 1117 2881 ship 0.1356
361 511 382 498 407 540 387 553 ship 0.1352
947 2847 969 2830 1008 2881 986 2898 ship 0.1350
676 1934 695 1920 722 1955 702 1970 ship 0.1349
319 1316 336 1298 372 1332 356 1350 ship 0.1346
247 553 266 543 287 580 268 591 ship 0.1340
800 2843 821 2835 837 2878 815 2885 ship 0.1338
470 1274 491 1266 507 1309 486 1317 ship 0.1331
1171 2809 1196 2800 1214 2852 1189 2861 ship 0.1330
213 1218 231 1208 253 1248 235 1258 ship 0.1310
711 1609 735 1602 748 1654 724 1660 ship 0.1309
927 3756 947 3744 970 3783 950 3795 ship 0.1303
1019 3769 1043 3758 1065 3808 1041 3819 ship 0.1299
-4 704 18 699 30 755 7 760 ship 0.1298
317 243 300 212 400 157 417 188 ship 0.1296
226 466 246 452 273 492 254 506 ship 0.1291
949 3984 970 3979 981 4023 960 4028 ship 0.1289
686 1824 706 1813 730 1858 709 1868 ship 0.1287
975 3766 996 3755 1017 3797 995 3808 ship 0.1281
458 1461 474 1447 504 1482 487 1495 ship 0.1262
498 981 522 966 555 1020 531 1035 ship 0.1258
898 3751 916 3738 942 3775 923 3788 ship 0.1237
647 2004 607 1823 1109 1712 1150 1893 ship 0.1229
682 2138 701 2127 724 2168 704 2179 ship 0.1227
1006 3331 1016 3310 1061 3333 1050 3353 ship 0.1226
831 2656 853 2647 869 2689 847 2698 ship 0.1215
646 1670 665 1659 686 1696 667 1707 ship 0.1213
195 900 213 890 235 926 217 937 ship 0.1209
835 3031 860 3028 866 3091 842 3094 ship 0.1204
579 1429 594 1416 618 1443 603 1456 ship 0.1198
809 1134 843 1130 852 1207 817 1210 ship 0.1196
902 3982 889 3769 1355 3743 1367 3956 ship 0.1189
212 626 227 615 247 642 232 654 ship 0.1183
625 1448 641 1436 664 1467 647 1479 ship 0.1183
224 700 242 691 260 724 242 734 ship 0.1175
529 1415 544 1402 567 1429 552 1442 ship 0.1173
128 483 141 462 190 492 177 513 ship 0.1172
910 2654 930 2642 957 2685 937 2697 ship 0.1170
1288 4333 1311 4320 1333 4362 1310 4374 ship 0.1166
919 1769 943 1768 947 1820 923 1822 ship 0.1160
178 1118 195 1107 217 1140 201 1151 ship 0.1149
1226 3576 1262 3537 1346 3616 1310 3655 ship 0.1144
927 4137 944 4128 965 4164 947 4174 ship 0.1142
579 1748 593 1735 617 1761 603 1774 ship 0.1141
962 2654 981 2641 1010 2683 991 2696 ship 0.1141
1229 2923 1253 2916 1265 2961 1242 2968 ship 0.1131
929 3385 938 3362 986 3381 977 3404 ship 0.1129
630 1501 655 1493 672 1541 648 1550 ship 0.1122
1056 3335 1064 3316 1105 3334 1097 3354 ship 0.1121
180 471 197 456 228 490 211 505 ship 0.1119
774 1924 795 1912 820 1955 799 1967 ship 0.1118
1243 3533 1272 3496 1354 3558 1325 3595 ship 0.1108
533 1300 556 1290 575 1334 552 1344 ship 0.1105
75 523 88 505 127 533 114 551 ship 0.1098
666 1178 690 1170 705 1219 681 1227 ship 0.1098
1184 4099 1205 4085 1234 4127 1213 4141 ship 0.1097
429 410 452 399 475 451 452 461 ship 0.1092
968 4578 991 4574 999 4626 977 4630 ship 0.1088
1142 2307 1183 2294 1211 2388 1170 2400 ship 0.1086
955 3696 970 3681 998 3709 982 3725 ship 0.1083
1035 2850 1056 2832 1100 2883 1080 2901 ship 0.1081
1206 3037 1235 3026 1257 3084 1228 3095 ship 0.1077
924 1897 951 1890 964 1942 937 1948 ship 0.1075
939 4169 962 4160 990 4232 966 4241 ship 0.1075
976 3333 987 3313 1031 3336 1020 3357 ship 0.1074
864 4083 879 4066 917 4101 901 4118 ship 0.1071
774 1973 791 1962 812 1996 794 2007 ship 0.1070
558 1255 581 1246 599 1292 576 1301 ship 0.1058
631 1626 656 1615 677 1666 653 1676 ship 0.1057
194 966 211 955 235 993 218 1004 ship 0.1055
709 1491 731 1481 750 1527 728 1536 ship 0.1054
1292 4606 1314 4597 1331 4635 1309 4645 ship 0.1050
244 1250 263 1238 289 1275 271 1288 ship 0.1046
689 2188 709 2175 736 2216 716 2229 ship 0.1045
644 1370 662 1359 681 1392 663 1402 ship 0.1043
1011 2655 1029 2643 1056 2682 1037 2695 ship 0.1039
854 4053 868 4030 925 4067 910 4089 ship 0.1037
236 863 254 849 281 882 264 896 ship 0.1035
1153 4160 1183 4149 1206 4212 1177 4223 ship 0.1030
719 2052 736 2043 754 2076 737 2086 ship 0.1026
523 1659 543 1651 560 1694 540 1702 ship 0.1011
960 4072 980 4063 999 4104 979 4113 ship 0.1010
302 1067 324 1058 345 1115 323 1123 ship 0.1006
944 4277 966 4275 971 4326 948 4328 ship 0.1005
706 2069 727 2064 739 2109 718 2115 ship 0.1004
606 1766 620 1753 643 1778 629 1790 ship 0.1004
647 1837 671 1832 684 1887 661 1892 storage-tank 0.1223
685 1849 708 1844 718 1897 695 1901 storage-tank 0.1218
652 1897 675 1888 695 1939 672 1948 storage-tank 0.1142
692 1897 717 1893 726 1944 702 1949 storage-tank 0.1102
734 1858 757 1855 763 1904 741 1907 storage-tank 0.1085
985 1803 1010 1802 1012 1858 987 1859 storage-tank 0.1036
321 966 339 950 372 990 354 1005 storage-tank 0.1004
889 4007 874 3786 1357 3754 1371 3975 harbor 0.3686
981 3699 970 3532 1331 3507 1343 3674 harbor 0.3606
765 2734 746 2552 1203 2506 1221 2688 harbor 0.3433
1008 4628 992 4403 1430 4372 1446 4596 harbor 0.3349
966 4309 966 4116 1384 4116 1384 4309 harbor 0.2769
592 2357 651 2004 1192 2095 1132 2447 harbor 0.2356
1021 4903 995 4713 1424 4656 1449 4846 harbor 0.2245
316 1173 232 985 670 791 753 980 harbor 0.2111
841 3141 830 2968 1244 2940 1256 3113 harbor 0.2092
647 2004 607 1823 1109 1712 1150 1893 harbor 0.1855
113 679 40 492 490 318 562 505 harbor 0.1839
173 878 132 690 630 580 671 769 harbor 0.1586
445 1462 378 1268 858 1102 925 1296 harbor 0.1536
531 1737 447 1548 935 1333 1018 1522 harbor 0.1525
-43 390 -102 242 366 54 425 202 harbor 0.1470
775 2920 755 2748 1234 2691 1255 2863 harbor 0.1157
900 3990 922 3982 944 4044 922 4052 harbor 0.1028
