808 78 926 82 918 311 800 307 bridge 0.1339
1116 214 1119 190 1193 199 1190 223 bridge 0.1159
797 299 799 280 861 288 859 306 bridge 0.1113
741 1073 745 1049 827 1065 822 1088 bridge 0.1072
741 1073 745 1049 827 1065 822 1088 ship 0.6597
1116 214 1119 190 1193 199 1190 223 ship 0.6408
835 1099 840 1075 915 1090 910 1114 ship 0.6362
1020 214 1021 193 1098 197 1097 218 ship 0.5807
818 1177 823 1158 877 1172 872 1192 ship 0.5682
556 1736 577 1735 580 1798 560 1799 ship 0.5580
243 783 242 761 305 755 307 777 ship 0.5356
1078 1117 1082 1096 1146 1107 1143 1128 ship 0.5328
799 185 801 165 858 172 855 192 ship 0.5249
284 673 283 653 341 653 341 672 ship 0.5207
98 216 97 201 133 199 134 214 ship 0.5191
862 246 864 226 919 232 917 251 ship 0.5066
528 290 546 282 567 326 550 335 ship 0.5058
797 299 799 280 861 288 859 306 ship 0.4997
795 219 797 198 854 203 853 224 ship 0.4992
245 362 248 345 291 353 288 370 ship 0.4981
976 1431 979 1416 1017 1422 1015 1438 ship 0.4953
1018 1489 1021 1474 1059 1483 1056 1499 ship 0.4939
1049 1340 1053 1324 1092 1334 1088 1349 ship 0.4932
961 1508 963 1492 1001 1499 998 1514 ship 0.4925
860 276 862 257 920 262 918 282 ship 0.4921
425 213 428 197 470 206 467 221 ship 0.4883
468 419 470 403 509 407 507 423 ship 0.4830
1035 164 1037 144 1104 151 1102 170 ship 0.4819
665 200 665 184 707 184 707 200 ship 0.4810
1034 241 1036 221 1099 227 1097 247 ship 0.4804
425 258 427 242 468 248 465 263 ship 0.4781
603 180 607 164 647 175 643 190 ship 0.4779
465 450 467 434 507 440 505 456 ship 0.4749
1018 1192 1022 1177 1061 1187 1057 1202 ship 0.4667
601 195 604 179 646 188 642 204 ship 0.4662
1005 1250 1009 1234 1048 1244 1044 1259 ship 0.4661
1029 1443 1033 1428 1069 1436 1065 1451 ship 0.4651
224 538 225 518 280 522 279 542 ship 0.4650
247 410 248 394 290 398 288 414 ship 0.4641
987 1364 991 1349 1030 1359 1026 1374 ship 0.4632
848 1065 853 1042 928 1058 923 1082 ship 0.4614
690 1457 695 1442 732 1453 728 1468 ship 0.4611
1032 1428 1036 1413 1073 1421 1069 1437 ship 0.4608
426 243 428 228 468 232 466 247 ship 0.4607
471 377 472 361 510 365 509 381 ship 0.4606
965 1478 969 1463 1006 1472 1002 1487 ship 0.4592
693 1428 698 1413 737 1426 732 1441 ship 0.4571
428 196 431 181 472 190 468 205 ship 0.4568
978 1412 981 1398 1019 1406 1016 1421 ship 0.4559
1005 1560 1008 1545 1045 1552 1042 1567 ship 0.4550
283 699 285 680 346 686 344 705 ship 0.4545
413 459 416 444 454 452 450 467 ship 0.4542
662 153 665 137 707 143 705 159 ship 0.4530
264 181 268 166 305 173 302 189 ship 0.4501
303 378 305 362 345 367 343 383 ship 0.4496
317 217 317 201 357 201 356 218 ship 0.4492
734 1209 737 1191 789 1199 786 1218 ship 0.4489
645 377 648 359 691 367 688 384 ship 0.4479
747 1475 751 1458 793 1469 789 1486 ship 0.4471
489 189 489 175 523 175 522 189 ship 0.4464
738 1512 743 1495 783 1506 778 1523 ship 0.4452
1011 1539 1012 1524 1049 1527 1047 1541 ship 0.4442
1037 1400 1039 1385 1076 1389 1074 1405 ship 0.4436
293 540 294 524 332 525 331 542 ship 0.4435
1021 298 1012 286 1049 261 1058 274 ship 0.4430
739 1157 743 1138 804 1151 800 1170 ship 0.4429
1034 1416 1037 1400 1075 1407 1072 1422 ship 0.4421
319 186 319 170 357 171 357 187 ship 0.4421
422 390 423 373 459 376 458 392 ship 0.4413
423 285 426 269 466 275 464 291 ship 0.4408
257 287 258 271 298 274 296 290 ship 0.4390
664 185 665 169 706 170 706 186 ship 0.4380
309 346 310 330 348 333 346 348 ship 0.4371
589 422 590 407 628 411 627 426 ship 0.4344
1084 1150 1087 1130 1138 1137 1135 1156 ship 0.4341
470 391 472 375 510 378 508 394 ship 0.4328
410 480 413 464 451 471 448 487 ship 0.4323
661 243 663 226 708 234 705 250 ship 0.4321
423 300 425 285 465 289 464 305 ship 0.4320
871 394 866 378 906 365 911 381 ship 0.4308
292 581 295 564 336 573 332 589 ship 0.4295
424 319 424 303 464 304 464 320 ship 0.4290
721 1303 727 1288 766 1303 760 1318 ship 0.4276
763 1397 769 1381 810 1394 804 1411 ship 0.4274
465 484 466 468 506 470 505 486 ship 0.4255
783 1321 788 1305 828 1319 823 1335 ship 0.4254
1021 1177 1024 1161 1063 1170 1060 1185 ship 0.4247
750 1455 755 1437 798 1450 794 1467 ship 0.4222
598 209 602 193 645 202 642 218 ship 0.4221
118 618 118 600 168 601 168 620 ship 0.4219
407 553 410 537 448 543 446 559 ship 0.4217
1115 181 1116 158 1182 162 1181 184 ship 0.4215
108 714 111 698 155 706 152 723 ship 0.4208
250 319 252 302 293 307 291 323 ship 0.4206
436 184 439 168 476 176 473 191 ship 0.4203
1001 1295 1003 1279 1042 1285 1040 1301 ship 0.4202
658 331 660 315 701 321 699 337 ship 0.4201
129 471 129 454 172 454 172 471 ship 0.4201
459 569 461 554 498 560 495 575 ship 0.4200
62 436 64 419 116 425 114 442 ship 0.4196
994 1339 998 1324 1035 1333 1031 1347 ship 0.4192
562 634 553 621 593 593 602 606 ship 0.4189
1059 1291 1064 1274 1104 1285 1099 1302 ship 0.4188
1021 1476 1024 1462 1061 1469 1058 1484 ship 0.4187
867 220 868 201 923 205 922 224 ship 0.4183
110 684 113 667 159 675 156 692 ship 0.4169
76 337 81 321 124 333 119 348 ship 0.4153
1066 1253 1070 1238 1109 1249 1105 1264 ship 0.4144
809 129 812 113 856 120 854 136 ship 0.4138
52 625 55 608 99 616 96 633 ship 0.4133
229 596 232 579 275 587 272 604 ship 0.4121
792 1289 799 1273 839 1291 832 1307 ship 0.4113
1026 1458 1029 1444 1064 1451 1061 1465 ship 0.4095
1183 1340 1188 1326 1224 1337 1219 1352 ship 0.4079
736 1178 740 1159 799 1171 795 1190 ship 0.4075
869 191 870 172 927 175 926 195 ship 0.4074
1044 135 1047 118 1103 128 1099 145 ship 0.4064
724 1253 729 1235 782 1249 777 1266 ship 0.4043
286 618 288 602 328 606 327 622 ship 0.4036
482 232 483 217 520 219 519 234 ship 0.4035
466 433 468 417 508 422 506 438 ship 0.4034
129 435 131 420 171 424 169 440 ship 0.4017
823 1144 829 1124 879 1139 873 1158 ship 0.3998
583 372 586 355 630 363 627 380 ship 0.3991
460 539 461 523 498 525 497 541 ship 0.3985
680 1496 685 1481 723 1494 718 1509 ship 0.3979
230 581 233 564 276 571 273 587 ship 0.3977
463 497 463 482 501 483 500 498 ship 0.3973
413 621 414 603 454 605 453 624 ship 0.3971
694 1416 698 1400 738 1411 734 1426 ship 0.3968
964 340 957 330 989 308 996 318 ship 0.3945
143 242 143 226 181 227 181 243 ship 0.3941
1018 1129 1023 1111 1067 1125 1061 1143 ship 0.3939
64 491 68 475 111 484 107 500 ship 0.3935
476 330 478 315 514 318 512 333 ship 0.3935
460 554 461 539 498 543 496 558 ship 0.3922
457 583 460 568 496 575 492 590 ship 0.3918
973 1459 975 1444 1011 1449 1009 1464 ship 0.3907
1161 1471 1164 1458 1197 1465 1194 1478 ship 0.3904
1073 1225 1078 1209 1116 1220 1111 1236 ship 0.3901
242 430 245 414 289 423 286 439 ship 0.3898
479 288 478 273 514 271 515 286 ship 0.3892
95 263 96 248 130 249 129 264 ship 0.3892
94 289 95 274 130 275 129 291 ship 0.3891
94 228 93 214 129 212 130 226 ship 0.3881
985 1381 989 1366 1027 1376 1023 1391 ship 0.3879
659 272 661 256 704 262 702 278 ship 0.3865
1004 1576 1007 1561 1044 1568 1041 1584 ship 0.3861
256 238 258 222 300 227 298 243 ship 0.3855
955 1548 957 1533 990 1538 988 1553 ship 0.3848
586 345 590 328 634 341 629 357 ship 0.3844
300 483 300 467 338 467 338 483 ship 0.3835
312 272 315 256 353 262 350 279 ship 0.3829
716 1338 721 1322 761 1335 756 1351 ship 0.3818
102 780 104 762 153 765 152 783 ship 0.3807
478 306 477 291 513 289 514 304 ship 0.3807
462 510 463 495 500 497 499 512 ship 0.3780
664 213 665 196 708 198 707 214 ship 0.3773
1014 1526 1015 1512 1050 1515 1048 1529 ship 0.3768
985 1399 988 1384 1022 1392 1019 1407 ship 0.3762
67 403 68 386 114 389 113 406 ship 0.3760
66 131 57 118 89 94 99 107 ship 0.3754
486 213 485 199 521 198 522 212 ship 0.3735
703 1383 708 1368 747 1380 742 1396 ship 0.3720
589 328 593 311 636 322 632 338 ship 0.3714
1128 1618 1130 1604 1166 1609 1164 1623 ship 0.3714
108 732 110 716 153 720 152 736 ship 0.3706
1017 1503 1019 1489 1052 1493 1050 1508 ship 0.3694
283 721 287 703 336 711 332 730 ship 0.3692
673 119 675 102 717 107 715 124 ship 0.3690
139 307 140 292 177 294 177 309 ship 0.3689
475 345 475 330 512 331 511 346 ship 0.3682
788 455 781 439 818 423 825 439 ship 0.3671
100 813 101 794 152 797 150 816 ship 0.3664
807 153 810 136 855 144 852 161 ship 0.3658
1178 1374 1181 1360 1216 1366 1214 1381 ship 0.3654
596 243 599 226 644 232 642 250 ship 0.3654
957 1535 959 1520 994 1525 992 1540 ship 0.3645
1003 1591 1005 1576 1043 1580 1040 1596 ship 0.3645
461 526 462 511 499 513 498 528 ship 0.3622
289 598 291 581 332 587 329 604 ship 0.3615
139 346 138 331 176 329 176 345 ship 0.3606
52 644 56 627 98 636 94 653 ship 0.3601
233 483 233 465 283 466 283 484 ship 0.3594
146 209 147 195 183 196 183 211 ship 0.3588
230 454 232 435 284 441 282 459 ship 0.3584
564 1810 583 1810 583 1852 564 1852 ship 0.3578
597 225 600 208 645 216 642 232 ship 0.3574
306 361 307 346 346 349 345 365 ship 0.3565
518 674 508 663 540 632 551 643 ship 0.3554
220 675 221 657 269 660 268 677 ship 0.3545
56 560 57 543 107 546 106 563 ship 0.3544
766 1380 772 1364 812 1379 806 1395 ship 0.3534
257 302 258 286 297 289 296 305 ship 0.3531
284 648 283 630 332 627 333 644 ship 0.3529
1081 1186 1084 1170 1123 1179 1119 1195 ship 0.3526
302 467 301 452 338 451 338 467 ship 0.3515
1212 1161 1218 1145 1259 1162 1253 1178 ship 0.3507
663 1535 667 1518 717 1528 713 1545 ship 0.3507
719 1321 724 1306 763 1318 758 1334 ship 0.3496
598 287 598 271 641 271 641 287 ship 0.3489
69 753 94 756 88 801 63 798 ship 0.3488
687 1472 690 1458 725 1466 722 1480 ship 0.3483
229 753 227 736 266 731 268 748 ship 0.3482
729 1232 734 1213 786 1226 782 1244 ship 0.3477
879 128 879 113 916 111 917 126 ship 0.3465
121 515 123 498 173 502 172 519 ship 0.3465
1133 1605 1135 1592 1168 1598 1166 1611 ship 0.3462
642 433 643 416 697 420 695 437 ship 0.3425
997 1311 998 1296 1036 1299 1035 1314 ship 0.3422
108 762 108 746 151 747 151 763 ship 0.3412
480 263 480 249 514 249 514 264 ship 0.3401
219 703 221 686 268 691 266 708 ship 0.3377
686 1486 690 1471 726 1481 722 1496 ship 0.3363
246 393 248 377 290 381 288 397 ship 0.3348
57 587 58 569 107 573 106 591 ship 0.3338
804 1242 810 1224 857 1238 851 1256 ship 0.3328
464 466 465 451 501 453 500 468 ship 0.3289
60 510 62 492 111 497 110 515 ship 0.3278
256 260 257 244 299 245 298 261 ship 0.3266
705 1369 710 1353 750 1365 745 1380 ship 0.3265
696 1399 701 1384 739 1395 735 1410 ship 0.3262
790 1306 797 1290 835 1306 829 1322 ship 0.3258
1015 1217 1018 1201 1057 1209 1054 1225 ship 0.3257
1120 149 1122 131 1171 137 1169 155 ship 0.3253
97 251 96 236 131 234 131 249 ship 0.3205
645 409 646 393 691 397 689 414 ship 0.3186
296 512 296 496 334 496 334 511 ship 0.3175
83 317 85 302 126 308 124 323 ship 0.3156
435 272 436 257 467 259 466 275 ship 0.3138
247 348 250 332 292 339 289 355 ship 0.3136
999 1329 1001 1314 1036 1319 1034 1334 ship 0.3136
144 276 144 261 178 259 178 274 ship 0.3110
1157 1494 1159 1481 1194 1487 1192 1499 ship 0.3086
147 195 147 179 184 178 184 193 ship 0.3056
1046 1370 1048 1354 1085 1358 1083 1373 ship 0.3050
974 1446 975 1432 1009 1434 1008 1448 ship 0.3031
227 659 229 643 270 647 268 663 ship 0.2999
735 1531 738 1516 777 1523 774 1539 ship 0.2992
599 301 599 285 641 285 641 301 ship 0.2970
585 390 586 374 629 378 628 394 ship 0.2956
671 138 673 122 713 125 712 141 ship 0.2956
728 1552 733 1537 769 1548 764 1563 ship 0.2954
662 230 663 212 713 216 711 233 ship 0.2941
429 343 428 328 463 327 464 342 ship 0.2928
305 401 304 385 343 385 344 400 ship 0.2920
412 604 412 586 451 586 451 603 ship 0.2914
661 307 661 292 700 292 700 307 ship 0.2907
411 590 410 573 447 572 448 588 ship 0.2891
1077 1211 1080 1195 1118 1202 1115 1218 ship 0.2850
452 596 455 580 487 586 484 602 ship 0.2826
1013 1239 1016 1224 1051 1230 1048 1245 ship 0.2799
159 1539 154 1525 186 1513 191 1528 ship 0.2797
261 218 261 202 301 204 301 219 ship 0.2796
1204 1244 1207 1230 1243 1237 1241 1251 ship 0.2789
996 1504 1001 1492 1022 1500 1018 1512 ship 0.2777
129 450 130 434 172 437 170 453 ship 0.2770
656 361 659 344 699 351 696 367 ship 0.2756
795 1277 800 1260 847 1275 842 1292 ship 0.2751
141 254 141 239 170 241 169 256 ship 0.2747
147 173 149 158 187 163 185 178 ship 0.2736
674 1519 678 1503 720 1513 716 1529 ship 0.2728
1155 1515 1156 1503 1189 1506 1188 1518 ship 0.2711
803 1263 809 1246 853 1261 847 1278 ship 0.2699
1227 1151 1232 1135 1271 1147 1267 1163 ship 0.2685
126 498 127 481 172 485 171 502 ship 0.2673
999 1356 1001 1341 1033 1344 1032 1359 ship 0.2671
90 155 79 144 114 110 125 121 ship 0.2667
478 365 478 350 511 351 511 366 ship 0.2618
1168 1453 1169 1439 1203 1442 1202 1456 ship 0.2617
1180 1393 1180 1379 1215 1380 1214 1394 ship 0.2596
462 242 465 229 488 235 485 247 ship 0.2590
981 1559 986 1547 1008 1554 1004 1566 ship 0.2549
8 1341 18 1332 37 1354 27 1363 ship 0.2540
459 228 463 216 485 222 482 234 ship 0.2535
313 296 313 281 349 280 349 296 ship 0.2532
1055 1309 1057 1294 1095 1299 1093 1314 ship 0.2531
411 505 411 490 448 492 447 507 ship 0.2528
313 324 313 310 347 309 348 323 ship 0.2506
305 445 304 430 339 428 340 442 ship 0.2496
135 411 136 397 170 400 169 413 ship 0.2494
227 557 229 538 277 542 275 561 ship 0.2494
1136 1629 1137 1618 1162 1619 1162 1630 ship 0.2483
992 1487 998 1475 1019 1484 1014 1496 ship 0.2475
660 168 661 154 694 155 694 170 ship 0.2475
225 688 228 671 268 677 266 693 ship 0.2454
317 243 317 227 355 227 355 243 ship 0.2440
306 419 306 405 341 404 342 419 ship 0.2436
116 299 119 286 143 292 140 305 ship 0.2431
1171 1430 1173 1416 1209 1420 1207 1435 ship 0.2414
1047 1354 1050 1339 1081 1346 1078 1361 ship 0.2406
1137 1589 1138 1576 1170 1578 1169 1590 ship 0.2401
459 177 461 165 485 169 483 181 ship 0.2394
121 702 122 686 162 688 161 705 ship 0.2390
583 410 584 393 630 396 629 412 ship 0.2363
120 315 123 302 147 307 145 320 ship 0.2361
418 447 418 433 452 433 452 447 ship 0.2350
1154 1535 1155 1523 1187 1526 1185 1538 ship 0.2341
464 272 468 260 491 267 488 279 ship 0.2324
1172 1416 1174 1402 1211 1406 1209 1420 ship 0.2310
988 1577 991 1565 1015 1571 1011 1584 ship 0.2293
175 759 189 758 191 790 176 790 ship 0.2291
137 394 138 380 171 383 170 397 ship 0.2288
411 531 411 517 447 517 447 531 ship 0.2279
316 157 318 145 347 151 345 163 ship 0.2272
1000 320 996 311 1018 301 1022 310 ship 0.2270
42 40 46 30 78 42 75 52 ship 0.2269
299 171 303 159 329 166 325 179 ship 0.2268
860 411 856 399 893 385 897 396 ship 0.2267
79 354 80 339 122 343 121 359 ship 0.2266
419 418 419 404 453 405 452 418 ship 0.2266
824 119 825 104 862 105 862 120 ship 0.2253
252 275 253 259 297 259 297 276 ship 0.2228
446 363 447 351 471 352 470 364 ship 0.2221
961 1572 964 1559 991 1564 988 1578 ship 0.2220
117 668 117 653 155 654 155 668 ship 0.2217
1154 1546 1156 1535 1185 1541 1183 1552 ship 0.2208
67 474 67 458 109 458 109 474 ship 0.2207
815 1204 819 1185 871 1197 866 1216 ship 0.2202
137 375 137 362 171 361 171 375 ship 0.2179
74 388 73 373 114 370 114 385 ship 0.2131
280 158 282 147 308 152 306 163 ship 0.2114
1056 1329 1059 1314 1095 1320 1092 1335 ship 0.2098
492 311 501 296 530 314 520 329 ship 0.2040
868 113 870 102 895 106 893 118 ship 0.2032
722 1287 726 1271 768 1280 764 1296 ship 0.1990
757 1432 759 1417 799 1423 796 1439 ship 0.1973
1009 1430 1014 1419 1036 1428 1031 1440 ship 0.1965
1212 1230 1212 1216 1246 1217 1245 1231 ship 0.1941
773 1363 776 1348 813 1356 810 1371 ship 0.1929
78 424 78 408 119 409 118 425 ship 0.1924
965 1585 971 1573 994 1587 988 1598 ship 0.1921
485 162 488 153 508 158 505 167 ship 0.1878
760 1412 764 1396 801 1406 797 1422 ship 0.1878
1143 1567 1144 1554 1176 1557 1175 1569 ship 0.1876
879 150 877 135 913 130 915 145 ship 0.1874
737 1488 742 1475 768 1485 763 1499 ship 0.1858
1025 1371 1029 1358 1052 1366 1048 1378 ship 0.1841
232 637 231 622 270 621 270 636 ship 0.1840
938 379 931 372 966 338 973 346 ship 0.1834
445 405 447 392 472 395 470 408 ship 0.1800
809 1228 813 1211 857 1219 854 1236 ship 0.1783
465 160 467 150 488 154 486 164 ship 0.1746
644 392 645 376 681 378 680 393 ship 0.1742
656 320 657 304 701 305 701 321 ship 0.1740
657 259 659 243 696 248 695 263 ship 0.1736
870 407 878 415 848 445 840 438 ship 0.1730
443 609 446 594 477 598 475 614 ship 0.1730
1179 1482 1183 1473 1201 1481 1197 1490 ship 0.1728
1018 125 1020 114 1047 119 1045 130 ship 0.1717
232 521 230 504 274 499 276 516 ship 0.1711
422 567 423 553 449 554 449 568 ship 0.1707
1005 309 1001 300 1026 287 1030 297 ship 0.1706
963 1490 965 1477 995 1481 993 1495 ship 0.1702
441 378 443 365 467 369 465 382 ship 0.1701
849 96 853 85 877 94 873 106 ship 0.1696
777 1340 782 1326 814 1337 809 1351 ship 0.1654
1029 183 1030 164 1093 165 1092 185 ship 0.1642
118 641 118 626 154 624 155 640 ship 0.1639
136 294 135 280 172 278 173 293 ship 0.1630
708 1516 715 1504 738 1516 731 1528 ship 0.1627
271 332 273 318 300 321 298 335 ship 0.1621
667 101 669 87 709 91 707 105 ship 0.1599
1217 1202 1218 1188 1252 1191 1251 1204 ship 0.1599
135 145 142 134 168 150 161 161 ship 0.1599
299 194 302 181 328 186 324 200 ship 0.1597
424 229 424 215 458 215 458 229 ship 0.1593
1003 1267 1004 1252 1039 1254 1038 1268 ship 0.1591
1072 1281 1074 1265 1107 1270 1105 1286 ship 0.1563
1031 262 1030 247 1071 243 1072 259 ship 0.1562
810 285 809 270 848 268 849 284 ship 0.1558
1145 1642 1149 1634 1168 1644 1164 1653 ship 0.1549
447 451 452 438 476 447 471 460 ship 0.1547
692 1445 694 1431 728 1437 725 1451 ship 0.1537
1203 1259 1205 1246 1241 1250 1239 1263 ship 0.1516
447 166 447 155 473 156 472 167 ship 0.1512
49 18 57 12 72 32 65 39 ship 0.1496
120 194 122 184 143 188 140 199 ship 0.1470
534 82 549 56 597 83 582 109 ship 0.1231
808 79 928 84 918 313 798 308 harbor 0.7279
999 229 1039 92 1193 137 1153 274 harbor 0.6226
604 73 710 77 697 461 591 458 harbor 0.3976
768 1030 899 1059 775 1612 644 1583 harbor 0.3657
213 357 322 355 331 788 222 790 harbor 0.3246
406 169 506 167 515 636 414 638 harbor 0.2906
1039 1060 1128 1075 1026 1662 937 1647 harbor 0.2784
100 123 192 129 167 514 76 508 harbor 0.2662
-13 1478 -16 1445 157 1426 161 1459 harbor 0.2486
45 413 139 405 173 815 79 822 harbor 0.2458
36 1493 104 1486 155 1960 87 1968 harbor 0.2178
651 1525 731 1500 771 1632 692 1656 harbor 0.2140
147 173 149 158 187 163 185 178 harbor 0.1986
986 1560 1020 1570 982 1705 947 1696 harbor 0.1714
147 150 153 137 186 151 181 165 harbor 0.1608
-41 1017 10 1005 85 1345 33 1356 harbor 0.1604
1234 1125 1294 1136 1185 1703 1126 1692 harbor 0.1602
144 187 151 172 182 187 175 202 harbor 0.1472
1001 1596 1002 1583 1036 1586 1035 1599 harbor 0.1317
965 1585 971 1573 994 1587 988 1598 harbor 0.1303
849 96 853 85 877 94 873 106 harbor 0.1295
270 150 358 151 353 472 264 471 harbor 0.1286
90 155 79 144 114 110 125 121 harbor 0.1259
94 94 106 105 74 139 62 127 harbor 0.1211
556 710 530 682 860 388 886 417 harbor 0.1134
897 162 1019 99 1174 395 1053 459 harbor 0.1062
247 780 247 759 309 759 309 780 harbor 0.1052
535 78 548 53 598 80 585 104 swimming-pool 0.1930
