1509 536 1522 547 1482 594 1469 582 small-vehicle 0.1864
1535 547 1549 558 1519 599 1505 588 small-vehicle 0.1501
970 1136 970 1122 999 1123 999 1136 small-vehicle 0.1215
703 627 703 615 735 614 736 627 small-vehicle 0.1177
1465 329 1484 333 1466 408 1448 404 large-vehicle 0.3347
1436 323 1453 327 1438 407 1420 403 large-vehicle 0.3229
1158 974 1180 975 1172 1079 1149 1077 large-vehicle 0.2676
911 696 931 699 917 799 896 796 large-vehicle 0.2665
1192 974 1214 977 1201 1076 1179 1073 large-vehicle 0.2623
1435 530 1446 539 1402 592 1391 582 large-vehicle 0.2622
1084 476 1100 478 1094 543 1078 542 large-vehicle 0.2587
822 712 842 714 835 789 815 787 large-vehicle 0.2502
1509 536 1522 547 1482 594 1469 582 large-vehicle 0.2319
1462 463 1480 465 1473 528 1456 526 large-vehicle 0.2285
1082 968 1103 970 1093 1064 1071 1061 large-vehicle 0.2229
1232 221 1254 222 1248 312 1227 311 large-vehicle 0.2136
1203 227 1223 229 1217 304 1198 303 large-vehicle 0.2103
533 1085 548 1085 546 1141 531 1141 large-vehicle 0.2068
390 1073 408 1074 402 1144 384 1142 large-vehicle 0.2030
1524 460 1542 462 1535 531 1517 529 large-vehicle 0.2026
1060 478 1074 480 1069 539 1055 538 large-vehicle 0.1948
215 987 224 964 308 996 299 1019 large-vehicle 0.1805
1141 240 1162 242 1154 318 1134 316 large-vehicle 0.1773
1373 325 1391 329 1378 389 1360 385 large-vehicle 0.1770
1113 964 1134 967 1122 1066 1102 1064 large-vehicle 0.1764
372 671 382 676 360 725 350 720 large-vehicle 0.1735
917 948 937 952 920 1051 900 1048 large-vehicle 0.1733
416 645 432 646 430 711 414 710 large-vehicle 0.1718
1034 960 1054 964 1038 1055 1018 1051 large-vehicle 0.1715
617 924 641 926 634 1018 610 1017 large-vehicle 0.1694
339 672 347 680 313 715 306 707 large-vehicle 0.1688
985 415 1008 418 992 514 969 510 large-vehicle 0.1658
1401 329 1418 332 1408 396 1390 393 large-vehicle 0.1637
1433 456 1449 459 1437 519 1422 516 large-vehicle 0.1623
688 691 712 693 706 791 682 790 large-vehicle 0.1621
1523 634 1539 625 1567 675 1550 684 large-vehicle 0.1608
1554 469 1572 471 1563 531 1546 529 large-vehicle 0.1562
897 413 922 416 911 516 887 513 large-vehicle 0.1542
1069 247 1097 248 1093 324 1065 323 large-vehicle 0.1534
221 948 229 928 316 963 308 983 large-vehicle 0.1489
672 921 693 923 684 1020 663 1018 large-vehicle 0.1433
942 700 962 703 949 793 929 790 large-vehicle 0.1427
443 664 462 665 457 754 438 753 large-vehicle 0.1426
739 686 762 688 751 791 728 789 large-vehicle 0.1395
345 679 353 687 312 730 304 722 large-vehicle 0.1393
774 695 792 696 785 786 767 784 large-vehicle 0.1382
1553 419 1558 402 1617 418 1612 436 large-vehicle 0.1379
1453 532 1466 542 1425 595 1412 585 large-vehicle 0.1379
749 933 773 935 766 1026 741 1024 large-vehicle 0.1379
444 599 445 579 520 582 519 602 large-vehicle 0.1317
1174 480 1192 481 1188 545 1170 544 large-vehicle 0.1313
1512 641 1526 634 1544 672 1530 679 large-vehicle 0.1297
1624 622 1640 626 1621 690 1605 686 large-vehicle 0.1290
1494 485 1510 486 1508 536 1492 536 large-vehicle 0.1290
1339 303 1360 306 1350 386 1329 383 large-vehicle 0.1290
587 931 608 934 596 1012 576 1009 large-vehicle 0.1277
1532 547 1546 557 1515 600 1501 590 large-vehicle 0.1272
547 561 549 541 631 549 629 568 large-vehicle 0.1250
263 1110 255 1095 311 1067 318 1081 large-vehicle 0.1249
706 918 727 921 712 1021 690 1017 large-vehicle 0.1228
887 629 890 607 969 619 966 641 large-vehicle 0.1225
1109 246 1129 248 1123 320 1102 318 large-vehicle 0.1204
360 671 370 678 340 724 330 717 large-vehicle 0.1200
569 1087 583 1086 584 1136 570 1137 large-vehicle 0.1188
932 413 957 416 943 519 918 516 large-vehicle 0.1176
868 817 881 816 882 852 869 852 ship 0.4895
921 833 933 832 936 859 924 861 ship 0.4763
915 897 929 896 932 930 919 931 ship 0.4608
518 780 531 780 529 812 516 811 ship 0.4559
738 802 752 801 754 839 739 840 ship 0.4438
953 899 967 898 969 934 955 935 ship 0.4416
569 786 582 785 585 817 572 819 ship 0.4410
695 799 707 799 708 830 695 831 ship 0.4409
620 789 634 789 633 825 619 825 ship 0.4394
960 828 972 829 968 858 956 856 ship 0.4351
860 808 873 810 869 844 856 842 ship 0.4255
795 808 808 808 808 842 795 841 ship 0.4214
650 794 663 795 662 828 648 827 ship 0.4207
1032 907 1045 906 1047 943 1034 943 ship 0.4180
939 822 951 822 952 854 940 854 ship 0.4095
1108 846 1121 848 1117 883 1104 881 ship 0.4061
1071 843 1084 844 1083 879 1069 878 ship 0.3981
627 871 642 874 636 905 622 902 ship 0.3977
874 899 887 900 886 931 872 930 ship 0.3960
434 781 447 782 444 813 431 812 ship 0.3939
1119 849 1131 851 1126 884 1114 882 ship 0.3933
994 908 1007 910 1004 940 991 938 ship 0.3925
1009 905 1021 906 1020 937 1007 937 ship 0.3886
601 867 615 868 612 898 598 897 ship 0.3884
595 785 609 786 609 820 595 820 ship 0.3874
473 775 486 776 485 808 472 808 ship 0.3864
516 857 531 858 528 893 512 891 ship 0.3836
1186 861 1198 864 1191 894 1178 892 ship 0.3769
972 909 984 910 982 938 970 937 ship 0.3711
1214 869 1227 872 1220 901 1208 898 ship 0.3701
931 213 945 212 946 244 932 245 ship 0.3697
671 875 685 877 682 908 668 907 ship 0.3636
709 799 722 799 721 832 708 831 ship 0.3621
850 809 862 811 857 842 844 839 ship 0.3605
1134 852 1145 854 1139 883 1128 881 ship 0.3576
1019 859 1023 847 1054 858 1050 870 ship 0.3566
633 791 647 792 645 826 631 825 ship 0.3549
402 774 412 775 410 801 400 801 ship 0.3508
855 898 868 899 865 929 851 927 ship 0.3463
679 799 692 799 690 829 677 828 ship 0.3459
979 220 995 221 993 254 977 253 ship 0.3441
934 899 948 899 948 933 934 933 ship 0.3383
785 806 798 807 795 839 782 838 ship 0.3349
1186 155 1201 152 1206 186 1191 188 ship 0.3320
413 776 425 778 421 805 409 803 ship 0.3320
896 898 909 898 911 928 898 929 ship 0.3313
1367 133 1382 134 1380 167 1365 166 ship 0.3227
540 781 554 782 552 813 539 812 ship 0.3217
894 221 909 220 911 253 896 254 ship 0.3203
1096 845 1109 846 1106 881 1093 880 ship 0.3151
1192 917 1205 919 1201 948 1188 946 ship 0.3136
1200 864 1213 868 1204 897 1192 894 ship 0.3133
1147 854 1158 856 1153 884 1142 882 ship 0.3083
1211 153 1226 153 1226 188 1211 188 ship 0.3074
1261 147 1277 144 1285 185 1269 188 ship 0.3069
768 800 781 800 780 834 767 833 ship 0.3054
554 865 568 866 566 898 552 897 ship 0.3035
837 898 850 896 853 923 840 924 ship 0.3028
1334 133 1354 131 1359 174 1339 176 ship 0.3005
1246 149 1264 147 1269 187 1251 190 ship 0.2978
1076 176 1091 173 1096 208 1082 211 ship 0.2970
818 809 830 810 827 840 815 839 ship 0.2969
837 809 849 811 845 841 833 839 ship 0.2959
1234 158 1254 158 1253 202 1233 202 ship 0.2955
1167 858 1179 860 1173 888 1161 886 ship 0.2955
486 776 498 777 496 807 484 806 ship 0.2923
897 829 908 829 907 855 896 854 ship 0.2920
1106 172 1123 170 1129 211 1112 214 ship 0.2879
787 890 794 878 818 893 811 905 ship 0.2837
685 881 700 883 696 913 681 911 ship 0.2776
666 249 684 248 686 279 667 280 ship 0.2767
722 256 737 253 743 286 728 289 ship 0.2753
386 770 396 771 393 797 383 795 ship 0.2746
1112 927 1114 916 1142 920 1140 931 ship 0.2676
451 778 463 779 461 812 448 811 ship 0.2609
568 869 581 871 577 898 564 896 ship 0.2587
643 874 657 876 653 907 639 905 ship 0.2560
1382 136 1397 139 1391 170 1376 167 ship 0.2532
756 887 771 887 771 914 755 914 ship 0.2461
1580 363 1584 346 1641 360 1637 377 ship 0.2411
1457 144 1477 144 1478 196 1458 197 ship 0.2265
699 884 717 886 713 917 695 914 ship 0.2261
365 845 378 846 377 875 364 875 ship 0.2260
1177 178 1189 178 1188 207 1176 206 ship 0.2252
817 897 828 892 837 914 825 919 ship 0.2241
947 230 960 230 962 255 948 256 ship 0.2226
527 869 541 870 539 896 526 895 ship 0.2152
1045 923 1056 923 1055 948 1044 948 ship 0.2137
1057 855 1068 854 1071 878 1060 879 ship 0.2084
1181 922 1193 923 1191 948 1178 947 ship 0.2078
1069 185 1081 185 1083 223 1071 224 ship 0.2038
350 760 364 762 359 790 345 788 ship 0.2027
950 929 961 926 965 948 955 950 ship 0.1995
718 885 736 887 734 919 715 917 ship 0.1979
776 886 789 881 799 904 787 909 ship 0.1964
378 767 388 769 382 793 372 791 ship 0.1964
465 862 475 859 482 883 472 886 ship 0.1946
479 861 491 860 493 886 481 887 ship 0.1936
506 768 515 767 517 787 508 788 ship 0.1936
990 953 998 945 1014 962 1006 969 ship 0.1923
381 849 394 850 394 878 381 878 ship 0.1912
948 946 958 943 965 966 955 969 ship 0.1903
1553 419 1558 402 1617 418 1612 436 ship 0.1878
878 821 891 820 894 855 881 856 ship 0.1863
493 860 506 862 502 889 490 888 ship 0.1854
963 228 978 230 974 267 959 265 ship 0.1852
1205 908 1215 909 1213 929 1202 928 ship 0.1817
1154 930 1167 928 1170 952 1157 954 ship 0.1805
1001 231 1018 230 1018 263 1001 263 ship 0.1800
655 779 666 776 671 797 660 800 ship 0.1794
927 811 937 809 943 829 933 832 ship 0.1789
1646 553 1660 559 1648 589 1633 583 ship 0.1765
736 256 787 260 776 400 724 396 ship 0.1753
675 776 687 773 693 798 680 800 ship 0.1750
795 911 805 903 819 921 809 928 ship 0.1749
1066 927 1076 927 1076 949 1066 949 ship 0.1742
913 808 922 805 927 824 918 827 ship 0.1685
449 862 459 858 467 881 457 884 ship 0.1684
894 805 903 803 908 823 899 825 ship 0.1680
295 349 310 341 327 372 313 380 ship 0.1676
134 1063 155 1063 156 1101 135 1101 ship 0.1657
1396 151 1411 153 1406 182 1391 180 ship 0.1644
743 254 762 250 769 288 751 291 ship 0.1636
309 838 323 839 321 868 308 867 ship 0.1629
1160 166 1174 162 1182 191 1168 195 ship 0.1622
1032 213 1048 213 1049 244 1034 245 ship 0.1614
938 928 948 927 951 947 940 949 ship 0.1605
1190 888 1200 888 1200 907 1189 907 ship 0.1601
526 770 536 767 541 788 531 790 ship 0.1599
846 794 857 791 862 813 852 815 ship 0.1599
894 927 904 924 908 943 899 945 ship 0.1590
911 928 920 925 927 944 918 947 ship 0.1582
1221 903 1231 904 1230 924 1220 923 ship 0.1571
885 237 898 238 896 266 883 265 ship 0.1570
518 744 529 741 535 768 524 770 ship 0.1546
437 862 447 860 451 883 441 885 ship 0.1519
700 249 715 249 714 279 699 278 ship 0.1509
686 714 706 714 703 791 683 790 ship 0.1509
1128 938 1136 929 1152 943 1144 953 ship 0.1504
521 893 534 890 539 912 526 915 ship 0.1483
396 855 408 854 409 880 397 881 ship 0.1472
1080 930 1090 928 1095 950 1084 952 ship 0.1463
542 769 552 767 556 787 547 789 ship 0.1461
1607 930 1604 906 1643 902 1646 925 ship 0.1454
1254 185 1268 177 1284 204 1271 212 ship 0.1447
332 330 346 315 376 345 361 359 ship 0.1444
543 885 554 883 559 904 547 906 ship 0.1433
922 928 932 925 937 945 927 948 ship 0.1428
933 245 947 242 954 271 940 274 ship 0.1417
830 793 840 790 845 812 835 814 ship 0.1414
559 784 573 784 572 817 558 817 ship 0.1409
1462 463 1480 465 1473 528 1456 526 ship 0.1408
815 791 825 788 831 811 821 814 ship 0.1378
667 251 715 254 708 392 659 390 ship 0.1350
1135 166 1150 161 1161 192 1147 197 ship 0.1349
1590 334 1594 314 1651 325 1647 346 ship 0.1344
487 746 496 744 500 766 490 768 ship 0.1338
544 862 556 863 553 887 542 886 ship 0.1337
196 1097 198 1087 227 1092 225 1103 ship 0.1333
1228 875 1238 874 1239 898 1229 898 ship 0.1328
334 844 346 846 341 871 329 869 ship 0.1320
503 747 513 745 517 768 507 769 ship 0.1316
427 861 438 860 440 883 429 884 ship 0.1309
979 828 989 828 989 850 979 851 ship 0.1307
1120 167 1135 163 1145 198 1130 202 ship 0.1301
1112 910 1116 902 1136 912 1132 921 ship 0.1296
559 766 570 764 574 786 564 788 ship 0.1282
571 714 587 715 581 772 565 771 ship 0.1250
207 1096 201 1084 230 1068 237 1081 ship 0.1245
1093 924 1101 918 1113 935 1106 941 ship 0.1245
1385 176 1398 173 1403 196 1390 199 ship 0.1238
917 866 925 862 933 875 925 880 ship 0.1219
1617 946 1614 928 1647 923 1650 941 ship 0.1218
1090 932 1099 927 1109 945 1100 951 ship 0.1211
934 865 942 862 947 876 939 879 ship 0.1192
1011 948 1020 944 1028 962 1019 966 ship 0.1183
1411 149 1429 152 1425 184 1407 182 ship 0.1178
415 859 426 858 427 882 416 882 ship 0.1177
310 352 347 332 382 396 346 416 ship 0.1164
191 717 211 733 179 771 159 754 ship 0.1159
920 225 964 225 964 393 921 393 ship 0.1125
1070 246 1098 248 1094 324 1065 322 ship 0.1034
527 869 541 870 539 896 526 895 storage-tank 0.1494
549 869 563 870 560 898 546 897 storage-tank 0.1333
521 893 534 890 539 912 526 915 storage-tank 0.1326
849 896 863 897 860 927 846 926 storage-tank 0.1323
756 887 771 887 771 914 755 914 storage-tank 0.1303
516 857 531 858 528 893 512 891 storage-tank 0.1266
207 1096 201 1084 230 1068 237 1081 storage-tank 0.1240
598 867 611 867 610 896 596 896 storage-tank 0.1213
874 899 887 900 886 931 872 930 storage-tank 0.1171
196 1097 198 1087 227 1092 225 1103 storage-tank 0.1094
364 844 377 845 376 875 362 874 storage-tank 0.1053
1646 553 1660 559 1648 589 1633 583 storage-tank 0.1044
773 888 786 883 795 906 782 912 storage-tank 0.1011
1599 1146 1595 1129 1627 1123 1630 1139 storage-tank 0.1001
140 960 185 956 190 1011 145 1015 harbor 0.7324
161 487 187 452 248 499 222 533 harbor 0.6121
156 888 193 872 212 915 176 932 harbor 0.6025
208 714 234 737 200 777 173 755 harbor 0.5245
126 603 138 566 197 586 184 623 harbor 0.5225
132 1034 173 1029 181 1092 139 1098 harbor 0.5189
1583 752 1595 723 1641 741 1630 770 harbor 0.4893
294 351 345 320 395 404 344 434 harbor 0.4397
1635 194 1664 204 1647 254 1618 245 harbor 0.4135
1607 930 1604 906 1643 902 1646 925 harbor 0.3923
567 251 600 253 590 375 557 372 harbor 0.3540
1588 1072 1593 1041 1635 1047 1630 1079 harbor 0.3341
1459 145 1479 146 1477 201 1456 200 harbor 0.3337
1576 170 1603 181 1583 233 1556 222 harbor 0.3252
742 253 790 255 784 394 736 392 harbor 0.3224
671 242 718 243 715 388 667 387 harbor 0.3208
480 246 516 250 506 376 469 372 harbor 0.3207
230 396 261 378 304 450 274 468 harbor 0.3116
304 840 318 842 314 869 300 867 harbor 0.2681
814 244 865 248 854 407 803 404 harbor 0.2546
932 232 971 237 952 394 913 390 harbor 0.2486
1577 1015 1582 988 1642 999 1637 1025 harbor 0.2465
622 254 647 255 641 380 617 379 harbor 0.2394
961 223 1012 226 1002 389 951 385 harbor 0.2386
1617 946 1614 928 1647 923 1650 941 harbor 0.2079
1090 241 1080 176 1285 143 1296 208 harbor 0.1971
1258 150 1276 148 1282 198 1264 200 harbor 0.1912
1305 190 1311 129 1470 144 1464 206 harbor 0.1833
1113 173 1129 172 1132 222 1116 223 harbor 0.1737
1008 234 1027 234 1026 356 1007 356 harbor 0.1735
852 956 852 889 1025 889 1025 956 harbor 0.1643
1234 154 1254 154 1253 205 1233 205 harbor 0.1613
1427 147 1448 147 1449 185 1428 186 harbor 0.1606
1334 133 1354 131 1359 174 1339 176 harbor 0.1594
699 884 717 886 713 917 695 914 harbor 0.1556
713 891 731 892 729 932 711 931 harbor 0.1542
685 881 700 883 696 913 681 911 harbor 0.1468
1128 938 1136 929 1152 943 1144 953 harbor 0.1442
1077 179 1091 179 1091 219 1078 219 harbor 0.1430
1146 936 1159 931 1168 952 1155 957 harbor 0.1420
726 257 742 259 738 305 723 304 harbor 0.1413
1391 169 1407 168 1408 204 1392 204 harbor 0.1381
835 864 835 803 974 802 974 862 harbor 0.1379
1411 149 1429 152 1425 184 1407 182 harbor 0.1376
1589 1084 1608 1066 1635 1096 1616 1113 harbor 0.1360
1355 132 1372 132 1373 168 1356 169 harbor 0.1348
1017 858 1021 846 1053 856 1049 868 harbor 0.1347
332 330 346 315 376 345 361 359 harbor 0.1345
1219 155 1236 154 1237 203 1221 203 harbor 0.1314
445 866 455 859 470 881 461 888 harbor 0.1308
1032 893 1037 830 1217 847 1211 910 harbor 0.1300
433 866 443 860 455 881 445 887 harbor 0.1280
1112 927 1114 916 1142 920 1140 931 harbor 0.1260
295 349 310 341 327 372 313 380 harbor 0.1253
1383 146 1398 147 1394 186 1379 184 harbor 0.1244
697 913 715 912 720 967 702 968 harbor 0.1225
787 890 796 880 816 897 808 907 harbor 0.1216
795 911 805 903 819 921 809 928 harbor 0.1072
491 818 496 762 697 780 692 836 harbor 0.1071
1173 173 1186 173 1187 212 1174 212 harbor 0.1061
1186 154 1200 154 1200 192 1186 192 harbor 0.1057
960 242 974 242 972 291 958 291 harbor 0.1053
773 888 786 883 795 906 782 912 harbor 0.1051
460 865 471 859 484 882 474 888 harbor 0.1040
664 250 683 248 687 280 668 283 harbor 0.1026
936 221 949 222 947 264 934 263 harbor 0.1021
1372 147 1386 149 1383 177 1369 176 harbor 0.1016
1599 1146 1595 1129 1627 1123 1630 1139 swimming-pool 0.1317
1601 928 1600 903 1636 901 1638 926 swimming-pool 0.1108
1130 950 1139 941 1153 956 1144 965 swimming-pool 0.1088
1142 944 1153 935 1167 953 1155 961 swimming-pool 0.1028
