4575 317 4614 312 4627 410 4588 416 ship 0.1679
3617 234 3650 239 3635 335 3602 330 ship 0.1432
3503 240 3538 247 3522 335 3487 329 ship 0.1261
3566 238 3599 246 3580 333 3546 325 ship 0.1236
3364 218 3402 222 3391 329 3353 325 ship 0.1194
3468 441 3512 440 3514 558 3471 559 ship 0.1116
1831 394 1864 393 1868 480 1835 482 ship 0.1034
1831 394 1864 393 1868 480 1835 482 harbor 0.1234
2507 275 2555 280 2542 411 2494 407 harbor 0.1131
1810 453 1841 446 1857 519 1826 526 harbor 0.1094
2348 570 2370 544 2433 595 2411 621 swimming-pool 0.1531
