1564 791 1578 781 1598 809 1584 819 ship 0.2512
1971 602 1975 582 2011 589 2007 609 ship 0.1735
906 1339 907 1319 945 1321 943 1341 ship 0.1352
620 1321 627 1299 662 1309 656 1332 ship 0.1078
1078 1146 1078 1125 1117 1124 1118 1145 ship 0.1046
304 1298 319 1291 332 1322 318 1328 ship 0.1002
1280 247 1296 213 1333 232 1318 265 roundabout 0.1522
179 1070 227 1049 344 1325 296 1346 harbor 0.1404
1411 601 1426 590 1455 632 1440 643 harbor 0.1300
287 978 346 961 488 1451 429 1468 harbor 0.1112
1533 193 1547 181 1577 216 1564 228 harbor 0.1004
520 885 517 866 562 858 565 878 swimming-pool 0.2309
1533 193 1547 181 1577 216 1564 228 swimming-pool 0.1495
1545 185 1546 166 1592 169 1590 189 swimming-pool 0.1017
