139 223 160 220 168 267 147 271 ship 0.1557
2967 80 2983 75 2995 114 2979 119 ship 0.1238
1679 387 1703 376 1727 427 1704 438 ship 0.1197
710 542 712 518 754 521 752 545 storage-tank 0.1728
704 86 704 62 753 62 753 86 storage-tank 0.1109
2392 179 2428 176 2441 344 2404 347 harbor 0.2643
2238 202 2274 200 2284 358 2248 360 harbor 0.2509
788 190 857 187 869 450 800 453 harbor 0.2469
198 241 269 240 273 510 202 511 harbor 0.2254
1665 176 1725 172 1741 437 1681 441 harbor 0.2154
2577 162 2608 162 2609 308 2578 309 harbor 0.2044
945 184 1020 183 1026 535 951 537 harbor 0.2018
2044 155 2120 152 2129 373 2053 376 harbor 0.1931
1151 177 1219 177 1218 436 1151 436 harbor 0.1817
2717 137 2781 134 2796 443 2732 446 harbor 0.1612
1679 387 1703 376 1727 427 1704 438 harbor 0.1095
709 192 770 196 750 527 688 523 harbor 0.1020
704 86 704 62 753 62 753 86 swimming-pool 0.2577
823 52 855 52 856 119 824 120 swimming-pool 0.1809
