190 193 183 178 219 161 226 175 small-vehicle 0.5010
12 305 8 291 40 279 45 293 small-vehicle 0.4922
428 475 419 463 446 442 455 454 small-vehicle 0.4668
59 294 72 305 51 331 38 320 small-vehicle 0.4104
362 251 357 238 387 226 392 239 small-vehicle 0.3784
314 292 327 302 305 334 291 324 small-vehicle 0.3745
265 282 280 285 275 316 259 313 small-vehicle 0.3106
83 108 98 115 83 148 67 141 small-vehicle 0.2875
670 572 674 558 702 566 698 580 small-vehicle 0.2772
115 198 133 207 112 251 94 243 small-vehicle 0.2658
84 88 98 89 96 116 82 115 small-vehicle 0.2580
137 211 152 219 131 257 116 249 small-vehicle 0.2538
461 480 472 468 497 492 485 504 small-vehicle 0.2510
435 519 446 510 466 533 455 542 small-vehicle 0.2500
571 340 581 330 598 346 589 356 small-vehicle 0.2499
10 287 5 274 32 265 36 278 small-vehicle 0.2240
322 559 316 545 349 532 354 546 small-vehicle 0.2180
62 86 80 91 68 141 49 137 small-vehicle 0.2083
232 282 249 280 251 311 234 312 small-vehicle 0.1806
441 512 443 498 473 501 471 516 small-vehicle 0.1727
184 222 202 231 179 277 161 268 small-vehicle 0.1504
453 275 448 262 475 251 480 264 small-vehicle 0.1287
76 315 73 302 102 295 105 308 small-vehicle 0.1270
157 212 177 219 156 274 137 266 small-vehicle 0.1269
206 231 223 241 196 291 179 281 small-vehicle 0.1268
504 354 497 332 557 312 564 334 small-vehicle 0.1162
17 312 22 299 48 310 43 323 small-vehicle 0.1127
362 231 355 218 384 202 391 215 small-vehicle 0.1008
206 231 223 241 196 291 179 281 large-vehicle 0.6525
115 199 133 207 112 251 95 243 large-vehicle 0.6523
158 212 177 220 152 275 134 266 large-vehicle 0.6365
184 222 202 231 179 277 161 268 large-vehicle 0.5912
504 356 495 334 552 312 560 334 large-vehicle 0.5609
137 211 152 219 131 257 116 248 large-vehicle 0.5287
268 231 260 210 339 179 348 201 large-vehicle 0.4577
244 249 264 254 250 312 230 307 large-vehicle 0.4554
446 313 440 292 521 266 528 287 large-vehicle 0.4171
314 292 327 302 305 334 291 324 large-vehicle 0.4046
361 288 351 267 430 231 440 252 large-vehicle 0.3901
65 88 82 94 65 141 48 135 large-vehicle 0.3869
608 328 628 337 606 385 586 376 large-vehicle 0.3552
396 303 388 281 450 258 458 281 large-vehicle 0.3532
480 326 475 305 556 284 561 304 large-vehicle 0.3468
575 337 593 350 569 383 551 370 large-vehicle 0.3416
83 108 98 115 83 148 67 141 large-vehicle 0.3370
268 275 285 280 275 316 258 311 large-vehicle 0.3065
190 193 183 178 219 161 226 175 large-vehicle 0.3039
10 306 6 291 42 279 47 294 large-vehicle 0.2417
631 341 650 351 626 398 607 388 large-vehicle 0.2332
60 294 72 305 50 332 37 321 large-vehicle 0.2155
428 475 419 463 446 442 455 454 large-vehicle 0.2089
429 340 444 354 408 392 393 377 large-vehicle 0.2042
98 340 111 324 148 354 135 370 large-vehicle 0.2014
114 440 134 453 91 517 72 505 large-vehicle 0.1937
362 251 357 238 387 226 392 239 large-vehicle 0.1424
433 518 445 507 467 532 456 543 large-vehicle 0.1346
453 349 468 364 436 397 421 383 large-vehicle 0.1265
461 482 473 471 496 495 485 506 large-vehicle 0.1205
321 560 315 545 349 531 355 546 large-vehicle 0.1198
321 560 315 545 349 531 355 546 ship 0.3029
83 108 98 115 83 148 67 141 ship 0.1668
64 85 81 91 66 142 48 137 ship 0.1476
314 292 327 302 305 334 291 324 ship 0.1470
60 294 72 305 50 332 37 321 ship 0.1404
189 193 182 178 218 161 225 175 ship 0.1392
503 357 494 334 550 311 560 333 ship 0.1390
10 306 5 292 41 279 47 294 ship 0.1238
433 518 445 507 467 532 456 543 ship 0.1092
503 357 494 334 550 311 560 333 tennis-court 0.1138
503 357 494 334 550 311 560 333 swimming-pool 0.2071
158 212 177 220 152 275 134 266 swimming-pool 0.1697
184 222 203 232 179 276 161 266 swimming-pool 0.1447
206 231 223 241 196 291 179 281 swimming-pool 0.1405
577 335 596 351 568 385 548 369 swimming-pool 0.1385
117 198 135 207 112 251 94 242 swimming-pool 0.1136
631 341 650 351 626 398 607 388 swimming-pool 0.1119
191 492 200 475 245 500 236 516 swimming-pool 0.1010
