945 682 967 686 958 728 936 723 ship 0.2589
326 1293 345 1294 343 1352 324 1351 ship 0.1601
710 516 749 533 720 599 681 582 ship 0.1190
328 284 347 281 354 317 335 321 ship 0.1173
961 695 981 698 975 735 955 732 ship 0.1135
925 1980 939 1978 943 2008 929 2010 ship 0.1135
648 2239 655 2210 885 2264 878 2293 harbor 0.2069
709 1975 736 1912 944 2001 917 2065 harbor 0.1623
1043 744 1081 768 944 980 906 956 harbor 0.1416
945 682 967 686 958 728 936 723 harbor 0.1097
66 2038 80 2023 107 2046 94 2062 swimming-pool 0.1987
