755 759 787 752 797 800 764 807 plane 0.1302
699 939 714 936 720 963 705 966 ship 0.2095
1250 217 1281 189 1319 232 1288 260 tennis-court 0.1175
1786 34 1819 29 1836 146 1804 151 harbor 0.5166
212 866 233 862 263 1005 242 1010 harbor 0.3188
12 1244 7 1221 60 1209 65 1233 harbor 0.3177
628 728 671 715 739 946 697 958 harbor 0.2988
1620 115 1641 108 1670 198 1650 204 harbor 0.2771
424 828 445 821 465 887 444 893 harbor 0.2543
132 907 149 901 187 1000 170 1007 harbor 0.2520
750 748 785 741 797 801 762 808 harbor 0.2467
1051 520 1081 501 1110 547 1079 566 harbor 0.2283
778 708 817 690 916 907 877 925 harbor 0.2237
1516 171 1533 163 1584 262 1567 271 harbor 0.2224
59 934 94 920 212 1214 177 1228 harbor 0.2175
892 664 926 643 1059 867 1024 887 harbor 0.2165
1138 472 1177 451 1367 790 1329 812 harbor 0.2011
1680 75 1699 68 1750 198 1730 205 harbor 0.1984
1003 613 1018 604 1041 640 1027 649 harbor 0.1784
1300 380 1342 357 1504 655 1462 678 harbor 0.1722
511 772 537 768 547 838 520 842 harbor 0.1708
1395 297 1471 253 1697 639 1621 683 harbor 0.1658
922 648 957 628 1089 849 1053 870 harbor 0.1521
1638 205 1650 191 1678 218 1666 231 harbor 0.1087
395 763 395 746 425 747 425 764 swimming-pool 0.1063
750 748 785 741 797 801 762 808 helicopter 0.1033
