1629 417 1648 410 1661 448 1642 455 ship 0.1523
1087 793 1107 780 1128 811 1108 825 ship 0.1240
472 176 494 178 489 239 466 237 ship 0.1137
1906 410 1926 410 1926 448 1906 448 ship 0.1068
2175 966 2220 956 2239 1050 2194 1059 tennis-court 0.6007
2122 978 2165 971 2181 1061 2138 1068 tennis-court 0.5611
2119 980 2164 970 2184 1057 2139 1068 basketball-court 0.1204
2173 964 2221 955 2239 1050 2192 1059 basketball-court 0.1025
452 908 499 905 505 1023 457 1025 harbor 0.5017
705 913 742 906 757 993 719 999 harbor 0.4502
1531 511 1563 508 1573 602 1541 605 harbor 0.4294
801 877 832 873 844 966 813 970 harbor 0.4242
1692 456 1727 450 1753 599 1719 606 harbor 0.3814
617 913 649 915 644 1000 612 998 harbor 0.3527
321 929 353 922 378 1044 345 1051 harbor 0.3036
1951 427 1985 423 1999 542 1964 546 harbor 0.2972
2115 320 2148 312 2184 483 2151 490 harbor 0.2361
1260 681 1293 676 1306 760 1273 765 harbor 0.2146
1641 458 1674 454 1694 613 1661 617 harbor 0.2125
2192 284 2219 279 2254 468 2227 473 harbor 0.2123
1166 727 1189 719 1216 806 1193 813 harbor 0.2009
1491 557 1521 553 1534 657 1505 661 harbor 0.2001
1906 415 1930 415 1930 474 1907 474 harbor 0.1818
1778 392 1802 387 1841 566 1817 572 harbor 0.1605
2035 346 2065 337 2107 493 2077 501 harbor 0.1540
1633 428 1651 423 1666 482 1648 486 harbor 0.1397
1915 443 1958 438 1971 552 1928 557 harbor 0.1397
257 930 280 928 292 1048 268 1050 harbor 0.1353
1006 839 1031 837 1034 905 1009 907 harbor 0.1076
