1421 531 1422 500 1499 504 1498 535 ship 0.2192
3214 188 3234 189 3232 242 3212 241 ship 0.2144
3133 514 3158 511 3165 563 3139 567 ship 0.1948
3198 504 3222 505 3220 561 3196 560 ship 0.1891
3164 507 3188 507 3187 561 3163 561 ship 0.1854
37 408 69 408 69 467 38 468 ship 0.1665
3227 219 3244 215 3254 251 3236 255 ship 0.1628
2867 315 2827 120 3830 -85 3870 109 ship 0.1491
2842 358 2845 330 2948 340 2945 367 ship 0.1472
3258 232 3275 227 3285 259 3268 264 ship 0.1353
2942 234 2946 209 3003 219 2999 244 ship 0.1205
649 319 673 323 664 384 640 381 ship 0.1166
3219 511 3243 513 3238 567 3215 565 ship 0.1163
2593 535 2635 531 2647 661 2606 665 ship 0.1161
3346 173 3366 173 3366 226 3346 226 ship 0.1137
3269 529 3304 530 3299 674 3264 673 ship 0.1135
3237 279 3249 268 3270 290 3258 301 ship 0.1077
3317 184 3336 186 3331 230 3312 228 ship 0.1075
503 392 524 382 548 432 527 442 ship 0.1024
3237 524 3262 525 3259 584 3234 583 ship 0.1023
3300 230 3316 225 3325 256 3309 261 ship 0.1009
1273 214 1317 214 1315 364 1271 363 harbor 0.3827
2596 537 2641 534 2650 699 2606 702 harbor 0.2863
2577 151 2609 152 2605 263 2573 262 harbor 0.2637
2851 158 2881 157 2884 248 2854 249 harbor 0.2523
3267 532 3306 534 3295 723 3256 721 harbor 0.2031
1841 89 1881 89 1880 303 1840 303 harbor 0.2006
3414 496 3449 492 3464 626 3429 630 harbor 0.1978
2869 356 2873 330 2963 344 2960 369 harbor 0.1684
3045 533 3082 534 3078 737 3041 737 harbor 0.1676
2853 77 2882 75 2886 172 2857 173 harbor 0.1505
721 337 762 336 764 417 723 417 harbor 0.1478
2649 543 2695 542 2696 715 2649 716 harbor 0.1475
39 403 69 401 73 468 44 470 harbor 0.1378
2850 433 2828 326 3139 261 3161 368 harbor 0.1320
941 311 972 301 996 375 966 385 harbor 0.1317
2967 194 2987 183 3012 230 2993 241 harbor 0.1292
3120 455 3243 471 3203 792 3080 776 harbor 0.1237
2937 217 2957 199 2993 241 2973 258 harbor 0.1230
643 312 667 319 651 382 626 376 harbor 0.1144
2983 147 3005 144 3014 208 2992 211 harbor 0.1136
1285 179 1309 178 1312 243 1287 245 harbor 0.1102
359 398 384 382 420 439 395 455 harbor 0.1100
2965 346 2974 327 3022 349 3013 368 harbor 0.1098
2815 536 2862 535 2868 711 2822 713 harbor 0.1085
1971 142 2007 141 2010 287 1975 288 harbor 0.1080
499 382 519 376 536 429 516 436 harbor 0.1052
721 337 762 336 764 417 723 417 swimming-pool 0.1251
3098 21 3095 -6 3149 -12 3152 16 swimming-pool 0.1134
