1622 1628 1611 1613 1651 1582 1663 1597 ship 0.2157
2117 614 2132 607 2148 643 2134 650 ship 0.1790
1431 1101 1452 1086 1478 1121 1457 1136 ship 0.1290
404 477 418 483 403 514 390 508 ship 0.1154
1323 1181 1329 1154 1372 1164 1365 1191 ship 0.1035
477 1008 497 946 565 968 545 1030 roundabout 0.2020
1419 472 1407 454 1452 425 1464 444 harbor 0.2193
325 1457 363 1428 579 1708 541 1737 harbor 0.2000
1862 215 1908 187 2192 659 2145 687 harbor 0.1620
945 709 932 693 970 664 983 681 harbor 0.1572
1199 641 1241 619 1518 1140 1476 1162 harbor 0.1386
806 953 876 889 1221 1263 1151 1328 harbor 0.1297
837 883 947 769 1365 1170 1255 1285 harbor 0.1167
1799 822 1813 814 1833 852 1819 859 harbor 0.1022
1419 472 1407 454 1452 425 1464 444 swimming-pool 0.2098
945 709 932 693 970 664 983 681 swimming-pool 0.1914
429 254 447 246 465 290 447 298 swimming-pool 0.1059
