1611 576 1585 534 1911 336 1936 377 bridge 0.1368
-1 565 8 557 25 582 14 589 bridge 0.1063
1696 323 1711 315 1734 356 1719 364 ship 0.4479
513 1077 524 1070 547 1106 536 1113 ship 0.2620
626 1024 636 1016 657 1041 646 1050 ship 0.2561
502 1102 513 1096 530 1126 519 1132 ship 0.2520
513 1097 523 1091 540 1119 529 1125 ship 0.2460
1190 608 1188 595 1217 589 1220 602 ship 0.2109
424 1177 428 1166 456 1176 451 1188 ship 0.2097
599 1072 603 1062 628 1073 624 1083 ship 0.2042
1565 756 1555 746 1586 717 1595 727 ship 0.1779
1740 301 1750 295 1770 325 1760 332 ship 0.1702
1249 576 1260 569 1283 601 1272 609 ship 0.1687
1728 323 1742 317 1756 350 1742 356 ship 0.1523
611 1043 619 1036 635 1053 627 1061 ship 0.1357
-1 565 8 557 25 582 14 589 ship 0.1332
589 1047 596 1041 613 1060 606 1067 ship 0.1263
75 1121 71 1110 108 1099 111 1110 ship 0.1252
37 1142 30 1131 77 1101 84 1112 ship 0.1217
1539 444 1553 439 1565 472 1552 478 ship 0.1212
692 992 703 988 713 1019 702 1022 ship 0.1198
614 1058 620 1050 639 1064 632 1072 ship 0.1198
1 1154 1 1144 27 1146 27 1156 ship 0.1165
1028 518 1029 508 1056 511 1055 521 ship 0.1096
1743 323 1754 315 1771 340 1760 347 ship 0.1091
1082 760 1069 746 1102 713 1116 727 ship 0.1066
1520 645 1509 633 1551 593 1563 605 ship 0.1025
-1 565 8 557 25 582 14 589 storage-tank 0.1324
926 605 969 566 1106 717 1063 756 harbor 0.3092
1549 303 1598 280 1654 400 1604 423 harbor 0.2912
240 1259 277 1227 320 1277 284 1308 harbor 0.2875
1595 168 1632 139 1774 315 1738 344 harbor 0.2824
1260 487 1318 458 1365 554 1307 582 harbor 0.2609
1032 438 1061 409 1231 583 1202 611 harbor 0.2206
1569 778 1548 744 1884 540 1904 573 harbor 0.1634
318 1201 350 1181 386 1240 354 1260 harbor 0.1585
1187 495 1201 485 1261 573 1247 583 harbor 0.1519
594 833 626 819 709 1014 678 1027 harbor 0.1434
706 724 738 696 879 860 847 887 harbor 0.1423
1484 349 1500 341 1564 459 1549 467 harbor 0.1405
648 818 668 805 776 970 756 982 harbor 0.1309
299 969 336 947 465 1160 429 1182 harbor 0.1292
864 592 898 570 1031 779 997 800 harbor 0.1245
415 937 444 923 538 1110 510 1124 harbor 0.1212
332 949 379 922 501 1136 454 1163 harbor 0.1116
1537 658 1500 593 1972 325 2008 390 harbor 0.1064
684 157 709 124 755 159 730 192 harbor 0.1011
558 24 549 8 580 -7 588 8 swimming-pool 0.2176
585 32 578 15 608 2 615 19 swimming-pool 0.1751
