1458 399 1424 218 1629 179 1663 361 plane 0.9681
962 455 951 280 1136 269 1146 444 plane 0.9666
829 1819 814 1693 952 1676 967 1803 plane 0.9533
1033 1786 1016 1637 1186 1618 1203 1767 plane 0.9496
684 1841 659 1726 789 1698 814 1813 plane 0.9454
942 1436 932 1370 1016 1357 1026 1423 plane 0.9445
855 910 848 851 935 841 941 900 plane 0.9426
376 1269 362 1206 441 1189 454 1252 plane 0.9327
1164 1123 1156 1059 1239 1049 1247 1113 plane 0.9275
1039 1150 1022 1084 1100 1065 1116 1130 plane 0.9249
771 1199 760 1142 845 1127 855 1184 plane 0.9215
723 933 712 866 796 852 807 919 plane 0.9152
1294 1104 1288 1041 1372 1034 1378 1097 plane 0.9140
235 1263 223 1204 307 1187 320 1246 plane 0.9112
589 952 577 885 666 870 677 937 plane 0.9048
906 1164 897 1108 967 1097 975 1154 plane 0.8981
415 1536 403 1468 489 1452 501 1520 plane 0.8914
550 1515 537 1444 618 1430 631 1500 plane 0.8858
288 1554 276 1499 352 1483 364 1538 plane 0.8851
325 993 318 929 402 921 408 985 plane 0.8766
816 1464 804 1400 880 1386 893 1449 plane 0.8766
528 1843 530 1735 665 1738 662 1846 plane 0.8486
1086 1408 1074 1351 1145 1335 1158 1392 plane 0.8222
459 971 452 912 530 902 538 961 plane 0.8207
503 1243 498 1183 582 1176 587 1236 plane 0.8204
680 1469 676 1411 755 1406 758 1464 plane 0.8204
409 708 408 648 493 646 495 706 plane 0.8149
633 1212 632 1150 716 1149 717 1211 plane 0.7535
387 1041 382 1021 417 1013 421 1033 plane 0.2500
1472 386 1468 367 1500 359 1504 378 plane 0.1132
132 1199 155 1191 167 1230 144 1237 plane 0.1002
857 910 850 851 936 841 943 900 bridge 0.1071
290 1553 280 1498 355 1484 365 1540 bridge 0.1011
231 2042 228 2025 269 2018 272 2035 small-vehicle 0.1187
307 267 304 245 379 233 382 256 small-vehicle 0.1167
262 412 283 409 292 456 270 460 small-vehicle 0.1043
186 1733 188 1718 221 1721 220 1737 small-vehicle 0.1017
313 266 310 245 385 234 388 256 large-vehicle 0.1789
479 219 501 216 510 282 488 285 large-vehicle 0.1599
199 411 219 408 231 480 211 484 large-vehicle 0.1350
307 267 304 245 379 233 382 256 ship 0.1069
376 1269 362 1206 441 1189 454 1252 harbor 0.1191
552 1515 536 1446 617 1428 632 1497 harbor 0.1177
855 910 848 851 935 841 941 900 harbor 0.1068
769 1199 758 1144 842 1127 853 1182 harbor 0.1046
944 1437 930 1374 1012 1356 1026 1419 harbor 0.1009
408 708 406 648 490 646 492 706 harbor 0.1003
906 1164 897 1108 967 1097 975 1154 helicopter 0.1207
550 1514 537 1445 617 1430 630 1499 helicopter 0.1190
1037 1149 1023 1083 1101 1067 1115 1133 helicopter 0.1141
376 1269 362 1206 441 1189 454 1252 helicopter 0.1058
