230 2048 260 2044 266 2094 235 2097 plane 0.2979
258 2042 279 2032 299 2074 278 2084 plane 0.1528
2423 2208 2438 2213 2426 2253 2411 2248 plane 0.1446
123 1697 141 1680 186 1727 168 1744 plane 0.1038
1067 126 1070 94 1209 106 1206 137 bridge 0.1831
1508 1379 1524 1380 1522 1420 1506 1420 small-vehicle 0.1162
328 2427 343 2421 357 2456 341 2462 ship 0.3806
213 2310 229 2304 246 2341 230 2348 ship 0.3523
219 2353 235 2353 235 2389 220 2389 ship 0.3473
326 2392 343 2394 338 2431 322 2429 ship 0.3401
55 2217 75 2202 112 2251 93 2266 ship 0.3352
2327 453 2332 438 2369 452 2364 466 ship 0.3167
270 2378 286 2379 283 2414 267 2413 ship 0.3147
302 2381 317 2385 307 2421 292 2416 ship 0.3116
242 2365 257 2366 255 2399 240 2399 ship 0.3107
2211 626 2220 610 2259 631 2250 647 ship 0.3100
1621 1535 1634 1529 1647 1562 1634 1568 ship 0.3059
288 2336 301 2329 316 2360 303 2366 ship 0.3039
2174 2779 2187 2774 2198 2807 2185 2811 ship 0.2938
253 2370 268 2370 270 2403 254 2404 ship 0.2820
1353 1966 1365 1958 1385 1991 1372 1999 ship 0.2812
941 2664 955 2666 947 2704 933 2701 ship 0.2794
258 2341 271 2338 277 2367 264 2370 ship 0.2775
2335 466 2343 456 2365 474 2356 484 ship 0.2711
232 2343 245 2340 251 2372 237 2375 ship 0.2639
357 2396 372 2400 363 2438 349 2435 ship 0.2596
201 2317 215 2311 228 2342 214 2348 ship 0.2582
968 2615 981 2610 993 2640 981 2645 ship 0.2562
387 2392 402 2394 394 2434 379 2431 ship 0.2508
411 2486 425 2478 442 2512 429 2519 ship 0.2489
306 2329 317 2320 341 2350 329 2359 ship 0.2468
2389 939 2401 924 2439 954 2427 969 ship 0.2431
220 2295 237 2287 256 2325 240 2334 ship 0.2412
960 2633 972 2630 979 2658 966 2661 ship 0.2398
2169 2802 2181 2794 2196 2821 2184 2828 ship 0.2385
1163 2269 1177 2265 1187 2300 1173 2305 ship 0.2360
1611 1573 1622 1566 1637 1588 1626 1595 ship 0.2356
2357 566 2369 545 2433 583 2420 604 ship 0.2352
2380 1206 2387 1189 2434 1207 2427 1224 ship 0.2348
2048 2773 2061 2776 2051 2814 2038 2811 ship 0.2347
2358 474 2367 465 2386 484 2377 493 ship 0.2343
1600 1400 1613 1401 1611 1435 1598 1435 ship 0.2326
313 2374 326 2374 327 2408 313 2408 ship 0.2315
975 2600 986 2593 1004 2620 992 2627 ship 0.2305
2119 2854 2130 2845 2152 2870 2141 2879 ship 0.2302
1701 1475 1715 1480 1702 1517 1687 1512 ship 0.2245
186 2195 200 2195 199 2232 185 2232 ship 0.2232
59 2180 78 2163 118 2207 99 2224 ship 0.2204
254 2317 268 2312 279 2342 266 2348 ship 0.2194
2318 510 2327 502 2342 520 2333 528 ship 0.2171
494 2513 508 2510 517 2547 503 2550 ship 0.2167
2290 527 2300 517 2322 539 2313 548 ship 0.2151
2387 478 2397 468 2419 489 2409 499 ship 0.2138
1928 1081 1938 1071 1964 1096 1955 1106 ship 0.2118
866 2766 880 2767 876 2804 862 2803 ship 0.2110
1545 1700 1560 1700 1558 1737 1543 1736 ship 0.2101
1665 1487 1680 1488 1678 1520 1663 1519 ship 0.2092
210 2214 223 2212 228 2245 214 2247 ship 0.2089
1650 1508 1663 1506 1665 1534 1652 1535 ship 0.2078
827 2629 836 2616 870 2641 861 2654 ship 0.2078
2267 567 2276 556 2303 577 2294 588 ship 0.2050
2039 895 2052 888 2071 921 2058 928 ship 0.2041
2324 469 2333 459 2354 479 2345 489 ship 0.2036
1942 1061 1952 1053 1971 1076 1961 1084 ship 0.2022
1643 1538 1656 1534 1663 1561 1651 1565 ship 0.2019
1991 2859 2003 2866 1981 2905 1969 2898 ship 0.1993
1033 2497 1047 2494 1057 2530 1043 2534 ship 0.1958
2191 2544 2205 2548 2195 2589 2180 2585 ship 0.1938
1605 1372 1618 1368 1626 1400 1614 1403 ship 0.1934
1313 2060 1319 2047 1352 2065 1346 2078 ship 0.1927
2319 532 2329 523 2346 542 2337 550 ship 0.1926
1399 1933 1411 1929 1421 1955 1409 1960 ship 0.1922
2340 510 2349 503 2364 518 2355 526 ship 0.1914
487 2176 500 2164 531 2197 517 2209 ship 0.1914
1567 1625 1582 1622 1588 1655 1574 1658 ship 0.1913
1147 2309 1158 2302 1174 2324 1163 2332 ship 0.1897
2026 726 2036 715 2062 740 2053 751 ship 0.1892
2403 1034 2417 1030 2429 1067 2415 1071 ship 0.1887
2006 960 2017 954 2035 985 2023 992 ship 0.1886
2387 510 2396 498 2422 518 2413 529 ship 0.1868
1277 2828 1302 2832 1293 2880 1269 2875 ship 0.1855
389 2454 402 2450 410 2474 397 2478 ship 0.1839
1973 1024 1984 1019 1996 1044 1985 1049 ship 0.1813
951 2648 964 2648 964 2676 951 2676 ship 0.1793
199 2128 214 2129 213 2163 197 2162 ship 0.1790
2183 2757 2195 2753 2205 2781 2193 2786 ship 0.1785
397 2422 410 2421 412 2448 399 2449 ship 0.1779
2388 1059 2401 1053 2416 1085 2403 1091 ship 0.1778
449 2489 462 2488 464 2517 450 2518 ship 0.1770
2339 542 2347 532 2370 550 2362 560 ship 0.1755
2028 2796 2041 2798 2036 2830 2024 2828 ship 0.1751
1884 1117 1889 1104 1925 1118 1920 1132 ship 0.1748
1580 1427 1593 1426 1596 1454 1584 1455 ship 0.1747
2113 2868 2124 2860 2143 2884 2132 2892 ship 0.1736
2273 552 2281 540 2309 561 2301 572 ship 0.1726
2361 509 2370 500 2388 517 2379 526 ship 0.1712
490 2492 504 2493 501 2525 487 2524 ship 0.1711
851 2798 864 2797 866 2829 853 2830 ship 0.1700
2295 512 2306 504 2325 527 2314 536 ship 0.1692
1581 1616 1593 1613 1600 1638 1587 1641 ship 0.1671
-7 1896 0 1877 39 1892 31 1911 ship 0.1670
23 2020 36 2009 66 2048 54 2058 ship 0.1667
1636 1500 1649 1497 1655 1523 1642 1526 ship 0.1659
1328 2041 1337 2032 1358 2053 1349 2062 ship 0.1635
1998 975 2009 971 2020 999 2009 1003 ship 0.1619
416 2144 428 2135 449 2162 438 2171 ship 0.1598
2015 2810 2027 2810 2027 2840 2014 2840 ship 0.1589
1004 295 1010 276 1050 288 1044 307 ship 0.1587
199 2342 213 2337 221 2365 207 2369 ship 0.1587
2004 2819 2016 2821 2013 2851 2000 2850 ship 0.1573
846 2825 860 2826 858 2860 844 2860 ship 0.1571
1391 1946 1402 1942 1411 1968 1399 1972 ship 0.1541
1614 1370 1626 1364 1640 1392 1628 1398 ship 0.1535
1991 1010 2002 1006 2011 1030 2001 1035 ship 0.1530
215 2141 230 2142 227 2175 212 2174 ship 0.1519
1421 1879 1429 1867 1459 1886 1451 1898 ship 0.1515
1250 2133 1266 2135 1262 2176 1245 2175 ship 0.1497
97 2276 107 2264 138 2287 129 2300 ship 0.1490
332 2085 342 2073 370 2098 359 2110 ship 0.1486
1946 852 1958 845 1972 869 1960 876 ship 0.1472
892 2502 905 2496 921 2528 907 2535 ship 0.1470
150 2102 163 2095 178 2122 166 2129 ship 0.1468
1605 1608 1615 1602 1627 1623 1617 1629 ship 0.1464
185 2314 198 2310 207 2334 194 2339 ship 0.1458
1212 105 1216 91 1246 100 1242 113 ship 0.1458
2407 1022 2417 1013 2436 1032 2426 1042 ship 0.1456
2100 2886 2111 2879 2128 2904 2117 2912 ship 0.1454
145 2081 156 2070 179 2095 168 2106 ship 0.1443
436 2151 449 2143 465 2170 453 2178 ship 0.1439
2147 2829 2157 2821 2174 2843 2163 2851 ship 0.1439
1931 852 1944 847 1956 876 1943 882 ship 0.1431
116 2173 132 2165 151 2199 135 2207 ship 0.1426
2389 1184 2393 1169 2432 1178 2429 1193 ship 0.1424
2132 2846 2143 2839 2157 2861 2146 2868 ship 0.1419
200 2282 212 2275 225 2301 213 2307 ship 0.1418
2383 1085 2392 1076 2412 1096 2403 1105 ship 0.1417
1406 1930 1417 1923 1432 1948 1421 1954 ship 0.1416
422 2470 434 2466 443 2494 431 2498 ship 0.1414
449 2226 474 2213 502 2266 478 2279 ship 0.1412
1914 1092 1923 1081 1950 1102 1942 1113 ship 0.1410
1347 1987 1358 1980 1373 2002 1362 2010 ship 0.1403
165 2183 179 2180 186 2208 172 2211 ship 0.1391
1814 1240 1828 1237 1836 1268 1822 1271 ship 0.1386
192 2176 206 2175 207 2205 194 2206 ship 0.1382
1342 2021 1351 2013 1369 2035 1360 2043 ship 0.1382
1562 1458 1573 1454 1582 1477 1571 1481 ship 0.1375
198 2239 209 2235 220 2260 209 2264 ship 0.1367
1864 1198 1877 1193 1888 1222 1875 1227 ship 0.1364
1591 1452 1604 1449 1611 1473 1598 1476 ship 0.1355
88 2157 103 2146 130 2182 115 2194 ship 0.1352
1595 1581 1607 1577 1615 1599 1603 1603 ship 0.1347
575 2593 584 2577 625 2599 617 2615 ship 0.1341
1413 1912 1422 1902 1443 1923 1434 1932 ship 0.1337
309 2413 323 2408 331 2432 317 2437 ship 0.1317
1958 1029 1970 1023 1984 1048 1973 1055 ship 0.1309
1626 1463 1640 1461 1644 1488 1629 1490 ship 0.1309
2387 456 2396 446 2418 466 2409 476 ship 0.1307
1996 1031 2007 1026 2018 1051 2007 1056 ship 0.1306
773 2684 785 2679 799 2712 786 2717 ship 0.1303
1609 1426 1624 1425 1625 1455 1611 1455 ship 0.1299
1243 2755 1255 2741 1292 2772 1280 2787 ship 0.1297
171 2109 185 2104 193 2131 179 2135 ship 0.1285
2401 973 2408 961 2431 975 2424 987 ship 0.1276
112 2256 125 2248 141 2276 128 2284 ship 0.1268
1742 1355 1750 1343 1776 1363 1768 1374 ship 0.1262
984 2591 995 2584 1010 2607 999 2614 ship 0.1257
1837 1215 1850 1211 1858 1239 1844 1242 ship 0.1256
1709 1450 1722 1447 1728 1478 1715 1480 ship 0.1254
121 2216 137 2211 146 2241 130 2247 ship 0.1251
183 2237 195 2234 202 2258 191 2262 ship 0.1247
162 2148 175 2143 183 2168 170 2172 ship 0.1245
1974 818 1985 810 2004 835 1992 843 ship 0.1244
1885 1140 1893 1130 1917 1147 1909 1158 ship 0.1219
2381 535 2388 521 2426 539 2418 554 ship 0.1213
2017 946 2028 940 2041 964 2031 970 ship 0.1206
2392 1158 2396 1144 2429 1156 2424 1169 ship 0.1202
2033 911 2044 906 2056 930 2044 936 ship 0.1200
1217 2141 1233 2136 1247 2179 1231 2184 ship 0.1199
223 2277 236 2268 257 2299 244 2308 ship 0.1198
1257 1941 1264 1928 1296 1945 1289 1958 ship 0.1189
1798 1281 1810 1276 1822 1304 1810 1309 ship 0.1189
1603 1496 1615 1491 1623 1512 1611 1517 ship 0.1188
2258 597 2268 588 2290 610 2281 620 ship 0.1175
30 2177 43 2165 67 2192 54 2204 ship 0.1171
1804 1249 1817 1245 1826 1274 1814 1278 ship 0.1169
1535 1484 1547 1478 1560 1506 1548 1512 ship 0.1167
1003 2583 1014 2577 1026 2599 1015 2605 ship 0.1165
400 2148 411 2138 432 2163 421 2172 ship 0.1162
2024 741 2033 732 2054 753 2044 762 ship 0.1162
2388 1132 2394 1120 2419 1133 2414 1145 ship 0.1161
1139 2337 1150 2331 1163 2353 1152 2359 ship 0.1161
121 2153 134 2145 151 2173 138 2181 ship 0.1155
1160 2302 1172 2296 1184 2319 1172 2325 ship 0.1155
1466 1592 1477 1584 1494 1608 1483 1616 ship 0.1151
91 1843 83 1825 125 1806 133 1824 ship 0.1150
230 2244 241 2238 255 2263 243 2269 ship 0.1145
2229 2478 2242 2476 2247 2509 2234 2511 ship 0.1140
956 2672 970 2675 963 2712 948 2709 ship 0.1132
257 2155 270 2158 265 2187 251 2184 ship 0.1119
1714 1432 1724 1422 1750 1444 1740 1455 ship 0.1118
1958 834 1969 827 1984 851 1973 858 ship 0.1116
1600 1553 1613 1550 1620 1574 1606 1577 ship 0.1109
817 2644 827 2637 845 2661 835 2668 ship 0.1109
155 2245 168 2241 176 2266 163 2270 ship 0.1102
1233 127 1234 113 1263 116 1262 130 ship 0.1098
1067 126 1070 94 1209 106 1206 137 ship 0.1094
1568 1504 1581 1500 1589 1524 1576 1528 ship 0.1089
1883 1191 1894 1186 1905 1212 1894 1217 ship 0.1088
750 2675 762 2666 784 2697 772 2706 ship 0.1086
1555 1486 1567 1481 1576 1505 1564 1510 ship 0.1083
2214 648 2225 643 2237 668 2225 673 ship 0.1081
346 2112 355 2102 377 2121 368 2131 ship 0.1081
240 2214 253 2213 256 2239 244 2240 ship 0.1076
420 2432 433 2428 439 2453 427 2456 ship 0.1061
836 2807 848 2805 853 2831 840 2833 ship 0.1059
1589 1531 1602 1527 1609 1551 1596 1555 ship 0.1059
219 2166 233 2166 233 2196 220 2196 ship 0.1052
1635 1336 1645 1328 1663 1351 1653 1359 ship 0.1051
1177 2266 1189 2262 1198 2288 1186 2292 ship 0.1045
1713 1438 1726 1432 1741 1465 1727 1470 ship 0.1035
1337 1962 1349 1954 1364 1979 1351 1986 ship 0.1032
150 2058 162 2046 187 2073 175 2085 ship 0.1029
942 2446 954 2438 971 2465 960 2473 ship 0.1028
2388 1012 2397 1003 2416 1019 2407 1029 ship 0.1025
291 1999 301 1990 322 2013 312 2022 ship 0.1022
796 2883 812 2891 793 2926 777 2918 ship 0.1017
1735 1373 1742 1362 1769 1378 1761 1390 ship 0.1017
265 2166 279 2168 274 2198 260 2196 ship 0.1015
1550 1646 1562 1641 1570 1665 1558 1669 ship 0.1015
180 2281 192 2276 200 2300 189 2304 ship 0.1012
832 2613 840 2604 861 2622 853 2631 ship 0.1003
230 2048 260 2044 266 2094 235 2097 storage-tank 0.3488
169 2047 186 2038 204 2072 187 2081 storage-tank 0.2403
166 2073 181 2064 196 2091 181 2099 storage-tank 0.2301
206 2044 229 2041 233 2080 210 2083 storage-tank 0.2240
258 2042 279 2032 299 2074 278 2084 storage-tank 0.2211
145 2081 156 2070 179 2095 168 2106 storage-tank 0.2064
171 2109 185 2104 193 2131 179 2135 storage-tank 0.1803
199 2128 214 2129 213 2163 197 2162 storage-tank 0.1650
1277 2828 1302 2832 1293 2880 1269 2875 storage-tank 0.1629
200 2106 215 2104 220 2130 205 2132 storage-tank 0.1582
150 2102 163 2095 178 2122 166 2129 storage-tank 0.1442
1243 2755 1255 2741 1292 2772 1280 2787 storage-tank 0.1405
214 2093 230 2088 238 2115 222 2120 storage-tank 0.1342
283 2074 297 2064 313 2086 300 2096 storage-tank 0.1270
320 2077 331 2067 350 2089 339 2099 storage-tank 0.1174
335 2397 351 2399 345 2439 329 2437 storage-tank 0.1162
2403 1034 2417 1030 2429 1067 2415 1071 storage-tank 0.1081
215 2141 230 2142 227 2175 212 2174 storage-tank 0.1074
321 2383 336 2388 323 2426 308 2421 storage-tank 0.1068
262 2096 275 2087 289 2111 276 2119 storage-tank 0.1068
245 2126 258 2125 261 2151 248 2153 storage-tank 0.1064
450 2227 471 2213 501 2259 480 2272 storage-tank 0.1063
289 2103 301 2096 313 2117 302 2124 storage-tank 0.1029
357 2396 372 2400 363 2438 349 2435 storage-tank 0.1029
1618 1547 1631 1540 1647 1570 1634 1577 storage-tank 0.1019
144 2333 184 2237 498 2368 458 2464 harbor 0.1684
30 2248 75 2076 546 2199 501 2370 harbor 0.1520
28 2026 41 2012 90 2057 77 2071 harbor 0.1459
59 2180 78 2163 118 2207 99 2224 harbor 0.1161
1250 2133 1266 2135 1262 2176 1245 2175 harbor 0.1097
1217 2141 1233 2136 1247 2179 1231 2184 harbor 0.1088
-64 2212 -48 2123 158 2161 141 2250 harbor 0.1036
0 839 19 840 15 880 -2 878 swimming-pool 0.1508
230 2048 260 2044 266 2094 235 2097 swimming-pool 0.1324
2287 1702 2293 1686 2324 1700 2317 1715 swimming-pool 0.1152
450 2227 471 2213 501 2259 480 2272 swimming-pool 0.1132
1764 2038 1783 2033 1793 2071 1774 2076 swimming-pool 0.1115
