143 238 208 196 264 285 199 326 plane 0.9679
422 758 473 738 504 815 452 836 plane 0.9492
535 381 589 351 630 423 575 453 plane 0.9478
745 813 800 794 827 874 773 893 plane 0.9456
1427 1494 1413 1424 1500 1407 1514 1477 plane 0.9398
573 491 617 439 678 490 635 543 plane 0.9369
649 644 713 608 761 692 698 729 plane 0.9290
906 1173 959 1149 992 1224 939 1247 plane 0.9113
1029 1440 1079 1416 1113 1486 1063 1510 plane 0.8925
1605 1616 1574 1562 1652 1519 1682 1574 plane 0.8890
704 748 747 710 793 763 751 800 plane 0.8870
667 1286 720 1268 746 1345 693 1363 plane 0.8829
986 1353 1039 1326 1074 1395 1021 1421 plane 0.8812
794 907 840 887 868 954 822 974 plane 0.8675
505 285 555 264 586 336 536 357 plane 0.8652
1299 2052 1356 2023 1401 2113 1344 2141 plane 0.8625
346 574 401 556 428 635 373 654 plane 0.8477
624 1203 675 1181 704 1248 653 1270 plane 0.8446
209 324 263 293 303 362 249 393 plane 0.8167
977 2020 1020 1971 1082 2026 1039 2075 plane 0.7174
875 1740 921 1717 951 1775 904 1799 plane 0.6393
964 1932 995 1903 1029 1939 998 1968 plane 0.5226
914 1853 939 1818 986 1852 961 1887 plane 0.4549
1039 611 1027 570 1087 551 1100 592 plane 0.3624
809 1612 797 1577 841 1562 853 1598 plane 0.3213
874 1131 882 1080 942 1090 934 1141 plane 0.1183
948 1295 972 1246 1026 1273 1002 1322 plane 0.1154
333 2128 361 2005 1171 2187 1143 2310 bridge 0.1767
419 761 472 738 505 814 452 837 bridge 0.1165
1485 887 1504 879 1523 922 1504 930 small-vehicle 0.1640
1428 916 1446 907 1465 946 1448 955 small-vehicle 0.1630
1501 879 1519 870 1539 912 1521 921 small-vehicle 0.1618
1523 872 1542 863 1562 906 1543 915 small-vehicle 0.1597
1407 810 1423 799 1445 831 1429 842 small-vehicle 0.1583
1650 1007 1667 1000 1685 1040 1667 1047 small-vehicle 0.1569
1373 838 1388 830 1406 865 1391 873 small-vehicle 0.1540
1559 855 1576 845 1602 885 1585 895 small-vehicle 0.1539
1467 894 1485 885 1507 927 1489 936 small-vehicle 0.1537
1351 1540 1375 1530 1397 1584 1374 1594 small-vehicle 0.1509
1523 459 1518 440 1558 430 1563 449 small-vehicle 0.1502
1578 752 1573 731 1617 721 1622 743 small-vehicle 0.1499
1393 931 1410 924 1427 964 1411 971 small-vehicle 0.1497
1676 998 1694 991 1708 1032 1690 1039 small-vehicle 0.1492
1543 502 1538 482 1577 471 1583 491 small-vehicle 0.1487
1431 510 1428 490 1471 484 1474 504 small-vehicle 0.1479
1600 911 1619 900 1641 939 1623 949 small-vehicle 0.1449
1537 862 1554 852 1578 893 1560 903 small-vehicle 0.1438
1603 805 1598 785 1640 775 1645 796 small-vehicle 0.1434
1412 924 1428 917 1444 956 1427 963 small-vehicle 0.1434
1359 844 1373 835 1394 869 1379 878 small-vehicle 0.1405
1533 479 1527 460 1564 447 1571 465 small-vehicle 0.1371
1242 93 1234 75 1268 60 1276 78 small-vehicle 0.1345
1453 903 1471 894 1489 934 1471 943 small-vehicle 0.1322
947 395 939 377 980 359 988 377 small-vehicle 0.1284
1308 949 1329 942 1343 982 1322 990 small-vehicle 0.1256
1282 181 1276 162 1316 149 1323 169 small-vehicle 0.1253
1395 819 1411 810 1430 843 1415 852 small-vehicle 0.1247
1554 519 1547 501 1580 487 1588 505 small-vehicle 0.1243
1399 439 1395 419 1434 410 1439 429 small-vehicle 0.1237
1234 77 1228 59 1264 47 1270 64 small-vehicle 0.1218
1576 851 1591 840 1615 874 1601 885 small-vehicle 0.1199
1375 389 1372 370 1412 362 1416 381 small-vehicle 0.1149
1269 152 1261 133 1297 117 1306 135 small-vehicle 0.1127
1388 410 1382 391 1420 379 1426 397 small-vehicle 0.1063
1289 198 1285 179 1325 170 1329 189 small-vehicle 0.1015
1633 894 1650 885 1671 923 1654 932 small-vehicle 0.1003
96 71 150 47 215 191 162 216 tennis-court 0.1181
1627 2384 1624 2246 1834 2242 1837 2380 basketball-court 0.2324
964 1932 995 1903 1029 1939 998 1968 storage-tank 0.2342
914 1853 939 1818 986 1852 961 1887 storage-tank 0.1525
809 1612 797 1577 841 1562 853 1598 storage-tank 0.1107
875 1740 921 1717 951 1775 904 1799 storage-tank 0.1019
422 758 473 738 504 815 452 836 helicopter 0.2065
906 1173 959 1149 992 1224 939 1247 helicopter 0.1872
667 1286 720 1268 746 1345 693 1363 helicopter 0.1811
346 574 401 556 428 635 373 654 helicopter 0.1712
986 1353 1039 1326 1074 1395 1021 1421 helicopter 0.1485
627 1197 680 1180 703 1253 650 1269 helicopter 0.1403
745 813 800 794 827 874 773 893 helicopter 0.1317
1301 2051 1358 2025 1399 2113 1341 2140 helicopter 0.1297
211 320 267 291 304 364 249 393 helicopter 0.1229
505 281 554 261 585 336 536 356 helicopter 0.1207
796 904 842 886 869 955 823 973 helicopter 0.1176
977 2020 1020 1971 1082 2026 1039 2075 helicopter 0.1045
1606 1616 1575 1564 1652 1520 1682 1573 helicopter 0.1041
1029 1440 1079 1416 1113 1486 1063 1510 helicopter 0.1037
1427 1494 1413 1424 1500 1407 1514 1477 helicopter 0.1030
