362 954 388 423 1066 457 1039 988 plane 0.9693
3992 1449 4085 1173 4553 1331 4460 1607 plane 0.9666
3048 640 2961 301 3360 198 3448 537 plane 0.9632
4064 1211 4076 932 4617 956 4605 1234 plane 0.9536
1665 732 1763 189 2444 313 2346 856 plane 0.9525
634 993 657 967 712 1015 689 1041 plane 0.1123
4058 1236 4060 936 4609 940 4607 1240 bridge 0.2169
3613 1002 3599 954 3875 872 3889 919 bridge 0.1172
129 1114 136 1059 455 1102 448 1157 bridge 0.1059
1118 1771 1169 1236 2832 1395 2781 1930 bridge 0.1042
1847 1762 1840 1732 1925 1714 1932 1744 small-vehicle 0.1071
3613 1002 3599 954 3875 872 3889 919 large-vehicle 0.3371
3316 834 3301 790 3552 705 3567 748 large-vehicle 0.2904
138 1120 144 1065 427 1092 421 1148 large-vehicle 0.2127
2979 758 2957 716 3176 600 3198 642 large-vehicle 0.2098
3311 894 3295 856 3501 766 3517 804 large-vehicle 0.2006
3299 802 3283 761 3548 660 3564 701 large-vehicle 0.1543
3143 97 3140 69 3249 56 3252 84 large-vehicle 0.1424
3802 1323 3806 1280 4026 1300 4022 1343 large-vehicle 0.1003
