5747 4479 5669 4137 6058 4048 6136 4390 plane 0.9634
5666 4792 5997 4693 6108 5065 5777 5164 plane 0.9599
7168 3564 7325 3247 7670 3419 7512 3736 plane 0.9556
4009 5290 3903 4809 4415 4696 4521 5178 plane 0.9389
2656 3974 2627 3489 3150 3459 3179 3943 plane 0.9330
6237 4383 6052 3966 6520 3758 6706 4175 plane 0.9311
6659 4085 6593 3619 7104 3547 7170 4013 plane 0.9308
2136 4267 2042 3798 2592 3687 2686 4156 plane 0.9277
3500 5224 3823 5128 3942 5527 3619 5623 plane 0.9213
1587 4530 1449 4060 1973 3906 2111 4376 plane 0.9130
6908 1914 7233 1748 7427 2127 7103 2293 plane 0.8765
5041 4952 4883 4522 5401 4332 5558 4762 plane 0.8510
5342 4587 5458 4279 5805 4410 5689 4718 plane 0.8203
7574 3998 7652 3796 7886 3886 7808 4089 plane 0.7977
4540 4876 4456 4715 4667 4605 4751 4767 plane 0.6986
3813 3081 3895 2899 4100 2992 4017 3174 plane 0.6609
4900 2437 5105 2429 5114 2678 4910 2686 plane 0.5832
3144 3447 3287 3353 3397 3520 3254 3614 plane 0.5338
7358 3822 7452 3756 7535 3875 7441 3941 plane 0.2900
5458 4920 5504 4809 5649 4869 5603 4980 plane 0.2801
3422 3348 3519 3287 3590 3400 3492 3461 plane 0.2789
4108 1848 4072 1710 4265 1660 4301 1799 plane 0.2632
2821 2471 2774 2320 2955 2264 3001 2415 plane 0.2524
6260 4769 6235 4710 6364 4654 6389 4714 plane 0.2511
6318 4928 6341 4877 6445 4924 6422 4975 plane 0.2331
5238 5000 5382 4919 5530 5182 5386 5263 plane 0.2318
5461 5013 5551 4974 5618 5131 5528 5170 plane 0.2237
6248 4687 6218 4617 6357 4558 6386 4627 plane 0.1975
6289 4859 6292 4801 6411 4808 6408 4865 plane 0.1948
7144 4149 7077 4079 7240 3925 7306 3995 plane 0.1810
4430 1621 4412 1536 4552 1506 4570 1591 plane 0.1632
6196 4705 6211 4640 6304 4662 6288 4727 plane 0.1620
6318 4621 6274 4544 6450 4446 6494 4523 plane 0.1474
6088 4596 6150 4547 6212 4625 6150 4674 plane 0.1437
6078 4673 6141 4631 6195 4713 6131 4755 plane 0.1406
5526 4794 5562 4686 5704 4733 5668 4841 plane 0.1327
3072 2291 3035 2198 3194 2133 3231 2226 plane 0.1317
3304 3437 3403 3365 3489 3482 3390 3555 plane 0.1292
6787 4283 6749 4218 6882 4140 6920 4204 plane 0.1266
4513 4473 4526 4405 4656 4429 4644 4498 plane 0.1255
6359 4795 6125 4560 6570 4118 6803 4353 plane 0.1242
4529 1475 4571 1415 4677 1489 4635 1549 plane 0.1154
5584 5058 5670 5018 5725 5136 5639 5176 plane 0.1145
6262 4804 6273 4749 6374 4769 6363 4824 plane 0.1130
6180 4586 6200 4509 6297 4535 6277 4611 plane 0.1120
6046 2793 6017 2726 6330 2594 6358 2661 large-vehicle 0.2227
5182 1430 5162 1363 5424 1284 5444 1350 large-vehicle 0.1521
4540 4876 4456 4715 4667 4605 4751 4767 storage-tank 0.1304
3813 3081 3895 2899 4100 2992 4017 3174 storage-tank 0.1223
3144 3447 3287 3353 3397 3520 3254 3614 storage-tank 0.1222
4898 2436 5102 2431 5109 2681 4905 2686 helicopter 0.1305
3813 3081 3895 2899 4100 2992 4017 3174 helicopter 0.1148
