2624 2995 2973 3193 2726 3627 2377 3429 plane 0.9622
1399 1508 1734 1662 1561 2040 1226 1886 plane 0.9584
3305 3544 3648 3776 3364 4196 3021 3964 plane 0.9577
1007 1433 1334 1368 1403 1717 1077 1782 plane 0.9561
3244 4878 3689 5143 3376 5667 2931 5401 plane 0.9497
2940 3272 3294 3477 3049 3899 2696 3694 plane 0.9479
785 1153 1095 1168 1078 1514 768 1499 plane 0.9462
1513 1935 1816 1804 1961 2139 1658 2270 plane 0.9445
2322 2721 2655 2942 2387 3348 2054 3127 plane 0.9264
940 186 1235 294 1110 635 815 528 plane 0.9243
3302 4102 3709 4024 3796 4477 3389 4554 plane 0.9216
2984 1075 3201 943 3362 1208 3145 1340 plane 0.9192
369 638 622 803 432 1096 179 932 plane 0.8941
3326 2546 3486 2461 3590 2654 3430 2740 plane 0.7886
3586 1377 3755 1421 3704 1613 3536 1569 plane 0.5742
3404 1221 3567 1282 3494 1475 3331 1414 plane 0.3252
3266 4339 3376 4239 3495 4370 3386 4470 plane 0.1652
3208 4887 3679 5118 3420 5645 2949 5414 bridge 0.1026
920 604 1372 160 2153 953 1701 1398 ground-track-field 0.1117
3864 1311 3895 1290 3979 1415 3947 1436 large-vehicle 0.1227
949 611 1380 184 2138 950 1707 1376 soccer-ball-field 0.1741
3324 2559 3471 2459 3593 2640 3446 2739 helicopter 0.1975
3586 1376 3757 1424 3702 1617 3531 1568 helicopter 0.1387
2989 1046 3231 942 3352 1227 3110 1330 helicopter 0.1156
