4549 3613 4812 3792 4598 4104 4335 3925 plane 0.9399
428 184 772 247 701 637 357 573 plane 0.9397
605 621 869 397 1140 716 876 940 plane 0.9300
2504 2011 2761 2174 2550 2506 2294 2343 plane 0.9290
3992 3295 4479 3382 4379 3938 3892 3851 plane 0.9230
3482 3029 3962 2957 4039 3475 3559 3546 plane 0.9193
4810 3858 5092 4018 4899 4359 4616 4198 plane 0.9090
1869 1340 1983 1386 1926 1525 1813 1479 plane 0.5547
1711 1204 1805 1250 1748 1367 1654 1321 plane 0.3128
2020 1523 2141 1555 2103 1697 1982 1664 plane 0.2850
1869 1340 1983 1386 1926 1525 1813 1479 helicopter 0.1229
