2385 1785 2712 1830 2659 2216 2332 2172 plane 0.9655
1377 4676 1683 4707 1648 5051 1343 5021 plane 0.9628
3011 1398 3325 1371 3357 1745 3043 1772 plane 0.9538
1872 2478 2033 2205 2331 2381 2171 2654 plane 0.9368
1035 3681 1192 3425 1492 3608 1334 3865 plane 0.9341
2517 4023 2467 3700 2809 3647 2859 3971 plane 0.9233
3554 1871 3486 1537 3852 1462 3919 1797 plane 0.9120
2749 957 2888 1022 2801 1207 2662 1142 plane 0.8928
2508 1018 2445 864 2630 788 2694 942 plane 0.8743
1070 3242 1281 2996 1556 3233 1345 3478 plane 0.8723
473 4657 629 4625 672 4833 516 4865 plane 0.8657
812 5791 965 5875 853 6079 700 5995 plane 0.8515
1898 5419 1878 5240 2088 5217 2108 5395 plane 0.8446
4993 2980 4971 2827 5153 2801 5175 2954 plane 0.8166
2449 4703 2602 4752 2540 4942 2388 4893 plane 0.8148
1914 2008 2024 1898 2151 2025 2041 2134 plane 0.8113
3396 2599 3500 2475 3644 2595 3540 2719 plane 0.7964
5148 3204 5180 3037 5368 3073 5336 3240 plane 0.7822
5012 3458 4999 3317 5174 3300 5187 3441 plane 0.7774
5012 3713 5043 3569 5208 3605 5177 3748 plane 0.7679
555 4932 703 4910 729 5089 581 5110 plane 0.7450
594 5165 732 5126 777 5286 638 5324 plane 0.7354
4413 4693 4510 4611 4609 4728 4512 4811 plane 0.7345
4591 4536 4685 4435 4801 4542 4707 4643 plane 0.7317
5042 4312 5175 4348 5133 4508 5000 4472 plane 0.6803
5185 3736 5211 3340 5648 3370 5621 3765 plane 0.6438
5580 3627 5642 3540 5750 3618 5687 3705 plane 0.2778
5227 3488 5221 3405 5331 3398 5336 3481 plane 0.2719
2642 4811 2653 4739 2744 4753 2733 4824 plane 0.2711
4000 1661 4051 1647 4079 1748 4027 1762 plane 0.2605
4348 4824 4425 4787 4468 4878 4391 4915 plane 0.2477
5212 3379 5241 3309 5332 3347 5302 3417 plane 0.2432
5416 3744 5472 3707 5524 3788 5467 3825 plane 0.2430
5222 3662 5302 3640 5329 3737 5248 3759 plane 0.2030
4195 4640 4175 4580 4269 4550 4288 4611 plane 0.1996
4340 4495 4318 4438 4423 4398 4445 4454 plane 0.1917
5342 3497 5395 3394 5514 3455 5462 3558 plane 0.1816
4913 3271 5003 3253 5025 3365 4935 3382 plane 0.1789
1242 4017 1299 3973 1360 4052 1303 4097 plane 0.1784
2748 4834 2782 4798 2836 4849 2801 4885 plane 0.1711
5433 3126 5427 3066 5532 3056 5538 3116 plane 0.1691
4445 4478 4487 4446 4532 4504 4490 4536 plane 0.1661
5487 3368 5520 3302 5613 3347 5581 3414 plane 0.1653
4449 4562 4494 4522 4547 4582 4502 4622 plane 0.1646
5285 3725 5345 3701 5372 3772 5312 3795 plane 0.1573
4508 4337 4478 4293 4592 4216 4621 4260 plane 0.1546
5369 3709 5435 3694 5453 3776 5387 3790 plane 0.1490
5370 3261 5399 3198 5491 3241 5462 3304 plane 0.1485
5058 3750 5123 3686 5206 3769 5141 3833 plane 0.1484
3964 1635 4014 1638 4010 1715 3961 1712 plane 0.1482
2778 4884 2811 4868 2837 4922 2804 4938 plane 0.1462
2718 4872 2752 4848 2788 4899 2753 4923 plane 0.1454
4397 4788 4463 4736 4526 4815 4459 4868 plane 0.1433
5306 3374 5351 3318 5425 3377 5380 3433 plane 0.1403
4093 4728 4081 4676 4184 4652 4196 4704 plane 0.1402
5369 3190 5393 3125 5483 3158 5460 3223 plane 0.1399
4287 4557 4273 4502 4371 4478 4384 4534 plane 0.1389
4306 4633 4339 4591 4395 4634 4361 4677 plane 0.1374
4393 4553 4420 4506 4487 4546 4460 4592 plane 0.1347
4331 4683 4377 4653 4415 4712 4369 4741 plane 0.1338
5215 3545 5271 3487 5345 3558 5288 3616 plane 0.1301
3841 3550 3873 3478 3992 3530 3961 3602 plane 0.1279
4378 4655 4433 4615 4481 4682 4426 4721 plane 0.1259
3973 4762 4026 4745 4057 4844 4005 4860 plane 0.1254
1899 2122 1988 2084 2036 2195 1948 2234 plane 0.1236
965 4813 1018 4796 1048 4893 995 4910 plane 0.1233
5065 3545 5089 3463 5197 3495 5173 3576 plane 0.1230
2980 1013 3010 984 3066 1042 3035 1071 plane 0.1228
834 774 866 793 810 890 777 871 plane 0.1216
4284 4592 4295 4540 4371 4556 4360 4608 plane 0.1211
4445 4427 4470 4390 4529 4430 4504 4468 plane 0.1196
5239 3780 5293 3753 5327 3822 5273 3848 plane 0.1195
5364 3331 5401 3272 5487 3326 5449 3385 plane 0.1193
4522 4486 4576 4448 4626 4518 4571 4557 plane 0.1190
3019 1066 3051 1038 3101 1094 3069 1123 plane 0.1184
3922 1585 3965 1568 3993 1639 3950 1656 plane 0.1178
5229 2847 5273 2819 5327 2906 5282 2934 plane 0.1177
2806 4977 2835 4967 2853 5017 2823 5027 plane 0.1168
4344 4747 4400 4729 4422 4798 4366 4816 plane 0.1161
2804 4838 2837 4815 2877 4872 2844 4895 plane 0.1157
4078 1689 4119 1660 4183 1750 4142 1780 plane 0.1144
2833 5022 2865 5012 2885 5075 2853 5085 plane 0.1135
4513 4554 4573 4509 4628 4582 4568 4627 plane 0.1116
2815 857 2846 839 2877 893 2846 911 plane 0.1099
2664 4867 2704 4841 2741 4896 2701 4922 plane 0.1097
2742 4957 2774 4940 2799 4988 2767 5005 plane 0.1082
2828 4894 2859 4885 2876 4942 2846 4951 plane 0.1061
4354 4606 4387 4560 4447 4604 4414 4650 plane 0.1059
5309 3588 5409 3546 5465 3678 5365 3720 plane 0.1056
3423 1697 3506 1661 3547 1756 3464 1792 plane 0.1054
5276 2921 5326 2882 5392 2964 5343 3004 plane 0.1026
5193 3274 5222 3200 5326 3240 5298 3314 plane 0.1023
876 791 907 810 849 902 818 882 plane 0.1022
5522 3717 5563 3675 5623 3734 5582 3775 plane 0.1020
5171 2846 5230 2823 5265 2909 5205 2933 plane 0.1016
2720 4794 2748 4743 2813 4779 2784 4830 plane 0.1013
4934 3924 4977 3901 5020 3984 4977 4006 plane 0.1007
929 2116 973 2132 937 2230 894 2214 bridge 0.1220
876 791 907 810 849 902 818 882 bridge 0.1029
2722 5606 2742 5120 3683 5158 3663 5644 ground-track-field 0.2158
3946 5311 3936 4955 4441 4941 4451 5297 ground-track-field 0.1514
3973 4762 4026 4745 4057 4844 4005 4860 small-vehicle 0.1152
5402 2271 5432 2248 5531 2379 5502 2401 large-vehicle 0.1473
2688 5748 2736 5749 2733 5863 2685 5862 large-vehicle 0.1243
4165 2081 4200 2076 4218 2197 4183 2202 large-vehicle 0.1190
5135 2423 5173 2386 5353 2571 5315 2608 large-vehicle 0.1070
4026 1014 4057 994 4118 1093 4087 1112 large-vehicle 0.1048
3632 6139 3662 6129 3694 6225 3664 6235 large-vehicle 0.1042
2746 3981 2895 3105 3880 3272 3731 4148 ship 0.1362
3941 5292 3961 4941 4462 4969 4443 5320 basketball-court 0.2372
1590 2915 1690 2801 1828 2921 1729 3036 basketball-court 0.2146
3017 5520 2999 5156 3633 5123 3651 5488 basketball-court 0.2132
2820 5354 2929 5223 3149 5406 3040 5536 basketball-court 0.1688
3300 3432 3465 3449 3447 3628 3281 3611 storage-tank 0.3476
2771 3992 2918 3238 3794 3409 3646 4163 storage-tank 0.2081
965 4813 1018 4796 1048 4893 995 4910 storage-tank 0.1553
5322 3511 5397 3399 5527 3486 5452 3598 storage-tank 0.1513
5029 4329 5168 4349 5143 4514 5005 4494 storage-tank 0.1330
4591 4536 4685 4435 4801 4542 4707 4643 storage-tank 0.1232
4000 1661 4051 1647 4079 1748 4027 1762 storage-tank 0.1131
4955 2910 5049 2785 5190 2891 5096 3016 storage-tank 0.1080
3950 5322 3934 4958 4441 4936 4457 5301 soccer-ball-field 0.1441
2594 3773 3068 2745 4153 3245 3679 4274 roundabout 0.1890
3300 3432 3465 3449 3447 3628 3281 3611 roundabout 0.1162
473 4657 629 4625 672 4833 516 4865 helicopter 0.2008
2443 4701 2599 4743 2546 4942 2390 4900 helicopter 0.1397
5185 3736 5211 3340 5648 3370 5621 3765 helicopter 0.1338
812 5791 965 5875 853 6079 700 5995 helicopter 0.1199
4962 2959 4991 2795 5187 2830 5158 2994 helicopter 0.1149
2508 1018 2445 864 2630 788 2694 942 helicopter 0.1073
5034 4309 5176 4342 5135 4517 4993 4484 helicopter 0.1060
1898 5420 1877 5240 2085 5215 2106 5395 helicopter 0.1006
