581 3147 636 3140 645 3210 590 3217 plane 0.5221
535 3255 575 3224 614 3274 574 3306 plane 0.4230
655 3047 694 3045 698 3099 659 3102 plane 0.3751
417 3186 455 3174 471 3226 433 3238 plane 0.2988
618 3105 667 3103 669 3170 621 3172 plane 0.2978
565 3219 607 3196 636 3248 593 3272 plane 0.2687
345 3076 368 3055 406 3098 383 3119 plane 0.2614
1222 1838 1259 1842 1251 1913 1214 1908 plane 0.2512
504 3231 542 3217 559 3264 521 3278 plane 0.2455
701 2986 726 2991 717 3039 692 3035 plane 0.2442
452 3204 488 3192 503 3237 466 3249 plane 0.2104
1214 1793 1242 1786 1256 1842 1228 1849 plane 0.1489
1195 1845 1228 1849 1220 1913 1187 1909 plane 0.1464
630 3066 662 3061 669 3104 636 3109 plane 0.1456
496 3178 529 3171 538 3212 505 3219 plane 0.1387
411 3146 435 3138 446 3173 422 3181 plane 0.1376
441 3146 467 3139 477 3173 451 3180 plane 0.1340
667 3017 692 3014 696 3050 671 3053 plane 0.1230
502 3143 531 3134 543 3171 515 3180 plane 0.1194
381 3046 408 3035 429 3088 401 3098 plane 0.1182
741 2932 759 2936 747 2982 729 2977 plane 0.1169
554 3143 589 3134 600 3179 565 3188 plane 0.1141
586 3104 621 3097 630 3143 595 3149 plane 0.1129
366 3120 385 3102 413 3134 394 3151 plane 0.1116
663 3104 701 3097 709 3143 671 3149 plane 0.1096
699 3042 727 3040 730 3079 702 3081 plane 0.1081
485 3265 516 3255 529 3295 497 3304 plane 0.1064
637 3172 678 3165 687 3214 646 3221 plane 0.1050
366 3141 389 3135 400 3178 376 3184 plane 0.1026
405 3090 427 3082 438 3114 416 3122 plane 0.1016
1056 2913 1073 2885 1143 2927 1126 2955 bridge 0.1103
1711 1033 1729 1037 1715 1101 1698 1098 large-vehicle 0.1162
1716 2726 1734 2734 1704 2798 1686 2790 large-vehicle 0.1152
