1381 2211 1383 2096 1517 2099 1514 2213 plane 0.9694
2405 1639 2562 1613 2593 1804 2437 1829 plane 0.9677
2252 1681 2265 1503 2460 1517 2447 1695 plane 0.9626
1459 2280 1501 2172 1627 2221 1584 2329 plane 0.9593
842 668 970 620 1023 761 895 808 plane 0.9551
2328 1982 2374 1876 2506 1933 2461 2039 plane 0.9475
1782 1084 1912 953 2058 1099 1929 1229 plane 0.9412
1621 2427 1675 2338 1791 2408 1737 2497 plane 0.9365
2174 1962 2199 1839 2348 1870 2323 1993 plane 0.9067
2243 2013 2334 1939 2430 2056 2339 2131 plane 0.9046
1687 889 1834 832 1900 999 1752 1057 plane 0.9003
2187 2139 2235 2044 2349 2102 2300 2197 plane 0.8909
2187 1428 2252 1359 2337 1439 2272 1509 plane 0.8849
1796 1737 1736 1659 1836 1581 1897 1660 plane 0.8752
2886 3180 2894 3072 3029 3082 3021 3190 plane 0.8614
2066 1971 2194 1926 2250 2084 2121 2129 plane 0.8604
1047 979 1089 889 1194 938 1152 1028 plane 0.8589
1271 1150 1359 1076 1445 1177 1357 1251 plane 0.8581
1146 1032 1234 992 1283 1099 1195 1139 plane 0.8346
2436 1857 2516 1811 2568 1903 2488 1948 plane 0.8311
1843 1864 1795 1782 1896 1723 1944 1805 plane 0.8193
1559 2348 1609 2277 1692 2336 1643 2406 plane 0.8149
946 835 1010 765 1088 837 1024 907 plane 0.8127
1031 1306 1109 1249 1178 1343 1100 1400 plane 0.8088
2079 2362 2038 2285 2143 2229 2184 2306 plane 0.7709
1967 2374 2029 2313 2100 2386 2038 2446 plane 0.6824
2056 1292 2105 1228 2177 1282 2128 1347 plane 0.6373
2530 2242 2493 2165 2599 2115 2635 2192 plane 0.6355
1293 1313 1363 1270 1411 1347 1340 1390 plane 0.6341
2264 2437 2287 2359 2386 2389 2363 2467 plane 0.6205
2884 3008 2927 2949 2992 2997 2949 3055 plane 0.6041
2153 2552 2172 2479 2260 2502 2240 2575 plane 0.5895
2418 2345 2390 2269 2487 2234 2514 2310 plane 0.5819
1559 1374 1608 1321 1667 1377 1618 1429 plane 0.5623
1969 2666 2021 2603 2124 2688 2073 2751 plane 0.5311
1718 1910 1745 1848 1815 1879 1787 1940 plane 0.5193
1424 1230 1468 1177 1528 1228 1483 1281 plane 0.5084
1488 2059 1499 1985 1582 1997 1571 2071 plane 0.5080
2667 1832 2724 1800 2761 1865 2703 1897 plane 0.4893
1629 871 1656 801 1737 832 1710 902 plane 0.4731
2618 3433 2599 3364 2686 3340 2705 3409 plane 0.4729
3083 3290 3071 3213 3165 3198 3178 3274 plane 0.4595
2482 3251 2534 3227 2563 3288 2512 3313 plane 0.4371
1768 2569 1723 2508 1803 2449 1848 2510 plane 0.4272
1911 1770 1893 1705 1974 1682 1992 1748 plane 0.4270
1649 1979 1678 1911 1754 1944 1725 2012 plane 0.4233
2598 2145 2592 2082 2679 2074 2685 2137 plane 0.4214
1490 1311 1528 1262 1585 1306 1546 1356 plane 0.4112
2658 2018 2715 1994 2749 2073 2691 2097 plane 0.3998
2986 3006 3031 2949 3101 3004 3057 3061 plane 0.3614
2536 3328 2573 3282 2629 3327 2592 3373 plane 0.3339
2708 1985 2753 1940 2810 1995 2766 2041 plane 0.3327
3087 3144 3131 3104 3174 3153 3130 3192 plane 0.2939
1707 1752 1684 1708 1744 1677 1767 1721 plane 0.2893
1242 1396 1270 1361 1331 1411 1303 1445 plane 0.2491
448 243 544 181 619 297 524 359 plane 0.2400
2331 2395 2344 2332 2425 2349 2412 2412 plane 0.2137
2053 2794 2079 2759 2127 2796 2101 2831 plane 0.1958
2221 2475 2252 2430 2313 2473 2282 2518 plane 0.1952
2033 2655 2052 2591 2136 2615 2117 2679 plane 0.1947
3066 3025 3120 2984 3165 3043 3111 3084 plane 0.1930
1186 1446 1218 1420 1256 1468 1224 1494 plane 0.1742
1001 1178 1037 1176 1039 1222 1004 1224 plane 0.1738
1597 1918 1639 1862 1705 1912 1663 1967 plane 0.1553
2477 2275 2493 2212 2570 2232 2554 2294 plane 0.1496
2826 3139 2853 3077 2924 3108 2896 3170 plane 0.1369
1220 1413 1251 1387 1292 1435 1262 1462 plane 0.1346
2138 2606 2176 2579 2208 2622 2170 2650 plane 0.1320
2710 1932 2743 1900 2783 1942 2749 1973 plane 0.1291
1602 2003 1658 1952 1734 2037 1678 2087 plane 0.1254
1629 872 1651 804 1728 829 1706 897 storage-tank 0.1530
2667 1832 2724 1800 2761 1865 2703 1897 storage-tank 0.1307
2884 3008 2927 2949 2992 2997 2949 3055 storage-tank 0.1285
2054 1300 2103 1233 2179 1290 2130 1356 storage-tank 0.1258
1560 1386 1603 1330 1666 1380 1623 1435 storage-tank 0.1120
2482 3251 2534 3227 2563 3288 2512 3313 storage-tank 0.1111
2618 3433 2599 3364 2686 3340 2705 3409 storage-tank 0.1067
1293 1313 1363 1270 1411 1347 1340 1390 storage-tank 0.1062
1671 916 1807 825 1909 976 1773 1067 helicopter 0.1136
843 668 969 620 1022 760 896 808 helicopter 0.1039
1047 979 1089 889 1194 938 1152 1028 helicopter 0.1035
