314 446 307 436 334 418 341 427 small-vehicle 0.3266
443 652 437 645 453 633 459 640 small-vehicle 0.2831
505 626 517 620 529 645 518 651 small-vehicle 0.2755
381 752 376 744 392 733 398 741 small-vehicle 0.2714
311 631 306 622 324 612 328 620 small-vehicle 0.2543
327 770 323 759 343 752 347 764 small-vehicle 0.2484
583 34 579 25 600 17 604 26 small-vehicle 0.2302
201 449 194 439 228 419 234 429 small-vehicle 0.2255
322 649 319 641 336 633 340 641 small-vehicle 0.2238
513 133 508 126 525 115 530 123 small-vehicle 0.2064
318 642 314 634 331 625 335 633 small-vehicle 0.2023
490 630 501 622 517 649 506 656 small-vehicle 0.1917
585 178 581 171 597 162 601 170 small-vehicle 0.1837
571 15 567 6 584 -1 588 7 small-vehicle 0.1809
194 436 188 425 223 406 229 416 small-vehicle 0.1800
213 459 207 450 236 431 242 440 small-vehicle 0.1776
369 514 361 506 383 485 391 494 small-vehicle 0.1746
284 384 277 375 306 354 313 363 small-vehicle 0.1697
439 645 434 637 451 626 456 634 small-vehicle 0.1684
429 431 422 420 458 397 465 407 small-vehicle 0.1641
169 388 163 378 195 358 202 368 small-vehicle 0.1585
480 633 491 627 505 653 493 659 small-vehicle 0.1568
394 369 388 359 424 340 430 350 small-vehicle 0.1508
454 493 449 481 486 465 491 477 small-vehicle 0.1480
261 349 255 338 290 320 296 330 small-vehicle 0.1473
449 480 444 468 482 453 487 464 small-vehicle 0.1464
287 396 281 386 313 367 319 377 small-vehicle 0.1437
369 322 362 311 398 288 405 299 small-vehicle 0.1436
586 51 592 39 613 48 608 60 small-vehicle 0.1409
477 543 472 531 510 516 515 527 small-vehicle 0.1392
149 126 158 122 169 143 160 147 small-vehicle 0.1381
226 499 220 489 252 468 258 478 small-vehicle 0.1357
180 400 173 390 204 367 211 376 small-vehicle 0.1317
308 430 302 421 336 401 342 411 small-vehicle 0.1305
458 507 453 495 491 479 496 491 small-vehicle 0.1284
217 472 211 462 239 443 245 452 small-vehicle 0.1276
471 531 466 519 504 504 509 515 small-vehicle 0.1253
222 486 215 476 245 454 252 464 small-vehicle 0.1251
399 382 394 372 430 353 435 363 small-vehicle 0.1233
187 424 181 414 215 394 221 404 small-vehicle 0.1214
465 519 460 508 498 491 503 502 small-vehicle 0.1200
253 335 248 325 281 308 287 318 small-vehicle 0.1165
441 468 436 456 472 441 477 453 small-vehicle 0.1164
375 334 369 323 406 302 412 312 small-vehicle 0.1151
141 139 150 135 159 153 151 157 small-vehicle 0.1148
516 625 524 612 547 627 538 640 small-vehicle 0.1147
361 762 374 755 385 778 373 785 small-vehicle 0.1145
246 325 241 314 274 295 280 305 small-vehicle 0.1136
439 456 434 444 471 427 476 438 small-vehicle 0.1135
497 593 492 582 531 565 536 577 small-vehicle 0.1128
388 357 383 347 418 328 423 338 small-vehicle 0.1118
292 407 287 397 319 379 325 389 small-vehicle 0.1108
433 443 428 432 468 414 473 425 small-vehicle 0.1100
304 419 297 411 327 387 334 396 small-vehicle 0.1084
496 579 491 568 528 551 533 562 small-vehicle 0.1076
421 417 415 407 451 385 457 395 small-vehicle 0.1053
14 139 10 125 37 119 40 133 small-vehicle 0.1048
182 411 176 401 210 382 216 392 small-vehicle 0.1025
498 593 493 581 534 564 539 576 large-vehicle 0.5479
455 493 450 481 489 465 494 477 large-vehicle 0.5399
496 579 491 568 528 551 533 562 large-vehicle 0.5371
477 543 472 531 510 516 515 527 large-vehicle 0.4995
472 531 468 519 506 503 511 514 large-vehicle 0.4824
466 518 461 507 500 491 505 502 large-vehicle 0.4756
194 436 188 425 223 406 229 416 large-vehicle 0.4649
458 507 453 495 493 479 498 491 large-vehicle 0.4389
483 554 478 543 517 529 521 540 large-vehicle 0.4372
449 480 444 468 482 453 487 464 large-vehicle 0.4309
429 430 423 419 460 398 466 409 large-vehicle 0.4264
433 443 428 432 468 414 473 425 large-vehicle 0.4128
375 334 369 323 406 302 412 312 large-vehicle 0.4125
394 369 388 359 424 340 430 350 large-vehicle 0.4123
489 566 485 554 521 540 525 551 large-vehicle 0.4030
249 325 243 315 277 294 283 304 large-vehicle 0.3985
376 524 370 515 405 494 411 504 large-vehicle 0.3929
187 424 181 414 215 394 221 404 large-vehicle 0.3928
201 449 194 439 228 419 234 429 large-vehicle 0.3808
439 456 434 444 471 427 476 438 large-vehicle 0.3807
178 398 173 388 208 368 213 378 large-vehicle 0.3805
388 357 383 347 418 328 423 338 large-vehicle 0.3770
399 382 394 372 430 353 435 363 large-vehicle 0.3726
370 321 364 311 401 289 407 299 large-vehicle 0.3681
381 346 375 336 411 315 417 325 large-vehicle 0.3678
308 430 302 421 336 401 342 411 large-vehicle 0.3633
421 417 415 407 451 385 457 395 large-vehicle 0.3609
302 418 297 408 330 389 336 398 large-vehicle 0.3578
182 411 176 401 210 382 216 392 large-vehicle 0.3562
290 396 283 386 315 367 321 376 large-vehicle 0.3543
261 349 255 338 290 320 296 330 large-vehicle 0.3491
443 468 438 456 475 440 480 452 large-vehicle 0.3403
295 408 289 398 322 379 328 389 large-vehicle 0.3369
284 384 277 375 306 354 313 363 large-vehicle 0.3157
225 498 219 489 253 469 259 479 large-vehicle 0.3116
169 388 163 378 195 358 202 368 large-vehicle 0.3044
407 393 401 382 437 360 444 371 large-vehicle 0.3030
312 445 307 436 335 418 341 428 large-vehicle 0.3010
417 405 411 396 446 374 452 383 large-vehicle 0.2894
220 485 214 475 247 455 253 465 large-vehicle 0.2833
256 336 250 326 284 307 289 317 large-vehicle 0.2812
213 459 207 450 236 431 242 440 large-vehicle 0.2362
513 607 511 592 549 586 551 600 large-vehicle 0.2284
215 468 209 457 241 441 246 451 large-vehicle 0.1841
498 630 510 623 525 647 513 654 large-vehicle 0.1462
516 624 522 610 547 621 541 634 large-vehicle 0.1221
484 632 495 624 511 650 500 658 large-vehicle 0.1204
369 514 361 506 383 485 391 494 large-vehicle 0.1099
516 614 513 605 534 599 537 608 large-vehicle 0.1051
455 493 450 481 489 465 494 477 ship 0.1369
449 480 444 468 482 453 487 464 ship 0.1306
433 443 428 432 468 414 473 425 ship 0.1261
394 369 388 359 424 340 430 350 ship 0.1155
439 456 434 444 471 427 476 438 ship 0.1096
429 430 423 419 460 398 466 409 ship 0.1047
443 468 438 456 475 440 480 452 ship 0.1032
399 382 394 372 430 353 435 363 ship 0.1017
477 543 472 531 510 516 515 527 ship 0.1012
