3568 1681 3594 1664 3626 1715 3599 1732 bridge 0.3107
2480 1118 2486 1063 2600 1074 2594 1129 bridge 0.1794
3888 1909 3884 1887 3939 1876 3943 1899 bridge 0.1447
3917 218 3909 183 3982 167 3989 202 bridge 0.1390
2217 1116 2219 1092 2288 1097 2286 1122 bridge 0.1125
2719 3554 2741 3543 2782 3622 2761 3633 large-vehicle 0.1310
2498 3447 2519 3441 2537 3508 2516 3514 large-vehicle 0.1002
269 2932 313 2923 354 3131 311 3140 ship 0.5473
153 375 179 365 204 435 178 444 ship 0.4153
156 1394 181 1393 182 1460 157 1460 ship 0.3688
1016 2675 1043 2667 1064 2733 1037 2741 ship 0.3022
8 2891 34 2894 25 2969 0 2966 ship 0.2476
1611 3364 1627 3354 1658 3408 1641 3418 ship 0.2059
1646 3388 1663 3379 1686 3427 1668 3435 ship 0.1663
1591 3353 1608 3345 1635 3400 1619 3408 ship 0.1654
1393 1571 1419 1568 1425 1639 1399 1641 ship 0.1636
1596 3334 1608 3319 1650 3353 1638 3367 ship 0.1545
1643 3439 1661 3431 1685 3479 1666 3488 ship 0.1514
1594 3285 1603 3269 1646 3292 1637 3308 ship 0.1184
1840 3792 1854 3780 1882 3812 1868 3824 ship 0.1098
1546 354 1541 328 1604 316 1609 341 ship 0.1090
2454 2011 2633 1875 2824 2126 2644 2262 basketball-court 0.2002
2394 2721 2452 2698 2478 2762 2420 2786 basketball-court 0.1029
269 2932 313 2923 354 3131 311 3140 harbor 0.1552
