3080 3015 3130 3064 3036 3163 2985 3114 bridge 0.1693
328 1442 317 1401 469 1361 479 1402 ship 0.2907
472 1447 448 1361 662 1299 686 1385 ship 0.1726
365 1501 355 1461 488 1427 498 1466 ship 0.1482
2378 2868 2395 2878 2358 2936 2341 2926 ship 0.1341
1102 1324 1111 1280 1253 1308 1244 1353 ship 0.1321
1553 3238 1591 3174 1850 3329 1811 3393 ship 0.1307
1711 3177 1751 3159 1829 3328 1789 3347 ship 0.1062
1954 1314 2101 1177 2501 1603 2354 1740 ship 0.1057
2650 2205 2677 2228 2588 2336 2561 2314 ship 0.1022
229 1493 302 1492 303 1570 230 1571 storage-tank 0.2084
145 1541 242 1539 245 1645 147 1647 storage-tank 0.1475
104 1460 195 1438 219 1537 128 1559 storage-tank 0.1345
228 1429 290 1430 289 1497 226 1496 storage-tank 0.1129
26 1381 112 1341 155 1436 69 1475 roundabout 0.1059
