4557 2290 4577 2266 4648 2325 4628 2349 ship 0.3327
1574 250 1604 211 1729 308 1699 346 ship 0.3134
4456 3288 4493 3296 4475 3382 4438 3374 ship 0.2651
3349 1158 3372 1137 3432 1203 3409 1223 ship 0.2647
3718 1592 3734 1570 3805 1622 3789 1644 ship 0.2402
4098 1587 4113 1559 4204 1606 4189 1634 ship 0.2308
4123 1568 4136 1541 4220 1581 4206 1608 ship 0.2172
4140 1548 4150 1518 4240 1548 4229 1578 ship 0.1926
685 2825 709 2807 751 2867 727 2884 ship 0.1610
3731 1565 3745 1543 3805 1584 3791 1605 ship 0.1522
4113 1824 4135 1800 4191 1852 4169 1875 ship 0.1434
4087 1600 4106 1577 4177 1635 4159 1658 ship 0.1327
345 207 350 183 448 204 443 227 ship 0.1318
3926 838 3953 822 3992 886 3966 903 ship 0.1312
399 139 414 120 485 180 469 199 ship 0.1254
4957 436 4979 425 5005 478 4984 489 ship 0.1224
691 2933 724 2924 747 3013 714 3022 ship 0.1063
3770 1546 3785 1527 3838 1568 3823 1587 ship 0.1039
4201 1154 4218 1127 4296 1177 4279 1204 ship 0.1013
