1816 3027 1832 3001 1888 3036 1872 3062 ship 0.3239
2698 3541 2717 3530 2751 3589 2732 3600 ship 0.3205
2675 3516 2693 3507 2717 3555 2699 3564 ship 0.2417
2600 3582 2619 3574 2639 3621 2620 3629 ship 0.1998
2568 3548 2585 3542 2600 3584 2583 3590 ship 0.1994
1429 3209 1421 3180 1481 3163 1489 3192 ship 0.1987
1471 3188 1484 3165 1530 3191 1518 3214 ship 0.1972
2597 3447 2614 3437 2639 3483 2621 3492 ship 0.1951
2636 3483 2654 3475 2674 3517 2656 3525 ship 0.1878
1475 3298 1469 3274 1520 3262 1525 3286 ship 0.1816
2744 3590 2764 3583 2782 3633 2762 3640 ship 0.1803
1758 3105 1777 3087 1821 3134 1802 3152 ship 0.1785
1475 3230 1480 3207 1527 3216 1522 3239 ship 0.1771
2630 3610 2650 3603 2668 3652 2648 3659 ship 0.1697
1709 3158 1730 3152 1745 3205 1723 3211 ship 0.1622
2568 3414 2586 3405 2610 3456 2592 3465 ship 0.1547
2551 3538 2567 3533 2580 3572 2564 3578 ship 0.1516
1444 3232 1436 3207 1486 3190 1495 3215 ship 0.1461
1803 3048 1819 3029 1857 3062 1841 3081 ship 0.1449
103 1927 100 1898 167 1891 170 1920 ship 0.1370
1807 3072 1822 3057 1856 3088 1841 3104 ship 0.1343
2473 3611 2491 3602 2513 3645 2495 3654 ship 0.1242
2788 3605 2810 3604 2811 3646 2789 3647 ship 0.1226
1794 3111 1811 3099 1836 3136 1819 3148 ship 0.1210
1687 3153 1706 3144 1726 3191 1707 3199 ship 0.1171
1845 3062 1857 3047 1887 3072 1875 3087 ship 0.1143
1871 3038 1884 3025 1913 3055 1899 3068 ship 0.1130
2330 3382 2350 3380 2355 3423 2335 3425 ship 0.1120
2599 3549 2616 3542 2630 3581 2614 3587 ship 0.1075
2660 3605 2679 3600 2691 3641 2672 3646 ship 0.1054
2684 3569 2702 3563 2716 3608 2698 3614 ship 0.1038
1444 3232 1436 3207 1486 3190 1495 3215 storage-tank 0.1747
1475 3298 1469 3274 1520 3262 1525 3286 storage-tank 0.1723
1761 3102 1781 3085 1824 3134 1803 3151 storage-tank 0.1715
1429 3209 1421 3180 1481 3163 1489 3192 storage-tank 0.1628
1734 3142 1754 3135 1770 3180 1750 3187 storage-tank 0.1479
1475 3230 1480 3207 1527 3216 1522 3239 storage-tank 0.1475
1724 3166 1745 3160 1760 3209 1739 3215 storage-tank 0.1258
1471 3188 1484 3165 1530 3191 1518 3214 storage-tank 0.1134
1756 3113 1775 3103 1797 3144 1777 3155 storage-tank 0.1069
1702 3158 1722 3152 1736 3198 1716 3204 storage-tank 0.1044
2464 3792 2452 3694 2806 3650 2818 3747 harbor 0.1852
2355 3585 2359 3430 2787 3441 2783 3597 harbor 0.1513
