3777 1257 3776 1212 3849 1210 3850 1256 bridge 0.3479
797 751 817 725 870 766 850 791 bridge 0.2636
2317 1396 2319 1363 2382 1368 2380 1401 bridge 0.2489
1363 1148 1382 1118 1436 1151 1417 1182 bridge 0.1657
60 2938 61 2916 113 2918 112 2940 bridge 0.1194
3692 863 3691 839 3747 837 3748 861 bridge 0.1138
248 318 267 304 299 349 279 363 bridge 0.1015
897 2128 1037 1831 1468 2034 1327 2332 tennis-court 0.1213
2841 1636 2915 1594 2982 1712 2909 1754 basketball-court 0.1293
897 2128 1037 1831 1468 2034 1327 2332 soccer-ball-field 0.1247
