2433 3162 2424 3128 2494 3110 2503 3144 bridge 0.3743
2947 670 2975 683 2944 750 2916 737 bridge 0.3354
3789 2279 3862 2255 3893 2351 3820 2375 bridge 0.3182
3487 830 3524 836 3514 899 3477 893 bridge 0.3135
2228 2348 2226 2314 2296 2309 2298 2343 bridge 0.2983
527 3852 509 3821 574 3782 593 3813 bridge 0.2704
2231 935 2242 910 2323 948 2311 973 bridge 0.2115
885 3123 926 3109 955 3194 914 3207 bridge 0.1887
1646 1885 1659 1863 1740 1909 1727 1932 bridge 0.1666
2581 1444 2608 1461 2565 1529 2538 1512 bridge 0.1476
621 411 617 380 681 372 685 403 bridge 0.1015
1547 211 1663 -22 2022 155 1906 389 tennis-court 0.1074
2793 3145 2831 3131 2861 3219 2823 3232 basketball-court 0.1184
