3566 1018 3563 991 3617 985 3620 1012 plane 0.1258
3637 3763 3634 3737 3692 3731 3694 3757 bridge 0.1782
3526 3453 3522 3424 3584 3415 3588 3444 bridge 0.1478
1350 1353 1367 1338 1407 1383 1390 1398 bridge 0.1451
3653 3773 3660 3750 3711 3764 3704 3787 bridge 0.1401
3701 3773 3689 3678 4049 3631 4061 3726 bridge 0.1055
275 385 262 361 345 317 358 341 large-vehicle 0.1067
139 3356 222 3339 240 3425 157 3442 storage-tank 0.1918
3566 1018 3563 991 3617 985 3620 1012 storage-tank 0.1034
3763 2315 3950 2256 4033 2518 3846 2577 soccer-ball-field 0.1049
