2196 2532 2195 2507 2254 2505 2255 2531 plane 0.1929
2184 2541 2190 2519 2239 2533 2233 2554 plane 0.1238
2298 2485 2318 2480 2332 2529 2312 2534 plane 0.1193
2252 2513 2267 2498 2295 2526 2280 2541 plane 0.1158
1245 291 1240 271 1284 259 1290 280 plane 0.1157
2159 2545 2172 2528 2213 2559 2200 2576 plane 0.1096
2319 2472 2338 2469 2347 2525 2328 2528 plane 0.1050
1075 1821 1099 1810 1122 1863 1098 1873 bridge 0.3187
3846 152 3833 120 3890 98 3902 130 bridge 0.2898
1550 1685 1559 1656 1618 1672 1610 1702 bridge 0.2762
3298 1089 3307 1069 3354 1089 3346 1109 bridge 0.2686
333 2070 356 2056 385 2102 363 2116 bridge 0.2115
706 1668 698 1639 760 1622 768 1651 bridge 0.2066
387 1154 386 1125 442 1123 443 1152 bridge 0.1838
564 1425 557 1401 614 1384 621 1408 bridge 0.1786
1893 1551 1913 1526 1960 1562 1940 1587 bridge 0.1707
2230 1923 2222 1899 2284 1880 2292 1905 bridge 0.1659
3324 1077 3335 1063 3368 1087 3357 1102 bridge 0.1041
2565 1012 2560 990 2611 977 2617 999 small-vehicle 0.1177
2590 325 2572 298 2671 234 2689 261 large-vehicle 0.1744
1465 128 1456 106 1512 83 1521 105 large-vehicle 0.1134
773 493 762 471 832 435 843 456 large-vehicle 0.1130
2331 2185 2348 2167 2391 2207 2374 2224 large-vehicle 0.1047
1850 1339 1897 1234 2037 1297 1990 1402 basketball-court 0.1090
1076 118 1139 114 1144 183 1081 187 storage-tank 0.2082
2361 2865 2434 2846 2456 2931 2382 2950 storage-tank 0.1965
2525 440 2609 403 2648 493 2565 530 storage-tank 0.1396
2494 2630 2477 2431 2723 2410 2740 2609 roundabout 0.1389
2525 440 2609 403 2648 493 2565 530 roundabout 0.1303
3372 2973 3461 2766 3678 2859 3588 3067 roundabout 0.1027
