16 1232 43 1203 108 1263 81 1292 bridge 0.3078
3222 897 3217 870 3279 860 3283 887 bridge 0.2965
1289 3106 1288 3080 1344 3078 1345 3105 bridge 0.2572
1290 2704 1296 2681 1347 2693 1341 2717 bridge 0.2392
305 312 308 284 382 294 378 321 bridge 0.1775
3354 1456 3354 1432 3407 1433 3407 1456 bridge 0.1718
1947 2435 1937 2401 2068 2363 2078 2398 bridge 0.1626
1733 2181 1756 2184 1748 2243 1725 2240 bridge 0.1615
1237 2503 1256 2498 1269 2542 1250 2548 bridge 0.1480
1669 1531 1668 1506 1731 1505 1731 1530 bridge 0.1342
3855 3746 3854 3722 3910 3720 3911 3744 bridge 0.1238
3110 293 3119 270 3159 287 3150 310 bridge 0.1061
1257 2469 1275 2463 1289 2504 1271 2510 bridge 0.1039
1611 1759 1625 1740 1670 1772 1656 1792 bridge 0.1001
3580 3865 3574 3840 3649 3820 3656 3845 large-vehicle 0.1186
1288 3100 1290 3075 1343 3078 1342 3103 ship 0.1055
1037 1887 1085 1882 1093 1976 1045 1980 basketball-court 0.1173
2052 1062 2121 1059 2125 1134 2055 1138 storage-tank 0.3382
1772 1980 1830 1979 1830 2043 1772 2043 storage-tank 0.1605
2583 2061 2665 1974 2760 2062 2679 2150 storage-tank 0.1295
2011 1045 2053 1033 2068 1084 2026 1097 storage-tank 0.1207
1377 2311 1425 2286 1453 2341 1404 2365 storage-tank 0.1188
1978 1033 2009 1021 2027 1069 1996 1080 storage-tank 0.1062
1983 1068 2016 1067 2018 1116 1985 1117 storage-tank 0.1059
2122 1060 2173 1054 2181 1114 2129 1120 storage-tank 0.1044
2054 1127 2090 1115 2106 1165 2069 1176 storage-tank 0.1011
1769 1978 1829 1973 1833 2038 1774 2042 roundabout 0.1165
