3808 1625 3762 1391 4067 1331 4113 1565 plane 0.9443
3915 3450 4019 3271 4273 3419 4169 3598 plane 0.9405
3192 4328 3252 4129 3492 4202 3432 4401 plane 0.9241
1100 4398 1366 4436 1322 4742 1056 4704 plane 0.9216
3850 3106 3782 2921 4004 2839 4073 3024 plane 0.9162
4417 4186 4507 4022 4732 4145 4643 4309 plane 0.9113
3937 1896 3878 1732 4083 1658 4142 1823 plane 0.9099
2356 4727 2593 4655 2675 4926 2438 4998 plane 0.8983
3471 3935 3666 3905 3702 4139 3507 4169 plane 0.8909
4014 3366 3907 3169 4143 3041 4250 3237 plane 0.8654
4691 5263 4731 5069 4971 5118 4932 5312 plane 0.8612
4533 3899 4617 3765 4794 3876 4709 4010 plane 0.8355
3905 3691 4013 3576 4163 3717 4055 3832 plane 0.8294
3723 3969 3835 3915 3898 4044 3786 4099 plane 0.7284
4027 2062 3985 1966 4100 1915 4142 2011 plane 0.6950
2030 4490 2190 4500 2177 4701 2017 4691 plane 0.5802
4265 4685 4291 4601 4395 4633 4369 4716 plane 0.5026
3633 2947 3728 2899 3782 3006 3687 3054 plane 0.4918
3861 3864 3910 3794 3993 3852 3944 3922 plane 0.4912
1725 4480 1842 4493 1825 4635 1708 4622 plane 0.3980
3872 1976 3917 1946 3966 2019 3920 2049 plane 0.3271
4489 4357 4540 4366 4525 4448 4474 4439 plane 0.3031
3684 3088 3736 3078 3752 3164 3700 3174 plane 0.2798
3765 1164 3775 1103 3859 1117 3849 1178 plane 0.2798
3752 3845 3797 3774 3878 3827 3833 3897 plane 0.2749
3835 3717 3832 3650 3928 3647 3931 3714 plane 0.2561
2620 4607 2737 4484 2906 4645 2789 4768 plane 0.2442
2373 4590 2463 4570 2488 4681 2398 4701 plane 0.2253
4406 4811 4435 4766 4500 4808 4471 4853 plane 0.2177
3840 3987 3896 3931 3960 3996 3905 4052 plane 0.1989
3917 3943 3954 3880 4031 3926 3994 3989 plane 0.1976
3897 3561 3950 3498 4041 3574 3988 3638 plane 0.1968
3703 1399 3733 1359 3803 1411 3772 1451 plane 0.1919
3761 3398 3783 3381 3819 3427 3797 3444 plane 0.1852
4556 4388 4592 4383 4601 4444 4564 4449 plane 0.1812
3843 1958 3882 1948 3903 2028 3864 2038 plane 0.1760
4841 4254 4863 4228 4913 4271 4891 4297 plane 0.1746
4649 4397 4678 4386 4698 4436 4668 4447 plane 0.1742
4743 4355 4770 4338 4804 4388 4777 4406 plane 0.1712
4412 4666 4431 4628 4489 4657 4470 4695 plane 0.1654
4715 4378 4741 4363 4769 4412 4743 4427 plane 0.1650
4772 4348 4795 4328 4833 4373 4810 4393 plane 0.1649
3755 3083 3808 3060 3844 3142 3790 3165 plane 0.1648
4794 4316 4817 4297 4853 4340 4830 4359 plane 0.1637
3759 3444 3780 3428 3815 3472 3794 3488 plane 0.1615
4813 4255 4840 4236 4872 4280 4846 4300 plane 0.1613
4634 4466 4660 4453 4686 4505 4659 4518 plane 0.1602
4485 4653 4502 4627 4548 4658 4531 4683 plane 0.1595
4449 4768 4470 4742 4516 4780 4495 4805 plane 0.1593
3808 3779 3834 3720 3919 3756 3893 3816 plane 0.1592
3608 3095 3641 3075 3675 3134 3642 3153 plane 0.1587
4477 4717 4493 4691 4540 4721 4523 4747 plane 0.1570
3696 3553 3715 3529 3767 3570 3748 3594 plane 0.1554
4483 4592 4504 4568 4547 4606 4526 4629 plane 0.1545
3823 3565 3849 3539 3892 3582 3866 3608 plane 0.1530
3766 1255 3794 1223 3845 1266 3817 1299 plane 0.1523
4577 4450 4608 4442 4623 4499 4591 4507 plane 0.1521
4533 4479 4562 4464 4588 4515 4559 4530 plane 0.1501
4537 4537 4559 4519 4593 4558 4571 4577 plane 0.1488
4415 4727 4432 4691 4489 4717 4472 4754 plane 0.1484
4487 4544 4511 4524 4548 4567 4524 4587 plane 0.1458
4836 4302 4855 4277 4906 4316 4888 4341 plane 0.1452
3756 3553 3779 3532 3818 3575 3795 3596 plane 0.1449
4491 4465 4523 4449 4550 4504 4518 4519 plane 0.1445
1427 4572 1491 4543 1530 4628 1465 4657 plane 0.1438
4681 4445 4705 4430 4736 4476 4712 4492 plane 0.1433
4527 4592 4546 4571 4585 4607 4567 4627 plane 0.1432
4344 4715 4362 4660 4438 4685 4420 4739 plane 0.1423
3636 3045 3685 3015 3731 3089 3681 3119 plane 0.1415
3818 3494 3845 3475 3879 3523 3852 3542 plane 0.1387
3734 3459 3753 3441 3793 3482 3775 3500 plane 0.1386
3702 3893 3770 3835 3839 3917 3771 3974 plane 0.1374
3754 3495 3776 3479 3809 3525 3787 3541 plane 0.1369
4643 4346 4678 4327 4706 4380 4671 4398 plane 0.1350
4424 4601 4449 4567 4504 4607 4479 4641 plane 0.1347
4520 4642 4537 4621 4579 4654 4562 4675 plane 0.1332
4581 4523 4602 4505 4637 4545 4615 4563 plane 0.1326
3815 3395 3839 3376 3875 3421 3851 3440 plane 0.1323
3764 3367 3786 3350 3823 3396 3800 3414 plane 0.1323
2809 4398 2934 4292 3090 4476 2964 4582 plane 0.1279
3737 1943 3772 1940 3781 2042 3745 2045 plane 0.1274
3781 3637 3796 3602 3855 3627 3840 3662 plane 0.1272
4514 4699 4533 4680 4571 4715 4552 4735 plane 0.1262
3815 3444 3839 3424 3876 3469 3852 3488 plane 0.1260
3730 1190 3749 1149 3813 1178 3794 1219 plane 0.1249
4402 4398 4464 4385 4481 4467 4420 4481 plane 0.1233
3713 3517 3732 3497 3776 3540 3757 3560 plane 0.1224
4355 4784 4391 4743 4441 4788 4405 4828 plane 0.1221
4513 4743 4535 4727 4566 4769 4543 4785 plane 0.1219
3711 1265 3735 1236 3784 1276 3760 1306 plane 0.1211
3746 1362 3779 1325 3838 1378 3805 1415 plane 0.1203
3708 3811 3757 3783 3797 3852 3747 3880 plane 0.1192
4829 4335 4848 4313 4895 4353 4875 4376 plane 0.1172
3593 2988 3642 2952 3690 3018 3641 3054 plane 0.1171
3863 3451 3897 3415 3957 3472 3923 3508 plane 0.1163
4388 4480 4435 4457 4467 4524 4421 4547 plane 0.1160
3868 3394 3900 3359 3961 3414 3928 3449 plane 0.1157
3665 1207 3691 1175 3747 1222 3721 1254 plane 0.1133
3980 3971 4026 3926 4080 3982 4034 4026 plane 0.1126
3980 3842 4035 3799 4088 3867 4033 3910 plane 0.1114
4564 4577 4585 4560 4618 4600 4597 4617 plane 0.1112
4527 4871 4563 4860 4581 4918 4545 4929 plane 0.1109
4443 4553 4473 4528 4515 4578 4485 4602 plane 0.1107
4751 4256 4786 4236 4814 4286 4779 4306 plane 0.1103
4720 4422 4740 4404 4776 4444 4755 4462 plane 0.1099
4526 4821 4555 4807 4576 4852 4547 4866 plane 0.1095
4663 4485 4685 4467 4719 4511 4697 4528 plane 0.1071
3727 1502 3738 1447 3815 1463 3804 1518 plane 0.1059
3709 2849 3774 2843 3783 2939 3718 2945 plane 0.1045
3823 3358 3845 3337 3885 3380 3863 3401 plane 0.1040
1774 4393 1837 4402 1821 4523 1758 4514 plane 0.1007
3877 3355 3903 3318 3968 3365 3942 3401 plane 0.1002
4694 5236 4754 5054 4978 5127 4919 5309 bridge 0.1022
2645 2907 2698 2891 2773 3133 2720 3149 large-vehicle 0.1492
5543 2800 5585 2784 5644 2941 5602 2957 large-vehicle 0.1187
5606 2769 5648 2752 5709 2898 5666 2916 large-vehicle 0.1032
5362 2289 5400 2277 5437 2390 5400 2403 large-vehicle 0.1007
702 2451 821 2485 762 2688 644 2653 tennis-court 0.5270
599 2779 786 2846 688 3119 501 3052 tennis-court 0.2220
1224 4806 1417 4820 1396 5120 1203 5106 basketball-court 0.1553
4027 2062 3985 1966 4100 1915 4142 2011 storage-tank 0.1709
4255 4686 4276 4599 4382 4625 4361 4711 storage-tank 0.1590
3633 2947 3728 2899 3782 3006 3687 3054 storage-tank 0.1471
3723 3969 3835 3915 3898 4044 3786 4099 storage-tank 0.1130
3861 3864 3910 3794 3993 3852 3944 3922 storage-tank 0.1011
1656 460 1956 512 1898 842 1599 789 roundabout 0.2978
1977 724 2206 565 2379 813 2149 972 roundabout 0.2044
2111 451 2328 318 2467 545 2250 678 roundabout 0.1007
2022 4496 2184 4494 2186 4697 2024 4698 helicopter 0.1097
3808 1625 3762 1391 4067 1331 4113 1565 helicopter 0.1090
1750 4437 1849 4459 1810 4633 1711 4611 helicopter 0.1086
