2604 1736 2598 1667 2703 1658 2709 1728 plane 0.3296
2762 1754 2769 1702 2852 1713 2845 1765 plane 0.1975
4537 766 4549 715 4638 736 4625 788 plane 0.1968
4966 2101 5024 2107 5015 2194 4958 2189 plane 0.1645
3109 1757 3100 1703 3191 1688 3200 1742 plane 0.1632
5107 2987 5129 2959 5191 3008 5169 3036 plane 0.1517
4523 864 4532 826 4612 846 4603 884 plane 0.1430
609 2953 642 2919 709 2984 676 3018 plane 0.1361
2982 2595 2976 2551 3062 2541 3067 2584 plane 0.1357
1780 296 1776 258 1853 249 1857 287 plane 0.1324
4506 828 4511 788 4580 796 4575 836 plane 0.1148
5138 2955 5168 2937 5208 3003 5178 3021 plane 0.1119
4445 2155 4485 2150 4498 2246 4459 2251 plane 0.1099
863 1220 858 1172 960 1160 966 1208 plane 0.1087
66 849 97 829 138 897 107 916 plane 0.1040
1821 1566 1852 1558 1872 1639 1841 1647 bridge 0.1002
252 1436 286 1434 291 1532 257 1534 small-vehicle 0.1393
2686 645 2688 607 2768 612 2766 650 small-vehicle 0.1162
2647 599 2652 567 2712 576 2707 608 small-vehicle 0.1050
2627 514 2630 483 2689 488 2686 520 small-vehicle 0.1028
2945 2266 2953 2230 3033 2247 3025 2283 small-vehicle 0.1025
3074 2063 3078 2022 3176 2031 3171 2072 small-vehicle 0.1020
2615 484 2622 451 2685 464 2678 497 small-vehicle 0.1007
608 1299 661 1300 655 1543 603 1542 large-vehicle 0.1467
274 1976 298 1979 286 2067 262 2064 large-vehicle 0.1209
274 1902 298 1903 291 1997 267 1995 large-vehicle 0.1208
3183 2552 3212 2533 3263 2609 3234 2628 tennis-court 0.1892
3187 2600 3220 2586 3255 2669 3222 2683 tennis-court 0.1469
3067 2506 3196 2410 3404 2688 3275 2784 tennis-court 0.1306
3133 2570 3153 2544 3209 2589 3189 2615 tennis-court 0.1173
3134 2612 3161 2591 3209 2652 3182 2673 tennis-court 0.1107
1312 3097 1489 3059 1531 3255 1354 3293 storage-tank 0.1711
2604 1736 2598 1667 2703 1658 2709 1728 storage-tank 0.1221
