2158 624 2171 600 2236 638 2222 662 small-vehicle 0.1837
1564 174 1570 150 1620 163 1614 186 small-vehicle 0.1599
1226 2347 1251 2361 1207 2441 1182 2427 small-vehicle 0.1530
903 207 907 184 959 192 955 215 small-vehicle 0.1516
2213 2918 2240 2933 2189 3027 2162 3013 small-vehicle 0.1501
1677 2624 1700 2640 1653 2711 1629 2695 small-vehicle 0.1488
1962 2385 1989 2398 1956 2469 1929 2457 small-vehicle 0.1468
1825 2698 1851 2712 1805 2796 1779 2782 small-vehicle 0.1418
795 2545 820 2558 774 2643 749 2630 small-vehicle 0.1417
739 2649 763 2662 717 2745 693 2731 small-vehicle 0.1405
1951 2526 1975 2538 1935 2614 1912 2602 small-vehicle 0.1388
1875 3152 1900 3161 1881 3218 1855 3209 small-vehicle 0.1380
2258 2539 2283 2555 2225 2650 2199 2634 small-vehicle 0.1357
1837 1444 1851 1423 1904 1458 1890 1479 small-vehicle 0.1341
701 2502 725 2518 669 2599 646 2583 small-vehicle 0.1340
1874 2733 1898 2748 1857 2815 1833 2801 small-vehicle 0.1339
840 104 853 91 888 128 875 141 small-vehicle 0.1335
1919 3159 1951 3163 1945 3225 1913 3221 small-vehicle 0.1334
2390 2293 2416 2302 2395 2362 2369 2352 small-vehicle 0.1306
1918 356 1925 339 1962 356 1955 372 small-vehicle 0.1305
1535 2901 1554 2885 1591 2930 1572 2945 small-vehicle 0.1285
1624 1337 1626 1315 1679 1321 1676 1343 small-vehicle 0.1248
1621 414 1633 395 1702 435 1691 454 small-vehicle 0.1245
2059 223 2064 200 2119 214 2113 236 small-vehicle 0.1236
514 1821 532 1822 531 1871 513 1870 small-vehicle 0.1235
1307 2190 1330 2202 1300 2260 1276 2248 small-vehicle 0.1223
2279 428 2284 407 2347 423 2342 444 small-vehicle 0.1214
1134 2597 1149 2575 1239 2635 1224 2657 small-vehicle 0.1214
1151 2757 1174 2771 1128 2845 1105 2831 small-vehicle 0.1213
1499 2246 1522 2259 1479 2340 1456 2328 small-vehicle 0.1211
760 2529 786 2543 742 2622 717 2607 small-vehicle 0.1207
1373 2551 1394 2564 1348 2639 1327 2627 small-vehicle 0.1204
314 3020 330 3030 293 3087 277 3076 small-vehicle 0.1204
1326 2520 1350 2533 1302 2619 1279 2606 small-vehicle 0.1203
1120 88 1124 69 1165 79 1161 98 small-vehicle 0.1203
938 932 946 913 992 933 983 952 small-vehicle 0.1200
2272 2957 2297 2969 2254 3054 2229 3042 small-vehicle 0.1200
404 2342 394 2322 443 2299 452 2318 small-vehicle 0.1194
1165 2772 1191 2785 1151 2861 1126 2848 small-vehicle 0.1194
1470 224 1475 200 1531 213 1525 237 small-vehicle 0.1193
570 1715 591 1716 589 1774 568 1773 small-vehicle 0.1192
390 2367 383 2347 434 2328 442 2348 small-vehicle 0.1186
2382 184 2389 163 2447 180 2441 202 small-vehicle 0.1168
835 968 847 956 877 983 865 996 small-vehicle 0.1166
2308 2589 2333 2603 2284 2695 2259 2681 small-vehicle 0.1154
1370 2431 1392 2447 1350 2507 1328 2491 small-vehicle 0.1147
590 1722 609 1722 611 1786 591 1786 small-vehicle 0.1140
1870 2346 1895 2359 1849 2442 1825 2429 small-vehicle 0.1133
1099 2721 1124 2735 1075 2821 1050 2807 small-vehicle 0.1128
939 60 941 39 985 42 983 63 small-vehicle 0.1127
484 2790 505 2772 543 2816 522 2833 small-vehicle 0.1124
1840 2189 1843 2167 1899 2173 1897 2195 small-vehicle 0.1124
505 1580 502 1558 556 1552 558 1574 small-vehicle 0.1117
1489 1302 1497 1283 1546 1305 1537 1324 small-vehicle 0.1115
1846 2326 1870 2339 1825 2420 1802 2407 small-vehicle 0.1114
1729 420 1746 400 1813 456 1797 476 small-vehicle 0.1114
1244 2695 1243 2670 1302 2668 1303 2693 small-vehicle 0.1111
1196 2452 1220 2467 1173 2546 1148 2531 small-vehicle 0.1102
851 2550 876 2563 825 2652 801 2638 small-vehicle 0.1097
87 380 94 366 123 380 117 394 small-vehicle 0.1096
105 322 111 308 139 320 133 334 small-vehicle 0.1092
1771 2672 1797 2686 1750 2776 1724 2763 small-vehicle 0.1091
870 1973 895 1977 885 2043 860 2039 small-vehicle 0.1080
778 562 792 550 820 584 806 596 small-vehicle 0.1080
2069 501 2084 483 2160 542 2145 560 small-vehicle 0.1079
217 2847 236 2856 213 2904 194 2895 small-vehicle 0.1078
949 2623 973 2639 919 2722 894 2706 small-vehicle 0.1074
1793 2179 1797 2158 1845 2165 1841 2187 small-vehicle 0.1074
571 2333 584 2321 615 2357 602 2368 small-vehicle 0.1072
763 48 773 35 804 57 794 71 small-vehicle 0.1072
1289 567 1300 550 1348 580 1337 597 small-vehicle 0.1064
1672 2246 1695 2257 1655 2340 1632 2328 small-vehicle 0.1064
1895 2495 1920 2507 1882 2587 1857 2575 small-vehicle 0.1056
643 957 661 941 716 1002 698 1018 small-vehicle 0.1056
93 302 101 289 129 306 121 319 small-vehicle 0.1056
262 41 268 26 303 40 296 56 small-vehicle 0.1056
913 804 932 799 943 844 925 849 small-vehicle 0.1056
1824 2307 1848 2321 1806 2394 1782 2380 small-vehicle 0.1056
1226 2134 1249 2146 1214 2213 1191 2202 small-vehicle 0.1054
665 1773 689 1769 705 1851 680 1855 small-vehicle 0.1054
660 125 666 109 698 122 692 137 small-vehicle 0.1050
178 2147 196 2135 226 2182 207 2193 small-vehicle 0.1049
212 2184 227 2165 267 2197 252 2216 small-vehicle 0.1046
1241 687 1248 670 1290 689 1282 706 small-vehicle 0.1043
768 1229 793 1223 804 1278 779 1283 small-vehicle 0.1043
2172 2499 2197 2513 2149 2599 2124 2585 small-vehicle 0.1043
1074 169 1081 153 1122 170 1115 187 small-vehicle 0.1042
451 2527 471 2539 439 2595 419 2583 small-vehicle 0.1040
226 1390 230 1374 264 1384 259 1400 small-vehicle 0.1037
1720 2648 1746 2662 1701 2744 1676 2730 small-vehicle 0.1037
1169 2316 1196 2331 1152 2413 1124 2398 small-vehicle 0.1036
24 2342 50 2335 63 2385 37 2392 small-vehicle 0.1033
1154 801 1160 782 1208 799 1201 818 small-vehicle 0.1032
322 2438 342 2448 314 2508 294 2499 small-vehicle 0.1028
1270 2373 1297 2387 1255 2469 1228 2455 small-vehicle 0.1027
701 1093 723 1087 738 1142 715 1148 small-vehicle 0.1026
595 2694 619 2686 634 2734 610 2742 small-vehicle 0.1026
1345 2410 1370 2425 1325 2496 1301 2480 small-vehicle 0.1025
640 875 646 858 694 878 688 894 small-vehicle 0.1025
1179 165 1190 147 1251 182 1240 200 small-vehicle 0.1021
1296 2390 1323 2406 1276 2489 1249 2473 small-vehicle 0.1019
1671 2359 1694 2375 1643 2448 1620 2432 small-vehicle 0.1018
1602 3000 1628 3013 1586 3095 1561 3082 small-vehicle 0.1018
1358 457 1368 436 1416 457 1407 478 small-vehicle 0.1013
280 1477 288 1462 322 1481 314 1495 small-vehicle 0.1012
405 775 425 769 439 814 419 820 small-vehicle 0.1011
1326 3106 1339 3084 1405 3124 1392 3146 small-vehicle 0.1007
786 927 803 921 819 961 802 968 small-vehicle 0.1006
2211 3056 2235 3071 2186 3150 2162 3136 small-vehicle 0.1005
2225 2674 2249 2688 2199 2772 2175 2758 large-vehicle 0.2739
1595 1411 1610 1393 1695 1464 1680 1481 large-vehicle 0.2533
2211 3056 2235 3071 2186 3150 2162 3136 large-vehicle 0.2507
787 2674 811 2687 765 2773 741 2759 large-vehicle 0.2457
1503 2945 1527 2959 1474 3051 1450 3036 large-vehicle 0.2451
1134 2597 1149 2575 1239 2635 1224 2657 large-vehicle 0.2442
823 2697 846 2711 796 2794 773 2780 large-vehicle 0.2426
1419 2899 1444 2912 1396 3001 1371 2988 large-vehicle 0.2418
1019 2673 1043 2687 990 2776 966 2761 large-vehicle 0.2383
1095 2393 1120 2407 1073 2496 1048 2483 large-vehicle 0.2360
739 2649 763 2662 717 2745 693 2731 large-vehicle 0.2274
1099 2721 1124 2735 1075 2821 1050 2807 large-vehicle 0.2271
700 2391 711 2366 820 2410 810 2435 large-vehicle 0.2259
795 2545 820 2558 774 2643 749 2630 large-vehicle 0.2254
1571 2567 1596 2580 1551 2666 1526 2653 large-vehicle 0.2198
870 2722 894 2736 842 2824 819 2811 large-vehicle 0.2197
701 2502 725 2518 669 2599 646 2583 large-vehicle 0.2181
2103 2598 2127 2612 2079 2697 2055 2684 large-vehicle 0.2105
2337 2997 2362 3010 2314 3100 2290 3087 large-vehicle 0.2090
975 2647 999 2662 944 2748 921 2733 large-vehicle 0.2065
1233 2010 1257 2018 1224 2115 1200 2107 large-vehicle 0.2063
2213 2918 2240 2933 2189 3027 2162 3013 large-vehicle 0.2059
918 2751 940 2764 892 2846 869 2833 large-vehicle 0.2030
1854 2855 1878 2869 1829 2950 1805 2936 large-vehicle 0.2027
2358 2614 2385 2627 2339 2728 2311 2716 large-vehicle 0.2014
2161 2496 2185 2511 2133 2594 2109 2579 large-vehicle 0.1977
1325 2849 1348 2864 1297 2946 1274 2932 large-vehicle 0.1967
2308 2589 2333 2603 2284 2695 2259 2681 large-vehicle 0.1935
1894 2878 1919 2890 1878 2976 1853 2964 large-vehicle 0.1924
2272 2957 2297 2969 2254 3054 2229 3042 large-vehicle 0.1908
1602 3000 1628 3013 1586 3095 1561 3082 large-vehicle 0.1906
1951 2526 1975 2538 1935 2614 1912 2602 large-vehicle 0.1900
2258 2539 2283 2555 2225 2650 2199 2634 large-vehicle 0.1896
991 2858 1004 2838 1078 2884 1065 2904 large-vehicle 0.1881
1454 2919 1478 2933 1423 3026 1400 3012 large-vehicle 0.1861
2111 2470 2135 2484 2084 2572 2060 2558 large-vehicle 0.1856
1270 2373 1297 2387 1255 2469 1228 2455 large-vehicle 0.1840
2062 2845 2086 2860 2035 2942 2010 2927 large-vehicle 0.1826
2157 3029 2181 3042 2133 3125 2109 3111 large-vehicle 0.1817
851 2550 876 2563 825 2652 801 2638 large-vehicle 0.1806
1699 3050 1723 3064 1674 3148 1650 3134 large-vehicle 0.1805
1993 2551 2017 2564 1976 2641 1952 2629 large-vehicle 0.1796
1796 2430 1820 2447 1767 2525 1743 2509 large-vehicle 0.1784
1053 2692 1077 2708 1022 2793 998 2778 large-vehicle 0.1774
989 1968 1013 1978 975 2073 951 2064 large-vehicle 0.1773
2069 501 2084 483 2160 542 2145 560 large-vehicle 0.1762
1226 2347 1251 2361 1207 2441 1182 2427 large-vehicle 0.1762
1771 2672 1797 2686 1750 2776 1724 2763 large-vehicle 0.1761
1430 2215 1454 2229 1403 2315 1380 2301 large-vehicle 0.1760
2307 2722 2333 2736 2288 2821 2262 2807 large-vehicle 0.1755
530 881 544 865 619 927 605 943 large-vehicle 0.1752
2298 2976 2324 2988 2281 3072 2256 3060 large-vehicle 0.1752
1499 2246 1522 2259 1479 2340 1456 2328 large-vehicle 0.1749
1196 2452 1220 2467 1173 2546 1148 2531 large-vehicle 0.1732
1631 2595 1655 2611 1602 2696 1577 2680 large-vehicle 0.1688
1877 2480 1901 2493 1861 2570 1836 2557 large-vehicle 0.1686
1240 2475 1266 2489 1224 2571 1197 2558 large-vehicle 0.1684
2227 3076 2251 3089 2208 3164 2184 3151 large-vehicle 0.1678
1897 2750 1920 2764 1877 2836 1854 2822 large-vehicle 0.1677
1799 2824 1824 2839 1776 2923 1750 2909 large-vehicle 0.1672
1701 2778 1723 2791 1678 2869 1655 2855 large-vehicle 0.1661
995 2332 1021 2345 969 2447 943 2434 large-vehicle 0.1654
1621 2726 1645 2740 1598 2820 1574 2806 large-vehicle 0.1641
931 1946 958 1952 935 2053 907 2047 large-vehicle 0.1638
1209 2778 1236 2790 1197 2881 1170 2869 large-vehicle 0.1631
2130 2871 2155 2887 2100 2977 2074 2961 large-vehicle 0.1618
1151 2757 1174 2771 1128 2845 1105 2831 large-vehicle 0.1612
2255 3083 2280 3097 2238 3174 2213 3161 large-vehicle 0.1607
1165 2772 1191 2785 1151 2861 1126 2848 large-vehicle 0.1606
1296 2390 1323 2406 1276 2489 1249 2473 large-vehicle 0.1598
2035 2956 2059 2971 2010 3050 1986 3035 large-vehicle 0.1585
2121 3004 2147 3018 2101 3102 2075 3088 large-vehicle 0.1579
888 2296 909 2306 874 2383 852 2373 large-vehicle 0.1563
1952 2775 1978 2792 1925 2874 1899 2857 large-vehicle 0.1559
1502 2660 1522 2673 1474 2746 1454 2733 large-vehicle 0.1554
2030 2822 2054 2837 1999 2923 1975 2907 large-vehicle 0.1550
2075 2446 2101 2461 2050 2549 2024 2534 large-vehicle 0.1545
587 2881 612 2894 570 2977 545 2965 large-vehicle 0.1543
1144 2299 1170 2313 1125 2394 1099 2380 large-vehicle 0.1540
2202 2658 2228 2673 2184 2750 2158 2735 large-vehicle 0.1538
1393 2883 1419 2898 1373 2979 1347 2965 large-vehicle 0.1538
1351 2871 1377 2886 1329 2966 1304 2951 large-vehicle 0.1537
1667 2368 1690 2381 1650 2455 1628 2443 large-vehicle 0.1535
949 2623 973 2639 919 2722 894 2706 large-vehicle 0.1535
484 2800 512 2810 476 2905 448 2894 large-vehicle 0.1529
1810 2693 1834 2708 1782 2795 1757 2780 large-vehicle 0.1527
1895 2495 1920 2507 1882 2587 1857 2575 large-vehicle 0.1518
1247 2979 1265 2956 1340 3015 1322 3038 large-vehicle 0.1511
2029 2577 2052 2590 2012 2663 1989 2650 large-vehicle 0.1501
1654 2751 1676 2764 1632 2840 1609 2827 large-vehicle 0.1489
1143 2421 1169 2435 1121 2519 1095 2505 large-vehicle 0.1479
2304 3106 2329 3120 2284 3202 2258 3189 large-vehicle 0.1473
1729 420 1746 400 1813 456 1797 476 large-vehicle 0.1454
1621 414 1633 395 1702 435 1691 454 large-vehicle 0.1439
637 2596 661 2610 614 2688 590 2673 large-vehicle 0.1438
562 2874 586 2886 545 2969 521 2957 large-vehicle 0.1436
760 2529 786 2543 742 2622 717 2607 large-vehicle 0.1435
2166 2893 2192 2909 2134 3000 2108 2984 large-vehicle 0.1428
1565 2978 1590 2992 1549 3070 1524 3056 large-vehicle 0.1426
960 1961 984 1968 953 2067 928 2059 large-vehicle 0.1420
2183 3050 2206 3065 2157 3142 2134 3127 large-vehicle 0.1419
1169 2316 1196 2331 1152 2413 1124 2398 large-vehicle 0.1411
1734 3077 1757 3091 1707 3172 1684 3158 large-vehicle 0.1404
2231 2523 2257 2539 2202 2627 2176 2611 large-vehicle 0.1393
1270 2496 1296 2510 1253 2592 1227 2578 large-vehicle 0.1387
456 2798 480 2810 437 2892 413 2880 large-vehicle 0.1385
1925 2900 1948 2912 1907 2993 1884 2981 large-vehicle 0.1378
2277 3103 2300 3116 2258 3191 2234 3177 large-vehicle 0.1375
1307 2190 1330 2202 1300 2260 1276 2248 large-vehicle 0.1375
1242 2799 1267 2813 1220 2897 1195 2883 large-vehicle 0.1372
1326 2520 1350 2533 1302 2619 1279 2606 large-vehicle 0.1356
2361 3019 2385 3033 2333 3118 2309 3104 large-vehicle 0.1350
2379 2749 2403 2762 2352 2856 2328 2843 large-vehicle 0.1337
1373 2551 1394 2564 1348 2639 1327 2627 large-vehicle 0.1337
1985 2797 2010 2813 1952 2897 1927 2881 large-vehicle 0.1336
1482 323 1477 298 1548 284 1553 308 large-vehicle 0.1329
1672 3034 1697 3049 1646 3128 1622 3112 large-vehicle 0.1322
1677 2624 1700 2640 1653 2711 1629 2695 large-vehicle 0.1320
1843 2472 1869 2484 1834 2560 1808 2548 large-vehicle 0.1320
2335 3125 2357 3139 2308 3218 2285 3204 large-vehicle 0.1316
1226 2134 1249 2146 1214 2213 1191 2202 large-vehicle 0.1312
1796 3106 1821 3118 1776 3206 1752 3193 large-vehicle 0.1308
1874 2733 1898 2748 1857 2815 1833 2801 large-vehicle 0.1305
1536 2276 1559 2288 1520 2365 1497 2353 large-vehicle 0.1302
1825 2452 1849 2466 1807 2542 1783 2528 large-vehicle 0.1300
2136 2491 2159 2506 2106 2587 2083 2572 large-vehicle 0.1294
1749 2801 1773 2815 1725 2898 1701 2884 large-vehicle 0.1293
1049 2940 1061 2915 1160 2960 1148 2986 large-vehicle 0.1291
642 2467 666 2480 616 2570 592 2556 large-vehicle 0.1290
2312 1223 2330 1236 2288 1297 2270 1284 large-vehicle 0.1286
2332 2614 2359 2627 2314 2719 2287 2706 large-vehicle 0.1281
1519 2675 1540 2688 1493 2763 1472 2749 large-vehicle 0.1281
1873 2871 1898 2884 1854 2968 1829 2955 large-vehicle 0.1281
663 1763 687 1759 701 1855 677 1858 large-vehicle 0.1275
2051 2976 2074 2990 2029 3065 2006 3051 large-vehicle 0.1273
2290 2573 2315 2588 2261 2674 2237 2659 large-vehicle 0.1255
847 2715 871 2729 820 2817 796 2803 large-vehicle 0.1249
2146 2630 2171 2644 2131 2714 2107 2700 large-vehicle 0.1248
693 2624 719 2639 674 2719 648 2705 large-vehicle 0.1246
300 2232 311 2210 392 2250 381 2273 large-vehicle 0.1234
870 2281 892 2292 857 2364 836 2353 large-vehicle 0.1232
2183 2516 2207 2531 2158 2609 2134 2594 large-vehicle 0.1228
1921 2503 1946 2516 1905 2594 1880 2582 large-vehicle 0.1222
1278 2823 1302 2838 1252 2919 1228 2904 large-vehicle 0.1220
1702 1360 1712 1342 1781 1379 1770 1397 large-vehicle 0.1219
1870 2346 1895 2359 1849 2442 1825 2429 large-vehicle 0.1212
767 2655 793 2670 743 2757 717 2742 large-vehicle 0.1205
1600 2706 1625 2721 1573 2802 1548 2786 large-vehicle 0.1201
1069 2377 1094 2393 1043 2473 1018 2458 large-vehicle 0.1199
998 3168 1008 3144 1104 3181 1095 3206 large-vehicle 0.1196
1672 2246 1695 2257 1655 2340 1632 2328 large-vehicle 0.1192
365 2762 385 2773 342 2849 322 2837 large-vehicle 0.1191
2403 2772 2426 2784 2382 2871 2358 2859 large-vehicle 0.1189
876 1084 895 1070 947 1137 929 1151 large-vehicle 0.1186
1973 2543 1997 2556 1955 2632 1931 2619 large-vehicle 0.1182
2310 2328 2332 2342 2284 2417 2262 2402 large-vehicle 0.1180
1018 2345 1042 2359 991 2451 966 2437 large-vehicle 0.1171
2176 2651 2201 2666 2158 2734 2134 2719 large-vehicle 0.1163
2189 2917 2215 2934 2159 3020 2133 3004 large-vehicle 0.1148
2272 2701 2297 2717 2250 2796 2225 2781 large-vehicle 0.1148
969 2321 994 2334 946 2423 921 2410 large-vehicle 0.1147
976 503 985 483 1043 508 1034 528 large-vehicle 0.1143
1728 2271 1752 2284 1711 2364 1687 2352 large-vehicle 0.1126
580 2582 602 2595 564 2664 541 2652 large-vehicle 0.1123
2247 2682 2273 2698 2224 2778 2199 2762 large-vehicle 0.1120
662 2601 689 2616 641 2696 615 2681 large-vehicle 0.1116
2052 2428 2078 2445 2030 2521 2004 2504 large-vehicle 0.1107
1479 2939 1505 2954 1449 3048 1423 3033 large-vehicle 0.1107
943 707 932 688 990 654 1001 673 large-vehicle 0.1106
1124 2747 1149 2761 1104 2840 1079 2826 large-vehicle 0.1099
2330 2347 2351 2360 2305 2434 2283 2421 large-vehicle 0.1096
1427 2114 1454 2128 1413 2208 1385 2194 large-vehicle 0.1096
1041 2365 1067 2378 1020 2470 994 2457 large-vehicle 0.1094
1889 1466 1906 1451 1945 1496 1928 1511 large-vehicle 0.1092
870 1973 895 1977 885 2043 860 2039 large-vehicle 0.1086
832 1785 855 1783 865 1884 842 1886 large-vehicle 0.1082
1552 2557 1576 2569 1535 2648 1511 2636 large-vehicle 0.1081
2358 2731 2386 2746 2333 2840 2305 2825 large-vehicle 0.1081
778 1076 797 1066 836 1137 817 1148 large-vehicle 0.1081
1533 2971 1556 2986 1507 3062 1484 3048 large-vehicle 0.1060
1980 2928 2004 2942 1958 3020 1934 3007 large-vehicle 0.1053
463 804 472 787 534 823 525 839 large-vehicle 0.1050
1720 2648 1746 2662 1701 2744 1676 2730 large-vehicle 0.1037
1686 2373 1710 2385 1672 2465 1649 2454 large-vehicle 0.1031
332 2764 354 2773 320 2849 298 2839 large-vehicle 0.1022
2381 3139 2403 3155 2352 3225 2331 3209 large-vehicle 0.1022
479 2785 504 2773 534 2838 510 2850 large-vehicle 0.1021
1076 2711 1101 2726 1049 2816 1024 2801 large-vehicle 0.1020
618 2452 640 2466 590 2543 568 2529 large-vehicle 0.1019
130 2952 148 2963 100 3041 82 3030 large-vehicle 0.1019
1843 2709 1868 2725 1824 2793 1800 2778 large-vehicle 0.1018
1953 2381 1980 2394 1943 2470 1915 2457 large-vehicle 0.1017
797 3145 812 3127 872 3179 857 3196 large-vehicle 0.1014
2076 2982 2100 2996 2054 3076 2030 3061 large-vehicle 0.1013
2073 2584 2097 2599 2051 2674 2027 2659 large-vehicle 0.1011
1626 3024 1650 3039 1605 3111 1581 3096 large-vehicle 0.1010
1113 2049 1135 2060 1098 2137 1076 2127 large-vehicle 0.1009
540 2857 564 2870 523 2948 498 2934 large-vehicle 0.1005
2067 1550 2077 1533 2119 1560 2109 1576 ship 0.2422
2113 1572 2124 1554 2185 1594 2174 1611 ship 0.2194
1978 611 1996 620 1970 671 1952 661 ship 0.1410
