1472 3589 1492 3566 1573 3638 1553 3661 bridge 0.1050
3287 2161 3317 2181 3257 2273 3227 2253 small-vehicle 0.1331
1604 2625 1628 2607 1679 2675 1655 2693 small-vehicle 0.1316
3325 1158 3353 1178 3297 1255 3269 1235 small-vehicle 0.1274
3310 926 3342 953 3219 1097 3188 1071 small-vehicle 0.1210
2569 3516 2592 3496 2669 3580 2647 3601 small-vehicle 0.1194
2114 4465 2135 4449 2193 4527 2172 4542 small-vehicle 0.1181
3158 1547 3183 1568 3112 1652 3087 1631 small-vehicle 0.1151
1928 2874 1948 2859 1994 2922 1974 2937 small-vehicle 0.1143
3341 109 3366 118 3343 184 3317 175 small-vehicle 0.1136
961 1871 984 1860 1018 1927 995 1939 small-vehicle 0.1133
662 1709 687 1694 727 1759 702 1774 small-vehicle 0.1124
1446 2441 1467 2427 1519 2499 1498 2514 small-vehicle 0.1119
3202 3957 3231 3958 3230 4045 3201 4045 small-vehicle 0.1106
121 1026 134 1006 194 1041 182 1062 small-vehicle 0.1100
3340 1023 3369 1046 3286 1149 3256 1126 small-vehicle 0.1096
2373 3412 2380 3385 2450 3403 2443 3430 small-vehicle 0.1095
2272 3184 2285 3164 2331 3196 2317 3216 small-vehicle 0.1089
2434 2353 2455 2370 2397 2444 2375 2426 small-vehicle 0.1089
410 3772 425 3750 491 3796 476 3818 small-vehicle 0.1063
2244 3149 2259 3131 2302 3165 2287 3183 small-vehicle 0.1059
2725 914 2758 931 2693 1052 2661 1034 small-vehicle 0.1045
777 1949 800 1926 868 1997 845 2019 small-vehicle 0.1042
154 1067 159 1048 201 1058 196 1078 small-vehicle 0.1035
1211 3113 1246 3107 1263 3216 1228 3221 small-vehicle 0.1035
2055 2986 2074 2973 2106 3020 2087 3033 small-vehicle 0.1024
3293 2198 3326 2211 3290 2299 3258 2286 small-vehicle 0.1018
1821 2787 1836 2769 1883 2807 1868 2826 small-vehicle 0.1018
1077 1386 1092 1368 1136 1405 1121 1423 small-vehicle 0.1016
2422 761 2432 736 2491 758 2482 784 small-vehicle 0.1011
3092 2567 3118 2590 3008 2716 2982 2693 large-vehicle 0.2764
3310 926 3342 953 3219 1097 3188 1071 large-vehicle 0.2510
3210 2790 3249 2816 3102 3034 3063 3007 large-vehicle 0.2405
3044 1689 3069 1712 2973 1813 2949 1790 large-vehicle 0.2386
3162 2769 3201 2795 3070 2985 3031 2958 large-vehicle 0.2333
3095 1233 3124 1262 2981 1409 2952 1381 large-vehicle 0.2307
3052 1195 3082 1224 2952 1359 2922 1330 large-vehicle 0.2294
2335 1432 2312 1408 2461 1268 2483 1292 large-vehicle 0.2227
3179 2521 3207 2545 3075 2705 3047 2682 large-vehicle 0.2222
2171 2258 2155 2241 2252 2152 2267 2168 large-vehicle 0.2208
3189 2895 3221 2919 3085 3105 3053 3082 large-vehicle 0.2198
2417 1955 2437 1974 2309 2108 2289 2088 large-vehicle 0.2111
3196 1450 3220 1473 3133 1567 3108 1544 large-vehicle 0.2104
2737 1583 2765 1607 2654 1737 2626 1713 large-vehicle 0.2069
2488 1256 2468 1233 2604 1117 2624 1140 large-vehicle 0.2051
2896 1082 2933 1110 2761 1330 2724 1301 large-vehicle 0.2048
3158 1547 3183 1568 3112 1652 3087 1631 large-vehicle 0.1996
3276 741 3318 755 3230 1017 3188 1003 large-vehicle 0.1948
3070 1992 3049 1970 3228 1799 3249 1821 large-vehicle 0.1886
3216 2094 3199 2073 3304 1990 3321 2012 large-vehicle 0.1885
3129 622 3107 598 3254 465 3276 489 large-vehicle 0.1876
3263 2850 3298 2876 3127 3107 3092 3081 large-vehicle 0.1876
3157 2563 3132 2537 3220 2450 3246 2476 large-vehicle 0.1872
2852 2810 2876 2831 2797 2921 2774 2901 large-vehicle 0.1855
3296 671 3325 690 3211 868 3182 849 large-vehicle 0.1841
2567 1326 2595 1354 2444 1506 2416 1478 large-vehicle 0.1813
2960 1406 2984 1427 2859 1564 2835 1542 large-vehicle 0.1747
3048 2550 3075 2572 2991 2677 2963 2655 large-vehicle 0.1729
2446 1991 2425 1965 2559 1856 2580 1881 large-vehicle 0.1709
3340 1023 3369 1046 3286 1149 3256 1126 large-vehicle 0.1706
3152 829 3179 856 3064 970 3038 944 large-vehicle 0.1691
3082 2780 3117 2805 2972 3002 2937 2976 large-vehicle 0.1687
3140 362 3173 389 2984 623 2951 596 large-vehicle 0.1684
3053 2745 3088 2772 2930 2969 2896 2942 large-vehicle 0.1683
2817 987 2854 1020 2646 1258 2609 1225 large-vehicle 0.1680
343 1336 369 1316 454 1429 427 1449 large-vehicle 0.1676
2945 1149 2983 1180 2777 1430 2739 1399 large-vehicle 0.1668
3100 1918 3079 1896 3260 1727 3281 1749 large-vehicle 0.1667
3283 884 3318 908 3201 1080 3166 1056 large-vehicle 0.1639
2862 1789 2888 1811 2820 1892 2794 1871 large-vehicle 0.1633
2141 2345 2122 2324 2223 2235 2241 2256 large-vehicle 0.1623
2580 1501 2611 1526 2526 1630 2495 1605 large-vehicle 0.1592
2742 953 2784 980 2630 1224 2588 1197 large-vehicle 0.1592
2669 1189 2696 1214 2589 1329 2562 1305 large-vehicle 0.1592
2569 3516 2592 3496 2669 3580 2647 3601 large-vehicle 0.1552
2637 940 2666 964 2572 1074 2544 1049 large-vehicle 0.1539
2942 1822 2965 1844 2878 1933 2856 1911 large-vehicle 0.1535
2896 1510 2919 1532 2766 1693 2742 1670 large-vehicle 0.1529
2503 1817 2528 1839 2417 1964 2392 1941 large-vehicle 0.1523
2702 952 2738 978 2596 1175 2559 1148 large-vehicle 0.1523
2234 3795 2252 3770 2343 3838 2325 3862 large-vehicle 0.1501
3120 3062 3141 3081 3074 3156 3053 3137 large-vehicle 0.1500
2956 3058 2932 3033 3021 2949 3045 2974 large-vehicle 0.1456
3178 2411 3203 2435 3122 2518 3098 2493 large-vehicle 0.1454
1783 2415 1761 2390 1863 2301 1885 2326 large-vehicle 0.1441
2806 1249 2840 1277 2649 1509 2615 1482 large-vehicle 0.1437
3146 455 3177 485 2943 726 2912 696 large-vehicle 0.1405
2812 1105 2844 1133 2671 1338 2638 1310 large-vehicle 0.1403
2764 3247 2741 3219 2840 3136 2864 3165 large-vehicle 0.1393
3011 1171 3042 1199 2926 1327 2896 1299 large-vehicle 0.1376
3287 2161 3317 2181 3257 2273 3227 2253 large-vehicle 0.1357
2817 4625 2799 4605 2886 4528 2904 4548 large-vehicle 0.1353
3301 1953 3320 1971 3248 2049 3229 2031 large-vehicle 0.1318
859 4252 877 4234 947 4304 930 4322 large-vehicle 0.1300
2949 2737 2973 2755 2887 2868 2863 2849 large-vehicle 0.1296
3304 1005 3336 1028 3235 1167 3203 1144 large-vehicle 0.1285
258 4376 281 4394 215 4480 192 4462 large-vehicle 0.1277
2286 3980 2308 3999 2225 4093 2203 4073 large-vehicle 0.1276
3325 1158 3353 1178 3297 1255 3269 1235 large-vehicle 0.1271
2921 3204 2951 3225 2874 3334 2844 3313 large-vehicle 0.1267
2342 2058 2363 2070 2290 2203 2268 2191 large-vehicle 0.1264
2161 2296 2144 2279 2244 2187 2260 2204 large-vehicle 0.1260
3121 908 3147 933 3048 1034 3023 1009 large-vehicle 0.1259
3044 3907 3070 3929 2995 4016 2969 3993 large-vehicle 0.1231
419 3779 432 3757 506 3798 493 3820 large-vehicle 0.1229
3215 842 3247 866 3126 1033 3093 1009 large-vehicle 0.1221
1163 4252 1184 4235 1236 4298 1216 4315 large-vehicle 0.1211
2995 2734 3024 2758 2893 2916 2864 2893 large-vehicle 0.1200
2859 2840 2882 2859 2817 2938 2794 2919 large-vehicle 0.1199
1291 2029 1314 2030 1309 2106 1286 2105 large-vehicle 0.1198
3203 2056 3224 2076 3144 2163 3122 2143 large-vehicle 0.1196
1516 2030 1537 2047 1473 2124 1453 2107 large-vehicle 0.1194
3206 1777 3185 1755 3304 1644 3325 1666 large-vehicle 0.1193
2700 3031 2724 3051 2655 3136 2631 3116 large-vehicle 0.1170
2840 1379 2876 1405 2681 1677 2646 1651 large-vehicle 0.1169
2508 3028 2487 3005 2571 2928 2592 2951 large-vehicle 0.1161
1239 1809 1258 1785 1333 1846 1314 1870 large-vehicle 0.1144
2890 1420 2918 1443 2769 1628 2740 1605 large-vehicle 0.1137
1901 1284 1923 1301 1853 1387 1832 1369 large-vehicle 0.1135
452 790 478 768 560 864 533 887 large-vehicle 0.1107
3206 924 3236 946 3130 1089 3100 1067 large-vehicle 0.1101
371 2300 399 2313 350 2416 322 2402 large-vehicle 0.1085
1446 2441 1467 2427 1519 2499 1498 2514 large-vehicle 0.1077
1114 4202 1132 4186 1184 4244 1167 4260 large-vehicle 0.1076
3083 1977 3103 1993 3048 2068 3028 2053 large-vehicle 0.1074
3149 478 3181 499 3011 753 2980 732 large-vehicle 0.1072
549 2080 564 2051 644 2092 629 2122 large-vehicle 0.1043
2198 3598 2216 3606 2193 3661 2175 3653 large-vehicle 0.1040
2259 3771 2275 3747 2360 3806 2344 3830 large-vehicle 0.1038
2620 3108 2598 3082 2689 3008 2710 3034 large-vehicle 0.1034
1990 4209 2013 4204 2028 4277 2005 4282 large-vehicle 0.1000
452 790 478 768 560 864 533 887 ship 0.2400
2286 3980 2308 3999 2225 4093 2203 4073 ship 0.1878
3140 362 3173 389 2984 623 2951 596 ship 0.1573
2616 643 2636 625 2680 674 2660 692 ship 0.1453
230 154 232 128 297 131 296 157 ship 0.1318
3171 580 3150 556 3266 457 3287 481 ship 0.1318
1925 1962 1945 1965 1937 2024 1917 2021 ship 0.1280
2376 2072 2355 2050 2494 1920 2515 1943 ship 0.1280
2417 1955 2437 1974 2309 2108 2289 2088 ship 0.1273
343 1336 369 1316 454 1429 427 1449 ship 0.1242
2331 2035 2309 2013 2446 1879 2468 1902 ship 0.1180
3174 378 3200 401 3117 493 3091 469 ship 0.1146
2852 2810 2876 2831 2797 2921 2774 2901 ship 0.1063
1163 4252 1184 4235 1236 4298 1216 4315 ship 0.1059
2171 2258 2155 2241 2252 2152 2267 2168 ship 0.1043
1062 744 1077 722 1127 756 1112 778 ship 0.1001
