1307 1732 1339 1684 1449 1757 1416 1805 small-vehicle 0.1771
3086 2719 3118 2738 3078 2806 3046 2787 small-vehicle 0.1761
500 753 505 721 636 742 631 774 small-vehicle 0.1169
2617 2718 2655 2740 2616 2806 2579 2784 small-vehicle 0.1160
288 700 324 730 217 860 181 830 large-vehicle 0.2096
500 753 505 721 636 742 631 774 large-vehicle 0.1906
2252 2441 2222 2411 2338 2298 2368 2329 large-vehicle 0.1330
2770 2338 2821 2373 2704 2543 2653 2507 large-vehicle 0.1204
2141 2325 2164 2337 2124 2413 2101 2400 large-vehicle 0.1154
2793 2503 2826 2524 2747 2649 2714 2628 large-vehicle 0.1142
2751 2478 2783 2501 2695 2621 2663 2598 large-vehicle 0.1054
2500 2412 2478 2382 2593 2297 2615 2327 large-vehicle 0.1029
127 961 179 902 355 1059 302 1118 ship 0.2297
1264 1774 1301 1730 1406 1820 1369 1863 ship 0.2279
2656 2425 2690 2455 2533 2629 2500 2599 ship 0.1754
2795 2504 2827 2526 2744 2653 2711 2631 ship 0.1721
460 910 488 922 425 1067 397 1055 ship 0.1630
290 694 333 730 214 876 171 841 ship 0.1619
1342 1888 1385 1830 1582 1976 1539 2033 ship 0.1591
182 906 233 851 410 1015 359 1070 ship 0.1532
2600 2416 2575 2369 2758 2272 2783 2319 ship 0.1476
957 1492 998 1447 1140 1577 1099 1622 ship 0.1462
1249 1990 1273 1952 1401 2034 1377 2072 ship 0.1456
476 1074 495 1041 679 1150 660 1183 ship 0.1364
2555 2362 2606 2373 2564 2571 2513 2561 ship 0.1323
1832 2285 1872 2237 2018 2360 1977 2408 ship 0.1311
1307 1732 1339 1684 1449 1757 1416 1805 ship 0.1306
2252 2441 2222 2411 2338 2298 2368 2329 ship 0.1290
492 1007 522 961 685 1066 655 1112 ship 0.1241
2770 2338 2821 2373 2704 2543 2653 2507 ship 0.1212
999 1421 1047 1365 1176 1474 1128 1530 ship 0.1212
1079 1580 1127 1526 1317 1696 1269 1751 ship 0.1190
2751 2478 2783 2501 2695 2621 2663 2598 ship 0.1180
1274 1929 1296 1896 1428 1986 1406 2019 ship 0.1056
1884 2206 1931 2157 2111 2329 2064 2378 ship 0.1048
1402 423 1492 417 1498 514 1408 520 storage-tank 0.7958
1318 330 1413 328 1415 429 1321 431 storage-tank 0.7316
1258 248 1328 247 1329 320 1259 321 storage-tank 0.5261
1346 172 1413 174 1411 245 1344 243 storage-tank 0.3951
1514 371 1565 348 1592 407 1541 430 storage-tank 0.1880
1827 40 1871 24 1891 80 1846 96 storage-tank 0.1539
2617 2718 2655 2740 2616 2806 2579 2784 storage-tank 0.1342
