385 533 434 532 435 584 386 585 baseball-diamond 0.1355
386 461 436 460 437 513 386 513 baseball-diamond 0.1278
313 532 363 532 363 584 313 584 baseball-diamond 0.1132
12 351 10 344 49 333 51 340 bridge 0.1307
196 295 441 231 531 574 287 638 ground-track-field 0.1355
495 438 499 436 506 446 502 448 large-vehicle 0.1157
143 260 158 259 164 301 149 302 large-vehicle 0.1077
524 464 525 436 634 442 632 470 large-vehicle 0.1006
86 670 110 668 119 771 95 773 ship 0.5008
318 300 353 297 356 333 322 336 ship 0.1969
371 361 405 361 405 397 371 397 ship 0.1783
370 301 404 298 407 335 373 337 ship 0.1771
421 365 455 364 456 400 422 401 ship 0.1755
319 361 353 360 355 395 321 397 ship 0.1746
422 301 457 300 457 337 422 338 ship 0.1526
385 533 434 532 435 584 387 585 ship 0.1462
317 457 367 459 365 512 315 510 ship 0.1443
313 532 363 532 363 584 313 584 ship 0.1385
386 461 436 460 437 513 386 513 ship 0.1337
268 361 303 361 303 396 269 397 ship 0.1335
267 299 303 297 304 334 269 336 ship 0.1137
454 708 480 708 481 735 455 736 ship 0.1083
371 362 405 361 406 397 371 398 storage-tank 0.9641
319 361 353 360 355 395 321 397 storage-tank 0.9554
421 365 455 364 456 400 422 401 storage-tank 0.9524
319 300 353 298 355 333 322 335 storage-tank 0.9468
371 301 404 299 407 335 373 337 storage-tank 0.9386
268 362 303 361 304 397 269 398 storage-tank 0.9385
422 301 457 301 457 338 422 338 storage-tank 0.9368
383 535 432 531 437 582 388 587 storage-tank 0.9139
267 299 303 297 305 334 270 337 storage-tank 0.8837
313 532 363 532 363 584 313 584 storage-tank 0.8721
315 459 365 458 367 511 316 512 storage-tank 0.8684
385 462 435 459 438 512 388 515 storage-tank 0.8414
455 677 481 675 482 704 456 705 storage-tank 0.8071
454 708 480 708 481 735 455 736 storage-tank 0.7938
275 458 297 458 297 480 275 481 storage-tank 0.7642
275 490 296 490 296 512 275 512 storage-tank 0.7384
421 365 455 365 456 400 422 400 roundabout 0.1100
320 361 354 360 354 395 321 395 roundabout 0.1020
86 670 110 668 119 771 95 773 harbor 0.1944
