4687 1210 4641 1071 4837 1006 4884 1145 plane 0.1865
4011 3504 4256 3482 4331 4328 4086 4350 bridge 0.1479
1911 2898 1896 2814 2266 2747 2281 2831 bridge 0.1292
1252 2977 1266 2879 1622 2929 1608 3028 ship 0.5930
1876 2901 1859 2811 2238 2742 2255 2832 ship 0.5237
2527 3357 2495 3268 2808 3155 2840 3245 ship 0.5158
217 4868 268 4834 389 5014 338 5048 ship 0.4400
6735 1775 6703 1705 6986 1576 7018 1645 ship 0.3859
1964 3999 2015 4035 1858 4261 1807 4225 ship 0.3777
2528 3619 2585 3654 2441 3885 2384 3850 ship 0.3416
765 1331 768 1271 1052 1285 1049 1345 ship 0.3305
6694 333 6675 268 7007 168 7026 233 ship 0.3282
7214 1694 7188 1634 7479 1511 7504 1572 ship 0.3220
7294 1802 7268 1743 7527 1630 7553 1688 ship 0.3161
1396 4459 1473 4411 1659 4709 1583 4756 ship 0.3135
7099 1487 7076 1419 7361 1324 7383 1392 ship 0.3102
7143 1565 7118 1492 7418 1390 7443 1463 ship 0.3030
678 1170 723 1176 703 1315 658 1309 ship 0.2359
628 1162 674 1170 652 1311 606 1304 ship 0.2343
7163 1625 7139 1556 7420 1456 7445 1524 ship 0.2308
2996 1351 2985 1290 3311 1235 3321 1296 ship 0.2290
7241 1763 7213 1704 7489 1572 7517 1630 ship 0.2209
1477 1348 1486 1299 1718 1341 1709 1390 ship 0.2191
2519 1399 2510 1338 2804 1294 2813 1354 ship 0.1921
6897 319 6901 261 7083 274 7079 332 ship 0.1777
2047 1358 2056 1308 2279 1348 2270 1398 ship 0.1765
6254 359 6226 34 7087 -39 7115 285 ship 0.1739
5031 1454 5016 1402 5133 1369 5147 1420 ship 0.1640
1056 1313 1069 1276 1173 1312 1160 1349 ship 0.1596
520 1224 563 1212 596 1330 553 1342 ship 0.1550
6686 215 6661 143 6909 57 6934 130 ship 0.1475
518 1082 567 1078 577 1223 529 1227 ship 0.1466
691 1271 729 1245 797 1345 759 1371 ship 0.1390
4723 3005 4730 2963 4853 2984 4846 3026 ship 0.1309
361 1426 358 1045 3039 1026 3042 1406 ship 0.1267
433 1106 476 1083 545 1212 503 1235 ship 0.1248
661 1034 713 1045 685 1182 633 1171 ship 0.1237
1885 1320 1923 1314 1941 1421 1904 1428 ship 0.1217
616 1003 664 1019 618 1152 570 1135 ship 0.1211
4864 3122 4858 3070 5020 3054 5026 3106 ship 0.1198
1272 966 1214 282 3677 73 3735 756 ship 0.1183
407 1229 437 1195 535 1285 505 1318 ship 0.1183
4730 3054 4755 3020 4863 3103 4838 3136 ship 0.1179
6691 286 6664 220 6937 110 6964 177 ship 0.1100
1835 1231 1871 1226 1886 1327 1850 1333 ship 0.1096
2391 1379 2419 1355 2503 1454 2475 1478 ship 0.1094
-40 388 -47 -26 1684 -51 1690 362 ship 0.1090
4877 3040 4866 2987 5023 2955 5034 3008 ship 0.1082
790 1280 790 1224 1015 1222 1016 1278 ship 0.1056
1955 1336 1972 1297 2145 1372 2128 1411 ship 0.1056
2326 1704 2313 1653 2440 1621 2453 1672 ship 0.1049
4791 3183 4807 3142 4938 3192 4923 3233 ship 0.1048
1942 2824 1918 2747 2233 2649 2257 2726 ship 0.1040
712 1157 749 1123 843 1225 806 1259 ship 0.1008
1909 1320 1941 1304 1994 1406 1962 1422 ship 0.1007
4645 4206 4717 4020 5042 4144 4970 4330 basketball-court 0.1601
4536 3832 4611 3794 4662 3895 4587 3933 storage-tank 0.1194
6435 2562 6599 2529 6632 2694 6468 2727 storage-tank 0.1142
3938 490 4014 499 4004 591 3927 582 storage-tank 0.1096
6322 440 6227 218 6901 -71 6997 150 harbor 0.1753
5195 3080 5249 2977 5410 3062 5356 3165 harbor 0.1508
3594 1545 3823 1502 4179 3410 3951 3452 harbor 0.1472
1911 2898 1896 2814 2266 2747 2281 2831 harbor 0.1436
2527 3357 2495 3268 2808 3155 2840 3245 harbor 0.1258
340 1389 343 1012 2880 1032 2877 1408 harbor 0.1154
2527 3608 2584 3644 2434 3887 2377 3851 harbor 0.1049
1402 4450 1477 4405 1669 4728 1594 4772 harbor 0.1029
4472 576 4440 451 4659 397 4690 522 swimming-pool 0.4197
4711 468 4741 398 4872 454 4843 524 swimming-pool 0.1092
