224 1123 241 1078 463 1166 445 1211 ship 0.4390
1953 2087 1999 2058 2077 2183 2031 2212 ship 0.4289
1810 1821 1839 1758 2044 1852 2016 1915 ship 0.4091
1206 603 1246 510 1529 630 1489 724 ship 0.4005
266 71 284 -10 487 34 469 116 ship 0.3819
3109 2300 3140 2236 3427 2371 3396 2436 ship 0.3410
290 1037 310 996 475 1074 455 1115 ship 0.3397
1058 1051 1089 1000 1302 1130 1271 1181 ship 0.3389
1028 1132 1064 1080 1243 1204 1208 1256 ship 0.3277
1163 708 1210 624 1475 771 1428 855 ship 0.3178
217 450 258 370 581 534 540 614 ship 0.3105
2008 2091 2050 2061 2135 2179 2094 2209 ship 0.3098
2291 2152 2341 2061 2623 2217 2573 2307 ship 0.3087
1336 300 1369 197 1731 313 1698 417 ship 0.2989
2471 1544 2528 1454 2871 1670 2815 1760 ship 0.2937
-77 2373 -40 2286 248 2412 210 2499 ship 0.2698
375 1862 397 1818 601 1921 579 1965 ship 0.2676
3873 849 3917 878 3805 1051 3760 1022 ship 0.2620
1305 382 1354 307 1599 467 1550 543 ship 0.2577
213 1184 233 1145 402 1230 383 1270 ship 0.2564
1144 761 1167 711 1390 813 1367 863 ship 0.2518
1267 476 1295 411 1549 520 1521 585 ship 0.2442
1250 2070 1273 2038 1394 2124 1371 2156 ship 0.2375
1286 2046 1311 2012 1421 2091 1397 2125 ship 0.2368
1324 2007 1353 1977 1447 2070 1418 2099 ship 0.2355
1432 153 1487 87 1738 296 1683 362 ship 0.2217
1064 2007 1101 1965 1239 2083 1203 2125 ship 0.2195
257 1070 275 1027 461 1106 443 1149 ship 0.2042
36 1149 58 1119 158 1194 136 1224 ship 0.1967
3680 571 3644 481 3942 361 3978 452 ship 0.1867
3233 1470 3275 1396 3595 1580 3552 1654 ship 0.1852
205 1216 224 1183 358 1259 339 1292 ship 0.1778
291 1679 318 1643 499 1780 472 1816 ship 0.1684
317 121 333 78 472 131 455 174 ship 0.1634
235 1720 272 1686 392 1818 354 1852 ship 0.1576
3316 372 3349 328 3536 467 3503 512 ship 0.1533
440 1808 469 1769 637 1894 609 1932 ship 0.1486
314 1654 335 1618 525 1735 504 1770 ship 0.1481
366 1628 392 1595 538 1709 512 1742 ship 0.1477
400 1585 428 1554 570 1682 542 1713 ship 0.1449
2036 2328 2025 2301 2096 2274 2107 2301 ship 0.1436
1004 2093 1044 2043 1254 2214 1213 2264 ship 0.1340
304 1828 321 1802 439 1874 423 1900 ship 0.1314
1479 109 1506 65 1749 216 1722 260 ship 0.1246
1226 2086 1248 2059 1373 2160 1351 2187 ship 0.1192
3889 942 3929 949 3913 1047 3873 1040 ship 0.1146
298 1747 320 1711 512 1828 490 1864 ship 0.1114
1190 2316 1204 2282 1284 2317 1270 2350 ship 0.1081
3535 -2 3770 146 3537 515 3302 366 harbor 0.1558
3106 2316 3147 2232 3428 2370 3387 2454 harbor 0.1110
1525 105 1747 228 1400 850 1178 727 harbor 0.1048
3217 1456 3281 1371 3593 1603 3530 1688 harbor 0.1046
