1958 2373 1956 2337 2026 2333 2028 2369 plane 0.1753
1619 1291 1624 1264 1679 1274 1674 1301 plane 0.1731
428 3012 422 2987 491 2969 498 2994 bridge 0.1066
791 2645 791 2616 866 2615 866 2644 small-vehicle 0.1326
680 2373 699 2349 792 2421 773 2445 small-vehicle 0.1136
839 2172 857 2154 916 2210 898 2229 small-vehicle 0.1127
1274 2292 1304 2279 1347 2381 1318 2394 small-vehicle 0.1102
225 2855 242 2843 272 2885 255 2897 small-vehicle 0.1045
1623 1872 1633 1850 1681 1870 1671 1892 small-vehicle 0.1036
443 2178 459 2158 531 2213 516 2234 small-vehicle 0.1035
475 613 498 617 487 680 465 676 small-vehicle 0.1005
1455 2203 1482 2184 1557 2289 1530 2308 large-vehicle 0.1826
1367 2264 1395 2247 1450 2341 1422 2358 large-vehicle 0.1743
1274 2292 1304 2279 1347 2381 1318 2394 large-vehicle 0.1582
680 2373 699 2349 792 2421 773 2445 large-vehicle 0.1455
443 2178 459 2158 531 2213 516 2234 large-vehicle 0.1358
1340 2272 1368 2256 1420 2349 1393 2365 large-vehicle 0.1330
1306 2290 1337 2279 1373 2375 1343 2387 large-vehicle 0.1323
1427 2232 1454 2214 1516 2309 1489 2327 large-vehicle 0.1147
1169 3136 1162 3106 1271 3080 1279 3109 large-vehicle 0.1026
1393 2245 1419 2227 1483 2320 1457 2338 large-vehicle 0.1021
1106 2693 1090 2624 1299 2575 1315 2644 ship 0.3697
1063 3398 1093 3388 1125 3480 1095 3490 ship 0.3260
1360 2691 1383 2690 1386 2756 1364 2758 ship 0.3161
1267 2700 1292 2698 1297 2769 1273 2771 ship 0.3118
1335 2688 1359 2686 1362 2757 1339 2758 ship 0.3061
1448 2656 1468 2656 1466 2724 1446 2724 ship 0.3003
1116 3524 1128 3502 1179 3530 1167 3552 ship 0.2987
1309 2692 1333 2692 1334 2761 1311 2762 ship 0.2903
1135 3388 1163 3383 1179 3474 1151 3479 ship 0.2882
1096 3391 1125 3383 1150 3477 1122 3485 ship 0.2878
629 944 622 912 707 895 714 927 ship 0.2877
1407 2664 1428 2664 1428 2728 1407 2728 ship 0.2672
621 814 614 778 697 763 704 799 ship 0.2645
1239 2712 1264 2706 1278 2770 1253 2776 ship 0.2566
1038 3408 1065 3399 1092 3479 1065 3488 ship 0.2510
999 3431 1025 3423 1049 3506 1023 3513 ship 0.2412
1165 3366 1190 3362 1204 3449 1179 3453 ship 0.2394
593 719 590 686 679 679 682 712 ship 0.2281
1230 3362 1254 3358 1269 3443 1244 3447 ship 0.2259
891 3406 883 3381 941 3362 949 3387 ship 0.2236
1200 3362 1224 3358 1239 3445 1215 3449 ship 0.2204
1865 2113 1855 2081 1967 2043 1977 2075 ship 0.2098
868 3294 861 3266 929 3249 936 3277 ship 0.2033
878 3321 871 3295 935 3278 942 3304 ship 0.1928
280 594 300 590 311 641 291 645 ship 0.1878
311 581 330 583 327 634 307 632 ship 0.1832
624 850 616 817 698 798 706 831 ship 0.1819
373 476 395 479 386 545 364 542 ship 0.1810
1142 3495 1157 3484 1184 3517 1169 3529 ship 0.1778
860 3272 852 3245 916 3225 924 3252 ship 0.1760
1240 2665 1253 2633 1317 2657 1304 2689 ship 0.1758
920 3404 921 3384 961 3385 961 3405 ship 0.1751
1455 2203 1482 2184 1557 2289 1530 2308 ship 0.1730
627 911 619 879 701 858 709 890 ship 0.1727
889 3369 879 3346 931 3323 941 3346 ship 0.1716
599 752 596 719 685 711 688 744 ship 0.1715
1258 3362 1281 3360 1288 3437 1265 3440 ship 0.1697
1392 2718 1412 2716 1416 2761 1396 2763 ship 0.1691
680 2373 699 2349 792 2421 773 2445 ship 0.1647
995 3387 1014 3379 1032 3422 1013 3430 ship 0.1635
1183 3334 1203 3333 1206 3396 1185 3397 ship 0.1598
1848 1978 1839 1947 1935 1919 1944 1950 ship 0.1577
970 3396 982 3381 1012 3408 999 3422 ship 0.1575
929 3421 936 3403 973 3418 966 3435 ship 0.1571
1152 3343 1173 3341 1177 3400 1156 3401 ship 0.1561
1793 2149 1817 2140 1848 2227 1823 2235 ship 0.1551
1473 2701 1494 2699 1497 2746 1476 2747 ship 0.1548
1197 3423 1215 3420 1224 3460 1206 3464 ship 0.1503
1854 2010 1846 1980 1939 1956 1947 1986 ship 0.1472
1215 2724 1236 2714 1260 2761 1238 2771 ship 0.1469
1113 3552 1118 3531 1161 3540 1157 3561 ship 0.1441
847 3227 839 3201 900 3181 909 3206 ship 0.1421
1199 3531 1215 3519 1240 3552 1224 3564 ship 0.1405
1115 3348 1136 3346 1143 3400 1122 3403 ship 0.1403
1207 2584 1200 2549 1281 2533 1288 2568 ship 0.1384
1879 2055 1870 2027 1955 1998 1964 2026 ship 0.1329
1196 3492 1210 3483 1228 3513 1214 3522 ship 0.1315
1301 3339 1321 3337 1327 3400 1307 3402 ship 0.1310
349 512 366 513 365 555 347 555 ship 0.1307
1861 2080 1854 2052 1943 2028 1951 2056 ship 0.1303
345 584 364 587 359 636 339 634 ship 0.1293
343 457 364 453 375 518 355 522 ship 0.1275
833 3189 825 3163 891 3142 899 3169 ship 0.1269
1080 3353 1100 3349 1110 3396 1090 3400 ship 0.1254
327 479 347 478 350 531 331 532 ship 0.1243
1285 2752 1304 2748 1314 2791 1294 2795 ship 0.1214
366 592 387 593 385 646 364 645 ship 0.1201
994 3364 1011 3354 1032 3390 1015 3399 ship 0.1200
1042 3356 1060 3350 1072 3392 1053 3397 ship 0.1196
808 859 819 843 858 868 848 884 ship 0.1185
1185 2693 1197 2661 1269 2688 1257 2720 ship 0.1159
326 532 342 530 347 568 330 570 ship 0.1147
1079 1037 1075 1015 1136 1004 1140 1027 ship 0.1134
1469 2645 1490 2644 1494 2694 1474 2696 ship 0.1116
969 3376 980 3361 1010 3383 999 3398 ship 0.1113
1231 3527 1247 3515 1273 3551 1257 3563 ship 0.1090
1687 3169 1677 3143 1756 3112 1767 3138 ship 0.1072
1210 3321 1229 3321 1229 3372 1211 3372 ship 0.1071
1496 2727 1514 2718 1532 2754 1514 2763 ship 0.1068
603 680 605 657 665 662 663 685 ship 0.1068
1527 993 1546 987 1559 1032 1540 1037 ship 0.1067
1233 3429 1249 3423 1261 3458 1245 3464 ship 0.1056
1235 3314 1253 3314 1253 3364 1235 3364 ship 0.1055
1870 2136 1861 2106 1966 2075 1975 2105 ship 0.1044
392 481 413 483 409 537 387 535 ship 0.1043
949 3524 904 3293 1819 3115 1864 3346 ship 0.1043
946 3452 962 3442 985 3478 970 3488 ship 0.1036
1331 3338 1351 3337 1355 3395 1335 3397 ship 0.1032
1235 3498 1249 3488 1270 3517 1256 3527 ship 0.1029
1142 1021 1142 998 1192 999 1192 1022 ship 0.1021
1831 1952 1822 1925 1908 1897 1917 1924 ship 0.1007
1116 1172 1104 1145 1187 1107 1199 1135 ship 0.1006
1422 1116 1419 1086 1489 1078 1492 1108 storage-tank 0.1306
1958 2373 1956 2337 2026 2333 2028 2369 storage-tank 0.1053
1101 2711 1078 2608 1306 2556 1330 2659 harbor 0.1068
1119 1174 1105 1145 1186 1106 1200 1135 swimming-pool 0.1003
