473 782 963 784 960 1488 470 1486 plane 0.1697
248 875 756 668 1032 1347 525 1554 baseball-diamond 0.1344
433 584 945 565 982 1609 470 1627 ground-track-field 0.7357
1269 3268 1332 3264 1339 3386 1276 3390 ground-track-field 0.1165
263 881 414 883 404 1456 252 1453 large-vehicle 0.1525
983 472 986 445 1079 456 1075 484 large-vehicle 0.1039
1092 3193 1170 3192 1172 3354 1093 3355 tennis-court 0.8176
1109 1487 1173 1488 1170 1614 1106 1612 tennis-court 0.6240
1198 1493 1258 1495 1255 1617 1196 1616 tennis-court 0.5020
1269 3269 1333 3265 1341 3385 1276 3389 tennis-court 0.3324
1288 1477 1345 1482 1334 1615 1277 1610 tennis-court 0.2280
459 764 964 775 948 1515 443 1504 tennis-court 0.1665
1224 3263 1284 3274 1263 3384 1203 3373 tennis-court 0.1251
1067 1232 1216 1166 1320 1403 1171 1468 tennis-court 0.1206
1087 798 1194 795 1199 983 1092 986 tennis-court 0.1128
1204 798 1308 792 1320 986 1216 992 basketball-court 0.9144
1087 798 1194 795 1199 983 1092 986 basketball-court 0.8591
1213 1008 1316 1018 1299 1201 1196 1191 basketball-court 0.8513
1060 1253 1186 1165 1330 1373 1204 1460 basketball-court 0.6179
473 782 963 784 960 1488 470 1486 basketball-court 0.2432
1269 3269 1333 3265 1341 3385 1276 3389 basketball-court 0.2238
1120 1014 1214 1025 1194 1194 1100 1183 basketball-court 0.1856
1092 3193 1170 3192 1172 3354 1093 3355 basketball-court 0.1671
1107 1489 1175 1489 1174 1617 1106 1616 basketball-court 0.1407
1106 2011 1239 2015 1234 2154 1102 2150 storage-tank 0.6352
731 3312 792 3312 792 3379 731 3379 storage-tank 0.1263
477 778 966 795 942 1491 453 1474 soccer-ball-field 0.9270
1087 804 1194 801 1199 977 1092 980 soccer-ball-field 0.2019
1269 3269 1333 3265 1341 3385 1276 3389 soccer-ball-field 0.1239
1096 1204 1282 1200 1288 1452 1102 1456 soccer-ball-field 0.1113
1079 2044 1205 1988 1263 2117 1138 2174 roundabout 0.1502
1815 2514 2087 2511 2090 2800 1818 2804 roundabout 0.1044
