1795 1984 1795 1952 1855 1953 1855 1985 plane 0.2137
29 1591 52 1580 73 1628 50 1638 plane 0.1040
1509 3763 1532 3755 1554 3814 1531 3823 small-vehicle 0.1199
2066 933 2073 904 2141 919 2135 948 small-vehicle 0.1134
89 3532 108 3532 108 3586 89 3587 small-vehicle 0.1107
836 1551 838 1527 894 1532 892 1556 small-vehicle 0.1098
317 3394 315 3372 355 3368 358 3389 small-vehicle 0.1067
161 3347 160 3327 200 3326 201 3345 small-vehicle 0.1027
385 3426 386 3403 430 3405 429 3428 small-vehicle 0.1002
286 2938 308 2929 332 2985 311 2995 ship 0.4628
313 2937 336 2928 360 2990 337 2999 ship 0.4249
359 2971 384 2969 390 3034 365 3036 ship 0.4146
904 3043 921 3021 976 3063 959 3085 ship 0.4085
822 3092 841 3078 874 3123 855 3137 ship 0.4023
1196 3105 1221 3093 1257 3166 1233 3178 ship 0.3965
1485 1059 1516 1070 1487 1147 1457 1136 ship 0.3716
851 3091 867 3077 900 3114 883 3128 ship 0.3715
759 3013 776 3000 809 3044 793 3056 ship 0.3682
327 3002 349 2997 362 3048 339 3053 ship 0.3680
322 2842 340 2837 351 2879 333 2884 ship 0.3649
366 2847 385 2843 395 2886 376 2890 ship 0.3567
270 2946 289 2939 305 2985 286 2992 ship 0.3485
285 2838 303 2833 313 2875 295 2879 ship 0.3435
795 3019 814 3010 833 3053 815 3062 ship 0.3419
1452 1174 1476 1175 1473 1236 1449 1235 ship 0.3380
291 3004 311 2997 327 3040 307 3047 ship 0.3371
1417 1022 1440 1027 1429 1083 1406 1078 ship 0.3323
265 2982 284 2977 298 3022 279 3028 ship 0.3282
403 2849 421 2846 430 2889 412 2892 ship 0.3277
346 3082 372 3084 366 3151 341 3149 ship 0.3250
1014 3124 1017 3104 1066 3111 1063 3131 ship 0.3236
752 3165 760 3149 790 3166 782 3181 ship 0.3220
301 3079 325 3079 326 3145 301 3145 ship 0.3173
258 2895 275 2889 288 2925 271 2931 ship 0.3128
896 3114 913 3103 939 3140 922 3152 ship 0.3126
259 2843 277 2838 287 2880 268 2884 ship 0.3119
1000 3205 1010 3184 1061 3208 1051 3229 ship 0.3118
723 3092 734 3074 774 3098 763 3116 ship 0.3063
354 2936 371 2924 398 2962 382 2974 ship 0.3046
1203 957 1229 963 1212 1037 1186 1031 ship 0.3041
1007 3161 1013 3141 1062 3157 1056 3177 ship 0.3037
766 3050 782 3038 811 3075 795 3087 ship 0.3026
451 3011 468 3014 462 3059 444 3056 ship 0.3022
400 2985 420 2986 417 3035 397 3034 ship 0.3014
806 3057 822 3048 843 3085 827 3094 ship 0.3011
996 3228 1009 3206 1060 3234 1048 3257 ship 0.3004
728 3182 738 3164 779 3186 769 3204 ship 0.2989
1028 3026 1028 3004 1080 3003 1080 3026 ship 0.2962
1023 3105 1024 3086 1069 3090 1067 3109 ship 0.2955
728 3135 735 3117 775 3130 769 3149 ship 0.2937
762 3120 772 3105 800 3124 789 3139 ship 0.2933
265 3073 289 3072 290 3136 266 3136 ship 0.2926
363 2903 377 2893 398 2923 384 2933 ship 0.2895
394 2895 409 2887 427 2917 412 2926 ship 0.2866
726 3060 739 3043 780 3075 766 3092 ship 0.2865
1028 3058 1028 3038 1071 3039 1071 3059 ship 0.2859
857 2909 877 2904 888 2947 868 2952 ship 0.2844
1315 996 1344 1003 1321 1095 1293 1088 ship 0.2797
384 2955 403 2949 417 2991 398 2997 ship 0.2782
285 2905 301 2898 315 2930 300 2937 ship 0.2782
321 2907 335 2899 355 2929 341 2938 ship 0.2782
1264 284 1279 270 1309 304 1294 317 ship 0.2739
771 3091 786 3078 810 3108 795 3120 ship 0.2734
865 3028 885 3017 911 3066 891 3076 ship 0.2734
828 3061 846 3052 867 3093 849 3102 ship 0.2721
688 3192 696 3172 745 3191 737 3211 ship 0.2716
1172 3050 1193 3042 1217 3103 1196 3112 ship 0.2668
1449 1066 1474 1072 1461 1133 1436 1127 ship 0.2654
438 2892 453 2886 466 2919 451 2925 ship 0.2646
1288 991 1317 998 1292 1090 1263 1082 ship 0.2645
434 2852 451 2848 460 2889 443 2893 ship 0.2637
238 2889 254 2882 269 2917 253 2924 ship 0.2627
800 3161 809 3148 834 3166 824 3179 ship 0.2625
893 2913 914 2910 921 2954 901 2958 ship 0.2616
260 3009 278 3004 289 3041 271 3046 ship 0.2613
919 3088 933 3072 969 3101 956 3118 ship 0.2594
1402 1075 1423 1075 1422 1123 1401 1122 ship 0.2594
1393 1029 1414 1036 1397 1089 1376 1082 ship 0.2593
1484 1020 1508 1026 1495 1083 1471 1077 ship 0.2590
952 3059 965 3041 999 3065 985 3084 ship 0.2582
833 3024 852 3019 863 3060 844 3065 ship 0.2575
1409 3228 1433 3228 1432 3291 1409 3291 ship 0.2555
923 3156 939 3147 958 3182 943 3191 ship 0.2541
1057 900 1078 906 1061 959 1040 952 ship 0.2527
363 3057 381 3053 390 3092 372 3097 ship 0.2513
408 3049 425 3048 426 3085 409 3086 ship 0.2510
801 3209 811 3194 842 3214 832 3230 ship 0.2509
871 3156 882 3143 909 3167 898 3180 ship 0.2488
229 2992 247 2989 254 3031 236 3034 ship 0.2488
737 3019 751 3004 788 3039 773 3054 ship 0.2485
1074 3050 1083 3035 1111 3051 1103 3066 ship 0.2479
1173 951 1197 957 1181 1023 1157 1017 ship 0.2476
860 2947 875 2938 891 2967 876 2975 ship 0.2475
1292 318 1304 303 1335 328 1322 343 ship 0.2455
384 2935 399 2924 419 2954 405 2964 ship 0.2434
830 3158 840 3144 868 3163 858 3177 ship 0.2433
887 3014 900 2999 934 3027 921 3042 ship 0.2427
1345 1005 1371 1014 1345 1090 1319 1082 ship 0.2417
1007 3130 1014 3115 1048 3131 1040 3146 ship 0.2409
239 2850 257 2844 269 2883 251 2889 ship 0.2385
931 3136 947 3126 968 3160 951 3170 ship 0.2379
457 2893 473 2886 488 2924 472 2930 ship 0.2350
841 2948 855 2940 871 2966 857 2975 ship 0.2331
961 3095 971 3081 998 3099 987 3114 ship 0.2323
444 2965 460 2960 473 2995 457 3001 ship 0.2316
455 2927 470 2919 489 2955 473 2963 ship 0.2308
928 2950 944 2938 967 2966 952 2979 ship 0.2303
240 2928 256 2921 271 2956 255 2963 ship 0.2297
238 2958 255 2953 266 2992 249 2997 ship 0.2280
1238 3143 1257 3137 1272 3179 1253 3185 ship 0.2261
1088 915 1109 922 1091 972 1071 965 ship 0.2238
831 3218 841 3202 876 3224 866 3240 ship 0.2237
1263 990 1291 999 1266 1081 1238 1072 ship 0.2230
813 2967 826 2957 845 2982 831 2992 ship 0.2221
441 2931 455 2924 471 2953 457 2961 ship 0.2217
1068 3023 1076 3006 1110 3021 1102 3038 ship 0.2210
1130 3044 1144 3033 1169 3063 1155 3074 ship 0.2208
1375 1088 1394 1088 1394 1133 1375 1133 ship 0.2185
222 3018 239 3014 246 3051 229 3055 ship 0.2182
1099 943 1120 948 1110 994 1090 990 ship 0.2174
1225 172 1243 172 1243 214 1226 214 ship 0.2171
1225 129 1243 125 1252 166 1234 170 ship 0.2162
391 3090 410 3090 410 3134 391 3134 ship 0.2155
867 3214 879 3200 912 3229 900 3243 ship 0.2147
1139 947 1162 952 1149 1008 1126 1003 ship 0.2116
958 3137 971 3127 991 3153 978 3163 ship 0.2096
1281 3156 1299 3149 1314 3187 1296 3194 ship 0.2035
1297 354 1305 337 1337 352 1329 368 ship 0.2017
1225 216 1244 218 1240 260 1222 259 ship 0.2014
921 3008 933 2991 969 3016 957 3033 ship 0.2011
912 3191 929 3182 951 3222 934 3231 ship 0.2010
1416 1195 1435 1190 1447 1233 1427 1238 ship 0.1990
1264 228 1279 218 1299 252 1284 261 ship 0.1964
1266 416 1266 394 1318 394 1318 417 ship 0.1959
1249 224 1266 221 1274 258 1257 261 ship 0.1951
1283 261 1297 249 1321 277 1307 289 ship 0.1942
1243 132 1260 128 1268 161 1251 166 ship 0.1936
230 3071 252 3066 263 3123 240 3127 ship 0.1935
1360 1120 1378 1113 1394 1153 1375 1160 ship 0.1924
827 2912 842 2902 860 2929 845 2939 ship 0.1917
1245 178 1262 175 1269 209 1252 212 ship 0.1899
1072 3083 1082 3070 1106 3090 1095 3102 ship 0.1896
1014 3067 1021 3050 1052 3063 1045 3080 ship 0.1891
835 2887 853 2880 869 2922 851 2929 ship 0.1891
456 2858 472 2852 485 2890 469 2896 ship 0.1874
1408 1149 1429 1146 1435 1189 1414 1192 ship 0.1871
769 2991 782 2980 803 3004 791 3016 ship 0.1841
426 3084 443 3081 451 3116 435 3120 ship 0.1741
1062 938 1082 939 1080 981 1060 979 ship 0.1709
958 3034 974 3017 1005 3045 990 3062 ship 0.1675
957 3177 975 3168 993 3207 975 3216 ship 0.1670
1146 3037 1161 3027 1185 3063 1169 3073 ship 0.1629
1350 1088 1370 1089 1366 1135 1347 1134 ship 0.1618
1292 220 1305 209 1328 235 1315 247 ship 0.1618
1099 994 1119 998 1109 1046 1089 1042 ship 0.1612
890 3202 906 3189 937 3229 920 3242 ship 0.1599
1271 182 1286 173 1303 202 1289 211 ship 0.1546
1372 3225 1393 3222 1400 3272 1379 3275 ship 0.1538
729 3210 738 3192 778 3212 769 3230 ship 0.1532
1302 3180 1318 3171 1339 3208 1323 3217 ship 0.1531
967 2964 979 2951 1003 2972 991 2985 ship 0.1524
1600 3676 1622 3668 1642 3724 1620 3731 ship 0.1485
1163 2822 1171 2804 1205 2821 1197 2838 ship 0.1472
1220 3090 1240 3081 1265 3132 1245 3141 ship 0.1463
1065 3007 1071 2989 1106 3002 1100 3020 ship 0.1434
204 3030 311 2742 1057 3017 950 3306 ship 0.1419
1278 135 1293 127 1309 156 1294 164 ship 0.1414
1128 3069 1143 3059 1162 3090 1147 3099 ship 0.1398
974 3003 986 2988 1012 3008 1001 3023 ship 0.1383
1350 3217 1370 3212 1381 3256 1361 3261 ship 0.1382
422 3117 438 3110 451 3142 435 3149 ship 0.1377
203 3025 219 3020 231 3059 215 3064 ship 0.1375
214 2968 230 2963 241 2999 225 3004 ship 0.1369
1208 215 1227 218 1220 262 1201 259 ship 0.1368
1122 457 1131 438 1180 463 1170 482 ship 0.1352
1268 355 1275 338 1303 349 1297 366 ship 0.1348
447 3091 460 3081 482 3111 468 3121 ship 0.1341
784 2921 797 2910 814 2932 801 2942 ship 0.1326
954 2926 969 2914 994 2943 979 2955 ship 0.1312
1048 2994 1048 2975 1089 2976 1088 2995 ship 0.1307
750 967 856 723 1533 1018 1427 1262 ship 0.1306
709 3022 720 3006 753 3029 743 3045 ship 0.1305
1224 268 1242 265 1248 299 1230 303 ship 0.1294
1325 322 1338 310 1361 332 1349 344 ship 0.1269
1492 1010 1511 1003 1526 1045 1506 1051 ship 0.1264
1210 173 1228 174 1226 215 1209 215 ship 0.1241
1081 2768 1094 2752 1128 2779 1115 2795 ship 0.1231
1428 1256 1443 1248 1460 1280 1445 1288 ship 0.1227
215 2849 231 2843 244 2878 229 2884 ship 0.1226
1163 2843 1169 2825 1204 2836 1199 2854 ship 0.1222
785 2866 801 2856 819 2884 803 2895 ship 0.1221
1116 1019 1136 1026 1120 1078 1100 1072 ship 0.1220
365 3119 384 3116 392 3156 373 3159 ship 0.1214
218 2890 233 2882 248 2913 234 2920 ship 0.1209
1302 179 1313 167 1337 189 1326 201 ship 0.1208
216 2931 231 2924 246 2955 232 2962 ship 0.1193
1331 353 1340 339 1364 356 1355 370 ship 0.1192
1327 1073 1348 1075 1344 1122 1323 1120 ship 0.1190
1227 964 1255 972 1231 1062 1202 1054 ship 0.1183
1069 3117 1081 3105 1103 3127 1091 3139 ship 0.1179
1076 1000 1096 1000 1096 1043 1076 1043 ship 0.1163
1062 2906 1063 2884 1108 2886 1107 2908 ship 0.1159
1119 2776 1133 2762 1159 2788 1145 2802 ship 0.1159
386 3136 403 3130 413 3162 397 3168 ship 0.1126
1173 3102 1192 3094 1210 3137 1191 3145 ship 0.1126
431 3035 449 3033 456 3088 438 3090 ship 0.1120
974 3211 992 3199 1015 3233 996 3245 ship 0.1118
803 3115 813 3099 846 3120 836 3136 ship 0.1109
1436 1021 1464 1027 1448 1108 1420 1102 ship 0.1103
1070 2936 1069 2917 1108 2916 1109 2935 ship 0.1087
1037 887 1056 890 1049 940 1030 938 ship 0.1076
1010 2990 1017 2975 1044 2988 1037 3003 ship 0.1076
1129 2816 1139 2802 1164 2818 1155 2833 ship 0.1073
1022 883 1043 888 1030 946 1009 941 ship 0.1070
1331 296 1343 284 1364 306 1352 317 ship 0.1061
807 2863 824 2855 842 2893 824 2901 ship 0.1056
884 2961 895 2946 927 2969 915 2985 ship 0.1052
1067 2979 1070 2962 1103 2967 1101 2984 ship 0.1040
477 2857 492 2849 511 2882 497 2891 ship 0.1040
932 2894 950 2888 964 2928 946 2935 ship 0.1035
673 3200 681 3183 718 3200 709 3218 ship 0.1032
1115 3010 1124 2995 1153 3013 1143 3028 ship 0.1018
1304 140 1316 127 1340 151 1328 163 ship 0.1011
1377 1197 1393 1187 1411 1217 1396 1226 ship 0.1000
759 3013 776 3000 809 3044 793 3056 storage-tank 0.1151
726 3060 739 3043 780 3075 766 3092 storage-tank 0.1133
766 3050 782 3038 811 3075 795 3087 storage-tank 0.1124
831 3220 842 3201 886 3228 875 3246 storage-tank 0.1122
851 3091 867 3077 900 3114 883 3128 storage-tank 0.1116
825 3086 840 3072 871 3105 856 3120 storage-tank 0.1082
728 3182 738 3164 779 3186 769 3204 storage-tank 0.1072
723 3092 734 3074 774 3098 763 3116 storage-tank 0.1063
1028 3026 1028 3004 1080 3003 1080 3026 storage-tank 0.1060
867 3214 879 3200 912 3229 900 3243 storage-tank 0.1060
727 3168 733 3150 777 3164 771 3183 storage-tank 0.1043
904 3043 921 3021 976 3063 959 3085 storage-tank 0.1023
728 3135 735 3117 775 3130 769 3149 storage-tank 0.1022
801 3209 811 3194 842 3214 832 3230 storage-tank 0.1021
737 3019 751 3004 788 3039 773 3054 storage-tank 0.1012
771 3091 786 3078 810 3108 795 3120 storage-tank 0.1010
688 3192 696 3172 745 3191 737 3211 storage-tank 0.1009
617 3153 655 2945 1081 3022 1044 3230 harbor 0.2775
171 3050 225 2835 495 2904 441 3118 harbor 0.2057
893 1023 928 886 1460 1022 1425 1160 harbor 0.1391
