3751 3838 3792 3832 3807 3928 3766 3934 plane 0.1842
58 314 88 307 103 369 74 376 plane 0.1153
654 2293 689 2272 742 2358 707 2380 plane 0.1119
2107 1399 2085 1371 2190 1290 2211 1318 bridge 0.1748
744 1875 741 1838 827 1829 831 1866 bridge 0.1117
3149 493 3134 467 3211 422 3226 448 bridge 0.1033
824 708 855 690 897 763 866 781 small-vehicle 0.1309
5090 403 5084 359 5182 346 5188 390 small-vehicle 0.1248
573 674 568 643 642 631 647 662 small-vehicle 0.1235
2728 2707 2760 2680 2848 2785 2815 2812 small-vehicle 0.1200
654 2293 689 2272 742 2358 707 2380 small-vehicle 0.1093
2496 2865 2526 2841 2617 2955 2587 2979 small-vehicle 0.1088
2649 300 2672 284 2712 343 2689 359 small-vehicle 0.1079
1718 3767 1735 3744 1788 3783 1772 3805 small-vehicle 0.1068
2818 2627 2850 2600 2941 2711 2909 2737 small-vehicle 0.1039
4733 131 4752 110 4794 148 4775 169 small-vehicle 0.1030
1293 1274 1316 1254 1366 1311 1343 1331 small-vehicle 0.1016
2905 2550 2938 2524 3025 2633 2992 2659 small-vehicle 0.1012
385 4259 408 4244 447 4305 424 4320 small-vehicle 0.1002
2857 2595 2889 2569 2979 2680 2946 2706 large-vehicle 0.1955
2818 2627 2850 2600 2941 2711 2909 2737 large-vehicle 0.1785
2496 2865 2526 2841 2617 2955 2587 2979 large-vehicle 0.1666
2905 2550 2938 2524 3025 2633 2992 2659 large-vehicle 0.1666
2728 2707 2760 2680 2848 2785 2815 2812 large-vehicle 0.1464
2507 445 2534 425 2614 536 2586 555 large-vehicle 0.1404
2578 2793 2608 2768 2701 2878 2670 2904 large-vehicle 0.1374
2534 2837 2564 2812 2652 2920 2622 2945 large-vehicle 0.1354
2610 2761 2643 2734 2737 2847 2704 2874 large-vehicle 0.1279
3326 2497 3349 2514 3277 2611 3253 2593 large-vehicle 0.1269
2772 2670 2805 2645 2886 2751 2853 2776 large-vehicle 0.1264
1198 757 1183 728 1268 681 1284 710 large-vehicle 0.1198
636 2783 663 2763 737 2862 710 2882 large-vehicle 0.1189
3464 3691 3488 3676 3549 3772 3525 3787 large-vehicle 0.1114
2780 2257 2809 2232 2904 2341 2875 2366 large-vehicle 0.1092
842 306 857 285 917 327 903 348 large-vehicle 0.1076
2477 451 2504 438 2554 539 2527 552 large-vehicle 0.1014
2609 924 2605 899 2662 889 2666 914 large-vehicle 0.1004
87 3900 106 3880 153 3926 134 3946 ship 0.3539
165 3829 186 3812 236 3874 214 3891 ship 0.3299
37 3837 54 3815 102 3854 86 3875 ship 0.3261
1885 4338 1907 4310 1977 4364 1954 4393 ship 0.3213
44 4001 62 3984 100 4024 83 4041 ship 0.3142
2779 2229 2811 2203 2909 2323 2878 2348 ship 0.3053
1777 4222 1794 4196 1862 4238 1845 4265 ship 0.3035
86 4078 100 4057 154 4094 139 4115 ship 0.2988
18 3935 44 3927 61 3987 35 3994 ship 0.2732
1672 4064 1695 4044 1744 4102 1722 4121 ship 0.2676
4522 2563 4547 2562 4550 2621 4525 2622 ship 0.2647
4482 2569 4510 2566 4517 2627 4490 2630 ship 0.2594
2445 2511 2474 2486 2562 2591 2532 2615 ship 0.2586
1748 4183 1762 4157 1823 4189 1809 4215 ship 0.2579
1720 4133 1738 4111 1790 4152 1772 4175 ship 0.2542
60 4205 71 4179 140 4209 129 4235 ship 0.2520
181 3871 204 3857 245 3924 221 3938 ship 0.2419
44 3941 67 3928 96 3981 73 3994 ship 0.2280
265 4094 261 4059 345 4050 349 4084 ship 0.2249
2581 2395 2609 2367 2705 2466 2676 2494 ship 0.2210
81 3847 97 3830 133 3865 116 3882 ship 0.2175
1841 4272 1863 4251 1909 4300 1887 4320 ship 0.2170
12 3768 38 3754 73 3821 46 3834 ship 0.2155
1588 684 1618 668 1682 785 1652 802 ship 0.2130
3149 493 3134 467 3211 422 3226 448 ship 0.2112
2107 1399 2085 1371 2190 1290 2211 1318 ship 0.2109
4563 2592 4585 2588 4593 2632 4572 2636 ship 0.2089
4258 2738 4262 2645 4394 2651 4389 2745 ship 0.2075
2068 4293 2064 4266 2125 4257 2129 4284 ship 0.2050
85 4003 98 3985 140 4015 127 4034 ship 0.1981
4631 4169 4611 4139 4699 4080 4719 4110 ship 0.1961
331 1337 332 1307 408 1308 407 1337 ship 0.1908
121 3896 142 3879 183 3932 162 3948 ship 0.1906
2181 4123 2180 4090 2266 4088 2266 4121 ship 0.1893
91 3704 111 3693 134 3734 114 3746 ship 0.1859
52 4161 66 4140 118 4174 105 4195 ship 0.1858
152 3775 168 3762 193 3793 177 3807 ship 0.1822
4428 2573 4457 2564 4474 2625 4445 2633 ship 0.1796
169 3902 191 3888 224 3940 202 3955 ship 0.1715
4273 2479 4291 2462 4327 2499 4310 2516 ship 0.1698
4593 4143 4570 4113 4664 4041 4687 4071 ship 0.1690
2100 4263 2101 4239 2152 4241 2151 4266 ship 0.1681
101 3767 119 3755 144 3790 126 3803 ship 0.1675
59 4102 77 4086 116 4129 98 4146 ship 0.1663
90 4146 101 4123 162 4151 151 4174 ship 0.1649
160 3937 175 3920 208 3948 194 3965 ship 0.1632
3326 2497 3349 2514 3277 2611 3253 2593 ship 0.1621
59 3905 83 3894 110 3953 86 3963 ship 0.1610
4137 2938 4162 2931 4177 2981 4152 2988 ship 0.1609
92 3811 110 3797 138 3835 120 3849 ship 0.1605
1942 3792 1958 3765 2034 3810 2018 3837 ship 0.1601
4236 2486 4250 2466 4292 2495 4279 2515 ship 0.1593
1988 3620 2011 3605 2048 3661 2025 3676 ship 0.1584
4469 2647 4486 2633 4513 2666 4495 2680 ship 0.1564
4593 2603 4614 2597 4627 2639 4606 2646 ship 0.1499
4520 2648 4539 2638 4558 2671 4539 2681 ship 0.1482
2186 4169 2180 4141 2247 4126 2253 4154 ship 0.1479
723 3420 749 3411 775 3485 749 3494 ship 0.1476
4659 2522 4669 2501 4719 2526 4709 2547 ship 0.1476
148 3718 168 3708 186 3745 167 3755 ship 0.1475
4436 2519 4458 2511 4477 2560 4454 2569 ship 0.1460
120 4125 132 4104 178 4130 166 4152 ship 0.1453
2158 4205 2157 4181 2212 4181 2212 4205 ship 0.1425
4230 2533 4243 2510 4288 2536 4275 2558 ship 0.1420
224 3901 244 3884 278 3924 258 3941 ship 0.1399
4860 2268 4830 2024 5167 1982 5198 2226 ship 0.1390
293 1258 302 1234 362 1258 353 1282 ship 0.1386
4276 2531 4294 2511 4331 2545 4312 2565 ship 0.1383
50 3699 72 3687 101 3737 79 3750 ship 0.1378
3371 2265 3394 2252 3433 2324 3410 2336 ship 0.1374
4483 2514 4504 2505 4523 2549 4502 2558 ship 0.1358
4137 2796 4189 2758 4244 2832 4192 2870 ship 0.1347
181 3714 201 3704 222 3745 201 3755 ship 0.1344
219 3957 229 3936 270 3957 259 3977 ship 0.1329
4242 2459 4256 2442 4293 2473 4279 2490 ship 0.1329
4030 3554 4042 3536 4083 3563 4071 3581 ship 0.1325
1981 3838 1994 3812 2062 3847 2048 3873 ship 0.1323
744 1875 741 1838 827 1829 831 1866 ship 0.1321
4867 596 4873 570 4929 583 4923 609 ship 0.1319
1635 4024 1652 4006 1697 4046 1680 4065 ship 0.1308
126 3995 138 3977 174 4000 163 4018 ship 0.1293
1206 756 1189 728 1263 683 1280 711 ship 0.1286
2029 3613 2054 3603 2076 3655 2052 3666 ship 0.1268
4586 2457 4619 2207 4901 2244 4868 2493 ship 0.1263
241 4042 246 4019 291 4029 286 4052 ship 0.1256
2183 4189 2181 4163 2238 4158 2241 4184 ship 0.1250
4255 734 4266 709 4322 734 4312 758 ship 0.1240
4291 714 4311 698 4348 745 4329 761 ship 0.1239
3559 3223 3713 3071 4083 3444 3929 3596 ship 0.1225
293 1211 310 1191 360 1233 343 1253 ship 0.1224
2170 3490 2189 3476 2222 3519 2203 3533 ship 0.1223
2090 3594 2114 3587 2131 3641 2107 3648 ship 0.1219
257 1214 272 1194 321 1231 307 1251 ship 0.1213
2134 3598 2158 3591 2173 3646 2149 3653 ship 0.1207
4968 3505 4978 3476 5044 3497 5034 3527 ship 0.1200
4570 2654 4588 2644 4606 2679 4587 2688 ship 0.1197
182 4006 192 3989 223 4008 213 4025 ship 0.1196
4866 571 4867 546 4923 549 4921 575 ship 0.1188
4327 2490 4348 2477 4374 2518 4353 2531 ship 0.1180
2190 3482 2209 3468 2241 3511 2221 3525 ship 0.1179
3989 3594 4008 3582 4032 3622 4014 3634 ship 0.1178
4028 2883 4054 2874 4077 2938 4051 2948 ship 0.1178
4548 2560 4569 2555 4580 2599 4559 2604 ship 0.1172
2168 4073 2171 4045 2235 4053 2232 4081 ship 0.1155
2158 3552 2177 3541 2205 3585 2186 3596 ship 0.1147
2082 3561 2099 3546 2131 3583 2114 3598 ship 0.1145
4942 3564 4946 3537 5009 3545 5005 3573 ship 0.1141
5090 403 5084 359 5182 346 5188 390 ship 0.1137
334 1346 345 1321 406 1346 396 1371 ship 0.1134
4064 2894 4091 2889 4102 2946 4075 2951 ship 0.1129
56 3669 78 3657 106 3709 84 3721 ship 0.1126
4515 2516 4534 2506 4553 2546 4534 2555 ship 0.1125
4206 2496 4217 2476 4258 2500 4246 2519 ship 0.1118
4653 2532 4667 2517 4700 2548 4685 2563 ship 0.1114
4439 2643 4456 2628 4484 2661 4466 2676 ship 0.1113
2408 2507 2439 2501 2457 2588 2427 2595 ship 0.1109
4441 2690 4458 2677 4484 2712 4466 2725 ship 0.1105
303 1313 304 1286 368 1288 367 1315 ship 0.1102
2126 3561 2145 3550 2169 3594 2150 3605 ship 0.1091
4557 3757 4547 3727 4616 3703 4626 3734 ship 0.1088
4174 2911 4199 2905 4210 2954 4185 2960 ship 0.1075
4473 2694 4490 2680 4517 2712 4501 2726 ship 0.1072
4139 2616 4150 2594 4201 2621 4190 2643 ship 0.1071
237 4653 149 4278 1014 4074 1102 4449 ship 0.1065
-64 3791 112 3653 383 3999 206 4137 ship 0.1064
4314 2787 4335 2766 4375 2805 4355 2826 ship 0.1057
4421 659 4440 645 4485 711 4466 725 ship 0.1048
2015 4314 2028 4291 2067 4312 2055 4335 ship 0.1041
4636 2710 4651 2694 4690 2730 4675 2746 ship 0.1038
4196 2544 4204 2522 4248 2539 4240 2561 ship 0.1037
2039 3566 2049 3546 2092 3566 2082 3586 ship 0.1035
4398 3898 4406 3873 4471 3894 4463 3919 ship 0.1025
2132 4242 2133 4219 2177 4221 2176 4244 ship 0.1024
3994 3566 4009 3550 4043 3583 4027 3599 ship 0.1022
1601 759 1623 749 1651 810 1629 821 ship 0.1021
4405 2527 4429 2518 4447 2565 4423 2574 ship 0.1020
4517 2465 4536 2455 4556 2495 4537 2505 ship 0.1020
4548 2458 4568 2448 4586 2487 4566 2497 ship 0.1018
3340 2260 3365 2252 3392 2332 3368 2340 ship 0.1018
4343 696 4366 688 4387 743 4365 752 ship 0.1014
4397 2690 4422 2677 4445 2720 4421 2733 ship 0.1010
244 3981 253 3960 295 3977 286 3999 ship 0.1006
4112 2918 4138 2913 4149 2963 4123 2969 ship 0.1004
4270 2441 4282 2423 4323 2452 4311 2469 ship 0.1002
3125 1063 3067 989 3221 868 3279 942 tennis-court 0.1229
3162 1032 3235 975 3350 1122 3277 1179 tennis-court 0.1087
4623 2498 4593 2234 4878 2203 4907 2467 storage-tank 0.5835
4884 2253 4885 1996 5169 1996 5168 2254 storage-tank 0.5610
4137 2796 4189 2758 4244 2832 4192 2870 storage-tank 0.3461
4241 2736 4248 2633 4394 2642 4387 2746 storage-tank 0.3052
4028 2883 4054 2874 4077 2938 4051 2948 storage-tank 0.2407
4064 2894 4091 2889 4102 2946 4075 2951 storage-tank 0.2149
4429 2552 4455 2546 4468 2607 4442 2613 storage-tank 0.1889
4110 2814 4142 2787 4186 2839 4154 2866 storage-tank 0.1828
4485 2550 4510 2547 4519 2605 4494 2608 storage-tank 0.1463
4436 2519 4458 2511 4477 2560 4454 2569 storage-tank 0.1416
4112 2918 4138 2913 4149 2963 4123 2969 storage-tank 0.1228
744 1875 741 1838 827 1829 831 1866 storage-tank 0.1217
4405 2527 4429 2518 4447 2565 4423 2574 storage-tank 0.1170
4202 2673 4231 2647 4276 2700 4247 2725 storage-tank 0.1096
5071 185 5081 160 5132 181 5122 205 storage-tank 0.1071
4068 2846 4092 2830 4122 2872 4098 2889 storage-tank 0.1059
4483 2514 4504 2505 4523 2549 4502 2558 storage-tank 0.1009
4891 2260 4883 1998 5171 1989 5179 2251 roundabout 0.1261
4674 3393 4775 3303 4952 3502 4851 3592 harbor 0.1752
-90 3795 122 3630 420 4015 207 4180 harbor 0.1105
