2907 1692 2939 1707 2909 1771 2877 1756 bridge 0.1611
1560 878 1576 845 1701 907 1685 939 bridge 0.1492
3334 2568 3351 2497 3467 2525 3450 2596 bridge 0.1149
2641 2228 3064 2516 2437 3437 2014 3149 ground-track-field 0.6796
704 571 1114 776 663 1678 253 1473 ground-track-field 0.1526
503 1371 575 1420 480 1561 407 1512 tennis-court 0.5117
644 1483 732 1508 686 1665 599 1640 tennis-court 0.4879
577 1430 647 1464 575 1613 505 1580 tennis-court 0.3494
398 1300 476 1348 386 1493 308 1445 tennis-court 0.2484
2110 1426 2201 1468 2137 1605 2047 1563 tennis-court 0.1407
2215 2711 2601 2537 2832 3050 2446 3224 tennis-court 0.1266
3091 1075 3181 1115 3105 1283 3015 1242 tennis-court 0.1186
570 1076 642 1025 727 1146 655 1197 tennis-court 0.1091
896 956 972 849 1148 973 1072 1080 tennis-court 0.1064
797 1162 863 1092 974 1197 908 1267 tennis-court 0.1038
3221 883 3305 922 3231 1081 3147 1042 tennis-court 0.1019
3010 1023 3080 1078 2970 1220 2899 1165 tennis-court 0.1005
3090 1073 3183 1114 3108 1283 3016 1242 basketball-court 0.8099
3201 1133 3293 1169 3224 1347 3132 1312 basketball-court 0.7730
3216 879 3304 914 3237 1083 3149 1048 basketball-court 0.7639
3010 1025 3081 1081 2970 1222 2899 1166 basketball-court 0.7377
3327 937 3416 972 3349 1143 3260 1108 basketball-court 0.6846
773 1160 866 1093 969 1235 875 1302 basketball-court 0.6094
3128 820 3208 869 3112 1025 3033 976 basketball-court 0.4821
764 738 875 695 943 866 832 910 basketball-court 0.3941
2922 976 2989 1037 2867 1169 2800 1108 basketball-court 0.3693
570 1076 642 1025 727 1146 655 1197 basketball-court 0.3563
668 914 744 865 828 995 752 1044 basketball-court 0.3305
3020 758 3109 802 3024 974 2935 930 basketball-court 0.3194
669 1336 742 1265 865 1392 792 1463 basketball-court 0.2923
722 1243 810 1186 904 1333 816 1390 basketball-court 0.2569
707 894 741 811 900 876 866 959 basketball-court 0.2547
3130 577 3205 627 3107 776 3031 726 basketball-court 0.1957
3441 748 3520 782 3454 938 3374 904 basketball-court 0.1763
488 1179 563 1143 629 1280 554 1316 basketball-court 0.1703
606 1021 689 948 804 1078 721 1151 basketball-court 0.1642
3205 612 3298 660 3212 827 3119 780 basketball-court 0.1553
896 956 972 849 1148 973 1072 1080 basketball-court 0.1513
3315 706 3402 730 3356 895 3269 870 basketball-court 0.1491
2190 2754 2536 2514 2859 2979 2513 3219 basketball-court 0.1207
2587 172 2613 175 2608 209 2582 206 storage-tank 0.1444
2548 225 2573 225 2573 257 2548 257 storage-tank 0.1325
2571 223 2596 223 2596 254 2571 254 storage-tank 0.1313
2556 199 2580 201 2578 231 2554 229 storage-tank 0.1298
2518 225 2544 225 2543 257 2518 257 storage-tank 0.1239
2562 168 2586 170 2582 201 2559 198 storage-tank 0.1238
2577 128 2603 131 2598 167 2572 163 storage-tank 0.1218
2615 195 2641 197 2639 230 2614 228 storage-tank 0.1193
2510 168 2533 170 2531 198 2508 196 storage-tank 0.1144
2481 197 2507 197 2506 230 2481 229 storage-tank 0.1044
2592 251 2619 250 2620 283 2593 284 storage-tank 0.1029
2508 124 2532 126 2530 157 2506 155 storage-tank 0.1018
2486 223 2512 223 2512 255 2486 255 storage-tank 0.1003
2620 2328 2999 2586 2471 3359 2093 3101 soccer-ball-field 0.7253
