1257 341 1681 534 1453 1036 1029 843 plane 0.9711
701 1282 939 1285 935 1592 697 1588 plane 0.9694
1033 1698 1303 1698 1304 2004 1033 2005 plane 0.9600
1457 1728 1708 1720 1717 1993 1466 2001 plane 0.9521
1774 573 2024 659 1926 945 1676 859 plane 0.9419
796 1005 472 677 888 265 1213 593 plane 0.9350
1917 1876 1909 1701 2095 1693 2103 1867 plane 0.9193
2319 1917 2334 1896 2368 1919 2353 1941 plane 0.1583
515 425 506 407 543 389 552 407 plane 0.1351
824 186 818 166 853 157 858 178 plane 0.1158
1760 582 2015 643 1945 936 1690 875 bridge 0.1439
765 990 479 615 921 277 1207 652 bridge 0.1393
1280 338 1675 524 1450 999 1056 812 bridge 0.1322
1040 1698 1296 1698 1296 1993 1040 1993 bridge 0.1320
696 1284 933 1277 942 1583 705 1590 bridge 0.1114
2217 2362 2236 2360 2241 2403 2221 2405 small-vehicle 0.1736
2142 2367 2160 2366 2163 2410 2144 2411 small-vehicle 0.1727
2065 2281 2083 2279 2087 2322 2069 2324 small-vehicle 0.1685
2209 2274 2228 2276 2223 2317 2204 2314 small-vehicle 0.1663
2085 2278 2103 2277 2107 2320 2089 2322 small-vehicle 0.1648
1911 2283 1928 2284 1927 2327 1910 2327 small-vehicle 0.1644
1604 2156 1603 2136 1648 2133 1649 2153 small-vehicle 0.1632
2165 2275 2184 2275 2185 2316 2166 2317 small-vehicle 0.1614
1893 2285 1910 2285 1908 2327 1892 2327 small-vehicle 0.1614
2184 2366 2203 2366 2204 2408 2186 2409 small-vehicle 0.1608
2237 2361 2256 2358 2263 2400 2244 2403 small-vehicle 0.1601
2102 2276 2121 2275 2124 2318 2105 2319 small-vehicle 0.1590
1873 2286 1889 2287 1888 2327 1871 2326 small-vehicle 0.1564
1939 2282 1956 2282 1954 2326 1937 2326 small-vehicle 0.1558
2050 2282 2067 2281 2069 2323 2052 2324 small-vehicle 0.1524
2120 2275 2139 2275 2138 2317 2119 2317 small-vehicle 0.1502
2028 2369 2045 2372 2039 2411 2022 2408 small-vehicle 0.1483
2056 2371 2072 2374 2066 2413 2049 2410 small-vehicle 0.1472
2242 2277 2259 2279 2254 2320 2236 2318 small-vehicle 0.1419
2000 2284 2017 2285 2013 2327 1996 2325 small-vehicle 0.1404
2008 2368 2025 2369 2022 2409 2005 2407 small-vehicle 0.1389
1058 2054 1074 2055 1068 2101 1053 2099 small-vehicle 0.1381
1772 585 1769 566 1812 559 1815 577 small-vehicle 0.1369
1076 2050 1091 2052 1084 2100 1069 2098 small-vehicle 0.1350
2323 1389 2322 1375 2357 1372 2358 1386 small-vehicle 0.1334
1785 2368 1787 2352 1821 2356 1820 2372 small-vehicle 0.1334
1820 114 1838 115 1836 153 1818 152 small-vehicle 0.1315
2291 1789 2292 1766 2340 1769 2338 1791 small-vehicle 0.1314
1307 1971 1313 1952 1354 1965 1348 1984 small-vehicle 0.1307
2033 2282 2049 2283 2045 2324 2029 2322 small-vehicle 0.1306
1932 592 1950 597 1938 638 1919 632 small-vehicle 0.1299
1801 114 1819 116 1815 153 1798 152 small-vehicle 0.1298
2074 690 2076 674 2113 678 2111 694 small-vehicle 0.1297
2093 486 2092 469 2137 465 2138 483 small-vehicle 0.1296
1979 2284 1995 2287 1989 2326 1973 2324 small-vehicle 0.1266
1108 2053 1122 2056 1114 2096 1099 2093 small-vehicle 0.1266
1493 121 1512 121 1512 162 1493 162 small-vehicle 0.1263
1090 2050 1105 2053 1096 2098 1082 2095 small-vehicle 0.1263
929 2058 948 2058 948 2102 929 2102 small-vehicle 0.1262
1491 2065 1503 2063 1507 2091 1495 2092 small-vehicle 0.1262
1857 2290 1873 2290 1872 2327 1855 2326 small-vehicle 0.1260
2072 2377 2087 2380 2079 2413 2064 2409 small-vehicle 0.1252
2123 2375 2139 2377 2135 2413 2119 2412 small-vehicle 0.1246
1972 112 1990 111 1991 147 1973 148 small-vehicle 0.1245
1895 2022 1913 2024 1909 2063 1891 2061 small-vehicle 0.1244
1484 2047 1495 2048 1494 2074 1482 2073 small-vehicle 0.1232
1317 2198 1316 2181 1368 2178 1369 2195 small-vehicle 0.1218
1479 2025 1491 2025 1490 2053 1478 2052 small-vehicle 0.1218
2094 501 2093 484 2136 481 2137 498 small-vehicle 0.1215
2374 898 2386 894 2396 926 2384 930 small-vehicle 0.1194
1877 111 1892 110 1895 146 1879 147 small-vehicle 0.1193
2320 1240 2319 1228 2349 1226 2350 1238 small-vehicle 0.1185
2305 1005 2308 993 2335 1000 2332 1012 small-vehicle 0.1185
1039 2042 1054 2043 1053 2082 1037 2082 small-vehicle 0.1178
2083 786 2093 780 2108 807 2097 813 small-vehicle 0.1176
1472 2020 1483 2022 1480 2047 1468 2045 small-vehicle 0.1175
1953 114 1968 113 1973 147 1958 149 small-vehicle 0.1172
1645 117 1664 118 1663 158 1644 157 small-vehicle 0.1171
861 2047 878 2047 877 2087 860 2086 small-vehicle 0.1170
2305 982 2309 971 2336 982 2331 993 small-vehicle 0.1169
1840 113 1858 114 1856 151 1838 150 small-vehicle 0.1168
1477 122 1494 122 1493 163 1475 162 small-vehicle 0.1162
2305 1060 2305 1047 2336 1048 2336 1061 small-vehicle 0.1158
2319 1311 2317 1296 2354 1293 2356 1307 small-vehicle 0.1153
1746 112 1763 113 1759 152 1741 150 small-vehicle 0.1149
996 2205 1006 2195 1032 2220 1022 2230 small-vehicle 0.1136
2403 994 2408 981 2439 995 2434 1008 small-vehicle 0.1135
2387 892 2399 890 2404 922 2392 924 small-vehicle 0.1135
2109 826 2115 814 2142 827 2135 840 small-vehicle 0.1132
1896 111 1911 110 1912 146 1897 147 small-vehicle 0.1123
1857 113 1872 112 1874 147 1859 148 small-vehicle 0.1122
2322 1255 2321 1243 2350 1239 2352 1251 small-vehicle 0.1122
1489 2030 1500 2028 1504 2055 1493 2056 small-vehicle 0.1122
1664 117 1683 117 1683 157 1664 157 small-vehicle 0.1119
2279 1606 2280 1588 2318 1591 2316 1609 small-vehicle 0.1111
2305 1073 2306 1060 2337 1062 2336 1075 small-vehicle 0.1110
2088 2384 2102 2387 2096 2417 2082 2415 small-vehicle 0.1102
1627 117 1647 118 1645 158 1625 157 small-vehicle 0.1096
2303 960 2308 949 2334 961 2329 972 small-vehicle 0.1095
2314 1164 2313 1150 2346 1146 2347 1160 small-vehicle 0.1085
1785 113 1802 116 1797 153 1780 150 small-vehicle 0.1075
1935 114 1950 113 1952 147 1937 148 small-vehicle 0.1075
1766 112 1783 115 1776 152 1760 149 small-vehicle 0.1073
2306 1022 2307 1010 2333 1011 2332 1023 small-vehicle 0.1073
1991 112 2007 110 2010 145 1994 146 small-vehicle 0.1064
2323 1277 2321 1265 2349 1259 2352 1271 small-vehicle 0.1064
2364 423 2371 413 2391 427 2384 437 small-vehicle 0.1061
2061 731 2064 719 2089 724 2087 736 small-vehicle 0.1061
2319 1224 2318 1212 2346 1210 2347 1222 small-vehicle 0.1060
2366 359 2375 352 2391 373 2382 380 small-vehicle 0.1056
2309 1146 2308 1133 2340 1131 2341 1144 small-vehicle 0.1055
1788 2438 1785 2423 1817 2418 1819 2433 small-vehicle 0.1053
1588 117 1607 118 1605 158 1586 157 small-vehicle 0.1050
2156 539 2165 530 2186 551 2177 560 small-vehicle 0.1046
1445 289 1459 292 1451 330 1437 327 small-vehicle 0.1044
1427 288 1440 292 1431 327 1417 324 small-vehicle 0.1040
1687 2175 1698 2169 1713 2194 1702 2201 small-vehicle 0.1040
1537 300 1536 283 1581 281 1582 298 small-vehicle 0.1034
2166 452 2176 446 2192 471 2182 477 small-vehicle 0.1033
2294 318 2296 305 2325 309 2323 322 small-vehicle 0.1032
1916 113 1930 112 1930 147 1916 147 small-vehicle 0.1032
809 1589 825 1591 818 1635 803 1633 small-vehicle 0.1031
2044 742 2046 729 2073 733 2071 746 small-vehicle 0.1031
1725 114 1742 114 1740 153 1723 152 small-vehicle 0.1028
2168 480 2177 472 2194 491 2185 499 small-vehicle 0.1026
2075 708 2077 695 2107 699 2105 713 small-vehicle 0.1021
2367 378 2376 371 2391 388 2383 396 small-vehicle 0.1017
2277 1586 2279 1570 2317 1574 2316 1590 small-vehicle 0.1014
1794 2420 1792 2407 1819 2403 1821 2416 small-vehicle 0.1011
1790 2383 1789 2370 1816 2366 1818 2380 small-vehicle 0.1010
2306 1046 2306 1034 2332 1033 2332 1045 small-vehicle 0.1009
1605 117 1625 118 1622 158 1603 157 small-vehicle 0.1006
2394 1079 2406 1073 2420 1100 2408 1106 small-vehicle 0.1005
1773 562 1771 548 1804 543 1805 557 small-vehicle 0.1003
2041 924 2043 911 2073 914 2071 928 small-vehicle 0.1002
1499 2048 1510 2045 1516 2071 1505 2073 small-vehicle 0.1001
1714 1944 1732 1943 1738 2025 1720 2026 large-vehicle 0.2220
1401 2199 1402 2181 1480 2181 1480 2199 large-vehicle 0.1971
1316 2089 1317 2072 1376 2076 1374 2094 large-vehicle 0.1730
2330 2031 2330 2010 2405 2009 2405 2029 large-vehicle 0.1720
1317 2198 1316 2181 1368 2178 1369 2195 large-vehicle 0.1248
1406 2218 1405 2199 1480 2197 1481 2216 large-vehicle 0.1160
902 729 918 725 943 823 927 827 large-vehicle 0.1086
1460 1723 1717 1721 1719 2004 1462 2006 roundabout 0.1128
1034 1700 1291 1691 1302 1987 1045 1996 roundabout 0.1013
1044 1696 1301 1704 1291 1998 1034 1989 helicopter 0.1202
703 1282 949 1296 932 1588 687 1574 helicopter 0.1116
1460 1730 1706 1720 1717 1993 1471 2003 helicopter 0.1061
