1104 2610 1120 2392 1353 2408 1338 2626 plane 0.8597
2658 3128 2866 3155 2832 3414 2624 3386 plane 0.8322
2534 2112 2421 1919 2642 1790 2755 1982 plane 0.8278
3053 3053 3012 2840 3247 2795 3288 3008 plane 0.7620
2316 4676 2288 4453 2528 4423 2556 4646 plane 0.7493
466 666 511 550 645 602 599 718 plane 0.7374
2012 4113 2085 3939 2282 4022 2209 4196 plane 0.7206
1893 1371 1850 1280 1965 1225 2008 1316 plane 0.6862
2938 2773 2903 2675 3028 2630 3063 2728 plane 0.6804
517 1312 484 1222 602 1180 634 1269 plane 0.6785
506 1485 554 1301 763 1356 715 1540 plane 0.6765
1524 1088 1607 1011 1699 1111 1616 1188 plane 0.6255
1937 1523 2064 1451 2167 1631 2039 1704 plane 0.5548
324 1049 340 987 427 1009 412 1070 plane 0.4406
3314 3410 3313 3349 3409 3348 3410 3409 plane 0.4086
3234 3207 3221 3167 3296 3143 3308 3183 plane 0.3840
854 251 888 219 938 272 904 304 plane 0.3262
326 961 355 937 398 989 370 1013 plane 0.1876
426 1139 450 1129 470 1178 446 1188 plane 0.1689
2952 2823 2966 2805 3004 2834 2990 2853 plane 0.1507
3002 2819 3023 2797 3063 2835 3042 2857 plane 0.1472
425 1302 443 1282 481 1316 463 1336 plane 0.1423
457 1284 462 1241 527 1249 522 1292 plane 0.1374
447 1191 468 1158 521 1194 499 1226 plane 0.1363
4129 538 4132 503 4199 507 4196 543 plane 0.1349
919 263 942 245 972 287 949 304 plane 0.1335
367 1130 389 1119 413 1167 392 1178 plane 0.1306
430 1273 449 1252 485 1285 466 1306 plane 0.1255
2913 2840 2925 2821 2967 2847 2955 2866 plane 0.1249
446 1134 467 1122 490 1161 469 1173 plane 0.1192
2951 2851 2968 2836 2998 2869 2982 2884 plane 0.1190
3297 3354 3299 3324 3354 3328 3352 3357 plane 0.1161
821 239 851 218 887 269 857 290 plane 0.1155
436 1214 456 1195 488 1228 468 1248 plane 0.1144
3128 3108 3140 3087 3180 3110 3168 3131 plane 0.1126
488 1079 506 1069 525 1102 507 1113 plane 0.1123
469 1345 478 1319 523 1336 514 1361 plane 0.1121
3191 3165 3199 3139 3244 3152 3237 3179 plane 0.1111
426 1328 441 1311 473 1339 458 1356 plane 0.1102
2901 2861 2915 2844 2952 2876 2938 2893 plane 0.1098
436 1075 454 1060 480 1090 462 1106 plane 0.1094
3220 3157 3225 3132 3274 3141 3269 3167 plane 0.1030
3175 3129 3184 3107 3225 3122 3217 3145 plane 0.1015
2272 4643 2319 4419 2573 4471 2527 4695 bridge 0.1171
1065 2524 1200 2344 1395 2491 1260 2671 bridge 0.1157
1976 4089 2100 3906 2304 4045 2180 4228 bridge 0.1005
472 4829 498 4813 537 4880 511 4895 ship 0.3296
404 4816 432 4812 442 4878 413 4882 ship 0.2737
338 4882 363 4876 380 4945 355 4951 ship 0.2504
457 4874 474 4856 511 4893 494 4910 ship 0.2393
368 4884 392 4876 411 4932 387 4940 ship 0.2161
510 5008 538 5003 551 5068 523 5074 ship 0.2102
582 3536 602 3524 624 3565 604 3576 ship 0.1982
405 4882 427 4871 450 4915 428 4926 ship 0.1978
570 3572 589 3562 610 3602 590 3612 ship 0.1974
449 4948 462 4931 496 4958 483 4975 ship 0.1957
610 3445 631 3435 651 3477 631 3487 ship 0.1933
538 3587 557 3575 581 3612 562 3624 ship 0.1923
452 4987 473 4977 497 5024 477 5035 ship 0.1921
533 3612 551 3601 574 3641 555 3651 ship 0.1867
1925 628 2100 502 2363 868 2188 994 ship 0.1864
407 4943 424 4930 451 4963 433 4977 ship 0.1857
615 3499 635 3488 657 3528 636 3539 ship 0.1829
617 3528 638 3519 657 3561 635 3570 ship 0.1819
586 3496 605 3485 627 3524 608 3535 ship 0.1809
474 4778 500 4766 535 4844 509 4855 ship 0.1807
609 3402 630 3393 650 3443 628 3452 ship 0.1791
1308 2841 1330 2843 1326 2902 1303 2901 ship 0.1699
530 3643 549 3633 570 3676 551 3685 ship 0.1696
591 3447 610 3437 630 3478 610 3487 ship 0.1691
663 3504 679 3487 712 3520 696 3536 ship 0.1639
511 4804 538 4795 562 4869 535 4877 ship 0.1631
705 3497 710 3472 768 3486 762 3510 ship 0.1626
545 3548 563 3535 587 3569 569 3581 ship 0.1622
2156 871 2179 854 2225 915 2202 932 ship 0.1614
657 3525 676 3512 701 3552 682 3564 ship 0.1599
609 3556 628 3548 645 3587 625 3595 ship 0.1579
660 3462 676 3445 709 3477 693 3494 ship 0.1561
2164 5001 2191 4995 2207 5066 2179 5072 ship 0.1488
420 4981 440 4971 461 5011 441 5021 ship 0.1485
506 3615 524 3604 547 3641 529 3653 ship 0.1465
3760 3001 3780 2989 3810 3042 3790 3054 ship 0.1444
429 5009 455 5005 463 5058 437 5062 ship 0.1426
297 2556 315 2538 354 2578 337 2595 ship 0.1410
427 4798 453 4792 466 4852 441 4858 ship 0.1386
499 3589 516 3575 543 3608 526 3622 ship 0.1365
533 3676 552 3666 576 3712 557 3722 ship 0.1363
480 4953 493 4935 527 4961 514 4978 ship 0.1360
645 3415 665 3402 693 3447 674 3460 ship 0.1340
511 3643 530 3633 551 3674 532 3684 ship 0.1337
549 3501 567 3490 588 3522 571 3534 ship 0.1332
3758 2951 3777 2936 3817 2987 3799 3002 ship 0.1331
653 3548 671 3539 689 3576 671 3585 ship 0.1293
2198 886 2222 868 2266 926 2242 944 ship 0.1283
539 2659 559 2650 579 2699 559 2708 ship 0.1250
2110 837 2128 825 2158 869 2140 882 ship 0.1206
1687 2869 1701 2848 1746 2880 1732 2900 ship 0.1198
552 3458 570 3448 589 3483 571 3493 ship 0.1195
3763 3062 3784 3052 3808 3107 3787 3116 ship 0.1183
1326 2827 1349 2827 1349 2883 1326 2883 ship 0.1180
3117 1841 3138 1837 3150 1890 3128 1895 ship 0.1177
577 1951 599 1945 611 1996 589 2002 ship 0.1176
3716 2951 3737 2942 3762 2998 3741 3007 ship 0.1165
275 2570 293 2554 322 2588 305 2604 ship 0.1163
3714 2999 3736 2992 3755 3048 3733 3055 ship 0.1156
602 3605 619 3595 640 3633 622 3642 ship 0.1154
2070 888 2089 875 2117 919 2098 932 ship 0.1151
2034 551 2056 548 2064 605 2041 608 ship 0.1147
863 3772 869 3749 920 3762 914 3785 ship 0.1136
378 4824 407 4818 422 4893 393 4899 ship 0.1134
2953 1720 2974 1716 2984 1774 2962 1777 ship 0.1132
270 4515 293 4502 321 4553 298 4566 ship 0.1123
395 4964 415 4956 431 4995 411 5003 ship 0.1122
567 2658 586 2649 605 2693 586 2702 ship 0.1116
709 3510 722 3491 767 3522 754 3541 ship 0.1105
3106 1871 3129 1868 3137 1924 3114 1927 ship 0.1099
3019 1865 3040 1854 3070 1910 3049 1922 ship 0.1090
852 3817 864 3800 901 3825 889 3843 ship 0.1089
2111 867 2132 855 2162 906 2141 918 ship 0.1083
560 3645 579 3636 598 3677 580 3686 ship 0.1077
514 4874 529 4860 557 4889 542 4904 ship 0.1077
1614 2993 1630 2978 1662 3010 1647 3025 ship 0.1068
2134 704 2154 697 2169 741 2150 748 ship 0.1068
694 3552 711 3541 734 3578 717 3589 ship 0.1066
3718 2924 3738 2912 3770 2966 3750 2978 ship 0.1050
3478 2029 3611 1950 3928 2484 3795 2562 ship 0.1047
1336 3124 1356 3109 1396 3163 1376 3178 ship 0.1045
3051 1875 3073 1868 3092 1925 3070 1932 ship 0.1040
3713 3060 3735 3051 3759 3110 3737 3118 ship 0.1033
494 3552 509 3537 537 3566 521 3581 ship 0.1029
2960 1679 2981 1674 2994 1731 2973 1736 ship 0.1029
1365 3055 1364 3009 1503 3006 1505 3051 ship 0.1018
2076 710 2096 703 2111 748 2091 755 ship 0.1012
697 3460 708 3438 761 3463 751 3486 ship 0.1001
520 1323 482 1237 599 1186 636 1272 storage-tank 0.1593
466 666 511 550 645 602 599 718 storage-tank 0.1410
4129 538 4132 503 4199 507 4196 543 storage-tank 0.1360
1524 1088 1607 1011 1699 1111 1616 1188 storage-tank 0.1359
404 4816 432 4812 442 4878 413 4882 storage-tank 0.1342
3314 3410 3313 3349 3409 3348 3410 3409 storage-tank 0.1293
324 1049 340 987 427 1009 412 1070 storage-tank 0.1282
376 1147 398 1139 416 1183 393 1192 storage-tank 0.1265
854 251 888 219 938 272 904 304 storage-tank 0.1241
338 1135 358 1122 389 1167 369 1181 storage-tank 0.1155
506 1489 528 1473 561 1519 539 1535 storage-tank 0.1150
426 1139 450 1129 470 1178 446 1188 storage-tank 0.1118
1893 1371 1850 1280 1965 1225 2008 1316 storage-tank 0.1098
445 1456 467 1445 491 1490 470 1502 storage-tank 0.1040
502 5012 539 5004 555 5076 518 5084 storage-tank 0.1022
462 4828 489 4815 521 4884 494 4896 storage-tank 0.1016
462 1428 479 1411 511 1442 494 1459 storage-tank 0.1015
2287 4644 2318 4421 2559 4454 2529 4677 roundabout 0.1356
525 3727 682 3542 919 3743 762 3928 harbor 0.1345
2686 3102 2877 3140 2821 3422 2630 3384 harbor 0.1170
2347 4687 2282 4499 2522 4417 2586 4605 harbor 0.1146
2642 3141 2866 3162 2842 3413 2619 3392 helicopter 0.1201
466 666 511 550 645 602 599 718 helicopter 0.1189
1531 1076 1613 1008 1696 1109 1614 1177 helicopter 0.1119
2542 2109 2430 1919 2649 1791 2760 1981 helicopter 0.1047
1110 2619 1112 2401 1346 2402 1345 2620 helicopter 0.1043
2333 4681 2283 4484 2514 4425 2564 4623 helicopter 0.1014
