334 553 353 288 639 308 621 573 plane 0.9457
429 3247 674 3190 742 3481 497 3538 plane 0.9326
368 1598 477 1591 488 1763 379 1771 plane 0.7311
352 2424 389 2229 621 2273 583 2469 plane 0.4937
339 1190 496 1087 613 1266 456 1368 plane 0.4894
351 2414 398 2225 621 2280 574 2469 bridge 0.1262
430 3243 665 3184 736 3465 501 3524 bridge 0.1172
1094 3886 1108 3871 1145 3904 1132 3919 small-vehicle 0.1103
1074 3883 1088 3869 1117 3900 1103 3913 small-vehicle 0.1068
1036 3884 1050 3871 1076 3900 1061 3913 small-vehicle 0.1051
1008 3886 1021 3872 1050 3898 1037 3912 small-vehicle 0.1032
1188 2738 1196 2720 1236 2740 1228 2757 small-vehicle 0.1002
644 1401 670 1399 675 1475 649 1477 ship 0.1827
430 2448 449 2428 488 2466 468 2486 ship 0.1132
336 1207 483 1086 615 1247 468 1368 roundabout 0.1291
341 562 349 297 628 306 620 570 roundabout 0.1231
329 1231 458 1084 616 1222 487 1369 harbor 0.3754
346 2445 375 2232 616 2264 588 2477 harbor 0.2862
371 1596 477 1590 488 1760 382 1767 harbor 0.1938
366 573 343 324 610 299 633 549 harbor 0.1532
368 1598 477 1591 488 1763 379 1771 helicopter 0.1819
333 1211 479 1086 617 1246 472 1372 helicopter 0.1655
334 553 353 288 639 308 621 573 helicopter 0.1220
