2856 2607 2880 2590 2928 2660 2903 2677 bridge 0.1202
1575 1344 1595 1315 1703 1391 1683 1420 bridge 0.1064
1920 797 1915 767 2005 752 2010 782 ship 0.3296
1668 2087 1689 2059 1763 2116 1742 2144 ship 0.2917
1575 1344 1595 1315 1703 1391 1683 1420 ship 0.2260
586 3559 546 3501 755 3355 795 3413 ship 0.2153
360 2940 406 2960 324 3149 278 3129 ship 0.2112
1674 2179 1696 2159 1746 2212 1724 2232 ship 0.1970
283 1357 323 1377 273 1474 234 1454 ship 0.1936
1495 3034 1476 2998 1588 2937 1608 2974 ship 0.1868
1232 2560 1259 2575 1215 2653 1188 2638 ship 0.1732
1675 2129 1693 2104 1755 2149 1737 2173 ship 0.1610
1543 3098 1519 3065 1616 2996 1640 3029 ship 0.1583
455 3651 433 3620 553 3532 575 3562 ship 0.1517
1337 2596 1363 2610 1323 2685 1297 2671 ship 0.1464
1149 1866 1177 1875 1160 1933 1132 1925 ship 0.1384
1607 811 1615 773 1791 814 1783 852 ship 0.1368
1934 2524 1960 2541 1904 2623 1879 2606 ship 0.1334
1038 3531 1062 3511 1206 3691 1182 3710 ship 0.1321
1136 3619 1161 3600 1270 3741 1245 3760 ship 0.1320
1271 2565 1303 2582 1258 2668 1226 2651 ship 0.1211
488 3718 461 3688 578 3581 605 3610 ship 0.1121
1404 2954 1406 2927 1474 2932 1473 2958 ship 0.1075
1207 3316 1233 3300 1292 3394 1266 3410 ship 0.1052
1575 3139 1554 3107 1645 3046 1666 3078 ship 0.1030
1897 2499 1923 2519 1863 2595 1837 2576 ship 0.1023
1605 3168 1584 3137 1667 3080 1688 3111 ship 0.1004
2966 1880 3060 1878 3062 1977 2969 1979 storage-tank 0.1888
132 2144 191 2142 193 2206 134 2208 storage-tank 0.1852
2965 1881 3061 1880 3062 1980 2966 1981 roundabout 0.2028
132 2144 191 2142 193 2206 134 2208 roundabout 0.1185
1872 1752 1915 1708 2012 1802 1969 1847 harbor 0.1456
1575 1344 1595 1315 1703 1391 1683 1420 harbor 0.1258
1247 960 1226 862 1730 750 1751 847 harbor 0.1121
