3722 2352 3754 2358 3735 2450 3703 2444 bridge 0.2901
3178 3020 3206 3013 3223 3076 3195 3083 bridge 0.1712
431 1727 448 1678 525 1704 509 1754 bridge 0.1655
3292 2819 3294 2787 3374 2791 3372 2823 bridge 0.1546
3238 206 3329 229 3232 603 3141 579 bridge 0.1330
3244 2963 3265 2947 3317 3015 3296 3031 bridge 0.1313
1186 3325 1264 3349 1225 3474 1147 3449 bridge 0.1268
1388 1549 1416 1546 1422 1601 1394 1604 bridge 0.1228
985 1202 925 922 1373 826 1433 1106 ground-track-field 0.1294
2177 989 2262 988 2263 1080 2179 1081 storage-tank 0.4079
3580 482 3608 448 3653 487 3625 520 storage-tank 0.1407
997 1191 946 911 1372 833 1423 1113 soccer-ball-field 0.1019
2177 989 2262 988 2263 1080 2179 1081 roundabout 0.1323
