3282 3428 3301 3397 3459 3495 3440 3525 bridge 0.1357
2742 1359 2847 1339 2888 1549 2782 1569 ground-track-field 0.1368
247 3562 306 3565 303 3626 243 3623 storage-tank 0.4980
137 3441 182 3445 177 3497 132 3493 storage-tank 0.4496
169 3516 216 3516 216 3568 169 3567 storage-tank 0.4321
62 3387 106 3388 105 3439 60 3438 storage-tank 0.4249
106 3355 152 3353 154 3405 108 3407 storage-tank 0.4061
166 3418 213 3418 214 3471 166 3472 storage-tank 0.4006
219 3475 267 3472 270 3526 221 3528 storage-tank 0.3711
29 3278 70 3278 70 3325 29 3325 storage-tank 0.3472
61 3322 104 3321 105 3370 62 3371 storage-tank 0.3465
107 3409 149 3411 146 3457 104 3455 storage-tank 0.2867
74 3435 115 3435 115 3484 73 3483 storage-tank 0.2737
413 3735 455 3732 459 3778 416 3781 storage-tank 0.2603
200 3557 249 3552 254 3606 205 3610 storage-tank 0.2194
106 3464 145 3464 145 3510 106 3510 storage-tank 0.2175
39 3415 76 3415 77 3459 39 3460 storage-tank 0.1834
454 3785 499 3779 506 3828 461 3834 storage-tank 0.1510
157 3483 199 3473 210 3520 168 3531 storage-tank 0.1396
205 3433 243 3432 244 3475 206 3476 storage-tank 0.1297
0 3263 39 3264 38 3306 0 3304 storage-tank 0.1212
145 3364 185 3362 188 3408 148 3411 storage-tank 0.1210
275 3509 318 3510 317 3557 274 3557 storage-tank 0.1195
314 3542 358 3544 356 3596 312 3593 storage-tank 0.1186
126 3519 161 3518 163 3560 128 3562 storage-tank 0.1139
-11 3305 33 3296 44 3351 0 3360 storage-tank 0.1045
-14 3350 28 3340 39 3393 -3 3402 storage-tank 0.1042
