2144 1151 2189 1092 2254 1141 2210 1200 plane 0.4621
2209 853 2270 829 2298 898 2236 922 plane 0.3916
2249 1010 2245 949 2314 944 2318 1005 plane 0.3856
2057 1305 2067 1252 2131 1265 2120 1318 plane 0.3450
2112 1325 2128 1277 2183 1296 2167 1344 plane 0.1875
2202 1185 2238 1138 2294 1182 2258 1229 plane 0.1685
2172 1283 2215 1254 2249 1304 2206 1333 plane 0.1286
2106 1264 2133 1233 2170 1266 2143 1297 plane 0.1172
2145 1245 2178 1219 2208 1259 2176 1284 plane 0.1109
1583 1497 1700 1580 1547 1795 1429 1711 bridge 0.1895
2009 1127 2108 1086 2150 1189 2052 1230 storage-tank 0.1541
2150 1151 2195 1095 2260 1148 2214 1204 storage-tank 0.1529
