1340 1198 1376 1204 1353 1348 1317 1342 bridge 0.3043
2650 1527 2613 1453 2714 1403 2751 1477 bridge 0.2883
2567 2428 2606 2410 2647 2501 2608 2518 bridge 0.2879
2135 2638 2176 2641 2169 2730 2129 2727 bridge 0.2732
1640 1289 1673 1297 1651 1390 1618 1382 bridge 0.2384
2055 1534 2118 1503 2180 1626 2117 1658 bridge 0.1374
431 535 413 505 488 460 506 491 ship 0.2146
476 615 457 586 534 536 553 566 ship 0.1609
350 272 384 256 445 383 411 399 ship 0.1410
2628 2692 2670 2677 2713 2801 2670 2816 ship 0.1317
502 651 481 624 549 571 570 598 ship 0.1201
1340 1198 1376 1204 1353 1348 1317 1342 harbor 0.1202
2567 2428 2606 2410 2647 2501 2608 2518 harbor 0.1014
