62 362 78 375 51 407 36 394 small-vehicle 0.4530
308 339 308 318 345 318 345 339 small-vehicle 0.3731
110 555 112 531 173 536 171 561 small-vehicle 0.2781
337 798 340 774 418 784 415 808 small-vehicle 0.1754
503 899 497 880 531 869 537 888 small-vehicle 0.1441
338 744 341 719 453 732 450 757 large-vehicle 0.6304
58 952 60 927 176 938 174 963 large-vehicle 0.6223
61 919 65 895 175 910 171 934 large-vehicle 0.5606
310 878 313 852 431 867 428 893 large-vehicle 0.5562
344 529 347 506 471 523 467 546 large-vehicle 0.4969
110 555 112 531 173 536 171 561 large-vehicle 0.4728
286 925 289 901 420 921 416 944 large-vehicle 0.4632
312 851 314 827 438 840 435 863 large-vehicle 0.4474
348 609 352 586 475 606 471 629 large-vehicle 0.4254
284 979 288 956 418 976 414 999 large-vehicle 0.4238
334 797 337 774 418 785 414 808 large-vehicle 0.3651
368 427 370 404 495 415 493 439 large-vehicle 0.3580
321 822 325 798 438 813 435 837 large-vehicle 0.2579
333 770 336 745 451 760 448 785 large-vehicle 0.2499
96 686 97 663 175 668 174 690 large-vehicle 0.1757
62 362 78 375 51 407 36 394 large-vehicle 0.1036
56 951 59 926 173 938 171 963 ship 0.1016
