931 333 939 308 1011 331 1003 356 small-vehicle 0.1412
1292 303 1316 313 1288 377 1265 367 small-vehicle 0.1402
690 3167 688 3148 728 3144 730 3163 small-vehicle 0.1385
725 2160 747 2168 723 2226 702 2217 small-vehicle 0.1382
994 1637 1002 1621 1039 1638 1031 1655 small-vehicle 0.1372
226 3241 244 3245 232 3293 214 3289 small-vehicle 0.1369
807 1157 819 1134 880 1164 869 1187 small-vehicle 0.1362
384 2986 407 2997 381 3052 358 3041 small-vehicle 0.1355
1468 536 1488 539 1479 592 1459 589 small-vehicle 0.1340
1167 1841 1190 1841 1188 1899 1165 1899 small-vehicle 0.1331
1063 1574 1079 1574 1079 1616 1063 1616 small-vehicle 0.1302
474 2774 495 2777 486 2828 465 2825 small-vehicle 0.1295
3031 3296 3034 3271 3093 3280 3090 3305 small-vehicle 0.1291
720 1902 721 1880 772 1882 771 1904 small-vehicle 0.1290
2637 3010 2634 2992 2671 2986 2674 3004 small-vehicle 0.1282
1111 381 1116 356 1177 369 1172 394 small-vehicle 0.1241
1736 419 1758 419 1757 469 1734 468 small-vehicle 0.1236
1668 389 1688 391 1684 440 1663 438 small-vehicle 0.1233
1041 1590 1056 1586 1066 1622 1051 1626 small-vehicle 0.1215
1370 329 1396 333 1387 392 1361 388 small-vehicle 0.1212
909 1290 910 1266 963 1268 962 1293 small-vehicle 0.1208
813 1643 833 1648 821 1702 800 1697 small-vehicle 0.1203
1577 522 1582 500 1642 514 1637 537 small-vehicle 0.1203
3050 3055 3043 3035 3089 3020 3095 3039 small-vehicle 0.1185
1043 1561 1058 1557 1069 1595 1054 1599 small-vehicle 0.1184
610 2190 630 2190 629 2238 610 2238 small-vehicle 0.1181
568 2285 591 2283 595 2339 572 2341 small-vehicle 0.1175
612 3182 613 3165 647 3167 646 3184 small-vehicle 0.1174
1012 1567 1024 1556 1047 1584 1035 1594 small-vehicle 0.1149
584 3194 584 3177 618 3177 618 3194 small-vehicle 0.1149
322 3143 340 3147 333 3187 315 3183 small-vehicle 0.1147
1646 377 1667 377 1665 426 1645 426 small-vehicle 0.1144
239 3250 256 3251 252 3291 235 3290 small-vehicle 0.1142
934 1147 935 1125 985 1125 985 1147 small-vehicle 0.1136
633 1120 653 1131 622 1186 603 1176 small-vehicle 0.1134
1869 3331 1867 3306 1925 3303 1927 3328 small-vehicle 0.1127
1724 633 1733 617 1768 636 1760 652 small-vehicle 0.1126
1107 2290 1111 2270 1162 2282 1158 2301 small-vehicle 0.1121
371 2914 382 2895 426 2921 415 2940 small-vehicle 0.1121
1247 450 1262 426 1322 462 1308 486 small-vehicle 0.1120
679 2194 699 2196 694 2240 674 2237 small-vehicle 0.1114
1009 1658 1016 1644 1044 1660 1036 1674 small-vehicle 0.1112
1710 711 1716 693 1759 708 1753 726 small-vehicle 0.1111
1004 1610 1015 1599 1040 1625 1028 1635 small-vehicle 0.1110
1874 681 1880 659 1943 679 1936 701 small-vehicle 0.1104
2985 3176 2977 3157 3021 3140 3029 3159 small-vehicle 0.1100
938 1452 957 1455 950 1501 931 1498 small-vehicle 0.1099
2658 3056 2670 3045 2695 3070 2683 3082 small-vehicle 0.1098
1762 3258 1783 3250 1804 3309 1782 3316 small-vehicle 0.1096
2785 3022 2782 3001 2837 2994 2840 3015 small-vehicle 0.1093
299 3130 318 3133 309 3176 291 3173 small-vehicle 0.1088
647 2194 667 2197 661 2236 642 2233 small-vehicle 0.1077
1448 78 1448 60 1485 61 1485 79 small-vehicle 0.1076
3063 3071 3056 3053 3096 3037 3103 3056 small-vehicle 0.1072
2952 2944 2953 2926 2988 2929 2986 2947 small-vehicle 0.1072
870 1669 887 1677 868 1718 851 1710 small-vehicle 0.1068
696 3219 693 3204 721 3199 724 3213 small-vehicle 0.1062
344 2998 365 3004 351 3053 329 3047 small-vehicle 0.1061
1291 1188 1296 1169 1335 1179 1330 1197 small-vehicle 0.1058
1470 86 1474 70 1505 78 1501 94 small-vehicle 0.1057
1718 656 1720 639 1758 646 1756 662 small-vehicle 0.1055
637 3171 639 3155 666 3157 665 3174 small-vehicle 0.1051
1687 1283 1703 1275 1721 1310 1705 1318 small-vehicle 0.1048
1701 408 1721 412 1713 456 1693 453 small-vehicle 0.1047
1699 554 1717 555 1715 599 1697 598 small-vehicle 0.1043
1642 1425 1660 1425 1659 1469 1641 1468 small-vehicle 0.1041
1874 706 1880 683 1944 698 1939 721 small-vehicle 0.1038
769 3148 770 3131 805 3132 804 3149 small-vehicle 0.1038
698 3194 694 3180 722 3173 725 3188 small-vehicle 0.1037
1047 1706 1059 1697 1077 1721 1065 1730 small-vehicle 0.1036
538 2797 560 2805 542 2853 520 2845 small-vehicle 0.1035
1384 1884 1388 1865 1439 1874 1436 1894 small-vehicle 0.1030
1523 1869 1525 1852 1558 1856 1556 1873 small-vehicle 0.1028
1267 294 1289 301 1273 355 1251 349 small-vehicle 0.1027
1033 1675 1043 1665 1063 1683 1054 1694 small-vehicle 0.1027
1727 598 1743 590 1762 626 1746 634 small-vehicle 0.1026
3075 3108 3068 3091 3104 3076 3111 3094 small-vehicle 0.1022
1778 1295 1793 1285 1817 1319 1802 1329 small-vehicle 0.1018
1424 68 1424 51 1461 51 1461 68 small-vehicle 0.1016
1882 586 1884 567 1928 572 1926 591 small-vehicle 0.1014
603 1107 623 1117 595 1171 575 1160 small-vehicle 0.1010
1715 412 1737 413 1734 455 1713 454 small-vehicle 0.1009
868 1091 873 1073 916 1086 911 1104 small-vehicle 0.1006
582 1097 602 1109 570 1163 549 1151 small-vehicle 0.1006
2681 3047 2693 3036 2716 3062 2704 3073 small-vehicle 0.1006
1926 3244 1940 3233 1967 3266 1953 3277 small-vehicle 0.1004
950 416 966 411 980 453 964 458 small-vehicle 0.1003
2466 3285 2457 3261 2565 3221 2574 3246 large-vehicle 0.1093
2826 2715 2848 2703 2893 2784 2872 2796 large-vehicle 0.1019
2168 2622 2175 2601 2241 2622 2234 2643 ship 0.3386
2169 2600 2176 2580 2238 2601 2231 2621 ship 0.3117
1995 2676 2002 2659 2054 2681 2047 2698 ship 0.3068
2000 2700 2007 2683 2054 2705 2046 2721 ship 0.3039
2195 2563 2201 2544 2251 2559 2246 2578 ship 0.2563
2292 2603 2296 2587 2337 2598 2333 2614 ship 0.2324
2107 2412 2112 2397 2148 2409 2143 2425 ship 0.2285
1998 2653 2005 2636 2053 2653 2047 2671 ship 0.2211
2101 2441 2106 2427 2138 2439 2133 2453 ship 0.2170
2294 2617 2301 2601 2339 2617 2333 2632 ship 0.2150
2021 2617 2027 2599 2077 2615 2071 2633 ship 0.2144
2019 2644 2023 2628 2066 2639 2061 2655 ship 0.2123
2109 2383 2114 2366 2158 2379 2153 2396 ship 0.2120
2179 2574 2186 2557 2236 2576 2229 2594 ship 0.2057
2035 2602 2041 2585 2082 2600 2076 2617 ship 0.2009
2038 2581 2043 2564 2086 2577 2081 2594 ship 0.1893
759 2712 774 2701 806 2743 791 2755 ship 0.1846
2084 2449 2090 2434 2128 2449 2122 2464 ship 0.1826
2080 2468 2086 2452 2126 2465 2120 2482 ship 0.1771
2075 2511 2079 2496 2114 2504 2110 2519 ship 0.1768
2233 2600 2239 2586 2267 2598 2260 2612 ship 0.1741
2077 2487 2081 2471 2120 2481 2116 2497 ship 0.1739
2170 2646 2177 2624 2238 2643 2232 2665 ship 0.1724
2279 2620 2286 2607 2314 2621 2307 2635 ship 0.1704
2231 2626 2239 2612 2266 2627 2258 2641 ship 0.1704
1998 2714 2005 2699 2041 2715 2034 2730 ship 0.1686
2048 2551 2052 2535 2093 2545 2089 2561 ship 0.1664
734 2711 751 2701 777 2745 761 2755 ship 0.1643
2296 2585 2300 2569 2336 2576 2333 2592 ship 0.1641
2221 2544 2226 2529 2259 2539 2254 2555 ship 0.1637
2086 2422 2092 2407 2128 2421 2122 2436 ship 0.1636
2305 2568 2308 2553 2348 2561 2345 2576 ship 0.1593
2074 2540 2078 2526 2108 2535 2104 2549 ship 0.1575
2104 2363 2110 2345 2159 2361 2153 2379 ship 0.1448
2230 2640 2239 2626 2264 2644 2255 2657 ship 0.1402
2227 2512 2231 2496 2269 2505 2265 2521 ship 0.1380
2070 2571 2076 2558 2103 2570 2097 2583 ship 0.1356
2231 2485 2235 2469 2276 2479 2272 2496 ship 0.1350
2085 2389 2091 2373 2129 2386 2124 2402 ship 0.1348
2124 2436 2132 2424 2154 2437 2146 2449 ship 0.1315
2315 2537 2319 2519 2365 2529 2361 2547 ship 0.1302
2211 2522 2216 2506 2255 2518 2250 2534 ship 0.1299
2055 2492 2061 2476 2101 2490 2095 2506 ship 0.1241
2275 2635 2284 2623 2308 2639 2299 2652 ship 0.1237
2067 2600 2075 2588 2097 2603 2089 2615 ship 0.1236
2042 2672 2050 2661 2074 2678 2065 2689 ship 0.1227
1903 3055 1851 2859 2549 2672 2601 2868 ship 0.1222
620 622 691 408 1304 610 1233 825 ship 0.1186
780 2708 793 2697 820 2731 807 2741 ship 0.1175
2029 2553 2164 2263 2541 2439 2405 2729 ship 0.1158
2265 2511 2269 2496 2298 2505 2293 2520 ship 0.1089
2303 2550 2307 2534 2340 2541 2337 2557 ship 0.1067
2071 2624 2079 2612 2099 2626 2091 2637 ship 0.1059
714 2703 731 2694 751 2732 734 2741 ship 0.1049
2025 2561 2031 2546 2069 2561 2063 2576 ship 0.1004
2330 2554 2335 2540 2364 2550 2360 2564 ship 0.1003
864 2805 879 2752 950 2772 935 2825 storage-tank 0.1715
2092 2432 2295 2317 2459 2605 2255 2720 harbor 0.1297
