687 933 669 901 721 872 739 905 plane 0.3797
265 466 253 448 292 425 303 443 small-vehicle 0.3772
1474 847 1458 830 1509 780 1525 796 small-vehicle 0.3680
1424 1024 1448 1022 1453 1090 1429 1091 small-vehicle 0.3621
437 597 463 588 484 648 457 657 small-vehicle 0.3574
516 564 542 554 564 610 538 620 small-vehicle 0.3513
1268 521 1283 498 1347 540 1332 563 small-vehicle 0.3468
1528 760 1513 741 1562 701 1577 720 small-vehicle 0.3434
1520 524 1543 521 1549 581 1526 583 small-vehicle 0.3413
1620 718 1621 695 1676 698 1675 721 small-vehicle 0.3343
1487 514 1513 512 1518 582 1493 584 small-vehicle 0.3302
1322 282 1351 289 1333 358 1304 351 small-vehicle 0.3287
1487 951 1469 932 1524 880 1541 898 small-vehicle 0.3258
1471 974 1469 951 1540 945 1542 968 small-vehicle 0.3186
1382 1044 1405 1042 1408 1103 1385 1104 small-vehicle 0.3146
462 588 487 578 510 634 486 644 small-vehicle 0.3137
1265 561 1277 539 1353 580 1341 602 small-vehicle 0.2968
1602 559 1602 536 1659 535 1660 558 small-vehicle 0.2823
1632 688 1631 665 1678 664 1679 687 small-vehicle 0.2727
170 530 160 510 198 492 207 511 small-vehicle 0.2712
1310 1323 1297 1307 1348 1267 1361 1283 small-vehicle 0.2581
937 209 939 186 980 189 979 211 small-vehicle 0.2567
1442 641 1438 619 1513 606 1516 628 small-vehicle 0.2549
992 204 992 179 1037 181 1036 206 small-vehicle 0.2529
39 520 33 503 70 490 76 508 small-vehicle 0.2444
1614 793 1613 770 1659 768 1660 791 small-vehicle 0.2441
1637 434 1654 443 1633 481 1616 471 small-vehicle 0.2403
545 1418 536 1393 605 1368 614 1394 small-vehicle 0.2372
1310 810 1322 790 1389 828 1378 849 small-vehicle 0.2319
1312 941 1328 926 1384 985 1368 1000 small-vehicle 0.2247
355 404 347 383 390 367 398 388 small-vehicle 0.2243
1254 950 1287 947 1293 1028 1261 1031 small-vehicle 0.2179
1582 367 1600 384 1548 444 1529 428 small-vehicle 0.2161
923 73 928 44 993 55 989 84 small-vehicle 0.2146
21 414 38 406 56 447 39 455 small-vehicle 0.2135
311 433 300 416 336 392 347 409 small-vehicle 0.2111
1454 521 1479 518 1488 589 1463 592 small-vehicle 0.2089
1527 333 1549 350 1498 416 1476 399 small-vehicle 0.2073
1622 615 1623 592 1677 594 1676 616 small-vehicle 0.2063
695 1322 707 1307 749 1341 737 1356 small-vehicle 0.2032
1282 634 1294 611 1372 653 1360 675 small-vehicle 0.2019
1292 1291 1282 1274 1333 1244 1343 1261 small-vehicle 0.2013
668 1335 682 1322 719 1360 705 1374 small-vehicle 0.1997
1422 526 1449 523 1458 599 1431 602 small-vehicle 0.1960
1459 760 1444 742 1502 690 1518 707 small-vehicle 0.1957
1306 985 1323 968 1376 1020 1359 1037 small-vehicle 0.1942
449 275 443 258 479 245 485 262 small-vehicle 0.1909
399 381 388 356 434 336 445 361 small-vehicle 0.1880
1319 877 1331 858 1404 903 1392 923 small-vehicle 0.1843
1617 642 1617 618 1686 620 1685 644 small-vehicle 0.1834
721 502 739 494 754 527 736 535 small-vehicle 0.1829
638 1350 652 1336 690 1374 676 1389 small-vehicle 0.1820
1620 588 1620 565 1675 564 1676 587 small-vehicle 0.1794
1308 772 1320 752 1389 793 1378 812 small-vehicle 0.1782
1285 1260 1278 1242 1333 1219 1340 1236 small-vehicle 0.1753
547 552 570 543 590 597 566 606 small-vehicle 0.1720
1486 869 1473 853 1526 809 1539 825 small-vehicle 0.1706
1286 702 1296 682 1374 724 1363 744 small-vehicle 0.1664
1499 650 1519 641 1556 719 1535 729 small-vehicle 0.1651
1274 1236 1262 1214 1323 1183 1334 1204 small-vehicle 0.1648
393 139 401 121 432 134 425 152 small-vehicle 0.1647
646 83 638 68 674 48 682 63 small-vehicle 0.1627
-4 433 9 425 31 462 17 471 small-vehicle 0.1625
1535 1401 1552 1395 1560 1422 1544 1428 small-vehicle 0.1541
769 264 788 249 841 321 822 335 small-vehicle 0.1532
1509 1077 1516 1054 1593 1078 1586 1101 small-vehicle 0.1531
0 562 -10 547 20 524 31 539 small-vehicle 0.1494
1198 1302 1188 1278 1261 1246 1272 1270 small-vehicle 0.1489
383 113 392 96 425 115 416 131 small-vehicle 0.1448
949 247 967 232 1024 300 1005 316 small-vehicle 0.1392
95 578 91 557 133 549 137 570 small-vehicle 0.1368
1473 1107 1474 1085 1533 1086 1532 1108 small-vehicle 0.1352
1504 19 1521 0 1551 27 1533 46 small-vehicle 0.1342
375 87 387 73 415 96 403 110 small-vehicle 0.1335
1545 12 1564 -3 1602 43 1583 59 small-vehicle 0.1318
1481 1052 1482 1029 1555 1029 1554 1052 small-vehicle 0.1284
885 209 888 185 927 190 924 214 small-vehicle 0.1268
1671 750 1673 729 1706 732 1704 754 small-vehicle 0.1258
1356 1331 1358 1316 1388 1321 1385 1336 small-vehicle 0.1179
32 216 50 206 80 256 62 267 small-vehicle 0.1171
894 1236 909 1226 936 1270 921 1279 small-vehicle 0.1154
1202 839 1234 836 1244 940 1212 943 small-vehicle 0.1149
1371 1366 1369 1352 1399 1349 1401 1363 small-vehicle 0.1137
838 1265 851 1253 885 1290 873 1302 small-vehicle 0.1131
870 252 886 235 952 301 936 318 small-vehicle 0.1130
1452 688 1440 671 1502 627 1514 643 small-vehicle 0.1110
1484 902 1470 887 1527 837 1541 852 small-vehicle 0.1105
1510 1407 1523 1402 1532 1426 1518 1431 small-vehicle 0.1046
1366 1354 1364 1340 1395 1337 1396 1351 small-vehicle 0.1044
1474 998 1473 976 1544 974 1545 995 small-vehicle 0.1044
143 211 133 197 164 174 174 187 small-vehicle 0.1044
274 565 265 543 321 521 329 542 small-vehicle 0.1043
127 195 117 180 148 159 158 173 small-vehicle 0.1037
1565 1395 1580 1394 1583 1423 1568 1425 small-vehicle 0.1016
1198 830 1236 826 1254 992 1216 996 large-vehicle 0.5977
1454 521 1479 518 1488 589 1463 592 large-vehicle 0.5120
1487 514 1513 512 1518 582 1493 584 large-vehicle 0.4885
1422 526 1449 523 1458 599 1431 602 large-vehicle 0.4873
1471 974 1469 951 1540 945 1542 968 large-vehicle 0.4278
960 548 947 519 1066 465 1079 494 large-vehicle 0.4040
355 584 341 551 488 486 503 519 large-vehicle 0.3921
1475 1025 1474 1002 1546 999 1547 1022 large-vehicle 0.3869
1619 641 1620 618 1693 621 1692 644 large-vehicle 0.3756
1312 941 1328 926 1384 985 1368 1000 large-vehicle 0.3693
1474 847 1458 830 1509 780 1525 796 large-vehicle 0.3367
1532 331 1553 348 1499 415 1478 398 large-vehicle 0.3306
1306 985 1323 968 1376 1020 1359 1037 large-vehicle 0.3297
769 264 788 249 841 321 822 335 large-vehicle 0.3263
437 597 463 588 484 648 457 657 large-vehicle 0.3255
1484 878 1471 863 1525 817 1537 831 large-vehicle 0.3244
1474 998 1473 976 1544 974 1545 995 large-vehicle 0.3238
1286 702 1296 682 1374 724 1363 744 large-vehicle 0.3222
1582 367 1600 384 1548 444 1529 428 large-vehicle 0.3191
1198 1302 1188 1278 1261 1246 1272 1270 large-vehicle 0.3098
217 725 204 693 335 641 348 673 large-vehicle 0.3058
1463 703 1451 685 1517 640 1529 657 large-vehicle 0.3053
1442 641 1438 619 1513 606 1516 628 large-vehicle 0.3018
1484 902 1470 887 1527 837 1541 852 large-vehicle 0.2989
1282 634 1294 611 1372 653 1360 675 large-vehicle 0.2972
1487 951 1469 932 1524 880 1541 898 large-vehicle 0.2960
545 1418 536 1393 605 1368 614 1394 large-vehicle 0.2957
1520 524 1543 521 1549 581 1526 583 large-vehicle 0.2910
921 464 908 439 978 401 991 426 large-vehicle 0.2909
1322 282 1351 289 1333 358 1304 351 large-vehicle 0.2816
1424 1024 1448 1022 1453 1090 1429 1091 large-vehicle 0.2804
1509 1077 1516 1054 1593 1078 1586 1101 large-vehicle 0.2774
988 626 976 597 1099 547 1111 577 large-vehicle 0.2721
1382 1044 1405 1042 1408 1103 1385 1104 large-vehicle 0.2716
1481 1052 1482 1029 1555 1029 1554 1052 large-vehicle 0.2680
285 519 268 489 356 438 374 468 large-vehicle 0.2644
1310 810 1322 790 1389 828 1378 849 large-vehicle 0.2553
1255 953 1286 951 1294 1027 1263 1030 large-vehicle 0.2552
775 437 761 404 909 342 923 375 large-vehicle 0.2538
1319 877 1331 858 1404 903 1392 923 large-vehicle 0.2515
1459 760 1444 742 1502 690 1518 707 large-vehicle 0.2482
174 594 158 572 266 497 281 520 large-vehicle 0.2433
1308 772 1320 752 1389 793 1378 812 large-vehicle 0.2432
1602 559 1602 536 1659 535 1660 558 large-vehicle 0.2369
732 276 751 262 806 335 787 349 large-vehicle 0.2360
949 247 967 232 1024 300 1005 316 large-vehicle 0.2264
516 564 542 554 564 610 538 620 large-vehicle 0.2246
396 365 424 350 467 434 439 448 large-vehicle 0.2241
801 255 819 241 879 315 861 330 large-vehicle 0.2199
505 529 491 499 663 418 677 447 large-vehicle 0.2198
867 244 885 229 947 304 929 319 large-vehicle 0.2183
839 258 856 244 911 312 894 326 large-vehicle 0.2047
1285 1260 1278 1242 1333 1219 1340 1236 large-vehicle 0.1972
1452 688 1440 671 1502 627 1514 643 large-vehicle 0.1951
462 588 487 578 510 634 486 644 large-vehicle 0.1919
1528 760 1513 741 1562 701 1577 720 large-vehicle 0.1885
1265 561 1277 539 1353 580 1341 602 large-vehicle 0.1825
1473 1107 1474 1085 1533 1086 1532 1108 large-vehicle 0.1751
1337 1046 1367 1045 1370 1142 1341 1143 large-vehicle 0.1682
1292 1291 1282 1274 1333 1244 1343 1261 large-vehicle 0.1659
1310 1323 1297 1307 1348 1267 1361 1283 large-vehicle 0.1637
894 1236 909 1226 936 1270 921 1279 large-vehicle 0.1621
668 1335 682 1322 719 1360 705 1374 large-vehicle 0.1613
695 1322 707 1307 749 1341 737 1356 large-vehicle 0.1587
1625 614 1625 593 1679 594 1678 616 large-vehicle 0.1572
1457 710 1457 687 1573 687 1573 710 large-vehicle 0.1562
638 1350 652 1336 690 1374 676 1389 large-vehicle 0.1517
1272 1235 1262 1214 1324 1184 1334 1205 large-vehicle 0.1476
838 1263 851 1251 885 1288 873 1300 large-vehicle 0.1445
360 376 390 359 447 459 418 476 large-vehicle 0.1444
286 563 272 538 393 468 407 492 large-vehicle 0.1401
438 501 422 475 503 425 519 451 large-vehicle 0.1369
160 708 189 698 210 760 181 770 large-vehicle 0.1307
1620 588 1620 565 1675 564 1676 587 large-vehicle 0.1266
1506 24 1533 -22 1711 81 1685 127 large-vehicle 0.1250
721 291 740 278 783 346 764 358 large-vehicle 0.1214
1223 761 1252 756 1269 854 1240 859 large-vehicle 0.1149
1026 253 1046 237 1097 300 1077 315 large-vehicle 0.1138
1622 719 1623 695 1680 698 1678 721 large-vehicle 0.1126
689 292 707 280 754 350 736 362 large-vehicle 0.1106
1268 521 1283 498 1347 540 1332 563 large-vehicle 0.1060
1372 113 1379 95 1442 117 1435 135 large-vehicle 0.1024
1628 687 1628 664 1681 663 1681 686 large-vehicle 0.1015
547 552 570 543 590 597 566 606 large-vehicle 0.1008
1712 1130 1712 1114 1749 1114 1749 1130 large-vehicle 0.1002
1322 282 1351 289 1333 358 1304 351 ship 0.2229
454 1188 447 1172 503 1149 510 1165 ship 0.2175
389 1044 382 1027 445 1002 452 1020 ship 0.2004
175 1425 170 1410 221 1392 226 1407 ship 0.1860
1424 1024 1448 1022 1453 1090 1429 1091 ship 0.1607
432 1136 425 1120 483 1094 490 1109 ship 0.1509
1310 810 1322 790 1389 828 1378 849 ship 0.1485
223 980 238 972 273 1043 258 1050 ship 0.1418
1300 769 1312 749 1388 794 1376 814 ship 0.1403
1382 1044 1405 1042 1408 1103 1385 1104 ship 0.1384
1312 941 1328 926 1384 985 1368 1000 ship 0.1335
260 1080 256 1071 283 1058 287 1068 ship 0.1216
1471 974 1469 951 1540 945 1542 968 ship 0.1191
545 1418 536 1393 605 1368 614 1394 ship 0.1185
1306 985 1323 968 1376 1020 1359 1037 ship 0.1168
1282 634 1294 611 1372 653 1360 675 ship 0.1059
894 1236 909 1226 936 1270 921 1279 ship 0.1054
245 1054 252 1043 281 1060 274 1071 ship 0.1036
212 962 211 949 242 948 242 961 ship 0.1033
1442 641 1438 619 1513 606 1516 628 ship 0.1030
1286 702 1296 682 1374 724 1363 744 ship 0.1027
1265 561 1277 539 1353 580 1341 602 ship 0.1014
1255 953 1286 951 1294 1027 1263 1030 tennis-court 0.1013
1748 663 1779 659 1785 694 1753 698 storage-tank 0.1701
1747 634 1771 621 1787 652 1763 664 storage-tank 0.1173
100 1248 158 1211 206 1288 148 1325 harbor 0.5448
21 1078 40 1022 111 1045 92 1102 harbor 0.5148
86 1184 70 1157 122 1126 138 1153 harbor 0.3136
746 1070 735 1049 787 1023 798 1044 harbor 0.2449
725 1020 712 994 767 966 781 992 harbor 0.2431
497 1296 487 1278 539 1250 549 1268 harbor 0.2354
385 1049 378 1032 441 1004 448 1021 harbor 0.1907
437 1134 430 1118 482 1094 490 1110 harbor 0.1781
371 967 362 954 407 924 416 938 harbor 0.1497
690 933 672 902 723 872 741 903 harbor 0.1486
466 1187 458 1171 504 1147 512 1163 harbor 0.1330
353 942 341 919 393 891 405 914 harbor 0.1325
658 852 642 824 694 796 709 825 harbor 0.1096
692 932 674 900 724 873 741 905 swimming-pool 0.1139
