824 1109 845 1104 860 1159 838 1165 small-vehicle 0.3235
667 1039 661 1015 724 999 731 1023 small-vehicle 0.3200
653 1153 676 1147 692 1208 668 1214 small-vehicle 0.3060
560 599 554 575 615 561 620 586 small-vehicle 0.2386
335 233 351 233 351 264 336 264 small-vehicle 0.2138
509 1190 534 1183 552 1243 528 1250 small-vehicle 0.2075
611 805 604 782 662 765 669 788 small-vehicle 0.2065
557 874 554 852 613 842 617 865 small-vehicle 0.2050
567 1169 590 1163 605 1226 583 1232 small-vehicle 0.1926
902 1080 926 1074 942 1136 918 1143 small-vehicle 0.1914
623 1157 645 1151 663 1212 641 1219 small-vehicle 0.1905
874 1091 897 1086 912 1148 889 1153 small-vehicle 0.1903
598 745 591 721 651 705 658 729 small-vehicle 0.1892
652 976 646 951 708 935 714 961 small-vehicle 0.1878
641 918 635 893 696 878 702 904 small-vehicle 0.1838
630 890 624 867 683 852 689 875 small-vehicle 0.1834
451 1199 478 1194 490 1256 463 1262 small-vehicle 0.1831
509 675 504 652 562 640 567 663 small-vehicle 0.1814
652 1010 646 983 715 967 722 993 small-vehicle 0.1793
592 990 585 968 640 952 647 974 small-vehicle 0.1771
554 569 546 545 606 527 613 551 small-vehicle 0.1747
359 234 374 234 373 265 357 264 small-vehicle 0.1740
790 1111 813 1104 833 1167 810 1174 small-vehicle 0.1719
477 555 471 534 529 518 535 539 small-vehicle 0.1703
603 774 598 750 658 736 663 760 small-vehicle 0.1666
603 1051 597 1029 652 1012 659 1034 small-vehicle 0.1663
582 959 577 938 635 924 640 946 small-vehicle 0.1660
533 761 528 738 586 726 591 748 small-vehicle 0.1647
314 240 327 237 334 265 320 268 small-vehicle 0.1502
480 1198 503 1191 520 1250 497 1257 small-vehicle 0.1468
609 446 603 429 638 417 644 434 small-vehicle 0.1434
282 441 276 422 327 407 333 426 small-vehicle 0.1433
501 643 496 622 554 609 559 629 small-vehicle 0.1430
541 791 535 769 590 753 596 775 small-vehicle 0.1373
610 1082 605 1063 662 1050 667 1068 small-vehicle 0.1351
485 586 479 567 538 550 543 569 small-vehicle 0.1328
624 860 618 837 680 822 686 845 small-vehicle 0.1307
302 244 315 241 323 266 310 270 small-vehicle 0.1264
620 831 614 807 675 793 681 817 small-vehicle 0.1246
572 932 567 911 624 899 628 920 small-vehicle 0.1239
281 467 277 447 335 434 339 453 small-vehicle 0.1237
287 249 298 242 312 265 300 272 small-vehicle 0.1233
315 643 309 621 380 599 387 621 small-vehicle 0.1216
982 961 981 939 1017 937 1018 959 small-vehicle 0.1207
779 348 777 333 810 327 813 343 small-vehicle 0.1179
737 731 740 712 771 716 768 736 small-vehicle 0.1177
596 1019 591 998 645 986 650 1007 small-vehicle 0.1106
314 576 307 553 372 534 379 558 small-vehicle 0.1104
760 1121 783 1113 807 1183 783 1190 small-vehicle 0.1099
367 489 369 476 394 481 391 494 small-vehicle 0.1091
287 491 282 473 340 458 345 477 small-vehicle 0.1084
314 609 307 586 381 563 388 585 small-vehicle 0.1070
850 1104 871 1097 889 1155 867 1162 small-vehicle 0.1025
734 1131 757 1124 777 1188 754 1195 small-vehicle 0.1005
594 1159 617 1154 634 1222 610 1227 small-vehicle 0.1002
745 1074 754 1062 785 1083 776 1096 small-vehicle 0.1001
315 643 309 621 380 599 387 621 large-vehicle 0.6230
314 609 307 586 381 563 388 585 large-vehicle 0.5724
652 976 646 951 708 935 714 961 large-vehicle 0.5169
557 874 554 852 613 842 617 865 large-vehicle 0.4927
652 1010 646 983 715 967 722 993 large-vehicle 0.4871
630 890 624 867 683 852 689 875 large-vehicle 0.4503
874 1091 897 1086 912 1148 889 1153 large-vehicle 0.4493
554 569 546 545 606 527 613 551 large-vehicle 0.4372
509 675 504 652 562 640 567 663 large-vehicle 0.4236
653 1153 676 1147 692 1208 668 1214 large-vehicle 0.4088
582 959 577 938 635 924 640 946 large-vehicle 0.4033
902 1080 926 1074 942 1136 918 1143 large-vehicle 0.3995
667 1039 661 1015 724 999 731 1023 large-vehicle 0.3984
593 989 587 967 642 953 648 975 large-vehicle 0.3880
317 575 310 554 374 535 381 557 large-vehicle 0.3808
560 599 554 575 615 561 620 586 large-vehicle 0.3710
734 1131 757 1124 777 1188 754 1195 large-vehicle 0.3703
604 1050 598 1028 653 1012 659 1034 large-vehicle 0.3667
567 1169 590 1163 605 1226 583 1232 large-vehicle 0.3576
761 1123 783 1116 806 1184 784 1192 large-vehicle 0.3530
641 918 635 893 696 878 702 904 large-vehicle 0.3511
542 791 535 769 591 753 598 775 large-vehicle 0.3476
610 1082 605 1063 662 1050 667 1068 large-vehicle 0.3468
533 761 528 738 586 726 591 748 large-vehicle 0.3467
324 670 318 647 388 630 393 652 large-vehicle 0.3435
595 1164 617 1159 634 1223 612 1229 large-vehicle 0.3424
509 1190 534 1183 552 1243 528 1250 large-vehicle 0.3420
611 805 604 782 662 765 669 788 large-vehicle 0.3410
572 932 567 911 624 899 628 920 large-vehicle 0.3383
624 1160 646 1154 663 1216 641 1222 large-vehicle 0.3364
485 586 479 567 538 550 543 569 large-vehicle 0.3321
452 1202 477 1198 488 1258 463 1263 large-vehicle 0.3243
603 774 598 750 658 736 663 760 large-vehicle 0.3239
479 556 473 535 529 516 536 538 large-vehicle 0.3237
624 860 618 837 680 822 686 845 large-vehicle 0.3205
503 643 498 623 554 608 560 629 large-vehicle 0.3194
287 491 282 473 340 458 345 477 large-vehicle 0.2978
549 820 544 800 603 787 607 807 large-vehicle 0.2872
597 748 591 723 650 707 657 731 large-vehicle 0.2757
824 1109 845 1104 860 1159 838 1165 large-vehicle 0.2737
791 1115 813 1108 833 1169 811 1176 large-vehicle 0.2713
620 831 614 807 675 793 681 817 large-vehicle 0.2697
480 1200 503 1193 521 1251 497 1259 large-vehicle 0.2607
596 1019 591 998 645 986 650 1007 large-vehicle 0.2598
281 467 277 447 335 434 339 453 large-vehicle 0.2173
850 1104 871 1097 889 1155 867 1162 large-vehicle 0.1178
282 441 276 422 327 407 333 426 large-vehicle 0.1013
861 1055 850 1014 923 994 934 1035 swimming-pool 0.1844
