791 729 786 707 862 687 868 709 bridge 0.1131
1188 1167 1182 1146 1237 1130 1243 1152 small-vehicle 0.3961
1163 1086 1157 1066 1200 1054 1206 1073 small-vehicle 0.3555
1211 1219 1207 1199 1252 1189 1256 1209 small-vehicle 0.3403
1326 457 1317 438 1363 418 1372 437 small-vehicle 0.3311
976 252 972 233 1010 225 1014 244 small-vehicle 0.3282
1157 1054 1151 1036 1189 1024 1195 1042 small-vehicle 0.3194
1137 1259 1155 1255 1163 1295 1145 1299 small-vehicle 0.3188
1300 164 1294 147 1329 135 1335 152 small-vehicle 0.2998
1184 1137 1179 1117 1229 1104 1234 1124 small-vehicle 0.2858
935 1365 947 1349 982 1374 971 1390 small-vehicle 0.2830
999 1041 1016 1036 1027 1074 1010 1079 small-vehicle 0.2790
1042 1427 1035 1407 1086 1389 1093 1409 small-vehicle 0.2758
149 472 144 453 183 443 188 461 small-vehicle 0.2742
1027 1278 1047 1271 1066 1320 1045 1328 small-vehicle 0.2663
1024 1039 1041 1034 1051 1073 1035 1078 small-vehicle 0.2629
1273 445 1267 427 1299 416 1305 434 small-vehicle 0.2595
893 585 912 577 936 634 917 642 small-vehicle 0.2561
1084 1181 1104 1174 1119 1215 1099 1222 small-vehicle 0.2538
255 442 252 424 287 418 290 436 small-vehicle 0.2488
1202 627 1193 611 1228 591 1237 607 small-vehicle 0.2488
1166 250 1182 247 1190 287 1174 290 small-vehicle 0.2469
1422 172 1439 176 1429 215 1412 210 small-vehicle 0.2445
276 794 270 775 325 757 332 776 small-vehicle 0.2417
1168 1114 1162 1095 1210 1080 1216 1099 small-vehicle 0.2390
575 289 573 272 610 267 612 285 small-vehicle 0.2385
1338 415 1334 396 1376 388 1380 407 small-vehicle 0.2379
559 547 556 527 611 518 614 538 small-vehicle 0.2341
1218 1245 1212 1224 1260 1212 1265 1233 small-vehicle 0.2333
1052 1031 1067 1026 1080 1059 1066 1065 small-vehicle 0.2323
1286 602 1272 583 1318 550 1331 569 small-vehicle 0.2312
966 1453 959 1430 1016 1413 1023 1436 small-vehicle 0.2300
803 1397 817 1385 842 1416 828 1428 small-vehicle 0.2256
1237 113 1232 98 1266 87 1271 102 small-vehicle 0.2245
528 1570 521 1547 578 1527 586 1551 small-vehicle 0.2238
1253 179 1246 160 1282 147 1289 166 small-vehicle 0.2234
1204 184 1202 165 1240 162 1242 181 small-vehicle 0.2226
1289 490 1282 474 1317 459 1324 475 small-vehicle 0.2211
913 1120 913 1100 960 1099 961 1118 small-vehicle 0.2203
877 613 892 607 905 642 889 647 small-vehicle 0.2203
1013 1137 1029 1130 1043 1163 1027 1170 small-vehicle 0.2200
1159 464 1154 449 1189 438 1194 453 small-vehicle 0.2198
293 378 290 362 323 357 326 373 small-vehicle 0.2195
1297 298 1313 290 1331 324 1316 332 small-vehicle 0.2191
1161 477 1157 462 1191 452 1196 467 small-vehicle 0.2187
935 1089 941 1071 977 1084 971 1101 small-vehicle 0.2185
1216 378 1230 371 1246 401 1232 408 small-vehicle 0.2155
1200 242 1216 238 1226 277 1211 281 small-vehicle 0.2152
1148 253 1163 249 1173 288 1157 292 small-vehicle 0.2143
1247 517 1258 500 1303 530 1292 547 small-vehicle 0.2135
739 614 763 611 773 679 750 683 small-vehicle 0.2134
1348 320 1362 313 1380 349 1366 356 small-vehicle 0.2128
823 234 816 215 860 198 867 217 small-vehicle 0.2128
521 1457 514 1433 581 1415 588 1439 small-vehicle 0.2113
665 334 661 318 697 309 701 325 small-vehicle 0.2101
1071 1119 1090 1114 1101 1154 1082 1159 small-vehicle 0.2099
268 766 263 747 321 730 326 749 small-vehicle 0.2087
409 1054 409 1035 456 1034 456 1053 small-vehicle 0.2078
1386 470 1379 450 1419 437 1426 457 small-vehicle 0.2065
1240 363 1255 356 1271 388 1256 395 small-vehicle 0.2060
516 1428 511 1408 573 1390 579 1410 small-vehicle 0.2038
448 556 438 539 476 519 485 536 small-vehicle 0.2038
781 240 777 222 811 214 815 231 small-vehicle 0.2014
1240 1272 1234 1253 1271 1242 1277 1261 small-vehicle 0.1997
921 576 942 569 961 630 941 637 small-vehicle 0.1995
1204 1192 1199 1170 1251 1157 1256 1179 small-vehicle 0.1988
1388 304 1402 296 1423 336 1409 343 small-vehicle 0.1979
1235 316 1249 306 1272 337 1258 347 small-vehicle 0.1977
1374 309 1388 301 1410 338 1396 346 small-vehicle 0.1950
1389 132 1384 114 1421 105 1425 123 small-vehicle 0.1930
1135 383 1131 367 1164 357 1168 373 small-vehicle 0.1902
1093 1020 1108 1015 1120 1048 1105 1053 small-vehicle 0.1898
969 1147 987 1144 993 1177 975 1181 small-vehicle 0.1889
890 275 885 257 928 245 933 263 small-vehicle 0.1887
1070 1029 1085 1024 1095 1057 1080 1061 small-vehicle 0.1875
794 301 789 284 825 273 831 291 small-vehicle 0.1871
1344 283 1359 273 1380 306 1366 316 small-vehicle 0.1868
1224 239 1240 234 1251 273 1235 277 small-vehicle 0.1866
366 408 364 389 397 386 399 405 small-vehicle 0.1859
1232 852 1250 840 1289 900 1271 912 small-vehicle 0.1850
1317 334 1331 327 1347 359 1332 366 small-vehicle 0.1843
1152 439 1146 424 1178 412 1183 426 small-vehicle 0.1842
1366 317 1381 311 1396 346 1381 352 small-vehicle 0.1842
1052 506 1045 484 1100 468 1106 489 small-vehicle 0.1832
791 729 786 707 862 687 868 709 small-vehicle 0.1823
266 738 262 719 326 704 330 723 small-vehicle 0.1814
452 392 449 374 482 367 486 385 small-vehicle 0.1798
1188 250 1203 246 1212 282 1197 286 small-vehicle 0.1796
915 1509 911 1487 968 1479 971 1501 small-vehicle 0.1792
845 608 864 604 875 657 855 661 small-vehicle 0.1742
1400 265 1413 256 1444 299 1431 308 small-vehicle 0.1704
1121 333 1121 317 1155 318 1154 334 small-vehicle 0.1695
1145 412 1140 396 1174 387 1178 402 small-vehicle 0.1688
1051 1262 1071 1253 1092 1300 1073 1309 small-vehicle 0.1629
7 571 22 566 33 598 18 603 small-vehicle 0.1619
992 1146 1008 1141 1018 1175 1002 1180 small-vehicle 0.1618
1183 555 1179 538 1213 530 1217 547 small-vehicle 0.1614
569 918 563 896 618 881 624 903 small-vehicle 0.1611
1157 452 1151 438 1184 425 1190 440 small-vehicle 0.1593
384 692 407 686 423 754 400 759 small-vehicle 0.1592
867 212 863 195 897 188 901 205 small-vehicle 0.1588
1139 397 1133 381 1166 371 1171 387 small-vehicle 0.1576
310 891 305 873 363 858 368 876 small-vehicle 0.1568
566 577 561 555 618 542 623 564 small-vehicle 0.1556
930 1151 926 1134 961 1125 965 1142 small-vehicle 0.1545
933 831 924 802 1010 776 1018 805 small-vehicle 0.1533
408 776 428 770 445 827 425 833 small-vehicle 0.1523
213 443 206 425 239 414 246 432 small-vehicle 0.1512
1209 333 1222 325 1241 357 1227 365 small-vehicle 0.1492
572 1468 569 1446 621 1438 625 1461 small-vehicle 0.1481
560 531 554 511 602 498 608 517 small-vehicle 0.1457
1131 364 1127 348 1159 339 1164 355 small-vehicle 0.1450
204 533 199 509 272 494 277 517 small-vehicle 0.1448
83 491 76 471 116 458 122 478 small-vehicle 0.1423
441 683 463 677 480 738 458 744 small-vehicle 0.1396
595 1551 590 1527 655 1514 660 1538 small-vehicle 0.1392
1204 1002 1222 990 1250 1030 1231 1042 small-vehicle 0.1388
640 481 660 476 678 548 658 553 small-vehicle 0.1388
957 600 952 573 1030 559 1034 585 small-vehicle 0.1387
1009 1208 1029 1201 1046 1245 1026 1253 small-vehicle 0.1385
1042 1129 1060 1123 1073 1164 1055 1170 small-vehicle 0.1384
1181 343 1195 338 1208 370 1194 375 small-vehicle 0.1379
1118 315 1121 299 1156 305 1153 321 small-vehicle 0.1367
1110 1017 1125 1013 1135 1046 1119 1050 small-vehicle 0.1357
1222 324 1235 315 1257 347 1243 356 small-vehicle 0.1351
904 1471 898 1450 950 1437 955 1458 small-vehicle 0.1335
317 918 312 899 375 883 380 902 small-vehicle 0.1333
1107 835 1126 829 1138 867 1119 873 small-vehicle 0.1320
755 902 773 896 784 929 765 935 small-vehicle 0.1301
1175 529 1170 513 1203 504 1207 520 small-vehicle 0.1298
864 625 879 621 888 655 874 659 small-vehicle 0.1293
1186 601 1178 582 1218 565 1226 584 small-vehicle 0.1279
517 1400 512 1381 566 1364 572 1383 small-vehicle 0.1276
813 600 834 596 848 673 828 677 small-vehicle 0.1276
649 783 647 767 677 762 680 778 small-vehicle 0.1275
1198 336 1212 330 1227 362 1213 368 small-vehicle 0.1253
1302 338 1315 331 1330 363 1317 369 small-vehicle 0.1252
310 475 329 471 345 542 325 546 small-vehicle 0.1222
536 749 552 735 581 768 565 782 small-vehicle 0.1220
465 1527 484 1510 512 1540 493 1557 small-vehicle 0.1216
1153 791 1166 770 1234 811 1222 832 small-vehicle 0.1213
220 595 213 574 287 552 293 574 small-vehicle 0.1187
769 608 791 604 806 685 784 689 small-vehicle 0.1181
1397 291 1411 283 1438 327 1424 335 small-vehicle 0.1170
1263 842 1277 832 1301 866 1286 876 small-vehicle 0.1170
1170 514 1166 498 1199 489 1203 504 small-vehicle 0.1166
683 764 689 748 718 759 712 774 small-vehicle 0.1166
498 340 493 321 543 308 547 327 small-vehicle 0.1163
576 603 570 583 632 568 637 588 small-vehicle 0.1139
832 1493 826 1472 876 1458 882 1479 small-vehicle 0.1108
1185 578 1179 559 1218 547 1224 566 small-vehicle 0.1090
1388 488 1385 468 1427 462 1430 482 small-vehicle 0.1071
1258 362 1272 353 1291 383 1277 392 small-vehicle 0.1068
933 855 947 848 965 881 951 889 small-vehicle 0.1056
267 685 263 668 322 655 325 672 small-vehicle 0.1053
1276 462 1269 446 1303 432 1310 448 small-vehicle 0.1052
627 788 627 772 658 772 657 789 small-vehicle 0.1040
1107 1611 1095 1580 1200 1540 1211 1571 small-vehicle 0.1025
1275 305 1290 299 1302 332 1287 338 small-vehicle 0.1023
604 706 600 686 672 670 677 690 small-vehicle 0.1000
959 599 954 575 1033 559 1038 583 large-vehicle 0.5316
693 367 713 362 732 438 711 443 large-vehicle 0.4962
742 457 760 452 781 523 762 528 large-vehicle 0.4818
772 454 791 449 808 520 788 524 large-vehicle 0.4778
933 830 925 802 1010 777 1018 804 large-vehicle 0.4679
696 479 716 474 734 548 714 553 large-vehicle 0.4592
722 367 741 362 758 434 739 438 large-vehicle 0.4517
846 433 863 428 884 499 866 504 large-vehicle 0.4451
906 442 923 437 944 509 927 514 large-vehicle 0.4366
820 441 838 437 858 509 840 514 large-vehicle 0.4280
747 354 766 349 785 426 765 431 large-vehicle 0.4211
670 484 691 479 707 550 686 555 large-vehicle 0.4189
769 608 791 604 806 685 784 689 large-vehicle 0.3975
926 431 944 426 966 497 948 503 large-vehicle 0.3713
796 447 814 442 833 511 816 516 large-vehicle 0.3705
582 657 576 636 651 617 657 638 large-vehicle 0.3686
902 742 897 716 981 699 986 724 large-vehicle 0.3678
640 481 660 476 678 548 658 553 large-vehicle 0.3652
791 729 786 707 862 687 868 709 large-vehicle 0.3633
772 349 792 345 810 427 790 432 large-vehicle 0.3531
812 605 833 601 848 679 828 683 large-vehicle 0.3481
976 425 993 419 1015 481 998 486 large-vehicle 0.3475
739 614 763 611 773 679 750 683 large-vehicle 0.3461
310 475 329 471 345 542 325 546 large-vehicle 0.3441
198 534 192 511 271 492 276 515 large-vehicle 0.3400
598 709 593 690 669 668 674 688 large-vehicle 0.3376
875 439 893 433 913 498 895 503 large-vehicle 0.3350
954 432 972 428 988 493 970 498 large-vehicle 0.3264
586 684 580 662 659 641 665 663 large-vehicle 0.3237
921 576 942 569 961 630 941 637 large-vehicle 0.3232
1283 954 1304 948 1326 1027 1305 1033 large-vehicle 0.3207
394 468 409 463 428 517 412 522 large-vehicle 0.3088
542 480 537 458 606 443 611 464 large-vehicle 0.3014
365 472 382 468 400 531 382 536 large-vehicle 0.2978
1014 434 1008 415 1077 395 1083 414 large-vehicle 0.2976
1107 1611 1095 1580 1200 1540 1211 1571 large-vehicle 0.2964
1157 791 1168 771 1238 812 1226 832 large-vehicle 0.2962
964 625 960 603 1033 589 1038 612 large-vehicle 0.2806
1028 459 1021 439 1083 420 1089 440 large-vehicle 0.2804
340 475 358 471 373 535 355 539 large-vehicle 0.2756
577 631 572 611 633 596 638 616 large-vehicle 0.2743
528 1570 521 1547 578 1527 586 1551 large-vehicle 0.2615
516 656 536 649 556 714 536 720 large-vehicle 0.2598
1232 852 1250 840 1289 900 1271 912 large-vehicle 0.2545
927 348 948 342 967 410 946 416 large-vehicle 0.2519
667 385 685 379 706 445 688 451 large-vehicle 0.2505
415 692 436 687 453 752 431 757 large-vehicle 0.2451
489 670 510 663 532 726 511 733 large-vehicle 0.2437
384 692 407 686 423 754 400 759 large-vehicle 0.2433
210 597 204 574 287 551 293 574 large-vehicle 0.2371
893 585 912 577 936 634 917 642 large-vehicle 0.2321
1014 407 1009 390 1072 372 1077 388 large-vehicle 0.2279
842 330 868 324 888 406 862 412 large-vehicle 0.2263
288 842 283 824 349 807 353 825 large-vehicle 0.2242
409 464 425 458 444 510 427 516 large-vehicle 0.2185
566 579 561 558 618 545 623 566 large-vehicle 0.2171
988 361 983 340 1058 324 1063 345 large-vehicle 0.2166
543 656 561 649 585 710 567 717 large-vehicle 0.2126
441 683 463 677 480 738 458 744 large-vehicle 0.2116
881 350 901 343 925 417 904 424 large-vehicle 0.2075
1052 506 1045 484 1100 468 1106 489 large-vehicle 0.2039
438 453 455 447 472 500 455 505 large-vehicle 0.2024
280 818 276 800 339 784 344 802 large-vehicle 0.2020
576 603 570 583 632 568 637 588 large-vehicle 0.1982
953 343 975 337 993 407 972 412 large-vehicle 0.1902
1002 384 998 367 1065 354 1069 372 large-vehicle 0.1889
521 1457 514 1433 581 1415 588 1439 large-vehicle 0.1870
549 502 546 484 607 472 610 490 large-vehicle 0.1856
599 1550 594 1527 657 1514 662 1537 large-vehicle 0.1743
408 776 428 770 445 827 425 833 large-vehicle 0.1734
310 891 305 873 363 858 368 876 large-vehicle 0.1723
1051 1261 1070 1253 1092 1305 1072 1313 large-vehicle 0.1707
294 867 289 848 353 831 358 850 large-vehicle 0.1583
516 1428 511 1408 573 1390 579 1410 large-vehicle 0.1577
1044 1426 1037 1406 1087 1389 1094 1410 large-vehicle 0.1528
471 983 462 951 630 908 638 941 large-vehicle 0.1500
317 918 312 899 375 883 380 902 large-vehicle 0.1500
577 1470 572 1447 634 1435 638 1458 large-vehicle 0.1490
569 918 563 896 618 881 624 903 large-vehicle 0.1471
978 1487 972 1465 1036 1446 1043 1467 large-vehicle 0.1465
966 1453 959 1430 1016 1413 1023 1436 large-vehicle 0.1449
276 794 270 775 325 757 332 776 large-vehicle 0.1436
266 738 262 719 326 704 330 723 large-vehicle 0.1383
1079 1254 1099 1247 1118 1302 1098 1309 large-vehicle 0.1370
842 603 862 600 872 662 852 666 large-vehicle 0.1286
409 1054 409 1035 456 1034 456 1053 large-vehicle 0.1263
1271 267 1264 246 1342 223 1348 245 large-vehicle 0.1228
189 508 183 488 259 468 264 489 large-vehicle 0.1212
613 390 630 382 655 444 638 451 large-vehicle 0.1196
1188 1167 1182 1146 1237 1130 1243 1152 large-vehicle 0.1192
234 642 230 622 301 607 306 626 large-vehicle 0.1187
263 684 260 668 315 656 319 672 large-vehicle 0.1184
314 945 310 924 379 910 383 931 large-vehicle 0.1139
915 1509 911 1487 968 1479 971 1501 large-vehicle 0.1128
490 439 506 434 523 495 507 500 large-vehicle 0.1125
260 710 256 693 317 680 320 697 large-vehicle 0.1107
890 275 885 257 928 245 933 263 large-vehicle 0.1092
559 547 556 527 611 518 614 538 large-vehicle 0.1088
471 442 487 437 502 494 486 498 large-vehicle 0.1083
268 766 263 747 321 730 326 749 large-vehicle 0.1075
959 599 954 575 1033 559 1038 583 ship 0.1632
266 738 262 719 326 704 330 723 ship 0.1622
310 891 305 873 363 858 368 876 ship 0.1609
263 684 260 668 315 656 319 672 ship 0.1591
68 1269 87 1263 103 1318 84 1323 ship 0.1527
260 710 256 693 317 680 320 697 ship 0.1340
791 729 786 707 862 687 868 709 ship 0.1327
640 481 660 476 678 548 658 553 ship 0.1274
234 642 230 622 301 607 306 626 ship 0.1247
317 918 312 899 375 883 380 902 ship 0.1225
813 600 834 596 848 673 828 677 ship 0.1197
1232 852 1250 840 1289 900 1271 912 ship 0.1181
280 793 274 774 328 756 334 776 ship 0.1163
268 766 263 747 321 730 326 749 ship 0.1062
210 597 204 574 287 551 293 574 ship 0.1041
254 662 249 645 307 631 311 648 ship 0.1039
845 608 864 604 875 657 855 661 ship 0.1027
1157 791 1168 771 1238 812 1226 832 ship 0.1003
