184 408 197 418 177 443 164 433 small-vehicle 0.6653
51 275 65 265 87 296 74 306 small-vehicle 0.6631
322 391 313 376 349 355 358 370 small-vehicle 0.5879
401 4 416 -5 437 26 422 36 small-vehicle 0.5686
249 819 241 807 268 789 276 802 small-vehicle 0.5682
117 779 130 769 152 797 139 807 small-vehicle 0.5423
65 254 77 244 107 277 95 288 small-vehicle 0.5219
241 114 257 104 279 138 263 148 small-vehicle 0.4893
448 875 461 864 486 891 473 903 small-vehicle 0.4500
250 874 240 859 271 837 281 851 small-vehicle 0.4399
91 234 106 224 133 263 118 273 small-vehicle 0.4204
431 687 422 673 452 655 461 669 small-vehicle 0.4204
146 439 136 425 167 403 177 418 small-vehicle 0.4042
27 279 40 269 63 298 50 308 small-vehicle 0.3542
185 497 174 481 209 456 220 472 small-vehicle 0.3512
282 850 272 837 297 818 307 831 small-vehicle 0.2904
88 799 101 785 131 814 118 827 small-vehicle 0.2671
115 479 129 467 167 509 153 522 small-vehicle 0.2617
154 744 172 730 198 761 181 775 small-vehicle 0.2035
113 67 103 51 143 28 153 45 small-vehicle 0.1813
555 589 551 572 581 566 585 583 small-vehicle 0.1686
290 572 279 559 320 523 331 536 small-vehicle 0.1484
175 477 166 462 201 441 210 456 small-vehicle 0.1342
278 129 267 113 308 83 320 99 small-vehicle 0.1292
70 820 86 805 124 845 108 860 small-vehicle 0.1286
131 756 147 743 178 782 162 795 small-vehicle 0.1254
115 479 129 467 167 509 153 522 large-vehicle 0.5600
215 520 202 505 258 456 272 471 large-vehicle 0.4433
291 571 281 559 318 526 328 537 large-vehicle 0.4246
136 203 154 189 199 246 181 260 large-vehicle 0.4153
70 820 86 805 124 845 108 860 large-vehicle 0.4088
111 222 131 206 178 264 158 280 large-vehicle 0.3780
386 517 374 500 434 459 446 476 large-vehicle 0.3644
322 429 309 411 370 370 383 388 large-vehicle 0.3502
185 496 175 480 216 452 226 468 large-vehicle 0.3398
256 316 244 299 303 258 315 275 large-vehicle 0.3293
234 545 220 530 274 479 288 494 large-vehicle 0.3176
131 423 119 408 179 360 191 375 large-vehicle 0.3056
250 564 237 550 292 499 305 513 large-vehicle 0.2934
218 269 208 252 275 213 284 229 large-vehicle 0.2925
148 738 165 723 197 759 180 774 large-vehicle 0.2757
278 366 268 349 333 312 342 328 large-vehicle 0.2626
417 565 405 548 468 505 480 523 large-vehicle 0.2624
241 114 257 104 279 138 263 148 large-vehicle 0.2585
192 590 209 576 252 629 235 643 large-vehicle 0.2571
433 591 421 574 481 531 493 549 large-vehicle 0.2565
239 295 227 277 289 236 301 254 large-vehicle 0.2529
131 756 147 743 178 782 162 795 large-vehicle 0.2502
90 234 105 224 131 260 116 270 large-vehicle 0.2495
271 343 262 327 324 291 334 307 large-vehicle 0.2483
448 622 434 602 491 561 505 580 large-vehicle 0.2420
306 62 294 42 375 -4 387 16 large-vehicle 0.2408
401 4 416 -5 437 26 422 36 large-vehicle 0.2362
365 500 354 484 419 440 430 456 large-vehicle 0.2325
402 543 390 527 453 482 465 499 large-vehicle 0.2311
448 875 461 864 486 891 473 903 large-vehicle 0.2095
112 70 101 53 145 25 156 42 large-vehicle 0.2081
353 480 343 463 404 425 415 442 large-vehicle 0.2064
338 461 324 444 381 397 395 413 large-vehicle 0.2009
65 254 77 244 107 277 95 288 large-vehicle 0.1892
51 275 65 265 87 296 74 306 large-vehicle 0.1781
117 779 130 769 152 797 139 807 large-vehicle 0.1628
322 391 313 376 349 355 358 370 large-vehicle 0.1612
278 129 267 113 308 83 320 99 large-vehicle 0.1558
250 874 240 859 271 837 281 851 large-vehicle 0.1323
27 279 40 269 63 298 50 308 large-vehicle 0.1311
86 797 101 783 132 815 118 829 large-vehicle 0.1289
146 439 136 425 167 403 177 418 large-vehicle 0.1242
250 564 237 550 292 499 305 513 ship 0.2466
278 129 267 113 308 83 320 99 ship 0.1979
386 517 374 500 434 459 446 476 ship 0.1657
234 545 220 530 274 479 288 494 ship 0.1586
239 295 227 277 289 236 301 254 ship 0.1383
215 520 202 505 258 456 272 471 ship 0.1374
256 316 244 299 303 258 315 275 ship 0.1252
322 428 310 410 374 371 385 389 ship 0.1193
417 565 405 547 466 506 478 524 ship 0.1150
353 480 343 463 404 425 415 442 ship 0.1143
131 423 119 408 179 360 191 375 ship 0.1143
402 542 391 525 453 484 464 500 ship 0.1141
112 70 101 53 145 25 156 42 ship 0.1062
192 590 209 576 252 629 235 643 ship 0.1026
279 367 269 350 333 311 343 328 ship 0.1016
