882 614 871 597 909 575 919 592 small-vehicle 0.6332
151 428 172 428 173 473 152 473 small-vehicle 0.5900
880 628 900 629 898 674 877 673 small-vehicle 0.5585
148 412 150 391 196 396 194 416 small-vehicle 0.5420
343 417 366 417 366 464 344 464 small-vehicle 0.5272
175 426 197 425 198 469 176 469 small-vehicle 0.4985
372 429 393 429 393 474 371 474 small-vehicle 0.4531
613 443 637 442 640 504 616 505 small-vehicle 0.3863
677 428 705 429 702 500 674 499 small-vehicle 0.3801
125 422 146 421 148 471 126 472 small-vehicle 0.3687
530 426 531 404 597 407 596 429 small-vehicle 0.3579
507 434 533 436 529 504 503 503 small-vehicle 0.3573
871 458 896 458 897 522 872 522 small-vehicle 0.3463
207 414 230 414 229 459 206 459 small-vehicle 0.3359
758 439 785 439 784 504 758 504 small-vehicle 0.3184
813 131 811 109 852 105 854 126 small-vehicle 0.2948
534 437 559 437 560 504 534 504 small-vehicle 0.2865
974 238 981 219 1011 230 1005 248 small-vehicle 0.2861
900 276 926 276 926 329 900 329 small-vehicle 0.2731
707 435 731 434 733 505 709 506 small-vehicle 0.2701
895 452 922 451 927 522 900 524 small-vehicle 0.2668
733 432 757 432 757 492 733 492 small-vehicle 0.2530
563 440 593 441 593 504 563 504 small-vehicle 0.2472
314 413 335 415 330 457 309 455 small-vehicle 0.2339
638 424 667 423 669 506 640 507 small-vehicle 0.2255
38 371 35 350 76 345 78 366 small-vehicle 0.2213
404 690 422 686 430 718 412 722 small-vehicle 0.2191
595 455 617 455 617 504 595 504 small-vehicle 0.2184
787 436 815 435 818 509 790 511 small-vehicle 0.1711
763 423 762 398 832 395 833 421 small-vehicle 0.1643
902 157 932 156 933 239 904 240 small-vehicle 0.1519
812 432 835 431 838 488 814 489 small-vehicle 0.1516
677 423 677 397 758 397 757 423 small-vehicle 0.1498
968 88 989 87 990 125 970 126 small-vehicle 0.1490
127 467 148 468 146 516 125 515 small-vehicle 0.1382
86 420 83 399 140 391 143 413 small-vehicle 0.1352
84 421 121 420 124 499 87 500 small-vehicle 0.1274
840 422 869 423 867 506 838 506 small-vehicle 0.1270
546 357 546 328 642 329 642 358 small-vehicle 0.1198
126 697 147 697 147 736 126 736 small-vehicle 0.1180
73 695 88 692 96 730 80 733 small-vehicle 0.1127
252 357 256 328 344 340 340 369 small-vehicle 0.1113
677 428 705 429 702 500 674 499 large-vehicle 0.8051
639 424 667 423 668 510 640 511 large-vehicle 0.8001
678 423 678 396 757 397 757 423 large-vehicle 0.7928
546 357 546 328 642 329 642 358 large-vehicle 0.7431
472 407 503 409 496 503 466 501 large-vehicle 0.7235
758 439 785 439 784 504 758 504 large-vehicle 0.7188
507 434 533 436 529 504 503 503 large-vehicle 0.6734
530 426 531 404 597 407 596 429 large-vehicle 0.6668
707 435 731 434 733 505 709 506 large-vehicle 0.6627
172 391 173 363 303 370 301 397 large-vehicle 0.6535
248 355 251 327 342 338 339 366 large-vehicle 0.6378
647 359 648 331 746 332 746 360 large-vehicle 0.6325
613 441 637 439 641 505 617 506 large-vehicle 0.6237
534 437 559 437 560 504 534 504 large-vehicle 0.6007
897 452 923 451 925 523 899 524 large-vehicle 0.5709
842 420 870 422 865 507 836 506 large-vehicle 0.5617
762 423 761 397 833 396 833 422 large-vehicle 0.5594
872 459 895 459 896 522 873 522 large-vehicle 0.5500
787 436 815 435 818 509 790 511 large-vehicle 0.5482
733 432 756 432 756 492 733 493 large-vehicle 0.5441
903 157 932 157 931 251 902 251 large-vehicle 0.5377
565 439 595 440 593 505 562 504 large-vehicle 0.5171
84 421 121 420 124 499 87 500 large-vehicle 0.4993
70 393 69 367 170 361 172 386 large-vehicle 0.4753
756 353 757 326 848 331 847 358 large-vehicle 0.3964
343 417 366 417 366 464 344 464 large-vehicle 0.3493
812 432 836 432 836 497 812 497 large-vehicle 0.3362
125 423 146 422 148 472 126 473 large-vehicle 0.3293
314 413 335 415 330 457 309 455 large-vehicle 0.3163
230 517 230 478 363 475 364 515 large-vehicle 0.2806
595 455 617 455 617 504 595 504 large-vehicle 0.2670
205 414 230 414 230 470 205 470 large-vehicle 0.2286
372 429 393 429 393 474 371 474 large-vehicle 0.2192
792 30 791 3 852 1 853 29 large-vehicle 0.1838
863 200 881 199 886 289 867 289 large-vehicle 0.1789
151 428 172 428 173 473 152 473 large-vehicle 0.1702
900 275 926 275 926 332 900 332 large-vehicle 0.1609
148 412 150 391 196 396 194 416 large-vehicle 0.1396
175 426 197 426 198 469 176 470 large-vehicle 0.1389
73 695 88 692 96 730 80 733 large-vehicle 0.1355
222 428 220 402 316 397 318 423 large-vehicle 0.1256
882 614 871 597 909 575 919 592 large-vehicle 0.1200
86 420 83 399 140 391 143 413 large-vehicle 0.1118
682 400 674 376 743 356 751 380 large-vehicle 0.1098
846 204 867 204 868 282 846 283 large-vehicle 0.1088
227 521 225 478 360 473 362 517 ship 0.1201
546 357 546 328 642 329 642 358 ship 0.1005
546 357 546 328 642 329 642 358 tennis-court 0.1009
472 407 503 409 496 503 466 501 tennis-court 0.1007
546 357 546 328 642 329 642 358 swimming-pool 0.1126
