593 574 611 578 604 616 585 613 small-vehicle 0.7503
614 579 633 581 628 620 609 617 small-vehicle 0.7438
768 721 783 708 809 739 794 752 small-vehicle 0.7422
810 693 826 681 851 716 836 727 small-vehicle 0.7292
539 563 559 567 550 608 530 604 small-vehicle 0.7171
1022 518 1018 500 1058 491 1063 509 small-vehicle 0.7110
764 560 783 562 777 601 758 599 small-vehicle 0.6952
569 568 589 572 581 610 561 606 small-vehicle 0.6862
591 407 610 409 605 449 586 447 small-vehicle 0.6844
8 787 28 789 24 828 4 826 small-vehicle 0.6808
704 539 722 545 709 585 691 579 small-vehicle 0.6795
1027 542 1021 524 1062 512 1067 530 small-vehicle 0.6696
854 539 844 523 877 505 887 521 small-vehicle 0.6656
473 544 491 545 488 583 470 582 small-vehicle 0.6600
555 633 560 615 604 627 599 645 small-vehicle 0.6576
777 448 797 454 784 491 765 485 small-vehicle 0.6559
850 483 866 494 844 525 828 514 small-vehicle 0.6553
656 588 675 591 670 629 651 626 small-vehicle 0.6548
677 592 696 594 691 633 672 631 small-vehicle 0.6536
698 596 717 598 713 635 694 633 small-vehicle 0.6513
478 777 497 777 499 818 479 819 small-vehicle 0.6422
439 540 460 542 456 581 435 579 small-vehicle 0.6413
493 367 497 346 554 356 550 378 small-vehicle 0.6412
725 547 743 552 732 592 713 586 small-vehicle 0.6386
521 773 541 772 541 813 522 813 small-vehicle 0.6358
551 507 571 512 560 552 540 547 small-vehicle 0.6321
49 789 69 790 66 829 47 828 small-vehicle 0.6263
742 554 761 557 755 599 735 596 small-vehicle 0.6226
438 778 458 779 456 820 436 819 small-vehicle 0.6223
442 639 461 644 450 683 431 677 small-vehicle 0.6131
803 458 821 467 804 502 786 494 small-vehicle 0.6119
502 554 522 555 520 592 500 591 small-vehicle 0.6118
313 299 332 302 326 341 307 338 small-vehicle 0.6114
576 512 596 518 583 559 563 553 small-vehicle 0.6064
620 523 637 529 625 566 608 560 small-vehicle 0.6060
719 601 738 603 733 642 714 639 small-vehicle 0.6048
638 420 657 426 644 465 625 459 small-vehicle 0.6039
830 466 846 477 824 510 808 498 small-vehicle 0.6035
600 516 619 523 605 561 586 554 small-vehicle 0.6020
636 582 654 585 648 624 629 621 small-vehicle 0.6019
868 560 860 542 895 527 903 545 small-vehicle 0.5986
615 411 635 415 626 454 606 450 small-vehicle 0.5906
486 382 507 386 500 428 479 424 small-vehicle 0.5900
461 630 465 611 507 620 503 639 small-vehicle 0.5898
679 536 697 541 688 579 669 575 small-vehicle 0.5820
888 605 885 587 922 582 925 600 small-vehicle 0.5806
514 391 534 394 527 433 507 429 small-vehicle 0.5690
787 705 803 692 832 728 816 741 small-vehicle 0.5650
318 797 305 780 342 752 355 768 small-vehicle 0.5649
459 779 478 779 478 819 459 819 small-vehicle 0.5639
875 621 879 603 918 610 915 628 small-vehicle 0.5588
870 647 872 628 913 634 910 652 small-vehicle 0.5578
879 581 874 563 911 551 917 569 small-vehicle 0.5577
185 270 205 273 199 310 179 307 small-vehicle 0.5552
503 654 524 657 518 698 497 695 small-vehicle 0.5460
500 777 519 776 520 816 501 817 small-vehicle 0.5415
570 407 589 412 580 447 561 442 small-vehicle 0.5378
229 282 248 284 244 320 225 318 small-vehicle 0.5343
822 674 838 661 870 699 855 712 small-vehicle 0.5269
404 612 412 593 447 608 439 627 small-vehicle 0.5256
659 535 676 539 668 575 650 571 small-vehicle 0.5239
366 781 386 781 386 820 366 820 small-vehicle 0.5103
547 773 566 774 563 814 544 812 small-vehicle 0.4982
293 298 312 301 306 338 286 335 small-vehicle 0.4953
590 772 610 774 606 811 587 809 small-vehicle 0.4905
570 773 589 774 586 811 566 809 small-vehicle 0.4896
742 608 761 611 753 648 734 644 small-vehicle 0.4829
640 531 658 538 646 572 627 566 small-vehicle 0.4760
698 432 690 413 725 399 733 419 small-vehicle 0.4752
651 760 672 761 670 806 648 805 small-vehicle 0.4588
544 402 563 409 551 441 532 435 small-vehicle 0.4421
609 771 629 771 629 811 610 811 small-vehicle 0.4417
120 828 120 809 160 810 159 829 small-vehicle 0.4368
568 666 590 668 586 709 565 707 small-vehicle 0.4172
524 659 544 662 539 703 519 701 small-vehicle 0.4101
421 628 442 634 430 672 410 666 small-vehicle 0.3993
357 309 378 312 371 352 350 349 small-vehicle 0.3974
414 780 433 781 431 819 412 818 small-vehicle 0.3946
394 782 413 784 408 824 388 822 small-vehicle 0.3940
30 788 49 788 48 827 29 827 small-vehicle 0.3740
454 481 477 486 467 530 445 526 small-vehicle 0.3706
1022 636 1042 641 1033 679 1013 674 small-vehicle 0.3561
628 769 648 768 651 807 631 808 small-vehicle 0.3254
66 824 70 804 106 811 102 832 small-vehicle 0.3254
395 524 414 524 412 561 393 560 small-vehicle 0.3247
335 305 354 311 343 347 324 342 small-vehicle 0.3235
208 275 227 278 223 315 203 313 small-vehicle 0.3226
484 490 503 494 493 536 475 532 small-vehicle 0.3183
1008 732 1021 717 1054 748 1041 762 small-vehicle 0.3103
723 724 735 707 777 736 765 753 small-vehicle 0.2787
1052 559 1048 540 1081 534 1084 552 small-vehicle 0.2643
37 243 56 248 47 280 28 275 small-vehicle 0.2604
254 287 274 292 265 330 245 325 small-vehicle 0.2552
674 761 694 763 690 802 671 800 small-vehicle 0.2444
271 291 290 295 283 333 263 329 small-vehicle 0.2384
307 844 294 829 325 800 339 815 small-vehicle 0.2357
518 496 537 500 527 545 508 540 small-vehicle 0.2214
757 614 779 611 785 650 764 654 small-vehicle 0.2111
1045 708 1035 693 1074 669 1083 684 small-vehicle 0.2020
534 499 554 504 545 544 525 539 small-vehicle 0.1807
502 495 520 500 509 543 491 538 small-vehicle 0.1793
733 752 748 740 776 774 761 787 small-vehicle 0.1790
56 269 59 248 97 254 94 275 small-vehicle 0.1759
781 565 800 564 802 605 783 606 small-vehicle 0.1565
468 379 486 384 475 423 457 417 small-vehicle 0.1187
717 788 719 772 750 775 748 791 small-vehicle 0.1171
493 367 497 345 556 356 551 378 large-vehicle 0.5909
484 490 503 494 493 536 475 532 large-vehicle 0.2562
572 693 576 668 642 680 638 705 large-vehicle 0.2451
518 496 537 500 527 545 508 540 large-vehicle 0.2368
502 495 520 500 509 543 491 538 large-vehicle 0.2250
651 760 672 761 670 806 648 805 large-vehicle 0.2153
501 652 526 655 520 699 496 696 large-vehicle 0.2057
818 670 833 657 869 696 854 710 large-vehicle 0.1869
723 724 735 707 777 736 765 753 large-vehicle 0.1780
-2 268 0 243 52 249 49 274 large-vehicle 0.1740
484 380 508 384 501 429 477 425 large-vehicle 0.1688
307 844 294 829 325 800 339 815 large-vehicle 0.1632
704 539 722 545 709 585 691 579 large-vehicle 0.1624
414 624 438 630 428 672 404 667 large-vehicle 0.1604
1022 518 1018 500 1058 491 1063 509 large-vehicle 0.1597
810 693 826 681 851 716 836 727 large-vehicle 0.1540
1027 542 1021 524 1062 512 1067 530 large-vehicle 0.1505
768 721 783 708 809 739 794 752 large-vehicle 0.1480
787 705 803 692 832 728 816 741 large-vehicle 0.1445
551 507 571 512 560 552 540 547 large-vehicle 0.1426
637 582 657 586 648 625 629 620 large-vehicle 0.1410
1022 636 1042 641 1033 679 1013 674 large-vehicle 0.1404
524 659 544 662 539 703 519 701 large-vehicle 0.1362
725 547 743 552 732 592 713 586 large-vehicle 0.1345
318 797 305 780 342 752 355 768 large-vehicle 0.1308
830 466 847 477 826 510 809 499 large-vehicle 0.1293
803 458 821 467 804 502 786 494 large-vehicle 0.1264
569 568 589 572 581 610 561 606 large-vehicle 0.1238
439 540 461 542 456 582 435 579 large-vehicle 0.1200
681 534 700 539 688 579 669 573 large-vehicle 0.1195
455 482 478 488 467 532 444 527 large-vehicle 0.1176
555 633 560 615 604 627 599 645 large-vehicle 0.1144
1045 708 1035 693 1074 669 1083 684 large-vehicle 0.1139
600 516 619 523 605 561 586 554 large-vehicle 0.1083
850 483 866 494 844 525 828 514 large-vehicle 0.1062
742 554 761 557 755 599 735 596 large-vehicle 0.1056
442 639 461 644 450 683 431 677 large-vehicle 0.1010
493 367 497 346 554 356 550 378 ship 0.1159
