414 29 414 9 506 8 506 28 bridge 0.1541
1172 1872 1173 1856 1210 1858 1209 1874 small-vehicle 0.1819
355 1295 354 1278 393 1276 394 1293 small-vehicle 0.1806
1513 867 1514 848 1559 850 1558 869 small-vehicle 0.1795
1020 1537 1039 1539 1035 1579 1016 1577 small-vehicle 0.1789
1130 1617 1149 1616 1151 1665 1132 1666 small-vehicle 0.1743
1443 606 1462 607 1461 650 1441 649 small-vehicle 0.1705
770 1588 768 1567 811 1564 813 1584 small-vehicle 0.1705
771 1528 774 1508 816 1516 812 1536 small-vehicle 0.1704
1047 1537 1066 1538 1062 1580 1043 1578 small-vehicle 0.1696
1090 765 1108 763 1112 804 1094 805 small-vehicle 0.1673
1436 1063 1457 1063 1456 1110 1435 1109 small-vehicle 0.1666
1442 817 1461 817 1462 864 1443 865 small-vehicle 0.1662
1112 1618 1131 1617 1135 1665 1116 1667 small-vehicle 0.1638
940 1618 959 1620 955 1667 936 1665 small-vehicle 0.1637
355 1351 354 1332 392 1329 394 1348 small-vehicle 0.1627
1257 1424 1258 1405 1301 1409 1299 1428 small-vehicle 0.1626
734 1400 733 1379 771 1376 773 1397 small-vehicle 0.1619
1444 734 1462 734 1462 778 1445 778 small-vehicle 0.1618
758 1674 774 1682 754 1718 738 1710 small-vehicle 0.1616
1254 1500 1255 1480 1301 1483 1300 1503 small-vehicle 0.1614
456 1164 456 1145 496 1144 497 1163 small-vehicle 0.1613
886 2006 894 1990 930 2007 922 2024 small-vehicle 0.1609
794 1701 811 1708 795 1747 778 1740 small-vehicle 0.1606
1513 552 1517 534 1561 543 1557 561 small-vehicle 0.1606
1061 1619 1081 1620 1079 1668 1060 1668 small-vehicle 0.1604
957 1619 976 1621 972 1668 953 1666 small-vehicle 0.1593
878 1614 895 1617 889 1664 872 1661 small-vehicle 0.1588
425 1391 441 1396 429 1438 412 1434 small-vehicle 0.1588
1128 1546 1145 1548 1141 1584 1124 1582 small-vehicle 0.1584
1078 1619 1097 1620 1096 1668 1077 1668 small-vehicle 0.1581
1510 682 1512 662 1555 667 1553 687 small-vehicle 0.1578
267 1587 287 1588 287 1626 267 1625 small-vehicle 0.1565
650 1136 652 1119 688 1123 687 1140 small-vehicle 0.1561
1106 767 1125 765 1129 805 1110 807 small-vehicle 0.1554
1517 722 1519 702 1562 705 1560 726 small-vehicle 0.1554
1508 1446 1508 1427 1547 1429 1546 1448 small-vehicle 0.1549
836 2100 844 2085 881 2105 872 2120 small-vehicle 0.1544
1260 1140 1261 1121 1304 1124 1303 1143 small-vehicle 0.1542
1154 1500 1172 1502 1169 1538 1151 1537 small-vehicle 0.1542
977 1620 996 1622 993 1669 974 1668 small-vehicle 0.1539
1155 923 1153 905 1193 900 1195 918 small-vehicle 0.1538
1159 832 1160 813 1201 815 1200 834 small-vehicle 0.1534
1438 1478 1455 1478 1454 1519 1437 1519 small-vehicle 0.1522
1510 1298 1509 1280 1549 1277 1550 1296 small-vehicle 0.1521
882 434 895 423 925 455 912 467 small-vehicle 0.1506
951 760 970 760 971 803 953 804 small-vehicle 0.1504
1251 1672 1253 1652 1293 1656 1291 1676 small-vehicle 0.1502
648 1407 647 1389 684 1387 684 1405 small-vehicle 0.1486
1019 1624 1037 1624 1037 1669 1019 1669 small-vehicle 0.1485
1509 1390 1510 1371 1553 1371 1553 1390 small-vehicle 0.1482
1508 1479 1508 1460 1547 1460 1547 1478 small-vehicle 0.1476
826 2119 834 2103 873 2123 865 2139 small-vehicle 0.1474
1512 883 1512 865 1558 865 1558 884 small-vehicle 0.1455
650 1160 652 1144 685 1147 684 1163 small-vehicle 0.1447
871 1710 889 1710 890 1754 871 1754 small-vehicle 0.1442
1312 1847 1311 1833 1342 1832 1343 1845 small-vehicle 0.1437
1067 761 1085 761 1084 802 1067 802 small-vehicle 0.1430
993 1622 1011 1622 1010 1669 991 1668 small-vehicle 0.1429
736 1476 733 1458 768 1453 771 1471 small-vehicle 0.1429
914 1148 928 1151 921 1188 907 1186 small-vehicle 0.1425
1514 607 1514 588 1559 589 1558 608 small-vehicle 0.1421
1258 517 1275 519 1272 558 1255 557 small-vehicle 0.1419
1507 1680 1506 1662 1545 1659 1546 1677 small-vehicle 0.1415
468 1404 483 1407 475 1446 460 1442 small-vehicle 0.1409
585 1024 600 1027 592 1063 577 1059 small-vehicle 0.1405
359 1259 358 1244 395 1241 396 1257 small-vehicle 0.1403
1099 1627 1117 1628 1114 1672 1096 1671 small-vehicle 0.1400
604 1373 602 1355 642 1352 644 1370 small-vehicle 0.1395
457 1269 457 1250 496 1250 496 1268 small-vehicle 0.1394
836 1710 854 1712 850 1755 832 1753 small-vehicle 0.1391
1511 1182 1509 1165 1547 1162 1549 1179 small-vehicle 0.1388
456 1253 455 1236 495 1234 496 1252 small-vehicle 0.1387
448 1398 464 1402 452 1443 436 1438 small-vehicle 0.1387
457 1232 457 1214 496 1212 497 1230 small-vehicle 0.1385
1049 761 1067 761 1065 803 1047 802 small-vehicle 0.1384
1109 1408 1125 1411 1118 1452 1102 1449 small-vehicle 0.1383
1447 512 1462 513 1461 551 1445 551 small-vehicle 0.1383
775 1685 790 1695 767 1729 752 1719 small-vehicle 0.1380
1504 1629 1504 1611 1546 1612 1546 1630 small-vehicle 0.1373
517 1316 517 1298 557 1298 557 1316 small-vehicle 0.1371
1165 1545 1179 1544 1183 1577 1168 1579 small-vehicle 0.1365
1520 748 1520 729 1563 730 1562 750 small-vehicle 0.1363
1510 1700 1508 1683 1545 1678 1548 1695 small-vehicle 0.1359
358 1278 356 1262 394 1259 395 1275 small-vehicle 0.1359
922 1710 940 1710 941 1754 923 1754 small-vehicle 0.1356
1155 1238 1171 1240 1166 1280 1150 1278 small-vehicle 0.1351
1022 761 1040 762 1038 804 1020 804 small-vehicle 0.1351
894 1983 903 1967 939 1986 930 2002 small-vehicle 0.1348
1511 1754 1510 1738 1546 1736 1547 1752 small-vehicle 0.1347
517 1274 516 1255 557 1253 558 1272 small-vehicle 0.1343
1513 574 1515 555 1560 560 1558 578 small-vehicle 0.1342
356 1318 355 1301 393 1298 394 1315 small-vehicle 0.1337
975 760 993 760 993 803 975 803 small-vehicle 0.1337
1076 892 1092 892 1092 932 1076 933 small-vehicle 0.1336
1248 600 1267 599 1269 643 1251 644 small-vehicle 0.1334
1156 1547 1171 1549 1167 1581 1152 1579 small-vehicle 0.1324
869 1508 889 1507 891 1559 872 1560 small-vehicle 0.1317
534 1019 549 1020 547 1058 532 1058 small-vehicle 0.1316
653 1177 653 1162 683 1162 683 1177 small-vehicle 0.1312
458 1182 455 1164 496 1159 498 1178 small-vehicle 0.1308
752 1021 761 1007 791 1026 782 1040 small-vehicle 0.1307
779 1492 780 1474 817 1475 817 1493 small-vehicle 0.1296
55 1967 57 1948 96 1952 94 1970 small-vehicle 0.1293
1511 1719 1509 1702 1547 1697 1549 1713 small-vehicle 0.1293
556 1427 571 1434 552 1473 537 1466 small-vehicle 0.1293
736 1133 737 1115 776 1117 775 1136 small-vehicle 0.1291
526 1140 531 1124 567 1138 561 1153 small-vehicle 0.1289
861 445 873 432 903 461 891 474 small-vehicle 0.1287
615 1526 613 1512 646 1509 647 1523 small-vehicle 0.1285
903 1147 916 1151 907 1185 894 1182 small-vehicle 0.1281
1517 1088 1517 1072 1554 1071 1555 1087 small-vehicle 0.1279
900 1616 919 1617 915 1665 897 1664 small-vehicle 0.1277
1505 1649 1505 1631 1545 1630 1545 1647 small-vehicle 0.1277
1268 1237 1270 1222 1304 1228 1301 1243 small-vehicle 0.1276
1515 624 1514 605 1557 603 1558 621 small-vehicle 0.1274
931 1541 948 1542 944 1582 928 1580 small-vehicle 0.1271
521 1201 520 1184 558 1180 560 1197 small-vehicle 0.1260
937 1716 954 1716 954 1757 937 1757 small-vehicle 0.1259
1141 1238 1156 1240 1151 1279 1136 1277 small-vehicle 0.1257
112 1905 131 1908 125 1949 106 1946 small-vehicle 0.1253
1068 1539 1086 1540 1084 1581 1066 1581 small-vehicle 0.1248
693 1641 686 1626 715 1611 723 1625 small-vehicle 0.1248
1019 1154 1033 1157 1027 1190 1013 1187 small-vehicle 0.1247
1512 1737 1510 1721 1547 1717 1549 1732 small-vehicle 0.1245
1236 1208 1250 1209 1249 1241 1235 1241 small-vehicle 0.1240
577 1444 591 1449 578 1485 564 1480 small-vehicle 0.1240
1049 1627 1066 1630 1060 1672 1043 1670 small-vehicle 0.1237
671 1600 666 1586 697 1574 702 1588 small-vehicle 0.1236
945 1495 964 1494 966 1538 947 1539 small-vehicle 0.1236
1134 978 1149 980 1144 1017 1130 1015 small-vehicle 0.1232
517 1337 516 1319 556 1318 557 1336 small-vehicle 0.1220
1509 1430 1509 1411 1548 1410 1548 1429 small-vehicle 0.1218
854 615 855 598 895 599 895 615 small-vehicle 0.1218
1505 1373 1505 1354 1548 1355 1548 1374 small-vehicle 0.1216
903 761 921 761 919 803 902 802 small-vehicle 0.1207
1256 1392 1255 1373 1300 1370 1301 1390 small-vehicle 0.1200
458 1206 457 1187 496 1185 498 1203 small-vehicle 0.1195
925 1027 940 1029 934 1064 919 1062 small-vehicle 0.1194
1029 850 1044 851 1042 890 1027 889 small-vehicle 0.1191
783 1428 781 1410 818 1405 820 1423 small-vehicle 0.1186
959 472 959 456 997 455 998 472 small-vehicle 0.1186
770 1568 770 1548 814 1549 813 1569 small-vehicle 0.1186
1514 902 1513 885 1556 884 1556 901 small-vehicle 0.1185
1248 660 1263 662 1256 696 1242 693 small-vehicle 0.1184
459 1324 458 1308 495 1306 496 1322 small-vehicle 0.1183
609 1317 611 1297 646 1300 644 1320 small-vehicle 0.1182
812 1711 828 1715 819 1750 803 1746 small-vehicle 0.1176
1513 1232 1513 1211 1560 1212 1560 1232 small-vehicle 0.1175
1119 1102 1134 1103 1133 1145 1117 1144 small-vehicle 0.1174
589 1481 601 1474 618 1501 605 1508 small-vehicle 0.1172
1012 851 1027 850 1029 891 1014 892 small-vehicle 0.1172
1517 920 1517 905 1558 907 1557 922 small-vehicle 0.1171
929 760 947 760 945 802 927 801 small-vehicle 0.1171
881 1149 894 1151 888 1183 876 1181 small-vehicle 0.1170
1164 1522 1178 1520 1182 1549 1169 1551 small-vehicle 0.1168
957 543 958 526 998 527 997 544 small-vehicle 0.1168
424 1821 438 1829 416 1867 402 1859 small-vehicle 0.1165
1055 978 1071 980 1068 1015 1052 1013 small-vehicle 0.1161
913 688 929 689 926 730 911 729 small-vehicle 0.1160
973 1205 985 1198 1002 1229 990 1235 small-vehicle 0.1157
948 1027 963 1029 958 1064 943 1062 small-vehicle 0.1157
458 1301 456 1285 494 1282 495 1298 small-vehicle 0.1154
783 1176 783 1160 819 1162 819 1178 small-vehicle 0.1147
1516 647 1515 629 1554 627 1555 645 small-vehicle 0.1146
862 2059 870 2043 905 2061 897 2076 small-vehicle 0.1145
1264 1077 1265 1062 1301 1064 1300 1079 small-vehicle 0.1142
761 1478 761 1461 791 1462 791 1479 small-vehicle 0.1142
1248 1218 1261 1212 1275 1240 1263 1247 small-vehicle 0.1141
888 764 904 764 904 803 888 803 small-vehicle 0.1135
868 772 882 771 883 809 869 809 small-vehicle 0.1134
1317 1859 1315 1848 1339 1844 1341 1855 small-vehicle 0.1132
957 982 973 983 970 1020 954 1019 small-vehicle 0.1130
681 1619 674 1606 704 1590 711 1604 small-vehicle 0.1126
961 1028 976 1030 973 1064 958 1063 small-vehicle 0.1125
957 644 958 628 996 628 996 645 small-vehicle 0.1124
957 663 957 646 996 646 996 662 small-vehicle 0.1119
982 1538 1000 1540 995 1578 978 1576 small-vehicle 0.1119
1099 1544 1116 1545 1112 1582 1096 1581 small-vehicle 0.1118
738 1200 735 1183 769 1178 772 1195 small-vehicle 0.1117
1157 979 1171 981 1165 1018 1151 1016 small-vehicle 0.1111
5 1117 22 1118 21 1153 4 1152 small-vehicle 0.1110
1011 1027 1026 1029 1022 1062 1007 1060 small-vehicle 0.1110
623 1539 619 1526 647 1517 651 1530 small-vehicle 0.1108
855 593 854 576 894 574 895 591 small-vehicle 0.1108
607 1340 607 1322 646 1322 646 1340 small-vehicle 0.1104
1152 892 1152 875 1193 876 1193 893 small-vehicle 0.1103
1118 977 1133 979 1130 1015 1115 1014 small-vehicle 0.1101
14 917 29 917 29 952 13 952 small-vehicle 0.1099
525 1158 528 1142 562 1148 559 1164 small-vehicle 0.1098
1266 1442 1265 1425 1298 1422 1299 1439 small-vehicle 0.1092
1013 1104 1029 1107 1023 1146 1007 1143 small-vehicle 0.1091
995 1027 1010 1029 1006 1062 991 1060 small-vehicle 0.1089
888 1279 901 1276 908 1309 895 1312 small-vehicle 0.1084
850 2085 857 2071 888 2087 880 2101 small-vehicle 0.1084
910 1491 930 1490 931 1536 912 1536 small-vehicle 0.1078
1443 672 1456 671 1458 703 1445 704 small-vehicle 0.1077
544 1422 558 1430 539 1466 525 1459 small-vehicle 0.1076
1267 969 1267 951 1306 952 1305 970 small-vehicle 0.1075
898 688 913 690 907 728 892 726 small-vehicle 0.1074
563 1128 576 1121 591 1149 578 1155 small-vehicle 0.1074
1511 1064 1511 1052 1539 1052 1539 1065 small-vehicle 0.1073
778 1366 780 1348 817 1351 815 1369 small-vehicle 0.1069
976 1029 991 1030 987 1063 973 1062 small-vehicle 0.1068
1101 1102 1116 1103 1114 1143 1099 1142 small-vehicle 0.1065
1137 788 1151 775 1177 802 1163 815 small-vehicle 0.1061
610 1203 610 1186 645 1188 645 1204 small-vehicle 0.1061
1439 1237 1451 1236 1454 1266 1442 1267 small-vehicle 0.1061
1121 1236 1136 1237 1133 1275 1119 1274 small-vehicle 0.1061
1033 1025 1048 1027 1044 1061 1029 1059 small-vehicle 0.1060
651 1314 652 1296 688 1298 687 1316 small-vehicle 0.1057
647 1372 649 1353 684 1357 682 1375 small-vehicle 0.1055
918 1538 935 1541 927 1580 911 1576 small-vehicle 0.1052
1224 1697 1242 1695 1248 1747 1229 1748 small-vehicle 0.1052
1152 1372 1165 1373 1163 1402 1150 1401 small-vehicle 0.1048
166 1922 179 1916 195 1948 182 1954 small-vehicle 0.1048
780 1459 781 1441 817 1444 816 1462 small-vehicle 0.1047
1088 1416 1102 1418 1096 1456 1081 1454 small-vehicle 0.1047
1053 1367 1069 1369 1065 1405 1050 1404 small-vehicle 0.1046
738 1182 736 1166 769 1162 771 1179 small-vehicle 0.1046
895 845 910 850 898 886 884 881 small-vehicle 0.1045
656 1201 654 1187 682 1182 685 1196 small-vehicle 0.1042
783 1196 784 1181 818 1182 818 1197 small-vehicle 0.1041
31 1886 46 1885 49 1924 34 1925 small-vehicle 0.1039
953 1537 970 1538 969 1577 952 1576 small-vehicle 0.1036
737 1449 736 1431 770 1429 771 1448 small-vehicle 0.1034
607 1143 610 1130 637 1135 634 1149 small-vehicle 0.1032
1154 1034 1166 1036 1161 1064 1149 1062 small-vehicle 0.1030
1001 1240 1016 1241 1013 1276 998 1274 small-vehicle 0.1028
648 1358 648 1340 683 1340 684 1358 small-vehicle 0.1026
855 465 860 451 892 463 887 478 small-vehicle 0.1025
1508 1507 1507 1490 1546 1488 1547 1505 small-vehicle 0.1022
522 1418 536 1425 520 1457 506 1450 small-vehicle 0.1018
866 1610 881 1612 876 1652 861 1650 small-vehicle 0.1017
1436 1178 1449 1174 1459 1204 1447 1208 small-vehicle 0.1015
624 1085 622 1073 646 1070 648 1082 small-vehicle 0.1014
610 1127 613 1114 638 1121 634 1133 small-vehicle 0.1011
452 1054 450 1040 483 1036 485 1050 small-vehicle 0.1010
973 983 989 984 986 1020 970 1019 small-vehicle 0.1009
649 1340 651 1322 685 1325 683 1343 small-vehicle 0.1008
914 846 929 851 917 887 903 882 small-vehicle 0.1007
889 1528 907 1530 903 1573 885 1571 small-vehicle 0.1006
855 539 854 524 891 521 892 537 small-vehicle 0.1006
738 1168 737 1152 769 1149 771 1165 small-vehicle 0.1006
863 983 876 986 870 1019 857 1016 small-vehicle 0.1005
787 1149 786 1135 816 1133 816 1148 small-vehicle 0.1004
1154 869 1155 851 1196 854 1195 871 small-vehicle 0.1003
737 1216 735 1200 769 1195 771 1211 small-vehicle 0.1001
414 29 414 9 506 8 506 28 large-vehicle 0.3290
83 26 97 33 73 82 58 75 large-vehicle 0.1925
530 26 528 5 608 -2 610 18 large-vehicle 0.1440
1442 817 1461 817 1462 864 1443 865 large-vehicle 0.1114
85 11 97 0 126 31 114 42 large-vehicle 0.1101
530 26 528 5 608 -2 610 18 ship 0.1101
