2056 2278 2047 1926 2592 1912 2601 2264 ground-track-field 0.1253
1897 2546 1920 2541 1930 2599 1907 2603 small-vehicle 0.1532
2252 1605 2256 1586 2299 1596 2295 1615 small-vehicle 0.1195
480 2366 480 2346 520 2345 521 2365 small-vehicle 0.1165
1539 391 1540 370 1585 372 1584 393 small-vehicle 0.1095
1870 303 1880 289 1910 310 1901 324 small-vehicle 0.1089
37 862 39 844 85 848 83 867 small-vehicle 0.1085
1437 2614 1454 2610 1462 2654 1444 2657 small-vehicle 0.1082
886 2525 899 2512 930 2543 918 2556 small-vehicle 0.1078
103 349 118 342 136 378 121 386 small-vehicle 0.1069
1880 620 1879 600 1930 596 1932 617 small-vehicle 0.1062
256 34 267 21 295 46 284 58 small-vehicle 0.1061
1678 266 1684 249 1720 263 1714 279 small-vehicle 0.1061
1719 398 1720 378 1769 381 1768 401 small-vehicle 0.1059
140 803 156 797 172 835 156 841 small-vehicle 0.1053
25 1261 30 1245 69 1256 64 1273 small-vehicle 0.1039
1727 642 1734 625 1773 642 1766 659 small-vehicle 0.1030
1071 2718 1081 2704 1112 2727 1101 2741 small-vehicle 0.1030
111 904 129 908 117 958 98 953 small-vehicle 0.1025
1917 498 1927 484 1959 504 1950 519 small-vehicle 0.1015
226 480 222 462 262 452 266 470 small-vehicle 0.1008
233 495 227 479 264 466 270 483 small-vehicle 0.1005
32 2852 34 2833 80 2836 79 2855 small-vehicle 0.1003
734 411 755 190 1360 249 1338 470 ship 0.2582
2146 558 2349 598 2188 1406 1985 1365 ship 0.1549
124 2390 148 2200 858 2293 834 2483 ship 0.1400
2528 1051 2546 1055 2537 1105 2518 1101 ship 0.1329
2154 2229 2128 1968 2559 1924 2585 2186 basketball-court 0.1334
2083 2289 2076 1937 2589 1927 2596 2279 soccer-ball-field 0.1269
2808 3201 2819 3184 2870 3217 2859 3233 harbor 0.1059
34 1829 43 1797 145 1825 136 1857 harbor 0.1042
