1741 2850 1779 2848 1786 2975 1748 2978 ship 0.5812
1693 2844 1733 2845 1730 2988 1690 2987 ship 0.5609
862 2804 906 2804 906 2960 861 2960 ship 0.5520
1351 2877 1389 2874 1401 3008 1363 3012 ship 0.5481
1021 2456 1058 2451 1071 2564 1035 2568 ship 0.5315
1248 1657 1280 1655 1288 1741 1255 1744 ship 0.5169
1261 2864 1302 2860 1313 2979 1273 2983 ship 0.5140
923 2045 953 2045 952 2125 923 2125 ship 0.5137
1876 2704 1910 2700 1922 2809 1888 2813 ship 0.5109
1195 2440 1228 2438 1233 2548 1201 2550 ship 0.5108
918 2460 955 2461 952 2571 915 2570 ship 0.5097
1115 1665 1144 1663 1151 1744 1122 1747 ship 0.5003
1573 1989 1604 1984 1617 2071 1586 2075 ship 0.4973
1023 2026 1051 2020 1066 2099 1038 2105 ship 0.4947
1994 2185 1990 2159 2055 2149 2059 2174 ship 0.4924
943 1670 973 1665 987 1747 957 1752 ship 0.4905
1080 1308 1108 1302 1123 1380 1095 1385 ship 0.4888
1021 1670 1049 1664 1064 1743 1036 1749 ship 0.4872
1735 1283 1764 1279 1775 1356 1746 1360 ship 0.4870
976 2322 1012 2321 1013 2430 977 2431 ship 0.4850
1816 2706 1853 2703 1862 2811 1825 2814 ship 0.4850
1452 2857 1492 2855 1499 2986 1459 2988 ship 0.4844
1905 2406 1933 2402 1944 2478 1917 2482 ship 0.4821
1897 1967 1923 1962 1937 2037 1911 2042 ship 0.4820
966 1331 998 1326 1011 1404 979 1409 ship 0.4813
763 1539 800 1537 806 1646 770 1648 ship 0.4784
1830 2850 1868 2848 1877 2977 1839 2980 ship 0.4753
1589 2856 1624 2853 1634 2976 1599 2979 ship 0.4752
1137 2441 1170 2439 1177 2547 1144 2549 ship 0.4707
857 2458 894 2457 897 2561 859 2562 ship 0.4697
1549 2426 1580 2423 1588 2529 1556 2531 ship 0.4697
1489 2713 1524 2711 1531 2822 1495 2824 ship 0.4690
1824 1169 1852 1167 1857 1241 1830 1243 ship 0.4678
1165 1300 1196 1297 1203 1397 1172 1400 ship 0.4674
1842 3236 1882 3234 1888 3342 1848 3344 ship 0.4658
1443 2721 1478 2719 1483 2828 1449 2830 ship 0.4656
1036 1193 1066 1192 1069 1277 1039 1278 ship 0.4656
1986 3264 2015 3262 2019 3337 1989 3339 ship 0.4651
1057 2316 1091 2314 1097 2421 1063 2423 ship 0.4637
1553 1190 1582 1189 1583 1259 1554 1260 ship 0.4630
1792 1170 1820 1167 1828 1242 1801 1245 ship 0.4629
1934 2846 1971 2845 1975 2968 1938 2969 ship 0.4606
1795 1522 1824 1521 1826 1598 1797 1599 ship 0.4596
1541 2715 1578 2714 1580 2823 1544 2824 ship 0.4578
1736 1034 1732 1015 1777 1005 1781 1024 ship 0.4578
938 2880 976 2884 966 2999 928 2995 ship 0.4563
1295 451 1327 453 1323 540 1290 539 ship 0.4560
1625 1287 1653 1282 1669 1358 1641 1364 ship 0.4559
2001 2208 1995 2184 2058 2169 2063 2194 ship 0.4559
1331 2439 1364 2437 1368 2538 1335 2539 ship 0.4555
1083 1667 1111 1666 1113 1746 1086 1747 ship 0.4542
1359 1192 1386 1192 1387 1264 1359 1264 ship 0.4540
1930 1169 1958 1170 1958 1240 1930 1239 ship 0.4534
1930 2404 1958 2401 1966 2476 1938 2479 ship 0.4529
1400 2858 1440 2854 1453 2981 1413 2985 ship 0.4529
1416 1191 1443 1191 1443 1263 1416 1263 ship 0.4527
1190 2017 1222 2012 1236 2104 1204 2109 ship 0.4523
1497 1521 1528 1519 1533 1602 1503 1604 ship 0.4513
1049 1668 1077 1665 1085 1744 1058 1747 ship 0.4509
1873 1277 1900 1274 1908 1346 1881 1349 ship 0.4506
1353 2723 1386 2721 1391 2829 1358 2831 ship 0.4505
1882 967 1875 947 1926 929 1933 948 ship 0.4475
1931 2294 1958 2293 1962 2371 1934 2372 ship 0.4472
1031 1904 1059 1904 1056 1983 1028 1982 ship 0.4464
1441 1190 1468 1191 1467 1263 1440 1263 ship 0.4462
1375 354 1401 358 1393 425 1366 422 ship 0.4461
1859 1170 1886 1169 1888 1242 1861 1242 ship 0.4458
1467 1992 1497 1987 1514 2075 1485 2080 ship 0.4453
1548 1302 1576 1298 1587 1378 1559 1382 ship 0.4452
1336 2007 1368 2007 1369 2109 1337 2109 ship 0.4452
1653 1286 1681 1282 1693 1356 1664 1361 ship 0.4447
1302 1551 1330 1550 1331 1620 1304 1620 ship 0.4446
1102 1547 1133 1544 1141 1631 1111 1634 ship 0.4446
1895 1628 1918 1625 1926 1683 1904 1686 ship 0.4442
1131 1548 1163 1545 1171 1631 1139 1634 ship 0.4433
1609 1881 1640 1880 1642 1956 1612 1957 ship 0.4432
1006 1904 1032 1903 1033 1973 1006 1973 ship 0.4421
1278 1191 1306 1188 1314 1269 1286 1272 ship 0.4413
1793 2413 1822 2409 1833 2485 1803 2489 ship 0.4404
1881 2846 1919 2844 1926 2968 1888 2970 ship 0.4403
1908 1274 1935 1271 1943 1342 1916 1345 ship 0.4401
1549 1990 1578 1986 1590 2070 1561 2074 ship 0.4398
885 1317 916 1318 915 1394 884 1394 ship 0.4393
1209 1658 1239 1656 1244 1740 1215 1742 ship 0.4392
1471 1645 1501 1640 1513 1719 1483 1724 ship 0.4390
1661 1635 1688 1632 1695 1707 1668 1709 ship 0.4387
1820 1627 1847 1623 1857 1693 1831 1697 ship 0.4386
1465 1190 1493 1190 1493 1262 1466 1262 ship 0.4375
1269 1550 1296 1548 1300 1620 1273 1622 ship 0.4375
1722 1528 1750 1529 1747 1601 1719 1600 ship 0.4368
1790 1635 1818 1631 1828 1704 1800 1708 ship 0.4356
1057 1310 1085 1306 1095 1384 1067 1387 ship 0.4356
1789 993 1791 974 1833 980 1831 998 ship 0.4353
969 1546 1000 1543 1010 1632 978 1635 ship 0.4353
911 2319 945 2317 950 2419 916 2420 ship 0.4350
865 2029 891 2032 883 2098 858 2095 ship 0.4349
1688 1633 1715 1631 1721 1704 1694 1707 ship 0.4347
1879 2408 1907 2404 1916 2480 1888 2483 ship 0.4339
1830 1878 1858 1879 1855 1945 1827 1944 ship 0.4329
1330 1550 1357 1549 1359 1617 1332 1617 ship 0.4328
1619 1057 1614 1034 1669 1025 1673 1047 ship 0.4326
1299 2723 1331 2722 1334 2827 1302 2828 ship 0.4318
1387 1192 1414 1192 1414 1263 1388 1264 ship 0.4313
1331 570 1356 573 1350 635 1325 633 ship 0.4298
1355 1880 1385 1877 1394 1964 1364 1967 ship 0.4296
1728 2414 1762 2413 1765 2490 1731 2492 ship 0.4292
1853 1625 1879 1622 1887 1690 1861 1693 ship 0.4291
1704 1036 1698 1017 1742 1002 1748 1021 ship 0.4290
1114 2015 1144 2012 1154 2105 1123 2109 ship 0.4289
1274 2439 1306 2438 1310 2542 1277 2543 ship 0.4288
961 1994 972 1979 1005 2004 994 2019 ship 0.4288
1247 1306 1275 1303 1283 1382 1254 1385 ship 0.4285
1771 1192 1797 1191 1800 1251 1774 1252 ship 0.4283
1981 2100 1979 2075 2038 2071 2040 2096 ship 0.4282
919 1674 948 1671 956 1749 928 1752 ship 0.4281
1383 1659 1411 1657 1416 1732 1388 1734 ship 0.4279
1718 1182 1745 1181 1747 1249 1720 1249 ship 0.4278
1679 1879 1708 1878 1711 1950 1682 1952 ship 0.4275
1250 1892 1280 1890 1288 1968 1257 1970 ship 0.4272
1808 1992 1837 1986 1851 2062 1822 2068 ship 0.4268
1059 1902 1090 1903 1087 1986 1056 1985 ship 0.4263
1960 2698 1995 2696 2003 2799 1969 2802 ship 0.4260
1826 1520 1856 1520 1856 1596 1825 1596 ship 0.4260
1807 1879 1834 1881 1830 1948 1802 1947 ship 0.4256
914 1549 944 1547 950 1632 920 1634 ship 0.4253
1651 1184 1678 1184 1679 1249 1652 1249 ship 0.4250
1492 1191 1519 1191 1518 1260 1490 1260 ship 0.4246
1689 1010 1682 991 1729 974 1736 993 ship 0.4246
1603 2292 1634 2290 1641 2382 1610 2384 ship 0.4246
885 1553 914 1550 923 1633 893 1636 ship 0.4245
1495 2426 1527 2423 1535 2533 1503 2535 ship 0.4242
1159 2879 1199 2876 1210 3011 1171 3015 ship 0.4239
1941 1614 1945 1596 1988 1607 1984 1625 ship 0.4236
1162 2016 1193 2012 1206 2106 1175 2111 ship 0.4235
1639 1522 1670 1521 1673 1599 1643 1600 ship 0.4228
829 1227 858 1222 872 1298 843 1304 ship 0.4220
860 1556 889 1552 898 1633 869 1637 ship 0.4217
1851 1277 1877 1274 1885 1345 1859 1348 ship 0.4204
1537 1880 1568 1879 1571 1956 1540 1957 ship 0.4203
1828 991 1829 972 1872 974 1872 993 ship 0.4197
1329 1883 1358 1880 1366 1964 1337 1967 ship 0.4197
1274 1307 1301 1304 1308 1381 1280 1383 ship 0.4194
1745 1178 1772 1177 1774 1248 1747 1249 ship 0.4191
1415 1528 1445 1525 1451 1608 1421 1610 ship 0.4187
1196 2719 1233 2717 1240 2837 1204 2839 ship 0.4187
1112 1889 1144 1889 1144 1981 1112 1981 ship 0.4181
1628 1637 1655 1634 1664 1708 1637 1711 ship 0.4180
1410 2023 1440 2018 1456 2106 1426 2111 ship 0.4169
1827 1272 1854 1271 1858 1337 1832 1339 ship 0.4153
832 1556 863 1554 869 1634 838 1637 ship 0.4150
1531 1190 1559 1191 1557 1259 1529 1258 ship 0.4146
1858 1972 1886 1968 1897 2045 1869 2049 ship 0.4139
877 1218 908 1214 917 1293 886 1297 ship 0.4130
1254 2015 1286 2013 1293 2100 1261 2102 ship 0.4130
1157 1662 1186 1658 1198 1738 1169 1743 ship 0.4124
1931 1270 1958 1267 1967 1333 1940 1336 ship 0.4123
1407 1646 1436 1643 1445 1723 1415 1726 ship 0.4115
1082 2017 1112 2015 1115 2103 1086 2104 ship 0.4115
913 1216 944 1213 953 1289 922 1292 ship 0.4114
1270 2327 1301 2322 1313 2405 1282 2409 ship 0.4110
1438 1645 1468 1642 1477 1722 1446 1726 ship 0.4109
1028 1313 1057 1310 1066 1388 1037 1391 ship 0.4099
1714 1628 1741 1625 1748 1694 1721 1696 ship 0.4083
1706 2319 1735 2316 1742 2386 1713 2390 ship 0.4079
1776 1881 1803 1882 1800 1947 1774 1946 ship 0.4079
1002 2739 1036 2737 1042 2846 1008 2848 ship 0.4077
1187 2304 1220 2302 1228 2403 1195 2406 ship 0.4072
1299 1305 1327 1301 1336 1378 1308 1381 ship 0.4071
1628 2421 1660 2418 1670 2518 1638 2521 ship 0.4071
1890 1523 1919 1525 1914 1595 1885 1593 ship 0.4060
1986 1720 1988 1696 2046 1700 2044 1724 ship 0.4059
898 2044 925 2049 912 2117 885 2112 ship 0.4059
1307 1659 1336 1656 1343 1733 1314 1735 ship 0.4059
1017 3273 1051 3273 1051 3373 1017 3373 ship 0.4046
1583 1530 1613 1531 1610 1607 1580 1606 ship 0.4026
1488 1303 1516 1300 1523 1381 1495 1383 ship 0.4024
1243 2440 1275 2438 1284 2545 1252 2548 ship 0.4020
878 1676 906 1673 914 1751 886 1754 ship 0.4017
1995 2395 2021 2394 2025 2464 1999 2465 ship 0.4014
1691 1050 1688 1031 1731 1025 1734 1044 ship 0.4009
1858 1879 1885 1881 1881 1943 1854 1941 ship 0.4007
1411 2441 1444 2441 1444 2542 1411 2542 ship 0.3997
1688 1191 1715 1191 1715 1249 1688 1249 ship 0.3993
1248 1190 1276 1188 1282 1268 1254 1270 ship 0.3988
1440 1876 1471 1874 1476 1960 1445 1962 ship 0.3986
832 2332 871 2327 884 2429 846 2434 ship 0.3981
1076 2454 1111 2450 1124 2553 1090 2557 ship 0.3978
1806 2303 1834 2305 1828 2377 1800 2375 ship 0.3968
2028 2239 2026 2218 2071 2213 2074 2234 ship 0.3956
1749 1880 1775 1881 1774 1945 1747 1944 ship 0.3955
825 1666 855 1664 863 1750 833 1753 ship 0.3955
1882 1191 1907 1191 1907 1245 1882 1245 ship 0.3953
944 1547 974 1545 979 1631 949 1633 ship 0.3942
1164 1193 1194 1190 1201 1269 1172 1271 ship 0.3940
1512 1995 1540 1990 1554 2073 1526 2078 ship 0.3933
1026 2892 1057 2891 1062 3005 1030 3006 ship 0.3918
2030 2831 2067 2827 2078 2933 2041 2937 ship 0.3917
1110 2456 1141 2453 1149 2544 1118 2546 ship 0.3900
1682 1286 1710 1284 1716 1357 1688 1359 ship 0.3897
1916 1626 1934 1619 1953 1662 1935 1670 ship 0.3894
1681 2712 1714 2708 1724 2811 1690 2814 ship 0.3893
1992 1465 1990 1441 2046 1438 2047 1462 ship 0.3882
1881 926 1881 907 1921 905 1922 924 ship 0.3870
939 2758 968 2755 976 2834 947 2837 ship 0.3846
1387 2716 1421 2716 1421 2827 1387 2827 ship 0.3834
1952 901 1955 883 1991 887 1989 906 ship 0.3832
966 1968 981 1956 1009 1990 994 2003 ship 0.3827
1473 1523 1503 1522 1507 1606 1476 1607 ship 0.3827
2012 2303 2035 2303 2033 2370 2009 2369 ship 0.3826
1653 1990 1684 1985 1696 2061 1665 2066 ship 0.3823
979 2758 1010 2757 1013 2847 982 2848 ship 0.3823
1832 2319 1859 2320 1857 2380 1830 2379 ship 0.3815
1325 1303 1353 1300 1362 1376 1333 1380 ship 0.3814
1404 2305 1436 2302 1444 2402 1412 2405 ship 0.3812
1830 971 1830 954 1869 954 1869 971 ship 0.3806
1986 1774 1986 1753 2040 1755 2039 1776 ship 0.3804
1060 2738 1096 2736 1102 2844 1067 2846 ship 0.3792
1356 1551 1383 1550 1385 1615 1358 1616 ship 0.3789
1706 1880 1733 1880 1733 1948 1706 1948 ship 0.3772
1960 2296 1986 2297 1984 2370 1958 2369 ship 0.3770
1856 2320 1882 2319 1883 2379 1856 2380 ship 0.3749
1647 3233 1674 3221 1703 3288 1677 3300 ship 0.3740
1509 1646 1537 1642 1548 1717 1520 1721 ship 0.3739
1569 1291 1598 1285 1614 1364 1586 1370 ship 0.3727
1576 2291 1608 2289 1615 2387 1584 2390 ship 0.3727
1112 2323 1145 2322 1147 2412 1114 2413 ship 0.3723
1650 1067 1648 1047 1692 1043 1693 1064 ship 0.3714
1995 1528 1994 1506 2047 1504 2048 1526 ship 0.3699
1404 1300 1435 1299 1439 1380 1408 1381 ship 0.3694
1800 360 1801 324 1884 325 1883 362 ship 0.3694
1775 2302 1802 2303 1800 2375 1773 2374 ship 0.3690
1600 1300 1628 1297 1635 1370 1608 1373 ship 0.3676
1008 1192 1038 1193 1036 1275 1007 1275 ship 0.3670
2029 2707 2058 2705 2063 2781 2034 2783 ship 0.3669
2030 2256 2031 2237 2072 2239 2071 2258 ship 0.3662
1436 1997 1465 1990 1485 2075 1456 2082 ship 0.3622
1391 1531 1419 1531 1421 1609 1393 1610 ship 0.3620
1587 1641 1613 1639 1618 1711 1591 1713 ship 0.3604
1584 1882 1613 1883 1612 1957 1582 1956 ship 0.3603
1356 2315 1387 2315 1385 2403 1354 2403 ship 0.3600
1001 1989 1018 1980 1036 2016 1019 2025 ship 0.3600
1559 1526 1588 1529 1580 1604 1551 1602 ship 0.3598
1852 943 1850 925 1890 918 1893 936 ship 0.3595
1372 3253 1408 3252 1410 3362 1374 3363 ship 0.3595
1141 1302 1171 1301 1174 1386 1144 1387 ship 0.3592
877 1981 871 1959 920 1948 925 1970 ship 0.3577
1126 2725 1161 2722 1170 2836 1135 2838 ship 0.3573
1115 2896 1151 2895 1156 3008 1120 3010 ship 0.3570
1047 2016 1074 2013 1080 2077 1054 2080 ship 0.3570
1502 2317 1531 2316 1534 2392 1505 2393 ship 0.3568
1974 1599 1976 1583 2018 1588 2016 1605 ship 0.3564
1282 681 1303 689 1280 750 1259 742 ship 0.3561
1772 1548 1798 1548 1799 1604 1773 1605 ship 0.3552
965 2018 983 2008 1004 2049 986 2058 ship 0.3552
1928 872 1931 855 1972 864 1969 881 ship 0.3543
1993 2153 1988 2130 2041 2121 2045 2143 ship 0.3529
2139 3263 2164 3261 2169 3334 2144 3336 ship 0.3522
1617 1191 1645 1193 1641 1253 1614 1251 ship 0.3506
1948 1640 1959 1625 1991 1648 1981 1662 ship 0.3499
1965 2402 1993 2400 1997 2474 1970 2475 ship 0.3498
1738 2303 1766 2301 1771 2377 1743 2379 ship 0.3493
1542 1645 1569 1642 1575 1715 1548 1717 ship 0.3484
1350 358 1374 360 1369 418 1345 416 ship 0.3480
1203 3270 1238 3272 1234 3373 1199 3371 ship 0.3472
1880 2320 1905 2319 1907 2379 1882 2380 ship 0.3463
1188 1895 1218 1891 1228 1970 1197 1974 ship 0.3453
1910 888 1914 872 1949 880 1945 896 ship 0.3449
1525 1302 1552 1300 1558 1378 1531 1380 ship 0.3396
1223 1298 1250 1294 1259 1367 1231 1370 ship 0.3393
1390 2018 1420 2017 1423 2108 1392 2109 ship 0.3393
1910 2320 1935 2319 1938 2377 1912 2378 ship 0.3366
1119 3282 1149 3282 1147 3366 1117 3366 ship 0.3359
873 2023 892 2014 910 2055 892 2064 ship 0.3356
1889 1880 1914 1881 1911 1939 1886 1938 ship 0.3350
1997 913 2004 896 2034 909 2027 926 ship 0.3316
1458 2431 1491 2428 1501 2536 1468 2539 ship 0.3303
1993 1788 1994 1771 2034 1773 2033 1790 ship 0.3295
2034 818 2034 799 2083 798 2084 817 ship 0.3287
1992 1495 1989 1473 2042 1466 2045 1489 ship 0.3282
1983 1563 1984 1545 2030 1546 2029 1564 ship 0.3282
663 2181 699 2180 702 2287 666 2289 ship 0.3280
874 1994 875 1975 914 1977 913 1996 ship 0.3268
1513 3268 1544 3264 1555 3354 1523 3358 ship 0.3266
1793 969 1795 953 1831 956 1830 972 ship 0.3250
1986 837 1989 821 2025 826 2022 843 ship 0.3249
1289 597 1311 601 1303 650 1282 647 ship 0.3246
1744 1549 1769 1549 1769 1604 1744 1604 ship 0.3240
1284 3268 1319 3270 1315 3370 1280 3369 ship 0.3236
1297 2431 1330 2428 1339 2524 1305 2527 ship 0.3236
1952 1203 1973 1202 1976 1245 1955 1246 ship 0.3236
1543 2856 1579 2855 1583 2971 1547 2972 ship 0.3228
905 2002 908 1986 938 1992 934 2008 ship 0.3226
2134 785 2148 773 2177 807 2163 819 ship 0.3222
1764 1274 1790 1271 1797 1334 1770 1337 ship 0.3215
1789 2850 1826 2847 1835 2972 1798 2975 ship 0.3213
1664 1027 1660 1008 1704 999 1707 1019 ship 0.3209
1926 1564 1946 1553 1971 1596 1952 1608 ship 0.3209
1804 1244 1825 1242 1830 1286 1809 1289 ship 0.3205
1450 3242 1485 3243 1482 3360 1447 3359 ship 0.3198
1336 403 1358 403 1358 450 1336 450 ship 0.3191
544 2665 584 2660 598 2775 557 2780 ship 0.3173
2030 2277 2037 2262 2070 2279 2063 2294 ship 0.3159
1327 2729 1359 2729 1359 2822 1326 2822 ship 0.3145
1294 2014 1325 2014 1326 2102 1295 2102 ship 0.3137
1989 1220 2005 1211 2026 1246 2010 1256 ship 0.3136
1007 1685 1034 1684 1035 1751 1008 1752 ship 0.3134
1410 1872 1440 1869 1451 1962 1420 1965 ship 0.3131
697 3257 738 3252 753 3383 712 3388 ship 0.3130
2016 839 2016 822 2054 820 2055 837 ship 0.3129
1269 610 1290 611 1286 661 1265 660 ship 0.3119
1240 1557 1265 1557 1265 1617 1240 1617 ship 0.3109
1437 2452 1468 2451 1470 2539 1440 2540 ship 0.3101
1744 1003 1743 985 1785 983 1785 1001 ship 0.3100
911 2030 927 2020 947 2053 931 2063 ship 0.3098
1967 1685 1980 1670 2010 1696 1997 1711 ship 0.3090
1909 1568 1930 1563 1941 1606 1920 1611 ship 0.3089
1889 901 1894 885 1927 895 1922 911 ship 0.3074
1701 1552 1726 1552 1725 1604 1700 1604 ship 0.3049
2012 1595 2017 1581 2052 1593 2047 1607 ship 0.3031
1653 2725 1685 2722 1694 2815 1662 2818 ship 0.3029
943 1941 959 1930 982 1964 966 1975 ship 0.3027
2048 1638 2061 1630 2081 1662 2068 1670 ship 0.3019
2020 1618 2029 1604 2060 1624 2051 1637 ship 0.3019
1224 1227 1248 1225 1254 1276 1229 1279 ship 0.3018
1089 3282 1120 3284 1116 3366 1085 3364 ship 0.2998
1996 1817 1998 1800 2038 1804 2036 1820 ship 0.2993
1983 1662 1988 1646 2024 1657 2019 1673 ship 0.2980
1286 646 1305 650 1294 694 1275 689 ship 0.2976
2027 927 2032 909 2069 920 2064 938 ship 0.2974
858 1248 885 1245 893 1306 865 1309 ship 0.2971
1006 2871 1027 2864 1042 2911 1020 2917 ship 0.2959
1072 1194 1101 1195 1099 1272 1070 1271 ship 0.2958
936 2025 952 2014 975 2048 960 2059 ship 0.2955
1857 1554 1881 1554 1881 1604 1857 1604 ship 0.2954
967 2040 992 2038 997 2100 972 2102 ship 0.2954
1080 2869 1100 2859 1122 2903 1101 2913 ship 0.2952
1990 871 1992 856 2021 860 2019 875 ship 0.2936
1819 2403 1846 2400 1852 2461 1826 2464 ship 0.2928
1029 1989 1049 1983 1061 2024 1041 2030 ship 0.2927
2032 2316 2052 2315 2056 2365 2036 2366 ship 0.2910
2117 3265 2143 3265 2143 3336 2117 3336 ship 0.2907
980 1194 1009 1194 1009 1274 979 1274 ship 0.2886
1309 369 1328 360 1350 402 1331 412 ship 0.2879
2078 2224 2085 2209 2116 2224 2109 2239 ship 0.2878
2077 2246 2086 2234 2111 2254 2102 2266 ship 0.2874
2058 893 2055 874 2098 866 2101 885 ship 0.2837
1666 2322 1694 2324 1689 2391 1661 2389 ship 0.2825
1759 3228 1789 3231 1783 3305 1753 3302 ship 0.2814
2131 752 2149 742 2177 789 2160 799 ship 0.2806
1783 1978 1811 1976 1816 2049 1788 2051 ship 0.2802
1112 1195 1140 1196 1137 1269 1109 1267 ship 0.2794
1040 2868 1060 2857 1084 2900 1065 2911 ship 0.2787
1926 1999 1948 1995 1958 2047 1936 2052 ship 0.2767
1084 1939 1109 1936 1114 1990 1090 1992 ship 0.2766
1434 1295 1462 1294 1466 1367 1438 1368 ship 0.2761
1199 1560 1224 1561 1220 1618 1195 1617 ship 0.2759
1173 2757 1204 2758 1202 2839 1170 2838 ship 0.2757
1980 1250 1993 1238 2020 1269 2007 1281 ship 0.2749
2018 1659 2026 1644 2058 1662 2050 1677 ship 0.2743
2049 1614 2062 1606 2081 1639 2068 1647 ship 0.2740
1338 1222 1361 1222 1361 1272 1338 1272 ship 0.2738
1045 3282 1078 3282 1077 3365 1044 3365 ship 0.2733
1775 1605 1797 1602 1801 1648 1779 1650 ship 0.2690
2026 1232 2034 1218 2070 1239 2061 1253 ship 0.2685
1054 1266 1077 1262 1084 1309 1061 1313 ship 0.2676
1776 2730 1806 2732 1801 2810 1771 2808 ship 0.2672
943 1628 965 1621 979 1666 957 1673 ship 0.2668
2042 1178 2057 1169 2078 1205 2063 1214 ship 0.2667
2038 914 2040 896 2083 900 2081 918 ship 0.2662
1307 1907 1334 1905 1338 1970 1311 1971 ship 0.2657
957 3257 992 3255 998 3346 963 3348 ship 0.2655
1400 323 1396 304 1445 296 1448 314 ship 0.2650
2494 84 2512 68 2546 106 2528 122 ship 0.2644
1553 2300 1583 2299 1586 2382 1555 2383 ship 0.2633
1604 1598 1625 1595 1631 1638 1609 1641 ship 0.2628
996 1305 1022 1302 1029 1361 1002 1364 ship 0.2627
1947 1255 1967 1251 1975 1291 1955 1295 ship 0.2625
1634 1604 1656 1602 1661 1645 1639 1648 ship 0.2624
918 1623 939 1617 952 1663 930 1669 ship 0.2617
1742 1604 1763 1603 1765 1648 1743 1649 ship 0.2607
1164 2350 1192 2347 1199 2411 1171 2414 ship 0.2596
2035 1560 2043 1548 2072 1568 2064 1580 ship 0.2592
2070 2541 2066 2519 2122 2509 2126 2532 ship 0.2575
1956 2033 1974 2020 2004 2060 1987 2073 ship 0.2573
1998 1832 2002 1816 2041 1824 2038 1841 ship 0.2571
828 1891 856 1887 865 1954 836 1957 ship 0.2570
1474 1277 1495 1274 1502 1320 1480 1323 ship 0.2568
803 1576 833 1574 837 1642 808 1644 ship 0.2566
2078 2272 2089 2262 2109 2285 2098 2295 ship 0.2544
1014 1590 1038 1586 1047 1637 1023 1641 ship 0.2533
1499 1880 1529 1882 1526 1958 1496 1957 ship 0.2524
1138 1640 1160 1634 1172 1678 1151 1684 ship 0.2522
940 1261 963 1257 970 1302 948 1306 ship 0.2516
1930 919 1935 901 1968 911 1963 928 ship 0.2505
1982 1732 1987 1712 2028 1724 2022 1744 ship 0.2505
1073 2839 1090 2828 1115 2865 1097 2877 ship 0.2503
2028 1727 2037 1715 2064 1736 2054 1748 ship 0.2496
1089 1636 1108 1631 1119 1672 1100 1677 ship 0.2494
2047 854 2042 837 2084 827 2088 844 ship 0.2494
2031 1759 2041 1748 2066 1770 2056 1781 ship 0.2484
1002 1631 1023 1625 1036 1670 1014 1676 ship 0.2468
2173 3122 2170 3098 2226 3090 2230 3114 ship 0.2465
1391 1274 1413 1272 1416 1317 1395 1319 ship 0.2465
1753 1964 1774 1960 1781 2004 1760 2007 ship 0.2463
2034 1781 2045 1771 2068 1793 2057 1804 ship 0.2454
2041 1217 2053 1206 2078 1234 2066 1245 ship 0.2451
1049 2836 1067 2825 1091 2865 1073 2876 ship 0.2445
2043 1589 2055 1580 2077 1608 2066 1617 ship 0.2444
1021 1639 1042 1633 1054 1675 1034 1681 ship 0.2443
1115 1635 1135 1630 1147 1672 1127 1678 ship 0.2429
2043 3285 2067 3288 2061 3343 2037 3340 ship 0.2418
1363 1640 1386 1637 1391 1686 1368 1688 ship 0.2411
1356 1275 1378 1273 1381 1318 1359 1320 ship 0.2410
1060 1640 1079 1636 1088 1675 1070 1680 ship 0.2402
2027 1700 2038 1688 2063 1712 2053 1723 ship 0.2379
1331 1641 1354 1638 1359 1685 1337 1687 ship 0.2378
1709 1962 1731 1960 1736 2005 1714 2007 ship 0.2378
972 1628 993 1622 1005 1667 983 1673 ship 0.2374
1746 1238 1767 1235 1774 1279 1752 1282 ship 0.2367
1128 2872 1157 2862 1178 2922 1150 2932 ship 0.2352
2084 2206 2088 2190 2119 2198 2115 2214 ship 0.2341
1912 2371 1933 2368 1938 2413 1916 2416 ship 0.2338
2092 3267 2119 3269 2114 3336 2087 3334 ship 0.2333
1952 850 1956 834 1994 842 1991 859 ship 0.2333
1561 1592 1581 1590 1586 1632 1565 1635 ship 0.2332
1996 1430 1999 1409 2047 1415 2044 1436 ship 0.2327
1975 1541 1981 1523 2020 1537 2014 1555 ship 0.2319
1072 1553 1099 1554 1097 1626 1070 1625 ship 0.2307
1113 1280 1134 1279 1138 1323 1116 1325 ship 0.2286
1329 2350 1355 2348 1359 2407 1332 2409 ship 0.2279
1304 534 1327 527 1340 576 1316 582 ship 0.2268
1006 1265 1028 1261 1035 1305 1013 1309 ship 0.2261
2057 930 2059 913 2097 918 2095 935 ship 0.2255
2037 1805 2048 1795 2070 1821 2059 1830 ship 0.2251
1905 1930 1926 1930 1927 1972 1906 1972 ship 0.2249
749 991 765 969 807 1001 791 1022 ship 0.2244
1272 1637 1294 1633 1301 1680 1279 1683 ship 0.2239
1804 2367 1826 2364 1832 2406 1810 2410 ship 0.2237
1021 2836 1041 2827 1061 2867 1042 2876 ship 0.2235
1104 2795 1128 2791 1138 2845 1114 2850 ship 0.2231
1304 638 1321 641 1314 679 1297 676 ship 0.2218
1855 2408 1884 2407 1887 2486 1858 2487 ship 0.2215
2029 883 2028 868 2057 866 2059 881 ship 0.2201
2111 763 2124 753 2149 785 2137 795 ship 0.2193
2029 2087 2042 2074 2070 2102 2058 2115 ship 0.2183
2079 2303 2093 2296 2107 2328 2092 2334 ship 0.2178
2200 3211 2202 3192 2252 3195 2251 3214 ship 0.2174
1133 1997 1155 1993 1164 2039 1142 2044 ship 0.2164
2021 2426 2042 2421 2056 2473 2034 2479 ship 0.2159
2046 1145 2061 1135 2085 1170 2070 1180 ship 0.2158
1775 2367 1797 2365 1801 2406 1779 2408 ship 0.2156
1638 1236 1661 1233 1667 1278 1645 1281 ship 0.2151
1162 2432 1189 2429 1195 2487 1168 2490 ship 0.2147
1254 1277 1274 1274 1280 1318 1260 1320 ship 0.2145
975 1269 997 1265 1004 1307 983 1311 ship 0.2143
1000 2835 1019 2827 1035 2867 1016 2875 ship 0.2135
1412 2757 1442 2755 1447 2831 1417 2833 ship 0.2129
2034 2377 2049 2371 2063 2405 2048 2411 ship 0.2129
1103 2845 1121 2835 1141 2872 1123 2881 ship 0.2119
1700 2404 1725 2401 1732 2451 1707 2455 ship 0.2111
2106 799 2115 787 2142 807 2133 819 ship 0.2103
2072 864 2069 847 2106 840 2110 856 ship 0.2099
834 1622 857 1619 863 1667 840 1670 ship 0.2088
963 2868 987 2868 987 2920 963 2920 ship 0.2070
564 2876 597 2869 617 2964 585 2971 ship 0.2067
2092 872 2090 855 2122 852 2123 869 ship 0.2064
1531 1966 1551 1963 1557 2004 1537 2008 ship 0.2063
2077 2563 2073 2545 2117 2533 2122 2552 ship 0.2060
1913 1892 1934 1890 1938 1939 1917 1940 ship 0.2060
644 3434 643 3242 1333 3239 1334 3431 ship 0.1911
877 1981 871 1959 920 1948 925 1970 storage-tank 0.1213
874 1994 875 1975 914 1977 913 1996 storage-tank 0.1055
836 1397 827 1186 1498 1158 1507 1369 harbor 0.4854
762 1747 761 1534 1458 1530 1459 1744 harbor 0.4685
849 2142 828 1904 1802 1819 1823 2057 harbor 0.4400
818 2554 813 2317 1533 2301 1538 2538 harbor 0.3998
891 3008 879 2756 1796 2711 1808 2962 harbor 0.3894
1372 1351 1372 1181 2001 1181 2001 1351 harbor 0.3656
644 3434 643 3242 1333 3239 1334 3431 harbor 0.3189
1348 1689 1345 1526 2031 1513 2034 1676 harbor 0.2639
1250 3416 1247 3237 2087 3221 2090 3400 harbor 0.2464
132 1388 225 1390 213 2085 120 2084 harbor 0.2388
1376 344 1381 263 1917 301 1911 382 harbor 0.2063
1417 964 1369 851 2066 553 2114 666 harbor 0.2024
460 2488 545 2473 711 3397 626 3412 harbor 0.2009
606 572 708 596 503 1465 401 1441 harbor 0.2008
2132 2239 2093 2172 2689 1829 2728 1896 harbor 0.1921
2199 583 2310 608 2133 1405 2022 1380 harbor 0.1615
2198 -128 2298 -130 2306 464 2207 465 harbor 0.1567
2364 3274 2319 3179 2687 3004 2732 3099 harbor 0.1488
1371 2471 1364 2316 2106 2281 2114 2435 harbor 0.1465
357 1974 480 1964 606 3429 482 3439 harbor 0.1430
663 2181 699 2180 702 2287 666 2289 harbor 0.1405
861 2796 907 2796 907 2955 861 2955 harbor 0.1346
1236 460 1361 456 1370 747 1245 751 harbor 0.1240
694 876 593 590 1561 250 1661 537 harbor 0.1231
2133 2727 2196 2710 2335 3229 2272 3246 harbor 0.1150
1521 1165 1460 983 1996 803 2057 984 harbor 0.1096
