5813 3655 5799 3533 5947 3516 5961 3638 plane 0.6120
682 2552 665 2417 831 2396 849 2531 plane 0.6116
2169 2430 2149 2322 2281 2298 2300 2407 plane 0.5765
6691 1486 6694 1380 6821 1383 6818 1489 plane 0.5574
1403 2257 1462 2152 1582 2220 1523 2325 plane 0.5415
4547 4280 4570 4170 4700 4196 4677 4306 plane 0.5221
5580 3930 5592 3827 5714 3842 5702 3944 plane 0.5196
1462 3608 1497 3510 1615 3552 1580 3650 plane 0.5142
5038 4081 5074 3983 5196 4028 5159 4126 plane 0.5019
1731 3522 1748 3414 1879 3434 1863 3542 plane 0.5005
964 3005 933 2915 1046 2875 1077 2966 plane 0.5003
1052 3713 1119 3636 1212 3718 1145 3795 plane 0.4985
6402 1112 6407 1007 6537 1013 6532 1118 plane 0.4978
1933 2549 1913 2449 2035 2424 2055 2525 plane 0.4949
6336 1385 6394 1287 6506 1354 6448 1451 plane 0.4914
5931 791 5911 697 6035 670 6055 764 plane 0.4904
2389 2220 2410 2101 2556 2127 2535 2245 plane 0.4873
952 3480 944 3382 1074 3371 1082 3470 plane 0.4843
5873 3833 5865 3733 5987 3724 5994 3824 plane 0.4824
1749 2592 1763 2494 1881 2511 1867 2609 plane 0.4811
5806 1795 5838 1693 5961 1733 5928 1835 plane 0.4804
5354 3633 5381 3519 5513 3551 5485 3664 plane 0.4793
6088 3699 6148 3610 6256 3683 6196 3772 plane 0.4754
4850 4156 4880 4058 4998 4093 4968 4191 plane 0.4718
6039 1507 6063 1398 6199 1428 6175 1537 plane 0.4680
2500 4421 2460 4330 2579 4277 2620 4369 plane 0.4677
5370 4014 5349 3907 5478 3882 5498 3989 plane 0.4616
5107 3703 5157 3599 5282 3659 5232 3763 plane 0.4580
4332 4578 4295 4484 4416 4437 4452 4532 plane 0.4510
6158 1171 6166 1075 6287 1085 6279 1181 plane 0.4508
6929 1297 6970 1207 7085 1259 7044 1349 plane 0.4483
7216 1781 7201 1672 7339 1652 7354 1761 plane 0.4454
3986 4533 4030 4457 4132 4516 4089 4592 plane 0.4316
346 4417 405 4337 502 4409 443 4489 plane 0.4298
4954 3716 5026 3641 5114 3725 5043 3800 plane 0.4209
4751 3797 4792 3705 4902 3754 4861 3846 plane 0.4161
4492 1005 4486 911 4597 904 4603 998 plane 0.4107
2398 1545 2384 1446 2514 1428 2528 1527 plane 0.4000
6645 1289 6675 1197 6788 1233 6758 1325 plane 0.3846
5470 3982 5460 3878 5579 3867 5589 3971 plane 0.3807
4047 4683 4057 4603 4167 4617 4157 4697 plane 0.3740
5936 1221 5967 1169 6046 1217 6014 1269 plane 0.3719
1854 3493 1881 3394 2000 3426 1974 3525 plane 0.3647
1284 3315 1324 3254 1406 3307 1367 3368 plane 0.3554
7111 1419 7092 1325 7212 1301 7231 1395 plane 0.3521
4160 1853 4157 1760 4277 1757 4279 1850 plane 0.3460
3768 1700 3769 1597 3902 1599 3901 1701 plane 0.3433
513 3941 520 3882 613 3894 606 3953 plane 0.3333
4860 3762 4917 3688 5004 3754 4948 3828 plane 0.3322
710 2858 717 2782 825 2793 818 2868 plane 0.3288
1323 3590 1397 3590 1398 3690 1324 3690 plane 0.3284
1634 3542 1676 3456 1775 3503 1733 3590 plane 0.3259
1571 3592 1610 3505 1710 3550 1671 3637 plane 0.3151
1356 3301 1395 3241 1474 3292 1435 3352 plane 0.3113
4938 4098 4968 4011 5075 4048 5044 4135 plane 0.3051
657 3541 689 3486 774 3535 743 3590 plane 0.3025
7127 1516 7116 1422 7237 1408 7248 1502 plane 0.3010
1249 3617 1322 3613 1326 3713 1254 3717 plane 0.2934
5994 1187 6026 1131 6104 1175 6072 1231 plane 0.2896
4106 4752 4146 4718 4200 4779 4160 4814 plane 0.2871
4252 4767 4293 4761 4304 4834 4263 4840 plane 0.2848
1586 3223 1610 3161 1696 3194 1672 3256 plane 0.2767
4178 4768 4221 4752 4248 4822 4205 4839 plane 0.2754
6804 1489 6834 1410 6929 1446 6899 1525 plane 0.2706
1382 3556 1453 3531 1485 3622 1414 3647 plane 0.2661
2434 2304 2455 2200 2590 2227 2569 2332 plane 0.2637
3751 1582 3751 1489 3874 1488 3875 1581 plane 0.2628
1477 3262 1500 3207 1583 3242 1560 3297 plane 0.2597
1740 3135 1753 3092 1837 3118 1824 3161 plane 0.2589
964 3729 1032 3699 1070 3785 1002 3815 plane 0.2562
6723 306 6707 241 6809 217 6825 281 plane 0.2554
4577 4449 4592 4399 4679 4426 4663 4476 plane 0.2552
2533 2508 2559 2475 2625 2527 2599 2560 plane 0.2548
6845 683 6834 597 6952 582 6963 668 plane 0.2524
878 3767 925 3770 920 3849 873 3847 plane 0.2483
3999 2291 3967 2207 4088 2161 4120 2246 plane 0.2472
1713 3183 1720 3134 1810 3147 1803 3195 plane 0.2452
7174 1628 7171 1538 7289 1534 7293 1624 plane 0.2450
6909 1619 6954 1567 7029 1632 6983 1684 plane 0.2448
4534 1291 4577 1243 4645 1304 4602 1352 plane 0.2428
590 4328 596 4265 687 4273 681 4337 plane 0.2412
6658 1128 6661 1066 6746 1071 6743 1132 plane 0.2365
6037 1961 6102 1945 6122 2031 6057 2046 plane 0.2357
6310 1085 6337 1002 6437 1034 6410 1117 plane 0.2335
889 2799 867 2740 975 2702 996 2761 plane 0.2331
1204 3335 1245 3282 1318 3340 1277 3392 plane 0.2321
4346 4759 4386 4758 4389 4829 4349 4831 plane 0.2307
4157 4690 4193 4664 4234 4721 4198 4747 plane 0.2288
6511 1108 6527 1033 6621 1053 6605 1129 plane 0.2279
6660 1392 6673 1300 6790 1315 6778 1408 plane 0.2274
4470 4764 4518 4765 4515 4845 4467 4843 plane 0.2269
7097 1705 7127 1640 7203 1675 7174 1739 plane 0.2259
5878 1208 5923 1186 5957 1255 5911 1278 plane 0.2259
6071 1180 6088 1102 6182 1122 6166 1200 plane 0.2258
6955 1455 6987 1391 7058 1428 7026 1491 plane 0.2237
1653 2823 1682 2798 1735 2857 1706 2883 plane 0.2225
4250 4692 4285 4675 4315 4735 4280 4752 plane 0.2218
6994 1685 7036 1639 7098 1695 7056 1742 plane 0.2207
5612 1581 5652 1537 5722 1603 5681 1646 plane 0.2205
5646 1059 5709 1062 5704 1161 5641 1158 plane 0.2204
776 2451 830 2349 951 2413 898 2515 plane 0.2195
4006 1575 4035 1526 4108 1567 4079 1617 plane 0.2185
5492 4137 5552 4129 5565 4222 5505 4230 plane 0.2170
4700 4249 4743 4173 4829 4221 4786 4297 plane 0.2166
1159 3647 1234 3626 1260 3722 1185 3742 plane 0.2161
5221 4033 5268 3971 5341 4027 5294 4089 plane 0.2156
1107 3393 1146 3343 1211 3394 1171 3444 plane 0.2152
5543 1010 5601 1020 5585 1117 5526 1107 plane 0.2145
6611 1201 6618 1126 6714 1136 6706 1210 plane 0.2139
5770 3887 5788 3814 5880 3837 5862 3910 plane 0.2136
686 4102 664 4051 755 4013 776 4063 plane 0.2132
2392 2104 2422 2035 2515 2076 2485 2145 plane 0.2118
6530 1394 6584 1335 6651 1396 6596 1455 plane 0.2113
4741 4458 4741 4412 4812 4413 4811 4459 plane 0.2111
4909 1388 4949 1375 4974 1455 4934 1467 plane 0.2109
7352 1998 7381 1969 7440 2027 7411 2056 plane 0.2096
1712 2861 1741 2838 1787 2895 1758 2918 plane 0.2086
5141 4011 5203 3959 5265 4032 5203 4084 plane 0.2086
698 3498 726 3460 790 3508 762 3545 plane 0.2086
4588 4504 4612 4464 4687 4511 4662 4550 plane 0.2074
1047 3245 1060 3205 1135 3229 1123 3269 plane 0.2071
3999 1454 4029 1412 4093 1457 4062 1499 plane 0.2067
5869 1956 5917 1940 5943 2015 5895 2031 plane 0.2066
6940 1519 6976 1462 7043 1504 7007 1561 plane 0.2056
867 2948 874 2883 956 2892 949 2958 plane 0.2050
6996 1626 7042 1577 7102 1632 7057 1682 plane 0.2048
6095 1970 6155 1954 6176 2035 6116 2050 plane 0.2041
4080 2072 4093 2033 4165 2059 4151 2097 plane 0.2029
4879 4412 4872 4359 4963 4348 4969 4401 plane 0.2027
770 2923 779 2867 859 2880 850 2936 plane 0.2027
645 3988 664 3952 727 3986 709 4021 plane 0.2018
4147 4643 4180 4600 4240 4647 4207 4689 plane 0.2013
4085 2023 4103 1988 4168 2020 4151 2055 plane 0.2010
4000 1520 4028 1474 4098 1516 4070 1562 plane 0.2008
5543 1651 5590 1628 5638 1730 5590 1752 plane 0.2005
2660 2209 2730 2150 2799 2232 2729 2291 plane 0.1989
5696 1588 5724 1548 5791 1593 5764 1634 plane 0.1978
4018 1642 4043 1589 4118 1625 4092 1678 plane 0.1974
913 2859 896 2796 994 2770 1011 2833 plane 0.1967
833 3782 874 3779 879 3861 838 3863 plane 0.1950
7237 1500 7247 1422 7347 1434 7338 1512 plane 0.1949
5705 1775 5731 1705 5817 1738 5791 1808 plane 0.1949
938 3208 959 3173 1030 3216 1009 3251 plane 0.1947
4430 4761 4472 4762 4470 4837 4428 4836 plane 0.1947
1137 3261 1152 3221 1221 3247 1206 3287 plane 0.1947
2643 4378 2649 4329 2724 4339 2718 4388 plane 0.1937
1111 2337 1173 2313 1212 2412 1151 2437 plane 0.1937
5669 3852 5714 3787 5791 3839 5747 3905 plane 0.1932
4790 4233 4816 4153 4913 4186 4886 4265 plane 0.1931
5969 1440 5991 1383 6072 1414 6050 1471 plane 0.1927
2691 4522 2714 4493 2773 4539 2750 4568 plane 0.1924
5705 1643 5732 1595 5802 1636 5775 1684 plane 0.1921
1819 2534 1835 2444 1945 2463 1929 2553 plane 0.1920
5832 1187 5878 1177 5894 1247 5848 1257 plane 0.1920
6192 1964 6237 1952 6256 2025 6212 2037 plane 0.1902
2572 2491 2598 2462 2654 2515 2627 2543 plane 0.1900
5764 3932 5783 3879 5860 3907 5840 3961 plane 0.1898
4577 1494 4588 1457 4661 1478 4650 1516 plane 0.1891
6755 929 6790 909 6827 974 6793 993 plane 0.1890
5522 4354 5545 4322 5610 4368 5587 4400 plane 0.1889
1151 3325 1176 3283 1239 3322 1214 3363 plane 0.1887
445 4404 491 4339 572 4395 526 4461 plane 0.1885
1968 3406 2021 3378 2064 3458 2011 3487 plane 0.1885
2196 2496 2225 2452 2303 2504 2273 2548 plane 0.1884
1722 2911 1750 2886 1800 2939 1773 2965 plane 0.1879
990 3039 990 2973 1087 2973 1087 3039 plane 0.1879
6538 1692 6636 1674 6657 1788 6559 1806 plane 0.1869
1099 2943 1128 2903 1187 2947 1157 2987 plane 0.1868
868 3423 887 3368 964 3394 945 3449 plane 0.1862
890 2739 877 2694 971 2665 985 2710 plane 0.1856
7017 1575 7056 1519 7121 1566 7081 1621 plane 0.1846
781 2974 797 2933 860 2957 844 2998 plane 0.1845
6798 988 6822 955 6879 995 6855 1028 plane 0.1838
6015 1882 6073 1859 6103 1935 6046 1958 plane 0.1838
4021 1336 4063 1320 4091 1391 4048 1407 plane 0.1835
7033 1519 7062 1456 7133 1488 7104 1551 plane 0.1829
5723 4114 5732 4071 5818 4088 5809 4131 plane 0.1828
1615 2823 1646 2798 1697 2859 1666 2884 plane 0.1825
4605 1541 4618 1502 4694 1527 4681 1566 plane 0.1825
7041 1462 7052 1387 7136 1398 7125 1474 plane 0.1816
4035 1742 4052 1683 4130 1704 4114 1763 plane 0.1804
3967 1339 4011 1318 4044 1387 4001 1408 plane 0.1799
4465 4480 4491 4414 4577 4448 4550 4514 plane 0.1795
992 3677 1034 3648 1074 3704 1033 3734 plane 0.1792
630 3890 664 3869 701 3930 667 3951 plane 0.1789
943 3659 979 3635 1012 3686 976 3710 plane 0.1787
4581 4416 4589 4353 4685 4365 4677 4427 plane 0.1787
7095 1772 7116 1709 7196 1736 7175 1799 plane 0.1785
5264 3962 5305 3896 5384 3945 5343 4011 plane 0.1780
6549 1225 6585 1162 6658 1205 6623 1267 plane 0.1778
3817 1763 3818 1685 3926 1687 3925 1765 plane 0.1777
5666 1816 5676 1758 5763 1772 5754 1831 plane 0.1772
6846 1566 6875 1501 6960 1539 6931 1604 plane 0.1772
4643 1597 4661 1561 4734 1597 4716 1633 plane 0.1770
5759 1596 5780 1556 5850 1592 5829 1633 plane 0.1769
849 3632 881 3606 917 3652 885 3678 plane 0.1767
6201 1411 6271 1350 6339 1429 6268 1490 plane 0.1765
4804 4452 4800 4409 4869 4402 4873 4445 plane 0.1763
6747 992 6772 957 6831 1000 6806 1034 plane 0.1763
5052 4146 5076 4075 5170 4108 5145 4178 plane 0.1760
6727 1057 6736 1011 6806 1024 6797 1071 plane 0.1760
542 4438 604 4408 647 4494 584 4525 plane 0.1758
883 3705 925 3692 944 3752 902 3765 plane 0.1755
1709 3053 1725 3019 1792 3051 1776 3084 plane 0.1753
1108 2894 1136 2861 1188 2907 1159 2939 plane 0.1751
6848 989 6870 957 6927 996 6906 1027 plane 0.1746
5985 3814 6012 3744 6098 3777 6070 3848 plane 0.1742
7224 1386 7229 1319 7318 1326 7313 1393 plane 0.1742
3352 2666 3348 2613 3455 2605 3459 2658 plane 0.1739
6858 1229 6910 1181 6970 1246 6918 1294 plane 0.1738
6888 1395 6927 1330 7001 1375 6962 1440 plane 0.1737
4720 4336 4739 4258 4834 4280 4815 4359 plane 0.1737
4336 4691 4369 4674 4399 4734 4366 4750 plane 0.1732
6961 1388 6988 1312 7073 1342 7046 1418 plane 0.1731
5718 4073 5725 4024 5815 4038 5807 4087 plane 0.1728
6467 1205 6505 1143 6580 1189 6542 1251 plane 0.1727
6546 1274 6603 1224 6660 1289 6603 1339 plane 0.1727
4968 3964 4995 3916 5061 3953 5034 4001 plane 0.1725
2535 2443 2565 2409 2623 2459 2593 2493 plane 0.1724
5931 1961 5986 1949 6003 2027 5948 2039 plane 0.1719
771 3458 803 3419 861 3467 828 3506 plane 0.1714
4659 4405 4662 4341 4750 4345 4747 4408 plane 0.1714
5064 4202 5093 4159 5159 4204 5130 4247 plane 0.1707
4145 2005 4165 1973 4226 2010 4206 2042 plane 0.1706
4807 4397 4789 4339 4872 4314 4890 4372 plane 0.1706
5665 4104 5683 4065 5753 4097 5735 4135 plane 0.1705
6778 1098 6791 1053 6855 1070 6842 1116 plane 0.1701
4174 4588 4203 4532 4273 4569 4243 4625 plane 0.1700
3795 4799 3827 4773 3875 4830 3842 4857 plane 0.1699
1718 2967 1740 2939 1794 2982 1771 3010 plane 0.1696
1036 2745 1065 2722 1108 2776 1079 2799 plane 0.1687
4902 3932 4932 3888 4991 3927 4961 3972 plane 0.1683
7053 1275 7085 1210 7174 1254 7142 1319 plane 0.1681
4200 4524 4232 4465 4303 4504 4271 4562 plane 0.1680
5772 1670 5798 1620 5871 1659 5845 1708 plane 0.1678
5937 1328 5950 1277 6023 1297 6010 1347 plane 0.1677
4719 3850 4757 3776 4849 3824 4811 3898 plane 0.1669
1743 2834 1772 2815 1808 2871 1779 2890 plane 0.1667
5030 3988 5054 3934 5131 3968 5107 4022 plane 0.1664
6453 1291 6511 1244 6568 1315 6510 1362 plane 0.1662
1063 3315 1082 3273 1151 3303 1132 3346 plane 0.1662
1231 3280 1252 3239 1318 3271 1297 3313 plane 0.1659
3954 1769 3973 1707 4048 1730 4029 1792 plane 0.1658
6142 738 6177 710 6221 765 6187 793 plane 0.1656
3882 4799 3915 4774 3956 4830 3923 4855 plane 0.1654
1313 3432 1346 3395 1400 3441 1367 3478 plane 0.1652
7105 1636 7132 1571 7206 1602 7179 1667 plane 0.1650
5650 1693 5681 1642 5754 1686 5723 1737 plane 0.1649
705 3985 723 3954 784 3991 765 4022 plane 0.1649
3899 1886 3922 1849 3990 1892 3967 1928 plane 0.1648
1172 3410 1203 3369 1259 3412 1229 3452 plane 0.1643
5637 3994 5644 3925 5740 3935 5733 4004 plane 0.1643
4655 1754 4650 1711 4737 1701 4742 1743 plane 0.1643
1392 3464 1429 3428 1478 3478 1441 3515 plane 0.1641
630 4048 630 3998 710 3999 709 4049 plane 0.1636
4736 4541 4743 4506 4805 4518 4798 4553 plane 0.1635
4057 1389 4096 1371 4125 1435 4086 1453 plane 0.1630
5780 1953 5816 1930 5856 1996 5821 2018 plane 0.1628
544 4373 584 4319 656 4372 616 4426 plane 0.1623
4103 1553 4137 1526 4179 1578 4146 1606 plane 0.1622
1631 2211 1687 2189 1719 2269 1663 2292 plane 0.1622
5655 1864 5669 1815 5752 1838 5739 1887 plane 0.1614
5167 1500 5232 1511 5215 1621 5150 1611 plane 0.1614
6128 1394 6165 1339 6240 1388 6204 1443 plane 0.1612
4652 1669 4656 1630 4736 1640 4731 1679 plane 0.1612
848 3194 870 3163 935 3209 913 3240 plane 0.1610
7293 1934 7319 1911 7361 1958 7336 1981 plane 0.1607
1839 3314 1858 3268 1932 3299 1913 3345 plane 0.1604
6230 1941 6271 1929 6291 1999 6249 2011 plane 0.1599
5019 4263 5048 4229 5103 4275 5074 4309 plane 0.1599
6355 1220 6382 1152 6465 1185 6438 1253 plane 0.1599
4557 1433 4569 1395 4636 1416 4624 1455 plane 0.1598
1307 2220 1363 2150 1443 2214 1387 2284 plane 0.1597
984 2767 1004 2729 1072 2763 1052 2802 plane 0.1595
5584 4132 5623 4109 5662 4173 5624 4197 plane 0.1595
1678 2913 1698 2883 1753 2918 1733 2948 plane 0.1594
5375 3883 5390 3817 5482 3837 5468 3903 plane 0.1593
1129 2811 1157 2788 1198 2837 1170 2860 plane 0.1593
4936 979 4969 956 5006 1007 4973 1030 plane 0.1592
5713 3791 5755 3737 5821 3788 5780 3842 plane 0.1591
2632 4323 2636 4274 2720 4281 2716 4330 plane 0.1590
6860 1101 6874 1061 6933 1082 6918 1121 plane 0.1588
518 4275 553 4220 624 4266 588 4320 plane 0.1587
4767 4061 4811 4028 4854 4086 4811 4119 plane 0.1587
2722 2309 2761 2274 2814 2331 2776 2367 plane 0.1587
4138 2062 4153 2027 4217 2055 4202 2089 plane 0.1581
4819 3906 4851 3862 4909 3904 4878 3948 plane 0.1580
1672 2538 1709 2487 1782 2542 1745 2592 plane 0.1580
4951 4405 4958 4359 5038 4371 5031 4416 plane 0.1577
744 2764 762 2723 826 2752 808 2792 plane 0.1576
3945 1878 3967 1839 4032 1876 4010 1915 plane 0.1572
4944 3838 4968 3779 5044 3810 5021 3868 plane 0.1571
4889 4472 4886 4432 4962 4427 4965 4466 plane 0.1570
6423 2678 6414 2636 6501 2618 6510 2660 plane 0.1569
4847 4027 4882 3985 4940 4033 4905 4076 plane 0.1567
5080 4260 5115 4233 5162 4297 5127 4323 plane 0.1565
4942 1506 4980 1486 5016 1555 4978 1575 plane 0.1565
6132 3811 6155 3750 6246 3784 6223 3845 plane 0.1562
7010 1759 7037 1715 7105 1756 7078 1801 plane 0.1562
7161 1305 7167 1247 7262 1258 7255 1315 plane 0.1561
4001 4752 4032 4723 4076 4768 4045 4797 plane 0.1561
7287 1442 7301 1384 7381 1403 7367 1461 plane 0.1555
4255 4616 4277 4573 4341 4607 4319 4650 plane 0.1555
780 3059 797 3028 851 3059 834 3089 plane 0.1555
5570 1597 5619 1577 5659 1673 5610 1694 plane 0.1553
4752 4123 4804 4079 4857 4142 4806 4186 plane 0.1552
1639 2324 1678 2287 1732 2346 1693 2382 plane 0.1552
735 3865 770 3851 799 3918 764 3933 plane 0.1551
865 3058 879 3017 940 3038 927 3079 plane 0.1549
3742 1422 3754 1341 3864 1357 3852 1438 plane 0.1548
5666 4146 5689 4116 5744 4158 5720 4188 plane 0.1547
1663 3131 1674 3092 1745 3111 1734 3151 plane 0.1546
4779 1519 4809 1501 4842 1559 4812 1577 plane 0.1545
4949 4344 4963 4297 5040 4320 5025 4367 plane 0.1540
798 2764 801 2716 882 2721 879 2770 plane 0.1540
4030 2021 4047 1987 4110 2018 4094 2052 plane 0.1538
795 3682 831 3661 864 3716 828 3737 plane 0.1537
6146 3857 6158 3812 6235 3832 6223 3878 plane 0.1536
2737 2406 2766 2380 2810 2429 2782 2455 plane 0.1535
4949 4278 4972 4232 5041 4267 5018 4313 plane 0.1532
6074 1887 6129 1873 6149 1949 6093 1963 plane 0.1532
1182 3513 1217 3481 1263 3533 1228 3565 plane 0.1530
830 3541 854 3504 905 3538 881 3575 plane 0.1527
6858 1663 6902 1623 6960 1687 6916 1727 plane 0.1522
5722 1868 5740 1810 5828 1836 5810 1894 plane 0.1520
1030 2833 1056 2799 1112 2841 1087 2875 plane 0.1517
1449 3507 1485 3461 1548 3511 1512 3556 plane 0.1517
4087 4482 4134 4446 4184 4510 4136 4547 plane 0.1517
1147 2733 1175 2715 1209 2768 1180 2786 plane 0.1516
5763 1540 5781 1505 5847 1538 5830 1573 plane 0.1516
4004 4611 4030 4556 4103 4590 4077 4645 plane 0.1516
4396 4705 4431 4688 4461 4749 4427 4767 plane 0.1514
5950 1868 6004 1829 6053 1898 5999 1937 plane 0.1511
6609 1024 6639 984 6698 1028 6668 1068 plane 0.1510
6369 1173 6377 1087 6479 1097 6471 1182 plane 0.1510
1767 3290 1781 3243 1858 3266 1845 3313 plane 0.1510
4046 4772 4088 4747 4124 4805 4082 4831 plane 0.1508
1792 2909 1829 2900 1847 2971 1810 2980 plane 0.1507
4940 4203 4962 4143 5041 4172 5020 4232 plane 0.1506
3739 4802 3771 4765 3834 4819 3802 4857 plane 0.1504
1465 3403 1494 3358 1557 3398 1529 3443 plane 0.1503
5996 1797 6059 1776 6085 1855 6022 1876 plane 0.1502
3955 1819 3975 1769 4044 1797 4024 1847 plane 0.1502
6022 763 6047 709 6125 745 6100 799 plane 0.1498
2251 2355 2295 2289 2376 2343 2331 2409 plane 0.1498
6006 1351 6024 1299 6097 1325 6078 1377 plane 0.1496
1048 2695 1076 2676 1113 2733 1084 2751 plane 0.1493
3983 4790 4021 4766 4056 4821 4019 4845 plane 0.1493
4750 1551 4781 1533 4815 1591 4784 1609 plane 0.1493
6754 1191 6786 1141 6852 1182 6820 1232 plane 0.1493
1560 2216 1625 2180 1674 2267 1608 2303 plane 0.1491
2664 2479 2690 2452 2739 2499 2714 2526 plane 0.1491
1246 2976 1277 2953 1313 2999 1282 3023 plane 0.1490
5598 4036 5620 3984 5696 4016 5675 4068 plane 0.1490
967 3559 989 3512 1054 3542 1033 3589 plane 0.1490
5849 3925 5866 3880 5937 3907 5920 3952 plane 0.1488
4822 1459 4851 1443 4880 1496 4851 1512 plane 0.1488
805 3411 828 3374 884 3409 862 3445 plane 0.1487
1243 3413 1271 3374 1329 3417 1301 3456 plane 0.1487
5920 1391 5937 1346 6003 1372 5986 1417 plane 0.1484
6059 1276 6074 1220 6147 1238 6133 1295 plane 0.1484
627 2838 653 2792 723 2831 697 2878 plane 0.1483
911 3546 932 3506 988 3535 967 3576 plane 0.1481
2657 4444 2669 4404 2737 4425 2724 4465 plane 0.1479
4670 1781 4676 1740 4754 1752 4747 1793 plane 0.1479
6011 3710 6068 3646 6141 3711 6084 3775 plane 0.1477
2590 4432 2590 4376 2670 4376 2671 4431 plane 0.1477
1934 3301 1974 3272 2020 3337 1980 3366 plane 0.1476
6907 1121 6925 1084 6987 1114 6969 1151 plane 0.1475
4694 1553 4723 1532 4765 1589 4736 1610 plane 0.1471
6089 3424 6108 3392 6166 3427 6146 3459 plane 0.1469
6239 1274 6274 1213 6350 1257 6315 1317 plane 0.1469
753 3608 780 3575 829 3617 802 3649 plane 0.1468
4878 980 4913 957 4951 1016 4917 1039 plane 0.1467
3838 1808 3852 1755 3936 1779 3921 1831 plane 0.1466
4043 1817 4053 1759 4129 1772 4120 1830 plane 0.1466
2599 2169 2648 2106 2725 2165 2677 2228 plane 0.1463
1682 2987 1698 2956 1754 2983 1739 3015 plane 0.1462
4821 4338 4824 4270 4922 4275 4918 4343 plane 0.1460
4468 4177 4509 4141 4560 4199 4519 4235 plane 0.1458
4791 3992 4827 3955 4879 4005 4843 4043 plane 0.1458
1804 3118 1832 3086 1889 3135 1861 3167 plane 0.1456
1100 3510 1128 3465 1190 3503 1161 3548 plane 0.1455
882 2623 882 2576 966 2575 966 2623 plane 0.1454
5880 1308 5899 1266 5962 1294 5943 1336 plane 0.1450
1166 2275 1236 2241 1284 2342 1214 2376 plane 0.1450
946 2622 956 2586 1024 2605 1014 2642 plane 0.1449
2064 3399 2101 3380 2133 3444 2096 3463 plane 0.1445
6293 1188 6309 1107 6402 1126 6386 1207 plane 0.1444
5975 4022 6010 4009 6034 4078 5999 4090 plane 0.1443
1046 3406 1068 3354 1143 3384 1121 3437 plane 0.1443
921 2390 983 2366 1016 2451 953 2475 plane 0.1442
671 4180 665 4134 753 4123 759 4169 plane 0.1441
6088 3871 6099 3823 6174 3841 6163 3889 plane 0.1441
853 3290 870 3256 930 3285 913 3320 plane 0.1439
1116 3615 1162 3574 1217 3636 1172 3677 plane 0.1438
1267 3511 1309 3488 1344 3550 1302 3573 plane 0.1438
626 4203 629 4157 709 4162 705 4209 plane 0.1436
4882 1487 4913 1468 4948 1526 4917 1544 plane 0.1436
1246 2933 1276 2912 1309 2958 1278 2980 plane 0.1434
3947 1646 3972 1585 4046 1616 4020 1677 plane 0.1434
2654 2126 2690 2081 2753 2132 2716 2176 plane 0.1428
910 3302 922 3262 992 3283 979 3323 plane 0.1427
5927 1506 5965 1460 6027 1511 5989 1557 plane 0.1424
3919 1408 3955 1357 4021 1404 3985 1455 plane 0.1423
1437 3214 1441 3172 1516 3180 1512 3222 plane 0.1423
6949 1751 6972 1709 7046 1749 7023 1791 plane 0.1420
1696 2815 1719 2791 1768 2837 1745 2862 plane 0.1418
4108 1664 4132 1623 4194 1659 4169 1701 plane 0.1417
1325 2977 1350 2947 1400 2990 1375 3020 plane 0.1414
809 3369 826 3336 878 3362 862 3395 plane 0.1414
5048 3863 5078 3812 5146 3852 5116 3903 plane 0.1414
2673 2418 2701 2391 2750 2443 2721 2469 plane 0.1407
6129 1269 6153 1213 6223 1244 6199 1299 plane 0.1406
2593 2438 2622 2409 2673 2462 2644 2490 plane 0.1406
6635 928 6669 906 6705 961 6671 983 plane 0.1403
6029 3608 6075 3562 6133 3620 6087 3666 plane 0.1403
5763 4000 5781 3957 5852 3986 5834 4029 plane 0.1402
4561 4771 4604 4772 4602 4851 4559 4851 plane 0.1401
4609 4555 4632 4523 4693 4566 4670 4599 plane 0.1401
4111 1494 4147 1477 4175 1537 4139 1554 plane 0.1401
5200 3594 5272 3537 5338 3622 5266 3678 plane 0.1400
7302 1988 7333 1965 7376 2021 7345 2044 plane 0.1399
2225 2548 2251 2519 2307 2570 2282 2598 plane 0.1398
6135 3927 6154 3895 6214 3931 6195 3964 plane 0.1397
5820 4382 5823 4342 5918 4350 5914 4390 plane 0.1397
5603 1805 5614 1759 5693 1778 5681 1824 plane 0.1395
1112 3030 1135 2992 1196 3027 1173 3066 plane 0.1394
5812 4324 5824 4289 5905 4317 5893 4352 plane 0.1394
6074 1799 6135 1791 6145 1872 6084 1879 plane 0.1394
1002 3309 1016 3266 1088 3290 1074 3333 plane 0.1391
5813 1591 5840 1552 5898 1593 5871 1632 plane 0.1390
4445 4101 4477 4072 4525 4126 4492 4155 plane 0.1387
6007 3872 6021 3818 6095 3838 6081 3891 plane 0.1386
4688 1827 4701 1789 4780 1816 4767 1854 plane 0.1386
4436 4369 4469 4317 4539 4361 4506 4413 plane 0.1383
4395 4628 4420 4585 4487 4623 4462 4666 plane 0.1382
4540 4161 4568 4109 4646 4152 4617 4204 plane 0.1378
5914 1793 5970 1745 6028 1813 5973 1861 plane 0.1378
5114 3870 5147 3825 5208 3870 5175 3915 plane 0.1377
6138 3433 6153 3401 6214 3430 6198 3462 plane 0.1377
5194 3875 5234 3829 5294 3882 5254 3927 plane 0.1376
1020 3585 1044 3533 1116 3567 1092 3618 plane 0.1374
5843 1889 5886 1858 5931 1921 5888 1952 plane 0.1374
1658 2418 1695 2385 1748 2443 1710 2477 plane 0.1372
4474 4634 4504 4604 4549 4650 4520 4679 plane 0.1372
6817 1357 6862 1292 6936 1343 6891 1408 plane 0.1369
1537 3422 1570 3381 1627 3426 1594 3467 plane 0.1369
5828 1521 5853 1486 5909 1526 5884 1561 plane 0.1368
4670 4052 4711 4024 4752 4084 4712 4112 plane 0.1367
6266 725 6298 704 6334 758 6301 780 plane 0.1365
5918 1902 5970 1876 6005 1946 5953 1972 plane 0.1364
4999 962 5029 938 5069 987 5039 1011 plane 0.1363
4617 1423 4642 1400 4682 1442 4658 1465 plane 0.1362
952 3109 967 3069 1039 3096 1024 3136 plane 0.1361
6187 1063 6204 1017 6280 1046 6262 1092 plane 0.1361
6831 342 6826 286 6909 278 6915 334 plane 0.1349
4848 1386 4881 1374 4901 1433 4869 1445 plane 0.1349
7308 1870 7332 1837 7389 1879 7365 1912 plane 0.1349
4201 1929 4223 1889 4295 1930 4272 1970 plane 0.1347
6776 897 6807 881 6838 944 6807 959 plane 0.1347
4998 1518 5041 1507 5059 1579 5016 1590 plane 0.1344
6127 798 6154 766 6207 812 6180 843 plane 0.1343
2623 4474 2636 4433 2705 4454 2692 4496 plane 0.1342
1242 2879 1267 2856 1304 2896 1279 2919 plane 0.1342
795 2683 795 2635 876 2637 876 2684 plane 0.1341
1820 3209 1835 3168 1905 3195 1889 3235 plane 0.1341
4556 4544 4584 4508 4643 4554 4616 4589 plane 0.1341
4985 1095 5021 1071 5063 1136 5027 1159 plane 0.1338
6893 443 6882 392 6972 373 6983 424 plane 0.1337
4199 1972 4223 1943 4279 1989 4256 2018 plane 0.1336
3897 1921 3918 1888 3984 1929 3963 1962 plane 0.1335
921 3814 971 3804 986 3877 936 3887 plane 0.1333
2714 4586 2730 4557 2787 4588 2771 4617 plane 0.1332
1518 2574 1540 2547 1597 2593 1575 2620 plane 0.1332
1586 2559 1616 2527 1670 2579 1641 2610 plane 0.1329
4459 4552 4484 4501 4557 4537 4532 4588 plane 0.1329
6094 3523 6121 3488 6176 3532 6149 3566 plane 0.1328
4713 1494 4740 1477 4771 1527 4744 1544 plane 0.1322
2043 2484 2069 2405 2162 2436 2136 2515 plane 0.1322
1472 2601 1489 2571 1551 2606 1534 2636 plane 0.1318
2744 4381 2759 4348 2814 4371 2799 4405 plane 0.1318
6077 3953 6097 3919 6157 3954 6137 3988 plane 0.1317
6776 807 6803 784 6848 838 6821 861 plane 0.1311
5744 3709 5779 3655 5849 3700 5814 3754 plane 0.1310
929 2509 954 2472 1014 2512 989 2549 plane 0.1309
5733 4158 5749 4124 5816 4155 5800 4189 plane 0.1308
1000 2676 1020 2648 1074 2686 1054 2714 plane 0.1307
5361 3748 5393 3690 5472 3734 5440 3792 plane 0.1303
1716 2439 1756 2400 1813 2459 1773 2497 plane 0.1300
6523 956 6555 923 6609 976 6577 1008 plane 0.1295
4326 4602 4339 4553 4418 4573 4406 4622 plane 0.1293
1930 3213 1965 3190 2007 3254 1972 3277 plane 0.1292
1622 3443 1660 3402 1715 3452 1678 3493 plane 0.1290
5016 4321 5042 4288 5097 4332 5071 4364 plane 0.1288
2711 4485 2735 4460 2784 4509 2759 4533 plane 0.1286
5725 1116 5773 1120 5767 1197 5719 1194 plane 0.1286
992 3091 1005 3048 1079 3069 1067 3113 plane 0.1286
5660 3718 5700 3679 5752 3731 5712 3770 plane 0.1285
4092 1938 4104 1898 4172 1919 4160 1959 plane 0.1284
3961 2074 3977 2034 4049 2065 4032 2104 plane 0.1280
763 3800 799 3792 816 3864 779 3872 plane 0.1280
1160 2678 1188 2662 1220 2717 1192 2734 plane 0.1279
4808 4548 4810 4516 4868 4520 4866 4552 plane 0.1279
4734 1617 4760 1594 4799 1640 4773 1663 plane 0.1279
2740 2478 2765 2454 2809 2499 2784 2524 plane 0.1278
1316 3035 1334 3001 1391 3031 1373 3065 plane 0.1277
4668 4580 4685 4548 4744 4579 4728 4611 plane 0.1274
863 3148 881 3118 939 3154 921 3184 plane 0.1274
7273 1600 7298 1525 7392 1557 7366 1632 plane 0.1271
790 3279 808 3250 860 3282 843 3311 plane 0.1269
4463 4259 4507 4213 4565 4268 4521 4314 plane 0.1268
6210 3920 6232 3889 6288 3931 6266 3961 plane 0.1268
441 4255 486 4204 556 4265 511 4317 plane 0.1268
7320 1514 7351 1460 7420 1499 7390 1553 plane 0.1267
7362 1885 7390 1862 7432 1912 7404 1935 plane 0.1267
1750 2788 1774 2764 1821 2810 1797 2834 plane 0.1266
5312 4069 5350 4024 5411 4076 5372 4121 plane 0.1266
1781 3418 1794 3357 1889 3377 1875 3439 plane 0.1266
5869 1382 5882 1344 5944 1366 5930 1404 plane 0.1265
6838 715 6851 669 6932 690 6919 737 plane 0.1265
4540 1397 4556 1351 4623 1374 4607 1420 plane 0.1263
736 2974 749 2940 809 2963 796 2997 plane 0.1260
2607 1918 2645 1886 2701 1951 2663 1983 plane 0.1260
2086 3335 2123 3320 2149 3382 2112 3397 plane 0.1258
5560 4335 5587 4310 5636 4363 5609 4388 plane 0.1258
6166 3618 6208 3578 6268 3639 6226 3680 plane 0.1257
6795 733 6815 692 6887 727 6867 767 plane 0.1255
6893 396 6885 345 6968 332 6976 383 plane 0.1254
736 3428 755 3395 810 3426 791 3458 plane 0.1253
6143 3530 6168 3496 6225 3538 6200 3572 plane 0.1251
3920 4681 3945 4654 3987 4692 3962 4719 plane 0.1251
910 3135 928 3101 993 3134 975 3169 plane 0.1251
3959 4551 3999 4516 4047 4569 4007 4604 plane 0.1250
4023 1865 4035 1819 4104 1836 4092 1882 plane 0.1249
6441 1438 6491 1374 6570 1434 6521 1499 plane 0.1249
421 4332 457 4268 543 4315 506 4380 plane 0.1249
4579 4363 4586 4283 4698 4292 4692 4372 plane 0.1248
842 3485 868 3434 934 3467 909 3519 plane 0.1246
1248 2797 1270 2772 1312 2809 1291 2834 plane 0.1245
5592 1920 5615 1888 5686 1940 5663 1972 plane 0.1243
4563 4633 4589 4610 4629 4654 4603 4678 plane 0.1242
4201 1867 4230 1821 4300 1864 4271 1910 plane 0.1242
1809 3026 1840 3005 1878 3063 1847 3083 plane 0.1241
3071 2387 3093 2352 3163 2397 3140 2432 plane 0.1240
6307 725 6337 700 6381 753 6351 778 plane 0.1237
4382 2478 4379 2431 4475 2425 4478 2472 plane 0.1237
3914 1476 3938 1414 4015 1443 3991 1505 plane 0.1237
1594 3315 1617 3271 1678 3302 1655 3347 plane 0.1236
5146 4136 5182 4084 5252 4134 5216 4185 plane 0.1236
4686 4646 4705 4619 4754 4653 4736 4680 plane 0.1236
5820 1315 5845 1281 5899 1320 5874 1354 plane 0.1233
4654 3763 4711 3745 4736 3825 4679 3843 plane 0.1233
4954 1053 4987 1033 5020 1085 4987 1106 plane 0.1231
2527 4312 2530 4257 2627 4263 2624 4318 plane 0.1228
4285 4386 4312 4341 4386 4387 4359 4431 plane 0.1228
728 2640 743 2595 813 2618 799 2663 plane 0.1227
1991 3288 2030 3270 2060 3334 2022 3353 plane 0.1225
5448 4101 5499 4068 5544 4136 5493 4170 plane 0.1223
4628 4633 4651 4609 4696 4651 4673 4675 plane 0.1223
4861 1525 4893 1509 4921 1566 4889 1582 plane 0.1222
2484 2478 2516 2455 2554 2508 2522 2531 plane 0.1222
4392 4145 4427 4123 4464 4180 4429 4203 plane 0.1221
6135 1791 6193 1784 6203 1864 6146 1872 plane 0.1220
1634 2901 1653 2870 1703 2900 1684 2931 plane 0.1219
5658 1514 5682 1483 5742 1527 5718 1559 plane 0.1219
7316 1748 7360 1694 7430 1751 7386 1805 plane 0.1216
1046 2371 1098 2353 1125 2429 1073 2447 plane 0.1216
5753 1163 5797 1155 5809 1223 5765 1230 plane 0.1215
695 2756 718 2724 770 2763 746 2794 plane 0.1215
6141 1897 6189 1884 6208 1955 6159 1968 plane 0.1211
5781 2013 5816 1994 5851 2061 5816 2079 plane 0.1210
5470 4033 5500 3972 5577 4010 5547 4071 plane 0.1210
2197 2462 2218 2401 2312 2434 2291 2495 plane 0.1209
4350 4391 4378 4343 4450 4385 4422 4433 plane 0.1206
5947 3948 5969 3908 6029 3941 6008 3981 plane 0.1206
1702 3259 1717 3214 1787 3237 1772 3283 plane 0.1206
6839 792 6863 768 6908 813 6885 836 plane 0.1205
965 3802 1019 3774 1055 3843 1001 3871 plane 0.1204
1590 3153 1597 3112 1661 3124 1653 3164 plane 0.1202
4958 4465 4962 4430 5030 4439 5025 4474 plane 0.1202
6774 1592 6817 1547 6877 1604 6833 1649 plane 0.1201
6021 3961 6044 3926 6099 3962 6077 3997 plane 0.1201
4109 1441 4145 1430 4164 1491 4128 1502 plane 0.1200
5910 1710 5963 1676 6007 1743 5955 1778 plane 0.1199
5576 4311 5601 4285 5651 4333 5625 4359 plane 0.1199
5779 1123 5818 1118 5826 1186 5788 1191 plane 0.1199
6455 985 6480 941 6554 983 6528 1027 plane 0.1195
6105 2785 6085 2731 6184 2693 6205 2748 plane 0.1195
4018 1934 4034 1899 4095 1925 4079 1961 plane 0.1195
6093 3396 6107 3363 6169 3389 6155 3422 plane 0.1195
734 3657 762 3628 809 3674 781 3702 plane 0.1194
4471 4042 4502 4014 4555 4071 4523 4100 plane 0.1192
3954 2006 3972 1972 4034 2005 4016 2038 plane 0.1192
4732 1404 4761 1390 4784 1441 4756 1454 plane 0.1191
5554 3831 5576 3770 5659 3800 5637 3860 plane 0.1190
6762 1550 6788 1484 6874 1518 6848 1584 plane 0.1190
6887 582 6890 533 6978 539 6975 588 plane 0.1188
6573 1822 6638 1805 6662 1898 6598 1914 plane 0.1188
3943 4608 3973 4574 4021 4616 3991 4650 plane 0.1188
1337 3096 1335 3057 1403 3054 1405 3093 plane 0.1187
1799 2824 1829 2805 1864 2860 1834 2880 plane 0.1187
1126 3178 1136 3140 1205 3159 1195 3197 plane 0.1186
2595 2092 2626 2051 2690 2100 2658 2141 plane 0.1186
6944 611 6968 567 7035 604 7011 647 plane 0.1184
980 3173 996 3139 1066 3171 1050 3206 plane 0.1183
5672 3506 5733 3475 5773 3553 5712 3584 plane 0.1183
3890 1534 3916 1470 3993 1500 3968 1565 plane 0.1183
694 2892 700 2846 773 2855 767 2902 plane 0.1183
1764 2676 1784 2638 1853 2675 1833 2713 plane 0.1182
6568 1628 6647 1598 6682 1690 6604 1720 plane 0.1182
5586 4225 5616 4200 5658 4254 5628 4278 plane 0.1181
791 3938 815 3912 867 3960 843 3986 plane 0.1180
7401 1449 7446 1403 7515 1471 7470 1517 plane 0.1179
3953 4459 3993 4428 4036 4485 3995 4515 plane 0.1178
1243 3030 1269 3001 1313 3041 1287 3069 plane 0.1177
3865 1620 3888 1549 3972 1577 3949 1648 plane 0.1175
5590 3728 5628 3688 5683 3740 5645 3781 plane 0.1174
1421 3133 1414 3096 1487 3082 1493 3120 plane 0.1171
1668 3357 1692 3311 1756 3343 1732 3390 plane 0.1169
576 4222 595 4175 663 4203 644 4250 plane 0.1169
5022 917 5061 894 5103 964 5065 988 plane 0.1166
790 3205 811 3178 866 3223 844 3249 plane 0.1166
6242 767 6271 743 6311 792 6282 816 plane 0.1164
794 3132 813 3107 864 3146 845 3171 plane 0.1164
2602 2013 2635 1978 2693 2033 2661 2068 plane 0.1162
1292 3170 1303 3131 1365 3149 1353 3188 plane 0.1162
1038 1585 928 952 4720 290 4831 923 bridge 0.1167
279 2922 323 2916 342 3055 298 3061 ship 0.2318
112 3258 139 3217 269 3303 242 3344 ship 0.1611
362 2907 410 2897 442 3055 395 3065 ship 0.1219
3524 4205 3710 4194 3721 4397 3535 4407 storage-tank 0.3486
3742 1422 3754 1341 3864 1357 3852 1438 storage-tank 0.2202
5747 4663 5849 4669 5842 4799 5740 4794 storage-tank 0.1857
3751 1543 3750 1457 3865 1457 3866 1542 storage-tank 0.1851
6887 4628 6977 4590 7020 4695 6930 4732 storage-tank 0.1556
6333 1410 6381 1306 6506 1364 6458 1468 storage-tank 0.1417
5935 805 5908 710 6038 674 6065 768 storage-tank 0.1393
3757 1626 3755 1531 3883 1529 3885 1624 storage-tank 0.1390
4542 4284 4551 4174 4679 4185 4671 4294 storage-tank 0.1342
7224 1805 7188 1705 7315 1660 7351 1760 storage-tank 0.1318
1488 3605 1525 3509 1641 3554 1605 3649 storage-tank 0.1299
2403 1559 2385 1462 2519 1438 2536 1535 storage-tank 0.1292
6845 683 6834 597 6952 582 6963 668 storage-tank 0.1287
1731 3522 1748 3414 1879 3434 1863 3542 storage-tank 0.1257
3999 2291 3967 2207 4088 2161 4120 2246 storage-tank 0.1247
5354 3633 5381 3519 5513 3551 5485 3664 storage-tank 0.1239
682 2552 665 2417 831 2396 849 2531 storage-tank 0.1231
1048 3735 1114 3657 1210 3738 1143 3816 storage-tank 0.1229
6699 1506 6688 1398 6820 1385 6831 1493 storage-tank 0.1210
4492 1010 4486 920 4601 912 4608 1002 storage-tank 0.1206
1403 2257 1462 2152 1582 2220 1523 2325 storage-tank 0.1188
6929 1297 6970 1207 7085 1259 7044 1349 storage-tank 0.1187
5984 1538 6013 1435 6141 1471 6112 1573 storage-tank 0.1121
952 3494 943 3392 1075 3380 1085 3482 storage-tank 0.1101
3779 1726 3776 1626 3904 1623 3906 1722 storage-tank 0.1079
6088 3699 6148 3610 6256 3683 6196 3772 storage-tank 0.1063
2405 2274 2424 2154 2571 2177 2552 2297 storage-tank 0.1046
355 4425 417 4355 506 4434 444 4504 storage-tank 0.1043
4985 1095 5021 1071 5063 1136 5027 1159 storage-tank 0.1025
859 2005 1044 1942 1112 2142 927 2205 storage-tank 0.1021
1933 2549 1913 2449 2035 2424 2055 2525 storage-tank 0.1004
5744 4656 5842 4661 5836 4784 5738 4779 roundabout 0.3057
4818 2584 4769 2358 5047 2297 5097 2523 roundabout 0.1971
863 2003 1044 1945 1108 2145 926 2202 roundabout 0.1854
6887 4628 6977 4590 7020 4695 6930 4732 roundabout 0.1595
