1638 1844 1749 1833 1763 1980 1652 1991 plane 0.7835
1401 475 1399 420 1469 418 1471 473 plane 0.7342
1432 587 1437 529 1511 535 1506 594 plane 0.6863
1317 1887 1372 1874 1387 1941 1333 1953 plane 0.6661
2117 1602 2185 1581 2209 1661 2142 1682 plane 0.6608
1698 559 1744 508 1802 561 1757 612 plane 0.6336
2317 1928 2365 1913 2383 1970 2335 1986 plane 0.6216
3251 2807 3251 2741 3336 2740 3337 2806 plane 0.6144
2099 2050 2173 2049 2174 2136 2101 2137 plane 0.6128
1409 1900 1452 1888 1468 1944 1425 1956 plane 0.6095
2318 1606 2375 1591 2393 1658 2337 1674 plane 0.6094
1155 918 1183 881 1233 918 1205 956 plane 0.6037
2037 1608 2091 1586 2117 1649 2063 1671 plane 0.5974
1620 346 1678 323 1707 392 1648 416 plane 0.5955
1100 1873 1152 1847 1183 1910 1132 1936 plane 0.5877
1010 1872 1060 1843 1093 1901 1043 1930 plane 0.5753
1037 233 1092 195 1135 258 1081 296 plane 0.5730
1214 1905 1255 1868 1299 1916 1259 1954 plane 0.5461
2262 2926 2323 2929 2319 3006 2258 3003 plane 0.5459
2207 1925 2261 1905 2285 1969 2231 1989 plane 0.5425
853 1846 908 1845 910 1920 856 1921 plane 0.5388
2228 1631 2261 1593 2308 1633 2275 1671 plane 0.5387
1538 254 1583 231 1613 289 1568 312 plane 0.5141
1319 919 1353 880 1400 921 1366 960 plane 0.5136
3281 2896 3281 2843 3348 2843 3348 2896 plane 0.5135
2201 292 2238 256 2284 303 2247 339 plane 0.5079
1216 281 1215 232 1277 230 1278 280 plane 0.5079
1240 921 1267 879 1318 911 1292 953 plane 0.5029
1339 690 1369 658 1410 696 1380 729 plane 0.5026
3037 1651 3072 1624 3108 1669 3073 1696 plane 0.5020
1425 941 1435 897 1493 911 1482 955 plane 0.4983
2351 624 2358 569 2427 577 2420 633 plane 0.4974
3282 1833 3266 1795 3315 1774 3331 1812 plane 0.4927
1486 1603 1522 1566 1567 1610 1531 1647 plane 0.4902
1982 2966 2009 2922 2063 2954 2037 2998 plane 0.4781
1516 944 1543 910 1588 946 1561 980 plane 0.4746
2398 1629 2435 1594 2478 1638 2441 1674 plane 0.4665
1576 1588 1628 1566 1655 1629 1603 1651 plane 0.4661
2395 290 2432 259 2471 307 2433 337 plane 0.4638
2639 253 2696 237 2716 306 2659 323 plane 0.4612
2485 288 2527 270 2549 322 2508 340 plane 0.4569
3348 752 3346 709 3407 705 3409 749 plane 0.4569
1685 929 1725 911 1748 961 1708 980 plane 0.4562
2875 1519 2920 1514 2926 1570 2881 1575 plane 0.4546
2071 2951 2110 2924 2145 2973 2106 3000 plane 0.4544
1254 691 1284 650 1333 687 1303 728 plane 0.4534
1977 948 2026 957 2013 1027 1964 1018 plane 0.4530
2760 1447 2785 1404 2835 1433 2810 1475 plane 0.4485
2335 981 2328 934 2388 925 2395 972 plane 0.4464
2408 1933 2440 1918 2460 1959 2427 1974 plane 0.4441
2287 312 2306 266 2364 289 2346 336 plane 0.4397
136 1182 151 1142 204 1161 189 1202 plane 0.4376
1904 2949 1936 2926 1968 2973 1937 2995 plane 0.4347
3352 946 3346 904 3401 897 3407 939 plane 0.4327
2605 1643 2643 1617 2676 1666 2637 1691 plane 0.4314
872 1588 887 1545 944 1565 929 1609 plane 0.4219
1761 977 1797 948 1833 992 1797 1021 plane 0.4197
1316 1607 1332 1567 1381 1587 1364 1628 plane 0.4191
1396 1599 1418 1564 1464 1592 1442 1627 plane 0.4187
1230 1602 1256 1562 1306 1595 1280 1635 plane 0.4186
1142 1575 1180 1544 1218 1589 1180 1621 plane 0.4148
2966 2747 2961 2699 3022 2693 3026 2741 plane 0.4084
1964 723 1986 685 2036 713 2014 752 plane 0.4077
2211 710 2252 684 2283 734 2242 760 plane 0.4041
2730 1631 2767 1624 2777 1671 2740 1679 plane 0.4036
2407 2966 2429 2919 2488 2946 2466 2993 plane 0.4026
1048 1594 1075 1557 1124 1593 1096 1630 plane 0.4019
1503 2911 1539 2908 1544 2967 1508 2969 plane 0.4004
1524 690 1558 662 1594 706 1559 734 plane 0.4002
2976 1534 3018 1522 3033 1574 2991 1587 plane 0.3968
2915 1525 2960 1519 2967 1573 2922 1579 plane 0.3958
1136 268 1151 220 1208 237 1193 285 plane 0.3902
2446 1933 2476 1925 2488 1966 2458 1975 plane 0.3873
2563 293 2605 278 2623 331 2582 345 plane 0.3862
2277 2260 2279 2218 2340 2221 2338 2263 plane 0.3828
2725 301 2771 305 2765 367 2720 363 plane 0.3825
3342 853 3342 815 3398 816 3398 853 plane 0.3770
1616 687 1650 662 1682 706 1648 731 plane 0.3717
1597 939 1624 908 1664 943 1636 974 plane 0.3702
2045 712 2084 685 2118 734 2079 762 plane 0.3663
2957 1863 2975 1833 3019 1860 3000 1890 plane 0.3644
2697 1625 2729 1614 2743 1657 2712 1668 plane 0.3625
2817 2147 2854 2116 2894 2162 2858 2194 plane 0.3608
2219 991 2219 941 2281 942 2280 992 plane 0.3573
2347 2944 2393 2945 2391 3006 2345 3005 plane 0.3527
2409 1248 2406 1211 2461 1207 2464 1244 plane 0.3517
1172 701 1177 660 1232 666 1227 708 plane 0.3516
1248 2926 1276 2921 1285 2968 1257 2973 plane 0.3490
2133 696 2177 680 2198 736 2154 752 plane 0.3481
2005 3062 2019 3028 2063 3046 2049 3080 plane 0.3418
1971 3055 1988 3024 2026 3045 2008 3076 plane 0.3317
2405 2682 2427 2652 2471 2686 2448 2715 plane 0.3296
3202 1873 3192 1845 3239 1830 3248 1858 plane 0.3248
2473 1932 2501 1925 2511 1967 2483 1974 plane 0.3177
3179 1649 3201 1631 3229 1666 3207 1683 plane 0.3125
2079 2256 2079 2216 2134 2216 2134 2256 plane 0.3111
3199 1794 3196 1768 3238 1763 3241 1790 plane 0.3100
3365 644 3367 609 3423 613 3421 647 plane 0.3055
3113 1646 3145 1631 3165 1675 3133 1690 plane 0.3004
1468 795 1486 786 1503 819 1485 829 plane 0.2999
2243 1688 2268 1664 2304 1704 2279 1727 plane 0.2985
3218 1755 3220 1728 3264 1731 3262 1758 plane 0.2932
1819 678 1843 690 1817 741 1794 729 plane 0.2912
1444 796 1459 782 1484 810 1469 824 plane 0.2902
1105 2910 1094 2878 1148 2860 1159 2892 plane 0.2869
1358 737 1378 709 1417 737 1397 765 plane 0.2821
2542 1625 2572 1615 2586 1657 2557 1667 plane 0.2805
3191 1819 3187 1791 3230 1784 3235 1813 plane 0.2800
2639 2617 2658 2598 2692 2631 2672 2650 plane 0.2774
1467 822 1486 811 1507 844 1487 856 plane 0.2764
2138 951 2175 932 2199 978 2162 997 plane 0.2729
957 1569 993 1556 1011 1606 975 1619 plane 0.2718
2153 3078 2154 3045 2208 3046 2208 3079 plane 0.2693
3080 2064 3105 2043 3137 2083 3112 2103 plane 0.2677
1439 726 1462 719 1473 756 1451 763 plane 0.2668
958 1788 991 1793 985 1843 952 1839 plane 0.2664
2297 705 2316 689 2341 720 2323 735 plane 0.2598
2308 857 2323 842 2348 867 2333 882 plane 0.2584
2541 2190 2580 2196 2572 2252 2533 2246 plane 0.2565
2252 3058 2263 3025 2311 3041 2300 3074 plane 0.2524
3254 1807 3247 1777 3289 1768 3295 1797 plane 0.2512
1520 1824 1543 1821 1550 1870 1527 1873 plane 0.2511
1097 695 1099 659 1149 662 1147 698 plane 0.2483
1364 799 1371 778 1408 790 1402 811 plane 0.2442
1165 1646 1186 1631 1211 1666 1190 1681 plane 0.2442
3140 2060 3165 2049 3184 2091 3159 2102 plane 0.2404
2358 282 2388 256 2421 294 2391 320 plane 0.2368
1500 1965 1515 1954 1537 1985 1522 1996 plane 0.2366
1231 1840 1260 1832 1274 1880 1245 1888 plane 0.2344
2984 1613 3002 1597 3025 1623 3007 1639 plane 0.2338
2658 2735 2672 2716 2706 2741 2693 2760 plane 0.2324
2391 3082 2400 3062 2432 3077 2423 3097 plane 0.2321
2324 816 2341 808 2356 836 2339 844 plane 0.2306
2422 2852 2432 2832 2464 2848 2454 2868 plane 0.2306
2486 1619 2497 1594 2535 1612 2523 1636 plane 0.2303
2780 325 2801 312 2822 348 2801 360 plane 0.2300
3172 1762 3173 1741 3204 1743 3203 1764 plane 0.2297
2501 2861 2506 2841 2543 2851 2537 2871 plane 0.2295
2384 2856 2396 2837 2430 2858 2417 2877 plane 0.2287
1361 828 1366 806 1404 814 1400 836 plane 0.2277
1371 2881 1395 2873 1410 2920 1386 2928 plane 0.2267
1286 799 1295 777 1330 791 1321 813 plane 0.2258
1574 2931 1600 2918 1621 2963 1595 2976 plane 0.2239
3124 1776 3120 1755 3155 1750 3158 1770 plane 0.2239
1414 731 1437 720 1455 757 1431 768 plane 0.2223
1239 807 1245 781 1292 792 1286 818 plane 0.2223
3093 1754 3091 1733 3126 1731 3127 1752 plane 0.2217
3149 1785 3145 1764 3177 1758 3181 1778 plane 0.2216
2717 1708 2737 1687 2767 1717 2747 1738 plane 0.2207
1468 752 1486 743 1500 772 1483 781 plane 0.2204
1928 3033 1945 3012 1974 3036 1957 3057 plane 0.2202
2742 1695 2764 1676 2790 1706 2768 1725 plane 0.2202
2453 2852 2461 2831 2494 2843 2486 2864 plane 0.2188
3096 1774 3093 1754 3128 1748 3131 1768 plane 0.2184
1066 1640 1086 1606 1132 1634 1112 1667 plane 0.2183
1419 1642 1439 1629 1463 1665 1443 1678 plane 0.2181
3233 1945 3237 1925 3275 1933 3271 1952 plane 0.2176
3010 1622 3033 1605 3057 1637 3034 1654 plane 0.2171
2639 2656 2652 2634 2690 2657 2677 2679 plane 0.2168
1504 1650 1534 1637 1555 1683 1525 1696 plane 0.2156
2465 1691 2487 1696 2476 1741 2454 1735 plane 0.2144
2267 706 2294 689 2319 727 2292 745 plane 0.2141
2966 2062 2983 2048 3013 2083 2996 2098 plane 0.2137
1318 800 1325 780 1357 791 1350 812 plane 0.2133
2531 1667 2555 1665 2558 1712 2534 1713 plane 0.2132
1577 686 1613 664 1638 706 1603 727 plane 0.2126
1326 1647 1344 1628 1374 1657 1357 1676 plane 0.2121
2976 1985 2983 1969 3013 1983 3005 1999 plane 0.2119
1471 721 1493 715 1502 750 1480 756 plane 0.2118
2290 3072 2299 3047 2338 3061 2329 3086 plane 0.2117
3232 1725 3243 1706 3275 1726 3264 1744 plane 0.2111
1489 662 1513 652 1527 687 1502 696 plane 0.2109
2420 3082 2427 3062 2462 3075 2455 3095 plane 0.2099
1519 1949 1533 1942 1549 1970 1535 1977 plane 0.2094
1356 1588 1379 1561 1415 1592 1392 1619 plane 0.2093
2987 1657 3002 1645 3022 1669 3007 1681 plane 0.2093
2163 2945 2185 2935 2199 2966 2178 2976 plane 0.2073
2288 3039 2307 3015 2339 3039 2321 3063 plane 0.2072
2829 1659 2847 1654 2855 1687 2837 1692 plane 0.2071
1210 692 1234 653 1280 682 1256 721 plane 0.2062
2004 1665 2036 1663 2040 1716 2007 1718 plane 0.2059
2162 2982 2184 2968 2203 2999 2181 3013 plane 0.2053
2338 3074 2349 3054 2379 3071 2368 3091 plane 0.2047
2790 1648 2815 1645 2819 1685 2794 1687 plane 0.2043
3002 1984 3012 1967 3040 1983 3031 2000 plane 0.2038
2427 1674 2455 1668 2464 1715 2436 1721 plane 0.2025
2213 2943 2239 2936 2249 2971 2223 2979 plane 0.2018
2321 687 2336 674 2359 703 2344 715 plane 0.2012
2555 1671 2583 1663 2595 1707 2567 1714 plane 0.2008
2948 1610 2963 1596 2985 1619 2970 1633 plane 0.2006
2292 820 2309 809 2329 839 2312 850 plane 0.2004
3085 1980 3099 1967 3119 1989 3106 2002 plane 0.2003
3059 1982 3072 1967 3095 1987 3081 2002 plane 0.2002
3017 1651 3038 1635 3061 1666 3040 1682 plane 0.1986
1451 654 1476 648 1484 683 1460 689 plane 0.1967
1828 1945 1848 1949 1840 1994 1820 1990 plane 0.1966
2830 1621 2849 1614 2860 1646 2841 1653 plane 0.1962
2770 1691 2791 1675 2814 1703 2793 1720 plane 0.1959
1501 821 1519 813 1533 846 1514 854 plane 0.1958
1415 793 1425 776 1455 795 1444 812 plane 0.1957
2385 3039 2402 3022 2426 3045 2410 3062 plane 0.1942
1505 788 1522 781 1535 813 1517 820 plane 0.1941
1223 2874 1229 2854 1265 2864 1259 2885 plane 0.1939
2047 1667 2077 1658 2091 1705 2060 1714 plane 0.1929
2210 852 2229 831 2263 862 2244 883 plane 0.1924
1100 716 1103 689 1146 695 1143 722 plane 0.1918
1417 1837 1441 1840 1437 1887 1412 1885 plane 0.1912
2133 1668 2162 1651 2190 1699 2160 1716 plane 0.1912
3244 1698 3258 1685 3283 1711 3269 1724 plane 0.1909
2353 2849 2369 2835 2393 2864 2377 2878 plane 0.1905
2971 1739 2974 1720 3009 1724 3007 1743 plane 0.1904
1200 810 1203 791 1243 799 1239 818 plane 0.1903
3223 1928 3224 1909 3261 1911 3260 1930 plane 0.1897
2507 1694 2528 1698 2518 1741 2498 1736 plane 0.1897
2918 1610 2932 1598 2953 1622 2938 1634 plane 0.1895
2263 956 2279 920 2322 939 2306 975 plane 0.1895
2453 987 2468 980 2482 1012 2467 1019 plane 0.1894
1537 883 1562 872 1579 914 1554 925 plane 0.1890
3406 916 3412 894 3447 902 3442 924 plane 0.1889
2356 717 2367 706 2388 727 2377 738 plane 0.1882
2777 1723 2790 1707 2817 1728 2803 1745 plane 0.1881
1018 1818 1046 1804 1065 1844 1037 1857 plane 0.1878
3315 2912 3331 2882 3374 2905 3358 2935 plane 0.1875
1637 721 1664 709 1683 749 1656 762 plane 0.1874
1603 1833 1626 1832 1627 1877 1604 1878 plane 0.1873
974 1608 1003 1601 1014 1646 985 1653 plane 0.1856
1432 1618 1457 1595 1487 1627 1462 1650 plane 0.1855
3031 1983 3043 1967 3068 1985 3057 2002 plane 0.1853
2322 2847 2339 2834 2361 2864 2344 2877 plane 0.1851
2210 2976 2237 2966 2251 3001 2224 3011 plane 0.1846
3161 2052 3178 2043 3195 2075 3178 2084 plane 0.1845
2945 1742 2948 1724 2984 1729 2981 1747 plane 0.1844
1452 684 1478 681 1483 719 1457 722 plane 0.1841
2803 326 2816 313 2843 340 2829 353 plane 0.1837
2360 3028 2379 3010 2403 3036 2384 3054 plane 0.1836
2419 3050 2431 3031 2462 3051 2449 3069 plane 0.1835
2137 815 2155 802 2179 836 2161 849 plane 0.1823
2808 1697 2825 1683 2847 1709 2831 1724 plane 0.1823
3316 2770 3335 2746 3369 2774 3350 2798 plane 0.1822
2425 1870 2447 1873 2441 1916 2419 1913 plane 0.1821
2550 2700 2565 2693 2579 2722 2564 2729 plane 0.1818
1009 1634 1036 1635 1033 1678 1006 1676 plane 0.1815
2979 1953 2991 1939 3018 1963 3005 1976 plane 0.1810
1918 3007 1933 2983 1966 3004 1952 3028 plane 0.1805
3398 729 3408 706 3442 720 3432 744 plane 0.1804
2892 1610 2907 1599 2924 1624 2909 1635 plane 0.1800
2339 1868 2362 1864 2369 1907 2346 1911 plane 0.1800
2862 1613 2878 1605 2892 1632 2876 1640 plane 0.1799
1499 3021 1501 3002 1534 3005 1532 3024 plane 0.1799
1664 1601 1683 1589 1702 1619 1684 1631 plane 0.1796
1473 1022 1480 1007 1506 1020 1499 1034 plane 0.1791
2721 267 2750 254 2770 298 2741 312 plane 0.1789
3413 845 3423 828 3450 844 3440 861 plane 0.1785
1740 728 1760 729 1758 765 1738 764 plane 0.1784
2861 1662 2876 1657 2885 1685 2870 1690 plane 0.1781
2452 3090 2456 3068 2498 3075 2494 3097 plane 0.1778
2990 1590 3015 1566 3045 1597 3020 1621 plane 0.1769
2455 2756 2469 2745 2489 2771 2475 2782 plane 0.1769
3246 1669 3260 1659 3280 1686 3265 1696 plane 0.1768
1419 826 1428 808 1458 823 1448 841 plane 0.1767
3112 1983 3125 1970 3146 1991 3134 2004 plane 0.1766
1444 1644 1468 1633 1485 1671 1461 1682 plane 0.1765
2409 339 2423 317 2455 338 2442 359 plane 0.1765
1537 824 1553 816 1568 846 1552 854 plane 0.1761
3003 1949 3018 1937 3040 1965 3025 1977 plane 0.1760
2117 812 2134 801 2156 834 2138 845 plane 0.1753
3219 1698 3231 1680 3260 1700 3248 1717 plane 0.1748
1655 1571 1669 1556 1696 1581 1682 1596 plane 0.1746
998 1792 1027 1791 1028 1838 999 1838 plane 0.1745
2783 293 2797 279 2822 306 2808 320 plane 0.1745
3004 1739 3006 1719 3042 1722 3040 1742 plane 0.1744
2841 1708 2854 1695 2877 1718 2864 1731 plane 0.1743
1146 716 1149 688 1191 692 1188 720 plane 0.1742
3035 1742 3036 1721 3072 1723 3070 1744 plane 0.1742
1906 3027 1922 3013 1944 3038 1927 3052 plane 0.1741
1683 679 1706 674 1714 709 1691 715 plane 0.1738
2431 967 2448 956 2466 985 2449 996 plane 0.1736
2546 2671 2560 2662 2578 2690 2564 2699 plane 0.1734
3026 2074 3042 2059 3068 2086 3051 2101 plane 0.1728
1171 741 1177 720 1214 731 1208 752 plane 0.1727
2814 1728 2826 1713 2853 1733 2841 1749 plane 0.1724
2216 941 2227 911 2271 927 2260 957 plane 0.1720
2165 819 2184 805 2210 840 2190 854 plane 0.1717
2243 855 2261 836 2292 866 2274 885 plane 0.1715
2953 1661 2965 1651 2983 1673 2971 1683 plane 0.1714
2332 1708 2351 1697 2371 1730 2353 1742 plane 0.1707
948 1856 975 1839 997 1873 969 1891 plane 0.1707
1117 1732 1130 1721 1151 1747 1139 1757 plane 0.1706
2970 1767 2971 1750 3003 1752 3002 1769 plane 0.1703
3090 2016 3102 2001 3126 2019 3114 2034 plane 0.1702
2194 3030 2211 3006 2244 3031 2226 3055 plane 0.1700
3200 1934 3210 1919 3239 1937 3229 1952 plane 0.1698
2308 742 2323 728 2346 755 2330 769 plane 0.1697
2214 1877 2234 1866 2254 1902 2234 1913 plane 0.1696
1439 978 1444 957 1479 965 1474 987 plane 0.1695
1246 1641 1268 1625 1294 1661 1272 1677 plane 0.1694
2326 1667 2354 1648 2382 1690 2354 1708 plane 0.1694
2798 1601 2822 1596 2830 1632 2805 1637 plane 0.1692
1448 1015 1455 1000 1483 1014 1476 1028 plane 0.1692
2453 965 2468 958 2482 987 2468 994 plane 0.1687
1686 1651 1711 1654 1705 1710 1681 1707 plane 0.1684
3414 873 3422 854 3454 866 3446 885 plane 0.1683
2079 3039 2096 3019 2124 3041 2108 3062 plane 0.1683
2699 1670 2723 1649 2750 1680 2726 1701 plane 0.1682
2244 819 2263 806 2287 840 2267 853 plane 0.1681
2823 372 2841 359 2863 390 2845 402 plane 0.1680
1562 1830 1584 1829 1585 1872 1563 1872 plane 0.1677
1702 1610 1718 1601 1734 1631 1719 1640 plane 0.1675
3194 2058 3209 2049 3226 2078 3210 2087 plane 0.1672
1807 1019 1833 998 1861 1033 1835 1054 plane 0.1672
3238 1967 3240 1949 3275 1953 3273 1971 plane 0.1670
2556 371 2567 348 2603 364 2592 387 plane 0.1670
2137 849 2152 834 2179 863 2163 877 plane 0.1670
1204 2905 1215 2882 1252 2900 1242 2922 plane 0.1667
2588 1665 2617 1648 2641 1690 2612 1707 plane 0.1667
2982 2049 2996 2036 3021 2066 3007 2078 plane 0.1667
1692 708 1715 706 1718 742 1696 744 plane 0.1662
3138 1988 3149 1974 3173 1992 3162 2006 plane 0.1657
1562 826 1577 816 1595 845 1580 854 plane 0.1656
2644 2684 2654 2665 2690 2682 2680 2702 plane 0.1656
1859 1025 1871 1009 1901 1030 1890 1046 plane 0.1652
2763 1618 2791 1616 2794 1656 2766 1658 plane 0.1652
1110 1696 1121 1682 1148 1703 1136 1718 plane 0.1650
1320 1840 1352 1843 1348 1893 1316 1891 plane 0.1649
1401 656 1429 648 1440 686 1412 694 plane 0.1648
2522 372 2534 349 2568 366 2557 389 plane 0.1647
2844 1731 2854 1716 2881 1735 2870 1749 plane 0.1647
1858 1004 1867 988 1898 1006 1890 1021 plane 0.1646
3039 1766 3040 1748 3071 1748 3071 1767 plane 0.1644
1479 1942 1498 1933 1513 1966 1495 1975 plane 0.1639
2434 2759 2449 2749 2467 2776 2452 2786 plane 0.1638
2168 852 2183 834 2215 861 2200 879 plane 0.1636
2495 373 2507 351 2542 370 2530 392 plane 0.1636
2510 1635 2532 1625 2549 1661 2527 1671 plane 0.1635
2426 2734 2444 2721 2466 2752 2449 2765 plane 0.1635
979 1867 1010 1842 1040 1880 1009 1904 plane 0.1634
2636 1702 2658 1689 2679 1722 2658 1736 plane 0.1632
2673 1711 2694 1696 2716 1728 2696 1742 plane 0.1628
2793 2673 2802 2655 2840 2676 2830 2694 plane 0.1627
3264 1686 3279 1678 3296 1706 3282 1715 plane 0.1625
2509 2698 2522 2693 2535 2722 2521 2727 plane 0.1625
1190 1647 1210 1634 1232 1668 1212 1682 plane 0.1625
2497 1904 2517 1906 2514 1946 2494 1944 plane 0.1623
2840 1582 2862 1571 2878 1604 2856 1615 plane 0.1623
3266 1762 3273 1743 3303 1754 3295 1773 plane 0.1623
2354 682 2366 670 2390 692 2378 704 plane 0.1622
1467 978 1476 958 1506 971 1498 991 plane 0.1620
2792 2718 2800 2701 2835 2717 2827 2734 plane 0.1620
1557 1941 1571 1934 1586 1960 1572 1968 plane 0.1616
2121 3047 2134 3023 2168 3042 2155 3066 plane 0.1615
1663 1657 1686 1662 1676 1711 1653 1706 plane 0.1613
1905 673 1918 660 1945 685 1932 699 plane 0.1612
2506 2667 2518 2658 2536 2687 2523 2695 plane 0.1611
1320 834 1326 813 1359 824 1353 844 plane 0.1611
1498 1896 1512 1886 1530 1912 1516 1922 plane 0.1607
1793 682 1814 686 1808 724 1786 721 plane 0.1607
2369 1703 2390 1696 2402 1734 2381 1740 plane 0.1606
2332 778 2348 771 2360 799 2344 806 plane 0.1604
2444 339 2460 318 2490 342 2473 362 plane 0.1602
2951 1809 2953 1792 2985 1796 2983 1813 plane 0.1596
1363 1537 1373 1522 1401 1542 1390 1557 plane 0.1595
2525 1590 2535 1574 2564 1592 2554 1607 plane 0.1594
3407 936 3414 918 3445 928 3438 947 plane 0.1592
2344 844 2358 832 2377 853 2363 865 plane 0.1592
3063 2008 3073 1991 3099 2006 3089 2024 plane 0.1591
2094 814 2111 804 2128 834 2112 844 plane 0.1586
1538 782 1554 774 1568 803 1551 810 plane 0.1583
1470 1901 1489 1890 1507 1923 1488 1934 plane 0.1579
2477 338 2494 315 2527 339 2511 362 plane 0.1576
1254 1820 1276 1814 1287 1857 1265 1863 plane 0.1576
2894 1661 2907 1655 2919 1680 2906 1686 plane 0.1575
1142 747 1149 728 1183 740 1176 759 plane 0.1573
1743 681 1764 681 1764 714 1744 714 plane 0.1573
3442 830 3454 820 3473 843 3461 852 plane 0.1573
1276 735 1294 707 1332 730 1314 759 plane 0.1569
2950 1989 2958 1974 2984 1988 2977 2002 plane 0.1568
2346 2873 2360 2856 2387 2879 2373 2895 plane 0.1567
2922 1661 2934 1653 2949 1677 2937 1685 plane 0.1565
1227 2853 1237 2836 1266 2853 1257 2870 plane 0.1565
3243 1848 3242 1822 3277 1821 3278 1847 plane 0.1563
2972 2024 2982 2010 3009 2029 2999 2043 plane 0.1562
1363 1646 1380 1630 1406 1657 1390 1673 plane 0.1562
3199 1909 3203 1891 3239 1898 3235 1917 plane 0.1561
2836 1530 2863 1525 2869 1561 2842 1566 plane 0.1561
1341 762 1350 739 1385 754 1376 777 plane 0.1561
2319 2879 2335 2863 2360 2889 2344 2904 plane 0.1561
1361 1483 1368 1468 1399 1483 1392 1498 plane 0.1560
1199 1841 1226 1829 1245 1871 1218 1883 plane 0.1560
2161 2913 2178 2901 2197 2928 2181 2940 plane 0.1557
2483 2008 2490 1990 2521 2003 2513 2021 plane 0.1557
1532 3025 1533 3007 1564 3009 1562 3028 plane 0.1556
3034 1934 3052 1930 3059 1964 3041 1968 plane 0.1555
2821 1559 2847 1553 2855 1588 2830 1594 plane 0.1554
3350 2874 3371 2859 3393 2889 3372 2905 plane 0.1553
1692 1575 1703 1562 1729 1584 1718 1597 plane 0.1552
2470 2741 2485 2733 2502 2762 2486 2770 plane 0.1551
3007 1765 3008 1747 3039 1749 3038 1767 plane 0.1550
2870 1731 2878 1716 2907 1731 2898 1747 plane 0.1549
1336 1667 1352 1657 1372 1688 1356 1698 plane 0.1547
2168 1705 2185 1693 2207 1724 2190 1736 plane 0.1547
1270 2899 1289 2892 1302 2928 1282 2935 plane 0.1546
1219 2931 1240 2917 1262 2951 1242 2964 plane 0.1545
2208 2917 2228 2907 2243 2938 2223 2948 plane 0.1543
1509 1022 1515 1007 1541 1019 1534 1034 plane 0.1541
1103 748 1112 729 1145 745 1136 763 plane 0.1540
2268 1927 2312 1913 2329 1963 2285 1977 plane 0.1540
2808 295 2815 280 2846 294 2839 309 plane 0.1537
1668 971 1689 945 1725 973 1704 1000 plane 0.1536
2367 2750 2386 2748 2390 2786 2371 2788 plane 0.1534
2407 2755 2424 2748 2437 2780 2420 2786 plane 0.1532
1458 3036 1461 3017 1494 3024 1491 3043 plane 0.1531
2115 851 2131 839 2153 868 2137 879 plane 0.1528
1284 832 1292 809 1326 822 1318 844 plane 0.1527
1613 1638 1643 1632 1653 1681 1623 1688 plane 0.1526
1424 1674 1440 1665 1457 1696 1441 1705 plane 0.1525
3235 1891 3241 1874 3269 1882 3264 1899 plane 0.1525
3021 1877 3039 1869 3053 1899 3035 1907 plane 0.1524
3071 1918 3088 1919 3087 1952 3070 1952 plane 0.1523
2474 2717 2488 2706 2507 2731 2493 2742 plane 0.1523
3113 2020 3125 2006 3149 2025 3138 2040 plane 0.1522
950 1887 974 1873 993 1906 968 1920 plane 0.1522
2896 1735 2902 1718 2932 1730 2926 1746 plane 0.1521
2864 1697 2878 1689 2893 1715 2880 1723 plane 0.1520
2518 341 2538 316 2572 342 2552 367 plane 0.1520
1545 555 1575 541 1596 585 1565 599 plane 0.1518
3428 886 3437 873 3461 890 3452 904 plane 0.1517
2996 2015 3005 1999 3033 2016 3023 2031 plane 0.1516
1555 1966 1570 1958 1585 1986 1570 1994 plane 0.1515
1372 1675 1387 1665 1405 1694 1390 1704 plane 0.1514
1035 1640 1061 1632 1073 1671 1047 1679 plane 0.1513
2941 1834 2951 1818 2977 1835 2967 1850 plane 0.1513
2427 940 2442 928 2462 952 2447 964 plane 0.1511
3163 1924 3178 1916 3194 1948 3179 1956 plane 0.1511
1450 859 1465 839 1496 864 1480 883 plane 0.1508
2979 1703 2990 1688 3017 1706 3006 1721 plane 0.1507
886 1616 906 1599 934 1631 914 1648 plane 0.1505
2808 399 2822 381 2853 403 2840 422 plane 0.1504
1458 2028 1464 2014 1490 2025 1484 2039 plane 0.1504
1502 1832 1524 1830 1527 1874 1505 1876 plane 0.1503
1521 1091 1533 1078 1565 1105 1554 1118 plane 0.1502
1926 2404 1926 2374 1974 2373 1974 2403 plane 0.1495
2080 3001 2098 2976 2131 2999 2113 3025 plane 0.1492
1198 778 1203 760 1237 769 1233 787 plane 0.1491
1523 1891 1536 1882 1553 1906 1540 1916 plane 0.1490
1590 826 1603 815 1625 840 1612 852 plane 0.1490
1551 1731 1560 1716 1588 1735 1578 1749 plane 0.1490
2774 371 2789 348 2824 370 2809 394 plane 0.1488
1484 2022 1489 2008 1516 2017 1511 2031 plane 0.1486
2333 755 2347 745 2364 770 2351 780 plane 0.1486
1780 713 1801 717 1793 757 1772 753 plane 0.1486
2316 1872 2337 1865 2350 1904 2329 1911 plane 0.1486
1109 1829 1126 1814 1150 1842 1133 1856 plane 0.1484
1191 1067 1211 1046 1258 1090 1237 1111 plane 0.1484
1142 1731 1156 1722 1173 1750 1160 1758 plane 0.1484
3140 2022 3150 2008 3176 2027 3165 2041 plane 0.1482
3237 2022 3245 2008 3274 2025 3266 2039 plane 0.1482
2919 2060 2935 2048 2957 2077 2941 2089 plane 0.1480
2940 1580 2962 1558 2990 1586 2969 1608 plane 0.1478
3230 2036 3241 2025 3266 2048 3255 2060 plane 0.1478
2552 1582 2563 1569 2587 1588 2576 1602 plane 0.1477
2668 1672 2690 1652 2716 1681 2694 1701 plane 0.1475
1669 997 1683 977 1713 998 1699 1018 plane 0.1475
1256 2864 1267 2848 1294 2866 1283 2882 plane 0.1475
1174 1728 1187 1720 1204 1748 1191 1756 plane 0.1474
2612 2705 2629 2696 2643 2725 2626 2733 plane 0.1473
3056 1720 3062 1693 3101 1702 3095 1728 plane 0.1472
2359 811 2374 804 2386 830 2371 837 plane 0.1472
3025 2044 3038 2030 3062 2053 3049 2067 plane 0.1471
3165 1991 3175 1977 3198 1992 3188 2006 plane 0.1470
2119 2977 2142 2959 2167 2992 2144 3009 plane 0.1465
3064 1952 3081 1946 3090 1974 3074 1979 plane 0.1464
1311 760 1321 737 1354 753 1343 775 plane 0.1457
2140 1704 2157 1692 2179 1725 2162 1737 plane 0.1453
1333 868 1344 845 1382 864 1370 887 plane 0.1451
3143 1921 3159 1919 3163 1957 3146 1958 plane 0.1449
2392 721 2403 711 2422 731 2411 741 plane 0.1447
3007 1853 3023 1841 3043 1868 3027 1880 plane 0.1446
1200 1729 1213 1719 1233 1746 1220 1755 plane 0.1446
1457 891 1481 872 1506 905 1483 923 plane 0.1445
2551 1538 2559 1524 2588 1540 2580 1554 plane 0.1441
1384 901 1403 873 1440 899 1421 927 plane 0.1440
1200 2855 1208 2837 1240 2852 1231 2870 plane 0.1438
1940 1099 1945 1084 1979 1095 1975 1110 plane 0.1436
2791 2742 2796 2724 2830 2733 2825 2751 plane 0.1435
1578 1767 1586 1752 1614 1767 1606 1782 plane 0.1435
1636 975 1654 949 1688 973 1670 999 plane 0.1434
3417 813 3425 798 3452 812 3443 828 plane 0.1433
1531 1015 1538 999 1565 1011 1559 1027 plane 0.1432
2489 2706 2502 2699 2516 2726 2502 2733 plane 0.1431
1266 1863 1311 1857 1319 1914 1274 1920 plane 0.1431
2707 2735 2720 2722 2743 2744 2730 2757 plane 0.1428
3028 2006 3037 1989 3065 2003 3056 2021 plane 0.1427
1577 1724 1589 1710 1614 1733 1602 1746 plane 0.1427
1717 979 1745 951 1779 985 1751 1013 plane 0.1426
2991 1916 3008 1902 3030 1929 3014 1942 plane 0.1425
2064 820 2078 810 2096 836 2082 846 plane 0.1424
966 1635 987 1636 984 1674 963 1673 plane 0.1424
1143 962 1150 938 1193 949 1186 974 plane 0.1422
2320 267 2340 245 2372 275 2352 297 plane 0.1422
1573 554 1606 538 1629 586 1596 602 plane 0.1422
2246 1878 2266 1867 2283 1901 2263 1911 plane 0.1419
1548 1768 1555 1753 1585 1766 1579 1781 plane 0.1419
2864 1575 2885 1559 2908 1589 2886 1605 plane 0.1419
2408 1699 2430 1697 2433 1738 2412 1739 plane 0.1418
1337 1537 1349 1523 1375 1544 1364 1559 plane 0.1417
2471 1980 2483 1962 2513 1981 2501 2000 plane 0.1415
1312 3028 1313 3010 1351 3013 1350 3031 plane 0.1415
1101 1670 1113 1652 1144 1672 1132 1690 plane 0.1413
2143 738 2172 736 2175 780 2146 782 plane 0.1413
40 2180 81 2187 71 2250 30 2243 plane 0.1412
1401 1677 1416 1668 1434 1697 1420 1706 plane 0.1412
2411 375 2421 360 2449 378 2439 394 plane 0.1411
3171 1732 3176 1712 3206 1719 3201 1740 plane 0.1410
1562 783 1576 774 1593 801 1578 810 plane 0.1409
3165 1853 3170 1838 3193 1846 3188 1861 plane 0.1409
2476 2677 2490 2663 2513 2687 2499 2701 plane 0.1405
3091 1948 3108 1943 3115 1972 3099 1976 plane 0.1405
2044 3017 2061 2991 2096 3013 2079 3039 plane 0.1404
2589 225 2608 211 2628 239 2609 253 plane 0.1402
3203 1959 3211 1944 3237 1957 3229 1973 plane 0.1402
1693 889 1714 882 1726 918 1705 925 plane 0.1401
2124 2920 2144 2906 2167 2938 2147 2952 plane 0.1401
3270 1886 3280 1874 3301 1891 3292 1903 plane 0.1401
3166 2024 3176 2011 3198 2029 3188 2042 plane 0.1400
3452 801 3463 792 3482 814 3470 824 plane 0.1398
1161 856 1175 837 1207 861 1193 880 plane 0.1397
3167 1815 3166 1797 3193 1794 3194 1812 plane 0.1396
1593 1965 1610 1955 1628 1986 1611 1996 plane 0.1395
3133 1733 3136 1711 3168 1716 3165 1738 plane 0.1395
2513 2019 2519 2001 2548 2012 2542 2030 plane 0.1394
1107 1590 1134 1560 1169 1592 1142 1622 plane 0.1394
1573 3026 1574 3008 1604 3011 1602 3028 plane 0.1394
1695 998 1712 977 1741 1000 1724 1022 plane 0.1393
2088 1694 2106 1685 2123 1721 2104 1729 plane 0.1393
3240 2001 3244 1985 3275 1992 3271 2008 plane 0.1393
2130 379 2132 360 2172 363 2171 382 plane 0.1391
2590 250 2616 236 2634 271 2608 285 plane 0.1391
2325 341 2334 317 2370 330 2361 354 plane 0.1390
1685 655 1706 647 1720 680 1698 689 plane 0.1389
2451 373 2462 356 2490 375 2478 391 plane 0.1389
2365 348 2374 326 2409 340 2399 363 plane 0.1388
2583 1698 2608 1689 2623 1731 2598 1740 plane 0.1388
1704 1646 1727 1645 1728 1703 1705 1703 plane 0.1377
473 3283 515 2846 1722 2963 1680 3400 bridge 0.1149
223 1350 212 1195 442 1180 452 1335 ground-track-field 0.1513
1979 2731 2001 2730 2003 2791 1981 2792 ship 0.2349
2000 2735 2021 2736 2019 2792 1998 2792 ship 0.1982
1965 2738 1985 2739 1982 2792 1962 2791 ship 0.1778
1792 2763 1804 2744 1851 2773 1839 2792 ship 0.1700
1938 2742 1955 2745 1949 2789 1931 2786 ship 0.1432
1799 2872 1802 2752 2446 2770 2443 2890 ship 0.1134
1701 1648 1725 1648 1723 1706 1699 1705 storage-tank 0.2271
122 3050 233 2948 337 3061 226 3163 storage-tank 0.2168
2219 991 2219 941 2281 942 2280 992 storage-tank 0.1999
2138 951 2175 932 2199 978 2162 997 storage-tank 0.1989
2409 1248 2406 1211 2461 1207 2464 1244 storage-tank 0.1786
2760 1447 2785 1404 2835 1433 2810 1475 storage-tank 0.1726
2048 719 2083 692 2119 739 2084 766 storage-tank 0.1655
2206 1935 2261 1911 2290 1978 2235 2002 storage-tank 0.1648
2407 2966 2429 2919 2488 2946 2466 2993 storage-tank 0.1648
1576 1588 1628 1566 1655 1629 1603 1651 storage-tank 0.1640
1722 1646 1744 1647 1742 1698 1720 1697 storage-tank 0.1577
2335 989 2328 940 2390 931 2397 980 storage-tank 0.1570
2133 696 2177 680 2198 736 2154 752 storage-tank 0.1537
2214 720 2251 694 2285 741 2248 768 storage-tank 0.1511
2817 2147 2854 2116 2894 2162 2858 2194 storage-tank 0.1472
1230 1602 1256 1562 1306 1595 1280 1635 storage-tank 0.1459
2351 624 2358 569 2427 577 2420 633 storage-tank 0.1452
1700 559 1746 513 1802 569 1756 615 storage-tank 0.1436
1486 1603 1522 1566 1567 1610 1531 1647 storage-tank 0.1425
1532 698 1568 674 1598 721 1562 744 storage-tank 0.1404
1013 1884 1058 1852 1096 1907 1051 1939 storage-tank 0.1371
1663 1657 1686 1662 1676 1711 1653 1706 storage-tank 0.1364
1216 281 1215 232 1277 230 1278 280 storage-tank 0.1363
2201 292 2238 256 2284 303 2247 339 storage-tank 0.1347
1142 1575 1180 1544 1218 1589 1180 1621 storage-tank 0.1337
2533 1696 2556 1698 2553 1742 2530 1741 storage-tank 0.1336
2343 2948 2388 2941 2397 3000 2353 3007 storage-tank 0.1312
2560 1698 2586 1695 2591 1740 2565 1743 storage-tank 0.1305
1048 1594 1075 1557 1124 1593 1096 1630 storage-tank 0.1298
1904 2949 1936 2926 1968 2973 1937 2995 storage-tank 0.1256
1136 268 1151 220 1208 237 1193 285 storage-tank 0.1252
2318 1606 2375 1591 2393 1658 2337 1674 storage-tank 0.1249
2191 854 2207 833 2243 861 2226 882 storage-tank 0.1249
2287 312 2306 266 2364 289 2346 336 storage-tank 0.1243
1319 919 1353 880 1400 921 1366 960 storage-tank 0.1230
2262 2926 2323 2929 2319 3006 2258 3003 storage-tank 0.1225
1618 355 1677 327 1710 396 1651 424 storage-tank 0.1217
2314 1938 2361 1916 2388 1974 2340 1996 storage-tank 0.1216
1979 2731 2001 2730 2003 2791 1981 2792 storage-tank 0.1210
2507 1694 2528 1698 2518 1741 2498 1736 storage-tank 0.1199
2631 250 2689 235 2707 306 2649 321 storage-tank 0.1166
1504 1650 1534 1637 1555 1683 1525 1696 storage-tank 0.1166
1240 921 1267 879 1318 911 1292 953 storage-tank 0.1163
1503 2911 1539 2908 1544 2967 1508 2969 storage-tank 0.1145
1613 1638 1643 1632 1653 1681 1623 1688 storage-tank 0.1137
3097 2059 3123 2045 3146 2087 3120 2101 storage-tank 0.1131
3037 1651 3072 1624 3108 1669 3073 1696 storage-tank 0.1128
2395 290 2432 259 2471 307 2433 337 storage-tank 0.1126
2481 1690 2502 1697 2489 1740 2468 1734 storage-tank 0.1119
1247 694 1275 650 1329 685 1301 729 storage-tank 0.1118
1820 677 1842 690 1816 737 1794 725 storage-tank 0.1113
1431 592 1437 534 1512 541 1506 600 storage-tank 0.1111
957 1573 990 1556 1013 1602 980 1619 storage-tank 0.1110
1037 233 1092 195 1135 258 1081 296 storage-tank 0.1103
1968 730 1989 695 2037 725 2016 759 storage-tank 0.1102
1617 696 1648 670 1683 713 1651 738 storage-tank 0.1096
1097 1883 1147 1852 1186 1914 1136 1945 storage-tank 0.1095
1538 254 1583 231 1613 289 1568 312 storage-tank 0.1093
2099 2050 2173 2049 2174 2136 2101 2137 storage-tank 0.1083
2165 819 2184 805 2210 840 2190 854 storage-tank 0.1077
2214 821 2236 805 2262 842 2241 857 storage-tank 0.1073
2384 2856 2396 2837 2430 2858 2417 2877 storage-tank 0.1072
1982 2966 2009 2922 2063 2954 2037 2998 storage-tank 0.1054
2037 1608 2091 1586 2117 1649 2063 1671 storage-tank 0.1045
2875 1519 2920 1514 2926 1570 2881 1575 storage-tank 0.1042
2485 288 2527 270 2549 322 2508 340 storage-tank 0.1037
3140 2060 3165 2049 3184 2091 3159 2102 storage-tank 0.1034
2277 2260 2279 2218 2340 2221 2338 2263 storage-tank 0.1029
1317 1887 1372 1874 1387 1941 1333 1953 storage-tank 0.1028
2079 2256 2079 2216 2134 2216 2134 2256 storage-tank 0.1018
2583 1698 2608 1689 2623 1731 2598 1740 storage-tank 0.1018
2216 941 2227 911 2271 927 2260 957 storage-tank 0.1010
1695 551 1751 507 1802 573 1747 617 helicopter 0.1000
