3403 2767 3411 2673 3526 2683 3518 2777 plane 0.5883
3668 1251 3744 1164 3843 1251 3768 1338 plane 0.5777
3612 2686 3596 2590 3715 2570 3731 2667 plane 0.5730
3101 2774 3080 2680 3204 2652 3225 2746 plane 0.5654
5055 1411 5077 1324 5186 1351 5164 1438 plane 0.5042
4933 1289 4978 1224 5063 1281 5019 1347 plane 0.4490
5279 1109 5307 1057 5379 1097 5351 1148 plane 0.4448
4151 1287 4148 1211 4243 1207 4246 1283 plane 0.4446
3297 2613 3275 2523 3386 2495 3408 2585 plane 0.4445
4624 1113 4638 1033 4738 1050 4724 1130 plane 0.4417
4372 1266 4441 1240 4473 1324 4403 1350 plane 0.4147
4629 1488 4620 1428 4702 1415 4712 1474 plane 0.3875
3898 1448 3920 1397 3999 1430 3977 1482 plane 0.3751
2400 1701 2415 1653 2492 1677 2476 1725 plane 0.3649
2566 1586 2572 1535 2646 1544 2640 1595 plane 0.3474
4235 1291 4272 1224 4354 1270 4318 1336 plane 0.3360
4939 1383 4965 1316 5056 1351 5029 1419 plane 0.3299
3052 2589 3061 2527 3146 2539 3137 2601 plane 0.3107
4511 1306 4539 1267 4597 1308 4569 1347 plane 0.3074
4392 584 4422 534 4493 576 4464 626 plane 0.3016
2394 1414 2438 1373 2497 1437 2453 1477 plane 0.2961
2528 1369 2548 1322 2620 1352 2600 1399 plane 0.2903
4800 1633 4790 1599 4859 1579 4869 1613 plane 0.2692
2629 1573 2638 1531 2700 1545 2690 1587 plane 0.2676
2173 1643 2198 1610 2254 1654 2228 1687 plane 0.2570
4517 1247 4545 1223 4587 1273 4559 1297 plane 0.2535
4059 1148 4090 1101 4155 1145 4124 1192 plane 0.2505
3977 1497 3986 1455 4060 1472 4050 1514 plane 0.2495
5342 1074 5366 1037 5425 1074 5401 1112 plane 0.2472
3218 2593 3212 2529 3293 2522 3299 2586 plane 0.2469
4876 896 4901 867 4964 921 4939 950 plane 0.2399
4588 1426 4591 1375 4661 1379 4659 1429 plane 0.2377
2313 1668 2341 1639 2386 1683 2358 1712 plane 0.2377
2251 1654 2279 1628 2321 1674 2293 1700 plane 0.2369
4545 675 4554 637 4625 654 4617 691 plane 0.2292
2485 1417 2500 1366 2568 1386 2554 1437 plane 0.2226
2523 1546 2538 1505 2595 1526 2580 1567 plane 0.2180
4559 1239 4582 1214 4626 1253 4602 1279 plane 0.2172
2591 1498 2607 1467 2659 1495 2643 1526 plane 0.2152
4525 1190 4554 1168 4595 1221 4566 1243 plane 0.2122
2462 1576 2480 1542 2528 1568 2510 1602 plane 0.2082
4861 1264 4902 1243 4929 1298 4888 1319 plane 0.2067
2447 1504 2464 1463 2520 1487 2503 1527 plane 0.2051
2705 1570 2711 1533 2773 1545 2767 1581 plane 0.2049
4732 1257 4763 1237 4796 1290 4764 1309 plane 0.2040
3088 2532 3102 2493 3164 2515 3150 2555 plane 0.2034
4728 1204 4759 1186 4789 1236 4758 1254 plane 0.2017
2407 1577 2424 1546 2471 1574 2454 1604 plane 0.2008
4769 1209 4804 1194 4828 1248 4793 1263 plane 0.1998
4765 1600 4763 1566 4824 1561 4827 1594 plane 0.1998
2335 1387 2376 1379 2389 1447 2348 1455 plane 0.1984
4774 1258 4810 1242 4834 1297 4798 1313 plane 0.1983
2360 1663 2381 1634 2431 1670 2410 1699 plane 0.1963
4603 1281 4625 1252 4670 1285 4648 1314 plane 0.1948
5494 874 5500 837 5566 848 5560 885 plane 0.1924
4549 1376 4559 1324 4627 1337 4617 1389 plane 0.1901
2492 1468 2506 1424 2564 1443 2550 1487 plane 0.1900
4694 1441 4708 1405 4762 1425 4749 1462 plane 0.1887
4353 876 4391 876 4392 954 4354 955 plane 0.1879
4846 1419 4865 1395 4905 1426 4886 1451 plane 0.1853
4453 1093 4480 1073 4514 1118 4488 1139 plane 0.1843
2567 1414 2584 1383 2635 1410 2619 1442 plane 0.1837
4612 1349 4629 1312 4683 1336 4666 1373 plane 0.1829
4900 1313 4938 1272 4991 1322 4953 1363 plane 0.1818
4769 987 4791 968 4826 1008 4804 1027 plane 0.1807
4450 1218 4496 1210 4509 1281 4463 1288 plane 0.1805
4699 1052 4724 1020 4777 1061 4753 1093 plane 0.1799
3599 1343 3631 1333 3654 1401 3622 1412 plane 0.1795
4764 1154 4794 1135 4823 1183 4793 1201 plane 0.1790
4152 1156 4167 1115 4229 1138 4214 1179 plane 0.1783
3166 2524 3174 2484 3236 2495 3229 2536 plane 0.1781
3635 1361 3668 1347 3697 1414 3663 1428 plane 0.1771
3034 2524 3053 2485 3115 2513 3096 2553 plane 0.1770
2262 1509 2288 1489 2327 1540 2301 1560 plane 0.1769
4723 1332 4750 1306 4793 1353 4765 1378 plane 0.1769
4858 1312 4895 1289 4927 1341 4890 1364 plane 0.1767
2467 1667 2480 1629 2538 1650 2524 1688 plane 0.1761
4704 1394 4725 1361 4779 1395 4758 1427 plane 0.1757
4905 1409 4923 1377 4977 1406 4959 1439 plane 0.1754
4714 1509 4720 1475 4772 1484 4766 1518 plane 0.1753
5465 917 5462 882 5529 876 5532 911 plane 0.1751
4754 1035 4777 1015 4813 1057 4790 1077 plane 0.1750
2248 1566 2271 1545 2315 1592 2291 1614 plane 0.1749
4851 1353 4882 1330 4917 1376 4886 1400 plane 0.1748
5382 1051 5402 1024 5450 1060 5430 1086 plane 0.1747
4521 1084 4548 1062 4585 1105 4558 1128 plane 0.1736
4760 1109 4787 1091 4818 1136 4791 1155 plane 0.1723
4960 1465 4973 1424 5041 1446 5027 1487 plane 0.1722
2289 1567 2311 1542 2355 1582 2333 1606 plane 0.1709
2297 1498 2321 1473 2365 1514 2340 1540 plane 0.1700
4756 1069 4781 1050 4814 1095 4788 1114 plane 0.1694
4619 1219 4640 1194 4681 1228 4659 1253 plane 0.1694
4830 1174 4862 1155 4890 1204 4858 1222 plane 0.1693
4577 1169 4601 1140 4650 1181 4626 1210 plane 0.1691
4815 1657 4811 1625 4878 1616 4882 1648 plane 0.1690
4687 1266 4712 1241 4750 1281 4726 1305 plane 0.1687
4700 995 4725 973 4767 1019 4742 1042 plane 0.1683
2508 1622 2520 1580 2584 1598 2571 1640 plane 0.1682
2346 1573 2365 1546 2409 1578 2390 1604 plane 0.1681
4720 1148 4747 1125 4784 1168 4757 1192 plane 0.1680
4708 1108 4733 1078 4780 1119 4755 1149 plane 0.1676
4510 627 4532 592 4585 626 4563 661 plane 0.1675
3723 1405 3753 1392 3777 1449 3747 1461 plane 0.1667
2449 1336 2484 1315 2520 1376 2485 1397 plane 0.1648
4776 1318 4808 1299 4838 1349 4807 1369 plane 0.1646
4682 1351 4702 1319 4754 1352 4733 1384 plane 0.1639
4214 1098 4224 1064 4294 1085 4284 1120 plane 0.1627
4730 1568 4738 1535 4789 1547 4781 1580 plane 0.1624
2408 1327 2444 1317 2462 1385 2426 1395 plane 0.1616
4890 1508 4897 1480 4949 1491 4943 1520 plane 0.1615
4159 1099 4177 1067 4235 1100 4217 1132 plane 0.1611
4771 1426 4789 1401 4829 1430 4811 1455 plane 0.1610
4840 1531 4845 1505 4893 1514 4888 1540 plane 0.1607
3870 1460 3893 1426 3944 1461 3921 1495 plane 0.1603
4243 1049 4264 1027 4314 1075 4293 1097 plane 0.1598
4825 1594 4823 1565 4882 1561 4884 1589 plane 0.1597
5441 950 5443 920 5505 924 5504 954 plane 0.1594
4889 1204 4924 1180 4958 1228 4924 1253 plane 0.1593
4458 1016 4482 996 4516 1037 4492 1057 plane 0.1587
3803 1412 3833 1392 3864 1440 3833 1460 plane 0.1581
4533 1017 4558 992 4599 1031 4574 1056 plane 0.1580
2192 1586 2217 1566 2257 1619 2232 1638 plane 0.1577
4772 1364 4799 1342 4835 1385 4807 1407 plane 0.1563
4686 1204 4711 1182 4746 1221 4722 1243 plane 0.1562
3679 1403 3709 1394 3730 1457 3699 1467 plane 0.1562
3019 2790 3032 2737 3111 2757 3099 2809 plane 0.1562
4023 1457 4044 1434 4090 1477 4069 1500 plane 0.1546
4051 1249 4087 1228 4115 1277 4078 1298 plane 0.1540
2213 1519 2239 1504 2272 1559 2245 1575 plane 0.1533
4818 1115 4844 1099 4872 1144 4846 1161 plane 0.1529
2350 1487 2370 1455 2419 1487 2398 1519 plane 0.1525
5418 1011 5435 991 5474 1026 5456 1046 plane 0.1524
4451 645 4467 600 4527 622 4510 667 plane 0.1522
4933 1129 4964 1107 5000 1158 4968 1180 plane 0.1514
4640 1014 4661 977 4724 1013 4703 1050 plane 0.1514
3202 2501 3211 2466 3272 2480 3264 2515 plane 0.1507
5428 971 5438 947 5489 969 5479 993 plane 0.1497
4020 1334 4049 1312 4082 1357 4053 1379 plane 0.1492
3931 1522 3934 1482 4000 1488 3997 1528 plane 0.1488
4968 1131 5004 1107 5041 1164 5005 1188 plane 0.1483
5409 887 5401 850 5468 835 5476 872 plane 0.1479
2752 1611 2756 1578 2816 1586 2812 1618 plane 0.1477
3843 1405 3877 1374 3921 1423 3887 1453 plane 0.1476
3807 1458 3834 1437 3866 1479 3840 1500 plane 0.1473
3102 2482 3123 2455 3175 2494 3155 2521 plane 0.1471
4572 1038 4594 1000 4652 1034 4631 1071 plane 0.1468
4454 901 4483 887 4508 941 4480 954 plane 0.1465
4783 1531 4788 1504 4835 1513 4830 1540 plane 0.1457
4529 1409 4555 1374 4602 1409 4576 1444 plane 0.1452
4061 1189 4099 1164 4133 1214 4094 1240 plane 0.1448
5406 994 5415 967 5471 987 5461 1014 plane 0.1447
3724 1451 3752 1436 3781 1487 3753 1502 plane 0.1445
4867 1563 4869 1535 4924 1538 4922 1566 plane 0.1437
4572 1079 4596 1043 4652 1079 4628 1116 plane 0.1430
4634 1147 4655 1115 4707 1148 4686 1181 plane 0.1430
4737 1609 4748 1579 4795 1596 4785 1626 plane 0.1430
4880 1122 4908 1103 4939 1150 4912 1169 plane 0.1427
3313 2704 3345 2667 3391 2707 3360 2744 plane 0.1425
4456 1167 4487 1153 4512 1207 4481 1221 plane 0.1424
4248 1217 4263 1165 4338 1187 4323 1239 plane 0.1418
5414 931 5410 897 5477 890 5481 924 plane 0.1418
5374 766 5364 729 5436 709 5447 746 plane 0.1417
4048 1388 4072 1365 4113 1408 4089 1431 plane 0.1401
4389 1092 4412 1071 4450 1112 4427 1133 plane 0.1399
4085 1303 4112 1272 4156 1311 4129 1342 plane 0.1393
4294 1025 4315 1007 4353 1053 4331 1071 plane 0.1388
2368 1317 2403 1314 2408 1387 2373 1390 plane 0.1382
2603 1437 2626 1417 2660 1457 2638 1477 plane 0.1363
3227 2703 3259 2663 3311 2704 3280 2744 plane 0.1355
2581 1629 2589 1594 2644 1605 2636 1641 plane 0.1351
4558 985 4576 950 4636 981 4618 1015 plane 0.1348
4702 951 4726 933 4761 980 4736 998 plane 0.1348
2984 2721 3016 2703 3046 2755 3015 2774 plane 0.1345
4822 1067 4846 1052 4874 1096 4850 1112 plane 0.1344
4217 1154 4222 1111 4295 1120 4290 1162 plane 0.1342
3254 2513 3261 2473 3328 2484 3321 2524 plane 0.1338
5045 1301 5091 1260 5143 1317 5097 1358 plane 0.1335
4675 1144 4698 1114 4745 1150 4722 1180 plane 0.1320
4519 927 4541 904 4585 945 4562 968 plane 0.1299
4833 1023 4853 1005 4887 1043 4867 1061 plane 0.1294
3872 1361 3908 1330 3951 1379 3915 1410 plane 0.1287
2987 2486 3010 2456 3058 2494 3035 2524 plane 0.1285
4796 934 4820 916 4852 958 4828 976 plane 0.1285
5317 732 5316 695 5386 692 5387 730 plane 0.1275
3151 2647 3158 2585 3235 2595 3227 2657 plane 0.1267
4324 955 4354 948 4370 1014 4341 1021 plane 0.1261
4670 1539 4685 1510 4729 1532 4714 1562 plane 0.1259
3781 1363 3816 1340 3852 1393 3817 1417 plane 0.1252
4958 1498 4968 1470 5020 1488 5010 1516 plane 0.1252
3420 2566 3455 2533 3498 2579 3462 2612 plane 0.1245
4377 940 4405 928 4428 982 4400 994 plane 0.1236
5393 1099 5412 1072 5456 1104 5437 1131 plane 0.1236
4585 593 4604 573 4642 611 4622 630 plane 0.1235
2995 2536 3021 2503 3065 2538 3039 2571 plane 0.1233
4382 1010 4405 992 4438 1034 4415 1052 plane 0.1228
4282 1099 4295 1071 4346 1095 4333 1123 plane 0.1225
3863 1511 3879 1480 3929 1505 3913 1537 plane 0.1221
3672 1361 3705 1343 3739 1405 3705 1423 plane 0.1217
5181 1364 5224 1320 5282 1376 5239 1420 plane 0.1216
5099 1460 5108 1405 5195 1418 5187 1474 plane 0.1216
4857 960 4875 939 4914 972 4896 993 plane 0.1215
4016 1117 4059 1093 4090 1149 4047 1173 plane 0.1205
5016 1454 5030 1409 5098 1431 5084 1476 plane 0.1196
4585 958 4601 929 4655 960 4639 989 plane 0.1195
5470 961 5485 941 5524 970 5509 990 plane 0.1191
5382 965 5389 936 5443 950 5436 979 plane 0.1186
3805 1329 3846 1298 3888 1354 3846 1385 plane 0.1176
4459 952 4483 933 4516 974 4491 993 plane 0.1176
3503 2584 3536 2550 3583 2596 3549 2630 plane 0.1174
4396 1163 4426 1145 4456 1196 4426 1214 plane 0.1170
3848 1263 3894 1240 3925 1301 3880 1324 plane 0.1169
5247 1068 5276 1043 5315 1089 5286 1114 plane 0.1169
3302 2649 3324 2599 3389 2626 3367 2677 plane 0.1168
2166 1526 2193 1514 2219 1570 2191 1583 plane 0.1166
3624 1313 3662 1282 3715 1346 3677 1378 plane 0.1166
2096 1862 2097 1833 2154 1835 2153 1864 plane 0.1163
2302 1388 2335 1382 2345 1441 2313 1447 plane 0.1155
3972 1268 4009 1251 4034 1305 3997 1322 plane 0.1154
5435 1107 5457 1088 5491 1128 5469 1147 plane 0.1151
5405 845 5393 812 5457 789 5469 823 plane 0.1151
2629 1635 2638 1604 2686 1617 2678 1647 plane 0.1138
3950 1363 3980 1338 4018 1386 3988 1410 plane 0.1134
4644 958 4662 931 4716 968 4698 995 plane 0.1131
3720 1353 3752 1332 3790 1387 3757 1409 plane 0.1125
2922 2468 2950 2449 2984 2498 2956 2518 plane 0.1124
3804 1519 3825 1495 3864 1529 3843 1553 plane 0.1123
3231 2651 3255 2599 3321 2630 3297 2682 plane 0.1118
2534 1699 2543 1672 2589 1688 2579 1715 plane 0.1116
4884 1064 4908 1048 4939 1094 4915 1110 plane 0.1115
2988 2782 3008 2755 3055 2790 3035 2817 plane 0.1109
3425 2655 3452 2605 3518 2639 3492 2690 plane 0.1108
3304 2771 3336 2730 3388 2770 3357 2811 plane 0.1104
4519 1459 4547 1428 4592 1469 4564 1500 plane 0.1098
2255 1747 2266 1718 2313 1735 2302 1764 plane 0.1097
4476 685 4498 655 4541 687 4520 716 plane 0.1092
3104 2812 3120 2774 3184 2801 3168 2839 plane 0.1090
2204 1751 2211 1722 2261 1734 2254 1764 plane 0.1084
4330 1092 4348 1068 4390 1101 4371 1124 plane 0.1081
4986 1203 5026 1176 5064 1233 5025 1260 plane 0.1074
4550 721 4562 695 4615 721 4602 747 plane 0.1074
4337 1192 4380 1172 4410 1236 4367 1256 plane 0.1071
4288 1162 4303 1127 4358 1151 4343 1185 plane 0.1069
585 2216 581 2180 645 2173 649 2208 plane 0.1069
3516 2724 3538 2652 3627 2678 3605 2751 plane 0.1063
5475 1005 5495 989 5525 1025 5506 1041 plane 0.1060
4930 1065 4957 1049 4988 1101 4960 1117 plane 0.1060
5344 999 5366 976 5405 1013 5383 1036 plane 0.1052
3228 2778 3254 2735 3315 2772 3288 2815 plane 0.1040
3359 2695 3373 2634 3452 2651 3438 2713 plane 0.1040
2336 1311 2368 1311 2367 1382 2334 1381 plane 0.1035
2563 2539 2561 2497 2639 2494 2641 2535 plane 0.1031
5510 919 5525 898 5566 927 5550 948 plane 0.1030
3483 2642 3515 2592 3577 2632 3546 2682 plane 0.1027
5185 1151 5219 1133 5246 1182 5212 1201 plane 0.1024
2915 2519 2947 2503 2971 2550 2939 2566 plane 0.1024
4441 1334 4471 1293 4523 1330 4493 1372 plane 0.1022
3990 1190 4032 1173 4054 1230 4012 1246 plane 0.1019
3007 2822 3029 2797 3079 2840 3057 2865 plane 0.1017
3411 2508 3445 2484 3479 2533 3445 2557 plane 0.1017
2925 2741 2952 2729 2974 2777 2947 2789 plane 0.1015
2973 2840 2999 2825 3029 2878 3003 2893 plane 0.1009
2994 2577 3021 2547 3061 2583 3034 2613 plane 0.1009
4629 658 4646 639 4684 672 4666 692 plane 0.1009
5405 1154 5427 1130 5469 1167 5447 1192 plane 0.1007
5344 957 5361 932 5404 961 5387 986 plane 0.1002
3298 2819 3324 2787 3373 2828 3347 2860 plane 0.1002
4633 616 4649 596 4689 626 4674 647 plane 0.1001
1161 2200 1158 2165 1226 2160 1228 2195 small-vehicle 0.1277
832 2216 827 2184 894 2175 898 2207 small-vehicle 0.1258
1305 2190 1301 2158 1360 2150 1364 2182 small-vehicle 0.1250
3463 2154 3465 2117 3548 2121 3546 2158 small-vehicle 0.1248
1646 2176 1642 2146 1699 2138 1703 2168 small-vehicle 0.1191
4694 2142 4693 2109 4761 2107 4762 2139 small-vehicle 0.1188
2301 2521 2301 2490 2366 2490 2366 2521 small-vehicle 0.1178
296 2237 313 2210 368 2245 352 2272 small-vehicle 0.1166
1353 2186 1352 2157 1401 2155 1403 2184 small-vehicle 0.1128
2769 2472 2800 2454 2833 2510 2803 2529 small-vehicle 0.1128
335 2225 349 2200 401 2227 387 2253 small-vehicle 0.1090
1280 2213 1275 2184 1329 2175 1334 2204 small-vehicle 0.1085
4370 2146 4361 2109 4444 2088 4454 2126 small-vehicle 0.1075
2844 2469 2874 2456 2898 2511 2868 2524 small-vehicle 0.1055
1708 1869 1705 1832 1776 1826 1780 1862 small-vehicle 0.1047
4175 2140 4176 2110 4237 2111 4236 2141 small-vehicle 0.1043
1402 2183 1402 2155 1452 2157 1452 2184 small-vehicle 0.1029
2927 2458 2954 2438 2994 2492 2968 2512 small-vehicle 0.1023
383 2220 392 2192 446 2209 438 2236 small-vehicle 0.1023
1269 2166 1269 2135 1328 2135 1328 2166 small-vehicle 0.1013
2885 2463 2913 2448 2943 2504 2915 2519 small-vehicle 0.1003
2550 342 2576 328 2623 416 2597 430 large-vehicle 0.1017
5703 1975 5721 1902 5847 1934 5829 2007 basketball-court 0.1235
1050 780 1203 703 1286 869 1134 946 storage-tank 0.2537
3612 2686 3596 2590 3715 2570 3731 2667 storage-tank 0.1725
2734 2541 2805 2530 2819 2613 2747 2624 storage-tank 0.1663
4349 1271 4419 1238 4459 1322 4389 1355 storage-tank 0.1476
4178 1291 4194 1214 4289 1233 4273 1310 storage-tank 0.1355
4267 1280 4322 1230 4382 1296 4327 1346 storage-tank 0.1330
2802 2532 2848 2526 2856 2590 2810 2596 storage-tank 0.1261
3101 2774 3080 2680 3204 2652 3225 2746 storage-tank 0.1220
3403 2767 3411 2673 3526 2683 3518 2777 storage-tank 0.1200
2826 2488 2863 2478 2879 2538 2841 2548 storage-tank 0.1165
2860 2520 2895 2513 2907 2568 2872 2575 storage-tank 0.1155
2872 2470 2904 2458 2926 2514 2894 2527 storage-tank 0.1152
2922 2468 2950 2449 2984 2498 2956 2518 storage-tank 0.1139
2915 2519 2947 2503 2971 2550 2939 2566 storage-tank 0.1110
2824 2647 2866 2655 2853 2723 2811 2715 storage-tank 0.1026
3668 1251 3744 1164 3843 1251 3768 1338 storage-tank 0.1009
4831 475 4996 408 5102 673 4938 739 roundabout 0.1858
1027 804 1176 685 1307 849 1158 968 roundabout 0.1244
