266 459 338 438 360 512 288 533 baseball-diamond 0.7448
480 446 530 424 553 476 502 498 baseball-diamond 0.3326
268 705 256 462 578 447 590 690 ground-track-field 0.1749
72 209 84 209 85 228 73 228 small-vehicle 0.1540
19 643 27 643 27 659 19 659 small-vehicle 0.1487
252 38 251 32 263 31 264 37 small-vehicle 0.1270
169 45 169 40 181 40 181 46 small-vehicle 0.1229
149 69 149 65 160 65 160 69 small-vehicle 0.1224
459 344 468 344 468 358 460 358 small-vehicle 0.1207
154 52 154 47 163 48 163 52 small-vehicle 0.1174
149 55 149 50 159 50 159 55 small-vehicle 0.1102
149 62 149 58 158 58 159 62 small-vehicle 0.1078
321 182 319 172 340 168 342 178 small-vehicle 0.1059
314 241 334 239 338 283 317 285 tennis-court 0.8206
372 235 392 234 394 279 374 280 tennis-court 0.8110
401 233 423 231 426 277 404 278 tennis-court 0.7791
291 337 311 335 314 379 294 380 tennis-court 0.7782
285 244 306 243 308 286 288 287 tennis-court 0.7609
343 237 364 236 365 280 345 281 tennis-court 0.7433
318 332 338 332 339 377 319 378 tennis-court 0.4725
314 241 334 239 338 283 318 284 basketball-court 0.1218
320 718 266 511 547 438 601 645 soccer-ball-field 0.4840
466 672 586 620 676 831 555 882 soccer-ball-field 0.3776
264 463 337 436 364 509 292 536 roundabout 0.1210
