119 73 129 75 126 96 116 95 small-vehicle 0.2331
667 274 677 281 663 299 654 293 small-vehicle 0.1011
294 144 302 143 302 164 295 164 large-vehicle 0.1726
401 294 441 296 436 378 397 376 tennis-court 0.9705
194 283 236 284 235 368 192 368 tennis-court 0.9660
465 112 507 111 510 199 467 200 tennis-court 0.9614
533 112 578 111 579 200 534 201 tennis-court 0.9614
328 111 371 110 373 197 330 198 tennis-court 0.9600
263 285 304 286 301 372 260 371 tennis-court 0.9560
398 112 439 111 440 198 399 199 tennis-court 0.9557
333 288 374 291 369 377 328 375 tennis-court 0.9550
220 578 170 456 400 361 450 483 soccer-ball-field 0.1130
