523 49 532 46 541 69 531 73 small-vehicle 0.4539
551 207 548 197 568 191 571 201 small-vehicle 0.4486
496 362 506 358 515 378 505 382 small-vehicle 0.4465
186 510 191 499 216 509 212 521 small-vehicle 0.4440
495 59 505 57 510 76 501 78 small-vehicle 0.3949
671 322 669 314 688 309 690 318 small-vehicle 0.3924
652 346 650 336 670 332 672 342 small-vehicle 0.3917
662 287 660 278 679 273 681 282 small-vehicle 0.3840
649 333 647 323 667 319 669 328 small-vehicle 0.3696
548 177 545 169 562 163 565 170 small-vehicle 0.3599
579 250 576 238 599 233 602 244 small-vehicle 0.3576
560 220 556 209 579 202 582 213 small-vehicle 0.3460
27 185 35 183 39 204 31 205 small-vehicle 0.3325
79 166 88 163 94 185 85 188 small-vehicle 0.3309
548 386 546 375 569 370 572 380 small-vehicle 0.3278
680 361 678 353 697 348 699 356 small-vehicle 0.3246
559 64 570 62 575 84 565 87 small-vehicle 0.3186
561 427 557 416 579 409 582 420 small-vehicle 0.3157
551 398 548 388 572 381 575 392 small-vehicle 0.3098
47 201 56 199 61 217 52 219 small-vehicle 0.3097
675 340 673 331 690 328 692 336 small-vehicle 0.3092
55 196 64 194 68 213 60 215 small-vehicle 0.3073
16 187 23 185 26 203 19 204 small-vehicle 0.3044
653 258 650 250 667 243 671 252 small-vehicle 0.3043
629 372 638 370 644 390 635 393 small-vehicle 0.2997
75 197 83 194 89 211 82 214 small-vehicle 0.2961
2 214 11 211 17 233 8 235 small-vehicle 0.2937
678 351 675 342 695 337 697 346 small-vehicle 0.2928
603 34 599 25 618 18 622 26 small-vehicle 0.2917
668 304 666 295 683 291 685 299 small-vehicle 0.2905
646 232 643 224 661 218 663 226 small-vehicle 0.2897
504 58 513 56 518 75 509 77 small-vehicle 0.2796
619 234 616 226 636 218 639 227 small-vehicle 0.2791
541 158 539 150 556 145 558 153 small-vehicle 0.2791
531 122 527 114 546 106 549 115 small-vehicle 0.2780
659 273 657 264 679 259 681 268 small-vehicle 0.2764
263 21 273 14 286 29 276 37 small-vehicle 0.2735
553 44 560 41 565 58 558 60 small-vehicle 0.2714
650 319 648 310 666 305 669 315 small-vehicle 0.2685
548 70 557 68 561 85 553 88 small-vehicle 0.2674
641 298 639 289 656 284 659 293 small-vehicle 0.2668
579 240 576 231 595 224 598 233 small-vehicle 0.2667
614 356 611 348 628 342 631 350 small-vehicle 0.2609
232 25 239 23 244 41 237 43 small-vehicle 0.2567
630 252 627 243 645 239 647 248 small-vehicle 0.2563
684 381 683 372 701 370 702 379 small-vehicle 0.2486
609 343 606 336 622 329 625 337 small-vehicle 0.2471
632 205 629 198 647 190 650 197 small-vehicle 0.2465
226 26 233 24 238 43 231 45 small-vehicle 0.2464
606 196 602 189 616 182 620 188 small-vehicle 0.2444
339 -3 348 -5 353 14 343 16 small-vehicle 0.2390
686 398 685 389 704 385 706 394 small-vehicle 0.2365
542 48 549 45 554 62 547 65 small-vehicle 0.2338
638 284 634 276 651 269 654 277 small-vehicle 0.2309
295 10 302 9 304 29 296 29 small-vehicle 0.2267
525 9 532 7 538 23 531 25 small-vehicle 0.2260
641 222 638 215 655 207 658 214 small-vehicle 0.2251
638 217 634 209 651 201 654 208 small-vehicle 0.2219
305 7 314 5 319 23 310 25 small-vehicle 0.2206
624 241 621 232 639 226 642 235 small-vehicle 0.2180
646 309 644 300 662 296 664 305 small-vehicle 0.2178
61 177 68 175 73 191 66 193 small-vehicle 0.2148
597 183 593 175 609 166 613 174 small-vehicle 0.2130
514 13 522 11 526 27 519 29 small-vehicle 0.2122
690 416 688 408 709 404 710 413 small-vehicle 0.2102
649 246 646 237 662 231 666 240 small-vehicle 0.2096
663 381 662 373 678 369 680 377 small-vehicle 0.2091
574 41 582 40 582 55 575 55 small-vehicle 0.2077
542 71 549 69 555 86 547 88 small-vehicle 0.2075
504 14 512 12 515 29 508 31 small-vehicle 0.2055
543 2 551 0 555 17 547 19 small-vehicle 0.2053
592 12 589 5 605 0 608 6 small-vehicle 0.2046
6 188 12 187 16 205 9 206 small-vehicle 0.2014
82 193 89 190 96 207 88 210 small-vehicle 0.1990
210 29 217 27 222 47 214 49 small-vehicle 0.1944
692 427 690 418 710 414 712 423 small-vehicle 0.1942
599 137 594 129 611 119 616 127 small-vehicle 0.1920
567 41 575 40 576 56 568 56 small-vehicle 0.1903
630 195 626 187 643 180 647 187 small-vehicle 0.1900
690 406 688 398 706 393 708 402 small-vehicle 0.1839
604 330 601 323 617 315 621 323 small-vehicle 0.1822
552 184 549 177 565 170 568 178 small-vehicle 0.1818
684 372 682 364 699 360 701 368 small-vehicle 0.1811
536 131 531 123 548 113 553 121 small-vehicle 0.1738
537 147 534 138 553 132 556 141 small-vehicle 0.1726
616 58 613 50 627 44 631 51 small-vehicle 0.1707
626 186 621 179 636 169 641 176 small-vehicle 0.1697
596 19 592 12 608 4 612 11 small-vehicle 0.1682
658 357 657 349 673 345 675 354 small-vehicle 0.1657
617 170 613 163 627 154 631 160 small-vehicle 0.1626
619 68 616 60 632 54 635 62 small-vehicle 0.1624
532 5 539 3 543 18 536 20 small-vehicle 0.1573
633 105 631 94 652 92 654 102 small-vehicle 0.1551
596 129 592 122 609 112 613 120 small-vehicle 0.1548
660 366 659 359 674 356 675 363 small-vehicle 0.1504
573 282 569 268 604 259 608 273 small-vehicle 0.1496
521 13 527 11 532 25 525 27 small-vehicle 0.1496
605 149 601 142 616 133 621 140 small-vehicle 0.1494
66 197 74 195 77 212 69 213 small-vehicle 0.1489
635 272 633 264 650 259 652 267 small-vehicle 0.1488
503 339 514 334 526 361 514 366 small-vehicle 0.1467
695 243 694 234 711 232 712 241 small-vehicle 0.1467
243 23 251 22 253 40 246 41 small-vehicle 0.1459
609 44 606 37 621 30 624 37 small-vehicle 0.1438
621 179 617 172 631 162 636 169 small-vehicle 0.1411
326 -7 337 -7 338 18 327 19 small-vehicle 0.1396
611 159 606 152 621 142 625 149 small-vehicle 0.1394
695 445 693 435 713 431 714 441 small-vehicle 0.1377
351 -2 359 -4 363 11 355 13 small-vehicle 0.1332
561 40 568 39 570 53 562 54 small-vehicle 0.1317
494 23 499 17 512 27 507 33 small-vehicle 0.1237
607 412 618 409 625 432 614 435 small-vehicle 0.1223
694 230 691 220 712 215 715 225 small-vehicle 0.1216
95 190 104 188 107 206 98 208 small-vehicle 0.1176
673 333 671 324 691 320 693 329 small-vehicle 0.1172
696 463 693 454 712 448 714 458 small-vehicle 0.1144
552 193 549 185 567 181 569 189 small-vehicle 0.1133
658 146 655 138 672 132 674 140 small-vehicle 0.1108
634 263 632 254 648 250 650 258 small-vehicle 0.1078
515 441 511 432 539 422 542 431 small-vehicle 0.1043
72 170 81 168 85 186 77 188 small-vehicle 0.1029
674 451 671 442 690 437 692 446 small-vehicle 0.1004
547 135 544 126 562 120 565 129 small-vehicle 0.1001
464 518 460 506 506 491 510 503 large-vehicle 0.3076
474 332 489 328 500 368 485 372 large-vehicle 0.2618
527 488 523 474 573 461 577 474 large-vehicle 0.1788
459 502 457 492 485 486 487 496 large-vehicle 0.1378
576 380 593 375 612 440 595 445 large-vehicle 0.1300
186 510 191 499 216 509 212 521 large-vehicle 0.1259
515 441 511 432 539 422 542 431 large-vehicle 0.1234
502 340 513 335 527 367 516 372 large-vehicle 0.1068
204 117 240 107 260 186 223 195 tennis-court 0.8836
296 251 332 241 353 322 316 331 tennis-court 0.8806
384 66 419 57 439 137 404 146 tennis-court 0.8768
253 103 291 91 316 171 278 183 tennis-court 0.8578
150 129 187 119 207 200 171 209 tennis-court 0.8508
189 279 226 269 249 348 212 359 tennis-court 0.8481
435 55 472 45 494 123 457 133 tennis-court 0.8057
327 78 368 68 389 153 348 163 tennis-court 0.7916
242 266 278 256 301 334 266 344 tennis-court 0.7763
