394 355 405 351 417 383 407 387 bridge 0.1242
540 562 549 558 559 577 550 581 small-vehicle 0.3733
422 611 430 606 443 626 435 631 small-vehicle 0.3358
410 620 418 616 426 634 418 637 small-vehicle 0.3171
480 660 477 650 496 644 499 654 small-vehicle 0.2820
515 571 523 568 531 585 523 589 small-vehicle 0.2803
388 626 396 623 404 641 395 645 small-vehicle 0.2767
295 737 296 726 315 726 315 737 small-vehicle 0.2639
326 742 322 735 337 726 341 734 small-vehicle 0.2567
555 556 562 553 570 569 563 573 small-vehicle 0.2380
332 758 329 750 345 744 348 752 small-vehicle 0.2371
312 768 310 759 326 754 329 762 small-vehicle 0.2367
525 568 533 565 540 583 532 586 small-vehicle 0.2359
374 633 382 630 389 647 381 651 small-vehicle 0.2180
264 720 269 712 284 721 280 729 small-vehicle 0.2174
568 550 575 547 582 564 575 567 small-vehicle 0.2156
368 638 375 634 383 651 375 654 small-vehicle 0.2148
328 654 337 651 344 670 335 673 small-vehicle 0.2139
591 543 599 541 605 557 597 560 small-vehicle 0.2136
613 532 620 528 629 545 622 549 small-vehicle 0.2110
418 683 414 675 430 667 434 675 small-vehicle 0.2106
500 581 507 578 514 595 507 598 small-vehicle 0.2105
437 673 434 665 450 658 454 666 small-vehicle 0.2035
468 594 475 591 482 608 475 611 small-vehicle 0.2020
455 599 462 596 470 613 463 616 small-vehicle 0.2009
347 645 355 641 362 659 355 662 small-vehicle 0.1987
320 786 317 777 334 772 337 781 small-vehicle 0.1964
248 772 245 763 261 758 264 766 small-vehicle 0.1964
321 735 316 727 332 718 336 725 small-vehicle 0.1959
322 795 320 785 339 783 341 793 small-vehicle 0.1950
492 583 499 580 507 597 500 600 small-vehicle 0.1927
355 643 363 639 371 657 362 660 small-vehicle 0.1903
479 589 486 585 494 602 487 605 small-vehicle 0.1901
494 686 490 678 506 671 510 678 small-vehicle 0.1875
191 749 194 740 210 745 207 754 small-vehicle 0.1870
681 690 691 689 695 712 686 714 small-vehicle 0.1862
379 714 376 703 397 698 400 710 small-vehicle 0.1855
677 777 688 771 698 790 687 796 small-vehicle 0.1848
576 548 584 545 590 563 582 565 small-vehicle 0.1827
383 771 379 764 395 757 399 764 small-vehicle 0.1759
461 596 468 593 476 609 469 613 small-vehicle 0.1751
443 684 439 676 457 669 460 677 small-vehicle 0.1743
638 685 634 676 650 669 654 678 small-vehicle 0.1741
502 709 499 701 514 695 518 703 small-vehicle 0.1729
346 797 343 787 363 782 366 792 small-vehicle 0.1722
562 631 564 618 587 621 585 634 small-vehicle 0.1704
436 605 444 602 452 619 445 623 small-vehicle 0.1703
399 758 396 749 413 742 416 751 small-vehicle 0.1703
425 698 422 690 438 683 441 691 small-vehicle 0.1683
286 670 294 667 301 685 294 688 small-vehicle 0.1676
473 758 470 751 486 744 489 751 small-vehicle 0.1605
336 650 344 646 352 664 345 668 small-vehicle 0.1601
665 564 662 556 677 550 680 557 small-vehicle 0.1596
404 622 412 619 419 636 411 639 small-vehicle 0.1593
195 706 204 703 213 722 204 726 small-vehicle 0.1589
598 539 605 535 613 552 606 555 small-vehicle 0.1589
304 663 312 660 319 677 312 680 small-vehicle 0.1559
513 729 509 721 524 713 528 721 small-vehicle 0.1552
646 646 643 639 658 630 662 637 small-vehicle 0.1541
443 602 450 598 458 615 451 619 small-vehicle 0.1537
508 666 504 659 520 651 524 658 small-vehicle 0.1522
363 727 361 718 377 715 379 723 small-vehicle 0.1500
562 554 569 551 576 567 569 571 small-vehicle 0.1497
639 629 635 622 650 613 654 620 small-vehicle 0.1495
376 754 372 746 387 739 391 746 small-vehicle 0.1489
626 774 622 766 638 758 642 766 small-vehicle 0.1487
275 791 272 783 288 778 291 786 small-vehicle 0.1474
478 772 474 764 489 757 493 765 small-vehicle 0.1474
496 694 493 686 508 680 511 688 small-vehicle 0.1473
475 765 472 757 488 751 491 759 small-vehicle 0.1462
487 587 494 583 501 600 494 603 small-vehicle 0.1449
501 650 497 641 514 633 517 643 small-vehicle 0.1449
311 760 308 751 325 746 328 755 small-vehicle 0.1447
252 790 249 782 264 777 267 784 small-vehicle 0.1445
311 661 319 658 326 675 319 678 small-vehicle 0.1440
408 775 404 767 420 760 424 769 small-vehicle 0.1440
394 797 391 789 405 782 408 790 small-vehicle 0.1422
519 694 515 687 532 679 535 687 small-vehicle 0.1410
651 658 648 651 663 643 667 650 small-vehicle 0.1384
657 547 654 540 670 532 674 539 small-vehicle 0.1379
633 616 628 608 644 600 648 607 small-vehicle 0.1376
588 684 584 675 601 669 604 678 small-vehicle 0.1364
668 570 665 563 680 555 684 563 small-vehicle 0.1357
328 750 324 742 340 736 343 744 small-vehicle 0.1347
569 693 566 685 582 677 586 685 small-vehicle 0.1344
633 791 629 783 645 775 649 783 small-vehicle 0.1341
572 649 568 639 590 631 593 641 small-vehicle 0.1332
255 755 254 745 274 744 274 754 small-vehicle 0.1306
448 703 445 695 462 689 465 697 small-vehicle 0.1299
412 788 410 781 426 777 428 785 small-vehicle 0.1298
180 769 187 767 194 784 187 786 small-vehicle 0.1294
314 726 311 716 329 711 331 721 small-vehicle 0.1291
188 768 194 765 200 782 194 784 small-vehicle 0.1273
526 710 522 702 538 695 542 703 small-vehicle 0.1269
656 667 652 659 667 652 671 659 small-vehicle 0.1268
546 646 544 634 567 631 568 643 small-vehicle 0.1265
662 554 658 548 673 539 676 546 small-vehicle 0.1247
606 606 604 597 620 593 622 602 small-vehicle 0.1241
674 585 672 577 688 571 691 579 small-vehicle 0.1239
166 775 172 771 182 788 175 792 small-vehicle 0.1214
270 778 267 770 282 763 285 771 small-vehicle 0.1203
631 525 638 522 646 539 640 542 small-vehicle 0.1202
368 736 365 727 381 721 384 730 small-vehicle 0.1200
184 712 193 708 201 729 192 732 small-vehicle 0.1197
384 727 382 717 402 712 404 723 small-vehicle 0.1194
634 676 631 668 646 661 650 669 small-vehicle 0.1190
626 658 624 650 639 645 642 653 small-vehicle 0.1186
488 671 484 663 500 656 504 664 small-vehicle 0.1172
459 782 456 775 470 768 473 776 small-vehicle 0.1165
430 722 429 712 447 712 447 722 small-vehicle 0.1163
211 635 209 626 225 624 226 633 small-vehicle 0.1160
469 747 465 740 480 732 484 739 small-vehicle 0.1152
298 667 305 664 312 681 305 684 small-vehicle 0.1152
452 715 448 707 464 700 468 708 small-vehicle 0.1137
605 536 612 533 620 550 613 553 small-vehicle 0.1136
463 790 460 782 475 777 478 785 small-vehicle 0.1129
533 783 530 775 545 769 548 777 small-vehicle 0.1118
509 722 505 715 519 707 523 714 small-vehicle 0.1107
491 679 487 672 502 664 506 671 small-vehicle 0.1101
337 768 334 760 350 754 353 763 small-vehicle 0.1101
545 758 541 750 557 743 561 751 small-vehicle 0.1096
556 667 552 659 570 651 574 660 small-vehicle 0.1076
254 798 252 789 270 785 271 795 small-vehicle 0.1074
486 790 482 783 498 775 502 782 small-vehicle 0.1070
291 627 288 619 308 610 312 618 small-vehicle 0.1045
643 635 640 629 654 620 658 627 small-vehicle 0.1038
409 782 406 774 421 768 424 776 small-vehicle 0.1029
394 746 391 738 407 732 410 740 small-vehicle 0.1028
89 771 98 768 106 786 98 790 small-vehicle 0.1027
634 799 633 790 651 787 652 797 small-vehicle 0.1025
613 738 608 731 624 720 629 727 small-vehicle 0.1022
193 764 200 762 205 782 198 784 large-vehicle 0.1015
681 690 691 689 695 712 686 714 ship 0.1318
251 295 286 281 317 357 283 371 tennis-court 0.9758
301 275 335 259 370 334 335 349 tennis-court 0.9727
254 478 289 463 322 540 286 555 tennis-court 0.9717
365 247 400 232 432 308 398 323 tennis-court 0.9697
432 403 467 389 498 465 463 479 tennis-court 0.9651
415 226 451 210 485 285 449 301 tennis-court 0.9523
316 452 351 437 383 514 348 529 tennis-court 0.9513
367 430 404 414 438 492 402 508 tennis-court 0.9505
185 323 220 306 257 383 221 400 tennis-court 0.9493
483 381 519 366 552 442 517 458 tennis-court 0.9472
135 344 170 328 203 406 168 421 tennis-court 0.9411
72 369 109 354 140 432 103 447 tennis-court 0.9380
198 502 234 485 271 559 236 577 tennis-court 0.9349
22 390 59 376 89 455 53 469 tennis-court 0.9340
28 52 19 34 57 17 66 36 swimming-pool 0.4188
130 17 120 2 145 -13 154 0 swimming-pool 0.1643
