460 440 462 422 504 425 503 443 small-vehicle 0.4577
777 1036 778 1017 828 1020 827 1039 small-vehicle 0.4139
774 1078 776 1058 825 1062 823 1083 small-vehicle 0.4118
842 974 836 956 879 941 885 958 small-vehicle 0.3587
791 949 791 932 828 932 828 949 small-vehicle 0.3095
787 908 787 893 826 894 826 909 small-vehicle 0.3020
843 920 836 906 868 890 875 904 small-vehicle 0.2967
627 1122 627 1097 707 1100 707 1124 small-vehicle 0.2813
774 1011 776 993 819 997 817 1015 small-vehicle 0.2777
780 991 780 975 820 977 819 993 small-vehicle 0.2761
552 929 569 931 566 971 548 970 small-vehicle 0.2475
148 1246 148 1224 195 1223 196 1245 small-vehicle 0.2442
782 374 781 357 823 354 824 372 small-vehicle 0.2298
542 1145 543 1123 604 1127 602 1149 small-vehicle 0.2285
149 632 153 612 198 620 194 641 small-vehicle 0.2258
787 928 787 913 825 912 825 927 small-vehicle 0.2247
814 547 814 531 858 532 858 548 small-vehicle 0.2085
636 1070 636 1045 703 1045 703 1070 small-vehicle 0.2016
644 1044 643 1022 700 1020 701 1042 small-vehicle 0.1991
469 713 470 691 524 691 524 713 small-vehicle 0.1900
108 826 109 802 182 805 182 828 small-vehicle 0.1807
538 1117 540 1094 608 1098 606 1121 small-vehicle 0.1740
466 485 467 469 500 471 499 486 small-vehicle 0.1660
818 584 819 564 869 566 868 586 small-vehicle 0.1633
117 439 120 416 186 424 184 447 small-vehicle 0.1598
119 853 120 832 202 833 202 855 small-vehicle 0.1554
771 1130 771 1109 825 1109 825 1130 small-vehicle 0.1484
321 128 340 130 337 175 317 174 small-vehicle 0.1396
124 375 127 350 202 359 198 385 small-vehicle 0.1379
283 639 292 621 343 647 333 665 small-vehicle 0.1315
328 936 342 946 317 984 303 974 small-vehicle 0.1297
767 1104 768 1083 820 1085 819 1106 small-vehicle 0.1275
136 600 140 579 185 588 180 609 small-vehicle 0.1263
544 1092 546 1067 617 1072 615 1097 small-vehicle 0.1240
831 398 830 378 901 374 902 394 small-vehicle 0.1212
771 1058 774 1038 823 1044 820 1063 small-vehicle 0.1208
552 1039 555 1016 633 1026 630 1050 small-vehicle 0.1171
414 1286 427 1286 427 1308 414 1308 small-vehicle 0.1165
572 991 572 971 650 974 649 994 small-vehicle 0.1132
439 739 440 716 520 717 519 740 small-vehicle 0.1128
128 471 130 450 185 454 183 475 small-vehicle 0.1127
512 931 529 933 526 964 509 963 small-vehicle 0.1104
433 841 432 817 520 816 520 840 small-vehicle 0.1094
791 886 789 871 822 868 824 883 small-vehicle 0.1094
462 768 464 749 518 753 517 773 small-vehicle 0.1055
143 307 143 281 218 279 219 304 small-vehicle 0.1055
348 946 365 956 345 992 327 983 small-vehicle 0.1053
788 964 789 949 821 952 820 967 small-vehicle 0.1041
97 733 97 713 159 713 159 733 small-vehicle 0.1039
105 761 105 739 170 739 170 761 small-vehicle 0.1007
553 1040 555 1017 633 1025 631 1049 large-vehicle 0.6456
548 1092 548 1070 618 1072 617 1094 large-vehicle 0.6170
542 1146 543 1123 603 1126 602 1149 large-vehicle 0.5263
541 1116 543 1094 607 1099 606 1121 large-vehicle 0.5212
576 966 576 943 668 945 667 968 large-vehicle 0.5184
439 739 440 716 520 717 519 740 large-vehicle 0.4943
644 1044 643 1022 700 1020 701 1042 large-vehicle 0.4707
584 935 585 912 669 916 668 940 large-vehicle 0.4707
638 1069 638 1046 702 1045 702 1068 large-vehicle 0.4590
435 809 433 788 522 783 523 804 large-vehicle 0.4542
571 1016 571 994 663 995 662 1016 large-vehicle 0.4470
573 991 574 972 653 973 653 992 large-vehicle 0.4380
299 404 308 381 388 409 380 433 large-vehicle 0.4301
452 610 453 588 535 590 535 612 large-vehicle 0.4288
117 439 120 416 186 424 184 447 large-vehicle 0.4059
309 377 317 354 394 382 386 404 large-vehicle 0.4015
105 761 105 739 170 739 170 761 large-vehicle 0.4009
469 713 470 691 524 691 524 713 large-vehicle 0.3826
279 668 290 650 358 691 347 709 large-vehicle 0.3589
462 768 464 749 518 753 517 773 large-vehicle 0.3587
433 841 433 817 519 816 520 840 large-vehicle 0.3349
627 1122 627 1097 707 1100 707 1124 large-vehicle 0.3309
100 732 100 712 158 714 157 734 large-vehicle 0.3181
267 698 280 677 353 722 340 742 large-vehicle 0.3119
311 472 320 452 382 478 374 498 large-vehicle 0.2955
110 852 111 831 201 834 200 855 large-vehicle 0.2845
128 471 130 450 185 454 183 475 large-vehicle 0.2774
400 140 423 140 423 223 399 223 large-vehicle 0.2724
166 881 184 896 126 965 108 951 large-vehicle 0.2629
550 1066 552 1045 623 1052 621 1073 large-vehicle 0.2551
295 559 305 539 387 581 377 601 large-vehicle 0.2509
275 597 286 578 365 624 354 643 large-vehicle 0.2502
109 826 109 803 182 805 182 828 large-vehicle 0.2471
109 792 108 767 193 765 194 789 large-vehicle 0.2445
118 688 122 669 178 678 175 697 large-vehicle 0.2370
286 898 303 911 246 984 229 970 large-vehicle 0.2324
143 307 143 281 218 279 219 304 large-vehicle 0.2279
685 217 687 188 888 203 886 231 large-vehicle 0.2147
125 500 127 481 183 487 181 505 large-vehicle 0.2116
477 502 500 503 498 576 475 576 large-vehicle 0.2099
302 502 313 485 377 525 366 542 large-vehicle 0.2087
126 535 129 515 195 525 192 545 large-vehicle 0.2032
309 916 325 926 289 982 273 972 large-vehicle 0.1829
831 398 830 378 901 374 902 394 large-vehicle 0.1633
283 639 292 621 343 647 333 665 large-vehicle 0.1628
328 936 342 946 317 984 303 974 large-vehicle 0.1621
114 375 117 349 201 358 198 385 large-vehicle 0.1560
843 974 837 956 881 941 887 959 large-vehicle 0.1464
345 133 367 135 363 187 341 185 large-vehicle 0.1421
774 1078 776 1058 825 1062 823 1083 large-vehicle 0.1350
818 584 819 564 869 566 868 586 large-vehicle 0.1315
460 440 462 422 504 425 503 443 large-vehicle 0.1234
187 893 202 903 163 965 148 955 large-vehicle 0.1226
149 632 153 612 198 620 194 641 large-vehicle 0.1140
552 929 569 931 566 971 548 970 large-vehicle 0.1087
321 128 340 130 337 175 317 174 large-vehicle 0.1068
777 1036 778 1017 828 1020 827 1039 large-vehicle 0.1062
348 946 364 956 342 993 326 983 large-vehicle 0.1016
627 1122 627 1097 707 1100 707 1124 ship 0.3127
108 826 109 802 182 805 182 828 ship 0.3071
321 128 340 130 337 175 317 174 ship 0.3033
433 841 432 817 520 816 520 840 ship 0.2898
143 307 143 281 218 279 219 304 ship 0.2175
345 133 367 135 363 187 341 185 ship 0.2059
110 853 111 830 201 833 200 856 ship 0.1762
108 791 107 767 194 765 195 790 ship 0.1729
400 141 424 141 422 224 398 223 ship 0.1344
144 1135 164 1137 158 1198 138 1196 ship 0.1290
326 935 341 944 318 985 303 977 ship 0.1277
541 1116 543 1094 607 1099 606 1121 ship 0.1194
348 944 366 954 345 992 328 982 ship 0.1191
309 377 317 354 394 382 386 404 ship 0.1172
100 732 100 712 158 714 157 734 ship 0.1107
117 439 120 416 186 424 184 447 ship 0.1104
277 669 289 649 360 690 349 710 ship 0.1093
542 1146 543 1123 603 1126 602 1149 ship 0.1078
400 140 423 140 423 224 399 224 harbor 0.1458
347 132 368 134 364 188 342 186 harbor 0.1342
144 1135 164 1137 158 1198 138 1196 harbor 0.1179
400 141 424 141 422 224 398 223 helicopter 0.1343
321 128 340 130 337 175 317 174 helicopter 0.1069
