61 639 75 624 137 684 123 699 small-vehicle 0.1872
363 669 377 656 431 715 417 728 small-vehicle 0.1782
286 843 299 828 365 886 352 901 small-vehicle 0.1772
271 1257 284 1245 335 1301 321 1313 small-vehicle 0.1763
59 386 74 371 147 445 132 460 small-vehicle 0.1760
497 1099 483 1085 549 1023 562 1037 small-vehicle 0.1644
288 671 302 656 359 708 345 723 small-vehicle 0.1616
276 982 290 967 362 1035 348 1050 small-vehicle 0.1538
288 631 301 616 358 668 344 683 small-vehicle 0.1532
492 985 498 965 581 991 575 1010 small-vehicle 0.1529
58 711 71 697 136 761 122 775 small-vehicle 0.1495
289 886 303 870 361 920 347 936 small-vehicle 0.1481
134 899 147 885 213 949 199 963 small-vehicle 0.1476
43 1585 56 1572 120 1637 107 1650 small-vehicle 0.1466
58 493 71 477 138 533 124 549 small-vehicle 0.1436
350 1121 365 1108 422 1174 407 1187 small-vehicle 0.1431
134 712 149 698 215 766 201 780 small-vehicle 0.1420
137 464 151 448 214 508 200 523 small-vehicle 0.1406
131 602 145 588 214 655 200 669 small-vehicle 0.1382
349 730 363 716 423 776 409 790 small-vehicle 0.1379
133 788 148 773 204 829 190 843 small-vehicle 0.1373
131 382 146 368 213 439 198 453 small-vehicle 0.1373
49 746 63 730 129 789 115 805 small-vehicle 0.1355
60 532 72 518 134 573 122 587 small-vehicle 0.1348
491 1423 491 1402 578 1402 578 1422 small-vehicle 0.1345
288 924 301 909 357 960 344 975 small-vehicle 0.1340
61 827 75 813 137 873 124 887 small-vehicle 0.1339
354 840 367 826 427 884 414 897 small-vehicle 0.1339
345 1335 358 1321 426 1388 413 1402 small-vehicle 0.1330
289 714 302 699 359 748 345 763 small-vehicle 0.1326
44 1634 58 1620 117 1679 103 1693 small-vehicle 0.1321
59 785 72 770 133 826 120 840 small-vehicle 0.1314
359 1063 374 1050 426 1105 412 1119 small-vehicle 0.1308
377 401 390 387 446 442 433 455 small-vehicle 0.1304
62 866 76 853 129 910 115 923 small-vehicle 0.1297
288 348 301 333 368 389 355 404 small-vehicle 0.1292
287 526 301 511 360 565 346 580 small-vehicle 0.1255
53 566 66 551 132 613 118 627 small-vehicle 0.1249
285 779 299 764 357 820 343 834 small-vehicle 0.1228
521 1617 507 1603 559 1553 573 1567 small-vehicle 0.1225
55 438 69 424 133 485 120 499 small-vehicle 0.1203
502 740 488 725 551 668 565 683 small-vehicle 0.1198
358 597 372 584 426 640 412 653 small-vehicle 0.1187
495 1419 481 1403 549 1347 563 1363 small-vehicle 0.1183
48 1176 63 1162 126 1228 111 1242 small-vehicle 0.1180
291 490 304 475 361 528 348 542 small-vehicle 0.1179
290 572 303 558 362 612 349 626 small-vehicle 0.1174
288 271 303 256 375 325 360 340 small-vehicle 0.1167
495 1596 482 1581 544 1524 557 1538 small-vehicle 0.1167
46 1249 58 1236 125 1297 113 1311 small-vehicle 0.1158
479 1326 477 1305 565 1296 567 1317 small-vehicle 0.1135
496 329 506 312 578 354 568 372 small-vehicle 0.1131
45 1504 58 1490 126 1554 113 1568 small-vehicle 0.1125
49 917 64 902 127 963 112 978 small-vehicle 0.1116
109 1647 123 1635 182 1701 168 1713 small-vehicle 0.1114
361 703 374 689 427 740 414 754 small-vehicle 0.1113
500 603 486 589 548 529 562 543 small-vehicle 0.1108
121 1197 135 1184 196 1245 182 1258 small-vehicle 0.1104
127 1599 140 1587 195 1647 182 1659 small-vehicle 0.1100
103 943 118 932 151 977 137 988 small-vehicle 0.1095
54 1135 66 1121 130 1178 117 1192 small-vehicle 0.1093
346 768 360 754 422 814 408 828 small-vehicle 0.1090
560 837 574 851 513 913 499 899 small-vehicle 0.1084
290 387 303 373 369 434 356 448 small-vehicle 0.1080
515 1232 501 1216 565 1159 579 1175 small-vehicle 0.1077
517 302 502 286 569 226 584 243 small-vehicle 0.1070
346 1420 360 1405 424 1467 409 1482 small-vehicle 0.1068
39 1301 52 1286 115 1339 103 1354 small-vehicle 0.1042
60 675 73 660 134 712 120 728 small-vehicle 0.1039
514 695 501 680 566 623 579 638 small-vehicle 0.1034
278 732 291 718 349 769 337 783 small-vehicle 0.1033
489 383 493 364 584 380 580 399 small-vehicle 0.1017
46 1347 59 1334 126 1398 114 1412 small-vehicle 0.1015
54 805 65 790 128 840 116 854 small-vehicle 0.1008
119 1432 132 1418 196 1482 183 1495 small-vehicle 0.1005
275 1098 288 1082 356 1137 343 1153 small-vehicle 0.1005
524 263 509 247 577 184 592 200 small-vehicle 0.1002
359 557 373 544 430 604 416 617 small-vehicle 0.1001
354 840 367 826 427 884 414 897 large-vehicle 0.4625
359 1063 374 1050 426 1105 412 1119 large-vehicle 0.4503
274 1165 287 1150 347 1204 334 1219 large-vehicle 0.4499
61 639 75 624 137 684 123 699 large-vehicle 0.4438
377 401 390 387 446 442 433 455 large-vehicle 0.4374
346 1420 360 1405 424 1467 409 1482 large-vehicle 0.4352
288 924 301 909 357 960 344 975 large-vehicle 0.4282
497 1099 483 1085 549 1023 562 1037 large-vehicle 0.4143
560 837 574 851 513 913 499 899 large-vehicle 0.4142
491 1423 491 1402 578 1402 578 1422 large-vehicle 0.4130
60 532 72 518 134 573 122 587 large-vehicle 0.4112
129 524 142 512 197 571 184 583 large-vehicle 0.4097
517 475 503 460 566 400 581 415 large-vehicle 0.4026
492 985 498 965 581 991 575 1010 large-vehicle 0.4021
62 866 76 853 129 910 115 923 large-vehicle 0.4010
271 1337 285 1322 358 1389 344 1404 large-vehicle 0.3990
366 503 378 490 432 543 419 556 large-vehicle 0.3935
129 638 142 624 205 683 191 697 large-vehicle 0.3928
53 566 66 551 132 613 118 627 large-vehicle 0.3923
350 1121 365 1108 422 1174 407 1187 large-vehicle 0.3905
286 843 299 828 365 886 352 901 large-vehicle 0.3900
282 772 296 757 358 812 344 828 large-vehicle 0.3891
286 992 300 978 363 1036 349 1051 large-vehicle 0.3851
516 688 502 674 565 614 579 628 large-vehicle 0.3830
47 1125 60 1111 125 1169 112 1184 large-vehicle 0.3828
130 828 144 813 200 867 186 881 large-vehicle 0.3797
356 1348 369 1334 426 1390 413 1403 large-vehicle 0.3795
131 382 146 368 213 439 198 453 large-vehicle 0.3786
69 397 82 384 143 445 130 459 large-vehicle 0.3780
479 1326 477 1305 565 1296 567 1317 large-vehicle 0.3772
524 263 509 247 577 184 592 200 large-vehicle 0.3769
515 798 502 782 569 728 582 744 large-vehicle 0.3764
271 1260 285 1246 364 1327 350 1341 large-vehicle 0.3746
143 469 156 456 218 516 204 530 large-vehicle 0.3711
363 669 377 656 431 715 417 728 large-vehicle 0.3705
288 271 303 256 375 325 360 340 large-vehicle 0.3691
136 909 150 895 209 954 196 968 large-vehicle 0.3688
46 1361 59 1348 124 1409 111 1423 large-vehicle 0.3661
346 768 360 754 422 814 408 828 large-vehicle 0.3607
121 1596 134 1584 191 1650 177 1661 large-vehicle 0.3607
58 711 71 697 136 761 122 775 large-vehicle 0.3599
133 788 148 773 204 829 190 843 large-vehicle 0.3599
49 922 63 908 129 974 115 988 large-vehicle 0.3598
505 320 522 310 564 381 547 390 large-vehicle 0.3585
46 1249 58 1236 125 1297 113 1311 large-vehicle 0.3582
290 387 303 373 369 434 356 448 large-vehicle 0.3529
43 1585 56 1572 120 1637 107 1650 large-vehicle 0.3501
34 1667 49 1652 117 1726 102 1740 large-vehicle 0.3495
48 1176 63 1162 126 1228 111 1242 large-vehicle 0.3481
489 383 493 364 584 380 580 399 large-vehicle 0.3472
135 609 148 596 211 658 198 672 large-vehicle 0.3450
515 1232 501 1216 565 1159 579 1175 large-vehicle 0.3449
55 438 69 424 133 485 120 499 large-vehicle 0.3433
511 450 498 436 561 377 574 391 large-vehicle 0.3423
289 886 303 870 361 920 347 936 large-vehicle 0.3415
116 1656 130 1644 188 1707 174 1719 large-vehicle 0.3409
285 518 298 503 359 557 345 572 large-vehicle 0.3377
287 417 300 403 365 463 352 477 large-vehicle 0.3374
290 572 303 558 362 612 349 626 large-vehicle 0.3370
47 1024 59 1010 126 1068 114 1082 large-vehicle 0.3351
117 1287 130 1273 192 1336 178 1350 large-vehicle 0.3340
288 631 301 616 358 668 344 683 large-vehicle 0.3326
358 597 372 584 426 640 412 653 large-vehicle 0.3323
121 1357 135 1345 189 1410 175 1421 large-vehicle 0.3320
500 603 486 589 548 529 562 543 large-vehicle 0.3313
515 939 502 924 569 871 582 886 large-vehicle 0.3310
495 1596 482 1581 544 1524 557 1538 large-vehicle 0.3298
47 1084 59 1069 125 1125 113 1140 large-vehicle 0.3293
512 660 499 646 559 589 572 603 large-vehicle 0.3281
115 1527 128 1514 188 1576 175 1589 large-vehicle 0.3274
47 984 60 970 125 1027 113 1042 large-vehicle 0.3258
46 1054 58 1040 125 1095 113 1109 large-vehicle 0.3218
133 1005 146 993 201 1055 187 1067 large-vehicle 0.3211
46 1297 59 1282 123 1337 110 1352 large-vehicle 0.3201
358 1390 371 1377 430 1434 417 1448 large-vehicle 0.3200
45 1504 58 1490 126 1554 113 1568 large-vehicle 0.3191
142 722 155 708 216 765 203 779 large-vehicle 0.3180
127 1207 140 1194 201 1249 188 1263 large-vehicle 0.3167
288 671 302 656 359 708 345 723 large-vehicle 0.3164
547 1062 561 1075 502 1136 489 1123 large-vehicle 0.3119
132 928 145 914 202 968 189 982 large-vehicle 0.3115
49 1642 63 1628 120 1686 106 1700 large-vehicle 0.3115
46 1339 59 1324 124 1381 111 1396 large-vehicle 0.3114
119 1432 132 1418 196 1482 183 1495 large-vehicle 0.3111
507 1162 493 1147 552 1092 566 1106 large-vehicle 0.3110
291 490 304 475 361 528 348 542 large-vehicle 0.3100
61 827 75 813 137 873 124 887 large-vehicle 0.3094
44 1415 56 1403 120 1465 107 1478 large-vehicle 0.3050
508 559 495 544 561 486 575 501 large-vehicle 0.3049
288 348 301 333 368 389 355 404 large-vehicle 0.3046
112 1707 126 1693 190 1758 176 1772 large-vehicle 0.3035
46 1460 59 1447 120 1507 107 1520 large-vehicle 0.3032
359 557 373 544 430 604 416 617 large-vehicle 0.3030
502 740 488 725 551 668 565 683 large-vehicle 0.3026
506 629 492 615 550 558 564 572 large-vehicle 0.3013
121 1121 135 1108 195 1173 182 1185 large-vehicle 0.3013
362 459 376 445 436 505 423 519 large-vehicle 0.3011
512 520 499 504 563 448 577 463 large-vehicle 0.3005
47 1532 60 1518 123 1578 110 1592 large-vehicle 0.3003
508 773 494 759 556 701 569 715 large-vehicle 0.2894
49 954 63 940 125 999 112 1013 large-vehicle 0.2876
132 1050 145 1037 203 1096 190 1109 large-vehicle 0.2870
521 1617 507 1603 559 1553 573 1567 large-vehicle 0.2869
286 1055 299 1040 359 1094 346 1109 large-vehicle 0.2846
59 497 73 482 142 546 129 561 large-vehicle 0.2846
495 1419 481 1403 549 1347 563 1363 large-vehicle 0.2845
117 1487 130 1474 192 1537 179 1550 large-vehicle 0.2784
360 742 373 728 428 782 415 796 large-vehicle 0.2766
517 302 502 286 569 226 584 243 large-vehicle 0.2764
134 747 147 733 205 787 192 801 large-vehicle 0.2763
277 1129 290 1114 353 1166 339 1182 large-vehicle 0.2701
121 1247 135 1234 197 1300 182 1313 large-vehicle 0.2688
46 1390 58 1377 121 1435 108 1449 large-vehicle 0.2653
549 1129 564 1143 504 1207 489 1193 large-vehicle 0.2641
43 1209 55 1194 121 1246 109 1261 large-vehicle 0.2638
291 461 304 447 362 500 349 514 large-vehicle 0.2630
286 1080 300 1065 360 1121 346 1135 large-vehicle 0.2613
131 1079 145 1066 200 1123 187 1136 large-vehicle 0.2595
363 529 377 516 430 570 417 584 large-vehicle 0.2595
275 1098 288 1082 356 1137 343 1153 large-vehicle 0.2577
288 599 301 584 361 637 348 652 large-vehicle 0.2561
136 982 150 969 203 1023 189 1036 large-vehicle 0.2539
365 432 378 418 437 473 424 487 large-vehicle 0.2521
63 683 77 668 139 727 125 742 large-vehicle 0.2501
62 765 76 751 135 811 121 825 large-vehicle 0.2492
361 703 374 689 427 740 414 754 large-vehicle 0.2469
131 416 145 401 204 458 190 473 large-vehicle 0.2459
122 1095 135 1082 195 1146 182 1159 large-vehicle 0.2430
289 714 302 699 359 748 345 763 large-vehicle 0.2395
135 955 149 941 203 992 190 1007 large-vehicle 0.2395
122 1404 136 1391 192 1452 178 1465 large-vehicle 0.2347
288 742 301 728 358 779 345 794 large-vehicle 0.2318
131 1181 144 1167 203 1223 190 1236 large-vehicle 0.2297
59 742 72 727 131 782 117 797 large-vehicle 0.2294
119 1463 132 1450 191 1507 179 1520 large-vehicle 0.2264
286 1029 300 1013 360 1066 346 1082 large-vehicle 0.2245
512 336 499 320 564 268 577 284 large-vehicle 0.2225
300 329 313 315 375 370 362 385 large-vehicle 0.2219
143 510 156 497 214 555 201 568 large-vehicle 0.2083
61 796 75 782 135 838 121 853 large-vehicle 0.2067
501 988 489 972 560 917 572 932 large-vehicle 0.2046
46 1561 59 1547 121 1605 108 1619 large-vehicle 0.2020
482 1341 487 1321 573 1341 569 1361 large-vehicle 0.2010
124 1221 138 1208 193 1268 179 1281 large-vehicle 0.1996
58 417 71 403 136 462 123 476 large-vehicle 0.1975
281 1306 293 1292 359 1350 347 1364 large-vehicle 0.1968
290 547 304 533 358 581 345 596 large-vehicle 0.1932
47 1619 61 1604 119 1660 105 1675 large-vehicle 0.1815
120 1690 134 1676 189 1729 175 1744 large-vehicle 0.1706
51 1155 65 1141 119 1191 106 1206 large-vehicle 0.1700
62 479 75 464 134 512 122 528 large-vehicle 0.1697
277 1530 284 1523 319 1558 312 1565 large-vehicle 0.1636
279 1514 286 1507 321 1541 314 1549 large-vehicle 0.1556
120 1632 134 1619 187 1675 174 1687 large-vehicle 0.1496
40 1270 52 1255 117 1311 105 1325 large-vehicle 0.1483
355 949 367 936 436 998 424 1012 large-vehicle 0.1458
277 1566 285 1560 319 1600 311 1607 large-vehicle 0.1393
278 1552 285 1545 321 1584 313 1591 large-vehicle 0.1321
43 1102 54 1088 114 1139 103 1153 large-vehicle 0.1291
296 310 307 293 376 340 365 356 large-vehicle 0.1277
275 1579 283 1574 302 1611 293 1615 large-vehicle 0.1040
52 1016 62 1000 139 1048 129 1064 large-vehicle 0.1002
492 985 498 965 581 991 575 1010 ship 0.1416
479 1326 477 1305 565 1296 567 1317 ship 0.1373
521 1617 507 1603 559 1553 573 1567 ship 0.1300
491 1423 491 1402 578 1402 578 1422 ship 0.1238
497 1099 483 1085 549 1023 562 1037 ship 0.1234
495 1596 482 1581 544 1524 557 1538 ship 0.1199
515 1232 501 1216 565 1159 579 1175 ship 0.1116
