1317 1377 1317 1360 1358 1358 1359 1376 small-vehicle 0.2516
1307 1492 1308 1470 1361 1472 1360 1493 small-vehicle 0.2251
1309 1351 1307 1332 1351 1328 1353 1347 small-vehicle 0.2205
239 639 228 626 264 595 275 608 small-vehicle 0.2048
619 1330 635 1343 580 1407 565 1393 small-vehicle 0.2034
1210 92 1210 74 1248 74 1248 92 small-vehicle 0.1924
1322 1414 1323 1398 1359 1401 1358 1417 small-vehicle 0.1897
352 829 369 839 326 916 309 907 small-vehicle 0.1843
300 822 294 804 367 781 373 800 small-vehicle 0.1798
240 944 227 929 287 876 300 891 small-vehicle 0.1749
538 1395 556 1403 521 1484 502 1476 small-vehicle 0.1735
977 1119 988 1102 1053 1143 1042 1160 small-vehicle 0.1733
297 706 310 692 371 748 358 762 small-vehicle 0.1715
312 1246 298 1231 360 1172 374 1186 small-vehicle 0.1710
1321 1400 1322 1384 1359 1386 1358 1402 small-vehicle 0.1703
238 801 256 793 289 868 271 876 small-vehicle 0.1666
1113 1106 1128 1119 1074 1177 1060 1163 small-vehicle 0.1650
535 1301 551 1314 504 1375 488 1362 small-vehicle 0.1644
569 1303 555 1289 617 1230 630 1244 small-vehicle 0.1627
323 898 343 895 357 985 337 988 small-vehicle 0.1621
235 789 225 773 295 728 306 745 small-vehicle 0.1614
235 715 223 698 291 654 303 671 small-vehicle 0.1611
498 1218 485 1203 550 1145 563 1160 small-vehicle 0.1595
232 982 234 963 313 971 311 990 small-vehicle 0.1587
1249 125 1241 110 1267 95 1276 109 small-vehicle 0.1577
1266 511 1267 489 1313 492 1311 515 small-vehicle 0.1575
492 1318 485 1300 564 1267 571 1285 small-vehicle 0.1558
1361 263 1362 245 1392 247 1391 264 small-vehicle 0.1536
496 1287 486 1271 555 1227 565 1243 small-vehicle 0.1532
504 1404 491 1389 552 1333 566 1348 small-vehicle 0.1531
567 1192 554 1178 616 1118 629 1132 small-vehicle 0.1530
571 1517 559 1501 628 1450 640 1466 small-vehicle 0.1524
566 1266 553 1252 618 1193 631 1207 small-vehicle 0.1509
276 1234 295 1243 258 1321 240 1312 small-vehicle 0.1505
1260 1261 1260 1241 1315 1242 1315 1262 small-vehicle 0.1491
311 651 330 645 353 724 334 729 small-vehicle 0.1484
221 1158 229 1140 307 1178 298 1196 small-vehicle 0.1459
574 1337 561 1322 624 1265 637 1279 small-vehicle 0.1453
1132 1129 1146 1142 1096 1196 1082 1183 small-vehicle 0.1448
1262 486 1264 466 1299 470 1296 490 small-vehicle 0.1426
295 801 286 784 354 746 364 763 small-vehicle 0.1397
323 978 341 969 377 1043 359 1052 small-vehicle 0.1367
549 849 564 863 501 928 486 913 small-vehicle 0.1359
276 1263 296 1267 279 1356 259 1352 small-vehicle 0.1289
567 1227 555 1213 618 1156 631 1170 small-vehicle 0.1273
241 970 230 953 300 910 311 927 small-vehicle 0.1264
228 751 219 733 295 696 304 714 small-vehicle 0.1264
501 737 518 724 571 795 554 808 small-vehicle 0.1260
1249 752 1249 734 1295 735 1295 753 small-vehicle 0.1239
241 674 229 659 289 609 301 624 small-vehicle 0.1236
494 1245 486 1228 561 1190 570 1207 small-vehicle 0.1196
496 882 484 866 553 816 564 832 small-vehicle 0.1178
328 807 346 813 325 887 306 882 small-vehicle 0.1174
319 1117 323 1098 399 1113 395 1132 small-vehicle 0.1165
315 498 301 482 365 428 379 444 small-vehicle 0.1133
564 1419 563 1400 646 1397 647 1415 small-vehicle 0.1123
487 1524 487 1504 576 1505 576 1525 small-vehicle 0.1115
499 1106 486 1090 552 1034 565 1050 small-vehicle 0.1101
308 874 324 874 322 923 306 923 small-vehicle 0.1041
973 208 988 194 1048 259 1034 272 small-vehicle 0.1036
353 1030 366 1044 312 1098 299 1085 small-vehicle 0.1028
493 1501 487 1482 569 1453 576 1472 small-vehicle 0.1000
1045 197 1059 185 1119 258 1105 270 large-vehicle 0.4824
498 1218 485 1203 550 1145 563 1160 large-vehicle 0.4538
619 1330 635 1343 580 1407 565 1393 large-vehicle 0.4531
974 207 989 194 1054 265 1040 279 large-vehicle 0.4524
160 534 183 527 208 613 185 620 large-vehicle 0.4388
933 127 947 114 1005 176 991 189 large-vehicle 0.4377
538 1395 556 1403 521 1484 502 1476 large-vehicle 0.4338
221 1158 229 1140 307 1178 298 1196 large-vehicle 0.4267
437 225 451 211 515 273 500 288 large-vehicle 0.4170
232 982 234 963 313 971 311 990 large-vehicle 0.4164
1044 1113 1061 1123 1016 1197 1000 1187 large-vehicle 0.4158
323 898 343 895 357 985 337 988 large-vehicle 0.4128
839 222 855 207 916 271 900 286 large-vehicle 0.3947
549 849 564 863 501 928 486 913 large-vehicle 0.3937
571 1517 559 1501 628 1450 640 1466 large-vehicle 0.3928
907 211 921 198 983 268 969 281 large-vehicle 0.3925
337 635 356 639 339 726 320 723 large-vehicle 0.3887
496 1287 486 1271 555 1227 565 1243 large-vehicle 0.3794
312 1246 298 1231 360 1172 374 1186 large-vehicle 0.3713
492 1318 485 1300 564 1267 571 1285 large-vehicle 0.3713
495 630 481 615 552 550 566 565 large-vehicle 0.3708
503 1483 517 1470 573 1532 560 1545 large-vehicle 0.3696
1132 1129 1146 1142 1096 1196 1082 1183 large-vehicle 0.3694
1113 1106 1128 1119 1074 1177 1060 1163 large-vehicle 0.3671
501 1366 488 1352 553 1295 566 1310 large-vehicle 0.3670
499 1106 486 1090 552 1034 565 1050 large-vehicle 0.3663
504 1404 491 1389 552 1333 566 1348 large-vehicle 0.3644
315 498 301 482 365 428 379 444 large-vehicle 0.3629
501 737 518 724 571 795 554 808 large-vehicle 0.3629
567 1192 554 1178 616 1118 629 1132 large-vehicle 0.3549
427 139 441 124 503 186 488 201 large-vehicle 0.3533
235 715 223 698 291 654 303 671 large-vehicle 0.3506
533 205 547 192 611 260 597 273 large-vehicle 0.3453
319 1117 323 1098 399 1113 395 1132 large-vehicle 0.3442
241 674 229 659 289 609 301 624 large-vehicle 0.3421
352 829 369 839 326 916 309 907 large-vehicle 0.3404
276 1234 295 1243 258 1321 240 1312 large-vehicle 0.3403
238 801 256 793 289 868 271 876 large-vehicle 0.3359
507 951 527 946 548 1034 528 1039 large-vehicle 0.3347
233 773 228 754 311 730 316 748 large-vehicle 0.3301
300 822 294 804 367 781 373 800 large-vehicle 0.3285
344 966 364 967 363 1043 343 1043 large-vehicle 0.3278
315 1084 304 1067 379 1020 390 1036 large-vehicle 0.3275
494 1245 486 1228 561 1190 570 1207 large-vehicle 0.3246
237 933 227 915 297 876 307 893 large-vehicle 0.3215
496 882 484 866 553 816 564 832 large-vehicle 0.3158
297 706 310 692 371 748 358 762 large-vehicle 0.3134
276 1263 296 1267 279 1356 259 1352 large-vehicle 0.3117
576 1328 564 1313 626 1263 639 1279 large-vehicle 0.2935
1233 998 1233 977 1303 978 1303 999 large-vehicle 0.2914
615 777 630 791 569 855 553 840 large-vehicle 0.2913
481 225 495 212 550 274 536 287 large-vehicle 0.2892
503 212 517 199 578 263 564 276 large-vehicle 0.2886
571 1225 559 1210 622 1155 635 1169 large-vehicle 0.2860
228 751 219 733 295 696 304 714 large-vehicle 0.2786
569 1303 555 1289 617 1230 630 1244 large-vehicle 0.2755
574 1255 562 1240 626 1187 638 1201 large-vehicle 0.2728
241 970 230 953 300 910 311 927 large-vehicle 0.2603
289 774 289 755 379 753 379 772 large-vehicle 0.2483
1008 204 1023 191 1080 255 1066 268 large-vehicle 0.2461
317 1121 307 1105 371 1063 381 1079 large-vehicle 0.2398
225 1202 229 1182 314 1201 310 1220 large-vehicle 0.2173
1233 1132 1232 1109 1309 1106 1310 1130 large-vehicle 0.2171
288 1246 292 1227 391 1249 387 1268 large-vehicle 0.2111
564 1419 563 1400 646 1397 647 1415 large-vehicle 0.2052
328 807 346 813 325 887 306 882 large-vehicle 0.1870
147 140 167 141 163 243 143 243 large-vehicle 0.1700
239 639 228 626 264 595 275 608 large-vehicle 0.1620
1260 1261 1260 1241 1315 1242 1315 1262 large-vehicle 0.1571
539 1425 557 1425 556 1493 538 1493 large-vehicle 0.1531
973 1122 981 1105 1037 1131 1029 1148 large-vehicle 0.1476
571 1273 560 1257 625 1213 636 1229 large-vehicle 0.1396
299 1112 307 1099 360 1132 352 1145 large-vehicle 0.1325
1308 1491 1310 1469 1362 1472 1360 1494 large-vehicle 0.1262
240 801 229 785 291 745 301 761 large-vehicle 0.1258
234 810 234 790 315 789 315 808 large-vehicle 0.1256
221 907 214 888 284 861 291 880 large-vehicle 0.1037
571 1517 559 1501 628 1450 640 1466 ship 0.1427
501 737 518 724 571 795 554 808 ship 0.1307
495 630 481 615 552 550 566 565 ship 0.1242
538 1395 556 1403 521 1484 502 1476 ship 0.1230
549 849 564 863 501 928 486 913 ship 0.1225
619 1330 635 1343 580 1407 565 1393 ship 0.1153
312 1246 298 1231 360 1172 374 1186 ship 0.1081
539 1149 555 1162 501 1224 485 1210 ship 0.1057
312 325 367 377 265 485 210 433 tennis-court 0.2642
257 1279 395 1251 449 1516 311 1544 tennis-court 0.2074
206 159 328 187 281 392 159 364 basketball-court 0.1279
