97 156 110 147 121 164 108 173 plane 0.1089
198 60 213 65 200 102 186 97 small-vehicle 0.5745
149 190 152 175 191 182 189 197 small-vehicle 0.3303
593 376 610 383 596 417 579 409 small-vehicle 0.2939
197 7 212 15 192 52 177 43 small-vehicle 0.2687
15 279 31 287 14 325 -2 317 small-vehicle 0.1443
653 97 664 99 661 118 651 117 small-vehicle 0.1320
416 30 435 37 415 88 395 80 small-vehicle 0.1259
143 212 145 200 172 205 169 218 small-vehicle 0.1222
354 543 349 531 372 522 377 533 small-vehicle 0.1018
388 24 405 30 386 82 369 76 large-vehicle 0.8176
362 13 382 20 364 78 343 71 large-vehicle 0.7952
338 8 356 14 336 67 319 61 large-vehicle 0.7855
416 30 435 37 415 88 395 80 large-vehicle 0.6939
316 -2 335 4 314 62 295 56 large-vehicle 0.6885
192 149 195 129 256 136 253 156 large-vehicle 0.6250
506 159 516 142 563 170 552 187 large-vehicle 0.4815
485 199 495 181 542 206 532 224 large-vehicle 0.4751
77 380 79 361 174 371 172 391 large-vehicle 0.4452
251 510 260 495 330 537 320 552 large-vehicle 0.4049
424 213 435 195 517 247 506 264 large-vehicle 0.3906
15 279 31 287 14 325 -2 317 large-vehicle 0.3820
197 7 212 15 192 52 177 43 large-vehicle 0.3749
391 276 401 260 478 307 469 323 large-vehicle 0.3599
314 403 323 389 394 433 385 448 large-vehicle 0.3576
326 382 335 367 405 411 396 426 large-vehicle 0.3548
593 376 610 383 596 417 579 409 large-vehicle 0.3456
276 468 284 453 355 494 346 509 large-vehicle 0.3359
263 488 272 473 342 515 333 530 large-vehicle 0.3313
338 362 347 347 418 389 409 404 large-vehicle 0.3296
377 298 386 283 457 327 448 342 large-vehicle 0.3216
303 425 312 410 381 453 372 467 large-vehicle 0.3100
287 447 296 432 367 474 358 488 large-vehicle 0.3100
148 189 151 175 192 183 189 197 large-vehicle 0.3093
350 335 358 321 430 365 421 379 large-vehicle 0.2989
361 320 369 306 441 349 432 363 large-vehicle 0.2781
46 494 49 473 127 483 124 503 large-vehicle 0.2778
198 60 213 65 200 102 186 97 large-vehicle 0.2753
143 212 145 200 172 205 169 218 large-vehicle 0.1270
149 190 152 175 191 182 189 197 ship 0.3026
198 60 213 65 200 102 186 97 ship 0.1985
593 376 610 383 596 417 579 409 ship 0.1765
192 149 195 129 256 136 253 156 ship 0.1592
416 30 435 37 415 88 395 80 swimming-pool 0.1434
193 150 195 129 256 136 254 156 swimming-pool 0.1172
593 376 610 383 596 417 579 410 swimming-pool 0.1074
362 13 382 20 364 78 343 71 swimming-pool 0.1045
