1308 246 1295 229 1346 190 1359 207 small-vehicle 0.3311
1651 591 1639 575 1693 535 1705 551 small-vehicle 0.2357
875 1002 867 981 909 967 917 988 small-vehicle 0.2339
495 507 516 491 574 567 554 583 small-vehicle 0.2323
914 1144 900 1126 961 1076 975 1093 small-vehicle 0.2212
1767 851 1759 832 1798 815 1806 835 small-vehicle 0.2081
715 828 731 817 758 856 742 867 small-vehicle 0.2072
417 904 430 890 461 918 448 932 small-vehicle 0.2060
1791 883 1782 865 1835 836 1845 853 small-vehicle 0.2045
1692 615 1682 598 1720 575 1730 592 small-vehicle 0.2000
307 390 320 379 348 413 335 424 small-vehicle 0.1995
558 876 545 861 606 808 619 823 small-vehicle 0.1978
1726 877 1743 862 1782 906 1765 921 small-vehicle 0.1969
1461 558 1444 540 1512 476 1529 494 small-vehicle 0.1947
1810 927 1801 909 1854 883 1863 901 small-vehicle 0.1904
1514 470 1499 455 1561 395 1576 411 small-vehicle 0.1889
318 381 331 368 360 399 347 412 small-vehicle 0.1884
1177 10 1191 -1 1230 48 1215 60 small-vehicle 0.1875
1717 657 1707 641 1743 619 1753 635 small-vehicle 0.1841
1829 992 1844 978 1878 1017 1862 1031 small-vehicle 0.1806
1848 962 1836 945 1876 917 1888 934 small-vehicle 0.1789
1702 627 1694 611 1731 593 1739 609 small-vehicle 0.1786
1568 583 1558 566 1612 534 1622 551 small-vehicle 0.1779
416 782 398 763 474 692 491 711 small-vehicle 0.1767
278 422 291 410 318 439 304 451 small-vehicle 0.1763
1794 814 1786 796 1824 781 1831 799 small-vehicle 0.1704
1872 993 1869 974 1908 967 1912 986 small-vehicle 0.1686
1348 251 1365 266 1317 318 1300 303 small-vehicle 0.1636
1151 45 1167 35 1192 73 1177 83 small-vehicle 0.1626
586 804 569 786 644 717 661 735 small-vehicle 0.1625
1068 1337 1052 1320 1124 1255 1139 1273 small-vehicle 0.1601
1678 244 1695 236 1712 274 1695 281 small-vehicle 0.1600
1308 112 1326 128 1270 191 1252 175 small-vehicle 0.1525
1474 589 1458 571 1533 506 1549 525 small-vehicle 0.1522
1636 534 1622 518 1667 476 1681 491 small-vehicle 0.1487
1462 514 1446 498 1496 447 1513 463 small-vehicle 0.1484
581 608 598 594 655 660 638 674 small-vehicle 0.1482
1808 849 1802 831 1840 819 1846 837 small-vehicle 0.1473
1092 56 1081 42 1127 6 1138 20 small-vehicle 0.1468
420 414 438 400 503 480 485 495 small-vehicle 0.1460
297 399 312 390 331 421 316 430 small-vehicle 0.1453
320 480 306 461 386 400 400 419 small-vehicle 0.1433
1252 145 1235 127 1293 72 1310 91 small-vehicle 0.1427
1106 80 1121 68 1147 101 1132 113 small-vehicle 0.1411
1658 792 1677 777 1714 823 1695 838 small-vehicle 0.1393
1732 1241 1722 1223 1761 1202 1771 1220 small-vehicle 0.1352
729 595 747 577 798 626 780 645 small-vehicle 0.1336
1559 628 1547 610 1619 561 1631 579 small-vehicle 0.1318
1775 931 1790 919 1827 965 1812 977 small-vehicle 0.1317
873 1094 857 1077 925 1014 941 1030 small-vehicle 0.1297
478 681 461 663 538 588 556 605 small-vehicle 0.1297
1107 1471 1094 1456 1152 1403 1166 1417 small-vehicle 0.1267
1014 1271 995 1252 1068 1180 1087 1199 small-vehicle 0.1261
1302 207 1286 188 1367 121 1383 140 small-vehicle 0.1251
1471 994 1488 980 1548 1052 1531 1066 small-vehicle 0.1250
1411 240 1395 223 1464 161 1479 178 small-vehicle 0.1242
1878 1499 1892 1509 1870 1541 1855 1531 small-vehicle 0.1240
1584 652 1572 636 1634 590 1647 606 small-vehicle 0.1236
1705 1229 1725 1232 1718 1280 1698 1277 small-vehicle 0.1220
1337 98 1327 81 1377 48 1387 64 small-vehicle 0.1216
928 1178 912 1161 981 1097 996 1115 small-vehicle 0.1206
1614 433 1631 449 1559 523 1542 506 small-vehicle 0.1202
1801 900 1794 882 1850 858 1858 875 small-vehicle 0.1172
1865 970 1854 954 1886 932 1897 947 small-vehicle 0.1170
1403 284 1388 267 1461 204 1475 221 small-vehicle 0.1170
1886 1013 1878 997 1913 979 1921 995 small-vehicle 0.1165
1552 481 1535 463 1605 399 1621 417 small-vehicle 0.1164
1012 390 1019 379 1046 395 1039 406 small-vehicle 0.1151
1389 463 1371 444 1446 375 1463 394 small-vehicle 0.1128
1502 610 1487 592 1542 545 1556 562 small-vehicle 0.1121
1322 354 1307 336 1387 270 1403 288 small-vehicle 0.1116
224 481 222 461 268 457 269 477 small-vehicle 0.1101
1357 1056 1377 1039 1436 1109 1416 1125 small-vehicle 0.1097
1489 248 1506 264 1440 333 1424 318 small-vehicle 0.1095
390 590 374 572 453 507 468 525 small-vehicle 0.1084
58 317 47 302 77 280 88 295 small-vehicle 0.1083
576 54 585 46 604 68 595 76 small-vehicle 0.1067
883 1126 868 1109 937 1050 952 1067 small-vehicle 0.1051
166 1586 178 1578 198 1605 186 1614 small-vehicle 0.1050
1292 30 1284 16 1319 -2 1326 12 small-vehicle 0.1049
1561 307 1578 324 1497 406 1480 389 small-vehicle 0.1046
951 434 958 419 992 435 985 450 small-vehicle 0.1043
835 948 824 932 855 912 865 928 small-vehicle 0.1040
1566 1549 1584 1557 1569 1591 1551 1583 small-vehicle 0.1031
151 1680 147 1658 191 1649 195 1672 small-vehicle 0.1030
54 746 45 728 82 710 91 729 small-vehicle 0.1029
1370 187 1356 170 1437 107 1451 124 small-vehicle 0.1002
1576 1167 1594 1152 1665 1239 1646 1254 small-vehicle 0.1001
1322 354 1307 336 1387 270 1403 288 large-vehicle 0.4840
1411 240 1395 223 1464 161 1479 178 large-vehicle 0.4540
320 689 305 671 392 598 407 616 large-vehicle 0.4437
1068 1337 1052 1320 1124 1255 1139 1273 large-vehicle 0.4346
218 574 201 556 290 477 306 495 large-vehicle 0.4304
580 607 599 591 676 681 658 697 large-vehicle 0.4262
1360 1058 1379 1042 1444 1120 1425 1136 large-vehicle 0.4209
476 683 459 665 537 592 553 609 large-vehicle 0.4129
1349 403 1332 387 1405 316 1421 332 large-vehicle 0.4128
1576 1167 1594 1152 1665 1239 1646 1254 large-vehicle 0.3993
356 540 341 523 416 457 431 474 large-vehicle 0.3966
789 1208 773 1192 851 1115 867 1131 large-vehicle 0.3933
552 776 536 757 623 682 639 701 large-vehicle 0.3931
1115 1395 1100 1378 1172 1312 1187 1329 large-vehicle 0.3920
1494 364 1477 347 1552 273 1569 289 large-vehicle 0.3898
1251 1165 1271 1149 1348 1245 1328 1261 large-vehicle 0.3888
1165 1472 1148 1454 1236 1373 1252 1391 large-vehicle 0.3829
1442 326 1427 307 1516 237 1531 256 large-vehicle 0.3807
1474 589 1458 571 1533 506 1549 525 large-vehicle 0.3801
1385 1330 1403 1315 1478 1401 1461 1417 large-vehicle 0.3782
1014 1271 995 1252 1068 1180 1087 1199 large-vehicle 0.3774
993 1442 978 1426 1053 1355 1068 1371 large-vehicle 0.3769
390 590 374 572 453 507 468 525 large-vehicle 0.3767
1279 961 1298 944 1372 1031 1353 1047 large-vehicle 0.3759
1491 781 1511 766 1583 853 1563 869 large-vehicle 0.3664
498 707 481 689 558 616 575 634 large-vehicle 0.3639
1431 1138 1449 1124 1514 1209 1496 1222 large-vehicle 0.3604
402 621 387 602 478 530 493 549 large-vehicle 0.3599
1364 437 1347 419 1424 346 1440 364 large-vehicle 0.3594
1033 1491 1019 1474 1097 1408 1112 1425 large-vehicle 0.3593
906 1345 889 1328 964 1258 981 1276 large-vehicle 0.3586
1147 1441 1131 1424 1212 1343 1229 1360 large-vehicle 0.3576
283 647 266 629 350 549 367 567 large-vehicle 0.3568
509 737 494 718 578 648 594 667 large-vehicle 0.3560
1467 1096 1484 1082 1552 1162 1535 1176 large-vehicle 0.3540
1139 1084 1159 1068 1238 1167 1218 1183 large-vehicle 0.3536
1507 1234 1525 1217 1603 1301 1585 1318 large-vehicle 0.3498
1302 203 1287 183 1379 113 1393 132 large-vehicle 0.3492
1416 279 1400 262 1481 187 1497 205 large-vehicle 0.3472
867 1311 852 1294 934 1220 949 1237 large-vehicle 0.3467
420 414 438 400 503 480 485 495 large-vehicle 0.3443
1548 756 1567 741 1637 831 1618 846 large-vehicle 0.3422
1086 1362 1071 1345 1143 1284 1158 1302 large-vehicle 0.3417
1429 855 1448 840 1520 930 1501 945 large-vehicle 0.3407
909 1192 926 1209 850 1286 833 1269 large-vehicle 0.3403
1471 1266 1489 1250 1561 1333 1543 1349 large-vehicle 0.3394
1266 526 1286 509 1368 602 1348 620 large-vehicle 0.3390
365 739 348 722 429 642 446 659 large-vehicle 0.3383
932 1378 915 1361 990 1286 1008 1304 large-vehicle 0.3379
258 622 242 603 324 532 340 551 large-vehicle 0.3374
495 507 516 491 574 567 554 583 large-vehicle 0.3316
1559 514 1544 494 1628 430 1643 450 large-vehicle 0.3279
1395 1172 1414 1156 1479 1235 1460 1251 large-vehicle 0.3230
948 1403 932 1384 1014 1316 1029 1335 large-vehicle 0.3216
1568 731 1586 716 1658 802 1640 818 large-vehicle 0.3106
868 1143 884 1159 806 1238 789 1221 large-vehicle 0.3104
488 885 472 868 556 787 573 804 large-vehicle 0.3077
1475 807 1494 792 1561 878 1543 893 large-vehicle 0.3076
588 804 570 786 652 705 669 723 large-vehicle 0.3061
558 876 545 861 606 808 619 823 large-vehicle 0.3054
1581 893 1600 879 1674 975 1655 990 large-vehicle 0.3016
1526 923 1545 907 1609 986 1590 1002 large-vehicle 0.2971
926 175 911 155 1002 86 1017 106 large-vehicle 0.2928
1188 1040 1207 1025 1282 1118 1263 1133 large-vehicle 0.2910
922 1010 939 1027 861 1112 843 1095 large-vehicle 0.2902
1011 1456 995 1439 1069 1372 1084 1389 large-vehicle 0.2886
1419 886 1437 870 1510 956 1492 971 large-vehicle 0.2868
888 1330 872 1313 950 1239 966 1256 large-vehicle 0.2861
914 1144 900 1126 961 1076 975 1093 large-vehicle 0.2769
1166 1064 1185 1049 1262 1146 1242 1161 large-vehicle 0.2743
1734 1040 1753 1023 1829 1109 1809 1127 large-vehicle 0.2739
1500 395 1483 378 1563 303 1580 321 large-vehicle 0.2709
1606 735 1624 722 1680 793 1662 807 large-vehicle 0.2705
1616 882 1635 867 1712 966 1693 981 large-vehicle 0.2690
1341 374 1325 356 1401 289 1417 307 large-vehicle 0.2681
1377 886 1397 869 1471 959 1451 975 large-vehicle 0.2642
1537 1209 1555 1194 1623 1273 1606 1289 large-vehicle 0.2613
1449 832 1468 814 1541 892 1522 910 large-vehicle 0.2597
443 627 430 611 491 563 504 579 large-vehicle 0.2597
1389 463 1371 444 1446 375 1463 394 large-vehicle 0.2576
1435 1286 1454 1271 1525 1358 1506 1373 large-vehicle 0.2551
1293 933 1312 915 1387 995 1368 1012 large-vehicle 0.2549
1452 973 1469 958 1548 1050 1530 1065 large-vehicle 0.2548
379 564 364 547 429 492 444 509 large-vehicle 0.2532
825 1263 809 1246 888 1171 904 1187 large-vehicle 0.2529
1370 1019 1388 1004 1456 1083 1438 1099 large-vehicle 0.2511
1716 1051 1736 1035 1809 1126 1789 1142 large-vehicle 0.2481
970 1422 954 1404 1030 1334 1046 1352 large-vehicle 0.2474
1273 173 1258 154 1343 90 1357 109 large-vehicle 0.2469
928 1178 912 1161 981 1097 996 1115 large-vehicle 0.2409
1508 431 1493 413 1573 346 1588 364 large-vehicle 0.2394
385 757 368 738 447 669 464 688 large-vehicle 0.2375
1554 904 1573 890 1641 977 1623 991 large-vehicle 0.2373
1438 292 1423 275 1494 210 1510 227 large-vehicle 0.2369
320 480 306 461 386 400 400 419 large-vehicle 0.2354
416 782 398 763 474 692 491 711 large-vehicle 0.2340
532 762 548 777 478 851 462 836 large-vehicle 0.2334
1461 558 1444 540 1512 476 1529 494 large-vehicle 0.2330
882 1120 867 1102 934 1042 949 1060 large-vehicle 0.2303
951 216 932 197 1013 118 1032 137 large-vehicle 0.2250
1559 628 1547 610 1619 561 1631 579 large-vehicle 0.2247
525 753 509 734 592 663 608 681 large-vehicle 0.2229
999 1114 1017 1132 948 1202 930 1184 large-vehicle 0.2216
1395 996 1413 981 1484 1070 1465 1085 large-vehicle 0.2202
1368 203 1352 187 1435 109 1451 125 large-vehicle 0.2192
1308 246 1295 229 1346 190 1359 207 large-vehicle 0.2141
1318 319 1301 302 1359 245 1375 262 large-vehicle 0.2109
1211 1272 1230 1257 1298 1343 1279 1358 large-vehicle 0.2105
1553 1191 1571 1176 1639 1258 1622 1273 large-vehicle 0.2098
1514 470 1499 455 1561 395 1576 411 large-vehicle 0.2097
1118 1555 1102 1539 1181 1461 1197 1478 large-vehicle 0.2089
1502 610 1487 592 1542 545 1556 562 large-vehicle 0.2068
1406 1302 1423 1288 1487 1363 1470 1378 large-vehicle 0.2062
1568 583 1558 566 1612 534 1622 551 large-vehicle 0.2018
1213 1019 1232 1003 1298 1085 1278 1101 large-vehicle 0.1956
1619 657 1607 640 1662 599 1675 615 large-vehicle 0.1944
1122 1416 1107 1399 1191 1325 1206 1343 large-vehicle 0.1861
1584 652 1572 636 1634 590 1647 606 large-vehicle 0.1861
1450 1107 1466 1093 1530 1164 1515 1178 large-vehicle 0.1855
1552 481 1535 463 1605 399 1621 417 large-vehicle 0.1790
1075 1386 1091 1401 1022 1477 1006 1462 large-vehicle 0.1781
1485 338 1470 322 1535 261 1550 277 large-vehicle 0.1775
1775 931 1790 919 1827 965 1812 977 large-vehicle 0.1752
1092 56 1081 42 1127 6 1138 20 large-vehicle 0.1736
1726 877 1743 862 1782 906 1765 921 large-vehicle 0.1732
338 707 323 690 394 628 409 646 large-vehicle 0.1718
1107 1375 1091 1358 1161 1294 1177 1311 large-vehicle 0.1702
962 751 936 714 1145 564 1171 600 large-vehicle 0.1696
1261 135 1246 117 1318 54 1334 72 large-vehicle 0.1670
1011 810 984 774 1195 618 1221 654 large-vehicle 0.1649
1453 1272 1471 1257 1531 1334 1513 1348 large-vehicle 0.1547
969 1277 986 1293 919 1365 902 1348 large-vehicle 0.1395
1102 1478 1089 1462 1148 1415 1160 1430 large-vehicle 0.1393
1814 930 1806 912 1864 884 1872 903 large-vehicle 0.1391
1337 98 1327 81 1377 48 1387 64 large-vehicle 0.1376
1444 1128 1463 1113 1527 1189 1509 1204 large-vehicle 0.1333
329 513 313 493 392 430 408 450 large-vehicle 0.1301
1651 591 1639 575 1693 535 1705 551 large-vehicle 0.1296
661 397 635 359 840 218 866 256 large-vehicle 0.1268
439 825 421 805 498 736 516 755 large-vehicle 0.1247
1462 514 1446 498 1496 447 1513 463 large-vehicle 0.1210
1046 860 1019 824 1239 659 1266 695 large-vehicle 0.1195
538 245 513 209 719 64 745 100 large-vehicle 0.1181
1824 988 1840 974 1878 1017 1862 1031 large-vehicle 0.1168
1796 899 1789 881 1852 857 1859 875 large-vehicle 0.1152
593 313 567 276 775 128 801 165 large-vehicle 0.1151
614 831 600 817 661 757 675 771 large-vehicle 0.1149
1658 792 1677 777 1714 823 1695 838 large-vehicle 0.1130
729 595 747 577 798 626 780 645 large-vehicle 0.1121
822 599 797 569 932 458 957 488 large-vehicle 0.1102
1660 470 1676 485 1630 535 1614 520 large-vehicle 0.1100
1485 1251 1502 1237 1557 1304 1540 1318 large-vehicle 0.1032
1678 244 1695 236 1712 274 1695 281 large-vehicle 0.1019
715 828 731 817 758 856 742 867 large-vehicle 0.1015
716 1502 732 1490 785 1557 770 1569 large-vehicle 0.1009
1651 591 1639 575 1693 535 1705 551 ship 0.2660
1662 476 1677 490 1629 542 1614 528 ship 0.2477
1726 877 1743 862 1782 906 1765 921 ship 0.1925
1568 583 1558 566 1612 534 1622 551 ship 0.1644
1614 433 1631 449 1559 523 1542 506 ship 0.1615
914 1144 900 1126 961 1076 975 1093 ship 0.1574
1308 246 1295 229 1346 190 1359 207 ship 0.1385
1308 112 1326 128 1270 191 1252 175 ship 0.1338
1559 628 1547 610 1619 561 1631 579 ship 0.1310
586 804 569 786 644 717 661 735 ship 0.1237
558 876 545 861 606 808 619 823 ship 0.1220
1584 652 1572 636 1634 590 1647 606 ship 0.1220
495 507 516 491 574 567 554 583 ship 0.1214
1601 521 1586 503 1645 452 1660 469 ship 0.1178
1775 931 1790 919 1827 965 1812 977 ship 0.1154
1810 928 1802 909 1860 884 1869 902 ship 0.1120
1411 240 1395 223 1464 161 1479 178 ship 0.1116
1012 1272 994 1253 1065 1186 1083 1205 ship 0.1115
928 1178 912 1161 981 1097 996 1115 ship 0.1107
1796 899 1789 881 1852 857 1859 875 ship 0.1103
1619 657 1607 640 1662 599 1675 615 ship 0.1101
320 693 304 675 383 602 400 620 ship 0.1046
1474 589 1458 571 1533 506 1549 525 ship 0.1006
512 1535 560 1421 745 1497 697 1612 tennis-court 0.1205
