343 315 510 288 539 459 372 487 baseball-diamond 0.9032
333 846 373 740 482 782 442 888 baseball-diamond 0.8493
659 66 909 92 839 764 589 738 ground-track-field 0.5328
429 965 427 955 450 952 451 962 small-vehicle 0.1163
531 572 542 570 546 588 536 591 small-vehicle 0.1059
486 774 499 774 499 822 486 822 large-vehicle 0.2230
405 528 405 512 472 516 472 532 large-vehicle 0.1617
584 898 629 899 628 997 584 997 large-vehicle 0.1503
530 904 575 904 575 1002 530 1002 large-vehicle 0.1223
655 72 899 97 832 738 587 712 ship 0.1163
530 904 575 904 575 1002 530 1002 tennis-court 0.9753
593 765 635 768 628 861 587 858 tennis-court 0.9739
637 903 684 902 686 1003 638 1004 tennis-court 0.9705
643 771 685 771 685 862 643 862 tennis-court 0.9627
535 761 579 761 579 855 535 855 tennis-court 0.9498
584 897 628 897 625 1000 582 999 tennis-court 0.9397
307 950 334 943 341 972 314 979 storage-tank 0.2880
354 947 380 949 378 977 352 976 storage-tank 0.1382
325 825 396 735 488 806 417 897 storage-tank 0.1181
346 319 508 287 540 452 378 484 storage-tank 0.1141
654 126 875 148 819 701 599 679 soccer-ball-field 0.1822
331 389 435 272 551 376 447 493 soccer-ball-field 0.1470
328 833 388 736 487 797 426 894 soccer-ball-field 0.1067
