845 1433 935 1299 1078 1396 988 1529 baseball-diamond 0.7331
373 1221 464 1203 483 1298 392 1317 baseball-diamond 0.6249
302 184 523 89 686 467 465 562 baseball-diamond 0.1032
536 647 796 542 1039 1142 780 1247 ground-track-field 0.5902
291 161 540 79 679 504 430 585 ground-track-field 0.3364
885 1306 880 1295 915 1280 919 1291 large-vehicle 0.1547
371 399 381 395 390 421 380 424 large-vehicle 0.1312
1033 1159 1045 1164 1033 1191 1021 1186 large-vehicle 0.1137
480 798 490 797 495 826 485 828 large-vehicle 0.1028
181 577 217 562 249 639 213 654 tennis-court 0.9780
230 555 265 540 299 615 264 631 tennis-court 0.9719
333 659 369 643 403 720 368 736 tennis-court 0.9567
229 410 265 395 298 473 261 488 tennis-court 0.9538
279 535 316 518 351 594 314 611 tennis-court 0.9499
282 676 319 662 351 745 314 760 tennis-court 0.9353
130 596 165 581 199 659 164 675 tennis-court 0.9231
176 429 213 413 247 491 210 507 tennis-court 0.9008
312 178 524 90 676 458 464 546 soccer-ball-field 0.7454
613 729 807 650 990 1094 796 1174 soccer-ball-field 0.3043
375 1217 466 1203 481 1300 391 1314 soccer-ball-field 0.1182
