340 307 351 307 352 329 342 330 small-vehicle 0.5914
80 304 79 294 100 292 101 302 small-vehicle 0.5396
326 182 327 172 347 174 346 184 small-vehicle 0.4944
306 173 305 164 325 163 326 172 small-vehicle 0.4857
326 193 327 184 347 186 346 195 small-vehicle 0.4718
84 292 83 282 104 281 105 291 small-vehicle 0.4406
304 183 304 174 324 173 324 182 small-vehicle 0.4325
343 331 354 331 356 352 345 353 small-vehicle 0.4311
381 148 391 148 392 168 382 168 small-vehicle 0.4207
323 218 324 208 345 211 344 221 small-vehicle 0.4194
286 510 286 500 305 500 305 510 small-vehicle 0.4023
276 185 284 184 287 202 279 204 small-vehicle 0.3951
248 446 257 444 261 463 252 465 small-vehicle 0.3915
285 560 285 551 303 550 304 559 small-vehicle 0.3908
424 396 425 386 446 386 446 396 small-vehicle 0.3881
284 578 285 569 305 571 304 580 small-vehicle 0.3775
286 98 296 97 298 117 289 118 small-vehicle 0.3701
144 470 157 470 158 508 146 508 small-vehicle 0.3609
422 495 422 486 444 486 443 496 small-vehicle 0.3586
326 152 327 142 346 143 346 152 small-vehicle 0.3485
312 348 313 338 335 339 334 349 small-vehicle 0.3306
255 293 255 283 280 283 280 293 small-vehicle 0.3271
285 549 284 540 302 538 303 547 small-vehicle 0.3255
426 293 425 283 448 282 449 292 small-vehicle 0.3183
159 470 171 470 171 506 159 506 small-vehicle 0.3069
167 396 168 386 189 390 187 400 small-vehicle 0.3034
300 98 309 97 313 117 304 118 small-vehicle 0.3008
89 478 101 477 102 514 91 515 small-vehicle 0.2991
283 539 282 529 301 528 301 537 small-vehicle 0.2898
306 163 306 153 325 153 325 162 small-vehicle 0.2896
183 274 184 264 204 265 204 275 small-vehicle 0.2885
426 272 426 261 449 259 450 270 small-vehicle 0.2871
178 309 178 300 197 298 197 308 small-vehicle 0.2856
286 434 296 433 297 453 287 454 small-vehicle 0.2795
423 484 422 474 444 474 444 483 small-vehicle 0.2780
84 334 82 323 108 320 109 331 small-vehicle 0.2739
423 374 422 364 446 363 447 373 small-vehicle 0.2646
182 293 181 284 200 283 200 292 small-vehicle 0.2645
327 163 327 154 347 154 347 163 small-vehicle 0.2586
428 135 437 140 427 157 418 152 small-vehicle 0.2538
277 102 286 102 286 122 278 123 small-vehicle 0.2523
241 419 241 406 284 409 283 422 small-vehicle 0.2458
85 280 84 270 103 268 104 278 small-vehicle 0.2452
426 306 425 296 448 295 449 304 small-vehicle 0.2403
404 569 404 557 442 556 443 568 small-vehicle 0.2336
169 335 169 324 196 322 197 333 small-vehicle 0.2318
424 406 424 397 445 397 445 406 small-vehicle 0.2296
424 350 424 340 447 340 447 350 small-vehicle 0.2273
126 467 140 466 143 510 130 511 small-vehicle 0.2246
425 339 424 329 447 328 447 338 small-vehicle 0.2144
426 193 426 182 452 182 452 193 small-vehicle 0.1996
424 364 423 353 446 353 446 363 small-vehicle 0.1993
427 252 426 242 450 241 451 251 small-vehicle 0.1979
285 478 284 468 309 466 310 476 small-vehicle 0.1978
425 328 425 318 447 318 447 328 small-vehicle 0.1956
108 474 120 472 127 509 115 511 small-vehicle 0.1945
429 214 428 203 451 202 451 213 small-vehicle 0.1931
422 508 422 498 443 498 444 508 small-vehicle 0.1899
290 295 290 283 332 283 332 295 small-vehicle 0.1873
247 280 247 269 283 269 283 280 small-vehicle 0.1859
290 393 290 379 333 379 333 393 small-vehicle 0.1803
426 317 425 307 448 306 448 315 small-vehicle 0.1779
289 310 289 298 332 297 333 309 small-vehicle 0.1767
428 384 427 375 447 374 447 383 small-vehicle 0.1750
422 552 422 540 445 541 445 552 small-vehicle 0.1746
289 362 289 350 331 352 331 364 small-vehicle 0.1734
427 177 427 165 455 166 455 178 small-vehicle 0.1731
247 349 247 338 281 338 281 349 small-vehicle 0.1687
74 358 73 348 110 344 111 355 small-vehicle 0.1678
241 404 240 392 281 392 281 404 small-vehicle 0.1668
429 41 439 40 441 62 430 63 small-vehicle 0.1657
75 409 73 398 114 392 116 403 small-vehicle 0.1652
82 256 91 249 102 264 94 271 small-vehicle 0.1641
294 267 294 255 337 255 337 267 small-vehicle 0.1619
290 325 291 311 334 312 333 326 small-vehicle 0.1609
81 420 80 410 116 404 118 415 small-vehicle 0.1595
242 320 242 308 284 310 284 322 small-vehicle 0.1593
74 371 73 360 109 355 111 366 small-vehicle 0.1592
70 252 81 248 87 268 76 271 small-vehicle 0.1563
332 443 332 433 355 434 355 444 small-vehicle 0.1527
241 388 241 377 282 378 282 390 small-vehicle 0.1521
287 461 293 449 307 455 301 467 small-vehicle 0.1517
290 377 291 365 331 365 331 378 small-vehicle 0.1503
312 434 312 419 356 420 356 435 small-vehicle 0.1468
243 263 244 252 284 255 283 267 small-vehicle 0.1462
241 375 242 363 283 365 282 376 small-vehicle 0.1448
242 362 243 350 281 352 281 363 small-vehicle 0.1443
424 238 424 226 449 224 450 236 small-vehicle 0.1436
379 122 390 119 395 142 384 144 small-vehicle 0.1390
321 204 322 194 345 196 345 206 small-vehicle 0.1380
71 347 70 335 107 332 108 343 small-vehicle 0.1363
68 279 70 269 88 274 86 284 small-vehicle 0.1332
77 397 74 386 102 376 106 387 small-vehicle 0.1328
241 336 242 324 282 324 282 336 small-vehicle 0.1320
69 286 73 278 89 286 84 295 small-vehicle 0.1275
403 553 397 543 417 532 423 542 small-vehicle 0.1217
285 570 285 560 305 560 305 570 small-vehicle 0.1191
424 223 424 214 449 214 449 224 small-vehicle 0.1109
290 310 289 298 332 297 332 309 large-vehicle 0.8450
243 263 244 252 284 255 283 267 large-vehicle 0.8405
290 392 290 380 333 379 333 392 large-vehicle 0.8394
243 321 243 309 284 310 284 321 large-vehicle 0.8269
290 377 291 365 331 365 331 378 large-vehicle 0.8162
242 375 242 364 283 366 283 377 large-vehicle 0.8085
241 389 242 377 282 379 282 391 large-vehicle 0.7968
242 361 243 350 281 352 281 364 large-vehicle 0.7844
291 295 291 283 331 283 331 295 large-vehicle 0.7769
241 404 241 392 281 392 281 404 large-vehicle 0.7644
290 325 291 311 334 312 333 326 large-vehicle 0.7632
241 336 242 324 282 324 282 336 large-vehicle 0.7607
246 280 246 269 283 269 283 280 large-vehicle 0.7606
289 362 289 350 331 352 331 364 large-vehicle 0.7348
247 349 247 338 281 338 281 349 large-vehicle 0.7292
294 267 294 255 337 255 337 267 large-vehicle 0.6995
241 419 242 406 284 408 283 421 large-vehicle 0.6915
75 409 73 398 114 392 116 403 large-vehicle 0.6718
144 470 157 470 158 508 146 508 large-vehicle 0.6597
71 346 70 335 108 332 108 344 large-vehicle 0.6499
72 358 71 348 109 344 110 355 large-vehicle 0.6222
255 293 255 283 280 283 280 293 large-vehicle 0.6098
127 469 140 468 142 509 130 510 large-vehicle 0.5826
74 371 72 360 109 354 111 365 large-vehicle 0.5689
108 473 120 472 126 509 114 511 large-vehicle 0.5359
311 433 312 419 356 421 356 435 large-vehicle 0.5239
159 470 171 470 171 506 159 506 large-vehicle 0.5051
428 177 428 166 454 166 454 177 large-vehicle 0.4673
89 478 101 477 102 514 91 515 large-vehicle 0.4543
426 272 426 261 449 259 450 270 large-vehicle 0.4516
426 293 425 283 448 282 449 292 large-vehicle 0.4083
426 193 426 182 452 182 452 193 large-vehicle 0.3856
78 424 75 412 115 403 118 414 large-vehicle 0.3718
73 333 72 322 108 320 109 332 large-vehicle 0.3708
425 339 425 329 447 328 447 338 large-vehicle 0.3662
426 306 425 296 448 295 449 304 large-vehicle 0.3566
291 282 291 269 330 269 330 282 large-vehicle 0.3489
426 317 425 307 448 306 448 315 large-vehicle 0.3450
427 252 426 242 450 241 451 251 large-vehicle 0.3448
429 214 428 203 451 202 451 213 large-vehicle 0.3409
425 328 425 319 447 318 447 327 large-vehicle 0.3394
404 569 404 557 443 557 442 569 large-vehicle 0.3252
423 374 423 364 446 363 446 373 large-vehicle 0.3033
425 350 425 341 447 341 447 350 large-vehicle 0.3018
177 482 190 483 185 536 172 535 large-vehicle 0.2992
424 238 424 226 449 224 450 236 large-vehicle 0.2831
424 363 424 353 447 353 447 363 large-vehicle 0.2724
296 349 296 336 332 337 332 349 large-vehicle 0.2576
423 484 422 474 444 474 444 483 large-vehicle 0.2379
422 495 422 486 444 486 443 496 large-vehicle 0.2245
425 395 425 386 446 386 446 396 large-vehicle 0.2192
243 308 243 296 280 294 280 306 large-vehicle 0.1968
422 552 422 540 445 541 445 552 large-vehicle 0.1827
98 481 108 480 111 511 102 512 large-vehicle 0.1794
424 223 424 214 449 214 449 224 large-vehicle 0.1714
343 331 354 331 356 352 345 353 large-vehicle 0.1651
424 406 424 397 445 397 445 406 large-vehicle 0.1509
77 397 73 386 103 376 107 387 large-vehicle 0.1446
428 384 427 375 447 374 447 383 large-vehicle 0.1435
314 420 314 408 354 407 354 419 large-vehicle 0.1265
340 307 351 307 352 329 342 330 large-vehicle 0.1237
277 99 286 99 287 122 278 122 large-vehicle 0.1194
428 135 437 140 427 157 418 152 large-vehicle 0.1116
89 478 101 477 102 514 91 515 ship 0.1957
75 409 73 398 114 392 116 403 ship 0.1465
404 569 404 557 443 557 442 569 ship 0.1068
277 99 286 99 287 122 278 122 ship 0.1044
127 468 140 467 143 509 130 510 ship 0.1029
287 461 293 449 307 455 301 467 storage-tank 0.2441
89 478 101 477 102 514 91 515 helicopter 0.1457
