1094 1913 1116 1890 1159 1931 1137 1954 plane 0.2017
1106 1887 1127 1870 1154 1904 1133 1921 plane 0.1051
1125 1876 1146 1856 1175 1887 1154 1907 plane 0.1021
338 1804 349 1780 437 1817 427 1841 bridge 0.1450
594 1810 607 1790 679 1836 666 1856 bridge 0.1064
196 1881 211 1858 288 1910 273 1933 bridge 0.1019
259 73 280 79 266 126 244 119 small-vehicle 0.1801
172 828 193 831 186 880 165 877 small-vehicle 0.1745
771 1804 787 1786 823 1818 807 1836 small-vehicle 0.1697
253 251 258 229 303 239 298 261 small-vehicle 0.1696
1507 2158 1527 2161 1519 2204 1499 2201 small-vehicle 0.1693
325 844 330 823 375 834 371 854 small-vehicle 0.1678
236 845 258 849 249 894 227 889 small-vehicle 0.1654
475 2280 486 2264 529 2294 518 2310 small-vehicle 0.1648
36 1234 35 1213 80 1213 81 1234 small-vehicle 0.1626
202 384 224 388 213 437 192 432 small-vehicle 0.1608
1486 2521 1504 2526 1493 2568 1474 2563 small-vehicle 0.1581
29 1288 32 1267 76 1274 73 1295 small-vehicle 0.1579
142 259 151 240 195 261 186 280 small-vehicle 0.1577
215 61 234 67 219 111 200 105 small-vehicle 0.1572
1771 2125 1778 2104 1829 2121 1822 2142 small-vehicle 0.1567
831 2372 853 2377 843 2423 820 2418 small-vehicle 0.1566
111 357 130 361 121 406 102 403 small-vehicle 0.1550
202 830 222 837 207 884 187 877 small-vehicle 0.1543
417 72 436 77 423 121 404 116 small-vehicle 0.1541
323 94 344 99 333 144 312 139 small-vehicle 0.1537
28 1315 33 1293 74 1303 69 1325 small-vehicle 0.1537
65 1461 66 1441 108 1442 107 1462 small-vehicle 0.1536
331 814 339 795 381 811 374 830 small-vehicle 0.1534
32 236 51 237 50 279 31 279 small-vehicle 0.1534
112 1002 125 990 152 1020 139 1032 small-vehicle 0.1525
223 394 244 399 232 442 211 437 small-vehicle 0.1522
1201 233 1222 240 1207 283 1187 276 small-vehicle 0.1509
186 378 207 382 196 429 175 425 small-vehicle 0.1508
139 364 158 370 143 414 124 408 small-vehicle 0.1506
666 2261 685 2267 673 2310 653 2305 small-vehicle 0.1494
1917 2228 1919 2209 1969 2213 1968 2232 small-vehicle 0.1494
1306 19 1323 24 1309 66 1292 60 small-vehicle 0.1494
1303 315 1316 303 1345 336 1332 348 small-vehicle 0.1488
969 952 987 955 982 993 964 990 small-vehicle 0.1485
1803 91 1819 87 1830 125 1814 129 small-vehicle 0.1480
29 1553 31 1537 69 1543 66 1559 small-vehicle 0.1480
1043 1207 1059 1188 1104 1225 1088 1244 small-vehicle 0.1476
88 1081 90 1064 128 1069 126 1087 small-vehicle 0.1471
1424 2169 1442 2164 1453 2202 1435 2207 small-vehicle 0.1468
321 34 340 38 331 82 312 78 small-vehicle 0.1465
60 1245 62 1225 103 1228 101 1248 small-vehicle 0.1459
438 694 437 675 475 674 475 693 small-vehicle 0.1436
1258 2220 1277 2233 1232 2298 1213 2285 small-vehicle 0.1433
1224 241 1243 247 1229 288 1210 282 small-vehicle 0.1432
222 836 242 843 227 887 207 881 small-vehicle 0.1421
532 12 551 10 558 52 539 55 small-vehicle 0.1420
874 2402 895 2405 887 2450 866 2446 small-vehicle 0.1418
19 393 37 395 34 436 16 434 small-vehicle 0.1412
162 373 181 379 170 420 151 414 small-vehicle 0.1402
1489 2151 1507 2154 1500 2192 1482 2189 small-vehicle 0.1396
72 1314 78 1291 118 1302 111 1325 small-vehicle 0.1394
707 186 716 166 765 188 755 208 small-vehicle 0.1386
1343 37 1360 40 1351 79 1335 75 small-vehicle 0.1382
19 1431 18 1412 57 1410 58 1430 small-vehicle 0.1378
33 1151 32 1132 76 1130 77 1148 small-vehicle 0.1377
34 1188 32 1169 72 1164 75 1183 small-vehicle 0.1376
1175 2345 1193 2357 1149 2423 1130 2410 small-vehicle 0.1371
58 401 76 406 66 445 48 440 small-vehicle 0.1367
88 980 105 979 106 1016 89 1017 small-vehicle 0.1360
1480 1911 1495 1924 1455 1972 1439 1959 small-vehicle 0.1355
1543 2238 1560 2243 1548 2285 1530 2279 small-vehicle 0.1355
1325 28 1341 33 1329 69 1313 63 small-vehicle 0.1353
1895 191 1903 178 1934 198 1926 211 small-vehicle 0.1350
37 1216 34 1197 75 1192 77 1211 small-vehicle 0.1349
1563 1789 1578 1802 1538 1849 1523 1836 small-vehicle 0.1347
385 672 389 656 424 665 420 681 small-vehicle 0.1345
1554 2071 1568 2080 1547 2115 1532 2107 small-vehicle 0.1344
1879 231 1880 215 1920 218 1919 234 small-vehicle 0.1344
1491 139 1509 141 1506 180 1488 178 small-vehicle 0.1340
84 410 102 414 92 455 73 450 small-vehicle 0.1340
406 655 406 637 444 637 444 654 small-vehicle 0.1340
1541 2063 1556 2072 1535 2107 1521 2098 small-vehicle 0.1339
155 934 172 936 166 978 149 976 small-vehicle 0.1335
936 1640 956 1645 945 1685 925 1680 small-vehicle 0.1328
9 1491 9 1474 41 1474 41 1491 small-vehicle 0.1325
639 2239 658 2246 642 2288 623 2281 small-vehicle 0.1320
154 222 162 201 209 221 201 242 small-vehicle 0.1319
1450 441 1466 431 1488 465 1472 475 small-vehicle 0.1318
1292 14 1309 21 1294 60 1277 53 small-vehicle 0.1317
1246 245 1264 249 1256 292 1237 288 small-vehicle 0.1312
396 67 415 71 405 113 386 108 small-vehicle 0.1312
1018 930 1034 932 1029 971 1014 969 small-vehicle 0.1309
83 1231 87 1211 131 1220 127 1240 small-vehicle 0.1305
1887 211 1891 196 1925 207 1920 221 small-vehicle 0.1303
46 1073 50 1057 86 1065 82 1081 small-vehicle 0.1298
68 720 68 703 106 704 105 722 small-vehicle 0.1298
622 323 637 324 633 359 619 357 small-vehicle 0.1294
243 970 260 975 249 1015 232 1011 small-vehicle 0.1288
1615 2281 1631 2288 1615 2325 1599 2318 small-vehicle 0.1285
691 225 699 206 746 227 738 246 small-vehicle 0.1282
1464 118 1482 118 1482 157 1465 158 small-vehicle 0.1278
63 1271 65 1251 103 1254 101 1274 small-vehicle 0.1276
1755 1732 1770 1733 1768 1766 1753 1765 small-vehicle 0.1272
1470 2294 1487 2301 1469 2342 1453 2334 small-vehicle 0.1270
138 280 145 262 189 278 182 296 small-vehicle 0.1270
539 2188 558 2179 575 2215 556 2224 small-vehicle 0.1269
221 966 238 970 228 1009 212 1004 small-vehicle 0.1267
1897 1743 1897 1726 1939 1726 1939 1743 small-vehicle 0.1264
1681 1787 1695 1794 1676 1834 1662 1827 small-vehicle 0.1262
1163 213 1181 223 1160 265 1142 256 small-vehicle 0.1260
244 18 262 22 252 61 235 57 small-vehicle 0.1257
1672 1995 1688 1999 1680 2036 1664 2033 small-vehicle 0.1253
1564 2516 1582 2520 1572 2563 1554 2559 small-vehicle 0.1248
1731 1726 1745 1724 1750 1755 1736 1757 small-vehicle 0.1245
1520 2054 1536 2061 1520 2095 1504 2088 small-vehicle 0.1245
141 430 162 434 153 475 133 471 small-vehicle 0.1240
691 2047 703 2028 746 2055 734 2074 small-vehicle 0.1240
1507 159 1525 160 1523 197 1505 196 small-vehicle 0.1239
86 1204 89 1184 132 1192 128 1212 small-vehicle 0.1236
270 975 287 980 273 1023 256 1017 small-vehicle 0.1234
549 413 562 404 585 436 572 445 small-vehicle 0.1232
1550 194 1567 197 1559 236 1541 232 small-vehicle 0.1229
1665 2164 1683 2164 1682 2203 1664 2203 small-vehicle 0.1228
1531 184 1549 185 1547 223 1529 222 small-vehicle 0.1228
720 138 729 115 786 138 777 160 small-vehicle 0.1226
1426 398 1442 401 1435 438 1418 435 small-vehicle 0.1223
514 548 531 553 518 594 502 589 small-vehicle 0.1223
289 976 305 982 290 1027 274 1021 small-vehicle 0.1222
1125 195 1143 204 1121 250 1103 241 small-vehicle 0.1217
162 1388 171 1378 196 1400 187 1410 small-vehicle 0.1215
1214 2291 1229 2302 1196 2347 1180 2335 small-vehicle 0.1214
1040 114 1046 100 1087 117 1081 131 small-vehicle 0.1213
1960 1382 1976 1375 1996 1417 1980 1424 small-vehicle 0.1212
1577 1938 1592 1938 1591 1974 1576 1973 small-vehicle 0.1209
1037 935 1050 941 1034 978 1021 973 small-vehicle 0.1208
1184 221 1202 229 1183 274 1165 266 small-vehicle 0.1207
90 62 104 66 92 104 78 100 small-vehicle 0.1204
113 623 127 621 133 654 119 656 small-vehicle 0.1202
1365 49 1381 49 1382 84 1366 84 small-vehicle 0.1201
990 956 1004 959 996 994 981 990 small-vehicle 0.1197
373 63 391 67 383 106 364 102 small-vehicle 0.1186
1447 98 1463 98 1463 138 1447 138 small-vehicle 0.1183
43 1444 45 1426 81 1429 79 1448 small-vehicle 0.1176
1443 2133 1460 2129 1467 2164 1451 2168 small-vehicle 0.1172
1603 1897 1618 1902 1605 1941 1590 1936 small-vehicle 0.1172
1459 2171 1475 2174 1470 2204 1455 2202 small-vehicle 0.1166
1363 153 1380 154 1377 198 1360 197 small-vehicle 0.1165
1645 1670 1659 1683 1620 1726 1606 1713 small-vehicle 0.1161
296 1221 303 1202 348 1220 341 1239 small-vehicle 0.1159
128 425 146 431 134 467 116 460 small-vehicle 0.1157
409 740 411 724 447 729 444 745 small-vehicle 0.1155
286 1241 294 1223 337 1243 329 1261 small-vehicle 0.1155
307 33 324 35 317 73 301 70 small-vehicle 0.1152
428 963 434 943 479 958 473 978 small-vehicle 0.1150
997 931 1013 933 1009 967 993 965 small-vehicle 0.1149
332 1985 355 1999 317 2059 295 2045 small-vehicle 0.1148
1381 57 1396 58 1393 93 1378 92 small-vehicle 0.1147
997 972 1012 975 1005 1004 990 1001 small-vehicle 0.1137
1769 1743 1783 1746 1776 1777 1762 1774 small-vehicle 0.1136
524 559 539 563 533 595 517 591 small-vehicle 0.1131
1183 86 1197 87 1196 122 1181 121 small-vehicle 0.1129
1515 381 1526 371 1546 393 1536 403 small-vehicle 0.1128
1367 2439 1385 2447 1368 2484 1350 2476 small-vehicle 0.1125
120 513 135 515 129 554 114 552 small-vehicle 0.1121
1626 1916 1640 1919 1634 1959 1620 1956 small-vehicle 0.1119
1784 2071 1787 2052 1829 2059 1826 2078 small-vehicle 0.1119
126 979 139 970 162 1003 149 1012 small-vehicle 0.1116
457 894 459 874 502 878 500 898 small-vehicle 0.1116
358 762 364 745 399 757 394 774 small-vehicle 0.1115
1612 1963 1626 1963 1627 1992 1612 1992 small-vehicle 0.1114
63 1195 64 1177 97 1177 97 1195 small-vehicle 0.1112
18 233 36 234 34 273 16 272 small-vehicle 0.1110
517 753 519 736 559 743 557 760 small-vehicle 0.1110
589 1546 614 1558 576 1636 551 1624 small-vehicle 0.1107
1809 1425 1824 1437 1792 1479 1776 1467 small-vehicle 0.1103
425 670 426 654 458 656 458 672 small-vehicle 0.1102
1955 1472 1966 1467 1978 1493 1967 1498 small-vehicle 0.1101
41 1115 43 1099 80 1102 78 1119 small-vehicle 0.1099
281 1255 289 1239 330 1258 322 1274 small-vehicle 0.1098
47 1484 48 1470 73 1471 72 1485 small-vehicle 0.1098
249 397 269 402 258 448 237 443 small-vehicle 0.1097
424 1565 441 1579 400 1629 383 1615 small-vehicle 0.1095
373 2015 395 2030 356 2090 334 2076 small-vehicle 0.1095
18 1518 17 1503 48 1501 49 1516 small-vehicle 0.1094
188 962 204 966 196 1002 180 999 small-vehicle 0.1089
114 1034 118 1019 149 1027 145 1042 small-vehicle 0.1086
275 34 291 38 283 73 267 70 small-vehicle 0.1082
1228 145 1243 150 1231 187 1215 181 small-vehicle 0.1079
1249 147 1264 154 1247 193 1232 186 small-vehicle 0.1079
1647 1938 1661 1938 1661 1976 1647 1976 small-vehicle 0.1071
501 544 517 550 503 587 487 581 small-vehicle 0.1071
1279 155 1296 162 1279 206 1262 199 small-vehicle 0.1070
541 303 558 309 541 358 524 352 small-vehicle 0.1069
1634 1978 1650 1979 1648 2012 1632 2011 small-vehicle 0.1066
118 954 131 952 136 983 123 985 small-vehicle 0.1061
338 1804 349 1780 437 1817 427 1841 small-vehicle 0.1060
1556 359 1565 349 1588 369 1579 379 small-vehicle 0.1060
378 539 387 524 430 550 420 565 small-vehicle 0.1058
397 634 400 619 435 626 432 641 small-vehicle 0.1058
490 817 493 801 532 808 530 824 small-vehicle 0.1057
1652 2096 1667 2099 1659 2134 1645 2131 small-vehicle 0.1057
1910 1766 1907 1752 1937 1745 1940 1759 small-vehicle 0.1056
1727 1548 1740 1561 1702 1602 1689 1589 small-vehicle 0.1054
15 329 31 331 27 369 11 367 small-vehicle 0.1053
535 696 540 681 578 693 573 708 small-vehicle 0.1050
227 17 244 18 240 55 224 53 small-vehicle 0.1049
1096 1148 1111 1130 1146 1160 1130 1178 small-vehicle 0.1048
90 1049 96 1036 123 1047 117 1060 small-vehicle 0.1044
1262 503 1277 487 1322 531 1306 547 small-vehicle 0.1041
19 1457 21 1439 54 1443 52 1460 small-vehicle 0.1040
1578 233 1594 233 1595 268 1579 268 small-vehicle 0.1039
1269 9 1285 16 1270 51 1253 44 small-vehicle 0.1038
1545 363 1555 355 1573 379 1562 387 small-vehicle 0.1038
1916 1581 1915 1567 1947 1564 1948 1578 small-vehicle 0.1033
231 456 255 459 247 512 223 508 small-vehicle 0.1033
1969 1462 1981 1458 1991 1487 1979 1491 small-vehicle 0.1031
1958 1405 1970 1401 1983 1431 1970 1436 small-vehicle 0.1030
62 1055 68 1043 94 1055 89 1068 small-vehicle 0.1029
1387 2045 1401 2057 1358 2105 1345 2092 small-vehicle 0.1026
88 1260 89 1241 124 1244 123 1262 small-vehicle 0.1024
66 1475 65 1462 92 1459 94 1472 small-vehicle 0.1023
1532 379 1540 368 1561 385 1553 395 small-vehicle 0.1023
1424 2259 1437 2268 1413 2300 1400 2291 small-vehicle 0.1022
60 1101 62 1086 93 1088 92 1104 small-vehicle 0.1015
683 279 687 264 725 273 721 288 small-vehicle 0.1015
1429 1981 1444 1993 1398 2049 1383 2038 small-vehicle 0.1015
1789 1767 1804 1765 1807 1794 1793 1796 small-vehicle 0.1014
539 569 554 569 553 601 539 601 small-vehicle 0.1013
1937 1486 1947 1478 1963 1498 1953 1506 small-vehicle 0.1011
1244 0 1260 8 1239 47 1223 39 small-vehicle 0.1010
1788 86 1800 80 1814 109 1801 115 small-vehicle 0.1009
-2 699 0 683 32 687 30 703 small-vehicle 0.1007
1916 1002 1928 994 1943 1017 1931 1025 small-vehicle 0.1004
1522 2172 1538 2176 1530 2210 1514 2206 small-vehicle 0.1001
115 2548 118 2535 142 2542 138 2555 small-vehicle 0.1001
424 1631 432 1606 521 1635 513 1660 large-vehicle 0.3410
745 1018 751 992 849 1017 842 1042 large-vehicle 0.3331
460 1565 469 1542 557 1575 548 1599 large-vehicle 0.3221
542 1404 550 1380 639 1409 631 1434 large-vehicle 0.3055
449 1587 457 1563 543 1595 534 1618 large-vehicle 0.3033
565 1362 574 1338 660 1369 651 1393 large-vehicle 0.2988
475 1545 482 1521 574 1550 566 1573 large-vehicle 0.2803
357 1750 366 1725 457 1760 448 1785 large-vehicle 0.2759
733 1051 747 1023 840 1069 826 1096 large-vehicle 0.2709
644 986 653 963 742 999 733 1022 large-vehicle 0.2671
530 1425 539 1400 625 1430 617 1454 large-vehicle 0.2659
397 1687 405 1663 493 1694 485 1718 large-vehicle 0.2639
521 1447 529 1423 620 1454 611 1478 large-vehicle 0.2617
381 1709 390 1685 477 1716 469 1740 large-vehicle 0.2600
1179 2557 1191 2538 1266 2590 1253 2608 large-vehicle 0.2553
663 948 673 924 762 962 752 986 large-vehicle 0.2448
600 1299 609 1275 695 1307 686 1330 large-vehicle 0.2349
377 2114 401 2111 411 2215 387 2218 large-vehicle 0.2277
586 1322 595 1298 678 1328 670 1352 large-vehicle 0.2274
494 1500 504 1476 585 1510 575 1534 large-vehicle 0.2194
338 1804 349 1780 437 1817 427 1841 large-vehicle 0.2131
1319 2552 1331 2533 1402 2578 1390 2597 large-vehicle 0.2118
1220 2507 1234 2488 1311 2545 1297 2564 large-vehicle 0.2080
763 997 769 973 859 995 853 1019 large-vehicle 0.2029
1017 441 1042 450 1011 535 987 526 large-vehicle 0.1928
1216 2528 1230 2510 1299 2563 1285 2581 large-vehicle 0.1926
719 2452 730 2438 797 2491 786 2505 large-vehicle 0.1776
1045 447 1070 456 1038 543 1013 534 large-vehicle 0.1775
546 2322 558 2308 632 2369 620 2384 large-vehicle 0.1769
1771 1481 1786 1493 1741 1550 1725 1537 large-vehicle 0.1755
413 1669 421 1644 507 1674 499 1698 large-vehicle 0.1730
594 1810 607 1790 679 1836 666 1856 large-vehicle 0.1694
233 1951 253 1969 183 2047 163 2029 large-vehicle 0.1618
247 1971 267 1988 200 2063 181 2045 large-vehicle 0.1613
1025 549 1048 558 1013 642 990 633 large-vehicle 0.1568
1175 2345 1193 2357 1149 2423 1130 2410 large-vehicle 0.1544
589 1546 614 1558 576 1636 551 1624 large-vehicle 0.1530
672 1639 687 1620 764 1679 748 1698 large-vehicle 0.1527
1808 1427 1823 1440 1784 1486 1769 1473 large-vehicle 0.1489
1727 1548 1740 1561 1702 1602 1689 1589 large-vehicle 0.1464
779 949 789 925 869 959 859 983 large-vehicle 0.1451
1258 2220 1277 2233 1232 2298 1213 2285 large-vehicle 0.1447
206 1927 226 1947 153 2021 133 2002 large-vehicle 0.1437
382 279 392 253 483 287 473 314 large-vehicle 0.1389
687 934 696 911 779 940 771 964 large-vehicle 0.1380
966 419 990 428 956 516 933 507 large-vehicle 0.1350
491 1524 499 1500 588 1531 580 1555 large-vehicle 0.1344
613 1258 621 1232 709 1260 700 1287 large-vehicle 0.1338
1387 2045 1401 2057 1358 2105 1345 2092 large-vehicle 0.1332
1070 355 1093 364 1062 445 1039 436 large-vehicle 0.1313
999 535 1021 546 987 616 964 605 large-vehicle 0.1299
1480 1911 1495 1924 1455 1972 1439 1959 large-vehicle 0.1291
853 1021 875 1028 852 1099 830 1092 large-vehicle 0.1289
1687 1602 1702 1614 1656 1669 1642 1656 large-vehicle 0.1269
1429 1981 1444 1993 1398 2049 1383 2038 large-vehicle 0.1252
786 2497 799 2482 883 2552 870 2568 large-vehicle 0.1243
1080 814 1096 795 1162 850 1146 869 large-vehicle 0.1240
475 2280 486 2264 529 2294 518 2310 large-vehicle 0.1234
1520 1849 1535 1863 1492 1909 1477 1896 large-vehicle 0.1225
1563 1789 1578 1802 1538 1849 1523 1836 large-vehicle 0.1212
1645 1670 1659 1683 1620 1726 1606 1713 large-vehicle 0.1202
1043 1207 1059 1188 1104 1225 1088 1244 large-vehicle 0.1158
1003 323 1027 330 998 418 974 410 large-vehicle 0.1136
330 2004 354 2023 280 2116 256 2097 large-vehicle 0.1107
1214 2291 1229 2302 1196 2347 1180 2335 large-vehicle 0.1107
1345 2108 1358 2119 1315 2173 1301 2162 large-vehicle 0.1069
617 2375 627 2362 687 2403 677 2417 large-vehicle 0.1066
1123 2238 1148 2233 1158 2293 1133 2298 large-vehicle 0.1051
265 1994 285 2010 226 2082 207 2066 large-vehicle 0.1049
574 1226 594 1237 561 1295 542 1284 large-vehicle 0.1037
858 271 860 254 898 259 896 275 large-vehicle 0.1035
668 975 676 952 774 984 766 1008 large-vehicle 0.1015
1601 1729 1614 1740 1578 1783 1565 1773 large-vehicle 0.1013
427 1236 448 1245 427 1297 406 1288 ship 0.4143
734 48 738 23 821 37 817 62 ship 0.3925
382 1381 402 1387 387 1439 367 1433 ship 0.3767
454 1163 479 1172 455 1236 430 1227 ship 0.3683
966 419 990 428 956 516 933 507 ship 0.3682
401 1306 426 1313 408 1378 383 1372 ship 0.3555
488 1098 509 1107 488 1157 467 1148 ship 0.3485
537 1296 555 1309 521 1356 503 1344 ship 0.3438
369 1446 385 1453 366 1499 350 1492 ship 0.3434
854 1151 872 1156 857 1213 839 1208 ship 0.3300
574 1226 594 1237 561 1295 542 1284 ship 0.3124
629 1617 648 1629 618 1676 600 1665 ship 0.3118
673 528 691 535 672 583 654 576 ship 0.3058
485 1442 501 1453 472 1496 456 1485 ship 0.2981
837 1168 854 1175 827 1239 810 1231 ship 0.2960
596 1678 612 1689 571 1750 555 1739 ship 0.2905
505 1023 527 1030 505 1094 483 1087 ship 0.2875
807 865 818 841 904 879 893 904 ship 0.2841
336 1531 352 1538 333 1583 317 1576 ship 0.2796
1106 763 1122 743 1186 792 1170 813 ship 0.2751
1016 327 1042 334 1016 420 990 412 ship 0.2639
1070 355 1093 364 1062 445 1039 436 ship 0.2553
338 1804 349 1780 437 1817 427 1841 ship 0.2451
648 600 663 609 637 655 622 646 ship 0.2417
310 2036 332 2052 278 2122 256 2106 ship 0.2346
991 654 1012 662 986 734 965 727 ship 0.2281
515 1375 533 1386 500 1439 483 1428 ship 0.2277
778 1137 799 1145 767 1232 746 1225 ship 0.2274
337 2078 358 2091 319 2153 298 2140 ship 0.2268
716 128 723 103 795 121 788 146 ship 0.2246
448 1512 465 1524 424 1584 407 1572 ship 0.2214
866 1168 880 1173 867 1216 852 1212 ship 0.2208
692 450 714 455 702 516 680 511 ship 0.2202
517 967 535 966 539 1015 521 1016 ship 0.2177
332 1985 355 1999 317 2059 295 2045 ship 0.2173
1080 808 1094 786 1166 834 1151 856 ship 0.2117
293 1948 310 1963 273 2008 256 1993 ship 0.2088
732 1277 756 1286 722 1374 698 1365 ship 0.2078
620 1247 628 1221 719 1249 711 1275 ship 0.2063
351 1511 365 1516 353 1550 339 1545 ship 0.2033
727 87 733 63 804 80 798 105 ship 0.2027
1017 441 1042 450 1011 535 987 526 ship 0.2021
424 1565 441 1579 400 1629 383 1615 ship 0.2020
354 1533 369 1540 350 1580 334 1573 ship 0.1937
570 883 588 889 570 944 551 938 ship 0.1893
442 1366 451 1350 486 1369 478 1385 ship 0.1887
377 2114 401 2111 411 2215 387 2218 ship 0.1867
1084 795 1093 769 1180 800 1171 826 ship 0.1819
373 2015 395 2030 356 2090 334 2076 ship 0.1779
982 550 1003 559 971 632 950 623 ship 0.1774
196 1926 216 1944 149 2018 129 2000 ship 0.1738
246 1918 269 1929 238 1994 215 1983 ship 0.1646
778 938 788 915 865 951 855 973 ship 0.1645
265 1994 285 2010 226 2082 207 2066 ship 0.1619
1025 549 1048 558 1013 642 990 633 ship 0.1593
672 1639 687 1620 764 1679 748 1698 ship 0.1587
589 1546 614 1558 576 1636 551 1624 ship 0.1574
659 571 673 575 662 611 647 606 ship 0.1571
1003 545 1027 554 994 639 970 629 ship 0.1571
535 961 551 961 551 1003 535 1003 ship 0.1545
540 1250 559 1258 539 1307 520 1299 ship 0.1539
856 1016 877 1023 852 1107 830 1100 ship 0.1509
231 1972 248 1989 185 2055 168 2038 ship 0.1487
479 1363 498 1363 498 1405 479 1405 ship 0.1462
372 1484 386 1489 375 1522 361 1517 ship 0.1442
1808 1427 1823 1440 1784 1486 1769 1473 ship 0.1438
815 844 826 821 896 852 886 876 ship 0.1429
734 20 735 -9 820 -6 819 22 ship 0.1412
196 1881 211 1858 288 1910 273 1933 ship 0.1403
1258 2220 1277 2233 1232 2298 1213 2285 ship 0.1401
547 1310 566 1319 543 1367 524 1358 ship 0.1327
1059 448 1084 456 1054 542 1029 534 ship 0.1286
512 1342 529 1348 519 1384 501 1379 ship 0.1261
455 1255 471 1261 458 1299 442 1293 ship 0.1260
604 1286 612 1262 699 1289 691 1314 ship 0.1260
380 1512 394 1517 383 1550 369 1545 ship 0.1246
1259 508 1275 490 1324 536 1308 553 ship 0.1233
1225 532 1240 513 1300 559 1285 578 ship 0.1191
825 1153 844 1161 820 1217 800 1209 ship 0.1190
494 1500 504 1476 585 1510 575 1534 ship 0.1186
387 1533 402 1541 383 1579 367 1571 ship 0.1186
837 1214 851 1220 834 1256 820 1249 ship 0.1183
795 1172 815 1180 792 1238 772 1230 ship 0.1180
468 1057 485 1055 489 1094 472 1096 ship 0.1164
357 1750 366 1725 457 1760 448 1785 ship 0.1157
498 1306 515 1308 511 1351 494 1349 ship 0.1150
395 1034 407 1022 436 1051 425 1063 ship 0.1143
369 1344 387 1344 386 1389 367 1388 ship 0.1138
732 63 737 41 792 55 787 76 ship 0.1114
616 672 633 678 616 726 599 719 ship 0.1105
411 1342 429 1339 435 1378 417 1381 ship 0.1096
208 1949 227 1967 163 2033 144 2015 ship 0.1092
209 1900 241 1902 235 1976 203 1973 ship 0.1090
1228 561 1241 542 1296 581 1283 600 ship 0.1087
479 1329 496 1326 503 1365 486 1368 ship 0.1087
1214 2291 1229 2302 1196 2347 1180 2335 ship 0.1086
806 889 816 868 874 895 864 916 ship 0.1085
480 1412 495 1416 487 1452 472 1449 ship 0.1077
266 1929 285 1938 263 1986 244 1977 ship 0.1074
416 1511 432 1517 415 1557 399 1551 ship 0.1063
389 1430 402 1429 405 1457 393 1459 ship 0.1052
1771 1481 1786 1493 1741 1550 1725 1537 ship 0.1035
967 646 985 653 964 705 946 698 ship 0.1020
353 1390 368 1391 367 1427 352 1427 ship 0.1010
117 1961 209 1870 388 2051 296 2142 harbor 0.1889
202 1918 222 1938 151 2011 131 1991 harbor 0.1198
1910 674 1898 644 1966 618 1977 648 harbor 0.1124
188 1881 205 1858 272 1908 255 1931 harbor 0.1087
349 1180 413 1181 407 1630 343 1629 harbor 0.1065
