1017 1911 1042 1914 1033 1983 1008 1980 ship 0.4634
1032 2506 1054 2517 1021 2583 999 2572 ship 0.4589
1005 2498 1028 2507 1002 2574 979 2565 ship 0.4523
1083 2367 1110 2367 1108 2440 1081 2439 ship 0.4408
1134 1945 1158 1953 1135 2018 1112 2010 ship 0.4327
1105 2536 1128 2545 1103 2610 1080 2601 ship 0.4293
1133 2539 1155 2546 1132 2613 1109 2605 ship 0.4261
982 2349 1010 2353 1002 2421 973 2417 ship 0.4253
1165 1948 1187 1956 1164 2021 1142 2013 ship 0.4205
850 2337 882 2341 870 2428 838 2423 ship 0.4136
1063 1908 1087 1916 1066 1981 1042 1973 ship 0.4116
1106 1921 1130 1930 1106 1996 1082 1988 ship 0.4104
739 2942 761 2947 747 3005 725 3000 ship 0.4099
782 2948 804 2953 792 3009 770 3003 ship 0.4080
1072 2533 1095 2543 1069 2603 1046 2593 ship 0.4065
1235 2582 1256 2587 1244 2641 1223 2636 ship 0.4056
808 2331 840 2337 822 2424 791 2418 ship 0.4014
1199 1780 1225 1787 1205 1854 1180 1847 ship 0.3994
1191 1954 1213 1962 1191 2026 1170 2018 ship 0.3982
714 2941 737 2945 727 3005 704 3001 ship 0.3927
877 2345 909 2348 900 2431 869 2428 ship 0.3905
1206 2576 1227 2582 1211 2634 1190 2627 ship 0.3894
1258 2638 1277 2632 1291 2678 1271 2683 ship 0.3836
1226 1988 1248 1993 1235 2051 1213 2046 ship 0.3815
1028 2356 1054 2362 1041 2424 1016 2419 ship 0.3788
1477 1613 1491 1593 1545 1633 1531 1652 ship 0.3750
1062 2708 1085 2712 1074 2769 1051 2765 ship 0.3681
1229 1649 1245 1631 1295 1674 1279 1692 ship 0.3675
1245 2681 1262 2669 1289 2708 1272 2720 ship 0.3648
989 1930 1013 1927 1020 1991 995 1994 ship 0.3634
1163 2546 1184 2554 1161 2615 1140 2607 ship 0.3601
1031 2702 1054 2707 1041 2762 1019 2757 ship 0.3594
815 2958 837 2962 827 3015 805 3011 ship 0.3593
1225 2712 1242 2698 1274 2736 1258 2750 ship 0.3571
1164 2107 1192 2112 1180 2186 1152 2182 ship 0.3559
1222 1795 1247 1801 1231 1867 1206 1861 ship 0.3548
940 2858 960 2848 987 2899 968 2910 ship 0.3534
1518 1525 1530 1505 1581 1534 1570 1555 ship 0.3492
1107 2376 1133 2378 1129 2444 1103 2442 ship 0.3452
907 2352 937 2357 925 2427 895 2422 ship 0.3449
1243 2629 1262 2626 1268 2667 1249 2670 ship 0.3409
1394 1492 1410 1477 1444 1511 1429 1527 ship 0.3405
1189 2113 1216 2114 1213 2183 1186 2182 ship 0.3392
1136 2101 1163 2109 1143 2176 1116 2169 ship 0.3362
573 2739 602 2739 602 2808 573 2807 ship 0.3319
822 3002 842 3001 845 3042 825 3044 ship 0.3311
890 3011 909 3011 910 3056 890 3057 ship 0.3290
1106 2092 1131 2099 1114 2163 1089 2156 ship 0.3252
853 3008 873 3008 872 3050 853 3050 ship 0.3247
785 2993 805 2990 810 3032 790 3034 ship 0.3205
1184 2389 1207 2383 1222 2436 1200 2443 ship 0.3199
603 2754 632 2756 626 2825 598 2823 ship 0.3178
1056 2368 1081 2366 1085 2433 1060 2435 ship 0.3168
914 3013 935 3012 937 3058 917 3059 ship 0.3150
1157 1767 1180 1773 1162 1835 1140 1829 ship 0.3142
1215 2400 1236 2392 1259 2448 1237 2457 ship 0.3136
1191 2742 1207 2728 1239 2762 1224 2777 ship 0.3135
1393 1468 1407 1453 1444 1487 1429 1503 ship 0.3131
996 2693 1019 2701 996 2761 974 2752 ship 0.3121
1061 2757 1081 2752 1090 2792 1071 2797 ship 0.3107
1275 1623 1289 1607 1327 1641 1314 1657 ship 0.3096
1134 1757 1157 1765 1136 1826 1113 1818 ship 0.3082
1264 1811 1288 1811 1287 1871 1262 1870 ship 0.3057
1572 1738 1595 1726 1629 1788 1607 1801 ship 0.3048
1130 2782 1146 2768 1174 2803 1158 2816 ship 0.3048
968 2682 991 2687 975 2746 952 2740 ship 0.3045
1087 2724 1109 2725 1106 2781 1083 2780 ship 0.3038
1407 1401 1424 1386 1461 1427 1444 1442 ship 0.3034
1072 1947 1095 1952 1084 2006 1060 2001 ship 0.3025
1153 2388 1176 2386 1180 2435 1157 2437 ship 0.2988
1255 1999 1276 2003 1268 2055 1247 2052 ship 0.2977
926 2845 949 2845 950 2907 927 2907 ship 0.2970
1096 2767 1115 2760 1128 2799 1109 2805 ship 0.2966
1277 2638 1296 2631 1312 2675 1293 2682 ship 0.2945
1265 2402 1283 2389 1314 2436 1296 2449 ship 0.2904
1726 1786 1725 1762 1780 1759 1781 1783 ship 0.2889
963 2872 978 2858 1009 2891 994 2905 ship 0.2811
1316 762 1351 774 1315 874 1280 862 ship 0.2808
1155 2759 1173 2746 1201 2788 1183 2801 ship 0.2798
1212 2729 1225 2712 1261 2740 1248 2757 ship 0.2788
1352 1493 1369 1479 1401 1517 1385 1531 ship 0.2772
1534 1511 1548 1490 1598 1523 1585 1543 ship 0.2770
1812 1206 1835 1212 1820 1271 1797 1265 ship 0.2767
844 2971 864 2974 856 3023 835 3019 ship 0.2756
1050 2507 1070 2514 1055 2564 1034 2558 ship 0.2754
1228 2030 1248 2030 1248 2073 1228 2073 ship 0.2747
684 2779 711 2785 696 2848 669 2841 ship 0.2738
1269 1641 1288 1629 1314 1673 1295 1684 ship 0.2717
1220 2127 1245 2129 1239 2190 1215 2188 ship 0.2714
1011 2478 1031 2478 1031 2519 1012 2519 ship 0.2706
825 3042 844 3036 857 3072 838 3078 ship 0.2681
1262 2037 1282 2037 1282 2080 1262 2080 ship 0.2656
1497 1582 1510 1564 1556 1596 1543 1614 ship 0.2643
923 2654 944 2660 927 2720 906 2714 ship 0.2604
708 2772 731 2777 719 2839 696 2835 ship 0.2603
1767 1854 1779 1835 1818 1860 1806 1878 ship 0.2601
1027 2751 1047 2746 1057 2785 1038 2790 ship 0.2599
1060 2088 1085 2092 1075 2154 1050 2150 ship 0.2586
788 2788 812 2794 797 2856 773 2850 ship 0.2568
1752 1830 1757 1809 1802 1821 1796 1842 ship 0.2553
1421 1466 1435 1450 1469 1482 1455 1497 ship 0.2552
1670 1946 1680 1925 1730 1950 1720 1971 ship 0.2551
727 3133 752 3132 754 3204 729 3205 ship 0.2530
1368 1655 1390 1654 1392 1702 1370 1703 ship 0.2530
1686 1692 1685 1669 1744 1666 1745 1690 ship 0.2521
1396 1428 1411 1412 1449 1445 1435 1462 ship 0.2511
1755 1167 1778 1175 1756 1235 1733 1226 ship 0.2505
1058 2824 1072 2811 1097 2838 1083 2851 ship 0.2504
1027 2081 1052 2082 1048 2146 1023 2144 ship 0.2496
1782 1199 1805 1205 1790 1263 1767 1257 ship 0.2489
980 2073 1005 2071 1009 2133 985 2135 ship 0.2477
1043 2891 1047 2873 1086 2881 1082 2900 ship 0.2465
1209 2613 1229 2612 1231 2648 1212 2650 ship 0.2461
946 2983 964 2976 978 3016 959 3022 ship 0.2438
1360 1473 1376 1459 1409 1495 1394 1509 ship 0.2426
1006 2888 1015 2871 1050 2888 1042 2905 ship 0.2419
1458 1622 1474 1609 1503 1645 1487 1658 ship 0.2410
1655 1563 1668 1545 1716 1579 1702 1597 ship 0.2400
1009 2859 1023 2844 1053 2874 1039 2888 ship 0.2385
1287 1829 1309 1824 1319 1874 1297 1879 ship 0.2367
1769 466 1789 455 1819 511 1799 521 ship 0.2357
954 2397 978 2395 982 2442 958 2444 ship 0.2351
739 2769 761 2773 748 2833 726 2828 ship 0.2349
1191 2028 1210 2028 1210 2067 1190 2067 ship 0.2347
945 2950 958 2936 986 2963 973 2977 ship 0.2344
1046 2466 1065 2463 1071 2500 1053 2503 ship 0.2343
1606 1797 1621 1779 1662 1813 1647 1831 ship 0.2338
1051 2858 1060 2840 1095 2858 1086 2875 ship 0.2337
1249 2578 1270 2580 1266 2633 1245 2631 ship 0.2332
1098 2826 1110 2812 1138 2835 1126 2849 ship 0.2312
977 2911 986 2895 1018 2913 1009 2929 ship 0.2309
1132 2826 1141 2808 1176 2825 1167 2843 ship 0.2295
1412 1630 1430 1623 1447 1663 1429 1670 ship 0.2291
1795 393 1813 384 1836 430 1819 439 ship 0.2289
1013 2931 1018 2912 1055 2922 1050 2941 ship 0.2269
1495 1665 1506 1649 1542 1672 1532 1688 ship 0.2262
952 2673 973 2679 956 2736 935 2730 ship 0.2259
917 2949 933 2939 955 2974 940 2984 ship 0.2259
789 3042 807 3035 820 3067 803 3074 ship 0.2252
1093 2853 1099 2834 1134 2847 1128 2865 ship 0.2232
1023 2823 1038 2813 1060 2844 1044 2855 ship 0.2221
1639 1085 1661 1094 1634 1155 1612 1145 ship 0.2216
1743 1887 1755 1870 1789 1896 1777 1912 ship 0.2208
1162 2031 1182 2031 1183 2070 1163 2070 ship 0.2201
1724 1148 1747 1154 1730 1212 1707 1205 ship 0.2182
851 3074 868 3066 883 3101 866 3108 ship 0.2179
932 2068 955 2060 973 2117 950 2125 ship 0.2168
1314 1582 1325 1566 1360 1589 1349 1605 ship 0.2143
1312 1543 1325 1526 1363 1556 1350 1573 ship 0.2143
990 2959 1000 2943 1031 2962 1021 2978 ship 0.2138
948 3017 967 3016 969 3055 950 3056 ship 0.2136
1214 1958 1235 1959 1232 2011 1211 2010 ship 0.2127
1424 1619 1440 1608 1463 1644 1447 1655 ship 0.2117
1221 2096 1240 2095 1244 2137 1225 2138 ship 0.2115
1086 2514 1106 2517 1100 2563 1080 2560 ship 0.2115
1839 1212 1861 1215 1854 1270 1831 1267 ship 0.2109
1348 1687 1368 1679 1382 1718 1362 1726 ship 0.2096
1386 1639 1405 1635 1415 1680 1395 1684 ship 0.2092
1084 2884 1087 2866 1123 2871 1120 2889 ship 0.2072
650 2774 676 2779 664 2841 638 2836 ship 0.2069
1810 371 1828 363 1847 409 1829 417 ship 0.2065
1125 2846 1129 2826 1166 2834 1161 2854 ship 0.2058
1665 1099 1688 1105 1671 1164 1649 1157 ship 0.2053
1707 1808 1716 1790 1753 1807 1744 1826 ship 0.2047
1128 2040 1148 2039 1149 2078 1129 2079 ship 0.2040
966 2476 988 2475 992 2519 970 2521 ship 0.2039
1262 2089 1280 2086 1285 2126 1266 2128 ship 0.2032
1777 408 1795 397 1822 443 1805 453 ship 0.2029
1417 1379 1435 1366 1468 1410 1450 1424 ship 0.2013
1398 1535 1410 1521 1439 1545 1428 1559 ship 0.2004
896 2827 918 2829 912 2885 890 2882 ship 0.1991
1451 1667 1464 1654 1492 1681 1479 1694 ship 0.1990
1294 1589 1305 1572 1346 1598 1335 1615 ship 0.1977
989 2751 1007 2744 1020 2779 1002 2786 ship 0.1977
1706 1750 1704 1728 1758 1724 1760 1746 ship 0.1977
1716 1925 1730 1910 1759 1939 1745 1953 ship 0.1975
1079 2457 1097 2451 1109 2485 1091 2491 ship 0.1966
1499 1556 1511 1539 1549 1564 1537 1581 ship 0.1953
823 3078 840 3071 855 3104 838 3112 ship 0.1942
1407 1665 1424 1656 1443 1689 1426 1699 ship 0.1930
1830 1951 1848 1942 1869 1985 1851 1994 ship 0.1928
1761 1798 1765 1776 1806 1783 1802 1805 ship 0.1923
1092 2050 1111 2050 1112 2090 1092 2091 ship 0.1918
1273 2702 1290 2689 1317 2722 1300 2735 ship 0.1918
1021 2971 1027 2952 1064 2965 1057 2984 ship 0.1917
1351 1535 1365 1521 1393 1549 1380 1563 ship 0.1913
1008 1992 1027 1986 1039 2024 1019 2030 ship 0.1896
1168 1736 1185 1729 1203 1770 1185 1778 ship 0.1895
1663 1793 1673 1774 1711 1795 1701 1813 ship 0.1889
885 3074 903 3067 917 3100 899 3107 ship 0.1872
879 2812 899 2814 893 2867 872 2864 ship 0.1858
1799 1878 1812 1865 1836 1889 1823 1902 ship 0.1855
949 2829 968 2822 982 2864 964 2870 ship 0.1846
718 3956 727 3936 775 3960 766 3979 ship 0.1843
1297 2446 1311 2432 1344 2465 1330 2479 ship 0.1833
1713 1859 1725 1844 1753 1867 1740 1882 ship 0.1828
703 4006 710 3985 765 4003 757 4025 ship 0.1825
1841 218 1860 208 1883 252 1864 262 ship 0.1819
739 3044 756 3037 768 3067 751 3074 ship 0.1819
771 3152 794 3154 788 3218 764 3215 ship 0.1819
1544 1709 1562 1698 1586 1738 1568 1749 ship 0.1817
981 2828 998 2819 1016 2854 999 2863 ship 0.1814
1329 1620 1345 1609 1367 1640 1352 1651 ship 0.1809
690 4034 695 4012 750 4023 745 4045 ship 0.1800
1678 1664 1682 1643 1729 1652 1725 1673 ship 0.1797
1305 2011 1325 2012 1322 2059 1303 2058 ship 0.1784
1816 1928 1830 1916 1852 1942 1838 1954 ship 0.1768
842 2798 864 2803 850 2859 828 2854 ship 0.1764
973 1993 991 1984 1009 2022 991 2031 ship 0.1753
996 2986 1012 2976 1032 3007 1016 3017 ship 0.1750
724 1773 750 1769 758 1833 732 1837 ship 0.1743
1260 2142 1282 2145 1277 2193 1255 2191 ship 0.1742
1665 1373 1688 1367 1702 1428 1679 1433 ship 0.1742
1643 1852 1654 1835 1685 1856 1674 1873 ship 0.1738
730 3105 750 3102 755 3142 736 3145 ship 0.1736
780 3091 798 3085 809 3120 791 3125 ship 0.1730
1779 446 1796 436 1822 480 1805 490 ship 0.1725
1203 1688 1218 1675 1247 1708 1231 1721 ship 0.1725
956 2350 981 2348 985 2403 959 2404 ship 0.1724
1716 1945 1731 1932 1756 1962 1741 1975 ship 0.1719
1868 223 1889 217 1904 265 1883 272 ship 0.1696
1318 2641 1337 2632 1355 2672 1337 2680 ship 0.1695
1111 2456 1128 2449 1142 2481 1125 2489 ship 0.1680
1198 1740 1214 1730 1234 1763 1218 1773 ship 0.1674
958 2758 975 2750 989 2783 972 2791 ship 0.1666
1279 2583 1298 2581 1305 2628 1285 2630 ship 0.1641
1687 1134 1711 1139 1699 1193 1675 1187 ship 0.1637
1776 1918 1789 1906 1810 1931 1797 1943 ship 0.1637
1608 1760 1626 1747 1655 1787 1638 1800 ship 0.1634
1683 1769 1693 1752 1729 1772 1719 1790 ship 0.1630
1172 2819 1176 2800 1213 2808 1208 2827 ship 0.1627
897 2645 918 2648 910 2707 889 2705 ship 0.1621
1845 353 1864 347 1880 392 1861 399 ship 0.1618
1829 160 1843 148 1868 179 1854 191 ship 0.1617
1663 1608 1670 1589 1715 1606 1708 1625 ship 0.1617
1787 856 1804 835 1858 880 1841 901 ship 0.1611
1187 2549 1208 2552 1199 2602 1178 2598 ship 0.1556
1685 1723 1692 1705 1730 1719 1723 1737 ship 0.1536
1308 2424 1324 2412 1352 2448 1336 2460 ship 0.1535
880 2954 898 2950 906 2991 888 2994 ship 0.1533
1431 1599 1443 1586 1469 1610 1457 1623 ship 0.1526
677 4061 681 4039 735 4048 731 4070 ship 0.1525
1676 1549 1690 1533 1733 1571 1718 1588 ship 0.1517
958 3058 976 3057 978 3091 960 3092 ship 0.1515
1858 111 1874 98 1901 130 1884 143 ship 0.1506
1834 123 1848 109 1878 139 1863 153 ship 0.1506
275 3644 283 3415 1002 3442 993 3671 ship 0.1491
1403 1597 1414 1584 1439 1605 1428 1618 ship 0.1482
812 3127 831 3123 840 3162 822 3166 ship 0.1461
1175 1712 1191 1699 1219 1734 1203 1747 ship 0.1456
1149 2454 1166 2445 1182 2478 1165 2486 ship 0.1453
718 3927 728 3905 781 3929 772 3950 ship 0.1451
1169 2602 1188 2601 1192 2637 1172 2639 ship 0.1446
553 2738 581 2741 575 2800 548 2798 ship 0.1442
1338 1871 1355 1861 1374 1892 1358 1903 ship 0.1440
1245 1961 1264 1957 1272 2000 1253 2003 ship 0.1440
1720 1662 1726 1641 1772 1653 1767 1674 ship 0.1430
649 2547 744 2574 685 2787 590 2761 ship 0.1417
803 2797 825 2798 822 2846 800 2844 ship 0.1412
1495 1711 1508 1697 1538 1725 1525 1739 ship 0.1395
1796 1832 1808 1817 1839 1842 1828 1857 ship 0.1388
1240 2784 1244 2764 1283 2770 1280 2790 ship 0.1387
1279 2743 1290 2725 1325 2747 1314 2765 ship 0.1386
1810 1285 1828 1279 1841 1316 1823 1322 ship 0.1386
1815 194 1831 183 1855 218 1838 229 ship 0.1381
1310 2088 1327 2086 1333 2123 1315 2126 ship 0.1377
783 2338 811 2344 797 2421 768 2416 ship 0.1365
1029 2560 1049 2558 1053 2597 1032 2599 ship 0.1362
1549 1568 1565 1555 1590 1586 1575 1599 ship 0.1341
747 2803 769 2805 764 2846 743 2843 ship 0.1336
1360 1590 1372 1577 1395 1599 1384 1611 ship 0.1330
920 2770 937 2765 948 2797 931 2803 ship 0.1317
809 3162 831 3163 828 3216 806 3215 ship 0.1316
1000 3021 1018 3018 1024 3053 1006 3056 ship 0.1311
847 3120 864 3113 877 3148 859 3154 ship 0.1307
1302 1691 1319 1682 1337 1715 1320 1725 ship 0.1307
953 2012 970 2005 986 2041 968 2049 ship 0.1293
1125 2884 1127 2866 1159 2869 1157 2887 ship 0.1291
1267 2443 1282 2430 1310 2462 1295 2475 ship 0.1290
1782 1953 1798 1945 1813 1976 1797 1984 ship 0.1287
1228 1856 1246 1849 1259 1886 1240 1893 ship 0.1287
1830 1891 1845 1880 1867 1909 1852 1920 ship 0.1278
1444 1461 1459 1448 1485 1478 1470 1491 ship 0.1273
1166 1801 1189 1800 1190 1842 1167 1843 ship 0.1265
1029 2994 1043 2981 1069 3007 1056 3020 ship 0.1258
926 3080 944 3074 954 3106 937 3111 ship 0.1255
1447 1718 1458 1703 1490 1725 1479 1740 ship 0.1236
1181 2449 1197 2439 1218 2471 1202 2481 ship 0.1235
1846 1297 1864 1292 1874 1328 1856 1333 ship 0.1225
1217 1932 1235 1926 1247 1963 1229 1969 ship 0.1217
1300 1921 1314 1911 1334 1939 1320 1949 ship 0.1210
739 3192 760 3190 765 3237 743 3239 ship 0.1198
1816 346 1832 338 1851 376 1834 384 ship 0.1197
1338 1741 1353 1730 1372 1756 1357 1767 ship 0.1193
1256 1923 1272 1914 1290 1946 1274 1955 ship 0.1189
1819 1967 1837 1962 1848 2002 1830 2008 ship 0.1184
1326 2494 1340 2482 1366 2514 1351 2526 ship 0.1182
1325 2710 1340 2696 1367 2726 1352 2739 ship 0.1177
670 4088 676 4066 729 4079 723 4101 ship 0.1170
1168 2734 1187 2726 1204 2765 1186 2773 ship 0.1168
1387 1695 1403 1685 1420 1716 1404 1725 ship 0.1164
754 2934 781 2934 781 2993 754 2993 ship 0.1160
1245 1682 1261 1669 1285 1700 1269 1713 ship 0.1160
1832 382 1849 374 1866 413 1848 420 ship 0.1159
711 3046 727 3038 742 3068 725 3077 ship 0.1153
991 2571 1010 2566 1018 2601 1000 2605 ship 0.1145
1254 1746 1269 1736 1289 1764 1273 1775 ship 0.1145
1415 1712 1428 1698 1454 1722 1442 1736 ship 0.1135
1846 2012 1863 2005 1878 2045 1861 2052 ship 0.1133
1305 1745 1320 1734 1339 1762 1324 1773 ship 0.1131
1332 2016 1351 2011 1362 2055 1343 2060 ship 0.1130
1217 2560 1238 2560 1238 2604 1217 2604 ship 0.1129
1541 1609 1557 1598 1579 1630 1563 1641 ship 0.1126
1310 2127 1329 2126 1330 2167 1311 2168 ship 0.1120
1622 1719 1637 1706 1663 1738 1647 1751 ship 0.1115
1773 881 1786 859 1845 893 1832 916 ship 0.1099
1728 1972 1743 1961 1767 1991 1751 2003 ship 0.1098
1218 2446 1234 2435 1257 2467 1242 2478 ship 0.1098
1855 1979 1873 1971 1890 2010 1872 2017 ship 0.1097
960 2510 981 2512 978 2559 956 2557 ship 0.1096
1731 1624 1740 1605 1781 1625 1772 1644 ship 0.1095
1465 1557 1477 1545 1501 1569 1488 1581 ship 0.1089
1297 1795 1313 1785 1330 1816 1314 1825 ship 0.1088
1080 2932 1084 2914 1117 2921 1113 2939 ship 0.1086
854 3048 871 3040 889 3073 871 3082 ship 0.1082
1854 155 1868 144 1889 172 1875 183 ship 0.1068
872 2780 890 2778 895 2815 877 2818 ship 0.1067
767 2752 786 2751 788 2796 769 2797 ship 0.1066
1211 2820 1213 2801 1248 2806 1246 2825 ship 0.1065
951 2589 969 2584 979 2618 961 2623 ship 0.1062
1299 1962 1315 1954 1330 1987 1313 1995 ship 0.1056
1233 1807 1259 1801 1272 1855 1246 1861 ship 0.1053
1302 2497 1316 2486 1340 2515 1326 2527 ship 0.1050
1344 1925 1358 1913 1380 1939 1366 1951 ship 0.1045
936 2652 956 2650 958 2693 939 2694 ship 0.1044
1450 1496 1465 1485 1485 1512 1471 1523 ship 0.1035
906 2982 924 2973 944 3013 926 3022 ship 0.1035
1289 2551 1306 2544 1321 2579 1305 2586 ship 0.1032
1853 1950 1871 1942 1889 1982 1871 1990 ship 0.1032
1539 1647 1553 1636 1575 1664 1560 1675 ship 0.1030
1817 244 1834 234 1855 271 1838 281 ship 0.1021
1643 1679 1656 1665 1682 1690 1670 1704 ship 0.1020
884 3117 900 3110 914 3140 898 3148 ship 0.1017
1784 1274 1802 1266 1817 1300 1800 1308 ship 0.1014
1620 1566 1636 1556 1655 1587 1638 1597 ship 0.1013
774 3170 798 3173 790 3234 766 3231 storage-tank 0.1566
738 3168 762 3169 759 3235 735 3234 storage-tank 0.1556
818 3178 841 3182 832 3237 809 3234 storage-tank 0.1360
565 3416 596 3423 582 3485 551 3478 storage-tank 0.1231
784 3419 807 3412 819 3458 796 3464 storage-tank 0.1139
766 3244 785 3236 800 3273 781 3280 storage-tank 0.1082
734 3245 752 3237 768 3272 751 3281 storage-tank 0.1067
747 3426 768 3422 777 3467 756 3471 storage-tank 0.1022
956 2138 911 1932 1292 1850 1337 2056 harbor 0.3015
773 2594 804 2395 1359 2481 1328 2681 harbor 0.2273
1566 1244 1589 1034 1932 1072 1909 1282 harbor 0.2264
792 2310 804 2153 1340 2197 1328 2354 harbor 0.1663
595 3263 622 3063 914 3102 887 3301 harbor 0.1397
785 2937 721 2698 1238 2559 1302 2797 harbor 0.1287
413 1990 489 1885 739 2066 664 2171 harbor 0.1200
622 4435 600 4402 834 4248 856 4281 harbor 0.1120
1726 1786 1725 1762 1780 1759 1781 1783 harbor 0.1087
