755 1116 766 1117 763 1142 752 1141 small-vehicle 0.2393
852 1116 862 1121 851 1145 841 1140 small-vehicle 0.2254
1225 1117 1238 1117 1237 1144 1225 1143 small-vehicle 0.2124
767 1116 778 1117 774 1143 763 1141 small-vehicle 0.2104
697 1112 709 1113 707 1136 695 1135 small-vehicle 0.2063
375 91 375 78 403 77 403 90 small-vehicle 0.2063
639 1113 649 1106 663 1126 653 1133 small-vehicle 0.2060
552 1161 551 1150 575 1149 575 1160 small-vehicle 0.2034
1160 1260 1172 1264 1164 1287 1152 1283 small-vehicle 0.2027
346 327 360 326 362 356 348 357 small-vehicle 0.2026
682 1112 694 1113 691 1136 680 1135 small-vehicle 0.2022
1036 54 1048 54 1048 87 1036 87 small-vehicle 0.1998
797 1210 809 1210 808 1236 797 1235 small-vehicle 0.1994
757 1251 770 1251 769 1275 757 1275 small-vehicle 0.1954
678 1210 688 1204 701 1223 691 1229 small-vehicle 0.1944
1145 860 1157 863 1151 887 1139 883 small-vehicle 0.1942
1092 64 1104 64 1104 99 1092 99 small-vehicle 0.1931
734 1251 746 1249 750 1272 738 1274 small-vehicle 0.1928
1104 65 1118 64 1121 99 1107 101 small-vehicle 0.1923
726 1112 738 1114 734 1138 722 1136 small-vehicle 0.1920
1166 79 1177 73 1196 106 1184 112 small-vehicle 0.1898
808 1212 820 1213 818 1237 807 1236 small-vehicle 0.1885
295 213 302 203 322 219 315 229 small-vehicle 0.1864
862 1117 872 1122 860 1146 851 1141 small-vehicle 0.1835
898 1120 909 1118 913 1144 902 1146 small-vehicle 0.1817
609 1070 621 1070 620 1095 608 1094 small-vehicle 0.1798
742 1206 754 1205 756 1230 744 1231 small-vehicle 0.1758
237 135 249 132 255 156 243 159 small-vehicle 0.1757
1072 1029 1078 1017 1100 1028 1094 1040 small-vehicle 0.1754
920 1105 931 1105 933 1136 922 1136 small-vehicle 0.1736
753 1207 764 1206 766 1231 755 1232 small-vehicle 0.1735
616 1124 617 1112 643 1114 642 1126 small-vehicle 0.1704
1014 1116 1025 1111 1041 1143 1030 1149 small-vehicle 0.1697
1068 1161 1070 1151 1092 1155 1090 1165 small-vehicle 0.1683
215 1188 215 1177 240 1176 240 1187 small-vehicle 0.1656
821 1214 833 1215 830 1238 819 1237 small-vehicle 0.1649
1213 940 1229 938 1232 970 1216 972 small-vehicle 0.1623
796 1254 807 1253 807 1277 796 1278 small-vehicle 0.1609
260 371 272 369 277 390 265 393 small-vehicle 0.1601
295 1292 296 1281 318 1282 317 1294 small-vehicle 0.1593
96 1227 94 1218 114 1213 116 1223 small-vehicle 0.1593
177 1189 174 1180 196 1174 198 1183 small-vehicle 0.1592
1253 1120 1265 1121 1264 1146 1252 1145 small-vehicle 0.1578
226 138 238 136 243 161 231 163 small-vehicle 0.1567
1224 1068 1236 1069 1233 1094 1221 1093 small-vehicle 0.1550
37 1204 37 1195 57 1195 57 1204 small-vehicle 0.1548
303 911 301 899 332 894 334 906 small-vehicle 0.1545
389 1166 387 1157 405 1153 406 1161 small-vehicle 0.1530
1129 539 1141 545 1118 589 1106 583 small-vehicle 0.1524
1245 1070 1257 1071 1254 1093 1243 1092 small-vehicle 0.1522
960 1063 971 1063 973 1088 961 1088 small-vehicle 0.1514
1207 1066 1218 1068 1215 1092 1203 1091 small-vehicle 0.1510
776 1117 787 1119 784 1144 773 1142 small-vehicle 0.1503
786 1253 797 1253 798 1276 787 1277 small-vehicle 0.1502
91 1200 90 1189 112 1187 113 1198 small-vehicle 0.1496
665 1109 676 1111 673 1134 662 1132 small-vehicle 0.1490
14 812 26 814 23 838 11 836 small-vehicle 0.1488
65 1204 64 1194 84 1192 85 1202 small-vehicle 0.1485
1197 680 1199 668 1229 674 1227 686 small-vehicle 0.1478
1145 1136 1142 1124 1165 1119 1168 1130 small-vehicle 0.1471
908 1111 919 1110 921 1138 910 1139 small-vehicle 0.1469
958 1033 968 1031 973 1053 963 1055 small-vehicle 0.1466
790 1119 800 1120 799 1145 788 1144 small-vehicle 0.1442
876 1081 885 1077 894 1099 884 1103 small-vehicle 0.1437
831 1217 841 1217 840 1239 830 1239 small-vehicle 0.1436
221 1200 219 1190 240 1187 242 1197 small-vehicle 0.1434
296 130 305 125 316 146 307 151 small-vehicle 0.1415
1223 78 1234 80 1229 108 1218 106 small-vehicle 0.1407
869 1118 880 1122 872 1147 861 1144 small-vehicle 0.1406
1209 66 1220 67 1217 97 1206 96 small-vehicle 0.1398
348 497 345 485 369 478 372 490 small-vehicle 0.1382
1094 1164 1095 1155 1112 1158 1111 1167 small-vehicle 0.1382
255 131 267 129 270 152 258 154 small-vehicle 0.1381
558 1100 569 1101 567 1125 557 1124 small-vehicle 0.1379
896 1074 906 1070 914 1091 904 1095 small-vehicle 0.1375
1054 1255 1064 1256 1063 1280 1053 1280 small-vehicle 0.1371
886 1077 896 1073 904 1093 894 1097 small-vehicle 0.1364
255 227 255 215 280 214 280 227 small-vehicle 0.1360
1135 1167 1136 1157 1158 1160 1157 1170 small-vehicle 0.1352
1147 1091 1149 1079 1172 1083 1170 1096 small-vehicle 0.1352
986 1278 997 1279 996 1301 985 1301 small-vehicle 0.1342
578 1288 578 1276 602 1277 602 1289 small-vehicle 0.1341
224 370 236 369 237 393 225 394 small-vehicle 0.1339
1178 631 1183 622 1200 631 1194 641 small-vehicle 0.1339
305 1174 302 1165 322 1160 325 1169 small-vehicle 0.1336
1197 693 1199 681 1228 686 1226 698 small-vehicle 0.1324
378 333 391 333 390 361 378 361 small-vehicle 0.1314
764 1206 774 1206 774 1230 764 1230 small-vehicle 0.1313
265 130 276 127 283 148 272 152 small-vehicle 0.1305
374 81 373 68 402 67 403 80 small-vehicle 0.1304
283 77 286 64 310 69 308 82 small-vehicle 0.1302
1186 1305 1184 1294 1207 1290 1209 1301 small-vehicle 0.1284
349 1195 347 1187 366 1182 368 1190 small-vehicle 0.1281
1194 642 1197 631 1218 637 1214 648 small-vehicle 0.1280
1130 61 1142 60 1143 88 1131 89 small-vehicle 0.1267
370 61 371 48 396 48 395 61 small-vehicle 0.1266
33 743 43 742 44 766 33 766 small-vehicle 0.1266
336 318 337 305 362 307 361 320 small-vehicle 0.1264
21 743 32 743 33 766 22 767 small-vehicle 0.1264
13 778 25 777 27 802 15 803 small-vehicle 0.1262
1212 1118 1224 1117 1225 1142 1213 1142 small-vehicle 0.1255
969 1061 980 1061 981 1086 970 1086 small-vehicle 0.1236
878 1120 889 1121 885 1147 874 1145 small-vehicle 0.1235
8 1240 6 1232 25 1228 27 1236 small-vehicle 0.1220
215 136 227 136 227 159 215 159 small-vehicle 0.1205
1 780 12 778 15 802 4 804 small-vehicle 0.1197
608 1193 617 1188 628 1210 619 1215 small-vehicle 0.1185
194 147 204 142 212 162 202 167 small-vehicle 0.1181
1155 58 1166 58 1168 88 1157 88 small-vehicle 0.1179
277 216 284 208 299 219 293 228 small-vehicle 0.1175
336 287 337 275 361 276 360 287 small-vehicle 0.1172
1099 1252 1110 1252 1111 1279 1099 1279 small-vehicle 0.1165
334 180 334 169 356 169 356 180 small-vehicle 0.1161
284 129 295 125 302 146 292 150 small-vehicle 0.1155
1193 741 1194 728 1222 730 1221 743 small-vehicle 0.1149
918 1064 928 1062 934 1085 924 1087 small-vehicle 0.1143
1134 581 1144 589 1117 628 1107 620 small-vehicle 0.1138
1174 332 1181 323 1225 356 1218 365 small-vehicle 0.1137
1035 1212 1045 1216 1034 1242 1024 1238 small-vehicle 0.1127
928 1060 939 1059 942 1084 931 1085 small-vehicle 0.1108
804 704 814 696 847 735 837 744 small-vehicle 0.1103
972 1257 971 1244 999 1244 999 1256 small-vehicle 0.1102
838 1099 847 1091 863 1108 854 1117 small-vehicle 0.1101
1119 1235 1128 1233 1132 1253 1123 1255 small-vehicle 0.1087
1238 1124 1249 1124 1248 1146 1237 1145 small-vehicle 0.1081
361 333 374 333 375 360 362 361 small-vehicle 0.1080
96 1208 95 1200 112 1196 114 1205 small-vehicle 0.1080
622 1112 624 1101 646 1106 644 1116 small-vehicle 0.1077
777 1207 788 1209 785 1232 774 1231 small-vehicle 0.1075
330 300 333 288 358 293 355 305 small-vehicle 0.1073
312 133 322 127 334 148 324 154 small-vehicle 0.1066
1234 1283 1233 1271 1255 1270 1256 1282 small-vehicle 0.1066
320 207 331 204 335 226 324 228 small-vehicle 0.1062
1110 1165 1110 1157 1128 1158 1127 1166 small-vehicle 0.1058
1141 367 1151 374 1124 413 1114 406 small-vehicle 0.1054
1195 1118 1207 1115 1214 1139 1201 1142 small-vehicle 0.1054
943 1059 954 1060 953 1084 942 1083 small-vehicle 0.1053
235 371 246 371 247 393 235 393 small-vehicle 0.1040
81 1174 80 1166 100 1164 101 1172 small-vehicle 0.1039
805 1120 815 1119 816 1144 806 1145 small-vehicle 0.1039
1071 1254 1081 1255 1080 1279 1070 1279 small-vehicle 0.1032
1092 1231 1105 1229 1107 1258 1095 1259 small-vehicle 0.1031
76 815 76 805 98 806 97 816 small-vehicle 0.1031
1138 1309 1143 1297 1169 1308 1164 1320 small-vehicle 0.1030
1137 389 1148 396 1124 433 1113 426 small-vehicle 0.1028
821 1097 831 1095 835 1112 825 1114 small-vehicle 0.1025
1244 1169 1245 1157 1268 1158 1268 1171 small-vehicle 0.1013
33 813 43 813 42 836 32 835 small-vehicle 0.1007
728 465 740 466 737 520 725 520 large-vehicle 0.4496
1167 438 1176 429 1232 482 1222 492 large-vehicle 0.4176
1209 251 1209 239 1263 242 1262 255 large-vehicle 0.4154
288 1085 299 1092 267 1138 257 1131 large-vehicle 0.4127
804 704 814 696 847 735 837 744 large-vehicle 0.4083
906 865 918 864 925 917 913 919 large-vehicle 0.4017
1139 307 1151 312 1125 370 1113 364 large-vehicle 0.3971
874 858 886 855 897 908 884 910 large-vehicle 0.3853
1174 505 1184 496 1229 543 1220 553 large-vehicle 0.3840
374 972 374 959 425 960 425 973 large-vehicle 0.3647
1187 222 1187 211 1235 211 1235 222 large-vehicle 0.3604
851 869 863 865 878 917 866 921 large-vehicle 0.3599
918 859 930 858 935 912 923 913 large-vehicle 0.3495
130 1093 142 1094 139 1147 127 1146 large-vehicle 0.3482
883 931 895 928 909 979 897 982 large-vehicle 0.3422
365 1105 365 1093 416 1092 416 1104 large-vehicle 0.3408
160 1088 172 1088 170 1139 157 1138 large-vehicle 0.3390
374 959 374 947 425 949 425 961 large-vehicle 0.3357
1130 639 1141 644 1116 700 1104 695 large-vehicle 0.3349
801 745 810 736 844 774 835 782 large-vehicle 0.3334
839 872 851 868 867 920 855 923 large-vehicle 0.3332
373 992 373 980 425 980 425 992 large-vehicle 0.3307
1130 536 1142 542 1116 593 1104 587 large-vehicle 0.3257
1130 620 1141 626 1114 676 1103 671 large-vehicle 0.3236
809 880 821 876 835 930 823 933 large-vehicle 0.3225
90 1044 102 1044 100 1095 88 1094 large-vehicle 0.3204
1188 302 1195 290 1242 316 1236 328 large-vehicle 0.3170
1170 372 1180 361 1236 412 1227 422 large-vehicle 0.3169
922 910 935 907 948 965 935 967 large-vehicle 0.3165
108 1093 120 1094 116 1145 104 1144 large-vehicle 0.3141
365 1087 365 1075 416 1074 416 1085 large-vehicle 0.3121
695 751 707 752 704 807 692 807 large-vehicle 0.3071
194 1087 206 1090 192 1139 180 1136 large-vehicle 0.3053
373 1003 373 991 425 991 425 1003 large-vehicle 0.2983
1141 411 1153 417 1123 475 1111 468 large-vehicle 0.2983
1001 158 1013 159 1011 212 999 212 large-vehicle 0.2959
149 1092 161 1093 159 1145 146 1144 large-vehicle 0.2947
1141 372 1152 378 1123 432 1112 425 large-vehicle 0.2883
220 1087 231 1092 211 1140 200 1136 large-vehicle 0.2880
366 1076 366 1064 416 1063 416 1075 large-vehicle 0.2853
802 654 812 645 847 683 837 692 large-vehicle 0.2773
373 1014 373 1002 425 1002 425 1014 large-vehicle 0.2769
800 727 810 718 845 753 836 762 large-vehicle 0.2769
1191 330 1199 320 1247 362 1239 372 large-vehicle 0.2711
118 1093 130 1094 127 1146 114 1146 large-vehicle 0.2671
1213 178 1213 165 1264 165 1263 179 large-vehicle 0.2503
1131 578 1142 584 1116 632 1105 626 large-vehicle 0.2499
367 1065 367 1053 417 1053 417 1065 large-vehicle 0.2447
792 755 801 747 835 786 826 794 large-vehicle 0.2429
373 1044 373 1032 424 1032 424 1044 large-vehicle 0.2423
240 990 251 995 229 1045 217 1040 large-vehicle 0.2406
1013 159 1026 160 1023 214 1010 213 large-vehicle 0.2398
1132 491 1144 497 1116 552 1104 545 large-vehicle 0.2393
829 878 842 874 856 926 844 929 large-vehicle 0.2369
242 1086 253 1092 230 1140 219 1135 large-vehicle 0.2366
1208 232 1208 220 1259 218 1260 230 large-vehicle 0.2339
1180 354 1189 343 1240 382 1231 393 large-vehicle 0.2311
1131 462 1143 468 1118 521 1106 515 large-vehicle 0.2272
1141 337 1153 343 1122 400 1111 394 large-vehicle 0.2270
861 860 873 858 885 910 873 913 large-vehicle 0.2158
276 952 288 956 275 995 263 991 large-vehicle 0.2076
660 747 673 747 674 801 661 802 large-vehicle 0.2048
798 888 810 885 825 936 813 939 large-vehicle 0.2028
373 1055 373 1043 423 1044 423 1056 large-vehicle 0.2025
380 936 381 924 427 928 425 941 large-vehicle 0.1974
1189 271 1195 259 1245 284 1239 296 large-vehicle 0.1972
300 953 311 957 297 996 286 992 large-vehicle 0.1929
1183 280 1189 269 1242 294 1236 306 large-vehicle 0.1842
288 952 300 956 287 995 276 992 large-vehicle 0.1824
1171 418 1180 408 1226 454 1216 463 large-vehicle 0.1814
847 805 847 791 896 791 896 805 large-vehicle 0.1798
265 1084 276 1091 248 1137 237 1130 large-vehicle 0.1780
1174 332 1181 323 1225 356 1218 365 large-vehicle 0.1768
1183 312 1190 302 1234 331 1227 342 large-vehicle 0.1751
873 148 880 139 912 165 905 173 large-vehicle 0.1739
1191 244 1191 232 1242 230 1242 242 large-vehicle 0.1733
786 891 799 887 815 938 803 942 large-vehicle 0.1698
1105 63 1119 63 1119 102 1106 102 large-vehicle 0.1695
368 1035 368 1023 417 1022 418 1034 large-vehicle 0.1675
1177 391 1187 381 1230 425 1219 435 large-vehicle 0.1640
208 1087 220 1091 202 1137 190 1133 large-vehicle 0.1607
208 999 218 1005 198 1041 187 1035 large-vehicle 0.1598
303 911 301 899 332 894 334 906 large-vehicle 0.1594
1043 50 1056 51 1051 90 1039 88 large-vehicle 0.1570
220 997 231 1003 212 1042 201 1037 large-vehicle 0.1507
1166 79 1177 73 1196 106 1184 112 large-vehicle 0.1462
716 466 727 467 726 518 715 518 large-vehicle 0.1424
1091 61 1104 61 1103 102 1091 102 large-vehicle 0.1422
1128 524 1139 531 1117 566 1106 559 large-vehicle 0.1377
1173 257 1176 245 1238 259 1235 272 large-vehicle 0.1373
980 117 990 123 973 152 963 147 large-vehicle 0.1370
804 635 815 626 848 671 836 679 large-vehicle 0.1318
672 753 685 753 684 807 671 807 large-vehicle 0.1188
1126 607 1138 613 1119 647 1107 641 large-vehicle 0.1176
1018 1119 1028 1113 1047 1144 1037 1150 large-vehicle 0.1118
405 4 418 -4 430 14 416 22 storage-tank 0.1066
475 1258 475 1207 569 1207 569 1258 swimming-pool 0.2948
