228 1162 250 1156 265 1210 243 1216 bridge 0.1005
475 841 493 839 499 890 481 892 ship 0.3214
484 1821 498 1818 507 1855 493 1858 ship 0.3043
503 1813 517 1813 518 1848 504 1848 ship 0.2793
537 1799 553 1799 554 1840 539 1841 ship 0.2745
451 1865 459 1854 490 1875 482 1886 ship 0.2569
475 1847 485 1840 503 1866 493 1873 ship 0.2329
228 1162 250 1156 265 1210 243 1216 ship 0.2160
200 1000 197 983 250 974 253 991 ship 0.2079
438 1883 444 1870 478 1885 472 1898 ship 0.2036
217 1016 215 999 261 995 262 1012 ship 0.1982
671 1128 684 1127 685 1162 672 1163 ship 0.1834
703 1127 716 1127 714 1165 701 1164 ship 0.1809
719 1123 734 1125 730 1165 715 1163 ship 0.1625
560 1796 573 1796 574 1831 561 1831 ship 0.1570
239 640 236 477 803 468 806 631 ship 0.1543
247 1017 252 1001 291 1015 286 1030 ship 0.1478
520 1842 533 1838 542 1868 529 1872 ship 0.1477
280 422 293 419 299 451 286 454 ship 0.1446
463 1778 430 1692 734 1575 767 1661 ship 0.1437
651 1125 664 1124 667 1159 653 1160 ship 0.1429
496 829 508 825 519 858 507 862 ship 0.1416
248 424 261 419 273 452 259 457 ship 0.1358
307 422 320 421 323 452 310 454 ship 0.1357
457 839 475 836 482 886 465 888 ship 0.1268
356 568 373 569 371 610 355 609 ship 0.1255
175 997 177 984 204 988 202 1001 ship 0.1241
188 909 185 810 724 792 727 892 ship 0.1228
328 422 341 421 343 454 329 454 ship 0.1215
172 977 175 964 201 972 198 984 ship 0.1188
174 1009 179 997 207 1009 201 1021 ship 0.1154
589 2406 588 2390 627 2387 628 2402 ship 0.1125
458 1703 464 1693 492 1711 486 1722 ship 0.1117
513 839 528 833 546 880 531 886 ship 0.1114
355 422 368 422 368 454 355 454 ship 0.1101
229 427 242 421 256 455 243 461 ship 0.1093
167 952 174 942 198 960 190 970 ship 0.1091
533 2292 535 2278 574 2285 572 2299 ship 0.1062
546 1841 559 1838 566 1869 553 1872 ship 0.1054
431 1893 437 1881 466 1896 460 1909 ship 0.1023
652 1155 665 1154 667 1191 654 1192 ship 0.1016
626 1120 639 1119 642 1156 629 1157 ship 0.1008
522 822 533 815 557 850 546 857 ship 0.1003
474 1698 482 1689 507 1710 499 1719 ship 0.1000
463 1778 430 1692 734 1575 767 1661 harbor 0.3328
369 1594 336 1494 718 1368 751 1468 harbor 0.3136
233 1203 234 1060 748 1064 747 1206 harbor 0.2346
504 2238 458 2145 758 1997 804 2090 harbor 0.2202
177 919 174 794 733 782 736 907 harbor 0.2110
192 674 238 372 790 456 744 758 harbor 0.2107
459 1904 433 1824 766 1715 792 1795 harbor 0.2094
487 2087 455 2009 783 1876 814 1954 harbor 0.1963
653 2391 648 2369 700 2359 704 2381 harbor 0.1537
581 2443 543 2347 756 2263 794 2358 harbor 0.1371
282 1091 276 1020 688 982 695 1053 harbor 0.1327
331 1460 299 1381 616 1254 648 1333 harbor 0.1119
471 1984 444 1908 761 1799 788 1875 harbor 0.1019
522 2318 486 2229 769 2112 806 2201 harbor 0.1009
