1213 516 1255 515 1255 663 1214 663 ground-track-field 0.1392
362 512 385 510 389 562 367 564 small-vehicle 0.5932
541 719 566 711 583 762 557 770 small-vehicle 0.4410
573 708 598 701 611 751 587 758 small-vehicle 0.3681
1192 719 1221 718 1222 782 1193 783 small-vehicle 0.2522
1300 846 1324 851 1311 903 1288 897 small-vehicle 0.2229
600 702 625 694 643 746 617 754 small-vehicle 0.1678
987 710 1014 705 1025 763 999 768 small-vehicle 0.1669
260 167 257 144 358 129 361 153 small-vehicle 0.1621
391 497 413 494 419 534 397 537 small-vehicle 0.1554
515 721 541 716 550 764 525 769 small-vehicle 0.1529
398 684 423 679 433 732 408 736 small-vehicle 0.1460
704 847 731 844 737 899 710 902 small-vehicle 0.1459
264 483 263 457 353 455 354 480 small-vehicle 0.1428
273 392 272 367 370 361 371 387 small-vehicle 0.1407
257 266 255 242 359 237 361 261 small-vehicle 0.1393
387 448 393 432 426 444 420 460 small-vehicle 0.1377
718 34 719 17 763 18 762 35 small-vehicle 0.1276
243 667 242 641 349 637 350 662 small-vehicle 0.1240
257 237 254 213 359 201 362 225 small-vehicle 0.1156
924 699 949 692 970 764 945 771 small-vehicle 0.1131
240 422 240 398 351 399 351 423 small-vehicle 0.1131
1043 305 1059 308 1052 341 1036 338 small-vehicle 0.1106
256 517 256 492 355 490 356 514 small-vehicle 0.1083
388 283 413 277 428 336 402 342 small-vehicle 0.1081
245 336 243 312 350 302 352 326 small-vehicle 0.1060
814 762 803 742 848 718 859 739 small-vehicle 0.1041
370 736 409 731 429 876 389 881 large-vehicle 0.5490
209 424 208 398 347 397 347 423 large-vehicle 0.3955
208 516 208 491 349 492 349 517 large-vehicle 0.3868
898 698 938 697 942 856 901 856 large-vehicle 0.3819
598 717 634 716 639 882 603 883 large-vehicle 0.3568
196 668 195 643 347 637 348 662 large-vehicle 0.3532
205 487 205 462 349 457 349 482 large-vehicle 0.3524
1000 714 1039 710 1057 874 1017 879 large-vehicle 0.3462
209 549 210 526 349 529 349 552 large-vehicle 0.3297
210 268 209 243 357 238 358 263 large-vehicle 0.3243
210 575 211 552 358 559 357 583 large-vehicle 0.3211
229 335 227 313 347 304 348 326 large-vehicle 0.3207
205 213 202 188 347 173 349 197 large-vehicle 0.3153
1215 509 1259 511 1251 661 1207 659 large-vehicle 0.3058
225 392 224 366 366 363 367 388 large-vehicle 0.2897
205 455 204 431 338 428 338 452 large-vehicle 0.2813
199 305 199 281 332 280 332 304 large-vehicle 0.2784
206 245 204 217 354 206 356 234 large-vehicle 0.2752
206 361 205 340 352 332 353 354 large-vehicle 0.2633
549 722 584 721 590 884 555 886 large-vehicle 0.2603
941 711 969 709 978 870 951 871 large-vehicle 0.2572
192 709 189 687 327 669 330 691 large-vehicle 0.2495
213 175 209 152 357 128 361 152 large-vehicle 0.2393
1187 722 1228 724 1221 897 1180 895 large-vehicle 0.2341
974 722 1006 722 1010 870 978 871 large-vehicle 0.2209
209 745 204 722 342 696 347 719 large-vehicle 0.2197
652 758 680 755 693 880 666 883 large-vehicle 0.2191
202 606 202 585 358 587 358 608 large-vehicle 0.2132
507 730 539 730 543 883 511 884 large-vehicle 0.1704
335 741 360 757 280 878 256 862 large-vehicle 0.1339
238 138 233 119 335 92 340 111 large-vehicle 0.1336
1300 846 1324 851 1311 903 1288 897 large-vehicle 0.1323
188 633 188 603 363 602 363 632 large-vehicle 0.1262
626 746 659 744 669 878 637 880 large-vehicle 0.1209
898 707 935 704 948 861 911 864 ship 0.1849
1213 516 1255 515 1255 663 1214 663 ship 0.1141
507 386 511 168 1289 182 1285 399 ship 0.1084
1214 519 1256 519 1255 666 1213 665 harbor 0.1686
