377 586 378 572 423 575 422 589 bridge 0.1146
422 517 436 517 435 558 421 557 small-vehicle 0.2729
643 156 652 156 653 177 643 178 small-vehicle 0.1935
442 524 454 524 454 562 442 562 small-vehicle 0.1923
467 457 468 444 508 445 508 458 small-vehicle 0.1863
469 334 469 323 509 323 509 334 small-vehicle 0.1815
461 609 469 602 485 622 476 628 small-vehicle 0.1762
128 442 135 442 134 459 126 459 small-vehicle 0.1647
627 157 637 156 638 176 628 177 small-vehicle 0.1638
864 234 863 223 882 222 883 232 small-vehicle 0.1600
390 245 405 246 403 286 389 285 small-vehicle 0.1557
333 479 333 467 372 467 372 479 small-vehicle 0.1555
249 244 262 244 264 283 251 283 small-vehicle 0.1453
266 241 275 241 276 261 266 261 small-vehicle 0.1449
589 157 599 157 599 176 589 176 small-vehicle 0.1386
718 279 735 279 733 325 716 324 small-vehicle 0.1339
346 244 355 243 356 263 347 263 small-vehicle 0.1271
510 155 518 157 516 175 507 173 small-vehicle 0.1235
467 442 467 429 509 429 509 442 small-vehicle 0.1224
376 586 377 572 421 576 420 590 small-vehicle 0.1201
315 242 324 242 324 262 314 261 small-vehicle 0.1200
463 523 464 512 504 514 503 526 small-vehicle 0.1196
305 244 315 243 316 263 306 263 small-vehicle 0.1194
826 159 836 160 835 183 825 182 small-vehicle 0.1150
278 241 287 242 285 262 276 261 small-vehicle 0.1144
469 347 469 336 509 337 509 347 small-vehicle 0.1138
735 285 751 285 751 325 735 325 small-vehicle 0.1129
557 159 565 161 561 178 553 176 small-vehicle 0.1116
672 489 683 489 684 508 672 508 small-vehicle 0.1093
270 332 270 322 309 323 309 333 small-vehicle 0.1056
476 620 485 614 495 631 487 637 small-vehicle 0.1048
464 496 464 483 506 484 505 497 small-vehicle 0.1028
332 517 332 506 372 505 372 516 small-vehicle 0.1013
688 451 699 451 700 468 688 469 small-vehicle 0.1012
765 280 781 280 779 324 763 323 small-vehicle 0.1004
466 523 467 512 507 515 506 525 large-vehicle 0.6232
335 479 335 467 376 467 376 479 large-vehicle 0.5817
335 517 335 506 375 505 376 516 large-vehicle 0.5698
336 491 336 480 376 481 376 491 large-vehicle 0.5571
337 440 337 429 377 429 377 440 large-vehicle 0.5512
336 529 336 519 377 519 376 529 large-vehicle 0.5440
336 452 337 441 377 442 377 453 large-vehicle 0.5335
376 586 377 572 421 576 420 590 large-vehicle 0.5151
468 401 468 391 508 391 508 402 large-vehicle 0.5133
338 378 338 368 377 368 377 378 large-vehicle 0.5114
466 536 466 524 508 526 507 538 large-vehicle 0.5088
378 515 378 504 415 505 415 515 large-vehicle 0.5026
465 548 466 537 507 539 507 550 large-vehicle 0.5011
465 564 466 551 507 555 506 568 large-vehicle 0.5009
469 347 469 336 509 337 509 347 large-vehicle 0.4989
467 510 467 499 507 500 507 511 large-vehicle 0.4978
824 284 838 284 838 326 825 326 large-vehicle 0.4965
336 426 336 415 377 415 377 426 large-vehicle 0.4891
467 442 467 429 509 429 509 442 large-vehicle 0.4849
337 402 337 391 377 391 377 402 large-vehicle 0.4804
467 414 468 403 509 404 509 415 large-vehicle 0.4775
336 464 336 453 376 453 376 464 large-vehicle 0.4741
335 502 336 491 376 492 376 502 large-vehicle 0.4711
335 553 336 543 383 545 383 556 large-vehicle 0.4700
336 539 336 529 377 530 377 540 large-vehicle 0.4693
467 457 468 444 508 445 508 458 large-vehicle 0.4640
269 446 270 435 308 436 308 447 large-vehicle 0.4628
271 370 271 360 308 360 308 371 large-vehicle 0.4605
377 490 377 478 417 479 417 491 large-vehicle 0.4595
271 408 271 398 308 398 308 408 large-vehicle 0.4585
468 389 468 377 509 378 509 389 large-vehicle 0.4553
338 391 338 380 377 381 377 391 large-vehicle 0.4528
467 496 467 484 508 485 508 497 large-vehicle 0.4501
468 373 468 362 510 363 509 374 large-vehicle 0.4490
269 458 269 448 308 450 308 460 large-vehicle 0.4475
377 539 377 528 415 529 415 539 large-vehicle 0.4449
336 415 336 404 377 403 377 415 large-vehicle 0.4443
378 476 378 464 417 465 417 476 large-vehicle 0.4414
377 502 377 491 416 491 416 502 large-vehicle 0.4404
338 353 338 341 380 342 380 353 large-vehicle 0.4346
468 360 468 349 510 349 509 361 large-vehicle 0.4330
268 537 268 526 308 528 307 538 large-vehicle 0.4322
796 284 809 284 809 326 796 325 large-vehicle 0.4306
270 332 270 322 309 323 309 333 large-vehicle 0.4281
378 440 378 429 418 430 418 441 large-vehicle 0.4239
765 282 780 283 780 325 764 325 large-vehicle 0.4163
780 286 794 286 794 325 780 325 large-vehicle 0.4130
734 285 750 285 749 325 733 325 large-vehicle 0.4115
467 426 467 415 509 416 509 427 large-vehicle 0.4076
268 524 269 514 308 515 307 525 large-vehicle 0.4016
269 434 269 423 307 424 307 434 large-vehicle 0.3970
270 383 270 373 308 373 308 383 large-vehicle 0.3962
269 421 269 410 308 410 308 421 large-vehicle 0.3923
811 283 824 283 823 327 810 327 large-vehicle 0.3921
270 345 270 335 309 335 309 346 large-vehicle 0.3892
270 395 270 385 308 385 308 395 large-vehicle 0.3890
270 357 270 347 308 347 308 357 large-vehicle 0.3877
268 497 268 487 308 489 307 499 large-vehicle 0.3875
268 484 269 474 307 476 307 487 large-vehicle 0.3838
378 463 378 453 417 454 417 464 large-vehicle 0.3836
365 567 366 553 407 555 406 569 large-vehicle 0.3772
268 471 269 461 307 463 307 473 large-vehicle 0.3732
372 353 372 342 418 342 418 353 large-vehicle 0.3725
374 551 375 540 415 541 415 553 large-vehicle 0.3593
338 369 338 359 377 359 377 369 large-vehicle 0.3531
718 281 735 281 734 325 717 325 large-vehicle 0.3531
377 528 378 518 415 519 415 529 large-vehicle 0.3512
378 452 378 441 418 442 417 453 large-vehicle 0.3490
264 563 264 553 304 553 304 563 large-vehicle 0.3473
469 334 469 323 509 323 509 334 large-vehicle 0.3420
377 414 377 403 419 403 419 414 large-vehicle 0.3398
264 551 264 540 304 540 304 550 large-vehicle 0.3391
378 401 378 390 418 390 418 400 large-vehicle 0.3232
422 520 436 520 435 558 421 558 large-vehicle 0.3129
378 427 378 416 418 415 418 426 large-vehicle 0.3123
442 524 454 524 454 562 442 562 large-vehicle 0.3102
378 391 378 381 419 382 418 392 large-vehicle 0.2923
378 377 378 367 418 367 418 377 large-vehicle 0.2869
268 512 268 502 308 503 308 514 large-vehicle 0.2849
362 110 361 94 448 91 448 107 large-vehicle 0.2809
264 576 264 566 303 564 304 575 large-vehicle 0.2489
375 365 375 354 418 354 418 365 large-vehicle 0.2419
747 284 763 284 763 324 747 324 large-vehicle 0.2020
267 587 267 576 306 575 306 586 large-vehicle 0.2007
249 246 262 246 264 287 251 288 large-vehicle 0.1980
841 276 855 276 856 327 842 328 large-vehicle 0.1832
377 246 389 247 387 288 375 288 large-vehicle 0.1804
367 246 378 246 377 288 366 288 large-vehicle 0.1671
361 91 362 68 441 70 440 93 large-vehicle 0.1600
390 247 404 248 403 287 389 287 large-vehicle 0.1517
267 246 279 246 279 285 267 285 large-vehicle 0.1358
468 486 468 473 508 473 508 485 large-vehicle 0.1324
292 246 302 247 301 287 290 287 large-vehicle 0.1295
657 497 670 497 670 563 656 563 large-vehicle 0.1245
301 246 312 247 310 286 298 286 large-vehicle 0.1207
352 245 364 246 361 287 349 286 large-vehicle 0.1146
826 160 835 160 835 184 825 183 large-vehicle 0.1104
467 457 468 444 508 445 508 458 ship 0.1141
