567 724 565 710 619 706 620 719 bridge 0.1037
696 712 692 699 734 687 737 699 small-vehicle 0.3717
14 347 25 344 31 367 20 370 small-vehicle 0.3663
475 180 469 171 488 156 494 164 small-vehicle 0.3429
329 327 323 318 341 306 347 314 small-vehicle 0.3216
232 185 224 174 244 159 252 170 small-vehicle 0.3039
2 344 12 339 22 360 12 365 small-vehicle 0.2859
359 266 353 259 371 245 377 253 small-vehicle 0.2844
217 173 208 165 226 147 235 155 small-vehicle 0.2828
95 551 103 556 92 575 83 569 small-vehicle 0.2796
662 36 655 28 677 9 684 17 small-vehicle 0.2723
818 769 826 760 841 775 833 783 small-vehicle 0.2673
187 337 194 331 208 346 200 353 small-vehicle 0.2649
387 268 385 258 412 253 414 263 small-vehicle 0.2645
41 362 52 363 50 382 39 381 small-vehicle 0.2599
150 485 158 491 145 507 138 502 small-vehicle 0.2534
201 310 209 303 223 318 215 326 small-vehicle 0.2532
480 195 474 187 496 170 502 178 small-vehicle 0.2521
405 260 398 252 422 233 428 242 small-vehicle 0.2514
241 193 236 182 255 172 261 183 small-vehicle 0.2513
162 371 168 363 185 374 179 383 small-vehicle 0.2510
847 23 843 14 861 6 865 15 small-vehicle 0.2447
238 403 235 393 257 386 260 396 small-vehicle 0.2445
306 346 301 339 319 326 324 334 small-vehicle 0.2401
278 373 271 365 292 344 299 352 small-vehicle 0.2386
538 142 532 133 551 120 556 129 small-vehicle 0.2366
112 529 121 535 110 551 102 545 small-vehicle 0.2360
637 102 640 92 660 97 658 107 small-vehicle 0.2316
35 348 43 340 56 354 49 362 small-vehicle 0.2271
176 348 181 339 199 350 194 358 small-vehicle 0.2267
78 571 87 576 76 593 68 588 small-vehicle 0.2226
723 739 731 745 719 762 711 757 small-vehicle 0.2215
183 445 193 449 186 469 176 465 small-vehicle 0.2215
252 238 258 230 273 241 268 249 small-vehicle 0.2212
434 92 441 85 456 101 449 108 small-vehicle 0.2150
216 86 230 84 234 112 220 114 small-vehicle 0.2129
767 214 774 219 761 236 754 230 small-vehicle 0.2071
605 82 599 75 620 60 625 68 small-vehicle 0.2062
62 598 70 602 60 619 52 614 small-vehicle 0.2033
353 303 349 296 365 286 369 294 small-vehicle 0.2013
161 466 171 465 173 485 163 486 small-vehicle 0.2002
583 103 578 95 597 81 602 89 small-vehicle 0.1996
221 284 226 276 243 286 238 294 small-vehicle 0.1963
766 756 775 762 761 780 753 774 small-vehicle 0.1957
242 253 248 246 263 258 258 265 small-vehicle 0.1890
836 755 842 748 855 759 849 766 small-vehicle 0.1860
675 140 669 134 684 120 690 127 small-vehicle 0.1832
135 505 142 511 129 527 122 522 small-vehicle 0.1794
793 70 788 63 808 49 813 57 small-vehicle 0.1764
436 237 430 230 450 212 456 218 small-vehicle 0.1738
653 116 656 108 675 115 672 124 small-vehicle 0.1724
616 825 622 830 608 847 601 842 small-vehicle 0.1718
282 395 275 388 300 365 307 372 small-vehicle 0.1696
546 258 553 248 574 262 567 272 small-vehicle 0.1689
169 361 175 353 191 366 185 374 small-vehicle 0.1675
826 762 833 754 847 767 840 775 small-vehicle 0.1673
627 781 635 785 625 805 617 801 small-vehicle 0.1661
229 274 234 266 250 277 245 284 small-vehicle 0.1575
51 370 61 370 61 388 51 388 small-vehicle 0.1558
683 743 689 749 677 763 671 758 small-vehicle 0.1552
601 815 610 820 595 842 587 836 small-vehicle 0.1522
531 48 523 40 544 19 552 28 small-vehicle 0.1513
235 267 239 260 255 270 250 278 small-vehicle 0.1501
403 724 402 710 452 705 453 720 small-vehicle 0.1450
523 244 529 235 556 250 550 260 small-vehicle 0.1430
710 733 718 738 708 755 700 751 small-vehicle 0.1410
573 874 581 880 563 903 555 898 small-vehicle 0.1404
732 745 739 750 727 767 720 762 small-vehicle 0.1398
668 785 676 791 654 819 646 813 small-vehicle 0.1382
624 831 631 836 616 854 609 849 small-vehicle 0.1328
668 320 663 310 701 291 706 300 small-vehicle 0.1321
508 80 516 76 524 93 516 97 small-vehicle 0.1320
264 216 270 208 286 219 280 228 small-vehicle 0.1317
494 236 500 229 521 246 515 253 small-vehicle 0.1284
419 52 416 43 438 35 441 44 small-vehicle 0.1279
579 895 587 900 570 924 563 919 small-vehicle 0.1278
585 832 593 837 583 855 575 851 small-vehicle 0.1273
651 772 658 778 643 796 636 790 small-vehicle 0.1249
442 85 436 78 462 57 468 65 small-vehicle 0.1240
403 89 413 88 416 105 407 107 small-vehicle 0.1230
780 660 799 657 806 693 787 696 small-vehicle 0.1224
773 219 780 223 771 241 763 237 small-vehicle 0.1206
565 868 573 874 555 896 547 890 small-vehicle 0.1204
502 225 507 218 531 236 525 243 small-vehicle 0.1198
690 860 694 852 712 860 708 868 small-vehicle 0.1194
446 659 445 643 509 640 510 656 small-vehicle 0.1183
688 866 691 859 708 867 704 875 small-vehicle 0.1166
260 226 264 218 279 227 275 235 small-vehicle 0.1162
457 95 450 88 473 66 480 74 small-vehicle 0.1147
775 72 773 65 789 60 791 68 small-vehicle 0.1147
588 903 594 908 578 929 572 923 small-vehicle 0.1138
580 881 588 887 569 912 562 906 small-vehicle 0.1137
29 354 40 355 38 374 27 372 small-vehicle 0.1108
682 873 686 866 702 875 698 882 small-vehicle 0.1092
857 122 866 120 871 139 862 141 small-vehicle 0.1091
437 77 431 70 453 49 459 56 small-vehicle 0.1088
220 107 229 114 209 140 200 132 small-vehicle 0.1076
632 839 639 845 625 865 617 859 small-vehicle 0.1057
734 60 740 55 752 69 746 74 small-vehicle 0.1050
684 793 692 800 671 826 663 819 small-vehicle 0.1031
648 847 656 852 642 872 634 866 small-vehicle 0.1017
465 253 457 244 495 211 503 220 small-vehicle 0.1008
395 740 394 727 447 723 448 736 large-vehicle 0.5112
567 724 565 710 619 706 620 719 large-vehicle 0.4952
231 628 230 613 286 608 287 622 large-vehicle 0.4873
532 707 531 692 583 687 584 702 large-vehicle 0.4436
448 659 447 644 502 639 504 655 large-vehicle 0.4304
396 724 395 711 450 706 451 720 large-vehicle 0.4102
465 253 457 244 495 211 503 220 large-vehicle 0.3756
709 359 704 348 762 324 766 334 large-vehicle 0.3747
350 712 350 701 416 697 416 707 large-vehicle 0.3542
682 348 676 337 730 309 736 320 large-vehicle 0.3313
335 701 335 690 402 686 403 697 large-vehicle 0.3217
319 460 314 448 362 428 366 440 large-vehicle 0.3119
686 456 685 442 737 438 738 451 large-vehicle 0.3037
668 320 663 310 701 291 706 300 large-vehicle 0.2932
191 595 190 580 243 577 245 591 large-vehicle 0.2923
669 335 664 326 708 303 713 313 large-vehicle 0.2798
328 690 327 680 398 675 399 686 large-vehicle 0.2348
696 712 692 699 734 687 737 699 large-vehicle 0.2232
611 528 611 515 663 515 663 527 large-vehicle 0.2093
494 236 500 229 521 246 515 253 large-vehicle 0.1954
327 576 325 561 376 554 378 569 large-vehicle 0.1818
442 85 436 78 462 57 468 65 large-vehicle 0.1661
502 225 507 218 531 236 525 243 large-vehicle 0.1639
437 77 431 70 453 49 459 56 large-vehicle 0.1432
457 95 450 88 473 66 480 74 large-vehicle 0.1417
226 610 225 597 283 594 283 607 large-vehicle 0.1356
707 467 706 455 754 454 754 467 large-vehicle 0.1235
282 395 275 388 300 365 307 372 large-vehicle 0.1221
238 403 235 393 257 386 260 396 large-vehicle 0.1185
448 643 447 630 495 624 497 637 large-vehicle 0.1182
352 721 351 712 411 706 412 715 large-vehicle 0.1176
523 244 529 235 556 250 550 260 large-vehicle 0.1150
605 82 599 75 620 60 625 68 large-vehicle 0.1146
359 266 353 259 371 245 377 253 large-vehicle 0.1109
405 260 398 252 422 233 428 242 large-vehicle 0.1016
638 -4 644 0 625 20 620 16 large-vehicle 0.1011
494 236 500 229 521 246 515 253 ship 0.1062
834 550 849 538 861 554 846 566 storage-tank 0.1826
834 550 849 538 861 554 846 566 roundabout 0.1075
