72 233 70 223 89 219 91 229 small-vehicle 0.3637
238 456 233 444 259 434 264 446 small-vehicle 0.3596
557 596 565 593 572 609 563 612 small-vehicle 0.3252
25 230 22 220 41 214 44 224 small-vehicle 0.3028
193 667 202 664 208 685 199 688 small-vehicle 0.2993
568 592 577 589 582 606 574 609 small-vehicle 0.2979
67 41 62 32 81 21 86 30 small-vehicle 0.2961
34 139 29 132 46 121 51 129 small-vehicle 0.2785
214 733 222 730 230 747 221 751 small-vehicle 0.2707
372 34 370 25 389 21 390 30 small-vehicle 0.2694
82 260 79 251 97 246 100 255 small-vehicle 0.2634
58 202 54 193 76 184 80 192 small-vehicle 0.2633
380 666 389 662 395 678 387 681 small-vehicle 0.2617
250 766 259 764 263 783 254 785 small-vehicle 0.2602
31 253 29 243 48 240 50 250 small-vehicle 0.2579
234 725 242 722 250 738 242 742 small-vehicle 0.2579
318 691 326 688 332 706 324 708 small-vehicle 0.2557
184 669 192 666 200 686 191 689 small-vehicle 0.2556
399 657 407 654 414 671 406 674 small-vehicle 0.2520
349 166 344 158 361 147 366 156 small-vehicle 0.2472
19 64 15 56 31 48 35 56 small-vehicle 0.2469
18 221 15 211 35 206 38 216 small-vehicle 0.2464
297 855 292 843 322 831 327 843 small-vehicle 0.2461
42 285 38 276 56 268 60 277 small-vehicle 0.2416
247 319 242 309 262 299 266 309 small-vehicle 0.2386
296 837 292 826 315 818 319 828 small-vehicle 0.2362
116 351 114 342 133 337 135 346 small-vehicle 0.2359
53 183 49 175 66 166 70 174 small-vehicle 0.2315
407 655 415 652 421 669 413 672 small-vehicle 0.2271
352 676 361 673 367 690 359 693 small-vehicle 0.2266
46 299 43 289 63 283 66 293 small-vehicle 0.2178
54 195 51 186 72 177 75 186 small-vehicle 0.2177
373 668 381 666 387 682 379 685 small-vehicle 0.2158
255 715 262 711 270 727 262 730 small-vehicle 0.2130
61 324 58 316 77 309 79 318 small-vehicle 0.2106
317 83 313 75 331 66 335 74 small-vehicle 0.2082
61 216 57 206 79 196 83 205 small-vehicle 0.2051
210 575 206 566 223 559 227 567 small-vehicle 0.2015
368 210 365 202 381 196 384 204 small-vehicle 0.2015
442 639 450 636 455 651 446 654 small-vehicle 0.2002
74 241 71 231 91 227 93 236 small-vehicle 0.1988
39 277 36 268 54 261 58 270 small-vehicle 0.1948
248 718 255 715 263 731 256 735 small-vehicle 0.1930
301 433 309 437 301 455 293 451 small-vehicle 0.1928
34 262 32 253 50 249 52 258 small-vehicle 0.1922
315 468 323 471 317 489 309 486 small-vehicle 0.1893
311 291 308 283 325 276 328 285 small-vehicle 0.1873
295 32 293 23 312 20 313 29 small-vehicle 0.1851
363 13 362 4 381 1 383 11 small-vehicle 0.1848
211 786 220 783 227 801 218 805 small-vehicle 0.1825
271 757 281 752 290 772 280 777 small-vehicle 0.1812
242 532 238 524 255 516 259 524 small-vehicle 0.1804
107 324 105 315 123 309 126 318 small-vehicle 0.1783
241 721 249 718 256 734 248 737 small-vehicle 0.1778
129 302 138 297 149 316 140 321 small-vehicle 0.1736
291 18 289 9 307 5 309 13 small-vehicle 0.1703
329 733 337 730 344 745 335 748 small-vehicle 0.1662
25 119 21 111 38 103 42 111 small-vehicle 0.1645
369 22 367 13 385 8 388 17 small-vehicle 0.1639
175 821 186 817 199 851 188 855 small-vehicle 0.1638
251 555 247 547 265 540 268 548 small-vehicle 0.1600
190 581 188 572 204 568 206 578 small-vehicle 0.1599
365 716 374 713 380 730 371 733 small-vehicle 0.1597
490 834 486 826 503 818 507 826 small-vehicle 0.1594
291 26 289 17 307 12 310 21 small-vehicle 0.1555
148 649 152 640 167 647 163 655 small-vehicle 0.1520
235 516 232 508 249 501 253 509 small-vehicle 0.1460
493 618 502 612 512 630 503 635 small-vehicle 0.1451
179 494 176 486 193 479 196 488 small-vehicle 0.1440
26 241 24 231 44 227 46 237 small-vehicle 0.1440
172 532 168 524 184 516 188 524 small-vehicle 0.1437
179 548 175 540 192 533 195 541 small-vehicle 0.1431
227 496 224 487 241 481 244 489 small-vehicle 0.1420
311 459 319 462 313 479 305 476 small-vehicle 0.1411
87 269 84 261 101 255 104 263 small-vehicle 0.1405
266 310 262 299 288 289 292 300 small-vehicle 0.1396
434 53 429 42 448 34 452 45 small-vehicle 0.1393
122 359 119 351 136 344 139 352 small-vehicle 0.1380
285 878 285 868 304 869 304 879 small-vehicle 0.1378
226 730 234 727 240 744 232 747 small-vehicle 0.1369
527 652 538 649 543 669 533 672 small-vehicle 0.1363
168 524 164 516 180 509 184 517 small-vehicle 0.1362
281 52 278 44 293 38 297 46 small-vehicle 0.1334
207 660 216 656 227 681 217 685 small-vehicle 0.1334
188 513 185 505 202 499 205 507 small-vehicle 0.1332
185 564 183 556 200 551 202 559 small-vehicle 0.1318
176 342 173 333 195 326 198 335 small-vehicle 0.1271
64 338 62 329 82 323 85 331 small-vehicle 0.1262
73 362 70 354 91 347 94 355 small-vehicle 0.1262
388 660 396 658 401 673 393 676 small-vehicle 0.1239
54 313 50 305 68 295 72 304 small-vehicle 0.1166
175 539 171 532 186 524 190 531 small-vehicle 0.1155
185 506 182 498 200 492 203 500 small-vehicle 0.1153
197 538 193 529 210 522 213 531 small-vehicle 0.1137
112 344 109 335 128 329 130 339 small-vehicle 0.1127
464 373 476 368 494 409 483 414 small-vehicle 0.1120
217 474 213 467 229 459 233 466 small-vehicle 0.1081
10 662 6 653 28 643 32 652 small-vehicle 0.1081
580 79 587 75 594 86 587 91 small-vehicle 0.1042
428 383 439 379 456 424 445 428 small-vehicle 0.1040
192 48 191 38 208 35 209 45 small-vehicle 0.1036
247 540 243 533 259 524 263 532 small-vehicle 0.1028
66 345 63 337 84 330 86 339 small-vehicle 0.1020
427 384 439 379 457 427 445 431 large-vehicle 0.5774
402 394 413 390 430 435 420 439 large-vehicle 0.5420
214 638 224 635 242 679 232 683 large-vehicle 0.5201
465 374 477 370 493 410 481 414 large-vehicle 0.5075
173 369 183 365 201 411 191 415 large-vehicle 0.5035
366 409 376 405 394 448 384 452 large-vehicle 0.4972
421 271 432 267 451 317 440 321 large-vehicle 0.4666
331 423 342 419 361 463 350 468 large-vehicle 0.4625
185 365 195 361 214 407 204 411 large-vehicle 0.4474
227 634 237 630 255 677 245 681 large-vehicle 0.4459
339 590 348 586 367 631 358 635 large-vehicle 0.4363
146 381 156 377 174 421 164 425 large-vehicle 0.4354
223 348 233 344 251 390 241 394 large-vehicle 0.4339
389 397 399 393 416 437 406 441 large-vehicle 0.4198
123 387 132 384 151 430 142 434 large-vehicle 0.4155
301 605 311 601 329 648 320 652 large-vehicle 0.4144
356 413 366 409 385 454 375 458 large-vehicle 0.4080
401 566 410 562 429 609 419 613 large-vehicle 0.3995
490 366 501 361 519 408 508 412 large-vehicle 0.3909
436 550 445 546 465 592 455 596 large-vehicle 0.3813
375 404 385 400 400 442 391 446 large-vehicle 0.3809
375 575 384 571 402 618 393 621 large-vehicle 0.3747
275 614 285 610 303 657 293 661 large-vehicle 0.3702
271 332 281 328 298 372 288 376 large-vehicle 0.3658
136 386 146 382 164 426 155 430 large-vehicle 0.3602
258 335 268 331 285 375 275 379 large-vehicle 0.3568
236 347 245 343 263 386 253 390 large-vehicle 0.3557
285 609 295 606 312 652 302 656 large-vehicle 0.3553
312 601 321 597 339 643 329 647 large-vehicle 0.3521
388 573 397 569 414 615 405 618 large-vehicle 0.3503
326 596 335 592 353 637 344 641 large-vehicle 0.3482
351 586 360 582 380 628 371 632 large-vehicle 0.3431
207 658 216 654 227 684 217 687 large-vehicle 0.3430
463 540 472 536 490 583 481 587 large-vehicle 0.3406
248 341 257 337 275 380 266 384 large-vehicle 0.3228
499 526 508 523 526 569 517 572 large-vehicle 0.3156
449 546 458 542 478 589 468 593 large-vehicle 0.3128
512 520 521 517 540 563 531 567 large-vehicle 0.3108
524 517 532 514 553 560 544 564 large-vehicle 0.3000
342 422 353 417 372 460 361 464 large-vehicle 0.2948
360 581 369 578 388 624 378 628 large-vehicle 0.2933
485 532 494 528 512 574 503 578 large-vehicle 0.2893
359 467 368 463 388 510 378 514 large-vehicle 0.2805
434 269 444 265 463 311 454 315 large-vehicle 0.2707
546 509 556 505 575 551 565 555 large-vehicle 0.2679
533 513 542 509 560 555 551 559 large-vehicle 0.2517
476 534 485 531 504 576 496 580 large-vehicle 0.2367
351 477 361 473 378 515 369 519 large-vehicle 0.2016
267 311 262 301 296 285 301 295 large-vehicle 0.2007
415 390 426 386 442 428 432 432 large-vehicle 0.1929
193 667 202 664 208 685 199 688 large-vehicle 0.1621
175 821 186 817 199 851 188 855 large-vehicle 0.1346
184 669 192 666 200 686 191 689 large-vehicle 0.1341
60 209 56 201 78 191 82 200 large-vehicle 0.1035
73 362 70 354 91 347 94 355 large-vehicle 0.1015
19 561 28 558 35 582 26 585 ship 0.2224
4 566 12 562 23 587 14 591 ship 0.1832
