500 1171 503 1156 534 1162 531 1176 small-vehicle 0.1170
463 866 485 866 485 927 463 927 large-vehicle 0.1712
1635 90 1723 92 1718 287 1630 284 large-vehicle 0.1301
1036 215 1123 218 1117 410 1029 407 large-vehicle 0.1000
567 298 657 299 655 496 565 496 tennis-court 0.9886
212 853 303 856 297 1049 205 1046 tennis-court 0.9858
333 858 422 860 418 1051 329 1049 tennis-court 0.9840
1169 223 1258 227 1250 419 1162 416 tennis-court 0.9769
690 304 778 306 773 499 685 497 tennis-court 0.9740
170 368 261 371 256 567 165 564 tennis-court 0.9716
48 363 138 366 132 564 42 561 tennis-court 0.9710
448 293 536 295 533 489 444 487 tennis-court 0.9686
792 838 882 840 877 1034 787 1032 tennis-court 0.9666
1598 736 1688 738 1683 932 1593 930 tennis-court 0.9614
1036 216 1122 218 1117 410 1030 408 tennis-court 0.9610
1635 89 1723 92 1716 287 1629 284 tennis-court 0.9574
662 833 749 837 742 1031 654 1028 tennis-court 0.9574
1366 77 1457 80 1450 278 1360 275 tennis-court 0.9554
1500 85 1590 86 1586 280 1497 278 tennis-court 0.9540
527 825 619 828 611 1026 519 1023 tennis-court 0.9393
1733 744 1820 747 1815 935 1728 933 tennis-court 0.9313
290 373 380 376 374 571 284 568 tennis-court 0.9299
90 847 182 851 174 1047 82 1043 tennis-court 0.9153
1272 793 1362 797 1354 993 1264 989 tennis-court 0.9086
1417 805 1507 808 1501 999 1412 996 tennis-court 0.9004
1125 791 1216 795 1207 989 1117 985 tennis-court 0.8991
