554 400 563 400 563 421 554 421 small-vehicle 0.3473
376 385 385 384 388 405 379 406 small-vehicle 0.3371
419 387 428 388 427 408 418 408 small-vehicle 0.3326
406 385 415 385 414 405 405 404 small-vehicle 0.3181
289 114 288 104 306 103 307 113 small-vehicle 0.3038
283 398 293 397 295 420 285 421 small-vehicle 0.2856
466 391 476 391 477 414 467 414 small-vehicle 0.2849
163 314 173 315 171 334 161 333 small-vehicle 0.2789
169 176 178 179 172 196 163 193 small-vehicle 0.2657
214 140 213 130 235 129 236 139 small-vehicle 0.2363
682 379 684 368 708 371 706 383 small-vehicle 0.2210
133 158 134 146 171 148 170 161 small-vehicle 0.2119
283 158 284 145 321 146 321 159 small-vehicle 0.2119
281 204 281 191 321 192 321 205 small-vehicle 0.2033
205 393 205 382 232 382 232 393 small-vehicle 0.1959
690 222 699 222 699 241 690 242 small-vehicle 0.1875
203 410 203 400 230 402 229 412 small-vehicle 0.1778
195 170 196 158 234 159 233 171 small-vehicle 0.1762
348 172 348 160 381 160 381 171 small-vehicle 0.1736
695 343 705 341 708 364 698 366 small-vehicle 0.1725
280 189 281 177 320 178 319 191 small-vehicle 0.1710
134 129 134 118 166 119 166 130 small-vehicle 0.1611
205 381 204 369 232 368 232 380 small-vehicle 0.1599
396 385 405 385 405 402 396 402 small-vehicle 0.1593
160 413 162 402 192 407 190 418 small-vehicle 0.1510
347 238 347 227 380 226 380 238 small-vehicle 0.1455
439 301 450 302 449 335 438 334 small-vehicle 0.1447
281 176 282 163 324 164 324 177 small-vehicle 0.1409
125 169 126 158 165 161 165 172 small-vehicle 0.1392
176 382 177 374 202 375 201 383 small-vehicle 0.1390
344 251 344 240 377 240 377 251 small-vehicle 0.1349
194 183 194 172 232 173 231 185 small-vehicle 0.1340
454 301 465 302 462 335 451 335 small-vehicle 0.1310
537 127 548 127 547 163 536 162 small-vehicle 0.1243
478 303 489 303 488 334 477 334 small-vehicle 0.1163
454 222 467 222 465 264 452 264 small-vehicle 0.1160
483 223 496 224 493 263 480 262 small-vehicle 0.1152
491 303 502 304 501 335 490 334 small-vehicle 0.1136
173 364 174 353 220 355 220 366 small-vehicle 0.1118
563 118 576 118 576 163 563 162 small-vehicle 0.1067
123 185 123 173 163 173 163 184 small-vehicle 0.1057
605 128 615 128 614 164 604 164 small-vehicle 0.1004
628 296 640 296 639 341 627 341 large-vehicle 0.6994
564 119 576 120 574 162 563 162 large-vehicle 0.6886
283 158 284 145 321 146 321 159 large-vehicle 0.6762
191 226 191 215 230 216 230 226 large-vehicle 0.6759
629 129 639 129 639 166 629 166 large-vehicle 0.6702
617 128 627 128 627 165 616 165 large-vehicle 0.6639
553 227 563 228 562 262 552 261 large-vehicle 0.6635
575 297 586 297 585 342 575 342 large-vehicle 0.6594
560 296 571 296 571 342 559 342 large-vehicle 0.6508
282 176 282 163 325 163 325 176 large-vehicle 0.6496
566 230 576 230 575 263 565 262 large-vehicle 0.6482
588 301 600 302 598 343 586 343 large-vehicle 0.6461
602 309 612 310 610 343 600 342 large-vehicle 0.6340
454 301 465 302 462 335 451 335 large-vehicle 0.6317
605 128 615 128 614 164 604 164 large-vehicle 0.6316
446 113 457 113 455 157 443 157 large-vehicle 0.6208
284 264 284 253 327 256 326 267 large-vehicle 0.6205
459 118 470 119 468 158 457 158 large-vehicle 0.6166
472 119 483 119 482 160 471 160 large-vehicle 0.6127
577 124 589 125 587 163 576 162 large-vehicle 0.6124
579 229 589 229 588 265 578 265 large-vehicle 0.6110
527 223 538 224 536 264 525 263 large-vehicle 0.6034
618 229 629 229 628 268 617 267 large-vehicle 0.5987
541 224 550 225 547 264 538 263 large-vehicle 0.5947
605 230 616 231 615 269 604 268 large-vehicle 0.5912
280 189 281 177 319 178 319 191 large-vehicle 0.5855
591 119 603 119 602 159 591 159 large-vehicle 0.5837
485 118 497 119 495 160 484 160 large-vehicle 0.5831
615 307 625 307 624 343 614 342 large-vehicle 0.5804
439 301 450 302 449 335 438 334 large-vehicle 0.5789
286 249 287 236 328 239 327 252 large-vehicle 0.5788
283 277 284 266 325 270 324 281 large-vehicle 0.5751
342 346 342 335 382 338 381 349 large-vehicle 0.5748
537 126 548 126 548 162 537 162 large-vehicle 0.5737
336 291 336 280 378 279 379 290 large-vehicle 0.5675
337 211 338 200 380 201 379 212 large-vehicle 0.5666
644 296 655 296 654 343 643 342 large-vehicle 0.5663
642 127 652 127 652 166 642 166 large-vehicle 0.5658
338 199 338 187 380 188 380 199 large-vehicle 0.5643
551 125 562 125 561 162 550 161 large-vehicle 0.5643
194 183 194 172 232 173 231 185 large-vehicle 0.5624
342 332 342 321 380 321 380 333 large-vehicle 0.5602
175 365 175 355 222 354 222 364 large-vehicle 0.5598
195 170 196 158 234 159 233 171 large-vehicle 0.5564
281 203 282 191 321 193 321 205 large-vehicle 0.5551
592 230 602 231 602 266 591 266 large-vehicle 0.5487
336 277 336 266 378 266 378 277 large-vehicle 0.5487
478 303 489 303 488 334 477 334 large-vehicle 0.5484
191 208 192 196 230 198 229 209 large-vehicle 0.5447
184 331 184 320 225 320 225 331 large-vehicle 0.5377
484 223 496 224 493 263 481 262 large-vehicle 0.5263
337 185 337 173 380 173 380 185 large-vehicle 0.5086
455 221 467 222 465 264 452 263 large-vehicle 0.5057
491 303 502 304 501 335 490 334 large-vehicle 0.5051
632 230 643 231 641 268 631 267 large-vehicle 0.5037
335 265 335 253 377 252 377 264 large-vehicle 0.5024
348 172 348 160 381 160 381 171 large-vehicle 0.4884
285 330 284 319 325 316 326 327 large-vehicle 0.4831
347 238 347 227 380 226 380 238 large-vehicle 0.4765
513 119 524 120 520 162 509 161 large-vehicle 0.4756
124 242 124 231 163 229 163 241 large-vehicle 0.4701
283 306 283 295 326 294 327 304 large-vehicle 0.4691
177 345 177 335 228 334 228 344 large-vehicle 0.4637
344 251 344 240 377 240 377 251 large-vehicle 0.4548
190 309 191 299 230 300 230 310 large-vehicle 0.4404
186 280 187 268 226 274 224 285 large-vehicle 0.4225
192 196 192 185 230 187 229 198 large-vehicle 0.4125
164 401 166 390 201 395 200 406 large-vehicle 0.4079
160 413 162 402 192 407 190 418 large-vehicle 0.4029
127 226 128 215 161 215 161 226 large-vehicle 0.3769
124 185 124 174 162 173 162 184 large-vehicle 0.3729
205 393 205 382 232 382 232 393 large-vehicle 0.3429
203 410 203 400 230 402 229 412 large-vehicle 0.3202
125 169 126 158 165 161 165 172 large-vehicle 0.2938
128 156 129 144 171 149 169 161 large-vehicle 0.2875
134 213 135 202 162 204 161 214 large-vehicle 0.2173
205 381 204 369 232 368 232 380 large-vehicle 0.2076
131 128 132 117 166 119 165 131 large-vehicle 0.1896
469 216 481 217 479 261 468 261 large-vehicle 0.1863
525 124 536 124 534 161 524 161 large-vehicle 0.1794
341 221 341 212 379 213 379 223 large-vehicle 0.1559
663 506 663 495 716 497 715 509 large-vehicle 0.1435
463 303 473 303 473 334 462 334 large-vehicle 0.1395
498 122 508 122 507 160 497 160 large-vehicle 0.1334
646 29 647 13 693 15 693 30 large-vehicle 0.1316
176 382 177 374 202 375 201 383 large-vehicle 0.1264
283 290 283 280 323 281 323 292 large-vehicle 0.1262
703 137 722 134 734 240 715 243 large-vehicle 0.1204
179 354 178 344 223 341 223 351 large-vehicle 0.1185
120 195 120 185 162 184 162 193 large-vehicle 0.1171
187 319 187 308 226 308 226 319 large-vehicle 0.1105
284 318 283 308 323 307 323 317 large-vehicle 0.1091
662 274 676 274 676 324 662 324 large-vehicle 0.1071
283 398 293 397 295 420 285 421 ship 0.1158
129 156 130 145 171 149 170 160 ship 0.1128
125 169 126 158 165 161 165 172 ship 0.1002
560 296 571 296 571 342 559 342 tennis-court 0.1119
446 113 457 113 455 157 443 157 tennis-court 0.1030
618 229 629 229 628 268 617 267 helicopter 0.1075
577 124 589 125 587 163 576 162 helicopter 0.1048
564 119 576 120 574 162 563 162 helicopter 0.1002
