-16 861 129 850 142 1001 -4 1013 baseball-diamond 0.5517
121 196 164 201 156 276 113 272 ground-track-field 0.1171
178 663 188 663 188 682 178 681 small-vehicle 0.1820
207 558 217 557 219 578 209 579 small-vehicle 0.1744
241 665 250 666 249 685 239 685 small-vehicle 0.1566
299 666 308 666 308 688 299 688 small-vehicle 0.1526
181 560 191 560 191 580 182 581 small-vehicle 0.1440
195 599 204 601 201 621 192 619 small-vehicle 0.1411
167 619 177 618 179 639 169 640 small-vehicle 0.1381
290 562 300 562 300 582 290 582 small-vehicle 0.1356
196 559 205 559 206 580 196 580 small-vehicle 0.1350
314 563 323 563 322 585 312 584 small-vehicle 0.1299
288 663 297 663 298 686 289 686 small-vehicle 0.1296
187 664 196 664 197 683 187 683 small-vehicle 0.1280
175 619 184 618 187 639 178 641 small-vehicle 0.1266
262 16 263 3 282 6 280 19 small-vehicle 0.1228
57 24 66 27 59 47 50 45 small-vehicle 0.1146
218 1028 228 1031 220 1053 211 1050 small-vehicle 0.1110
206 623 215 624 211 643 202 642 small-vehicle 0.1100
305 16 305 5 323 4 323 15 small-vehicle 0.1095
251 598 260 598 259 620 250 620 small-vehicle 0.1071
259 599 268 599 267 620 258 620 small-vehicle 0.1066
164 665 174 665 174 683 165 683 small-vehicle 0.1058
284 5 291 -3 306 8 298 17 small-vehicle 0.1039
258 664 268 663 269 684 260 685 small-vehicle 0.1027
268 600 277 602 274 622 265 621 small-vehicle 0.1012
219 1025 228 1028 221 1055 212 1053 large-vehicle 0.1091
284 318 324 319 322 403 283 402 tennis-court 0.9893
235 317 274 317 273 401 234 401 tennis-court 0.9872
286 190 327 191 325 276 284 276 tennis-court 0.9846
237 190 278 191 276 275 235 274 tennis-court 0.9819
186 314 227 316 224 402 182 400 tennis-court 0.9698
188 189 229 189 228 275 187 274 tennis-court 0.9579
320 222 340 193 389 228 368 257 tennis-court 0.3833
319 345 349 323 387 374 357 396 tennis-court 0.3587
333 268 335 243 375 246 374 271 tennis-court 0.3453
281 439 305 433 316 478 292 484 tennis-court 0.1181
228 705 282 707 279 804 225 803 tennis-court 0.1112
229 706 281 707 278 801 226 800 basketball-court 0.9246
173 702 224 704 219 798 168 796 basketball-court 0.8956
111 198 171 201 168 273 108 270 storage-tank 0.1489
228 704 284 707 279 805 223 802 soccer-ball-field 0.1534
173 701 230 706 222 804 164 799 soccer-ball-field 0.1030
123 195 164 201 153 277 112 271 swimming-pool 0.1906
174 701 225 705 218 800 167 796 helicopter 0.1261
