794 1132 978 1089 1033 1327 849 1370 baseball-diamond 0.1766
72 47 78 25 120 37 114 59 small-vehicle 0.3502
10 1148 1 1130 37 1113 46 1131 small-vehicle 0.3185
112 1159 103 1143 135 1126 144 1142 small-vehicle 0.2357
6 1122 -1 1103 33 1088 41 1107 small-vehicle 0.2290
19 1168 12 1150 47 1137 54 1154 small-vehicle 0.2081
78 22 81 0 123 5 120 28 small-vehicle 0.1624
-10 1090 -17 1070 20 1057 27 1077 small-vehicle 0.1514
1043 471 1039 450 1078 443 1082 464 small-vehicle 0.1347
1044 534 1045 514 1083 516 1082 536 small-vehicle 0.1312
60 67 67 44 112 57 106 80 small-vehicle 0.1306
94 1123 85 1107 121 1086 131 1102 small-vehicle 0.1230
944 49 968 40 1003 124 979 134 large-vehicle 0.1092
320 693 403 661 467 829 384 861 tennis-court 0.9386
210 393 290 363 352 527 272 558 tennis-court 0.9265
618 581 701 548 768 717 686 750 tennis-court 0.9244
859 827 943 794 1010 963 926 996 tennis-court 0.9242
449 645 530 613 596 779 514 811 tennis-court 0.9239
509 276 590 246 652 416 570 446 tennis-court 0.9227
334 346 415 312 484 478 402 511 tennis-court 0.9190
148 756 230 723 298 891 215 924 tennis-court 0.9101
752 528 833 500 890 669 810 697 tennis-court 0.9086
637 229 715 199 780 364 702 394 tennis-court 0.8796
733 876 813 846 876 1012 796 1043 tennis-court 0.8782
432 989 515 958 578 1124 496 1156 tennis-court 0.8646
