72 542 78 535 97 553 90 559 small-vehicle 0.3205
117 488 124 481 142 500 136 506 small-vehicle 0.3198
364 821 371 813 389 829 382 837 small-vehicle 0.2721
133 600 139 593 153 604 147 611 small-vehicle 0.2522
298 740 306 733 321 748 313 756 small-vehicle 0.2490
-5 472 1 463 18 477 11 485 small-vehicle 0.2485
20 511 28 504 41 519 33 526 small-vehicle 0.2469
109 595 115 589 129 604 123 610 small-vehicle 0.2312
181 378 186 368 226 384 221 395 small-vehicle 0.2305
275 346 283 342 294 363 285 368 small-vehicle 0.2267
279 493 280 482 318 488 316 499 small-vehicle 0.2225
244 457 247 446 285 457 282 468 small-vehicle 0.2194
376 810 383 803 398 818 392 825 small-vehicle 0.2143
338 545 341 532 379 542 376 554 small-vehicle 0.2123
139 293 143 284 180 301 175 311 small-vehicle 0.2030
74 431 80 424 95 435 89 443 small-vehicle 0.2012
268 726 276 720 289 738 281 744 small-vehicle 0.1997
314 526 316 514 355 520 353 532 small-vehicle 0.1944
129 269 135 259 170 280 165 290 small-vehicle 0.1927
150 638 155 631 170 642 165 649 small-vehicle 0.1849
184 651 190 645 208 662 202 668 small-vehicle 0.1838
227 438 231 427 270 440 266 451 small-vehicle 0.1806
171 356 175 346 213 365 208 375 small-vehicle 0.1778
353 150 360 143 391 176 384 182 small-vehicle 0.1717
270 316 280 311 289 333 279 338 small-vehicle 0.1669
315 675 322 668 340 687 333 694 small-vehicle 0.1663
163 337 168 327 203 346 198 355 small-vehicle 0.1657
293 509 295 497 336 503 334 515 small-vehicle 0.1562
172 619 178 612 192 625 186 632 small-vehicle 0.1556
194 399 198 388 242 405 239 415 small-vehicle 0.1550
294 168 300 162 326 190 319 196 small-vehicle 0.1532
324 158 331 152 357 182 350 188 small-vehicle 0.1518
200 195 207 187 238 215 231 223 small-vehicle 0.1513
209 417 214 407 252 421 248 432 small-vehicle 0.1508
123 249 129 239 164 261 158 270 small-vehicle 0.1428
511 309 523 306 530 346 518 348 small-vehicle 0.1427
309 163 316 157 339 187 332 193 small-vehicle 0.1422
146 314 151 305 187 321 183 331 small-vehicle 0.1327
180 139 192 141 186 177 174 175 small-vehicle 0.1308
121 226 127 218 158 241 151 249 small-vehicle 0.1288
267 346 276 343 286 368 277 371 small-vehicle 0.1259
578 399 585 390 611 411 603 420 small-vehicle 0.1236
583 423 590 415 616 437 609 445 small-vehicle 0.1194
590 449 597 441 623 465 616 473 small-vehicle 0.1168
241 601 246 597 258 612 252 616 small-vehicle 0.1160
540 407 551 405 558 443 547 445 small-vehicle 0.1136
279 172 286 166 312 196 305 202 small-vehicle 0.1102
339 153 346 147 373 179 366 185 small-vehicle 0.1085
266 177 273 171 298 201 291 207 small-vehicle 0.1079
285 275 283 263 320 257 321 269 small-vehicle 0.1073
250 356 261 349 275 372 264 379 small-vehicle 0.1031
248 180 255 174 280 204 274 210 small-vehicle 0.1007
385 477 395 475 405 513 395 516 large-vehicle 0.6534
505 529 515 527 523 564 513 566 large-vehicle 0.6403
466 548 476 546 485 584 475 586 large-vehicle 0.6232
518 524 528 522 536 559 526 561 large-vehicle 0.6222
286 112 297 113 293 150 282 149 large-vehicle 0.6132
398 470 409 468 416 506 406 508 large-vehicle 0.6036
540 409 551 407 558 444 547 447 large-vehicle 0.6017
492 535 502 533 510 570 500 572 large-vehicle 0.5996
196 137 207 138 202 176 191 174 large-vehicle 0.5928
499 318 509 316 517 354 507 356 large-vehicle 0.5897
256 122 267 124 262 162 251 161 large-vehicle 0.5856
512 311 523 309 529 348 518 350 large-vehicle 0.5848
242 126 253 127 248 163 237 162 large-vehicle 0.5722
333 392 343 390 352 427 343 429 large-vehicle 0.5703
478 542 488 539 497 576 487 578 large-vehicle 0.5490
352 149 360 142 389 176 381 182 large-vehicle 0.5485
345 92 355 94 351 131 341 130 large-vehicle 0.5473
411 464 421 462 428 499 419 501 large-vehicle 0.5455
345 387 354 384 365 420 355 423 large-vehicle 0.5443
487 323 497 322 504 359 494 361 large-vehicle 0.5440
322 399 331 397 339 434 330 436 large-vehicle 0.5418
314 105 325 105 323 141 312 141 large-vehicle 0.5389
454 552 464 550 471 586 462 588 large-vehicle 0.5382
527 413 537 411 544 447 534 449 large-vehicle 0.5374
501 427 511 424 520 459 510 461 large-vehicle 0.5340
531 519 540 516 550 552 540 554 large-vehicle 0.5335
374 484 383 482 392 519 382 521 large-vehicle 0.5321
200 195 207 187 238 215 231 223 large-vehicle 0.5314
448 340 458 338 465 375 456 377 large-vehicle 0.5300
180 139 192 141 186 177 174 175 large-vehicle 0.5297
442 558 452 557 458 593 448 594 large-vehicle 0.5238
329 100 339 101 336 137 326 136 large-vehicle 0.5223
416 570 426 569 431 605 422 607 large-vehicle 0.5202
474 331 483 329 492 365 483 367 large-vehicle 0.5200
371 376 381 374 389 412 379 414 large-vehicle 0.5110
311 405 321 404 326 441 317 443 large-vehicle 0.5110
373 85 383 86 380 123 370 122 large-vehicle 0.5074
461 334 471 332 479 369 469 371 large-vehicle 0.5037
544 516 553 514 563 548 554 551 large-vehicle 0.5034
301 108 311 108 309 145 298 144 large-vehicle 0.4999
424 459 434 457 441 493 432 495 large-vehicle 0.4965
359 87 369 88 366 126 356 125 large-vehicle 0.4964
384 370 394 368 402 405 392 407 large-vehicle 0.4960
181 378 186 368 226 384 221 395 large-vehicle 0.4937
435 347 444 345 453 381 443 383 large-vehicle 0.4888
437 453 446 450 455 487 446 489 large-vehicle 0.4878
139 293 143 284 180 301 175 311 large-vehicle 0.4779
227 128 237 129 232 166 222 165 large-vehicle 0.4748
429 564 439 562 445 598 435 600 large-vehicle 0.4683
358 383 368 380 378 417 368 420 large-vehicle 0.4582
212 133 222 134 217 170 207 169 large-vehicle 0.4506
387 79 397 79 395 116 385 116 large-vehicle 0.4464
411 359 420 357 428 394 418 396 large-vehicle 0.4427
450 448 459 446 469 484 459 487 large-vehicle 0.4401
279 493 280 482 318 488 316 499 large-vehicle 0.4391
234 184 241 178 268 210 261 216 large-vehicle 0.4303
146 314 151 305 187 321 183 331 large-vehicle 0.4294
477 437 486 436 493 472 484 474 large-vehicle 0.4254
403 71 414 72 410 111 399 109 large-vehicle 0.4253
194 399 198 388 242 405 239 415 large-vehicle 0.4252
345 153 353 147 379 178 372 184 large-vehicle 0.4217
276 172 283 166 307 196 300 202 large-vehicle 0.4189
298 410 308 409 312 446 303 448 large-vehicle 0.4155
129 269 135 259 170 280 165 290 large-vehicle 0.4138
556 510 566 507 576 542 567 545 large-vehicle 0.4099
294 168 300 162 326 190 319 196 large-vehicle 0.4068
398 364 407 362 414 400 405 402 large-vehicle 0.4004
123 249 129 239 164 261 158 270 large-vehicle 0.3916
248 180 255 174 280 204 274 210 large-vehicle 0.3873
463 442 472 440 481 477 472 479 large-vehicle 0.3871
489 431 499 429 505 465 496 467 large-vehicle 0.3866
583 423 590 415 616 437 609 445 large-vehicle 0.3857
338 545 341 532 379 542 376 554 large-vehicle 0.3850
221 190 228 183 253 211 246 218 large-vehicle 0.3844
423 352 433 351 440 387 430 389 large-vehicle 0.3808
313 526 315 513 353 520 351 532 large-vehicle 0.3736
267 176 274 170 299 198 292 204 large-vehicle 0.3701
171 356 175 346 213 365 208 375 large-vehicle 0.3696
323 158 330 152 354 181 346 187 large-vehicle 0.3649
293 509 295 497 336 503 334 515 large-vehicle 0.3620
244 457 247 446 285 457 282 468 large-vehicle 0.3620
578 400 586 392 611 414 604 422 large-vehicle 0.3547
163 337 168 327 203 346 198 355 large-vehicle 0.3427
309 163 316 157 339 187 332 193 large-vehicle 0.3387
583 499 592 496 600 529 591 532 large-vehicle 0.3333
569 505 579 502 588 536 578 538 large-vehicle 0.3306
590 449 597 441 623 465 616 473 large-vehicle 0.3138
285 173 292 167 316 195 309 201 large-vehicle 0.3002
285 275 283 263 320 257 321 269 large-vehicle 0.2915
122 228 128 219 161 242 155 251 large-vehicle 0.2903
206 417 210 406 248 419 244 430 large-vehicle 0.2872
513 420 523 417 532 454 522 456 large-vehicle 0.2834
227 438 231 427 270 440 266 451 large-vehicle 0.2695
117 488 124 481 142 500 136 506 large-vehicle 0.1925
315 677 322 670 341 689 334 696 large-vehicle 0.1790
336 152 344 146 367 178 359 184 large-vehicle 0.1637
72 542 78 535 97 553 90 559 large-vehicle 0.1502
184 651 190 645 208 662 202 668 large-vehicle 0.1491
420 64 432 65 427 107 415 106 large-vehicle 0.1472
241 601 246 597 258 612 252 616 large-vehicle 0.1266
273 116 283 117 279 152 269 151 large-vehicle 0.1261
268 347 277 343 287 365 278 369 large-vehicle 0.1255
364 821 371 813 389 829 382 837 ship 0.1469
518 524 528 522 536 559 526 561 ship 0.1275
242 126 253 127 248 163 237 162 ship 0.1236
505 529 515 527 523 564 513 566 ship 0.1231
544 516 553 514 563 548 554 551 ship 0.1202
583 499 592 496 600 529 591 532 ship 0.1196
256 122 267 124 262 162 251 161 ship 0.1193
244 457 247 446 285 457 282 468 ship 0.1178
180 139 192 141 186 177 174 175 ship 0.1123
117 488 124 481 142 500 136 506 ship 0.1094
72 542 78 535 97 553 90 559 ship 0.1094
196 137 207 138 202 176 191 174 ship 0.1078
492 535 502 533 510 570 500 572 ship 0.1071
313 526 315 513 353 520 351 532 ship 0.1049
556 510 566 507 576 542 567 545 ship 0.1017
466 548 476 546 485 584 475 586 ship 0.1007
