500 229 566 147 668 229 602 310 ground-track-field 0.1914
584 832 582 824 598 819 600 827 small-vehicle 0.1266
228 817 224 810 277 782 281 789 large-vehicle 0.1244
518 0 523 -4 541 14 536 18 large-vehicle 0.1082
608 833 605 828 623 815 626 820 large-vehicle 0.1025
178 428 208 453 156 515 126 490 tennis-court 0.9638
279 511 310 535 255 604 224 580 tennis-court 0.9526
279 306 310 331 258 398 227 374 tennis-court 0.9421
382 393 412 419 356 485 326 459 tennis-court 0.9402
326 550 355 576 300 641 270 616 tennis-court 0.9385
426 433 456 457 404 523 373 499 tennis-court 0.9378
137 390 168 416 113 481 83 455 tennis-court 0.9335
95 353 126 378 70 446 39 420 tennis-court 0.9335
335 354 365 379 312 445 281 421 tennis-court 0.9167
236 472 266 498 209 563 180 537 tennis-court 0.9105
240 272 271 298 215 364 184 337 tennis-court 0.8956
199 235 230 262 172 327 141 300 tennis-court 0.8918
501 229 564 151 663 229 600 308 soccer-ball-field 0.1979
