334 1036 418 898 558 984 474 1121 baseball-diamond 0.8483
191 168 285 142 313 244 219 270 baseball-diamond 0.8475
162 889 187 787 292 814 267 915 baseball-diamond 0.7453
643 739 695 664 774 719 722 794 baseball-diamond 0.6829
537 536 633 510 660 610 564 636 baseball-diamond 0.6525
707 7 715 -1 744 21 736 31 bridge 0.1797
351 1081 369 925 534 944 516 1099 ground-track-field 0.1886
798 696 809 692 817 711 806 715 small-vehicle 0.1229
787 223 791 213 814 221 810 232 small-vehicle 0.1102
795 627 801 621 815 635 810 641 small-vehicle 0.1093
704 223 710 216 724 229 718 236 small-vehicle 0.1082
790 681 797 676 809 692 801 698 small-vehicle 0.1072
765 228 777 225 787 264 775 267 small-vehicle 0.1008
767 227 779 225 786 268 774 270 large-vehicle 0.1562
342 922 350 924 343 946 335 943 large-vehicle 0.1499
602 458 609 451 627 467 620 474 large-vehicle 0.1046
352 1079 374 922 536 945 514 1102 storage-tank 0.1189
196 159 295 145 310 252 210 266 roundabout 0.1174
42 195 69 192 75 235 48 239 swimming-pool 0.3514
