666 913 659 904 680 885 688 894 small-vehicle 0.3979
441 477 453 477 452 502 440 502 small-vehicle 0.3854
445 877 437 867 461 848 469 858 small-vehicle 0.3815
345 787 360 791 353 819 338 815 small-vehicle 0.3562
342 778 347 767 372 780 366 791 small-vehicle 0.3508
441 797 450 791 466 813 456 820 small-vehicle 0.3365
438 445 452 445 452 473 438 473 small-vehicle 0.3280
540 917 542 902 566 906 564 921 small-vehicle 0.3280
529 737 522 729 542 711 549 720 small-vehicle 0.3267
786 551 796 548 805 576 795 579 small-vehicle 0.3266
114 790 109 778 148 763 152 775 small-vehicle 0.3260
657 900 650 892 670 873 677 881 small-vehicle 0.3217
325 66 323 56 344 52 345 63 small-vehicle 0.3107
417 481 428 481 426 510 415 509 small-vehicle 0.2940
540 751 533 743 554 725 561 733 small-vehicle 0.2912
429 47 426 37 445 32 448 42 small-vehicle 0.2878
178 836 186 829 203 846 196 854 small-vehicle 0.2852
564 779 558 772 578 756 584 764 small-vehicle 0.2821
465 68 463 57 483 52 486 63 small-vehicle 0.2771
282 337 290 333 298 351 290 355 small-vehicle 0.2730
229 907 238 913 225 934 216 929 small-vehicle 0.2726
424 737 434 731 448 756 438 762 small-vehicle 0.2668
201 878 209 885 194 904 186 898 small-vehicle 0.2649
595 823 587 815 607 798 614 806 small-vehicle 0.2647
788 167 786 157 805 152 808 162 small-vehicle 0.2629
537 124 545 120 555 138 546 142 small-vehicle 0.2629
387 151 396 149 400 170 391 171 small-vehicle 0.2620
315 319 324 315 334 337 324 341 small-vehicle 0.2582
361 106 370 105 373 125 364 126 small-vehicle 0.2545
772 606 780 602 789 620 781 624 small-vehicle 0.2542
772 559 782 557 787 580 777 582 small-vehicle 0.2534
490 426 502 428 499 457 487 455 small-vehicle 0.2523
351 758 354 747 379 754 376 765 small-vehicle 0.2523
436 87 444 83 454 101 445 105 small-vehicle 0.2505
707 172 706 161 740 158 741 169 small-vehicle 0.2435
409 818 418 811 434 835 424 841 small-vehicle 0.2415
342 312 351 308 358 327 349 330 small-vehicle 0.2387
579 801 573 793 592 778 598 785 small-vehicle 0.2348
793 597 801 592 811 611 803 615 small-vehicle 0.2340
211 892 219 897 206 917 198 911 small-vehicle 0.2330
298 330 306 327 314 344 306 348 small-vehicle 0.2315
551 168 560 164 568 183 559 187 small-vehicle 0.2312
596 636 604 632 614 650 606 654 small-vehicle 0.2294
39 636 49 642 35 663 25 656 small-vehicle 0.2292
320 114 329 111 335 132 326 134 small-vehicle 0.2282
273 57 273 45 297 44 298 55 small-vehicle 0.2269
770 518 766 509 784 501 788 510 small-vehicle 0.2268
293 922 303 913 321 932 312 941 small-vehicle 0.2268
496 609 493 600 511 594 514 603 small-vehicle 0.2258
292 334 300 330 307 348 298 351 small-vehicle 0.2250
421 140 429 136 438 155 429 159 small-vehicle 0.2247
306 52 305 41 324 39 325 49 small-vehicle 0.2214
757 561 766 559 771 580 761 582 small-vehicle 0.2211
748 182 760 177 772 210 760 215 small-vehicle 0.2208
678 936 674 925 699 916 703 928 small-vehicle 0.2202
606 837 600 829 622 812 628 820 small-vehicle 0.2198
690 580 686 571 703 563 707 572 small-vehicle 0.2177
569 650 576 645 588 663 581 667 small-vehicle 0.2170
496 139 504 136 512 154 504 158 small-vehicle 0.2167
644 884 637 877 655 860 662 867 small-vehicle 0.2164
586 809 580 802 598 787 604 794 small-vehicle 0.2156
732 458 727 446 768 430 773 443 small-vehicle 0.2144
752 268 749 258 767 252 771 261 small-vehicle 0.2142
349 108 357 106 363 126 354 128 small-vehicle 0.2127
584 193 581 182 599 176 602 186 small-vehicle 0.2125
446 728 455 723 469 748 460 753 small-vehicle 0.2125
470 714 479 708 493 731 484 736 small-vehicle 0.2112
421 698 432 693 444 716 433 722 small-vehicle 0.2111
725 583 733 579 742 600 733 604 small-vehicle 0.2109
372 154 381 152 385 172 377 174 small-vehicle 0.2106
700 146 697 135 718 128 722 138 small-vehicle 0.2098
531 412 540 412 542 436 532 437 small-vehicle 0.2096
568 161 576 157 585 175 577 180 small-vehicle 0.2086
497 655 494 646 513 640 516 649 small-vehicle 0.2081
331 45 331 35 352 36 351 46 small-vehicle 0.2080
522 100 531 97 539 116 531 120 small-vehicle 0.2052
584 623 579 614 596 606 601 616 small-vehicle 0.2028
411 650 406 639 437 626 442 637 small-vehicle 0.2023
707 156 703 146 723 138 727 148 small-vehicle 0.2012
572 793 566 785 586 769 592 776 small-vehicle 0.2008
171 867 173 856 196 861 194 872 small-vehicle 0.2006
420 809 429 803 445 825 436 832 small-vehicle 0.2002
443 846 436 837 456 822 463 831 small-vehicle 0.1996
553 431 564 432 562 463 551 462 small-vehicle 0.1968
562 718 558 710 576 701 580 709 small-vehicle 0.1967
465 151 473 147 483 165 475 170 small-vehicle 0.1924
773 123 771 114 790 110 792 119 small-vehicle 0.1910
575 159 584 154 594 173 585 177 small-vehicle 0.1905
517 54 514 45 533 40 535 50 small-vehicle 0.1901
321 96 321 85 340 85 340 96 small-vehicle 0.1894
556 713 551 705 570 694 575 702 small-vehicle 0.1893
263 704 261 694 278 691 280 700 small-vehicle 0.1872
485 116 494 112 502 131 493 135 small-vehicle 0.1861
211 828 220 828 219 848 210 848 small-vehicle 0.1848
493 57 492 46 511 45 512 56 small-vehicle 0.1847
762 612 770 609 777 628 769 631 small-vehicle 0.1830
232 851 241 850 243 874 234 875 small-vehicle 0.1830
483 197 491 194 499 210 491 214 small-vehicle 0.1822
622 363 618 354 639 346 643 355 small-vehicle 0.1803
686 600 694 596 702 614 694 618 small-vehicle 0.1796
516 133 524 128 534 146 526 150 small-vehicle 0.1794
237 715 235 706 253 701 256 710 small-vehicle 0.1785
429 167 438 163 446 181 438 185 small-vehicle 0.1778
570 110 579 107 585 126 576 129 small-vehicle 0.1775
813 399 822 400 819 418 809 417 small-vehicle 0.1773
278 197 287 194 293 212 284 215 small-vehicle 0.1767
445 82 454 79 462 96 453 100 small-vehicle 0.1753
464 685 474 682 480 704 470 707 small-vehicle 0.1747
185 828 193 822 208 841 200 847 small-vehicle 0.1737
421 31 419 20 440 16 443 26 small-vehicle 0.1735
348 42 348 32 369 31 369 42 small-vehicle 0.1725
380 155 389 154 393 173 384 175 small-vehicle 0.1724
777 132 774 124 791 118 794 126 small-vehicle 0.1724
554 117 562 113 571 131 563 136 small-vehicle 0.1716
369 668 363 656 404 636 410 648 small-vehicle 0.1715
708 591 716 588 724 607 716 610 small-vehicle 0.1707
346 92 345 82 363 79 365 89 small-vehicle 0.1705
532 677 527 668 543 658 549 666 small-vehicle 0.1699
509 136 517 132 526 150 518 154 small-vehicle 0.1697
458 720 468 715 481 740 472 745 small-vehicle 0.1694
476 682 486 681 489 703 479 705 small-vehicle 0.1693
423 96 430 92 440 108 433 113 small-vehicle 0.1691
582 644 589 639 600 656 592 660 small-vehicle 0.1690
86 814 82 803 105 795 109 806 small-vehicle 0.1689
532 175 540 172 549 190 541 194 small-vehicle 0.1687
568 746 574 753 557 770 551 763 small-vehicle 0.1686
780 601 788 597 796 616 788 620 small-vehicle 0.1686
442 70 444 58 462 61 459 74 small-vehicle 0.1679
732 238 732 225 769 224 769 237 small-vehicle 0.1677
324 187 333 185 337 204 329 206 small-vehicle 0.1675
467 92 470 83 487 89 484 98 small-vehicle 0.1673
561 115 570 111 578 130 569 133 small-vehicle 0.1671
286 101 287 89 311 90 311 101 small-vehicle 0.1670
562 652 569 648 579 666 572 670 small-vehicle 0.1668
407 356 403 346 425 337 429 346 small-vehicle 0.1662
255 104 255 93 274 93 274 104 small-vehicle 0.1661
86 913 95 905 115 927 107 935 small-vehicle 0.1660
431 137 439 134 448 153 440 157 small-vehicle 0.1658
42 833 38 823 56 815 61 824 small-vehicle 0.1658
404 79 405 68 422 70 421 80 small-vehicle 0.1649
785 160 782 151 800 144 804 154 small-vehicle 0.1643
447 690 457 686 467 711 456 714 small-vehicle 0.1640
387 697 383 687 405 678 409 687 small-vehicle 0.1638
612 846 607 839 629 822 635 829 small-vehicle 0.1638
536 852 543 843 560 856 553 865 small-vehicle 0.1624
605 634 614 631 621 649 613 652 small-vehicle 0.1622
309 116 317 114 323 133 315 136 small-vehicle 0.1619
543 693 538 685 554 675 559 682 small-vehicle 0.1612
326 161 335 159 339 179 330 180 small-vehicle 0.1608
544 410 554 410 554 435 544 435 small-vehicle 0.1606
546 122 554 118 563 136 554 140 small-vehicle 0.1603
341 159 350 157 354 177 345 179 small-vehicle 0.1602
422 76 424 65 440 67 439 78 small-vehicle 0.1594
359 177 368 174 373 192 365 195 small-vehicle 0.1592
308 166 317 164 321 183 312 185 small-vehicle 0.1591
443 161 451 157 461 174 453 178 small-vehicle 0.1589
717 585 725 582 732 602 724 605 small-vehicle 0.1584
796 177 791 168 807 159 812 168 small-vehicle 0.1582
520 644 517 635 535 630 538 639 small-vehicle 0.1570
491 682 500 679 508 702 499 705 small-vehicle 0.1569
808 423 817 421 819 438 810 440 small-vehicle 0.1569
205 489 210 477 250 495 245 506 small-vehicle 0.1568
489 143 497 139 505 158 496 161 small-vehicle 0.1562
736 439 731 428 756 417 761 429 small-vehicle 0.1552
208 110 207 100 228 98 229 108 small-vehicle 0.1550
460 124 469 121 476 139 468 142 small-vehicle 0.1547
532 95 540 91 549 109 541 113 small-vehicle 0.1538
210 726 207 717 223 712 226 720 small-vehicle 0.1532
444 131 452 127 461 146 453 149 small-vehicle 0.1522
227 383 233 371 275 390 270 402 small-vehicle 0.1520
370 106 379 105 381 124 372 125 small-vehicle 0.1509
550 705 544 697 560 685 566 692 small-vehicle 0.1507
314 188 323 186 326 206 318 208 small-vehicle 0.1487
353 157 362 155 365 175 356 177 small-vehicle 0.1485
360 156 369 154 374 174 365 176 small-vehicle 0.1482
445 21 444 12 461 10 462 19 small-vehicle 0.1481
541 46 538 36 556 31 559 40 small-vehicle 0.1475
452 206 459 200 472 213 465 220 small-vehicle 0.1464
336 113 344 111 349 130 340 132 small-vehicle 0.1452
516 418 525 417 528 441 518 442 small-vehicle 0.1441
554 631 551 623 569 616 572 625 small-vehicle 0.1427
600 831 593 823 613 804 621 812 small-vehicle 0.1426
453 126 461 123 468 141 460 144 small-vehicle 0.1424
474 119 483 116 489 134 480 137 small-vehicle 0.1422
294 737 289 726 316 715 321 727 small-vehicle 0.1416
205 406 210 395 255 414 250 425 small-vehicle 0.1413
489 90 487 81 505 77 507 86 small-vehicle 0.1409
540 93 548 89 556 107 548 111 small-vehicle 0.1404
261 59 260 48 277 48 278 58 small-vehicle 0.1399
696 139 692 129 712 120 716 130 small-vehicle 0.1389
552 764 546 757 563 740 569 747 small-vehicle 0.1382
810 132 817 126 828 137 821 143 small-vehicle 0.1366
255 860 265 862 260 881 251 879 small-vehicle 0.1365
637 874 631 867 648 851 654 858 small-vehicle 0.1360
432 482 443 482 443 506 432 506 small-vehicle 0.1353
300 167 309 165 313 184 304 186 small-vehicle 0.1349
492 193 500 190 506 207 497 209 small-vehicle 0.1341
359 734 365 724 387 737 382 747 small-vehicle 0.1336
512 180 521 176 529 193 520 197 small-vehicle 0.1334
207 471 212 460 254 481 249 492 small-vehicle 0.1325
498 111 506 107 513 125 505 129 small-vehicle 0.1322
511 104 520 100 527 118 519 122 small-vehicle 0.1318
542 171 550 167 557 185 548 188 small-vehicle 0.1317
474 199 482 197 487 213 479 215 small-vehicle 0.1315
357 747 360 736 386 744 382 755 small-vehicle 0.1311
631 866 625 858 642 844 649 851 small-vehicle 0.1308
472 147 480 143 489 161 481 165 small-vehicle 0.1304
234 108 232 98 251 95 252 105 small-vehicle 0.1299
457 85 464 80 475 94 467 99 small-vehicle 0.1298
758 458 766 454 779 479 770 483 small-vehicle 0.1292
711 182 710 171 738 169 739 181 small-vehicle 0.1275
454 154 462 150 471 169 462 173 small-vehicle 0.1274
412 714 419 706 436 719 430 727 small-vehicle 0.1272
469 16 467 7 484 3 486 11 small-vehicle 0.1256
524 130 532 126 540 144 532 148 small-vehicle 0.1255
433 683 429 673 448 665 452 675 small-vehicle 0.1255
353 180 361 178 366 196 358 198 small-vehicle 0.1246
194 652 202 642 241 676 232 686 small-vehicle 0.1238
438 134 445 130 454 148 446 151 small-vehicle 0.1232
204 389 209 378 253 397 248 408 small-vehicle 0.1227
749 463 757 458 770 483 762 488 small-vehicle 0.1220
561 200 559 190 578 187 580 198 small-vehicle 0.1210
804 735 799 727 822 712 827 719 small-vehicle 0.1206
201 354 206 342 249 362 243 374 small-vehicle 0.1200
781 144 778 136 795 128 799 136 small-vehicle 0.1200
625 375 622 365 643 357 647 367 small-vehicle 0.1193
556 410 567 411 565 435 554 434 small-vehicle 0.1188
396 102 404 100 408 119 400 121 small-vehicle 0.1184
122 597 114 585 159 558 166 570 small-vehicle 0.1160
295 698 289 686 322 668 328 680 small-vehicle 0.1156
137 69 136 61 152 60 152 68 small-vehicle 0.1152
416 99 424 96 430 114 423 117 small-vehicle 0.1149
363 495 376 496 373 534 360 533 small-vehicle 0.1149
206 454 211 443 256 465 250 476 small-vehicle 0.1145
241 503 247 492 283 509 277 520 small-vehicle 0.1135
410 100 418 98 423 117 415 119 small-vehicle 0.1127
775 273 785 268 793 284 784 290 small-vehicle 0.1122
696 595 704 592 711 609 703 612 small-vehicle 0.1118
711 567 709 558 727 554 729 564 small-vehicle 0.1118
294 194 303 192 306 210 297 212 small-vehicle 0.1106
755 278 753 268 776 262 779 272 small-vehicle 0.1105
54 74 54 64 72 64 72 73 small-vehicle 0.1081
515 811 509 803 527 790 532 797 small-vehicle 0.1081
171 878 174 866 196 872 193 883 small-vehicle 0.1077
102 196 96 186 132 166 138 176 small-vehicle 0.1073
381 106 389 104 392 123 383 125 small-vehicle 0.1064
329 55 330 45 350 46 349 55 small-vehicle 0.1057
399 339 395 330 417 321 421 330 small-vehicle 0.1049
628 19 624 9 642 2 646 12 small-vehicle 0.1035
483 678 493 676 498 700 488 702 small-vehicle 0.1025
680 604 688 601 695 619 686 622 small-vehicle 0.1020
467 201 474 199 479 214 472 217 small-vehicle 0.1014
306 323 315 319 323 338 314 342 small-vehicle 0.1011
301 121 309 119 313 137 306 139 small-vehicle 0.1004
516 886 527 877 545 901 534 909 small-vehicle 0.1000
345 183 353 181 358 198 349 200 small-vehicle 0.1000
194 295 199 283 251 303 246 315 large-vehicle 0.5610
192 312 197 300 249 320 244 332 large-vehicle 0.5542
118 494 112 484 157 457 163 468 large-vehicle 0.5262
596 322 590 309 637 289 643 302 large-vehicle 0.5230
193 331 198 318 252 339 247 352 large-vehicle 0.5220
191 229 197 217 247 238 242 250 large-vehicle 0.5055
112 430 105 420 149 391 156 401 large-vehicle 0.4852
110 347 104 336 151 309 157 320 large-vehicle 0.4801
406 562 414 554 456 591 449 599 large-vehicle 0.4777
194 652 202 642 241 676 232 686 large-vehicle 0.4739
122 597 114 585 159 558 166 570 large-vehicle 0.4580
110 381 102 370 149 339 156 350 large-vehicle 0.4543
119 512 112 501 158 473 165 484 large-vehicle 0.4293
106 312 100 301 147 274 153 285 large-vehicle 0.4292
202 354 207 343 255 363 250 375 large-vehicle 0.4227
188 247 192 235 244 253 239 266 large-vehicle 0.4224
110 397 105 386 152 361 157 372 large-vehicle 0.4209
118 528 112 518 155 493 161 503 large-vehicle 0.4096
112 447 106 437 151 411 157 421 large-vehicle 0.4091
205 406 210 395 255 414 250 425 large-vehicle 0.4081
378 575 385 567 423 602 416 610 large-vehicle 0.4011
470 539 478 530 521 568 513 577 large-vehicle 0.4009
305 613 313 605 354 641 346 649 large-vehicle 0.4008
438 550 445 542 487 579 480 587 large-vehicle 0.3990
115 462 109 452 153 426 159 437 large-vehicle 0.3948
102 215 96 203 139 179 146 191 large-vehicle 0.3871
322 602 329 595 366 630 359 638 large-vehicle 0.3783
219 637 226 629 270 669 262 677 large-vehicle 0.3764
260 630 267 621 307 656 300 665 large-vehicle 0.3760
241 633 248 626 284 663 277 670 large-vehicle 0.3732
117 479 110 469 155 442 161 452 large-vehicle 0.3718
120 546 114 536 160 508 166 518 large-vehicle 0.3710
553 514 560 505 601 537 594 546 large-vehicle 0.3709
119 580 112 569 157 542 163 553 large-vehicle 0.3688
522 525 528 517 570 553 564 561 large-vehicle 0.3676
102 196 96 186 132 166 138 176 large-vehicle 0.3647
271 622 279 613 318 649 310 657 large-vehicle 0.3643
369 668 363 656 404 636 410 648 large-vehicle 0.3636
346 587 353 579 393 617 386 625 large-vehicle 0.3631
204 389 209 378 253 397 248 408 large-vehicle 0.3591
205 489 210 477 250 495 245 506 large-vehicle 0.3578
123 631 116 620 162 595 168 606 large-vehicle 0.3575
104 280 98 270 147 241 154 252 large-vehicle 0.3570
106 331 100 320 145 294 151 304 large-vehicle 0.3552
664 550 659 538 718 512 723 523 large-vehicle 0.3541
125 662 119 651 165 624 171 634 large-vehicle 0.3497
580 501 588 492 629 529 622 537 large-vehicle 0.3482
100 180 93 169 139 140 146 151 large-vehicle 0.3463
209 471 214 460 262 483 257 493 large-vehicle 0.3454
661 469 668 460 710 494 703 503 large-vehicle 0.3432
352 419 347 406 398 383 404 396 large-vehicle 0.3423
572 269 566 256 612 236 618 249 large-vehicle 0.3387
615 492 623 483 663 519 655 528 large-vehicle 0.3352
365 580 373 572 410 609 402 617 large-vehicle 0.3323
102 247 96 236 145 208 151 220 large-vehicle 0.3280
204 420 209 410 256 432 251 443 large-vehicle 0.3227
227 383 233 371 275 390 270 402 large-vehicle 0.3219
644 475 652 466 688 502 680 510 large-vehicle 0.3209
630 481 638 473 676 507 668 516 large-vehicle 0.3154
206 454 211 443 256 465 250 476 large-vehicle 0.3140
211 555 216 544 272 572 267 582 large-vehicle 0.2992
120 616 114 604 158 579 164 590 large-vehicle 0.2969
367 479 381 481 374 533 360 531 large-vehicle 0.2965
732 459 727 447 773 428 778 441 large-vehicle 0.2965
558 411 570 413 564 450 552 448 large-vehicle 0.2776
211 523 217 510 286 541 280 554 large-vehicle 0.2765
335 597 343 589 380 627 373 635 large-vehicle 0.2761
539 519 545 512 586 547 579 555 large-vehicle 0.2731
215 539 220 528 276 556 271 566 large-vehicle 0.2693
205 436 211 425 253 448 248 458 large-vehicle 0.2656
732 238 732 225 769 224 769 237 large-vehicle 0.2638
241 503 247 492 283 509 277 520 large-vehicle 0.2583
304 693 299 681 353 658 358 669 large-vehicle 0.2532
410 650 405 640 437 625 442 636 large-vehicle 0.1796
543 408 554 408 553 436 543 435 large-vehicle 0.1753
530 412 539 411 541 438 532 439 large-vehicle 0.1713
727 221 727 207 768 205 768 219 large-vehicle 0.1710
417 481 428 481 426 510 415 509 large-vehicle 0.1653
231 850 240 849 242 876 233 877 large-vehicle 0.1572
438 445 452 445 452 473 438 473 large-vehicle 0.1554
758 458 767 454 778 482 769 485 large-vehicle 0.1553
749 461 758 457 770 485 761 489 large-vehicle 0.1541
612 846 607 839 629 822 635 829 large-vehicle 0.1533
119 558 113 548 158 523 163 532 large-vehicle 0.1511
606 837 600 829 622 812 628 820 large-vehicle 0.1506
441 476 453 477 452 504 440 503 large-vehicle 0.1403
786 551 796 548 805 576 795 579 large-vehicle 0.1384
644 884 637 877 655 860 662 867 large-vehicle 0.1332
579 801 573 793 592 778 598 785 large-vehicle 0.1291
114 790 109 778 148 763 152 775 large-vehicle 0.1276
666 913 659 904 680 885 688 894 large-vehicle 0.1224
490 426 502 428 499 457 487 455 large-vehicle 0.1210
657 900 650 892 670 873 677 881 large-vehicle 0.1204
564 779 558 772 578 756 584 764 large-vehicle 0.1198
631 866 625 858 642 844 649 851 large-vehicle 0.1193
445 877 437 867 461 848 469 858 large-vehicle 0.1175
572 793 566 785 586 769 592 776 large-vehicle 0.1165
520 414 529 413 531 437 521 438 large-vehicle 0.1146
540 751 533 743 554 725 561 733 large-vehicle 0.1145
490 680 499 677 507 702 498 705 large-vehicle 0.1131
242 450 248 440 278 458 272 468 large-vehicle 0.1110
637 874 631 867 648 851 654 858 large-vehicle 0.1097
707 172 706 161 740 158 741 169 large-vehicle 0.1089
748 182 760 177 772 210 760 215 large-vehicle 0.1082
86 913 95 905 115 927 107 935 large-vehicle 0.1075
620 854 614 847 636 830 641 838 large-vehicle 0.1055
315 319 324 315 334 337 324 341 large-vehicle 0.1023
86 913 95 905 115 927 107 935 ship 0.1386
786 551 796 548 805 576 795 579 ship 0.1017
205 406 210 395 255 414 250 425 ship 0.1005
