304 831 449 783 498 931 353 979 baseball-diamond 0.8604
469 1190 531 1085 643 1151 580 1256 baseball-diamond 0.8275
488 331 531 230 635 274 592 375 baseball-diamond 0.8091
967 1079 1023 1002 1101 1060 1045 1136 baseball-diamond 0.7776
838 899 946 829 1018 941 910 1011 baseball-diamond 0.7738
115 504 226 489 241 604 130 619 baseball-diamond 0.7564
694 588 785 549 825 642 734 681 baseball-diamond 0.5954
295 878 396 775 503 880 401 982 ground-track-field 0.1535
845 959 891 836 1020 884 974 1007 ground-track-field 0.1350
1017 146 1028 138 1045 162 1034 169 small-vehicle 0.1499
875 412 870 401 892 392 896 403 small-vehicle 0.1487
156 1149 149 1140 174 1122 181 1131 small-vehicle 0.1312
1112 304 1122 298 1137 323 1127 329 small-vehicle 0.1291
953 51 962 44 980 67 971 74 small-vehicle 0.1272
483 1306 492 1301 502 1322 493 1326 small-vehicle 0.1261
302 1364 297 1354 320 1343 324 1353 small-vehicle 0.1190
1285 1254 1294 1250 1303 1270 1293 1274 small-vehicle 0.1181
379 1318 374 1310 394 1296 399 1304 small-vehicle 0.1181
1100 965 1109 958 1123 979 1114 986 small-vehicle 0.1160
988 103 996 97 1011 115 1003 121 small-vehicle 0.1147
63 161 57 151 91 130 97 140 small-vehicle 0.1144
79 1224 73 1215 92 1201 99 1209 small-vehicle 0.1138
278 1408 273 1399 295 1387 300 1396 small-vehicle 0.1128
307 1388 302 1380 323 1366 328 1374 small-vehicle 0.1125
61 1208 55 1199 76 1184 82 1193 small-vehicle 0.1124
417 1309 425 1316 404 1337 397 1330 small-vehicle 0.1123
277 26 272 18 301 0 306 9 small-vehicle 0.1112
976 346 970 337 999 317 1006 326 small-vehicle 0.1103
1118 932 1128 927 1140 950 1130 955 small-vehicle 0.1101
1047 822 1057 817 1071 840 1061 846 small-vehicle 0.1085
1202 1000 1197 987 1223 978 1228 990 small-vehicle 0.1083
886 225 880 215 904 199 911 210 small-vehicle 0.1063
391 1335 384 1327 405 1311 412 1318 small-vehicle 0.1059
1181 823 1175 815 1198 799 1204 808 small-vehicle 0.1058
747 343 756 337 771 360 762 366 small-vehicle 0.1049
1172 399 1180 393 1200 417 1193 423 small-vehicle 0.1039
1133 818 1131 808 1152 804 1154 814 small-vehicle 0.1029
532 58 539 52 555 72 548 77 small-vehicle 0.1027
1179 364 1189 358 1207 386 1198 392 small-vehicle 0.1027
1233 789 1228 781 1252 766 1257 774 small-vehicle 0.1015
915 254 907 244 928 226 936 235 small-vehicle 0.1014
90 902 84 893 104 880 110 889 small-vehicle 0.1007
1132 1296 1125 1285 1172 1257 1178 1268 large-vehicle 0.2299
63 161 57 151 91 130 97 140 large-vehicle 0.1611
561 658 556 649 589 631 594 640 large-vehicle 0.1595
532 58 539 52 555 72 548 77 large-vehicle 0.1359
295 992 303 987 316 1011 308 1016 large-vehicle 0.1345
277 26 272 18 301 0 306 9 large-vehicle 0.1325
1221 1164 1228 1160 1241 1186 1234 1190 large-vehicle 0.1247
508 250 501 241 535 218 541 226 large-vehicle 0.1188
809 578 818 572 841 608 831 614 large-vehicle 0.1081
1017 146 1028 138 1045 162 1034 169 large-vehicle 0.1036
1211 1390 1185 1351 1267 1296 1294 1336 tennis-court 0.6157
1179 1345 1153 1306 1236 1251 1262 1290 tennis-court 0.5715
759 1252 734 1191 827 1153 851 1214 basketball-court 0.5512
775 1277 786 1211 894 1228 883 1294 basketball-court 0.3803
1211 1390 1185 1351 1267 1296 1294 1336 basketball-court 0.2823
1179 1345 1153 1306 1236 1251 1262 1290 basketball-court 0.2212
295 858 420 776 503 903 377 985 storage-tank 0.1635
0 337 18 335 19 354 2 356 storage-tank 0.1181
844 885 959 834 1012 954 897 1005 storage-tank 0.1168
1210 1390 1183 1352 1265 1294 1292 1332 soccer-ball-field 0.2560
318 967 549 620 964 896 733 1243 soccer-ball-field 0.2006
1179 1345 1153 1306 1236 1251 1262 1290 soccer-ball-field 0.1738
752 1247 732 1187 833 1152 854 1213 soccer-ball-field 0.1262
695 623 755 557 825 619 765 686 roundabout 0.1610
295 863 410 773 504 894 389 984 roundabout 0.1412
479 301 564 223 641 307 556 385 roundabout 0.1138
844 885 959 834 1012 954 897 1005 roundabout 0.1005
108 452 98 434 132 415 142 433 swimming-pool 0.4104
97 423 94 406 128 400 131 417 swimming-pool 0.1629
