231 731 225 724 250 703 255 710 bridge 0.1018
332 838 257 709 514 559 589 687 ground-track-field 0.1146
303 1105 313 1103 317 1125 307 1127 small-vehicle 0.1799
102 125 97 118 115 105 120 112 small-vehicle 0.1390
158 67 153 60 173 47 177 54 small-vehicle 0.1210
78 165 76 157 99 150 102 158 small-vehicle 0.1192
32 172 38 162 58 174 52 183 small-vehicle 0.1150
591 1055 603 1054 604 1072 592 1073 small-vehicle 0.1013
476 965 471 957 496 940 501 948 small-vehicle 0.1007
228 1133 222 1122 271 1096 277 1106 large-vehicle 0.1913
228 36 223 30 249 9 254 15 large-vehicle 0.1892
78 165 76 157 99 150 102 158 large-vehicle 0.1468
476 965 471 957 496 940 501 948 large-vehicle 0.1459
227 25 223 18 246 3 250 9 large-vehicle 0.1432
229 47 224 41 249 23 253 29 large-vehicle 0.1330
335 679 330 674 354 654 358 660 large-vehicle 0.1324
158 68 153 62 173 48 178 55 large-vehicle 0.1181
718 822 712 813 744 789 751 798 large-vehicle 0.1104
225 14 222 9 241 -1 245 3 large-vehicle 0.1016
228 1133 222 1122 271 1096 277 1106 ship 0.1103
503 415 542 391 592 470 553 495 tennis-court 0.9625
364 500 401 478 447 557 410 579 tennis-court 0.9606
268 553 306 532 351 615 313 635 tennis-court 0.9541
170 614 209 589 258 668 219 693 tennis-court 0.9534
409 471 447 448 495 526 457 549 tennis-court 0.9483
553 387 591 366 635 445 597 466 tennis-court 0.9473
457 443 495 420 543 498 504 521 tennis-court 0.9441
217 584 256 561 305 642 267 666 tennis-court 0.9433
314 529 353 506 401 584 363 608 tennis-court 0.9339
638 402 657 392 677 430 657 440 tennis-court 0.8601
715 358 734 348 755 386 736 396 tennis-court 0.8544
663 388 682 377 703 415 684 425 tennis-court 0.7533
688 373 706 363 727 399 709 410 tennis-court 0.7066
604 345 623 335 643 374 623 384 tennis-court 0.6872
631 332 650 322 669 359 650 369 tennis-court 0.5843
681 306 700 294 722 328 703 340 tennis-court 0.5408
115 641 158 615 211 704 168 729 tennis-court 0.5134
284 751 322 723 361 776 323 803 tennis-court 0.5114
659 317 677 307 696 343 677 352 tennis-court 0.3949
483 625 513 595 568 650 538 680 tennis-court 0.3755
193 773 243 749 289 845 239 869 tennis-court 0.1728
619 569 601 518 698 483 717 535 basketball-court 0.4974
675 626 643 579 727 522 759 568 basketball-court 0.4757
737 542 734 484 834 478 838 535 basketball-court 0.3950
707 522 686 473 786 432 806 481 basketball-court 0.1707
341 838 265 726 499 566 575 678 soccer-ball-field 0.3447
