141 608 145 597 195 616 191 627 bridge 0.1100
119 632 124 620 173 639 168 651 bridge 0.1028
63 702 70 691 94 705 87 715 small-vehicle 0.3413
327 853 336 855 333 875 324 874 small-vehicle 0.3365
292 845 302 847 298 867 289 865 small-vehicle 0.3267
711 725 718 717 735 732 728 740 small-vehicle 0.3108
655 437 665 433 673 453 663 457 small-vehicle 0.2958
239 836 249 838 246 858 236 856 small-vehicle 0.2920
196 755 205 746 230 770 222 779 small-vehicle 0.2903
236 689 245 679 275 708 266 717 small-vehicle 0.2807
294 793 303 795 299 815 289 813 small-vehicle 0.2767
188 823 198 825 193 848 183 846 small-vehicle 0.2749
247 785 257 786 255 807 245 806 small-vehicle 0.2723
672 467 669 457 690 450 693 460 small-vehicle 0.2708
156 820 167 821 165 842 155 841 small-vehicle 0.2663
198 828 208 831 203 852 193 850 small-vehicle 0.2644
360 808 370 809 368 830 358 829 small-vehicle 0.2606
311 799 320 800 318 819 309 818 small-vehicle 0.2603
373 864 383 865 380 883 371 882 small-vehicle 0.2569
445 823 455 824 453 844 443 843 small-vehicle 0.2566
123 747 133 747 133 768 124 768 small-vehicle 0.2548
335 800 344 801 342 821 332 820 small-vehicle 0.2525
232 708 240 699 267 723 258 732 small-vehicle 0.2508
468 829 478 831 475 850 466 849 small-vehicle 0.2477
320 800 329 801 327 820 318 819 small-vehicle 0.2461
280 788 289 791 284 809 275 807 small-vehicle 0.2438
610 823 621 822 622 843 611 843 small-vehicle 0.2406
653 785 659 778 675 793 669 800 small-vehicle 0.2380
407 869 416 870 414 889 405 888 small-vehicle 0.2360
652 420 659 426 646 441 639 435 small-vehicle 0.2342
647 837 653 844 638 860 632 854 small-vehicle 0.2334
634 402 642 407 632 425 624 420 small-vehicle 0.2330
418 870 427 871 425 889 416 888 small-vehicle 0.2236
583 432 593 431 594 450 585 451 small-vehicle 0.2139
67 96 75 101 65 120 56 115 small-vehicle 0.2081
356 54 362 46 385 65 379 73 small-vehicle 0.2073
170 90 179 94 169 114 160 110 small-vehicle 0.2072
301 799 310 800 308 818 299 817 small-vehicle 0.2066
637 833 644 839 632 855 625 849 small-vehicle 0.1956
157 84 166 89 157 108 148 104 small-vehicle 0.1922
598 803 605 806 597 823 589 819 small-vehicle 0.1917
666 843 673 836 690 852 684 859 small-vehicle 0.1883
175 822 184 823 181 845 172 844 small-vehicle 0.1844
661 779 667 772 682 785 676 792 small-vehicle 0.1801
705 804 711 796 726 808 720 816 small-vehicle 0.1796
372 809 382 810 381 831 370 830 small-vehicle 0.1754
318 852 328 854 325 873 315 872 small-vehicle 0.1744
676 764 682 757 697 769 691 776 small-vehicle 0.1729
385 866 394 867 392 886 383 885 small-vehicle 0.1729
586 793 593 799 580 812 574 807 small-vehicle 0.1713
668 773 674 766 688 779 683 785 small-vehicle 0.1710
447 875 457 875 455 891 445 890 small-vehicle 0.1702
627 398 635 403 625 419 617 414 small-vehicle 0.1654
313 651 320 643 336 658 329 666 small-vehicle 0.1644
659 852 665 844 683 859 677 866 small-vehicle 0.1635
478 830 487 831 485 851 476 850 small-vehicle 0.1598
805 334 808 323 848 333 846 344 small-vehicle 0.1581
669 511 678 518 663 537 654 530 small-vehicle 0.1557
428 872 436 873 434 889 426 888 small-vehicle 0.1556
316 609 323 601 339 616 333 623 small-vehicle 0.1546
164 732 173 739 148 773 139 766 small-vehicle 0.1521
690 817 696 811 710 824 704 831 small-vehicle 0.1505
592 797 598 802 587 816 581 811 small-vehicle 0.1498
304 851 314 852 311 871 302 870 small-vehicle 0.1474
261 786 271 788 268 808 259 806 small-vehicle 0.1442
325 595 331 588 347 601 341 608 small-vehicle 0.1417
333 627 339 619 359 636 353 644 small-vehicle 0.1414
351 804 360 806 356 825 346 823 small-vehicle 0.1394
341 857 350 859 346 878 337 877 small-vehicle 0.1377
92 112 100 117 89 135 81 130 small-vehicle 0.1359
322 638 329 631 346 646 340 654 small-vehicle 0.1358
672 836 678 829 695 843 689 850 small-vehicle 0.1343
394 868 403 869 401 887 391 886 small-vehicle 0.1330
642 410 649 416 637 430 630 425 small-vehicle 0.1306
363 395 367 384 402 399 397 410 small-vehicle 0.1306
277 643 285 634 316 660 308 669 small-vehicle 0.1298
209 830 218 832 214 854 205 852 small-vehicle 0.1267
682 758 688 751 703 764 697 771 small-vehicle 0.1244
769 498 772 485 815 494 812 506 small-vehicle 0.1240
395 48 403 40 437 73 429 81 small-vehicle 0.1231
229 833 238 835 234 855 225 853 small-vehicle 0.1227
599 816 609 814 612 832 603 834 small-vehicle 0.1209
388 370 393 361 422 375 417 385 small-vehicle 0.1208
567 212 579 215 571 260 558 258 small-vehicle 0.1202
697 814 703 808 717 820 711 827 small-vehicle 0.1190
610 468 615 460 631 470 626 479 small-vehicle 0.1182
685 823 691 817 705 829 699 835 small-vehicle 0.1169
98 120 105 124 96 141 88 137 small-vehicle 0.1161
425 28 434 18 470 51 461 60 small-vehicle 0.1151
81 106 89 111 78 128 70 122 small-vehicle 0.1139
440 874 449 875 446 890 438 889 small-vehicle 0.1120
434 823 444 824 441 844 431 843 small-vehicle 0.1120
320 602 326 595 342 607 336 615 small-vehicle 0.1102
348 858 358 860 356 880 346 878 small-vehicle 0.1087
303 616 309 609 325 626 319 632 small-vehicle 0.1078
712 795 717 788 732 800 726 807 small-vehicle 0.1076
441 19 449 7 488 34 479 47 small-vehicle 0.1058
218 832 227 834 223 854 214 852 small-vehicle 0.1052
407 44 414 36 440 60 433 67 small-vehicle 0.1033
149 816 159 819 153 839 144 836 small-vehicle 0.1024
567 212 579 215 571 260 558 258 large-vehicle 0.6707
596 219 607 220 601 267 589 265 large-vehicle 0.6547
769 498 772 485 815 494 812 506 large-vehicle 0.6462
612 221 623 223 616 267 604 265 large-vehicle 0.6445
583 217 595 219 586 267 574 265 large-vehicle 0.6197
790 376 793 365 836 377 833 388 large-vehicle 0.6104
766 513 768 501 813 509 810 522 large-vehicle 0.5935
141 608 145 597 195 616 191 627 large-vehicle 0.5923
805 334 808 323 848 333 846 344 large-vehicle 0.5913
796 362 798 351 840 361 837 372 large-vehicle 0.5906
759 553 762 541 806 551 803 563 large-vehicle 0.5889
669 235 680 239 670 279 658 275 large-vehicle 0.5865
783 445 785 433 827 443 825 454 large-vehicle 0.5803
173 571 177 560 226 581 221 592 large-vehicle 0.5750
196 547 201 537 247 558 242 569 large-vehicle 0.5748
772 470 775 458 820 468 817 480 large-vehicle 0.5724
684 237 695 239 685 282 674 280 large-vehicle 0.5680
778 258 789 261 777 303 766 300 large-vehicle 0.5608
799 348 802 337 843 348 840 359 large-vehicle 0.5597
788 404 791 392 834 402 832 413 large-vehicle 0.5542
393 344 398 332 445 351 441 362 large-vehicle 0.5375
701 243 710 245 698 287 689 285 large-vehicle 0.5206
709 244 719 246 708 289 698 286 large-vehicle 0.5205
765 538 767 525 810 534 808 546 large-vehicle 0.5194
784 429 787 418 827 428 825 439 large-vehicle 0.5190
119 632 124 620 173 639 168 651 large-vehicle 0.5127
163 586 167 575 217 595 212 606 large-vehicle 0.5092
635 722 644 718 662 758 653 762 large-vehicle 0.5044
100 656 104 644 153 662 148 673 large-vehicle 0.5018
643 227 655 230 642 279 630 276 large-vehicle 0.4962
805 259 815 261 806 303 796 301 large-vehicle 0.4919
292 444 296 434 343 455 339 466 large-vehicle 0.4897
725 251 735 254 720 294 711 291 large-vehicle 0.4854
271 469 276 459 321 479 317 490 large-vehicle 0.4674
749 261 759 264 745 303 735 300 large-vehicle 0.4671
417 321 422 310 466 331 461 342 large-vehicle 0.4612
75 677 81 664 131 684 126 698 large-vehicle 0.4571
784 416 787 405 829 413 826 425 large-vehicle 0.4571
164 732 173 739 148 773 139 766 large-vehicle 0.4471
226 514 231 502 281 523 275 535 large-vehicle 0.4465
658 705 666 701 685 740 676 745 large-vehicle 0.4463
425 307 430 295 477 317 472 328 large-vehicle 0.4406
217 528 221 517 270 537 265 548 large-vehicle 0.4390
794 258 804 260 795 303 785 301 large-vehicle 0.4315
260 664 268 656 305 694 297 701 large-vehicle 0.4082
644 713 653 709 672 750 663 754 large-vehicle 0.4060
313 424 317 414 366 432 362 442 large-vehicle 0.4007
236 689 245 679 275 708 266 717 large-vehicle 0.3933
665 692 674 688 694 728 685 732 large-vehicle 0.3931
724 626 733 621 753 661 744 666 large-vehicle 0.3869
745 605 754 601 774 638 765 642 large-vehicle 0.3827
687 671 695 667 715 704 706 709 large-vehicle 0.3786
695 662 704 658 722 697 713 701 large-vehicle 0.3784
428 31 436 21 472 54 464 63 large-vehicle 0.3663
673 684 682 680 701 720 692 724 large-vehicle 0.3654
735 257 744 261 730 300 721 297 large-vehicle 0.3629
329 414 333 404 378 422 374 432 large-vehicle 0.3572
755 596 765 592 783 632 774 636 large-vehicle 0.3550
716 640 725 636 744 674 736 678 large-vehicle 0.3498
399 49 406 41 438 70 431 78 large-vehicle 0.3479
282 457 286 447 335 468 330 478 large-vehicle 0.3434
708 647 717 643 736 681 727 686 large-vehicle 0.3420
732 618 741 614 761 655 752 659 large-vehicle 0.3353
679 678 688 674 707 713 698 717 large-vehicle 0.3162
738 611 747 607 767 647 758 651 large-vehicle 0.3086
702 654 711 650 729 689 720 693 large-vehicle 0.3032
303 434 307 423 352 440 348 450 large-vehicle 0.2838
363 395 367 384 402 399 397 410 large-vehicle 0.2516
387 371 391 361 424 376 419 386 large-vehicle 0.2347
356 54 362 46 385 65 379 73 large-vehicle 0.2228
378 383 382 373 415 387 411 397 large-vehicle 0.2085
407 44 414 36 440 60 433 67 large-vehicle 0.2083
528 211 542 220 517 258 503 248 large-vehicle 0.1873
644 377 646 366 674 371 672 382 large-vehicle 0.1479
232 708 240 699 267 723 258 732 large-vehicle 0.1402
440 18 449 5 488 30 479 43 large-vehicle 0.1247
766 526 768 514 811 519 810 532 large-vehicle 0.1155
789 393 792 381 834 389 832 401 large-vehicle 0.1093
340 402 343 392 386 407 382 417 large-vehicle 0.1031
196 757 204 748 230 773 222 781 large-vehicle 0.1025
437 18 448 2 491 30 481 46 ship 0.1484
805 334 808 323 848 333 846 344 ship 0.1166
153 431 164 430 171 511 160 512 ship 0.1029
