532 119 542 121 537 143 527 141 small-vehicle 0.3140
737 303 741 291 763 298 760 309 small-vehicle 0.2825
686 638 693 644 680 660 673 654 small-vehicle 0.2739
154 337 157 325 183 331 180 343 small-vehicle 0.2693
512 121 521 125 513 145 504 141 small-vehicle 0.2666
664 623 671 628 659 645 651 639 small-vehicle 0.2663
120 825 114 815 141 798 147 808 small-vehicle 0.2544
155 838 168 835 172 859 159 861 small-vehicle 0.2483
260 13 258 -1 286 -4 288 10 small-vehicle 0.2435
508 93 517 97 507 117 498 113 small-vehicle 0.2419
704 249 712 245 721 265 712 268 small-vehicle 0.2375
680 262 689 258 698 277 689 282 small-vehicle 0.2357
713 242 723 238 731 257 721 261 small-vehicle 0.2351
163 308 167 298 190 306 186 316 small-vehicle 0.2337
761 188 762 179 782 181 781 190 small-vehicle 0.2336
697 649 707 654 699 671 689 667 small-vehicle 0.2298
37 670 41 659 62 668 58 679 small-vehicle 0.2280
788 574 785 566 804 561 807 569 small-vehicle 0.2217
122 837 117 826 154 809 160 820 small-vehicle 0.2210
544 116 553 120 546 138 537 135 small-vehicle 0.2206
761 209 763 199 783 203 781 213 small-vehicle 0.2200
814 317 815 307 834 311 832 320 small-vehicle 0.2183
767 151 769 142 788 145 787 154 small-vehicle 0.2166
500 90 508 95 498 115 490 110 small-vehicle 0.2121
768 325 775 316 796 332 789 341 small-vehicle 0.2107
462 397 468 389 485 401 479 409 small-vehicle 0.2103
795 130 797 120 815 122 814 132 small-vehicle 0.2068
691 257 699 253 708 271 699 275 small-vehicle 0.2053
587 669 592 661 609 673 604 681 small-vehicle 0.2052
546 262 555 268 545 283 537 278 small-vehicle 0.2010
618 721 629 720 630 738 619 739 small-vehicle 0.1990
763 163 765 154 784 159 782 168 small-vehicle 0.1990
754 230 756 221 777 226 775 235 small-vehicle 0.1986
640 699 637 690 657 685 659 694 small-vehicle 0.1945
330 633 343 621 375 658 362 670 small-vehicle 0.1942
197 142 209 141 210 168 198 168 small-vehicle 0.1933
620 619 631 620 629 645 618 644 small-vehicle 0.1921
105 489 117 489 118 516 106 517 small-vehicle 0.1886
705 692 702 684 721 678 724 687 small-vehicle 0.1886
444 90 452 96 441 112 433 107 small-vehicle 0.1861
651 614 660 618 650 637 641 632 small-vehicle 0.1860
226 807 221 797 248 784 253 794 small-vehicle 0.1848
677 751 674 741 694 736 697 746 small-vehicle 0.1832
55 351 48 343 67 328 73 335 small-vehicle 0.1816
214 831 208 820 244 803 249 815 small-vehicle 0.1816
814 305 816 296 835 300 833 309 small-vehicle 0.1808
745 287 748 277 767 282 764 292 small-vehicle 0.1803
520 121 530 124 525 144 515 142 small-vehicle 0.1794
818 290 820 280 839 283 838 293 small-vehicle 0.1792
727 756 724 747 742 740 745 750 small-vehicle 0.1787
820 272 823 263 842 270 839 279 small-vehicle 0.1766
693 644 701 650 689 665 681 659 small-vehicle 0.1762
95 394 101 385 121 399 115 408 small-vehicle 0.1760
721 742 718 734 736 728 739 736 small-vehicle 0.1749
135 294 147 301 127 336 115 330 small-vehicle 0.1741
737 874 745 878 736 895 728 891 small-vehicle 0.1735
827 253 829 244 848 250 845 258 small-vehicle 0.1732
726 807 730 798 749 807 744 816 small-vehicle 0.1723
697 601 705 593 719 607 711 615 small-vehicle 0.1719
777 141 779 132 799 138 796 147 small-vehicle 0.1718
755 222 758 213 779 219 776 228 small-vehicle 0.1710
534 256 543 261 534 276 525 271 small-vehicle 0.1695
644 713 641 704 660 699 663 708 small-vehicle 0.1687
239 657 233 643 279 621 285 634 small-vehicle 0.1681
645 721 642 712 661 706 664 716 small-vehicle 0.1670
671 629 678 634 666 650 659 644 small-vehicle 0.1663
465 74 473 79 462 96 455 92 small-vehicle 0.1653
761 200 762 191 783 194 781 203 small-vehicle 0.1650
135 388 137 377 168 381 166 392 small-vehicle 0.1643
87 412 98 414 95 432 84 430 small-vehicle 0.1640
702 676 703 667 724 668 723 678 small-vehicle 0.1638
413 45 424 48 419 67 409 65 small-vehicle 0.1637
247 155 245 145 268 141 270 152 small-vehicle 0.1627
231 137 227 129 243 121 247 129 small-vehicle 0.1625
596 297 604 303 593 319 585 313 small-vehicle 0.1584
427 67 436 71 426 92 417 88 small-vehicle 0.1583
626 823 634 827 625 843 617 839 small-vehicle 0.1577
188 110 186 101 207 96 209 105 small-vehicle 0.1574
704 833 708 826 724 836 719 843 small-vehicle 0.1572
492 87 500 92 490 110 482 106 small-vehicle 0.1571
569 277 576 282 566 298 558 292 small-vehicle 0.1565
593 47 609 51 601 84 584 80 small-vehicle 0.1535
232 693 226 680 273 657 279 671 small-vehicle 0.1522
641 831 649 836 638 851 631 846 small-vehicle 0.1520
660 772 657 764 675 757 678 766 small-vehicle 0.1512
213 877 222 882 214 898 205 894 small-vehicle 0.1506
633 828 641 833 630 848 622 842 small-vehicle 0.1503
712 824 717 817 733 828 728 835 small-vehicle 0.1498
604 640 613 637 622 658 612 662 small-vehicle 0.1488
611 698 621 696 625 715 615 717 small-vehicle 0.1471
786 135 788 126 808 131 805 141 small-vehicle 0.1464
834 220 842 212 856 228 848 235 small-vehicle 0.1448
719 816 724 809 741 820 736 827 small-vehicle 0.1438
733 772 729 763 747 757 750 766 small-vehicle 0.1430
501 238 511 237 512 256 502 257 small-vehicle 0.1425
203 874 212 877 206 894 197 891 small-vehicle 0.1402
668 794 664 786 683 778 686 787 small-vehicle 0.1381
219 103 218 93 237 91 238 101 small-vehicle 0.1373
617 315 626 317 622 335 613 332 small-vehicle 0.1371
653 750 651 741 669 736 671 745 small-vehicle 0.1368
436 77 443 83 429 99 422 93 small-vehicle 0.1351
670 735 666 726 684 719 688 727 small-vehicle 0.1341
734 787 732 777 752 773 753 783 small-vehicle 0.1332
426 153 434 157 426 173 418 170 small-vehicle 0.1324
574 283 582 288 572 303 565 298 small-vehicle 0.1317
682 779 680 770 699 766 701 775 small-vehicle 0.1303
830 246 832 238 850 242 848 251 small-vehicle 0.1299
663 780 659 772 677 765 680 773 small-vehicle 0.1291
825 265 827 256 846 262 843 271 small-vehicle 0.1287
657 764 654 756 672 750 674 759 small-vehicle 0.1279
665 727 662 718 680 712 683 721 small-vehicle 0.1273
210 119 208 110 225 106 227 115 small-vehicle 0.1250
582 289 590 294 581 310 573 306 small-vehicle 0.1241
604 303 612 307 602 324 594 319 small-vehicle 0.1229
593 662 598 655 613 664 609 672 small-vehicle 0.1229
479 83 487 87 478 106 469 102 small-vehicle 0.1227
122 478 137 479 134 520 120 519 small-vehicle 0.1224
439 85 446 91 434 106 427 100 small-vehicle 0.1221
521 244 529 249 522 264 513 260 small-vehicle 0.1190
662 843 671 848 660 866 652 862 small-vehicle 0.1183
677 633 684 638 673 654 665 648 small-vehicle 0.1174
245 620 239 608 286 586 292 598 small-vehicle 0.1166
123 785 117 773 161 751 167 763 small-vehicle 0.1164
672 743 669 734 686 727 690 736 small-vehicle 0.1143
555 268 563 273 553 289 545 284 small-vehicle 0.1133
648 734 645 725 663 720 666 729 small-vehicle 0.1105
496 670 503 658 547 685 539 697 small-vehicle 0.1103
679 772 677 762 696 758 698 768 small-vehicle 0.1100
684 67 703 72 684 144 665 139 small-vehicle 0.1093
221 124 219 115 236 111 238 119 small-vehicle 0.1088
538 538 548 546 517 586 507 578 small-vehicle 0.1087
168 552 161 539 209 514 216 527 small-vehicle 0.1082
651 743 648 734 664 729 667 737 small-vehicle 0.1070
-1 171 6 166 16 182 8 186 small-vehicle 0.1036
155 605 149 593 197 570 203 582 small-vehicle 0.1028
731 798 732 789 752 792 751 802 small-vehicle 0.1026
239 657 233 643 279 621 285 634 large-vehicle 0.6435
232 693 226 680 273 657 279 671 large-vehicle 0.6311
245 620 239 608 286 586 292 598 large-vehicle 0.6096
332 633 343 624 373 658 362 668 large-vehicle 0.5636
251 584 245 573 292 550 298 562 large-vehicle 0.5482
684 68 701 73 684 142 667 137 large-vehicle 0.5458
155 605 149 593 197 570 203 582 large-vehicle 0.5097
247 52 251 38 308 52 305 66 large-vehicle 0.5094
123 785 117 773 161 751 167 763 large-vehicle 0.4423
341 557 351 549 383 588 374 596 large-vehicle 0.4008
165 552 159 540 208 516 214 528 large-vehicle 0.3815
702 410 711 396 762 431 753 445 large-vehicle 0.3765
608 592 617 599 586 639 577 632 large-vehicle 0.3624
294 804 303 795 342 836 333 845 large-vehicle 0.3287
496 670 503 658 547 685 539 697 large-vehicle 0.3004
616 599 626 606 597 649 587 642 large-vehicle 0.2833
135 294 147 300 127 338 116 332 large-vehicle 0.2818
586 574 595 581 562 620 553 612 large-vehicle 0.2784
123 477 138 478 135 519 120 518 large-vehicle 0.2561
569 571 578 578 549 614 540 607 large-vehicle 0.2361
767 503 777 502 779 541 769 542 large-vehicle 0.2144
538 538 548 546 517 586 507 578 large-vehicle 0.2105
361 409 372 416 343 459 332 452 large-vehicle 0.1917
668 66 680 68 670 124 658 121 large-vehicle 0.1916
475 499 485 506 453 554 443 548 large-vehicle 0.1777
282 346 292 355 260 395 249 387 large-vehicle 0.1746
122 837 117 826 154 809 160 820 large-vehicle 0.1674
593 47 609 51 601 84 584 80 large-vehicle 0.1483
247 597 242 587 286 565 292 575 large-vehicle 0.1178
164 583 157 573 199 548 205 558 large-vehicle 0.1081
55 351 48 343 67 328 73 335 large-vehicle 0.1021
