1098 147 1160 125 1183 190 1121 211 baseball-diamond 0.7750
1134 282 1141 216 1211 223 1205 289 baseball-diamond 0.6976
305 1112 305 1025 556 1025 556 1112 bridge 0.3232
714 848 726 849 722 988 709 988 bridge 0.1246
1099 140 1165 126 1180 202 1114 215 ground-track-field 0.1429
1253 1106 1252 1099 1267 1097 1268 1104 small-vehicle 0.1172
1249 1084 1250 1077 1264 1079 1263 1086 small-vehicle 0.1066
644 1083 644 1076 659 1076 659 1083 small-vehicle 0.1027
349 587 358 579 383 604 374 612 ship 0.1233
921 486 945 487 943 536 919 535 tennis-court 0.5550
805 546 825 547 823 591 803 590 tennis-court 0.4398
828 487 847 488 846 527 827 526 tennis-court 0.3422
832 548 852 550 848 590 829 588 tennis-court 0.2680
865 552 881 553 879 594 863 592 tennis-court 0.2443
892 552 911 553 909 599 891 598 tennis-court 0.2390
851 489 867 491 864 527 849 526 tennis-court 0.1947
899 489 916 490 914 529 897 528 tennis-court 0.1821
864 490 877 490 876 525 862 524 tennis-court 0.1433
1125 259 1165 204 1220 244 1181 299 storage-tank 0.1116
1102 143 1166 129 1180 196 1116 210 storage-tank 0.1003
1130 274 1149 211 1215 231 1196 294 roundabout 0.1231
