34 26 44 16 65 39 55 48 small-vehicle 0.1058
61 829 61 821 78 821 78 829 small-vehicle 0.1042
162 85 170 80 196 116 188 122 large-vehicle 0.3039
324 255 333 250 353 284 344 289 large-vehicle 0.2673
752 1080 761 1076 779 1110 771 1115 large-vehicle 0.2330
873 1167 880 1164 892 1194 885 1197 large-vehicle 0.1995
498 543 505 540 519 571 512 574 large-vehicle 0.1920
306 308 312 306 321 333 315 335 large-vehicle 0.1609
253 200 259 199 264 223 258 224 large-vehicle 0.1493
521 695 528 692 540 719 533 722 large-vehicle 0.1355
160 95 168 91 186 122 179 127 large-vehicle 0.1172
219 227 226 225 231 251 225 253 large-vehicle 0.1159
182 88 189 86 200 114 193 117 large-vehicle 0.1100
1016 811 1022 807 1035 823 1029 828 large-vehicle 0.1027
900 1220 906 1219 910 1244 904 1245 large-vehicle 0.1010
452 307 450 293 487 288 489 301 ship 0.2039
497 253 509 254 507 281 496 281 ship 0.1875
438 267 444 255 471 271 464 282 ship 0.1784
455 263 464 254 485 274 476 284 ship 0.1765
479 255 491 254 493 281 481 282 ship 0.1724
474 310 473 296 511 296 512 309 ship 0.1353
509 313 508 298 549 295 550 310 ship 0.1202
532 252 545 252 546 281 533 282 ship 0.1145
454 287 457 275 485 281 482 293 ship 0.1111
509 252 522 253 520 281 508 280 ship 0.1015
496 1259 502 1232 548 1243 542 1270 basketball-court 0.1511
534 1138 533 1113 597 1109 599 1133 basketball-court 0.1064
595 1192 601 1172 646 1185 640 1205 basketball-court 0.1045
514 1180 516 1161 544 1165 541 1184 storage-tank 0.2119
516 1181 517 1162 545 1165 544 1184 swimming-pool 0.1414
