236 119 241 117 245 130 239 131 small-vehicle 0.1874
243 115 248 114 250 126 245 127 small-vehicle 0.1487
319 250 326 248 330 264 323 266 small-vehicle 0.1216
313 457 318 455 324 476 318 477 small-vehicle 0.1170
302 425 306 425 308 436 303 436 small-vehicle 0.1148
225 425 227 416 246 420 244 430 small-vehicle 0.1130
274 25 280 24 287 54 280 56 large-vehicle 0.4188
313 457 318 455 324 476 318 477 large-vehicle 0.2569
243 115 248 114 250 126 245 127 large-vehicle 0.1216
236 119 241 117 245 130 239 131 large-vehicle 0.1168
313 458 319 457 323 477 318 478 ship 0.1255
