192 837 222 832 236 900 206 906 bridge 0.6604
230 834 259 828 273 901 244 907 bridge 0.3531
179 486 187 484 190 504 183 505 small-vehicle 0.1376
97 315 104 314 104 330 98 331 small-vehicle 0.1228
163 422 169 421 171 440 164 440 small-vehicle 0.1163
94 79 101 77 106 100 99 102 small-vehicle 0.1113
183 530 191 530 188 548 181 547 small-vehicle 0.1018
108 174 116 172 123 210 114 211 large-vehicle 0.3585
200 593 208 591 217 628 209 630 large-vehicle 0.2991
127 262 134 261 138 294 131 295 large-vehicle 0.2499
144 346 152 345 155 376 147 377 large-vehicle 0.2374
94 79 101 77 106 100 99 102 large-vehicle 0.1738
179 486 187 484 190 504 183 505 large-vehicle 0.1673
238 775 243 773 251 792 246 794 large-vehicle 0.1568
164 423 170 422 171 440 165 441 large-vehicle 0.1553
97 315 104 314 104 330 98 331 large-vehicle 0.1295
190 593 198 591 207 626 199 628 large-vehicle 0.1054
186 533 193 534 190 561 183 560 large-vehicle 0.1039
