983 608 983 591 1006 590 1007 607 plane 0.2145
665 795 666 778 736 781 735 798 bridge 0.1140
1142 515 1162 516 1159 557 1139 555 small-vehicle 0.3691
1139 463 1160 460 1166 496 1145 500 small-vehicle 0.3684
1093 826 1093 811 1132 812 1132 828 small-vehicle 0.3544
1075 869 1091 869 1091 903 1075 903 small-vehicle 0.3414
1020 867 1036 868 1034 901 1018 900 small-vehicle 0.3388
913 640 913 619 958 621 958 642 small-vehicle 0.3258
743 163 745 143 793 148 791 168 small-vehicle 0.3192
761 655 779 653 783 697 766 699 small-vehicle 0.3150
1086 801 1086 784 1125 784 1125 800 small-vehicle 0.3066
991 1051 992 1030 1040 1032 1039 1053 small-vehicle 0.3003
1099 869 1114 869 1114 902 1098 901 small-vehicle 0.2987
1136 577 1154 577 1155 615 1137 616 small-vehicle 0.2969
1071 1057 1073 1037 1123 1042 1120 1062 small-vehicle 0.2957
995 867 1010 867 1010 899 995 899 small-vehicle 0.2934
1088 175 1089 158 1134 160 1133 177 small-vehicle 0.2902
1133 179 1131 161 1171 157 1172 175 small-vehicle 0.2853
965 173 966 157 1001 160 1000 176 small-vehicle 0.2809
1056 870 1071 869 1072 901 1057 902 small-vehicle 0.2651
912 859 929 860 926 897 908 895 small-vehicle 0.2624
957 863 972 864 969 898 954 897 small-vehicle 0.2448
702 132 714 125 727 147 714 155 small-vehicle 0.2359
827 160 830 145 873 153 870 168 small-vehicle 0.2283
682 930 683 909 745 912 745 932 small-vehicle 0.2187
1088 718 1088 703 1125 703 1125 718 small-vehicle 0.2143
862 116 862 101 890 102 889 117 small-vehicle 0.2054
925 176 925 162 953 162 953 176 small-vehicle 0.2000
964 123 964 107 1004 108 1003 124 small-vehicle 0.1999
671 99 683 91 699 117 687 124 small-vehicle 0.1984
616 9 631 15 617 52 601 46 small-vehicle 0.1981
635 25 648 31 635 62 621 56 small-vehicle 0.1956
924 123 925 108 960 109 960 124 small-vehicle 0.1849
937 860 953 862 947 896 931 893 small-vehicle 0.1814
464 5 478 2 482 28 468 30 small-vehicle 0.1725
876 171 878 156 912 160 910 175 small-vehicle 0.1683
863 615 867 603 892 612 887 624 small-vehicle 0.1655
489 6 503 7 500 34 486 33 small-vehicle 0.1605
923 1049 924 1033 983 1037 981 1053 small-vehicle 0.1552
789 655 805 656 804 697 788 696 small-vehicle 0.1513
1092 763 1091 746 1128 742 1129 759 small-vehicle 0.1479
1123 1080 1139 1080 1139 1107 1123 1107 small-vehicle 0.1473
641 682 644 664 684 671 681 688 small-vehicle 0.1440
333 905 342 891 368 907 359 921 small-vehicle 0.1265
207 723 209 703 291 708 290 728 small-vehicle 0.1024
483 522 484 503 572 508 571 527 large-vehicle 0.6872
486 496 488 476 577 481 576 501 large-vehicle 0.6846
192 1020 193 999 276 1002 275 1024 large-vehicle 0.6561
377 735 379 715 466 721 465 741 large-vehicle 0.6532
471 710 473 690 559 697 558 716 large-vehicle 0.6507
492 468 494 448 582 454 580 474 large-vehicle 0.6487
474 602 476 582 567 588 565 608 large-vehicle 0.6452
401 357 402 336 489 341 488 363 large-vehicle 0.6448
672 638 673 618 742 621 741 641 large-vehicle 0.6413
649 1023 647 1005 719 1000 720 1018 large-vehicle 0.6370
188 1073 189 1052 276 1057 275 1078 large-vehicle 0.6322
398 413 399 392 487 393 487 414 large-vehicle 0.6319
193 913 194 892 285 898 283 919 large-vehicle 0.6304
673 337 674 317 754 322 753 342 large-vehicle 0.6286
194 1127 194 1108 278 1111 277 1131 large-vehicle 0.6236
472 764 473 745 560 751 559 770 large-vehicle 0.6232
668 690 669 670 739 672 739 692 large-vehicle 0.6195
218 457 219 436 308 438 307 459 large-vehicle 0.6179
197 859 197 839 288 842 287 863 large-vehicle 0.6162
386 657 386 636 475 638 475 659 large-vehicle 0.6160
365 925 365 904 456 908 455 928 large-vehicle 0.6154
474 631 475 611 566 615 565 635 large-vehicle 0.6142
492 443 492 424 583 427 583 446 large-vehicle 0.6125
930 481 946 489 910 561 894 553 large-vehicle 0.6125
500 361 501 341 589 345 588 365 large-vehicle 0.6121
497 387 497 368 587 368 587 388 large-vehicle 0.6114
396 465 397 445 483 451 482 471 large-vehicle 0.6096
400 385 400 365 488 366 488 387 large-vehicle 0.6057
471 657 473 638 564 644 562 663 large-vehicle 0.6054
188 1101 189 1080 275 1084 274 1105 large-vehicle 0.6054
461 819 462 800 553 805 552 823 large-vehicle 0.6053
665 795 666 778 736 781 735 798 large-vehicle 0.6050
193 993 194 973 278 976 278 996 large-vehicle 0.6047
493 417 493 398 586 401 586 419 large-vehicle 0.6007
227 294 227 274 318 277 317 298 large-vehicle 0.5986
205 780 206 760 291 762 290 782 large-vehicle 0.5975
452 953 453 934 547 940 546 959 large-vehicle 0.5939
377 763 377 742 468 745 468 766 large-vehicle 0.5934
359 978 360 958 452 963 451 983 large-vehicle 0.5914
214 644 216 623 300 630 299 650 large-vehicle 0.5913
673 422 674 404 754 407 753 425 large-vehicle 0.5913
208 725 209 705 295 708 294 727 large-vehicle 0.5882
229 319 230 299 316 304 314 324 large-vehicle 0.5876
463 794 464 774 561 777 560 796 large-vehicle 0.5853
450 980 451 961 545 966 544 985 large-vehicle 0.5850
455 873 456 853 551 857 550 877 large-vehicle 0.5850
189 1047 190 1026 276 1029 275 1050 large-vehicle 0.5834
223 699 224 680 297 683 296 703 large-vehicle 0.5833
454 900 455 880 550 885 549 904 large-vehicle 0.5824
473 684 473 665 561 668 560 688 large-vehicle 0.5812
445 1061 445 1043 539 1047 538 1066 large-vehicle 0.5809
960 481 977 490 939 561 923 552 large-vehicle 0.5801
207 806 208 786 290 789 289 810 large-vehicle 0.5764
455 927 456 908 548 913 547 931 large-vehicle 0.5763
374 816 375 796 467 801 466 822 large-vehicle 0.5759
673 527 674 508 744 512 743 531 large-vehicle 0.5753
480 549 481 529 569 533 568 553 large-vehicle 0.5733
226 346 227 325 313 330 312 351 large-vehicle 0.5695
196 940 196 921 281 923 281 942 large-vehicle 0.5683
223 400 224 379 311 384 310 404 large-vehicle 0.5677
228 264 230 243 320 251 319 271 large-vehicle 0.5676
476 578 477 558 569 560 568 579 large-vehicle 0.5659
376 789 377 768 468 772 467 793 large-vehicle 0.5623
217 511 217 492 304 492 304 511 large-vehicle 0.5616
386 576 386 556 477 558 476 578 large-vehicle 0.5595
445 1007 446 987 542 991 542 1011 large-vehicle 0.5584
201 834 201 814 288 815 288 836 large-vehicle 0.5541
668 769 669 750 740 754 738 773 large-vehicle 0.5534
374 842 375 823 467 827 466 847 large-vehicle 0.5526
677 502 677 483 747 486 746 505 large-vehicle 0.5495
473 739 473 720 560 721 559 740 large-vehicle 0.5482
368 897 369 876 460 879 460 900 large-vehicle 0.5456
673 449 673 430 753 430 753 450 large-vehicle 0.5454
382 682 382 663 472 664 472 683 large-vehicle 0.5438
225 374 226 353 311 356 311 377 large-vehicle 0.5416
221 670 223 650 297 657 296 676 large-vehicle 0.5406
365 951 365 931 454 934 454 954 large-vehicle 0.5361
669 718 669 698 738 697 738 718 large-vehicle 0.5346
673 553 674 535 744 539 742 558 large-vehicle 0.5316
372 870 372 849 464 852 463 873 large-vehicle 0.5314
459 848 459 828 553 829 553 849 large-vehicle 0.5298
396 441 396 421 486 421 486 441 large-vehicle 0.5292
390 549 391 528 480 531 479 552 large-vehicle 0.5285
390 493 390 474 479 475 479 494 large-vehicle 0.5260
213 590 213 570 300 570 300 589 large-vehicle 0.5244
206 751 207 730 293 734 292 755 large-vehicle 0.5184
1037 485 1054 494 1017 561 1001 552 large-vehicle 0.5138
668 742 670 722 740 728 738 748 large-vehicle 0.5128
668 393 669 375 749 376 749 394 large-vehicle 0.5106
901 477 919 485 884 557 867 549 large-vehicle 0.5094
386 601 386 582 477 586 477 605 large-vehicle 0.5093
1090 490 1107 499 1066 573 1050 564 large-vehicle 0.5065
363 1031 365 1011 459 1019 457 1038 large-vehicle 0.5017
219 483 219 463 305 464 305 484 large-vehicle 0.4983
360 1005 361 984 451 988 451 1008 large-vehicle 0.4935
863 462 880 472 839 544 822 534 large-vehicle 0.4932
675 474 676 454 746 457 746 477 large-vehicle 0.4931
219 428 220 407 310 410 309 431 large-vehicle 0.4822
670 665 670 646 742 648 741 667 large-vehicle 0.4768
849 344 864 354 822 419 807 409 large-vehicle 0.4731
1011 482 1028 491 991 559 974 550 large-vehicle 0.4682
358 1061 358 1043 449 1044 448 1063 large-vehicle 0.4671
653 975 653 959 719 959 719 976 large-vehicle 0.4607
674 365 674 346 754 347 754 366 large-vehicle 0.4471
1000 339 1019 346 990 429 971 423 large-vehicle 0.4206
440 1035 440 1016 545 1019 545 1038 large-vehicle 0.3950
1061 353 1077 363 1033 433 1017 423 large-vehicle 0.3950
902 343 918 352 876 423 859 413 large-vehicle 0.3900
900 964 900 944 984 942 984 963 large-vehicle 0.3858
895 1148 895 1129 986 1133 985 1152 large-vehicle 0.3306
682 930 683 909 745 912 745 932 large-vehicle 0.3124
197 885 198 864 282 868 281 888 large-vehicle 0.2833
195 967 196 947 279 948 279 968 large-vehicle 0.2647
385 627 385 609 474 611 473 630 large-vehicle 0.2592
211 617 211 596 300 596 300 617 large-vehicle 0.2287
386 520 386 502 475 501 475 520 large-vehicle 0.1856
909 1047 911 1031 982 1038 980 1054 large-vehicle 0.1641
650 1001 649 983 716 979 717 996 large-vehicle 0.1622
216 563 217 544 302 547 301 566 large-vehicle 0.1488
217 536 216 519 304 510 305 526 large-vehicle 0.1382
381 711 381 692 466 693 466 713 large-vehicle 0.1379
145 922 146 906 192 908 191 923 large-vehicle 0.1332
1069 1057 1072 1036 1122 1042 1120 1063 large-vehicle 0.1217
913 640 913 619 958 621 958 642 large-vehicle 0.1167
993 1053 993 1030 1043 1031 1043 1054 large-vehicle 0.1112
737 160 740 138 793 146 789 168 large-vehicle 0.1025
761 655 779 653 783 697 766 699 ship 0.1281
