1758 236 1781 237 1776 324 1753 322 bridge 0.2973
356 207 388 185 454 277 421 300 bridge 0.1399
809 367 815 353 852 368 846 382 bridge 0.1181
712 683 734 693 711 741 689 731 small-vehicle 0.1282
626 727 654 730 646 791 618 787 small-vehicle 0.1266
490 796 499 777 543 798 534 817 small-vehicle 0.1176
697 669 717 681 690 725 670 713 small-vehicle 0.1092
2421 1615 2427 1600 2469 1615 2464 1630 small-vehicle 0.1076
735 700 754 712 729 755 710 744 small-vehicle 0.1046
2421 1615 2427 1600 2469 1615 2464 1630 large-vehicle 0.1212
215 1511 222 1494 264 1511 257 1528 ship 0.3522
213 1461 207 1439 259 1423 265 1445 ship 0.3430
192 1518 206 1510 227 1546 213 1554 ship 0.3296
212 1518 222 1506 252 1530 242 1543 ship 0.3179
284 1451 276 1428 325 1411 333 1434 ship 0.2911
233 1504 229 1483 276 1475 279 1496 ship 0.2772
219 1477 213 1457 263 1443 269 1463 ship 0.2728
191 1397 183 1376 231 1357 239 1379 ship 0.2682
177 1537 191 1532 202 1568 187 1572 ship 0.2650
132 1531 150 1528 157 1576 139 1579 ship 0.2627
157 1530 173 1529 177 1570 161 1572 ship 0.2458
616 1120 640 1112 656 1160 632 1168 ship 0.2434
193 1547 204 1539 224 1566 212 1574 ship 0.2372
298 1492 289 1470 336 1451 345 1473 ship 0.2355
267 1401 258 1380 304 1359 313 1380 ship 0.2306
321 1296 314 1274 365 1257 372 1279 ship 0.2302
882 908 899 919 873 960 856 949 ship 0.2217
647 1606 663 1613 645 1653 629 1645 ship 0.2139
277 1431 268 1409 316 1389 325 1412 ship 0.2135
887 934 906 931 914 974 895 978 ship 0.2127
200 1421 192 1401 236 1383 244 1402 ship 0.2111
673 1616 691 1624 672 1671 653 1664 ship 0.2062
306 1509 297 1489 343 1470 351 1491 ship 0.2029
188 1377 179 1357 224 1338 233 1358 ship 0.2007
241 1315 236 1295 285 1282 290 1303 ship 0.1996
626 1600 642 1602 637 1641 621 1639 ship 0.1973
903 996 900 975 948 968 951 989 ship 0.1972
314 1532 306 1513 350 1496 358 1515 ship 0.1897
320 1546 314 1529 355 1514 361 1531 ship 0.1891
662 1540 680 1538 683 1581 666 1582 ship 0.1882
172 1339 164 1319 209 1301 217 1321 ship 0.1819
219 1561 228 1550 251 1570 243 1580 ship 0.1817
253 1364 246 1342 296 1327 303 1349 ship 0.1809
693 1543 710 1550 694 1589 677 1582 ship 0.1796
627 1177 643 1170 656 1201 641 1208 ship 0.1732
852 882 870 895 841 936 823 923 ship 0.1709
209 1588 223 1579 245 1611 231 1620 ship 0.1685
214 1435 205 1416 244 1398 253 1418 ship 0.1679
96 1548 112 1547 115 1589 98 1590 ship 0.1676
294 1470 285 1448 329 1430 338 1451 ship 0.1654
195 1593 209 1584 232 1618 219 1627 ship 0.1645
330 1575 323 1556 369 1539 376 1558 ship 0.1579
166 1319 159 1298 203 1283 210 1304 ship 0.1555
656 1616 672 1622 656 1664 640 1658 ship 0.1555
822 863 840 875 811 916 794 904 ship 0.1554
244 1584 256 1576 275 1602 263 1610 ship 0.1518
244 1572 252 1562 273 1578 265 1588 ship 0.1507
158 1296 153 1275 202 1264 206 1285 ship 0.1495
167 1563 181 1562 184 1591 170 1593 ship 0.1490
71 1550 87 1548 92 1592 76 1594 ship 0.1472
115 1549 131 1547 136 1586 120 1587 ship 0.1468
627 1542 629 1524 670 1530 668 1547 ship 0.1410
316 1279 306 1258 351 1237 361 1258 ship 0.1359
250 1340 243 1319 289 1305 295 1326 ship 0.1341
278 1187 271 1167 321 1149 328 1169 ship 0.1325
297 1246 290 1228 331 1211 338 1229 ship 0.1321
798 844 816 856 788 898 770 887 ship 0.1283
283 1203 277 1183 327 1166 333 1186 ship 0.1282
714 1546 731 1553 715 1595 698 1589 ship 0.1254
255 1510 258 1494 288 1501 284 1517 ship 0.1236
506 1592 498 1572 543 1555 551 1574 ship 0.1223
595 1596 606 1586 628 1612 616 1621 ship 0.1217
291 1223 283 1205 329 1185 337 1203 ship 0.1210
74 1516 88 1518 84 1552 70 1551 ship 0.1194
257 1117 250 1095 299 1078 307 1100 ship 0.1192
618 1200 629 1193 645 1218 633 1225 ship 0.1184
167 1515 179 1512 185 1542 173 1544 ship 0.1182
913 1137 914 1117 965 1119 964 1139 ship 0.1181
143 1519 156 1515 163 1545 150 1548 ship 0.1167
249 1425 240 1407 277 1390 285 1408 ship 0.1151
400 1512 391 1492 436 1473 445 1492 ship 0.1144
264 1572 273 1562 291 1579 282 1589 ship 0.1132
532 856 542 839 584 863 575 880 ship 0.1127
391 1491 383 1470 431 1453 439 1473 ship 0.1119
409 1539 400 1518 445 1497 455 1518 ship 0.1118
-6 1697 -30 1563 325 1498 349 1631 ship 0.1100
120 1517 133 1515 139 1544 126 1546 ship 0.1084
707 1625 726 1630 714 1679 695 1674 ship 0.1082
516 1616 508 1599 547 1579 556 1596 ship 0.1071
269 1483 264 1464 300 1454 305 1473 ship 0.1066
350 1150 342 1130 389 1112 397 1132 ship 0.1055
364 1185 353 1166 394 1142 405 1161 ship 0.1044
132 752 125 732 172 715 179 735 ship 0.1043
188 1496 197 1488 215 1507 206 1516 ship 0.1041
264 1534 270 1523 291 1533 285 1545 ship 0.1038
430 1600 421 1580 467 1560 475 1580 ship 0.1029
416 1556 407 1536 452 1516 461 1535 ship 0.1012
550 1527 546 1506 592 1497 596 1518 ship 0.1004
2695 620 2690 594 2731 587 2736 613 storage-tank 0.1826
209 1588 223 1579 245 1611 231 1620 storage-tank 0.1800
195 1593 209 1584 232 1618 219 1627 storage-tank 0.1616
916 1396 917 1374 963 1377 962 1399 storage-tank 0.1470
247 1590 259 1583 274 1608 262 1615 storage-tank 0.1373
615 1120 639 1111 656 1159 632 1168 storage-tank 0.1191
543 1207 564 1198 577 1229 557 1238 storage-tank 0.1117
272 1607 282 1599 299 1619 288 1628 storage-tank 0.1038
1760 243 1782 245 1773 337 1751 335 harbor 0.1055
2695 620 2690 594 2731 587 2736 613 swimming-pool 0.2122
