520 552 542 546 556 593 534 599 tennis-court 0.6481
560 533 582 525 598 571 576 579 tennis-court 0.5921
492 562 513 556 525 601 504 607 tennis-court 0.4702
572 460 594 454 607 503 586 509 tennis-court 0.4310
495 449 517 444 528 489 507 495 tennis-court 0.4020
592 525 611 518 627 561 609 567 tennis-court 0.3232
443 551 460 546 473 599 455 603 tennis-court 0.2805
879 240 898 239 900 262 880 263 storage-tank 0.2185
876 1055 893 1054 895 1074 877 1075 storage-tank 0.1219
402 624 439 622 441 663 404 665 roundabout 0.5720
361 284 359 248 410 245 411 281 swimming-pool 0.2194
344 332 329 308 363 288 377 311 swimming-pool 0.1555
307 362 327 345 360 387 341 403 swimming-pool 0.1274
