1872 1212 1841 1133 1935 1095 1967 1174 plane 0.8854
1751 1331 1760 1248 1859 1259 1850 1342 plane 0.8207
1984 1042 1983 966 2071 964 2073 1040 plane 0.8025
2135 925 2136 846 2229 847 2228 926 plane 0.7767
2780 642 2785 565 2877 571 2872 648 plane 0.7363
1681 1226 1699 1152 1785 1173 1767 1247 plane 0.7352
805 2382 841 2335 899 2379 864 2426 plane 0.6054
2075 1105 2067 1043 2144 1033 2151 1095 plane 0.5886
2222 982 2200 928 2267 900 2290 954 plane 0.5609
1818 1105 1809 1058 1868 1047 1877 1094 plane 0.5162
1759 1676 1773 1614 1848 1632 1833 1693 plane 0.4771
2836 477 2853 426 2915 446 2898 498 plane 0.4718
474 2746 465 2700 525 2688 534 2734 plane 0.4658
2267 759 2290 715 2343 742 2319 787 plane 0.4644
2588 616 2586 567 2649 565 2651 614 plane 0.4599
803 2643 794 2594 855 2583 864 2632 plane 0.4591
2322 345 2338 305 2391 326 2374 366 plane 0.4460
2465 468 2476 422 2531 435 2521 481 plane 0.4420
2894 534 2924 494 2972 531 2942 571 plane 0.4405
580 2644 572 2596 631 2586 639 2633 plane 0.4279
649 2768 676 2730 725 2764 698 2802 plane 0.4173
136 3234 173 3209 205 3256 168 3281 plane 0.4137
1107 1533 1134 1492 1184 1526 1156 1567 plane 0.3970
2536 544 2552 500 2606 520 2590 563 plane 0.3953
2405 680 2426 645 2469 670 2448 705 plane 0.3656
2423 424 2439 386 2490 407 2474 446 plane 0.3652
1326 1335 1327 1294 1383 1295 1382 1336 plane 0.3642
557 2527 581 2486 632 2516 609 2557 plane 0.3469
1232 1415 1249 1374 1304 1396 1287 1437 plane 0.3392
496 2704 496 2660 552 2659 553 2703 plane 0.3270
743 2681 756 2638 810 2654 797 2697 plane 0.3205
2542 311 2553 287 2594 306 2583 329 plane 0.3179
2714 341 2710 319 2757 309 2761 332 plane 0.3139
1640 1479 1658 1448 1702 1474 1684 1505 plane 0.3042
229 3207 240 3172 285 3185 275 3221 plane 0.2963
1178 1469 1196 1432 1246 1455 1228 1493 plane 0.2902
709 2435 729 2414 767 2449 747 2471 plane 0.2874
2639 411 2644 384 2687 393 2681 419 plane 0.2794
2243 497 2263 483 2290 518 2270 533 plane 0.2717
1743 1056 1763 1031 1798 1060 1777 1085 plane 0.2709
1210 1444 1224 1405 1278 1424 1264 1463 plane 0.2702
108 3227 132 3205 163 3238 138 3260 plane 0.2386
2380 643 2404 619 2435 649 2411 674 plane 0.2381
1759 1020 1780 1006 1804 1042 1783 1055 plane 0.2256
2343 611 2363 592 2393 621 2373 640 plane 0.2245
2663 397 2663 373 2702 373 2701 398 plane 0.2201
2400 372 2425 345 2463 380 2437 407 plane 0.2197
2270 518 2288 500 2319 532 2300 549 plane 0.2177
1393 1397 1415 1402 1405 1443 1383 1438 plane 0.2125
188 3235 208 3201 250 3226 230 3260 plane 0.2104
713 2696 737 2666 772 2696 747 2725 plane 0.2099
2871 583 2895 544 2944 574 2920 613 plane 0.2065
2037 751 2066 750 2067 802 2039 803 plane 0.2045
667 2734 688 2704 726 2729 705 2759 plane 0.1964
529 2663 531 2625 577 2627 575 2665 plane 0.1931
679 2694 703 2670 732 2699 708 2723 plane 0.1890
2684 367 2684 345 2721 345 2720 367 plane 0.1880
1328 1446 1347 1439 1358 1467 1340 1475 plane 0.1875
1283 1446 1303 1433 1322 1461 1301 1474 plane 0.1860
533 2624 542 2591 584 2602 576 2635 plane 0.1821
674 2663 700 2640 726 2669 700 2692 plane 0.1799
1291 1483 1307 1471 1326 1497 1309 1509 plane 0.1766
1222 1551 1231 1532 1266 1548 1257 1567 plane 0.1748
2507 271 2527 255 2553 288 2534 303 plane 0.1746
322 2768 330 2751 366 2769 357 2786 plane 0.1742
2737 584 2771 568 2791 607 2757 624 plane 0.1737
1327 1419 1350 1412 1359 1445 1336 1451 plane 0.1736
51 3168 54 3145 100 3150 98 3173 plane 0.1707
1775 1002 1794 989 1819 1026 1800 1039 plane 0.1704
2613 227 2630 217 2651 254 2634 264 plane 0.1695
446 2679 452 2647 498 2656 491 2688 plane 0.1675
496 2610 511 2585 550 2608 534 2634 plane 0.1669
1440 1101 1459 1095 1471 1134 1452 1140 plane 0.1666
1215 1516 1228 1494 1262 1513 1249 1536 plane 0.1654
567 2595 570 2555 624 2559 620 2599 plane 0.1589
1361 1439 1379 1435 1387 1467 1369 1471 plane 0.1573
2620 374 2630 355 2660 371 2649 390 plane 0.1561
641 2692 661 2664 696 2688 676 2716 plane 0.1546
2358 370 2375 338 2413 359 2395 390 plane 0.1544
2601 376 2618 360 2643 387 2626 404 plane 0.1512
1327 1487 1341 1477 1358 1502 1343 1512 plane 0.1499
2566 362 2585 351 2603 380 2584 391 plane 0.1494
487 2654 498 2625 542 2642 531 2671 plane 0.1486
1247 1481 1264 1463 1289 1488 1272 1505 plane 0.1483
658 2628 686 2605 712 2636 684 2659 plane 0.1460
1524 1179 1529 1160 1570 1172 1564 1190 plane 0.1450
2377 392 2397 372 2423 399 2402 419 plane 0.1449
709 2641 737 2622 759 2653 731 2672 plane 0.1444
74 3199 82 3177 119 3191 110 3213 plane 0.1425
2697 585 2729 574 2743 613 2711 624 plane 0.1421
1156 1474 1180 1450 1213 1483 1189 1507 plane 0.1420
2963 535 2984 523 3002 555 2982 567 plane 0.1420
1359 1381 1382 1372 1395 1403 1372 1412 plane 0.1412
2557 399 2582 390 2594 423 2570 432 plane 0.1407
2507 418 2532 405 2551 439 2526 453 plane 0.1403
2531 369 2551 358 2566 388 2546 398 plane 0.1401
665 2847 682 2825 716 2851 699 2873 plane 0.1399
3007 544 3023 536 3038 567 3022 575 plane 0.1392
1557 1312 1580 1311 1581 1353 1557 1353 plane 0.1390
870 2370 899 2357 916 2399 887 2411 plane 0.1390
2584 264 2597 250 2623 274 2610 288 plane 0.1382
2316 579 2330 563 2355 585 2341 601 plane 0.1376
1311 1379 1333 1362 1356 1390 1334 1408 plane 0.1367
627 2655 644 2623 683 2643 666 2675 plane 0.1358
659 2816 680 2791 716 2821 695 2846 plane 0.1350
2389 205 2406 194 2429 229 2411 240 plane 0.1349
545 2701 560 2673 595 2692 579 2720 plane 0.1346
2767 371 2784 352 2812 375 2795 395 plane 0.1320
69 234 87 221 123 270 105 284 plane 0.1319
2736 399 2750 376 2784 396 2770 419 plane 0.1318
1360 1355 1376 1334 1406 1358 1390 1378 plane 0.1308
2664 333 2673 317 2697 330 2688 346 plane 0.1308
582 2703 602 2678 633 2702 613 2727 plane 0.1303
2794 342 2814 331 2832 364 2812 376 plane 0.1302
2778 408 2799 389 2826 418 2804 437 plane 0.1297
1552 1209 1563 1193 1596 1215 1584 1232 plane 0.1296
1249 1521 1261 1503 1289 1522 1277 1539 plane 0.1294
2732 370 2738 347 2774 356 2769 379 plane 0.1293
2762 343 2776 325 2805 348 2790 366 plane 0.1292
1380 1326 1397 1312 1418 1338 1400 1352 plane 0.1291
694 2413 717 2408 726 2449 703 2454 plane 0.1281
2510 337 2528 324 2546 348 2528 362 plane 0.1280
2375 672 2400 649 2427 678 2402 701 plane 0.1253
2482 225 2501 217 2516 256 2496 263 plane 0.1251
574 2675 583 2641 626 2652 617 2686 plane 0.1233
1225 1575 1233 1558 1265 1573 1257 1590 plane 0.1225
2689 318 2696 301 2722 312 2715 329 plane 0.1225
2578 347 2589 329 2619 347 2607 365 plane 0.1220
2432 341 2452 331 2465 360 2445 369 plane 0.1218
622 2723 643 2697 674 2723 653 2748 plane 0.1218
2897 475 2925 454 2952 491 2924 511 plane 0.1217
2803 380 2824 366 2845 397 2824 412 plane 0.1213
616 2609 636 2577 677 2601 657 2634 plane 0.1196
1349 1484 1363 1474 1380 1499 1367 1509 plane 0.1196
2611 322 2621 307 2643 323 2633 338 plane 0.1195
2386 424 2406 412 2424 442 2403 454 plane 0.1185
597 2734 625 2716 646 2749 618 2767 plane 0.1184
2456 357 2477 342 2496 369 2475 384 plane 0.1180
2485 314 2504 304 2518 330 2499 340 plane 0.1174
1391 1366 1410 1358 1424 1387 1405 1396 plane 0.1161
64 489 81 482 95 519 78 525 plane 0.1145
2492 385 2514 372 2532 401 2510 415 plane 0.1140
2542 433 2567 420 2584 452 2559 465 plane 0.1135
620 2510 641 2496 659 2525 638 2538 plane 0.1135
2338 383 2357 366 2383 393 2364 411 plane 0.1130
2239 737 2265 717 2291 750 2265 770 plane 0.1128
2707 396 2715 372 2751 384 2744 407 plane 0.1125
630 2479 650 2469 663 2498 643 2507 plane 0.1118
2466 283 2482 277 2491 300 2475 307 plane 0.1115
734 2418 757 2401 785 2436 762 2454 plane 0.1113
1471 1100 1488 1093 1501 1126 1484 1133 plane 0.1107
1343 1514 1353 1501 1376 1520 1366 1533 plane 0.1100
1378 1302 1396 1288 1417 1315 1399 1329 plane 0.1098
2645 570 2679 556 2697 599 2663 613 plane 0.1097
547 2726 570 2704 598 2733 576 2755 plane 0.1097
436 2712 443 2682 483 2691 477 2720 plane 0.1096
1531 1194 1539 1176 1574 1191 1566 1209 plane 0.1090
2322 646 2343 632 2364 662 2343 676 plane 0.1086
1292 1520 1303 1506 1327 1525 1315 1539 plane 0.1083
2607 285 2617 272 2639 288 2628 302 plane 0.1076
68 462 83 456 97 488 83 494 plane 0.1073
1367 1480 1381 1471 1396 1495 1382 1503 plane 0.1067
910 2366 932 2359 943 2395 921 2402 plane 0.1060
2288 316 2313 299 2338 333 2314 351 plane 0.1057
2983 584 3000 575 3015 604 2998 613 plane 0.1056
739 2622 763 2597 791 2623 768 2649 plane 0.1048
65 260 79 247 111 280 96 293 plane 0.1046
2363 707 2389 684 2415 714 2389 737 plane 0.1044
1187 1428 1205 1410 1231 1436 1213 1454 plane 0.1043
2815 428 2838 405 2868 436 2844 458 plane 0.1041
1458 1175 1472 1163 1490 1186 1476 1197 plane 0.1033
1815 1046 1831 1022 1865 1044 1848 1068 plane 0.1031
653 2437 674 2433 680 2466 659 2470 plane 0.1029
669 2502 688 2492 702 2518 683 2528 plane 0.1028
1323 1516 1334 1504 1357 1523 1347 1536 plane 0.1028
697 2607 724 2587 747 2618 720 2638 plane 0.1026
2226 476 2244 468 2258 500 2240 507 plane 0.1024
2337 679 2363 662 2384 695 2358 712 plane 0.1021
2368 223 2382 208 2409 235 2394 249 plane 0.1021
1577 1234 1593 1220 1621 1249 1605 1264 plane 0.1021
2492 498 2506 462 2551 479 2537 515 plane 0.1015
2540 477 2563 457 2588 487 2565 507 plane 0.1013
1422 1181 1434 1167 1457 1189 1445 1202 plane 0.1009
635 2816 658 2797 682 2829 658 2847 plane 0.1008
2415 304 2432 297 2442 321 2425 327 plane 0.1008
631 2851 652 2834 678 2865 657 2882 plane 0.1006
606 2778 636 2766 649 2801 620 2812 plane 0.1003
286 351 384 283 455 386 357 453 baseball-diamond 0.6868
102 607 120 487 250 507 232 627 baseball-diamond 0.5500
126 235 119 124 243 116 250 227 baseball-diamond 0.4396
319 224 582 163 661 507 398 568 baseball-diamond 0.1013
541 3163 557 3148 615 3213 599 3227 bridge 0.1085
123 232 122 120 245 119 246 231 ground-track-field 0.1017
845 912 860 921 822 979 808 970 small-vehicle 0.1197
306 1485 304 1469 356 1463 358 1480 small-vehicle 0.1009
687 1229 704 1231 696 1293 679 1291 large-vehicle 0.1664
845 912 860 921 822 979 808 970 large-vehicle 0.1644
1187 568 1201 577 1163 635 1149 625 large-vehicle 0.1635
2666 1211 2689 1230 2587 1356 2564 1337 large-vehicle 0.1613
1616 136 1631 132 1644 185 1629 189 large-vehicle 0.1568
1894 230 1904 218 1937 248 1927 259 large-vehicle 0.1514
1539 356 1554 350 1573 399 1558 405 large-vehicle 0.1397
1637 290 1639 273 1688 280 1686 296 large-vehicle 0.1307
2744 1297 2769 1318 2664 1438 2640 1417 large-vehicle 0.1236
1125 774 1124 757 1173 756 1173 773 large-vehicle 0.1138
1118 791 1121 774 1166 782 1164 798 large-vehicle 0.1082
1581 326 1587 312 1629 329 1623 343 large-vehicle 0.1079
526 1355 541 1349 557 1395 542 1401 large-vehicle 0.1046
1237 1154 1261 1132 1307 1182 1283 1204 tennis-court 0.1991
2469 215 2489 210 2499 249 2479 254 storage-tank 0.1927
2267 759 2290 715 2343 742 2319 787 storage-tank 0.1722
2222 982 2200 928 2267 900 2290 954 storage-tank 0.1629
1759 1676 1773 1614 1848 1632 1833 1693 storage-tank 0.1628
1106 1542 1131 1500 1184 1532 1159 1574 storage-tank 0.1540
2531 299 2545 274 2586 298 2572 323 storage-tank 0.1534
1983 1049 1981 971 2071 969 2073 1046 storage-tank 0.1490
2437 207 2456 201 2467 237 2448 243 storage-tank 0.1471
474 2746 465 2700 525 2688 534 2734 storage-tank 0.1469
796 2384 829 2336 890 2377 857 2426 storage-tank 0.1451
2495 245 2512 237 2528 272 2511 280 storage-tank 0.1409
2632 221 2649 215 2662 254 2644 260 storage-tank 0.1392
2836 477 2853 426 2915 446 2898 498 storage-tank 0.1374
162 2808 189 2800 201 2842 174 2850 storage-tank 0.1340
1641 1482 1657 1450 1704 1474 1688 1506 storage-tank 0.1338
2075 1105 2067 1043 2144 1033 2151 1095 storage-tank 0.1266
2806 641 2806 567 2895 568 2894 642 storage-tank 0.1254
2135 925 2136 846 2229 847 2228 926 storage-tank 0.1234
114 3228 146 3204 177 3245 146 3269 storage-tank 0.1200
803 2643 794 2594 855 2583 864 2632 storage-tank 0.1179
2389 205 2406 194 2429 229 2411 240 storage-tank 0.1169
1686 1245 1688 1166 1782 1169 1780 1248 storage-tank 0.1159
2588 616 2586 567 2649 565 2651 614 storage-tank 0.1134
2322 345 2338 305 2391 326 2374 366 storage-tank 0.1117
2141 2222 2162 2209 2184 2245 2163 2258 storage-tank 0.1111
1818 1105 1809 1058 1868 1047 1877 1094 storage-tank 0.1083
88 562 169 464 273 550 193 648 storage-tank 0.1029
2607 226 2622 219 2637 249 2622 256 storage-tank 0.1026
1326 1335 1327 1294 1383 1295 1382 1336 storage-tank 0.1014
2519 258 2534 249 2553 278 2538 288 storage-tank 0.1006
1941 1572 2009 1535 2055 1621 1987 1658 roundabout 0.1006
660 1862 680 1858 690 1906 670 1910 swimming-pool 0.1417
1751 1331 1760 1248 1859 1259 1850 1342 helicopter 0.1168
1872 1212 1841 1133 1935 1095 1967 1174 helicopter 0.1034
