258 334 267 321 290 335 282 349 plane 0.1181
678 428 666 325 774 313 785 415 baseball-diamond 0.8678
936 482 1048 377 1154 491 1042 596 baseball-diamond 0.7754
793 779 871 685 971 769 893 863 baseball-diamond 0.6746
595 1419 894 1373 948 1726 648 1772 baseball-diamond 0.1274
550 1627 688 1276 1261 1500 1124 1852 ground-track-field 0.2384
309 1364 560 1366 557 1742 306 1740 ground-track-field 0.2038
916 410 1194 164 1451 455 1172 701 ground-track-field 0.1900
656 348 746 299 797 392 707 442 ground-track-field 0.1820
811 724 926 699 952 818 837 843 ground-track-field 0.1205
71 769 83 766 100 823 88 826 large-vehicle 0.1602
115 887 126 883 148 939 137 943 large-vehicle 0.1197
195 1282 211 1283 211 1332 194 1332 large-vehicle 0.1125
249 75 286 76 284 157 247 156 tennis-court 0.9559
384 79 422 81 419 163 381 162 tennis-court 0.9499
366 234 402 235 398 310 363 309 tennis-court 0.9328
442 83 479 84 476 165 439 164 tennis-court 0.9325
306 78 344 81 338 161 300 158 tennis-court 0.9194
169 227 204 228 202 304 168 304 tennis-court 0.8951
309 233 344 235 340 309 305 307 tennis-court 0.8495
191 70 229 73 225 156 186 154 tennis-court 0.8388
229 228 265 232 258 307 222 304 tennis-court 0.8265
113 227 147 227 146 304 112 304 tennis-court 0.7929
421 234 458 234 456 313 419 312 tennis-court 0.7591
210 403 249 404 247 492 208 491 tennis-court 0.7532
499 88 532 90 525 166 493 163 tennis-court 0.6138
276 240 298 242 292 295 270 292 tennis-court 0.1393
310 1373 542 1379 533 1737 300 1731 basketball-court 0.2053
690 1374 949 1418 890 1768 631 1725 basketball-court 0.1683
1017 1726 1023 1647 1196 1660 1190 1739 basketball-court 0.1084
687 1372 947 1414 889 1768 629 1726 soccer-ball-field 0.8497
308 1367 546 1369 543 1734 304 1732 soccer-ball-field 0.8372
993 1391 1230 1396 1221 1757 984 1751 soccer-ball-field 0.6993
19 668 264 535 456 889 211 1022 soccer-ball-field 0.5358
675 424 669 322 777 316 783 418 soccer-ball-field 0.1656
796 755 898 685 970 789 868 859 soccer-ball-field 0.1535
954 1191 1027 1153 1065 1227 992 1264 roundabout 0.6288
568 52 653 37 669 124 584 140 roundabout 0.5169
568 1213 602 1137 681 1173 647 1249 roundabout 0.4857
