191 729 281 609 406 703 316 823 baseball-diamond 0.8727
243 950 343 920 374 1023 275 1053 baseball-diamond 0.7263
228 1161 315 1157 319 1250 232 1254 baseball-diamond 0.5384
405 1220 483 1223 479 1312 401 1308 baseball-diamond 0.3893
405 1218 485 1222 480 1313 400 1308 ground-track-field 0.1877
255 944 351 929 367 1033 271 1048 ground-track-field 0.1374
229 263 268 264 267 345 227 344 tennis-court 0.9270
106 290 145 292 142 373 104 372 tennis-court 0.9015
277 267 315 266 318 342 281 343 tennis-court 0.8908
155 292 191 290 193 368 158 369 tennis-court 0.8890
414 899 449 896 454 969 418 971 tennis-court 0.2739
384 894 407 896 401 952 378 949 tennis-court 0.1259
405 1220 483 1223 479 1312 401 1308 basketball-court 0.1892
277 975 341 955 364 1031 300 1051 soccer-ball-field 0.1142
330 1499 331 1485 359 1486 359 1500 swimming-pool 0.1448
