2640 671 2660 607 2739 633 2718 697 plane 0.5909
2604 938 2651 900 2697 956 2650 994 plane 0.5023
4212 778 4197 728 4261 708 4277 758 plane 0.4934
2683 933 2734 897 2779 960 2727 996 plane 0.4748
2516 720 2515 660 2592 658 2593 718 plane 0.4729
2846 693 2888 672 2917 729 2874 750 plane 0.4612
2535 954 2534 893 2613 892 2614 953 plane 0.4237
3042 844 3051 804 3104 816 3096 855 plane 0.3893
391 959 399 916 466 928 458 972 plane 0.3821
512 1058 508 1010 570 1006 574 1054 plane 0.3549
2378 681 2416 675 2426 739 2389 745 plane 0.3397
1061 1007 1086 971 1138 1006 1113 1043 plane 0.3284
4177 592 4201 548 4260 579 4236 624 plane 0.3271
2366 891 2354 846 2418 829 2430 874 plane 0.3013
623 1061 615 1021 675 1010 682 1050 plane 0.2865
3045 799 3056 771 3099 788 3088 816 plane 0.2823
1014 1018 1032 980 1085 1004 1067 1042 plane 0.2779
690 758 740 748 753 812 703 823 plane 0.2681
41 696 56 656 110 677 96 716 plane 0.2441
3048 737 3066 719 3098 750 3080 769 plane 0.2370
4181 441 4174 402 4234 390 4242 429 plane 0.2248
464 1038 472 997 523 1007 516 1047 plane 0.2150
2853 924 2872 909 2901 947 2883 962 plane 0.2136
3085 823 3102 802 3136 830 3118 852 plane 0.2129
3133 809 3152 796 3178 834 3159 847 plane 0.2072
3056 705 3076 694 3100 735 3080 747 plane 0.1899
964 1032 972 997 1025 1010 1017 1045 plane 0.1888
4212 722 4213 683 4267 684 4266 723 plane 0.1879
392 830 403 808 447 831 435 853 plane 0.1848
4233 565 4261 537 4298 574 4270 602 plane 0.1837
3165 801 3184 794 3199 836 3180 843 plane 0.1775
2835 654 2860 636 2890 677 2865 695 plane 0.1774
2815 931 2840 918 2861 959 2836 972 plane 0.1719
527 778 552 776 557 834 532 837 plane 0.1648
2845 954 2859 939 2888 966 2874 981 plane 0.1555
1531 377 1537 350 1589 363 1582 390 plane 0.1509
3134 772 3149 760 3173 790 3158 802 plane 0.1465
2374 640 2399 635 2410 683 2385 688 plane 0.1461
2900 696 2925 684 2944 722 2919 734 plane 0.1447
300 764 312 744 352 768 340 788 plane 0.1445
2456 683 2485 658 2520 699 2492 723 plane 0.1440
2774 637 2807 619 2830 661 2798 679 plane 0.1435
1504 457 1526 450 1541 496 1520 503 plane 0.1421
3096 783 3111 767 3138 792 3123 808 plane 0.1403
4198 639 4210 601 4260 617 4248 655 plane 0.1403
674 1052 677 1028 718 1032 716 1057 plane 0.1396
269 857 279 832 328 852 318 877 plane 0.1332
2572 658 2599 626 2641 661 2614 694 plane 0.1285
3229 796 3249 789 3264 832 3244 839 plane 0.1284
1506 431 1523 418 1551 456 1533 469 plane 0.1256
301 820 312 800 349 819 339 839 plane 0.1242
356 780 367 762 400 783 389 801 plane 0.1235
395 896 402 871 447 882 440 908 plane 0.1234
3104 729 3121 716 3143 746 3126 758 plane 0.1221
3165 771 3182 763 3199 797 3182 805 plane 0.1218
396 1001 411 979 447 1004 432 1026 plane 0.1215
2475 962 2488 928 2534 946 2521 979 plane 0.1209
2983 699 3005 690 3019 724 2997 733 plane 0.1177
467 1068 474 1039 516 1048 509 1077 plane 0.1174
1440 862 1464 852 1487 907 1463 917 plane 0.1170
2987 732 3011 723 3024 757 3000 767 plane 0.1144
370 840 381 818 415 835 404 857 plane 0.1143
278 832 289 812 331 834 320 855 plane 0.1120
2547 622 2565 603 2598 633 2580 653 plane 0.1107
2876 624 2895 613 2916 650 2897 661 plane 0.1101
387 790 397 772 433 791 424 809 plane 0.1098
2841 1004 2852 989 2880 1008 2869 1023 plane 0.1097
2696 622 2721 593 2762 630 2737 658 plane 0.1090
450 807 471 798 489 838 468 848 plane 0.1087
3132 727 3147 715 3172 744 3157 757 plane 0.1084
4173 694 4184 663 4227 677 4216 709 plane 0.1078
3108 700 3126 690 3144 727 3126 736 plane 0.1057
2905 604 2924 593 2948 635 2929 646 plane 0.1055
389 1037 402 1017 434 1040 421 1059 plane 0.1054
2870 1006 2880 991 2907 1009 2897 1024 plane 0.1031
4257 715 4289 688 4325 730 4293 757 plane 0.1027
426 1072 438 1048 474 1066 463 1090 plane 0.1020
4150 518 4159 497 4196 515 4187 535 plane 0.1017
2991 766 3016 753 3034 789 3008 801 plane 0.1006
4191 527 4200 505 4236 521 4226 543 plane 0.1003
1767 926 1766 902 1814 900 1815 924 small-vehicle 0.1171
1510 229 1522 213 1554 235 1543 251 small-vehicle 0.1103
1513 200 1522 183 1554 201 1545 217 small-vehicle 0.1090
1619 163 1629 146 1659 163 1650 180 small-vehicle 0.1079
2056 912 2055 888 2100 886 2101 910 small-vehicle 0.1071
1748 746 1753 724 1799 736 1793 758 small-vehicle 0.1067
1651 157 1661 140 1691 158 1681 175 small-vehicle 0.1060
1988 910 1989 889 2029 890 2028 912 small-vehicle 0.1057
1537 229 1548 213 1578 234 1566 250 small-vehicle 0.1055
1580 167 1589 150 1618 167 1609 183 small-vehicle 0.1052
1653 926 1657 903 1709 911 1706 934 small-vehicle 0.1044
1545 172 1553 156 1582 171 1574 187 small-vehicle 0.1036
1539 197 1548 182 1577 199 1567 214 small-vehicle 0.1024
3715 201 3724 181 3761 197 3752 218 small-vehicle 0.1020
1517 182 1525 165 1556 180 1549 196 small-vehicle 0.1017
1860 833 1859 810 1904 807 1906 830 small-vehicle 0.1016
1923 913 1925 891 1962 895 1960 917 small-vehicle 0.1015
3766 196 3774 176 3810 190 3802 210 small-vehicle 0.1010
1613 191 1620 174 1651 188 1644 205 small-vehicle 0.1005
3546 166 3553 148 3584 161 3577 178 small-vehicle 0.1003
1987 826 1988 804 2029 806 2028 829 small-vehicle 0.1002
3307 227 3314 206 3356 220 3349 241 small-vehicle 0.1001
1510 261 1522 244 1553 266 1541 283 small-vehicle 0.1001
2518 978 2509 921 2586 909 2595 966 storage-tank 0.1528
2640 671 2660 607 2739 633 2718 697 storage-tank 0.1411
2514 732 2510 669 2590 663 2595 725 storage-tank 0.1411
2604 938 2651 900 2697 956 2650 994 storage-tank 0.1254
2683 933 2734 897 2779 960 2727 996 storage-tank 0.1031
