247 491 312 470 334 540 269 561 plane 0.9716
631 187 698 181 707 264 639 271 plane 0.9707
320 1176 336 1124 394 1143 377 1195 plane 0.9696
560 710 573 516 815 532 801 727 plane 0.9377
922 1000 981 988 994 1053 935 1065 plane 0.9359
324 1091 332 1041 390 1051 382 1101 plane 0.9326
290 596 375 619 348 719 263 696 plane 0.9282
719 1001 705 944 771 927 785 984 plane 0.9282
190 531 192 482 250 485 248 534 plane 0.9228
341 489 384 494 378 546 335 541 plane 0.9166
190 375 190 328 244 328 244 374 plane 0.9112
291 1187 335 1173 351 1227 306 1240 plane 0.9015
1009 936 1058 934 1060 995 1012 997 plane 0.8998
391 1199 460 1223 431 1305 362 1281 plane 0.8993
329 1228 344 1185 399 1204 384 1247 plane 0.8942
912 1237 921 1187 979 1198 970 1248 plane 0.8913
222 617 287 626 275 705 211 696 plane 0.8769
916 922 958 921 960 976 917 977 plane 0.8690
368 332 416 325 426 383 378 390 plane 0.8665
334 1280 345 1240 392 1252 381 1293 plane 0.8368
258 350 309 307 358 365 307 408 plane 0.8226
248 344 288 345 287 399 247 399 plane 0.8086
958 934 1007 921 1022 981 973 993 plane 0.7862
329 396 329 354 379 354 379 396 plane 0.7751
666 524 697 486 748 528 717 565 plane 0.7750
749 667 785 646 809 688 772 709 plane 0.7208
344 721 380 721 380 764 344 764 plane 0.6922
402 1269 472 1280 459 1360 389 1348 plane 0.6436
344 852 376 850 379 890 347 892 plane 0.5795
902 1250 934 1246 939 1283 907 1287 plane 0.5762
344 812 375 812 376 846 345 847 plane 0.5372
345 771 375 769 378 803 348 805 plane 0.4969
843 938 843 921 869 921 869 938 plane 0.2248
651 1194 695 1175 719 1230 675 1249 plane 0.2159
346 1343 358 1313 404 1331 392 1361 plane 0.1263
872 1229 889 1228 892 1252 875 1254 plane 0.1230
632 157 651 154 655 176 636 179 plane 0.1202
286 597 372 612 354 716 268 701 bridge 0.1053
539 783 553 784 551 810 537 809 small-vehicle 0.1547
884 661 895 659 900 685 889 687 small-vehicle 0.1437
496 891 510 891 509 919 495 919 small-vehicle 0.1376
700 785 714 786 712 811 698 810 small-vehicle 0.1369
726 784 740 784 740 812 727 813 small-vehicle 0.1356
1208 73 1219 70 1226 92 1215 96 small-vehicle 0.1309
32 661 32 646 71 646 71 661 small-vehicle 0.1260
557 784 570 784 570 809 557 808 small-vehicle 0.1228
684 1386 696 1386 697 1414 684 1415 small-vehicle 0.1225
1017 699 1017 688 1041 687 1042 698 small-vehicle 0.1197
572 1170 612 1170 612 1213 572 1212 storage-tank 0.2901
511 1177 532 1176 532 1208 511 1208 storage-tank 0.1516
632 157 651 154 655 176 636 179 storage-tank 0.1425
902 1257 931 1250 939 1285 910 1292 storage-tank 0.1033
916 922 959 921 960 976 917 976 helicopter 0.1784
248 344 288 345 287 399 247 399 helicopter 0.1563
922 998 983 988 994 1055 933 1064 helicopter 0.1385
912 1237 921 1187 979 1198 970 1248 helicopter 0.1291
319 1177 335 1124 395 1142 379 1194 helicopter 0.1226
965 967 998 918 1054 955 1021 1004 helicopter 0.1177
632 185 704 185 705 266 632 267 helicopter 0.1156
191 376 188 329 243 326 245 373 helicopter 0.1092
331 1267 358 1233 397 1265 369 1299 helicopter 0.1062
324 1091 332 1040 390 1050 382 1101 helicopter 0.1049
