922 536 925 484 980 488 976 540 baseball-diamond 0.7510
766 306 830 271 866 339 802 373 baseball-diamond 0.7211
1028 631 1072 611 1094 659 1050 679 baseball-diamond 0.1297
578 406 577 397 605 393 606 402 bridge 0.1081
698 426 835 420 850 723 713 729 ground-track-field 0.8456
20 840 20 663 291 663 291 840 ground-track-field 0.1402
764 311 823 268 869 331 809 374 ground-track-field 0.1200
1208 1053 1219 1051 1222 1073 1212 1074 small-vehicle 0.1123
876 458 885 454 892 474 884 478 large-vehicle 0.1325
707 422 846 420 850 730 711 732 ship 0.1545
510 709 531 709 532 755 511 755 tennis-court 0.5635
534 708 556 707 557 755 535 756 tennis-court 0.5454
456 713 477 713 478 758 457 759 tennis-court 0.5290
635 703 658 700 664 747 641 750 tennis-court 0.4904
481 712 501 712 502 756 481 756 tennis-court 0.3839
584 705 606 704 608 750 586 751 tennis-court 0.3529
558 707 579 704 584 751 563 753 tennis-court 0.3469
612 706 632 704 636 747 616 749 tennis-court 0.3333
938 744 976 714 1017 765 979 796 tennis-court 0.2210
620 572 660 570 663 657 623 658 tennis-court 0.1439
940 146 956 137 973 171 958 179 tennis-court 0.1289
718 465 832 463 836 690 722 692 tennis-court 0.1125
65 1039 72 993 139 1003 132 1049 tennis-court 0.1096
940 741 981 715 1016 770 975 796 basketball-court 0.4151
65 1039 72 993 139 1003 132 1049 basketball-court 0.2344
584 706 607 705 609 751 585 751 basketball-court 0.1014
718 465 832 463 836 690 722 692 soccer-ball-field 0.4462
30 835 32 664 286 666 284 838 soccer-ball-field 0.2373
65 1039 72 993 139 1003 132 1049 soccer-ball-field 0.1337
940 741 981 715 1016 770 975 796 soccer-ball-field 0.1017
719 27 723 7 758 14 754 34 swimming-pool 0.2629
1040 957 1039 943 1071 940 1073 954 swimming-pool 0.1661
940 146 956 137 973 171 958 179 swimming-pool 0.1174
