659 924 688 887 727 917 699 954 baseball-diamond 0.5773
668 797 738 774 762 845 692 869 baseball-diamond 0.4190
366 577 475 507 637 757 529 827 ground-track-field 0.5378
668 797 738 774 762 845 692 869 ground-track-field 0.1072
754 757 764 751 778 777 768 783 small-vehicle 0.2016
866 302 876 300 881 320 871 322 small-vehicle 0.1501
647 548 639 539 665 518 673 528 small-vehicle 0.1093
754 757 764 751 778 777 768 783 large-vehicle 0.1118
866 302 876 300 881 320 871 322 large-vehicle 0.1006
359 585 468 512 633 754 524 828 ship 0.1328
333 439 354 425 382 467 361 481 tennis-court 0.4503
789 765 815 740 857 783 831 808 tennis-court 0.4446
363 489 386 475 414 518 390 533 tennis-court 0.3728
344 501 366 489 390 530 368 543 tennis-court 0.3064
820 814 843 796 873 833 850 851 tennis-court 0.2895
846 802 865 786 898 826 879 842 tennis-court 0.1462
310 446 332 433 358 479 335 491 tennis-court 0.1447
793 767 815 743 854 781 831 804 basketball-court 0.1380
373 585 470 516 624 734 528 803 soccer-ball-field 0.1510
