570 460 569 452 608 444 609 451 bridge 0.1022
109 459 106 451 143 433 147 441 ship 0.5921
592 104 590 94 631 83 634 93 ship 0.5476
553 48 551 39 590 28 593 37 ship 0.5111
570 460 569 452 608 444 609 451 ship 0.4546
468 192 466 184 505 174 507 182 ship 0.4448
466 183 463 173 506 162 508 171 ship 0.4304
239 112 237 105 273 95 274 101 ship 0.3935
399 111 397 102 440 91 442 100 ship 0.3904
671 537 668 531 701 517 703 523 ship 0.3470
204 330 201 325 231 308 235 314 ship 0.3420
209 342 206 335 238 319 241 326 ship 0.3397
660 519 658 513 691 500 693 506 ship 0.3273
242 120 240 115 271 107 272 113 ship 0.2995
244 130 243 125 270 119 271 124 ship 0.2991
666 531 663 524 696 510 698 517 ship 0.2985
205 336 202 330 233 314 236 319 ship 0.2984
264 104 267 100 282 111 279 115 ship 0.2147
239 125 238 120 266 115 267 120 ship 0.2076
229 311 233 307 246 319 243 322 ship 0.1959
714 430 711 426 726 417 728 421 ship 0.1921
674 541 672 534 705 523 707 529 ship 0.1738
201 326 198 320 227 303 230 309 ship 0.1324
688 506 690 502 707 513 705 517 ship 0.1297
231 304 235 301 245 314 241 317 ship 0.1151
271 96 275 94 281 105 277 107 ship 0.1144
