278 123 275 115 305 104 308 113 ship 0.5515
307 75 312 67 344 87 339 95 ship 0.3052
190 248 195 251 184 277 178 275 ship 0.2860
175 244 196 254 162 323 141 313 ship 0.2793
236 152 244 144 275 174 267 182 ship 0.2560
227 183 231 178 263 206 259 210 ship 0.2513
203 211 199 207 221 186 225 190 ship 0.2413
231 173 234 167 267 186 264 192 ship 0.2402
174 245 179 248 168 274 163 272 ship 0.2367
182 248 187 250 175 275 170 273 ship 0.2356
229 182 233 177 264 196 260 201 ship 0.2240
158 291 163 293 149 316 144 313 ship 0.2224
302 77 309 84 284 111 277 105 ship 0.2124
230 162 234 156 271 181 266 187 ship 0.2117
168 294 172 297 157 320 153 318 ship 0.1831
164 294 168 297 152 318 148 315 ship 0.1474
307 83 311 77 338 94 335 99 ship 0.1401
198 190 201 187 224 214 220 217 ship 0.1336
178 290 181 294 168 309 165 305 ship 0.1322
212 179 217 183 196 206 192 202 ship 0.1100
338 43 342 45 338 55 334 53 ship 0.1074
251 189 254 185 265 194 263 197 ship 0.1049
217 19 241 18 242 43 218 44 storage-tank 0.1700
147 106 160 107 157 125 145 124 storage-tank 0.1302
238 8 331 3 339 131 246 136 harbor 0.2523
