1102 1305 1096 1227 1188 1220 1194 1298 bridge 0.6547
458 1187 435 1121 540 1084 563 1150 bridge 0.6359
299 1516 315 1512 322 1544 306 1548 bridge 0.2429
1485 260 1498 254 1514 290 1501 296 bridge 0.1697
1411 83 1426 84 1421 133 1406 132 bridge 0.1522
316 472 337 469 352 565 331 568 bridge 0.1355
1038 896 998 842 1088 774 1128 828 bridge 0.1347
616 1534 613 1514 651 1508 654 1528 bridge 0.1317
172 782 190 783 186 852 168 851 bridge 0.1253
1768 1142 1937 1172 1887 1464 1718 1434 ground-track-field 0.1250
2163 923 2170 905 2215 922 2208 940 ship 0.1002
1677 1292 1781 1168 1971 1328 1866 1452 tennis-court 0.1545
1791 26 1851 -5 1884 56 1824 88 storage-tank 0.1062
1685 1283 1799 1173 1959 1340 1846 1449 soccer-ball-field 0.1910
1789 43 1830 -8 1885 34 1844 87 roundabout 0.5664
