919 1861 948 1810 1003 1842 974 1893 baseball-diamond 0.1160
837 874 849 710 1125 730 1113 894 bridge 0.3878
1150 1004 1159 993 1192 1016 1183 1028 bridge 0.1501
623 869 614 707 882 692 891 854 bridge 0.1301
386 975 498 987 461 1351 349 1340 bridge 0.1108
963 742 965 729 1017 736 1016 748 bridge 0.1015
67 886 68 873 93 876 92 889 small-vehicle 0.1103
115 898 117 885 147 889 145 902 small-vehicle 0.1009
463 879 481 879 480 957 463 957 large-vehicle 0.1502
1077 402 1086 395 1110 426 1102 433 large-vehicle 0.1390
2308 374 2319 375 2316 411 2305 410 large-vehicle 0.1205
1010 219 1019 212 1046 248 1037 255 large-vehicle 0.1105
228 823 239 822 241 857 229 857 large-vehicle 0.1010
571 875 598 876 592 959 565 958 tennis-court 0.1929
1187 1613 1243 1458 1450 1532 1394 1687 basketball-court 0.2210
569 883 597 884 594 963 566 962 basketball-court 0.1691
620 863 653 865 649 969 616 968 basketball-court 0.1294
