417 1197 421 1176 502 1189 498 1210 bridge 0.1238
1122 1914 1101 1827 1238 1793 1260 1880 ground-track-field 0.1631
34 1687 27 1667 72 1651 79 1671 small-vehicle 0.1098
365 1887 380 1890 374 1922 359 1919 small-vehicle 0.1027
58 1839 78 1849 44 1921 23 1911 large-vehicle 0.1675
60 979 71 980 68 1015 56 1014 large-vehicle 0.1235
162 2049 176 2046 189 2098 175 2102 large-vehicle 0.1199
1270 2207 1260 2192 1322 2150 1332 2164 large-vehicle 0.1140
165 90 157 72 215 45 223 63 large-vehicle 0.1019
1599 2158 1615 2158 1616 2209 1600 2209 large-vehicle 0.1006
680 1598 713 1579 748 1639 715 1658 basketball-court 0.2153
1157 1478 1198 1470 1208 1517 1168 1525 storage-tank 0.2643
1850 1859 1888 1857 1890 1899 1852 1901 storage-tank 0.2602
1902 1843 1937 1847 1933 1884 1898 1880 storage-tank 0.1609
1827 1877 1853 1872 1858 1905 1833 1910 storage-tank 0.1507
1459 1239 1523 1239 1524 1306 1460 1307 storage-tank 0.1239
1876 238 1894 238 1894 261 1875 260 storage-tank 0.1194
1119 1911 1103 1822 1242 1797 1258 1886 soccer-ball-field 0.1064
1100 1899 1121 1787 1259 1813 1238 1925 swimming-pool 0.1380
