1638 1368 1663 1361 1673 1393 1647 1400 plane 0.2743
1642 1450 1657 1429 1682 1447 1668 1468 plane 0.1359
1152 1668 1153 1655 1175 1656 1175 1669 plane 0.1281
1033 827 1038 814 1075 826 1070 839 bridge 0.1587
1047 836 1052 815 1246 856 1242 878 bridge 0.1536
1024 1026 1028 985 1216 1006 1211 1047 bridge 0.1178
369 715 370 703 399 706 398 718 small-vehicle 0.1029
1680 1088 1697 1084 1703 1117 1687 1120 small-vehicle 0.1010
371 789 381 782 400 804 390 812 small-vehicle 0.1000
492 1043 508 1040 520 1101 505 1104 large-vehicle 0.2386
643 1231 662 1230 664 1324 645 1324 large-vehicle 0.1426
892 1224 902 1232 864 1284 854 1277 large-vehicle 0.1423
1015 553 1031 559 1011 612 996 606 large-vehicle 0.1010
1531 18 1546 19 1544 37 1529 36 storage-tank 0.2901
659 857 710 787 785 842 733 912 storage-tank 0.1408
1740 831 1757 832 1755 854 1738 853 storage-tank 0.1201
1638 1368 1663 1361 1673 1393 1647 1400 storage-tank 0.1197
696 748 721 673 802 700 777 775 roundabout 0.3622
588 693 660 664 692 743 620 773 roundabout 0.2120
657 852 715 786 785 846 727 912 roundabout 0.1965
555 866 560 794 638 800 632 873 roundabout 0.1519
1048 840 1056 799 1249 841 1241 882 harbor 0.1090
