1083 1723 1140 1712 1156 1797 1100 1808 ground-track-field 0.1188
1966 962 2054 933 2098 1066 2009 1095 ground-track-field 0.1036
46 85 60 71 105 116 91 130 small-vehicle 0.1033
51 195 65 179 134 237 119 254 large-vehicle 0.2877
66 176 80 158 148 211 134 229 large-vehicle 0.2470
90 134 105 117 164 170 149 186 large-vehicle 0.2188
1034 1226 1045 1223 1057 1260 1046 1263 large-vehicle 0.1390
934 1328 939 1318 971 1333 966 1343 large-vehicle 0.1212
46 85 60 71 105 116 91 130 large-vehicle 0.1188
90 134 105 117 164 170 149 186 ship 0.1258
1083 1723 1140 1712 1156 1797 1100 1808 basketball-court 0.1180
896 1041 931 1042 930 1081 894 1079 storage-tank 0.2500
403 1105 439 1063 487 1105 451 1146 storage-tank 0.1208
696 977 735 964 749 1008 711 1020 roundabout 0.1088
403 1105 439 1063 487 1105 451 1146 roundabout 0.1082
775 1143 829 1142 830 1201 776 1202 roundabout 0.1048
