1314 1582 1304 1569 1334 1547 1344 1560 bridge 0.2333
286 629 282 614 316 604 320 619 bridge 0.2088
316 613 313 602 340 595 343 607 bridge 0.1066
830 1496 840 1488 870 1524 860 1532 bridge 0.1013
1245 579 1266 458 1479 495 1458 616 ground-track-field 0.2973
789 902 782 889 825 864 832 877 small-vehicle 0.1094
789 902 782 889 825 864 832 877 large-vehicle 0.1575
1535 1248 1527 1233 1583 1204 1590 1219 large-vehicle 0.1441
1271 566 1288 478 1445 509 1428 597 tennis-court 0.1222
1271 566 1288 478 1445 509 1428 597 basketball-court 0.2729
1246 573 1270 458 1476 501 1452 616 soccer-ball-field 0.3506
1049 1677 1147 1657 1167 1758 1069 1778 roundabout 0.8240
