221 623 211 581 311 558 321 601 bridge 0.4020
316 111 320 66 403 74 399 119 bridge 0.2520
1306 768 1321 760 1343 799 1328 807 bridge 0.2003
361 1181 348 1165 438 1092 451 1108 bridge 0.1891
28 635 25 572 195 564 198 627 bridge 0.1287
453 1122 512 1148 451 1285 393 1259 bridge 0.1131
499 414 500 383 576 385 576 416 bridge 0.1018
105 1093 114 1080 148 1105 139 1118 small-vehicle 0.1043
307 974 319 967 346 1012 335 1019 large-vehicle 0.2018
536 150 548 131 638 192 625 211 large-vehicle 0.1435
1756 514 1751 504 1782 491 1787 501 large-vehicle 0.1391
1566 645 1581 656 1532 727 1516 716 large-vehicle 0.1325
105 1093 114 1080 148 1105 139 1118 large-vehicle 0.1143
1584 649 1600 660 1552 729 1536 718 large-vehicle 0.1060
431 153 418 130 520 70 534 93 large-vehicle 0.1018
601 1589 606 1546 672 1553 667 1597 basketball-court 0.1562
601 1589 606 1546 672 1553 667 1597 soccer-ball-field 0.1057
