873 1695 918 1654 963 1702 917 1744 baseball-diamond 0.1304
1137 758 1232 736 1255 837 1160 859 bridge 0.1079
416 1865 414 1850 477 1842 479 1856 bridge 0.1007
873 1695 918 1654 963 1702 917 1744 storage-tank 0.1129
1140 760 1230 737 1253 829 1164 852 storage-tank 0.1127
648 1766 705 1708 766 1769 709 1826 storage-tank 0.1061
975 569 1063 573 1059 663 972 660 storage-tank 0.1031
1137 768 1221 734 1256 821 1172 855 roundabout 0.8467
647 1762 712 1706 769 1772 705 1828 roundabout 0.8269
975 569 1062 572 1060 663 972 660 roundabout 0.6861
873 1701 912 1654 962 1695 923 1742 roundabout 0.6761
