71 336 117 338 115 391 68 389 baseball-diamond 0.1146
360 111 365 98 401 111 396 124 bridge 0.1516
301 400 388 402 385 586 297 584 ground-track-field 0.7911
64 335 124 344 107 449 48 440 basketball-court 0.1080
313 423 386 431 371 566 298 558 soccer-ball-field 0.5220
112 1390 258 1433 178 1700 32 1656 soccer-ball-field 0.1519
180 354 244 385 195 486 130 455 soccer-ball-field 0.1391
290 579 535 642 440 1011 195 948 soccer-ball-field 0.1343
719 1051 819 1050 820 1158 719 1159 roundabout 0.3994
581 1005 675 994 687 1095 593 1107 roundabout 0.1000
295 243 304 233 324 251 315 261 swimming-pool 0.1183
301 400 388 402 385 586 297 584 swimming-pool 0.1140
