746 1513 754 1506 779 1534 771 1541 bridge 0.2789
1849 1183 1844 1168 1881 1155 1886 1169 bridge 0.2430
928 1716 939 1709 963 1747 952 1754 bridge 0.2409
1783 807 1781 794 1813 791 1815 804 bridge 0.1875
1753 431 1765 442 1722 491 1709 480 bridge 0.1464
1037 1631 1036 1618 1069 1616 1070 1629 bridge 0.1225
346 501 358 479 413 509 401 531 bridge 0.1223
859 490 868 477 912 510 902 523 large-vehicle 0.1880
397 788 405 792 390 823 383 820 large-vehicle 0.1308
405 791 414 793 404 826 395 823 large-vehicle 0.1069
337 925 345 926 339 957 330 955 large-vehicle 0.1004
1657 1801 1662 1776 1693 1782 1688 1807 storage-tank 0.1378
84 -2 116 -13 128 21 96 32 storage-tank 0.1071
1243 895 1372 873 1395 1009 1266 1030 roundabout 0.1570
1591 1810 1624 1795 1650 1850 1617 1866 swimming-pool 0.5525
1670 1849 1701 1831 1731 1884 1700 1901 swimming-pool 0.4584
