768 1253 864 1256 861 1366 764 1363 baseball-diamond 0.1492
1042 2145 1037 2132 1070 2117 1075 2130 bridge 0.1983
1054 2146 1054 2133 1084 2132 1084 2145 bridge 0.1677
1038 1559 1052 1548 1079 1583 1064 1594 bridge 0.1273
490 727 484 708 558 684 564 703 bridge 0.1157
512 329 577 379 477 510 412 461 ground-track-field 0.6879
562 421 629 470 533 603 465 555 ground-track-field 0.6415
902 348 930 353 913 441 885 435 large-vehicle 0.1056
1767 1633 1788 1621 1829 1694 1807 1706 ship 0.2780
1736 1656 1760 1648 1783 1718 1760 1726 ship 0.2690
1754 1760 1767 1759 1770 1793 1757 1794 ship 0.1829
1781 1748 1794 1747 1797 1782 1784 1783 ship 0.1796
1798 1739 1812 1736 1819 1772 1805 1774 ship 0.1593
1772 1767 1783 1764 1792 1792 1781 1796 ship 0.1263
1739 1762 1752 1762 1753 1795 1740 1795 ship 0.1257
864 1072 898 1094 828 1201 793 1178 tennis-court 0.1035
562 447 611 490 530 582 481 538 soccer-ball-field 0.6028
506 358 556 400 482 489 432 447 soccer-ball-field 0.5427
347 1387 485 1334 568 1551 430 1603 soccer-ball-field 0.1339
708 1872 841 1892 816 2060 683 2040 soccer-ball-field 0.1245
767 1252 867 1257 862 1370 761 1365 roundabout 0.1249
589 1116 703 1118 700 1245 586 1243 roundabout 0.1242
