852 1746 899 1753 875 1904 828 1896 bridge 0.5532
699 1302 783 1332 724 1498 640 1468 ground-track-field 0.7113
605 827 676 829 671 997 600 995 ground-track-field 0.1466
617 878 631 871 646 905 632 911 ground-track-field 0.1318
713 1305 790 1344 713 1498 636 1460 tennis-court 0.2256
779 1406 837 1431 798 1523 740 1499 tennis-court 0.1172
776 1415 830 1434 800 1518 746 1499 basketball-court 0.1459
698 1302 784 1332 726 1498 639 1468 basketball-court 0.1256
771 873 888 777 987 899 871 995 storage-tank 0.1054
707 1320 774 1349 716 1483 649 1454 soccer-ball-field 0.5726
994 285 1056 99 1283 175 1220 361 soccer-ball-field 0.2116
617 878 631 871 646 905 632 911 soccer-ball-field 0.1334
772 872 887 779 983 899 869 992 roundabout 0.2545
709 1305 786 1339 717 1499 639 1465 swimming-pool 0.1001
