961 1180 955 1163 1030 1136 1036 1154 bridge 0.4727
778 1255 772 1242 808 1222 815 1235 bridge 0.1525
1082 1448 1090 1439 1138 1485 1129 1494 large-vehicle 0.1830
520 1053 532 1045 556 1083 544 1090 large-vehicle 0.1476
567 1051 578 1042 616 1088 605 1097 large-vehicle 0.1065
961 1180 955 1163 1030 1136 1036 1154 large-vehicle 0.1024
1150 1419 1166 1407 1204 1457 1189 1469 ship 0.1791
1121 1340 1136 1333 1160 1386 1145 1392 ship 0.1707
1607 756 1647 728 1702 803 1662 832 tennis-court 0.1202
643 1326 678 1309 697 1349 661 1366 storage-tank 0.1395
570 1726 603 1714 617 1752 583 1764 storage-tank 0.1125
643 1326 678 1309 697 1349 661 1366 roundabout 0.5852
570 1723 605 1712 618 1752 583 1763 roundabout 0.3859
