596 397 706 393 711 511 601 516 plane 0.1051
304 1284 268 1220 376 1158 413 1223 bridge 0.3946
1236 1208 1243 1197 1285 1226 1278 1237 bridge 0.2518
596 397 706 393 711 511 601 516 bridge 0.1939
899 666 913 654 946 692 932 704 bridge 0.1795
997 1600 1012 1610 988 1646 973 1636 bridge 0.1788
1286 1869 1300 1860 1334 1910 1320 1919 bridge 0.1463
1021 1563 1034 1575 995 1618 982 1605 bridge 0.1434
68 1421 111 1464 27 1549 -16 1506 bridge 0.1176
269 1260 290 1279 236 1340 215 1321 bridge 0.1081
601 400 703 393 709 499 608 506 roundabout 0.9276
