644 65 660 57 678 91 661 100 plane 0.1105
467 769 675 737 733 1121 525 1153 baseball-diamond 0.1611
1889 1087 1887 1055 2055 1046 2057 1077 bridge 0.3327
1615 506 1617 483 1699 493 1696 516 bridge 0.2934
527 2358 539 2343 600 2395 588 2409 bridge 0.2352
1420 1119 1420 1104 1468 1104 1468 1119 bridge 0.1801
1494 1114 1494 1100 1540 1098 1541 1113 bridge 0.1694
1721 553 1737 551 1748 619 1732 622 bridge 0.1134
1459 1128 1458 1112 1512 1108 1513 1125 bridge 0.1130
1532 1109 1531 1094 1570 1092 1571 1106 bridge 0.1051
489 788 666 761 716 1089 539 1116 ground-track-field 0.8262
539 837 532 806 628 786 635 817 ground-track-field 0.1108
1277 545 1275 528 1334 521 1336 538 large-vehicle 0.1142
446 180 469 174 494 264 471 271 large-vehicle 0.1041
1615 506 1617 483 1699 493 1696 516 ship 0.1039
507 818 663 797 699 1061 543 1083 soccer-ball-field 0.4699
1945 941 1944 919 2037 916 2037 938 harbor 0.1999
1927 960 1926 939 2028 933 2029 954 harbor 0.1937
1889 1086 1888 1053 2059 1046 2060 1078 harbor 0.1487
285 853 308 769 429 803 406 887 swimming-pool 0.4848
277 802 292 781 332 810 317 831 swimming-pool 0.1019
