1525 638 1532 628 1556 645 1549 655 plane 0.1102
212 1510 222 1501 248 1530 238 1539 bridge 0.2093
578 1181 571 1167 606 1149 613 1163 bridge 0.1722
839 1053 828 1036 882 1005 892 1022 bridge 0.1284
37 1380 47 1366 103 1404 93 1418 bridge 0.1275
1052 188 1045 169 1108 147 1114 166 bridge 0.1102
541 1203 535 1191 566 1177 572 1189 bridge 0.1016
1093 2144 1296 2171 1265 2401 1062 2374 soccer-ball-field 0.2591
1574 638 1616 601 1663 655 1621 692 roundabout 0.3051
894 849 1013 850 1013 979 893 979 roundabout 0.1692
