1789 1736 1806 1715 1872 1767 1856 1789 bridge 0.3298
1628 2119 1646 2097 1718 2156 1700 2178 bridge 0.3047
1326 633 1320 618 1358 604 1364 619 bridge 0.2051
1279 1137 1280 1120 1366 1125 1365 1141 bridge 0.1584
1641 2105 1653 2085 1710 2119 1698 2139 bridge 0.1377
1003 181 1015 175 1032 210 1020 216 bridge 0.1356
1019 1214 1058 1204 1078 1285 1039 1294 ground-track-field 0.1401
1114 1221 1131 1219 1138 1276 1121 1278 ground-track-field 0.1326
1021 1217 1058 1207 1077 1279 1040 1288 basketball-court 0.1193
1626 768 1659 757 1673 801 1639 811 storage-tank 0.1810
