364 631 373 616 429 649 420 664 bridge 0.2066
1738 909 1749 900 1793 948 1783 958 bridge 0.1614
626 732 630 717 672 727 668 742 bridge 0.1316
1556 677 1566 670 1585 698 1575 704 bridge 0.1197
540 482 552 472 586 515 574 524 bridge 0.1134
1801 2135 1811 2124 1850 2158 1841 2169 large-vehicle 0.1730
1772 2237 1782 2222 1840 2260 1831 2275 large-vehicle 0.1206
1737 2071 1744 2061 1780 2086 1772 2096 large-vehicle 0.1125
1727 2061 1730 2048 1773 2060 1769 2073 large-vehicle 0.1034
1407 843 1418 836 1437 868 1426 875 large-vehicle 0.1007
618 2215 643 2209 652 2243 627 2250 storage-tank 0.1495
438 2167 487 2074 619 2142 570 2236 soccer-ball-field 0.1273
