2087 2957 2136 2835 2271 2890 2221 3011 plane 0.9560
203 2552 149 2454 269 2388 322 2486 plane 0.9236
541 659 636 641 659 757 564 775 plane 0.9217
2668 931 2658 833 2770 822 2779 920 plane 0.9133
1805 2808 1764 2728 1860 2679 1901 2759 plane 0.8845
2394 2021 2413 1930 2521 1953 2503 2044 plane 0.8830
1958 2901 2053 2902 2052 3011 1958 3010 plane 0.8765
525 2447 574 2366 665 2421 615 2503 plane 0.8753
640 379 667 291 773 324 746 412 plane 0.8635
416 2524 430 2436 530 2451 517 2539 plane 0.8627
1887 2920 1850 2840 1945 2797 1982 2877 plane 0.8498
1938 2542 1896 2466 1987 2416 2029 2493 plane 0.8359
2043 3395 2145 3422 2110 3554 2007 3526 plane 0.8320
1791 3357 1881 3377 1857 3483 1767 3462 plane 0.8297
1989 2639 1979 2547 2085 2535 2096 2627 plane 0.7931
611 2714 687 2668 744 2764 668 2810 plane 0.7770
747 2668 812 2617 873 2693 808 2745 plane 0.7311
2126 2052 2180 2019 2217 2080 2164 2113 plane 0.6423
1841 2392 1862 2329 1936 2354 1915 2417 plane 0.6322
518 850 522 787 599 792 595 854 plane 0.5756
192 2344 200 2292 264 2302 256 2354 plane 0.5403
763 95 820 72 847 138 790 161 plane 0.5324
696 671 756 681 745 754 685 744 plane 0.5189
367 1665 356 1611 423 1597 434 1651 plane 0.5099
2559 887 2622 885 2624 959 2561 961 plane 0.5090
281 2641 308 2586 372 2618 344 2673 plane 0.5078
165 2801 223 2803 221 2872 163 2870 plane 0.5063
824 1360 875 1365 869 1427 818 1423 plane 0.4783
169 3467 181 3405 254 3418 242 3481 plane 0.4734
555 1404 588 1353 647 1391 614 1442 plane 0.4709
860 473 910 451 936 510 885 532 plane 0.4689
2041 2010 2088 1977 2127 2032 2081 2065 plane 0.4599
806 1679 848 1657 873 1705 831 1727 plane 0.4542
692 1384 740 1356 772 1410 723 1438 plane 0.4530
1569 3174 1556 3119 1620 3105 1632 3160 plane 0.4519
2265 1376 2308 1357 2332 1410 2289 1430 plane 0.4492
2180 1752 2229 1730 2254 1789 2205 1810 plane 0.4441
379 2192 431 2166 461 2226 409 2252 plane 0.4377
563 2110 609 2081 643 2133 597 2162 plane 0.4309
2403 1108 2456 1103 2462 1165 2409 1170 plane 0.4243
2361 1391 2407 1368 2435 1423 2389 1446 plane 0.4145
2360 846 2414 842 2420 909 2365 913 plane 0.4125
24 2771 76 2764 85 2828 33 2836 plane 0.4118
1673 2515 1720 2526 1706 2587 1659 2576 plane 0.4061
2446 1407 2496 1399 2506 1461 2456 1469 plane 0.4043
908 112 961 108 966 172 912 176 plane 0.3997
785 980 849 975 854 1047 790 1052 plane 0.3994
793 701 845 704 841 765 790 762 plane 0.3879
1452 3017 1432 2972 1495 2944 1516 2988 plane 0.3831
2104 1717 2147 1689 2180 1740 2137 1768 plane 0.3802
2292 825 2343 818 2352 881 2301 888 plane 0.3631
40 751 91 725 123 788 72 814 plane 0.3625
2287 2097 2316 2052 2367 2085 2337 2130 plane 0.3255
924 3646 941 3600 997 3621 979 3667 plane 0.3226
125 1215 125 1169 185 1169 185 1215 plane 0.2733
449 1629 499 1617 515 1677 464 1690 plane 0.2590
423 2235 458 2202 498 2244 463 2277 plane 0.2544
203 2742 239 2739 243 2788 207 2791 plane 0.2528
1857 2712 1975 2590 2168 2777 2050 2898 plane 0.2459
238 2740 272 2740 272 2790 238 2790 plane 0.2354
1763 2598 1787 2565 1831 2597 1807 2630 plane 0.2284
270 2741 304 2743 301 2792 267 2791 plane 0.2265
723 2117 747 2096 780 2131 756 2153 plane 0.2265
248 2346 264 2301 317 2320 301 2365 plane 0.2252
287 2404 282 2363 335 2357 340 2398 plane 0.2241
2575 1325 2583 1296 2628 1309 2620 1338 plane 0.2235
2323 1380 2368 1364 2387 1417 2342 1432 plane 0.2186
2473 851 2493 824 2527 849 2507 876 plane 0.2137
2433 851 2459 825 2492 857 2466 884 plane 0.2122
90 2788 132 2784 136 2834 94 2838 plane 0.2023
723 129 760 95 797 137 760 170 plane 0.1982
2072 2823 2082 2759 2154 2770 2144 2835 plane 0.1981
504 2251 508 2216 556 2221 553 2256 plane 0.1918
348 2282 382 2261 408 2304 374 2324 plane 0.1911
1707 2563 1744 2551 1760 2598 1723 2610 plane 0.1885
473 1443 503 1431 523 1479 493 1492 plane 0.1874
188 861 228 867 220 927 179 921 plane 0.1869
926 468 965 446 993 495 954 517 plane 0.1854
2119 1776 2162 1763 2177 1811 2134 1824 plane 0.1773
903 1391 921 1392 920 1427 901 1426 plane 0.1770
2475 875 2501 855 2525 888 2499 907 plane 0.1758
2252 2018 2283 2013 2290 2059 2259 2064 plane 0.1735
2078 1717 2116 1706 2130 1754 2091 1765 plane 0.1723
2288 2034 2315 2020 2335 2058 2308 2072 plane 0.1712
595 876 621 842 666 877 640 911 plane 0.1711
2523 866 2557 844 2584 886 2550 907 plane 0.1707
561 1582 590 1580 594 1623 565 1625 plane 0.1663
823 1420 858 1420 858 1468 823 1468 plane 0.1652
594 1585 623 1580 630 1625 601 1629 plane 0.1629
681 2114 710 2100 728 2139 699 2153 plane 0.1612
1750 2555 1773 2536 1803 2571 1779 2591 plane 0.1602
859 1666 885 1662 891 1702 865 1706 plane 0.1590
633 2112 668 2097 686 2140 652 2155 plane 0.1570
310 2362 318 2329 360 2339 352 2372 plane 0.1566
1584 483 1594 443 1649 456 1640 496 plane 0.1554
1854 3540 1865 3523 1898 3545 1887 3562 plane 0.1540
178 2717 213 2716 215 2768 179 2769 plane 0.1534
306 2430 323 2397 366 2419 349 2451 plane 0.1527
2203 2038 2245 2028 2256 2077 2214 2087 plane 0.1508
2319 2028 2349 2013 2368 2050 2338 2065 plane 0.1480
342 2412 356 2384 396 2403 383 2431 plane 0.1469
2541 1322 2553 1299 2587 1318 2574 1341 plane 0.1469
768 1305 785 1294 806 1325 788 1337 plane 0.1467
1853 3502 1869 3485 1900 3513 1883 3531 plane 0.1467
342 2387 348 2358 390 2368 384 2396 plane 0.1464
2381 1067 2425 1046 2451 1102 2407 1123 plane 0.1460
2574 1346 2585 1324 2620 1342 2609 1364 plane 0.1456
823 1624 848 1618 857 1659 833 1664 plane 0.1443
1786 2641 1803 2604 1855 2628 1838 2665 plane 0.1443
534 1564 560 1566 555 1612 529 1610 plane 0.1440
86 2708 116 2705 122 2752 92 2756 plane 0.1422
2246 2066 2282 2047 2303 2087 2267 2106 plane 0.1414
685 1579 714 1580 712 1629 683 1628 plane 0.1408
285 2145 323 2132 341 2182 303 2195 plane 0.1406
2521 901 2558 892 2569 937 2531 946 plane 0.1406
373 2256 407 2232 436 2273 401 2297 plane 0.1402
713 1568 739 1573 731 1624 705 1620 plane 0.1392
2065 2063 2100 2038 2129 2078 2095 2104 plane 0.1388
429 2685 480 2671 499 2737 448 2752 plane 0.1381
1948 3326 1993 3286 2050 3349 2005 3389 plane 0.1378
2478 902 2509 892 2522 930 2491 941 plane 0.1377
749 624 791 609 811 666 769 681 plane 0.1377
644 1583 674 1581 677 1628 647 1630 plane 0.1376
466 1499 482 1478 516 1505 500 1525 plane 0.1368
337 2162 377 2152 389 2198 349 2208 plane 0.1365
56 2715 85 2707 97 2753 68 2760 plane 0.1363
639 1401 682 1390 694 1438 652 1449 plane 0.1358
758 670 797 662 807 710 769 718 plane 0.1354
2008 2193 2070 2147 2132 2228 2070 2275 plane 0.1332
2447 1115 2490 1107 2499 1157 2456 1164 plane 0.1322
767 1273 781 1262 804 1291 789 1302 plane 0.1316
222 2820 257 2815 264 2861 229 2866 plane 0.1312
1879 3537 1891 3520 1922 3544 1909 3560 plane 0.1312
734 1585 762 1587 760 1634 731 1632 plane 0.1312
2062 1726 2093 1725 2094 1769 2063 1769 plane 0.1310
755 1394 796 1388 803 1435 762 1441 plane 0.1293
151 2712 185 2714 182 2765 149 2763 plane 0.1290
601 814 628 776 672 808 645 846 plane 0.1284
2262 2003 2284 1990 2307 2026 2285 2040 plane 0.1274
905 1428 923 1426 926 1457 909 1459 plane 0.1273
2021 2031 2055 2010 2081 2052 2047 2074 plane 0.1273
203 2652 245 2628 276 2682 233 2706 plane 0.1267
2243 1376 2270 1368 2281 1407 2254 1414 plane 0.1265
882 1367 906 1369 903 1411 878 1409 plane 0.1261
2248 1319 2272 1312 2283 1350 2259 1357 plane 0.1251
342 2345 352 2316 392 2331 382 2359 plane 0.1248
2262 1972 2284 1954 2313 1989 2291 2007 plane 0.1246
1491 3106 1507 3084 1543 3111 1527 3133 plane 0.1243
1000 242 1012 231 1035 256 1023 267 plane 0.1237
615 2347 639 2331 665 2369 641 2386 plane 0.1232
2292 1998 2313 1985 2333 2017 2312 2031 plane 0.1225
2334 1989 2361 1976 2378 2010 2351 2023 plane 0.1222
1790 2263 1810 2259 1818 2300 1798 2304 plane 0.1221
846 114 887 108 895 155 854 162 plane 0.1219
883 1425 904 1424 906 1460 885 1461 plane 0.1207
785 1655 815 1649 823 1687 793 1693 plane 0.1203
854 1624 877 1623 881 1663 857 1665 plane 0.1201
1741 2617 1768 2589 1803 2623 1776 2651 plane 0.1185
2223 2000 2251 1992 2262 2034 2234 2042 plane 0.1176
1680 2470 1704 2457 1726 2499 1702 2512 plane 0.1175
737 1429 771 1418 786 1464 753 1476 plane 0.1173
995 195 1014 184 1033 220 1015 230 plane 0.1167
548 2217 559 2193 597 2210 586 2234 plane 0.1166
797 1310 813 1299 832 1329 816 1339 plane 0.1164
2142 1997 2179 1984 2196 2030 2159 2043 plane 0.1160
761 1574 784 1571 790 1617 766 1620 plane 0.1156
2171 1685 2203 1673 2219 1717 2187 1729 plane 0.1155
2462 1053 2508 1042 2521 1099 2475 1110 plane 0.1155
505 2191 531 2169 561 2204 535 2226 plane 0.1152
1874 3470 1903 3458 1920 3499 1891 3511 plane 0.1151
2435 899 2465 887 2480 926 2450 938 plane 0.1147
2297 1969 2319 1955 2341 1987 2319 2002 plane 0.1144
328 2738 360 2738 360 2785 328 2785 plane 0.1140
791 1585 812 1579 823 1621 802 1627 plane 0.1138
712 2745 749 2716 788 2766 751 2794 plane 0.1136
767 1332 793 1325 804 1363 777 1370 plane 0.1132
809 668 845 658 858 705 822 715 plane 0.1129
2092 2181 2149 2144 2196 2218 2139 2255 plane 0.1125
2381 949 2423 940 2435 992 2393 1002 plane 0.1121
852 446 879 427 904 464 878 482 plane 0.1112
1849 2441 1867 2394 1928 2418 1910 2464 plane 0.1110
809 1338 833 1333 842 1370 817 1376 plane 0.1107
975 246 990 235 1009 262 995 273 plane 0.1101
528 1618 559 1610 570 1649 539 1658 plane 0.1100
238 2628 277 2596 313 2640 274 2672 plane 0.1099
343 2449 372 2423 405 2459 377 2485 plane 0.1097
2029 1968 2059 1957 2073 1997 2043 2008 plane 0.1096
880 1621 899 1621 899 1659 880 1659 plane 0.1095
906 1636 923 1636 923 1673 906 1673 plane 0.1093
2224 1427 2245 1411 2268 1443 2248 1459 plane 0.1091
2075 1964 2114 1953 2128 2003 2089 2014 plane 0.1090
579 2167 601 2145 634 2178 612 2200 plane 0.1089
746 1632 776 1629 780 1669 750 1672 plane 0.1077
288 2302 319 2281 344 2317 314 2339 plane 0.1076
380 1585 399 1560 438 1590 419 1615 plane 0.1066
997 277 1011 266 1033 294 1019 305 plane 0.1065
2486 1386 2514 1378 2526 1419 2498 1427 plane 0.1058
456 2181 490 2165 512 2210 477 2226 plane 0.1056
935 1399 951 1398 954 1429 939 1431 plane 0.1055
620 2325 634 2309 664 2336 649 2352 plane 0.1050
2049 1682 2072 1675 2083 1711 2060 1718 plane 0.1039
1463 3038 1479 3015 1519 3042 1503 3065 plane 0.1039
528 1408 563 1381 595 1422 560 1449 plane 0.1037
2251 1415 2275 1396 2302 1429 2279 1448 plane 0.1037
926 526 950 510 973 546 950 561 plane 0.1036
1805 2338 1832 2317 1860 2352 1834 2373 plane 0.1035
2030 2092 2070 2071 2097 2124 2057 2144 plane 0.1035
2000 2011 2027 2000 2043 2038 2016 2049 plane 0.1033
495 1570 523 1564 531 1606 503 1612 plane 0.1024
375 2433 403 2404 442 2443 414 2471 plane 0.1023
2585 848 2617 831 2638 871 2606 888 plane 0.1023
135 2783 172 2781 173 2825 137 2826 plane 0.1021
516 2078 549 2066 565 2109 532 2121 plane 0.1021
972 461 1003 453 1016 502 984 510 plane 0.1018
2514 1406 2536 1400 2545 1435 2524 1441 plane 0.1018
514 2133 546 2122 560 2163 528 2174 plane 0.1018
415 2273 436 2243 472 2268 452 2298 plane 0.1015
1770 2530 1788 2512 1822 2544 1803 2563 plane 0.1013
2357 923 2390 905 2412 946 2379 964 plane 0.1013
266 2786 294 2781 300 2819 272 2824 plane 0.1012
350 2218 385 2210 395 2252 360 2261 plane 0.1008
847 1341 870 1338 876 1376 853 1380 plane 0.1006
1960 3382 2012 3354 2048 3421 1996 3448 plane 0.1003
1484 3193 1502 3181 1526 3217 1508 3229 plane 0.1003
41 985 151 1004 126 1146 17 1127 baseball-diamond 0.1401
1640 806 1657 789 1690 824 1673 841 small-vehicle 0.1027
1442 2668 1459 2675 1436 2737 1418 2731 large-vehicle 0.1218
550 1884 579 1710 859 1756 830 1930 basketball-court 0.1424
2245 1529 2309 1538 2290 1662 2227 1653 basketball-court 0.1073
2299 1562 2369 1547 2396 1678 2326 1692 basketball-court 0.1038
169 3467 181 3405 254 3418 242 3481 storage-tank 0.1827
1570 3180 1558 3128 1622 3112 1634 3164 storage-tank 0.1451
1841 2392 1862 2329 1936 2354 1915 2417 storage-tank 0.1410
2559 887 2622 885 2624 959 2561 961 storage-tank 0.1372
794 707 845 711 840 772 789 768 storage-tank 0.1242
692 1384 740 1356 772 1410 723 1438 storage-tank 0.1233
2292 825 2343 818 2352 881 2301 888 storage-tank 0.1201
763 95 820 72 847 138 790 161 storage-tank 0.1191
377 2191 428 2168 453 2225 402 2248 storage-tank 0.1119
367 1665 356 1611 423 1597 434 1651 storage-tank 0.1092
281 2641 308 2586 372 2618 344 2673 storage-tank 0.1084
860 473 910 451 936 510 885 532 storage-tank 0.1050
563 2110 609 2081 643 2133 597 2162 storage-tank 0.1050
2360 846 2414 842 2420 909 2365 913 storage-tank 0.1023
24 2771 76 2764 85 2828 33 2836 storage-tank 0.1017
40 987 145 1001 126 1142 21 1128 roundabout 0.1300
1791 3355 1882 3374 1860 3484 1769 3466 helicopter 0.1314
2668 931 2658 833 2770 822 2779 920 helicopter 0.1252
2044 3397 2143 3424 2107 3554 2008 3526 helicopter 0.1162
611 2714 687 2668 744 2764 668 2810 helicopter 0.1124
