742 1077 1094 1175 977 1592 625 1494 baseball-diamond 0.2385
565 1659 568 1644 609 1651 606 1666 bridge 0.1182
1393 1327 1697 1305 1736 1842 1431 1864 ground-track-field 0.5166
661 1098 1017 1074 1053 1595 697 1620 ground-track-field 0.2707
1499 1889 1485 1810 1619 1787 1633 1866 ground-track-field 0.1057
1411 1353 1417 1191 1700 1201 1695 1363 ground-track-field 0.1041
1254 627 1251 606 1347 592 1350 613 large-vehicle 0.1335
1254 627 1251 606 1347 592 1350 613 ship 0.1360
156 697 218 705 201 831 140 823 tennis-court 0.6402
175 410 229 415 219 523 165 518 tennis-court 0.5823
128 856 194 863 180 996 114 989 tennis-court 0.5294
237 419 289 423 281 529 230 525 tennis-court 0.4357
220 869 276 878 257 1002 201 993 tennis-court 0.3671
256 575 310 587 289 683 235 671 tennis-court 0.2167
236 708 293 712 287 831 230 828 tennis-court 0.1751
151 545 196 537 211 620 166 628 tennis-court 0.1317
254 572 312 584 292 686 234 674 basketball-court 0.2323
128 853 195 860 181 998 114 991 basketball-court 0.1611
156 695 220 704 204 832 139 824 basketball-court 0.1548
1542 1853 1549 1809 1621 1819 1615 1863 basketball-court 0.1497
175 410 229 415 219 523 165 518 basketball-court 0.1252
799 1071 1104 1182 953 1598 648 1487 soccer-ball-field 0.8554
1389 1343 1694 1322 1729 1826 1424 1847 soccer-ball-field 0.3346
128 856 194 863 180 996 114 989 soccer-ball-field 0.1039
20 1096 21 1071 126 1077 125 1102 harbor 0.1683
1294 504 1310 507 1304 539 1288 536 swimming-pool 0.1078
