814 1172 805 1121 1027 1081 1036 1132 bridge 0.1801
951 58 951 46 974 47 974 59 small-vehicle 0.1184
172 166 166 146 212 132 218 152 small-vehicle 0.1040
484 980 478 966 536 942 542 956 large-vehicle 0.2622
869 1068 866 1048 947 1035 950 1055 large-vehicle 0.1642
842 1040 838 1014 923 1002 927 1027 large-vehicle 0.1344
423 522 415 505 486 471 494 488 large-vehicle 0.1212
22 288 32 284 45 312 35 317 large-vehicle 0.1061
423 522 415 505 486 471 494 488 ship 0.1309
894 904 891 819 1033 814 1036 898 ship 0.1072
245 794 301 766 359 882 303 910 tennis-court 0.9923
1166 346 1221 324 1265 431 1211 454 tennis-court 0.9899
328 753 383 726 440 841 385 868 tennis-court 0.9897
700 565 755 541 803 652 748 676 tennis-court 0.9802
579 641 632 613 690 724 636 752 tennis-court 0.9767
413 719 466 692 521 802 467 829 tennis-court 0.9767
1082 375 1140 354 1184 475 1127 496 tennis-court 0.9687
168 830 226 805 276 922 218 947 tennis-court 0.9668
496 682 551 654 608 764 553 792 tennis-court 0.9538
1254 311 1308 289 1354 404 1300 426 tennis-court 0.9440
169 830 227 806 276 923 218 947 basketball-court 0.1122
902 901 896 827 1025 817 1031 891 storage-tank 0.3350
804 1145 818 1132 835 1148 821 1162 storage-tank 0.1104
902 901 896 827 1025 817 1031 891 swimming-pool 0.1821
