203 1277 182 1056 662 1012 682 1232 ground-track-field 0.2453
217 1218 656 1192 703 1990 264 2016 ground-track-field 0.1249
124 1093 122 1075 162 1071 163 1089 small-vehicle 0.1159
119 810 115 792 156 784 160 802 small-vehicle 0.1019
182 503 271 499 279 691 190 694 tennis-court 0.9783
398 500 488 498 491 688 400 689 tennis-court 0.9780
291 503 378 501 382 690 294 692 tennis-court 0.9629
413 784 503 780 511 970 421 974 tennis-court 0.9623
308 786 394 788 392 975 306 974 tennis-court 0.9619
188 799 278 795 287 983 197 988 tennis-court 0.9488
519 494 611 498 601 695 509 691 tennis-court 0.9288
528 785 617 781 625 963 536 967 tennis-court 0.9043
266 414 271 319 487 330 482 425 tennis-court 0.5514
217 1218 656 1192 703 1990 264 2016 tennis-court 0.1162
222 1048 362 1029 390 1230 250 1249 basketball-court 0.6867
266 414 271 319 487 330 482 425 basketball-court 0.5691
256 1810 251 1648 631 1637 635 1800 basketball-court 0.1193
230 1240 691 1233 702 1988 242 1994 soccer-ball-field 0.4284
195 1278 175 1051 665 1007 685 1234 soccer-ball-field 0.2005
258 418 260 319 490 324 488 422 soccer-ball-field 0.1913
266 414 271 319 487 330 482 425 swimming-pool 0.1289
