598 336 628 333 634 405 605 407 plane 0.1217
-7 889 0 863 35 873 28 899 plane 0.1178
857 1723 878 1701 910 1733 889 1754 plane 0.1085
874 1060 1528 1002 1643 2285 989 2344 ground-track-field 0.8127
-183 1624 543 1327 929 2273 203 2570 ground-track-field 0.1458
1074 621 1076 606 1111 610 1109 625 small-vehicle 0.1005
257 720 369 716 376 937 264 941 tennis-court 0.9698
647 305 766 296 782 530 664 538 tennis-court 0.9044
467 331 587 315 619 557 498 573 tennis-court 0.8978
545 690 648 675 677 882 574 897 tennis-court 0.8659
84 735 193 718 228 936 118 953 tennis-court 0.8482
867 279 984 266 1011 504 894 517 tennis-court 0.8183
406 702 512 691 534 895 427 906 tennis-court 0.8132
697 673 805 673 804 884 696 884 tennis-court 0.3917
-12 1215 156 1189 205 1506 36 1532 basketball-court 0.3556
170 1179 347 1151 400 1495 222 1522 basketball-court 0.2818
643 304 765 295 783 533 662 542 basketball-court 0.1962
467 331 587 315 619 557 498 573 basketball-court 0.1566
869 278 987 267 1008 505 890 515 basketball-court 0.1423
403 702 511 690 534 900 425 912 basketball-court 0.1038
893 1157 1482 1086 1613 2184 1024 2254 soccer-ball-field 0.8841
-10 1217 160 1194 202 1507 32 1530 soccer-ball-field 0.4806
-33 1620 638 1497 797 2367 125 2490 soccer-ball-field 0.4239
169 1173 345 1145 401 1496 225 1524 soccer-ball-field 0.1311
127 535 126 508 178 506 179 533 swimming-pool 0.1770
146 510 148 488 190 493 187 515 swimming-pool 0.1274
70 262 72 241 115 245 113 266 swimming-pool 0.1162
731 906 1604 751 1891 2371 1019 2526 swimming-pool 0.1095
134 492 136 468 186 473 183 497 swimming-pool 0.1038
