508 677 504 657 547 649 551 669 small-vehicle 0.6212
357 562 375 558 384 597 366 601 small-vehicle 0.5828
496 652 493 633 529 627 532 646 small-vehicle 0.5823
367 608 385 604 393 641 375 645 small-vehicle 0.5433
376 656 394 651 404 687 386 692 small-vehicle 0.5354
491 626 488 607 527 599 530 618 small-vehicle 0.5315
524 702 521 682 564 676 567 696 small-vehicle 0.5115
527 727 525 708 567 704 569 724 small-vehicle 0.4983
529 586 526 567 564 562 567 580 small-vehicle 0.4945
323 635 319 616 359 608 363 627 small-vehicle 0.4942
262 791 258 774 293 766 297 784 small-vehicle 0.4828
533 616 531 596 571 594 572 613 small-vehicle 0.4352
523 563 520 544 559 538 561 557 small-vehicle 0.4005
313 614 310 594 356 587 359 607 small-vehicle 0.3085
318 49 337 44 345 81 327 86 small-vehicle 0.2645
242 621 241 607 271 605 272 619 small-vehicle 0.2525
114 911 116 891 156 894 154 914 small-vehicle 0.2290
522 758 518 734 606 720 610 744 small-vehicle 0.1567
174 898 182 880 210 892 202 910 small-vehicle 0.1552
324 653 323 635 364 632 365 650 small-vehicle 0.1454
281 920 278 903 323 896 326 913 small-vehicle 0.1055
533 844 528 820 629 800 634 823 large-vehicle 0.8164
866 784 862 761 961 742 965 766 large-vehicle 0.7966
857 730 852 706 950 688 954 711 large-vehicle 0.7943
526 789 520 765 608 745 614 769 large-vehicle 0.7899
531 816 526 793 618 773 623 796 large-vehicle 0.7841
839 619 834 595 932 576 937 599 large-vehicle 0.7790
620 687 615 664 710 645 715 669 large-vehicle 0.7783
522 758 518 735 607 719 611 742 large-vehicle 0.7687
844 646 839 623 935 604 939 627 large-vehicle 0.7680
814 483 810 459 910 439 914 463 large-vehicle 0.7647
861 757 856 734 956 715 960 738 large-vehicle 0.7612
832 592 828 569 929 550 934 573 large-vehicle 0.7493
642 825 637 801 736 782 741 807 large-vehicle 0.7471
597 575 593 552 694 535 697 559 large-vehicle 0.7467
851 703 847 679 945 660 950 685 large-vehicle 0.7328
810 457 805 433 908 412 913 436 large-vehicle 0.7320
846 674 841 651 940 629 945 653 large-vehicle 0.7305
709 307 731 315 696 417 674 409 large-vehicle 0.7225
386 364 409 371 378 473 354 466 large-vehicle 0.7217
612 636 607 612 702 589 708 613 large-vehicle 0.7157
621 713 617 690 718 673 722 697 large-vehicle 0.7136
824 537 820 513 920 496 924 520 large-vehicle 0.7135
829 565 825 541 925 524 929 547 large-vehicle 0.7037
602 603 598 579 699 562 703 586 large-vehicle 0.6959
642 798 637 774 728 753 734 777 large-vehicle 0.6920
591 550 586 526 686 507 691 530 large-vehicle 0.6890
823 512 817 487 914 466 919 491 large-vehicle 0.6829
427 774 451 771 468 881 443 884 large-vehicle 0.6820
615 659 611 636 710 617 714 641 large-vehicle 0.6769
535 873 530 848 632 829 636 854 large-vehicle 0.6738
515 340 538 347 505 450 483 443 large-vehicle 0.6654
483 345 506 352 473 457 450 450 large-vehicle 0.6599
808 426 804 403 900 385 904 408 large-vehicle 0.6318
579 330 601 337 568 438 546 431 large-vehicle 0.6266
353 370 376 377 342 480 320 472 large-vehicle 0.6246
317 374 341 381 312 487 287 480 large-vehicle 0.6238
841 283 862 291 823 394 802 386 large-vehicle 0.6183
679 313 701 322 661 423 639 414 large-vehicle 0.6176
775 294 797 303 759 402 737 393 large-vehicle 0.6001
612 321 633 327 600 434 579 428 large-vehicle 0.5990
808 291 829 299 790 398 768 389 large-vehicle 0.5923
871 278 893 286 857 386 835 377 large-vehicle 0.5900
422 355 443 362 408 467 387 460 large-vehicle 0.5850
744 298 765 306 726 412 705 404 large-vehicle 0.5826
551 334 572 342 533 447 512 439 large-vehicle 0.5670
648 317 669 325 629 429 608 421 large-vehicle 0.5662
627 745 622 721 718 699 724 723 large-vehicle 0.5566
457 351 478 360 436 465 415 456 large-vehicle 0.5537
455 768 480 764 498 872 473 876 large-vehicle 0.4834
872 813 867 787 964 770 968 796 large-vehicle 0.4603
639 856 634 830 744 811 748 837 large-vehicle 0.4315
478 772 507 767 522 861 493 865 large-vehicle 0.3256
530 729 526 706 588 696 592 719 large-vehicle 0.2515
395 782 420 778 437 890 412 893 large-vehicle 0.2217
524 702 521 682 564 676 567 696 large-vehicle 0.1959
40 505 35 481 130 460 135 484 large-vehicle 0.1903
631 763 627 739 722 722 726 746 large-vehicle 0.1621
508 677 504 657 547 649 551 669 large-vehicle 0.1441
357 562 375 558 384 597 366 601 large-vehicle 0.1018
535 873 530 848 632 829 636 854 ship 0.1325
612 636 607 612 702 589 708 613 ship 0.1205
533 844 528 820 629 800 634 823 ship 0.1087
814 483 810 459 910 439 914 463 ship 0.1063
866 784 862 761 961 742 965 766 ship 0.1062
620 687 615 664 710 645 715 669 ship 0.1061
846 674 841 651 940 629 945 653 ship 0.1036
