111 369 121 356 149 376 139 390 small-vehicle 0.6638
299 455 310 441 340 466 329 480 small-vehicle 0.6614
280 338 290 325 318 346 308 360 small-vehicle 0.6389
363 206 376 216 354 247 340 237 small-vehicle 0.6127
256 301 266 286 299 308 289 323 small-vehicle 0.5997
231 347 241 333 268 353 259 366 small-vehicle 0.5904
278 485 289 472 319 495 309 509 small-vehicle 0.5739
231 548 243 536 270 561 259 573 small-vehicle 0.5661
123 357 132 343 159 361 150 375 small-vehicle 0.5649
287 471 298 458 329 481 318 494 small-vehicle 0.5626
91 399 102 385 130 408 119 422 small-vehicle 0.5522
344 191 361 201 338 237 322 227 small-vehicle 0.5460
230 410 241 398 264 419 253 431 small-vehicle 0.5460
239 398 249 384 280 406 269 420 small-vehicle 0.5396
332 681 342 668 370 689 361 701 small-vehicle 0.5386
422 254 435 266 409 294 397 283 small-vehicle 0.5351
131 342 140 327 172 345 163 360 small-vehicle 0.5225
163 295 175 283 198 305 186 317 small-vehicle 0.5144
363 364 373 348 407 371 397 387 small-vehicle 0.4980
68 429 78 415 107 435 97 450 small-vehicle 0.4936
193 250 204 236 234 259 222 274 small-vehicle 0.4931
58 444 67 430 100 451 90 465 small-vehicle 0.4599
244 532 257 518 285 543 272 557 small-vehicle 0.4578
261 370 271 355 301 377 291 391 small-vehicle 0.4388
236 330 247 315 281 338 271 353 small-vehicle 0.4354
247 177 259 163 288 186 277 201 small-vehicle 0.4301
175 485 185 471 216 493 206 508 small-vehicle 0.4216
234 195 245 180 277 204 266 218 small-vehicle 0.4202
156 516 166 500 202 521 192 537 small-vehicle 0.4193
317 425 329 409 366 437 353 453 small-vehicle 0.4076
260 498 271 482 305 505 294 521 small-vehicle 0.3919
193 387 205 371 236 397 224 412 small-vehicle 0.3880
208 372 219 359 247 382 235 395 small-vehicle 0.3736
188 469 199 454 230 477 219 492 small-vehicle 0.3435
131 477 142 461 179 484 168 501 small-vehicle 0.3210
155 449 167 433 199 457 188 473 small-vehicle 0.2788
288 258 302 267 283 295 269 286 small-vehicle 0.2467
272 250 288 258 274 288 258 280 small-vehicle 0.2173
220 559 230 548 264 577 255 588 small-vehicle 0.1483
377 350 388 336 419 361 409 374 small-vehicle 0.1470
560 906 559 889 594 886 595 904 small-vehicle 0.1287
257 516 267 502 297 524 286 538 small-vehicle 0.1232
460 255 469 250 480 269 470 275 small-vehicle 0.1154
313 444 324 429 353 451 342 465 small-vehicle 0.1085
152 308 164 295 189 318 177 331 small-vehicle 0.1015
193 387 205 371 236 397 224 412 large-vehicle 0.6239
344 191 361 201 338 237 322 227 large-vehicle 0.5878
193 250 204 236 234 259 222 274 large-vehicle 0.5318
208 372 219 359 247 382 235 395 large-vehicle 0.5087
234 195 245 180 277 204 266 218 large-vehicle 0.4805
188 469 199 454 230 477 219 492 large-vehicle 0.3957
131 477 142 461 179 484 168 501 large-vehicle 0.3910
156 516 166 500 202 521 192 537 large-vehicle 0.3753
317 425 329 409 366 437 353 453 large-vehicle 0.3726
156 448 167 434 197 457 187 471 large-vehicle 0.3412
276 486 288 470 320 495 309 511 large-vehicle 0.3402
288 258 302 267 283 295 269 286 large-vehicle 0.3381
247 177 259 163 288 186 277 201 large-vehicle 0.3337
365 206 379 217 354 247 340 236 large-vehicle 0.3230
256 301 266 286 299 308 289 323 large-vehicle 0.3164
363 364 374 348 408 371 397 387 large-vehicle 0.3090
261 370 271 355 301 377 291 391 large-vehicle 0.3046
238 330 248 315 282 338 272 353 large-vehicle 0.2833
231 548 243 536 270 561 259 573 large-vehicle 0.2818
298 455 309 440 342 466 330 481 large-vehicle 0.2795
243 531 257 516 286 544 272 559 large-vehicle 0.2793
261 498 273 482 308 508 296 524 large-vehicle 0.2528
89 398 100 384 131 407 120 422 large-vehicle 0.2422
174 486 184 471 216 492 206 508 large-vehicle 0.2393
58 444 67 430 100 451 90 465 large-vehicle 0.2315
239 398 249 384 280 406 269 420 large-vehicle 0.2179
280 338 290 325 318 346 308 360 large-vehicle 0.2115
287 471 298 458 329 481 318 494 large-vehicle 0.2084
231 347 241 333 268 353 259 366 large-vehicle 0.2065
423 254 436 266 410 293 397 282 large-vehicle 0.1848
131 342 140 327 172 345 163 360 large-vehicle 0.1768
111 369 121 356 149 376 139 390 large-vehicle 0.1607
68 429 78 415 107 435 97 450 large-vehicle 0.1512
332 681 342 668 370 689 361 701 large-vehicle 0.1399
220 559 230 548 264 577 255 588 large-vehicle 0.1257
181 269 190 254 221 273 212 287 large-vehicle 0.1171
230 410 241 398 264 419 253 431 large-vehicle 0.1085
163 295 175 283 198 305 186 317 large-vehicle 0.1037
