1697 1197 1695 1174 1757 1169 1759 1193 small-vehicle 0.2877
1446 1357 1444 1330 1512 1326 1514 1353 small-vehicle 0.2642
540 718 568 717 571 774 542 776 small-vehicle 0.2640
1591 1347 1590 1325 1633 1324 1633 1347 small-vehicle 0.2530
2054 858 2078 855 2085 918 2061 921 small-vehicle 0.2499
2027 493 2039 471 2086 495 2075 518 small-vehicle 0.2453
1526 1349 1525 1326 1568 1324 1569 1347 small-vehicle 0.2403
385 695 386 672 433 673 432 696 small-vehicle 0.2221
1702 1341 1705 1316 1765 1322 1762 1348 small-vehicle 0.2187
541 809 568 808 569 858 541 858 small-vehicle 0.2004
1811 498 1812 475 1863 475 1863 498 small-vehicle 0.2002
1265 1266 1264 1245 1330 1241 1331 1262 small-vehicle 0.1937
334 911 332 888 384 884 386 907 small-vehicle 0.1893
383 628 382 606 430 603 432 625 small-vehicle 0.1833
303 698 303 677 344 677 344 698 small-vehicle 0.1822
536 666 562 664 564 709 539 710 small-vehicle 0.1791
390 762 392 740 435 745 433 766 small-vehicle 0.1776
1554 1171 1575 1171 1575 1208 1554 1208 small-vehicle 0.1765
991 1248 1010 1240 1024 1273 1006 1281 small-vehicle 0.1704
1679 1384 1680 1364 1722 1366 1721 1385 small-vehicle 0.1687
1534 1173 1554 1171 1556 1207 1536 1208 small-vehicle 0.1680
1207 1358 1208 1339 1259 1340 1259 1359 small-vehicle 0.1618
1517 1171 1536 1170 1538 1205 1519 1206 small-vehicle 0.1607
1228 1216 1226 1185 1320 1179 1322 1209 small-vehicle 0.1566
530 599 554 595 562 644 538 648 small-vehicle 0.1562
888 1263 894 1244 936 1256 930 1276 small-vehicle 0.1557
302 665 302 645 343 645 343 665 small-vehicle 0.1545
808 1393 814 1368 871 1382 865 1408 small-vehicle 0.1532
300 619 306 600 343 613 337 631 small-vehicle 0.1513
1815 559 1813 539 1860 534 1862 554 small-vehicle 0.1510
538 886 560 878 573 917 551 924 small-vehicle 0.1458
803 1225 805 1205 847 1209 845 1230 small-vehicle 0.1457
707 1269 706 1252 746 1250 747 1267 small-vehicle 0.1443
1812 535 1812 514 1860 514 1860 534 small-vehicle 0.1396
108 1215 106 1187 191 1184 192 1211 small-vehicle 0.1381
1799 338 1814 349 1789 385 1773 374 small-vehicle 0.1378
308 767 307 746 346 744 347 765 small-vehicle 0.1353
1982 1198 2003 1191 2016 1230 1996 1237 small-vehicle 0.1350
1608 1204 1607 1174 1687 1173 1688 1203 small-vehicle 0.1324
1017 1268 1027 1254 1057 1273 1048 1287 small-vehicle 0.1262
777 1261 788 1248 814 1270 804 1283 small-vehicle 0.1257
2068 1345 2092 1344 2095 1391 2072 1393 small-vehicle 0.1231
216 1215 214 1187 294 1180 297 1208 small-vehicle 0.1213
11 455 23 441 48 462 35 476 small-vehicle 0.1180
801 1261 807 1244 844 1258 838 1274 small-vehicle 0.1160
858 1030 880 1026 890 1080 868 1084 small-vehicle 0.1159
55 998 53 983 84 980 85 996 small-vehicle 0.1158
1762 21 1776 8 1801 36 1787 49 small-vehicle 0.1152
2036 550 2037 528 2074 530 2073 552 small-vehicle 0.1150
1345 1263 1346 1242 1400 1242 1400 1263 small-vehicle 0.1139
2057 928 2087 926 2094 1032 2065 1034 small-vehicle 0.1137
50 951 51 935 83 936 82 952 small-vehicle 0.1118
49 902 51 886 83 889 81 905 small-vehicle 0.1104
321 1063 321 1032 408 1029 409 1061 small-vehicle 0.1084
1825 349 1840 358 1816 396 1802 387 small-vehicle 0.1082
793 1378 811 1370 826 1406 808 1414 small-vehicle 0.1078
860 543 873 532 893 558 880 568 small-vehicle 0.1063
58 1090 57 1076 87 1073 88 1087 small-vehicle 0.1053
1360 1329 1359 1312 1405 1310 1406 1327 small-vehicle 0.1045
707 1226 706 1197 789 1195 790 1223 small-vehicle 0.1033
2059 1129 2088 1126 2098 1231 2068 1234 small-vehicle 0.1033
1298 68 1309 55 1334 76 1323 89 small-vehicle 0.1027
2061 304 2071 291 2098 312 2088 325 small-vehicle 0.1021
57 1042 56 1028 86 1025 88 1039 small-vehicle 0.1002
323 836 321 814 371 808 374 830 small-vehicle 0.1001
1346 1210 1344 1183 1431 1177 1433 1203 small-vehicle 0.1001
1460 938 1491 938 1491 1073 1460 1074 large-vehicle 0.6054
1426 940 1452 940 1452 1061 1427 1061 large-vehicle 0.5115
1357 944 1383 944 1384 1057 1357 1058 large-vehicle 0.4936
1315 947 1341 947 1341 1038 1315 1038 large-vehicle 0.4838
787 976 811 977 810 1063 786 1063 large-vehicle 0.4614
1230 1215 1227 1186 1324 1179 1326 1208 large-vehicle 0.4247
1820 698 1819 673 1899 668 1900 694 large-vehicle 0.3922
304 547 303 521 416 516 417 543 large-vehicle 0.3657
1817 629 1816 607 1891 604 1892 627 large-vehicle 0.3628
1545 936 1573 936 1578 1083 1549 1084 large-vehicle 0.3596
1817 741 1817 711 1926 708 1927 738 large-vehicle 0.3589
719 975 744 975 743 1064 719 1064 large-vehicle 0.3540
893 960 913 959 915 1040 895 1041 large-vehicle 0.3524
925 958 946 957 950 1038 929 1039 large-vehicle 0.3367
321 1063 321 1032 408 1029 409 1061 large-vehicle 0.3332
1095 935 1120 934 1126 1095 1101 1096 large-vehicle 0.3292
1689 938 1713 938 1712 1025 1687 1024 large-vehicle 0.3289
1060 957 1083 956 1088 1050 1064 1051 large-vehicle 0.3280
824 968 848 968 849 1053 824 1054 large-vehicle 0.3199
754 973 778 974 775 1063 750 1062 large-vehicle 0.3155
960 957 982 957 984 1039 961 1040 large-vehicle 0.3137
295 137 295 112 420 110 420 135 large-vehicle 0.3129
1508 972 1534 971 1538 1095 1512 1095 large-vehicle 0.3057
1818 664 1817 640 1894 636 1895 659 large-vehicle 0.3052
295 107 294 80 418 76 419 102 large-vehicle 0.3019
1722 939 1747 938 1752 1031 1727 1032 large-vehicle 0.3000
1285 949 1308 949 1306 1032 1283 1032 large-vehicle 0.2856
1229 957 1252 956 1256 1040 1232 1041 large-vehicle 0.2751
1162 951 1186 949 1190 1035 1166 1036 large-vehicle 0.2678
299 483 298 456 414 450 416 477 large-vehicle 0.2665
710 1224 710 1196 795 1196 795 1224 large-vehicle 0.2626
1346 1210 1344 1183 1431 1177 1433 1203 large-vehicle 0.2476
1025 952 1050 951 1053 1080 1028 1080 large-vehicle 0.2450
295 234 295 213 365 210 366 231 large-vehicle 0.2414
108 1215 106 1187 191 1184 192 1211 large-vehicle 0.2406
1584 950 1608 949 1614 1078 1590 1079 large-vehicle 0.2393
2058 931 2087 929 2093 1034 2065 1036 large-vehicle 0.2387
218 1214 216 1187 298 1180 301 1207 large-vehicle 0.2356
296 170 295 145 421 140 422 165 large-vehicle 0.2333
995 955 1020 954 1022 1075 996 1075 large-vehicle 0.2291
1649 942 1672 940 1677 1024 1653 1025 large-vehicle 0.2266
1747 940 1770 938 1775 1023 1752 1024 large-vehicle 0.2258
861 1224 860 1195 954 1193 955 1223 large-vehicle 0.2244
1608 1204 1607 1174 1687 1173 1688 1203 large-vehicle 0.2242
304 514 303 487 418 483 419 510 large-vehicle 0.2168
1824 781 1821 754 1912 745 1915 771 large-vehicle 0.2079
295 202 295 176 421 173 421 199 large-vehicle 0.2022
295 264 294 244 364 241 365 261 large-vehicle 0.1960
735 87 765 86 767 216 737 217 large-vehicle 0.1944
1619 936 1640 936 1641 1011 1620 1011 large-vehicle 0.1905
2059 1129 2088 1126 2098 1231 2068 1234 large-vehicle 0.1887
860 1005 883 1003 888 1080 865 1082 large-vehicle 0.1883
1838 913 1837 886 1940 883 1940 910 large-vehicle 0.1808
299 386 297 364 368 357 370 380 large-vehicle 0.1792
1820 597 1817 573 1892 564 1895 588 large-vehicle 0.1788
838 1356 838 1326 986 1327 985 1357 large-vehicle 0.1763
297 303 296 280 367 277 368 300 large-vehicle 0.1749
297 352 295 329 359 325 361 348 large-vehicle 0.1681
1252 959 1275 957 1280 1038 1257 1039 large-vehicle 0.1453
1265 1266 1264 1245 1330 1241 1331 1262 large-vehicle 0.1449
1826 883 1826 858 1914 859 1913 884 large-vehicle 0.1414
1418 62 1449 62 1451 203 1421 204 large-vehicle 0.1290
328 1139 328 1115 453 1117 452 1141 large-vehicle 0.1288
1702 1340 1706 1314 1768 1322 1764 1348 large-vehicle 0.1209
324 836 321 814 378 807 380 830 large-vehicle 0.1120
2054 858 2078 855 2085 918 2061 921 large-vehicle 0.1109
1697 1197 1695 1174 1757 1169 1759 1193 large-vehicle 0.1095
1346 1261 1347 1241 1401 1243 1400 1263 large-vehicle 0.1092
1185 950 1210 949 1213 1031 1189 1032 large-vehicle 0.1067
1446 1357 1444 1330 1512 1326 1514 1353 large-vehicle 0.1032
1303 84 1330 83 1335 197 1309 198 large-vehicle 0.1028
891 1268 893 1246 963 1252 962 1273 large-vehicle 0.1019
1381 946 1406 946 1409 1056 1384 1057 large-vehicle 0.1002
1697 1197 1695 1174 1757 1169 1759 1193 ship 0.1092
1460 938 1491 938 1491 1073 1460 1074 tennis-court 0.1102
1761 22 1775 8 1802 35 1789 48 storage-tank 0.1151
