1187 599 1201 611 1172 645 1158 633 small-vehicle 0.6199
347 832 366 845 337 886 318 873 small-vehicle 0.6185
1137 616 1123 600 1160 566 1175 582 small-vehicle 0.6004
598 936 614 949 580 992 563 979 small-vehicle 0.5627
631 883 649 896 618 938 600 925 small-vehicle 0.5594
473 792 490 803 465 842 448 831 small-vehicle 0.5292
1236 652 1252 664 1227 697 1212 686 small-vehicle 0.5214
458 773 474 785 446 822 430 810 small-vehicle 0.5123
504 935 520 947 486 993 470 981 small-vehicle 0.5092
513 871 531 881 504 928 486 918 small-vehicle 0.5083
452 734 471 747 441 793 422 779 small-vehicle 0.5053
1072 498 1083 509 1057 535 1046 524 small-vehicle 0.4951
881 444 898 455 874 493 856 481 small-vehicle 0.4948
481 917 500 930 468 976 449 962 small-vehicle 0.4926
321 819 340 836 308 873 289 857 small-vehicle 0.4897
922 376 936 387 914 417 899 406 small-vehicle 0.4876
696 220 711 229 692 260 677 251 small-vehicle 0.4869
502 797 519 810 490 851 472 838 small-vehicle 0.4869
205 571 225 585 193 632 172 618 small-vehicle 0.4771
85 585 95 570 124 591 114 606 small-vehicle 0.4629
251 676 268 689 237 731 220 718 small-vehicle 0.4588
1135 554 1149 567 1121 598 1107 585 small-vehicle 0.4548
903 462 918 472 893 506 879 496 small-vehicle 0.4544
523 951 541 965 507 1010 489 996 small-vehicle 0.4524
769 270 781 281 757 308 745 298 small-vehicle 0.4446
655 27 669 8 713 42 699 60 small-vehicle 0.4433
214 617 234 632 207 667 188 653 small-vehicle 0.4418
630 171 644 181 624 209 610 199 small-vehicle 0.4402
129 677 150 690 121 735 100 721 small-vehicle 0.4390
277 636 293 647 268 684 252 673 small-vehicle 0.4382
558 902 575 913 546 958 528 947 small-vehicle 0.4352
1222 735 1235 717 1277 750 1264 768 small-vehicle 0.4326
434 897 451 911 419 951 402 937 small-vehicle 0.4292
889 351 902 360 880 393 866 383 small-vehicle 0.4262
491 853 511 866 478 914 458 901 small-vehicle 0.4179
388 739 404 750 378 787 363 777 small-vehicle 0.4154
647 909 665 922 635 960 618 947 small-vehicle 0.4152
1221 630 1238 641 1211 680 1195 669 small-vehicle 0.4109
1021 446 1037 458 1011 491 996 479 small-vehicle 0.4099
427 818 443 833 412 866 396 851 small-vehicle 0.4064
261 614 280 628 248 671 229 656 small-vehicle 0.4031
1116 537 1130 548 1104 580 1090 568 small-vehicle 0.4025
1204 616 1218 628 1190 663 1175 651 small-vehicle 0.4020
598 846 616 860 579 906 562 892 small-vehicle 0.4012
871 340 883 349 860 381 847 371 small-vehicle 0.3996
579 998 596 1012 561 1057 543 1043 small-vehicle 0.3900
422 781 438 793 405 834 390 822 small-vehicle 0.3883
707 359 727 372 702 414 681 401 small-vehicle 0.3836
582 915 598 928 563 971 547 958 small-vehicle 0.3832
981 630 1001 607 1049 647 1029 670 small-vehicle 0.3821
745 249 761 261 736 297 719 285 small-vehicle 0.3820
796 289 810 299 787 332 774 322 small-vehicle 0.3778
458 909 475 921 447 961 430 950 small-vehicle 0.3774
1039 467 1051 478 1026 507 1014 497 small-vehicle 0.3768
352 234 372 247 346 287 326 274 small-vehicle 0.3750
1098 520 1113 532 1088 564 1073 553 small-vehicle 0.3685
1194 814 1205 795 1252 824 1240 843 small-vehicle 0.3657
581 135 594 143 573 174 561 166 small-vehicle 0.3610
573 834 590 846 557 891 539 878 small-vehicle 0.3608
525 808 543 819 517 862 499 851 small-vehicle 0.3534
922 475 936 485 913 517 899 507 small-vehicle 0.3516
409 887 426 899 400 936 383 924 small-vehicle 0.3508
274 733 291 744 268 780 251 769 small-vehicle 0.3479
564 123 577 133 554 162 541 153 small-vehicle 0.3398
550 821 566 832 534 877 518 865 small-vehicle 0.3378
410 747 428 757 405 798 387 788 small-vehicle 0.3320
1216 780 1228 762 1267 787 1256 806 small-vehicle 0.3303
360 732 378 745 348 791 330 778 small-vehicle 0.3292
1052 481 1064 490 1041 518 1029 509 small-vehicle 0.3269
111 550 121 536 153 559 142 573 small-vehicle 0.3251
192 709 211 725 175 771 155 755 small-vehicle 0.3250
905 361 919 371 897 402 883 393 small-vehicle 0.3188
799 26 811 13 839 37 828 50 small-vehicle 0.3173
303 692 320 705 292 744 275 731 small-vehicle 0.3083
853 331 865 341 841 370 829 360 small-vehicle 0.3025
813 302 827 311 806 344 792 335 small-vehicle 0.3017
949 401 965 409 949 440 933 431 small-vehicle 0.2985
783 279 794 290 768 317 756 306 small-vehicle 0.2933
542 885 559 899 524 940 508 926 small-vehicle 0.2933
342 721 357 733 327 769 312 756 small-vehicle 0.2928
460 848 478 858 450 907 432 897 small-vehicle 0.2905
544 967 561 980 527 1024 510 1011 small-vehicle 0.2852
840 322 852 331 831 359 819 349 small-vehicle 0.2810
380 786 399 797 373 843 354 832 small-vehicle 0.2752
356 782 373 794 347 830 330 818 small-vehicle 0.2621
637 272 649 280 630 310 618 302 small-vehicle 0.2606
267 784 282 796 257 829 242 818 small-vehicle 0.2480
1182 837 1195 816 1238 845 1224 865 small-vehicle 0.2467
389 688 410 701 377 754 356 741 small-vehicle 0.2370
440 841 456 851 426 897 410 886 small-vehicle 0.2313
294 746 312 758 287 796 269 783 small-vehicle 0.2307
622 269 634 277 616 305 604 297 small-vehicle 0.2257
596 148 607 156 588 183 577 176 small-vehicle 0.2218
285 794 301 806 274 842 258 830 small-vehicle 0.2212
225 664 242 676 209 722 192 710 small-vehicle 0.2045
732 1103 756 1117 720 1174 697 1160 small-vehicle 0.1924
1206 796 1218 778 1256 804 1245 821 small-vehicle 0.1904
864 1072 879 1085 846 1124 831 1111 small-vehicle 0.1775
667 951 691 967 657 1019 633 1003 small-vehicle 0.1774
932 256 948 234 1004 276 987 298 small-vehicle 0.1760
161 631 181 644 150 691 130 679 small-vehicle 0.1693
1039 935 1060 950 1024 1000 1003 985 small-vehicle 0.1547
777 1003 793 1017 748 1071 731 1057 small-vehicle 0.1515
869 1203 885 1216 854 1256 838 1243 small-vehicle 0.1472
823 919 838 922 832 950 818 947 small-vehicle 0.1463
574 230 586 238 569 264 557 256 small-vehicle 0.1454
814 1178 835 1183 826 1217 805 1211 small-vehicle 0.1437
558 982 576 994 544 1040 526 1028 small-vehicle 0.1378
673 205 687 212 674 241 660 234 small-vehicle 0.1344
714 231 728 239 711 268 697 260 small-vehicle 0.1278
312 754 330 766 305 803 287 791 small-vehicle 0.1261
602 249 616 253 606 285 592 281 small-vehicle 0.1208
752 988 770 1002 730 1051 712 1036 small-vehicle 0.1198
850 26 860 14 893 42 883 55 small-vehicle 0.1173
221 376 236 389 203 426 188 414 small-vehicle 0.1129
649 282 663 286 651 319 638 314 small-vehicle 0.1101
838 1055 856 1069 819 1120 800 1106 small-vehicle 0.1075
405 103 418 110 400 142 387 134 small-vehicle 0.1034
598 936 614 949 580 992 563 979 large-vehicle 0.5137
668 954 688 968 656 1016 635 1003 large-vehicle 0.5025
598 846 616 860 579 906 562 892 large-vehicle 0.4816
932 255 948 235 1002 276 986 297 large-vehicle 0.4545
546 969 564 985 525 1028 507 1012 large-vehicle 0.4421
733 1105 754 1118 719 1172 698 1158 large-vehicle 0.4391
205 571 225 585 193 632 172 618 large-vehicle 0.4337
1137 616 1123 600 1160 566 1175 582 large-vehicle 0.4267
983 629 1002 608 1049 648 1031 670 large-vehicle 0.4223
452 734 471 747 441 793 422 779 large-vehicle 0.4167
788 1024 811 1038 770 1105 746 1091 large-vehicle 0.3947
655 27 669 8 713 42 699 60 large-vehicle 0.3926
491 854 511 867 479 916 459 903 large-vehicle 0.3843
523 951 541 965 507 1010 489 996 large-vehicle 0.3811
818 1117 840 1130 799 1198 777 1185 large-vehicle 0.3799
745 984 768 998 730 1061 707 1048 large-vehicle 0.3718
582 915 598 928 563 971 547 958 large-vehicle 0.3512
612 994 634 1009 586 1077 565 1062 large-vehicle 0.3484
579 998 596 1012 561 1057 543 1043 large-vehicle 0.3483
558 902 575 913 546 958 528 947 large-vehicle 0.3394
235 910 248 893 321 947 308 964 large-vehicle 0.3252
321 819 340 836 308 873 289 857 large-vehicle 0.3243
631 883 649 896 618 938 600 925 large-vehicle 0.3224
513 871 531 881 504 928 486 918 large-vehicle 0.3163
178 654 204 671 153 754 127 737 large-vehicle 0.3160
880 1088 901 1103 852 1172 832 1157 large-vehicle 0.3131
550 821 566 832 534 877 518 865 large-vehicle 0.3131
504 935 520 947 486 993 470 981 large-vehicle 0.3121
474 1083 486 1067 546 1111 535 1127 large-vehicle 0.3119
261 614 280 628 248 671 229 656 large-vehicle 0.3100
161 631 181 644 150 691 130 679 large-vehicle 0.3054
727 960 749 974 706 1041 684 1027 large-vehicle 0.2988
389 688 410 701 377 754 356 741 large-vehicle 0.2985
650 1021 671 1036 631 1093 609 1078 large-vehicle 0.2966
777 1003 793 1017 748 1071 731 1057 large-vehicle 0.2963
460 848 478 858 450 907 432 897 large-vehicle 0.2916
129 677 150 690 121 735 100 721 large-vehicle 0.2867
569 834 587 845 557 896 538 885 large-vehicle 0.2857
225 664 242 676 209 722 192 710 large-vehicle 0.2787
649 911 666 926 634 963 617 948 large-vehicle 0.2747
192 709 211 725 175 771 155 755 large-vehicle 0.2703
360 732 378 745 348 791 330 778 large-vehicle 0.2678
558 982 576 994 544 1040 526 1028 large-vehicle 0.2666
352 234 372 247 346 287 326 274 large-vehicle 0.2664
251 676 268 689 237 731 220 718 large-vehicle 0.2633
838 1056 856 1070 819 1120 800 1106 large-vehicle 0.2624
789 1116 809 1131 757 1200 737 1185 large-vehicle 0.2620
673 1038 695 1053 652 1113 631 1098 large-vehicle 0.2600
480 919 499 931 470 978 450 966 large-vehicle 0.2591
1187 599 1201 611 1172 645 1158 633 large-vehicle 0.2490
347 832 366 845 337 886 318 873 large-vehicle 0.2455
380 786 399 797 373 843 354 832 large-vehicle 0.2359
502 797 519 810 490 851 472 838 large-vehicle 0.2273
440 841 456 851 426 897 410 886 large-vehicle 0.2193
525 808 543 819 517 862 499 851 large-vehicle 0.2064
539 886 555 899 523 941 506 928 large-vehicle 0.2051
298 567 313 547 365 584 350 605 large-vehicle 0.2014
434 897 451 911 419 951 402 937 large-vehicle 0.1986
304 695 321 708 291 746 274 733 large-vehicle 0.1962
714 935 734 950 687 1016 666 1001 large-vehicle 0.1934
473 792 490 803 465 842 448 831 large-vehicle 0.1932
707 359 727 372 702 414 681 401 large-vehicle 0.1839
459 911 477 925 444 965 427 951 large-vehicle 0.1720
422 781 438 793 405 834 390 822 large-vehicle 0.1716
1221 630 1238 641 1211 680 1195 669 large-vehicle 0.1635
897 1114 912 1122 880 1182 866 1174 large-vehicle 0.1609
1204 616 1218 628 1190 663 1175 651 large-vehicle 0.1593
458 773 474 785 446 822 430 810 large-vehicle 0.1560
705 1045 731 1064 678 1137 651 1118 large-vehicle 0.1552
864 1072 879 1085 846 1124 831 1111 large-vehicle 0.1497
214 617 234 632 207 667 188 653 large-vehicle 0.1497
769 270 781 281 757 308 745 298 large-vehicle 0.1451
356 782 373 794 347 830 330 818 large-vehicle 0.1428
409 887 426 899 400 936 383 924 large-vehicle 0.1381
267 784 282 796 257 829 242 818 large-vehicle 0.1339
745 249 761 261 736 297 719 285 large-vehicle 0.1327
277 636 293 647 268 684 252 673 large-vehicle 0.1309
850 26 860 14 893 42 883 55 large-vehicle 0.1286
1236 652 1252 664 1227 697 1212 686 large-vehicle 0.1261
342 721 357 733 327 769 312 756 large-vehicle 0.1257
881 444 898 455 874 493 856 481 large-vehicle 0.1227
1039 935 1060 950 1024 1000 1003 985 large-vehicle 0.1185
274 733 291 744 268 780 251 769 large-vehicle 0.1164
285 794 301 806 274 842 258 830 large-vehicle 0.1153
413 745 430 755 406 794 389 783 large-vehicle 0.1139
1222 735 1235 717 1277 750 1264 768 large-vehicle 0.1116
1214 372 1222 364 1249 391 1241 399 large-vehicle 0.1106
221 375 237 387 206 427 191 415 large-vehicle 0.1052
1187 599 1201 611 1172 645 1158 633 ship 0.1413
1137 616 1123 600 1160 566 1175 582 ship 0.1070
903 462 918 472 893 506 879 496 ship 0.1044
