55 507 101 510 93 640 47 637 ground-track-field 0.1644
793 775 815 775 815 826 792 825 small-vehicle 0.4122
586 758 607 759 605 811 584 810 small-vehicle 0.3890
506 751 525 752 525 805 505 805 small-vehicle 0.3873
251 802 251 782 296 782 296 802 small-vehicle 0.3770
477 753 498 753 498 809 476 809 small-vehicle 0.3738
272 413 274 391 326 395 324 417 small-vehicle 0.3655
800 949 820 950 817 994 797 993 small-vehicle 0.3629
1130 518 1153 519 1149 573 1126 571 small-vehicle 0.3614
1364 752 1383 753 1379 796 1361 795 small-vehicle 0.3445
768 822 788 822 788 867 768 867 small-vehicle 0.3292
1417 755 1437 757 1434 796 1414 795 small-vehicle 0.3267
263 671 262 650 308 646 310 667 small-vehicle 0.3196
664 764 685 762 689 813 667 815 small-vehicle 0.3173
558 759 579 761 575 810 554 808 small-vehicle 0.3143
610 820 631 823 626 862 605 860 small-vehicle 0.3129
103 802 125 803 123 853 101 852 small-vehicle 0.3089
428 741 448 742 445 795 425 794 small-vehicle 0.3045
950 837 969 838 967 882 948 881 small-vehicle 0.3025
251 771 251 750 296 752 296 772 small-vehicle 0.3018
350 929 370 928 370 975 351 975 small-vehicle 0.3002
1312 748 1331 750 1327 794 1308 792 small-vehicle 0.2992
180 722 203 721 205 773 182 774 small-vehicle 0.2894
692 822 712 821 713 860 693 861 small-vehicle 0.2856
816 835 834 834 837 874 819 875 small-vehicle 0.2851
931 618 931 597 985 597 985 617 small-vehicle 0.2849
840 832 857 832 857 872 839 872 small-vehicle 0.2844
616 759 637 760 634 812 613 811 small-vehicle 0.2821
408 256 409 236 449 237 448 258 small-vehicle 0.2788
749 948 767 947 767 990 749 990 small-vehicle 0.2729
907 955 927 956 925 1004 905 1003 small-vehicle 0.2725
661 825 681 824 682 870 661 870 small-vehicle 0.2712
1446 877 1466 879 1462 925 1442 923 small-vehicle 0.2685
872 832 890 835 884 876 866 873 small-vehicle 0.2615
928 784 947 785 944 829 926 828 small-vehicle 0.2508
409 307 410 289 447 291 446 309 small-vehicle 0.2493
924 835 943 837 939 878 920 876 small-vehicle 0.2459
478 818 500 819 498 875 475 874 small-vehicle 0.2444
283 254 283 235 328 236 328 254 small-vehicle 0.2443
891 834 909 836 904 878 885 876 small-vehicle 0.2427
699 937 717 939 713 977 695 976 small-vehicle 0.2408
903 781 921 782 919 823 901 822 small-vehicle 0.2396
404 363 404 345 443 345 443 363 small-vehicle 0.2345
881 783 898 782 899 822 882 822 small-vehicle 0.2339
772 948 790 948 788 990 770 989 small-vehicle 0.2328
722 939 741 941 738 982 720 981 small-vehicle 0.2323
1495 764 1513 766 1510 808 1492 806 small-vehicle 0.2291
374 726 394 726 393 769 372 768 small-vehicle 0.2283
955 787 973 787 973 825 955 825 small-vehicle 0.2278
641 941 658 938 663 974 647 976 small-vehicle 0.2271
1219 856 1239 857 1234 911 1214 909 small-vehicle 0.2259
956 953 973 955 967 1004 950 1002 small-vehicle 0.2252
1279 747 1299 746 1299 787 1279 788 small-vehicle 0.2246
299 925 321 929 314 969 293 965 small-vehicle 0.2246
1421 874 1439 876 1435 914 1417 912 small-vehicle 0.2233
620 940 637 939 638 975 621 975 small-vehicle 0.2161
405 347 405 329 444 330 444 347 small-vehicle 0.2150
1002 836 1023 838 1019 878 999 876 small-vehicle 0.2100
401 723 421 725 416 779 395 777 small-vehicle 0.2059
978 838 996 838 995 876 977 876 small-vehicle 0.2037
200 401 199 382 238 378 239 398 small-vehicle 0.2017
987 953 1005 954 1002 1001 984 999 small-vehicle 0.2003
775 770 794 774 787 813 768 810 small-vehicle 0.1999
401 388 401 369 447 370 447 389 small-vehicle 0.1903
561 817 578 819 574 861 557 859 small-vehicle 0.1866
531 814 549 815 547 857 529 856 small-vehicle 0.1857
290 200 290 182 329 182 329 201 small-vehicle 0.1853
452 811 473 814 468 867 446 865 small-vehicle 0.1824
223 189 242 191 238 230 218 228 small-vehicle 0.1824
406 328 408 310 447 315 445 333 small-vehicle 0.1814
997 571 996 551 1033 551 1033 571 small-vehicle 0.1791
280 360 279 343 322 341 323 359 small-vehicle 0.1787
1391 755 1410 757 1407 795 1388 793 small-vehicle 0.1708
989 791 1006 793 1002 829 985 827 small-vehicle 0.1688
395 787 421 789 414 853 389 850 small-vehicle 0.1647
46 377 69 377 68 422 46 422 small-vehicle 0.1570
283 308 284 291 319 292 318 309 small-vehicle 0.1512
1340 756 1359 756 1358 795 1339 795 small-vehicle 0.1508
858 827 875 830 869 866 852 864 small-vehicle 0.1507
90 862 112 862 113 900 91 900 small-vehicle 0.1490
291 177 291 159 331 159 331 177 small-vehicle 0.1483
458 754 479 756 474 801 453 799 small-vehicle 0.1451
1007 790 1026 794 1020 830 1001 827 small-vehicle 0.1414
267 568 267 550 314 550 314 569 small-vehicle 0.1344
1030 786 1057 787 1052 863 1025 861 small-vehicle 0.1310
1157 864 1178 864 1178 906 1158 906 small-vehicle 0.1271
1354 89 1358 71 1393 78 1390 96 small-vehicle 0.1237
533 591 532 573 563 571 564 589 small-vehicle 0.1224
428 804 449 807 442 861 421 859 small-vehicle 0.1208
363 769 390 770 386 857 359 856 small-vehicle 0.1183
538 757 557 759 552 801 533 798 small-vehicle 0.1152
522 653 523 635 556 637 555 654 small-vehicle 0.1144
653 954 668 947 682 981 668 987 small-vehicle 0.1117
640 824 659 826 656 864 637 863 small-vehicle 0.1109
269 918 288 917 290 952 271 953 small-vehicle 0.1088
328 928 348 928 347 969 327 969 small-vehicle 0.1074
186 530 186 508 224 509 223 531 small-vehicle 0.1066
288 226 289 208 328 210 327 227 small-vehicle 0.1041
686 52 690 41 716 51 711 62 small-vehicle 0.1037
678 950 694 946 702 981 686 984 small-vehicle 0.1031
506 751 525 752 525 805 505 805 large-vehicle 0.1815
55 507 101 510 93 640 47 637 large-vehicle 0.1709
395 787 421 789 414 853 389 850 large-vehicle 0.1674
363 769 390 770 386 857 359 856 large-vehicle 0.1586
478 818 500 819 498 875 475 874 large-vehicle 0.1462
428 741 448 742 445 795 425 794 large-vehicle 0.1396
103 802 125 803 123 853 101 852 large-vehicle 0.1163
401 723 421 725 416 779 395 777 large-vehicle 0.1062
1219 856 1239 857 1234 911 1214 909 large-vehicle 0.1009
394 788 420 790 415 855 389 853 ship 0.2392
452 811 473 814 468 867 446 865 ship 0.2070
428 804 449 807 442 861 421 859 ship 0.1662
363 771 391 773 385 858 357 856 ship 0.1574
1027 783 1061 784 1057 893 1023 892 ship 0.1558
428 741 448 742 445 795 425 794 ship 0.1542
478 818 500 819 498 875 475 874 ship 0.1536
55 507 101 510 93 640 47 637 ship 0.1412
506 751 525 752 525 805 505 805 ship 0.1085
55 507 101 510 93 640 47 637 swimming-pool 0.3300
395 787 421 789 414 853 389 850 helicopter 0.1351
363 771 391 773 385 858 357 856 helicopter 0.1322
