812 1076 803 996 906 984 915 1063 plane 0.2522
1271 304 1288 296 1306 335 1289 343 plane 0.1337
1460 1703 1479 1690 1510 1733 1492 1747 small-vehicle 0.1886
584 2035 572 2015 614 1990 626 2010 small-vehicle 0.1858
1138 1963 1154 1951 1182 1988 1167 2000 small-vehicle 0.1830
1229 1883 1247 1870 1274 1910 1256 1922 small-vehicle 0.1759
1217 1058 1238 1066 1222 1114 1201 1107 small-vehicle 0.1758
1200 1908 1218 1896 1245 1934 1227 1947 small-vehicle 0.1701
723 1354 736 1340 767 1369 753 1384 small-vehicle 0.1697
559 1776 546 1759 583 1730 597 1747 small-vehicle 0.1692
1436 1725 1454 1713 1481 1755 1464 1767 small-vehicle 0.1685
616 2092 606 2073 647 2052 657 2070 small-vehicle 0.1683
663 1940 649 1922 688 1893 702 1911 small-vehicle 0.1683
1365 1222 1356 1202 1400 1183 1409 1203 small-vehicle 0.1680
1535 881 1552 869 1580 907 1562 919 small-vehicle 0.1658
587 384 602 367 641 401 626 419 small-vehicle 0.1647
711 1367 725 1355 753 1387 739 1399 small-vehicle 0.1640
1164 2117 1160 2095 1208 2088 1211 2110 small-vehicle 0.1629
1093 878 1099 856 1142 868 1136 890 small-vehicle 0.1627
437 1800 426 1780 468 1756 480 1776 small-vehicle 0.1612
675 1962 661 1945 698 1913 713 1930 small-vehicle 0.1607
544 1744 534 1726 575 1704 584 1722 small-vehicle 0.1607
1319 1086 1339 1087 1338 1133 1318 1132 small-vehicle 0.1600
1046 1107 1063 1098 1081 1135 1064 1144 small-vehicle 0.1586
1264 1862 1282 1850 1309 1891 1290 1903 small-vehicle 0.1580
926 944 932 924 976 937 970 957 small-vehicle 0.1568
1115 703 1134 708 1123 748 1104 743 small-vehicle 0.1566
997 2068 1015 2057 1040 2096 1022 2107 small-vehicle 0.1564
961 753 982 752 983 793 963 794 small-vehicle 0.1556
1420 1485 1441 1478 1458 1528 1437 1535 small-vehicle 0.1555
946 681 949 661 996 669 993 689 small-vehicle 0.1546
1161 1947 1178 1934 1205 1970 1188 1983 small-vehicle 0.1534
1396 1333 1415 1317 1445 1352 1426 1368 small-vehicle 0.1529
545 1964 533 1945 573 1919 585 1938 small-vehicle 0.1511
731 1267 749 1260 766 1303 747 1310 small-vehicle 0.1507
1156 1890 1170 1877 1197 1907 1183 1920 small-vehicle 0.1502
987 743 982 722 1026 711 1031 731 small-vehicle 0.1499
689 1378 704 1368 728 1402 714 1412 small-vehicle 0.1497
588 1815 575 1798 611 1772 623 1789 small-vehicle 0.1496
1553 1794 1565 1774 1610 1802 1599 1821 small-vehicle 0.1485
789 1913 805 1898 838 1933 822 1948 small-vehicle 0.1484
198 296 217 305 195 349 177 339 small-vehicle 0.1482
749 1260 767 1253 782 1296 764 1302 small-vehicle 0.1477
987 1078 1004 1070 1022 1108 1004 1116 small-vehicle 0.1476
1388 1766 1406 1755 1431 1795 1413 1806 small-vehicle 0.1475
965 704 962 684 1004 678 1007 697 small-vehicle 0.1470
634 302 629 282 672 271 677 290 small-vehicle 0.1469
469 1841 455 1825 488 1796 501 1812 small-vehicle 0.1469
315 1127 302 1110 340 1080 354 1097 small-vehicle 0.1466
457 1826 443 1809 479 1781 493 1798 small-vehicle 0.1464
790 549 807 544 819 588 801 593 small-vehicle 0.1463
1515 1667 1533 1655 1561 1697 1543 1709 small-vehicle 0.1462
1327 1954 1346 1946 1366 1995 1346 2003 small-vehicle 0.1461
1402 1126 1396 1105 1443 1092 1449 1113 small-vehicle 0.1460
726 1515 736 1500 773 1524 763 1539 small-vehicle 0.1455
1302 1165 1320 1171 1305 1213 1287 1206 small-vehicle 0.1447
878 2013 897 2005 915 2051 896 2058 small-vehicle 0.1445
1068 2185 1065 2164 1109 2157 1113 2177 small-vehicle 0.1445
1309 1826 1326 1810 1365 1853 1349 1869 small-vehicle 0.1444
1454 1180 1449 1159 1492 1148 1497 1168 small-vehicle 0.1443
599 1839 585 1823 621 1793 635 1810 small-vehicle 0.1442
1064 787 1082 787 1082 831 1063 831 small-vehicle 0.1442
395 1235 385 1215 430 1194 440 1214 small-vehicle 0.1440
500 1895 487 1877 525 1850 538 1868 small-vehicle 0.1438
711 2022 701 2003 744 1982 753 2001 small-vehicle 0.1438
1319 1258 1315 1237 1358 1229 1362 1250 small-vehicle 0.1432
1595 1361 1590 1341 1632 1329 1638 1349 small-vehicle 0.1432
1211 881 1208 861 1249 855 1252 876 small-vehicle 0.1427
1531 1810 1542 1791 1587 1819 1576 1838 small-vehicle 0.1426
398 1836 393 1817 429 1807 434 1826 small-vehicle 0.1426
974 594 966 575 1004 558 1012 577 small-vehicle 0.1425
571 402 586 387 621 421 606 437 small-vehicle 0.1415
429 1778 418 1759 459 1735 470 1754 small-vehicle 0.1411
482 1862 469 1845 505 1816 518 1833 small-vehicle 0.1405
1143 762 1160 751 1180 785 1163 795 small-vehicle 0.1397
543 430 557 416 588 447 574 461 small-vehicle 0.1396
1036 2039 1052 2027 1080 2064 1065 2076 small-vehicle 0.1392
1283 1142 1301 1149 1287 1188 1269 1181 small-vehicle 0.1391
846 1189 864 1177 891 1219 873 1231 small-vehicle 0.1388
846 868 840 848 885 835 890 855 small-vehicle 0.1382
886 1155 906 1146 926 1189 907 1198 small-vehicle 0.1381
1735 1644 1756 1637 1770 1680 1748 1687 small-vehicle 0.1379
638 1901 624 1883 662 1852 676 1870 small-vehicle 0.1375
1442 1257 1461 1265 1443 1306 1424 1298 small-vehicle 0.1373
615 1671 629 1661 655 1698 641 1708 small-vehicle 0.1373
492 854 506 844 532 880 518 890 small-vehicle 0.1373
902 1209 918 1198 943 1235 927 1246 small-vehicle 0.1372
728 1832 742 1818 773 1852 759 1866 small-vehicle 0.1371
1356 1786 1372 1775 1401 1815 1384 1827 small-vehicle 0.1369
1125 1973 1140 1963 1166 2001 1151 2011 small-vehicle 0.1368
1642 1719 1661 1713 1675 1758 1655 1764 small-vehicle 0.1365
1241 1076 1260 1081 1249 1124 1230 1119 small-vehicle 0.1363
1190 1924 1206 1912 1230 1946 1214 1957 small-vehicle 0.1363
1073 896 1090 886 1110 921 1092 931 small-vehicle 0.1362
1056 869 1077 871 1073 912 1053 910 small-vehicle 0.1361
1731 1474 1748 1480 1732 1525 1714 1519 small-vehicle 0.1356
529 441 543 427 576 460 561 474 small-vehicle 0.1353
1422 1741 1438 1730 1463 1769 1446 1779 small-vehicle 0.1351
1645 1530 1665 1533 1656 1586 1637 1583 small-vehicle 0.1351
443 504 461 492 485 529 468 541 small-vehicle 0.1350
875 1470 870 1452 916 1439 922 1457 small-vehicle 0.1347
928 1191 945 1180 971 1218 953 1229 small-vehicle 0.1346
782 1318 795 1304 827 1333 814 1347 small-vehicle 0.1341
1382 1914 1401 1906 1421 1952 1402 1960 small-vehicle 0.1336
1455 1287 1475 1284 1480 1326 1460 1328 small-vehicle 0.1332
668 1326 685 1313 712 1348 694 1361 small-vehicle 0.1331
1584 1348 1576 1329 1618 1312 1626 1331 small-vehicle 0.1327
1004 753 1009 734 1050 745 1045 764 small-vehicle 0.1324
1017 1053 1034 1047 1046 1085 1029 1091 small-vehicle 0.1323
1011 1141 1024 1132 1044 1160 1031 1169 small-vehicle 0.1318
1659 1060 1682 1052 1698 1095 1674 1103 small-vehicle 0.1312
906 923 901 903 944 893 949 913 small-vehicle 0.1311
653 1712 670 1704 687 1739 670 1747 small-vehicle 0.1310
1011 637 1005 618 1047 603 1054 623 small-vehicle 0.1304
1403 1897 1421 1889 1441 1936 1423 1944 small-vehicle 0.1301
1752 1495 1771 1501 1754 1553 1734 1547 small-vehicle 0.1295
991 612 982 594 1018 577 1026 595 small-vehicle 0.1291
1556 646 1573 639 1587 678 1569 684 small-vehicle 0.1283
1661 1696 1680 1689 1698 1739 1679 1746 small-vehicle 0.1283
766 215 770 199 810 209 805 225 small-vehicle 0.1280
696 857 682 837 739 796 754 817 small-vehicle 0.1273
444 1901 434 1884 468 1864 478 1881 small-vehicle 0.1260
1745 1617 1740 1592 1790 1581 1795 1606 small-vehicle 0.1253
1693 1420 1712 1417 1717 1458 1699 1461 small-vehicle 0.1252
840 848 836 828 879 821 882 840 small-vehicle 0.1251
1610 1735 1629 1728 1643 1768 1624 1775 small-vehicle 0.1249
990 1154 1004 1145 1026 1176 1011 1185 small-vehicle 0.1245
806 545 822 540 833 579 817 584 small-vehicle 0.1244
434 898 448 886 478 923 464 935 small-vehicle 0.1244
482 997 497 990 513 1028 497 1035 small-vehicle 0.1236
413 1849 409 1831 442 1825 446 1843 small-vehicle 0.1233
695 1990 681 1974 717 1941 731 1957 small-vehicle 0.1231
1671 1682 1690 1674 1710 1721 1691 1729 small-vehicle 0.1231
910 687 923 674 951 704 937 716 small-vehicle 0.1227
429 1273 414 1257 449 1225 464 1242 small-vehicle 0.1225
1594 1540 1612 1543 1604 1582 1586 1579 small-vehicle 0.1222
1008 1070 1025 1066 1034 1102 1016 1107 small-vehicle 0.1220
936 518 953 514 960 551 943 554 small-vehicle 0.1220
1021 1857 1038 1845 1066 1884 1049 1896 small-vehicle 0.1220
1468 1842 1489 1835 1504 1886 1483 1893 small-vehicle 0.1216
1423 1880 1442 1871 1465 1919 1447 1928 small-vehicle 0.1216
1216 1890 1235 1882 1252 1921 1234 1929 small-vehicle 0.1209
511 835 527 825 552 865 537 875 small-vehicle 0.1209
872 1169 890 1160 910 1200 892 1210 small-vehicle 0.1208
139 416 159 423 147 461 127 455 small-vehicle 0.1208
1290 1066 1307 1071 1294 1114 1277 1109 small-vehicle 0.1207
915 1131 934 1123 951 1164 932 1172 small-vehicle 0.1207
1408 1752 1425 1742 1447 1781 1429 1790 small-vehicle 0.1205
1292 1975 1310 1968 1330 2014 1312 2022 small-vehicle 0.1204
520 1918 506 1902 541 1872 555 1889 small-vehicle 0.1204
1088 669 1104 678 1081 714 1066 704 small-vehicle 0.1200
1277 1849 1295 1837 1323 1879 1305 1891 small-vehicle 0.1192
1028 1125 1042 1117 1061 1146 1047 1155 small-vehicle 0.1183
1267 1393 1264 1374 1305 1368 1308 1387 small-vehicle 0.1182
913 714 921 698 956 715 948 731 small-vehicle 0.1180
412 915 426 905 454 942 440 952 small-vehicle 0.1180
619 1867 605 1850 642 1820 656 1837 small-vehicle 0.1179
331 601 345 591 371 626 357 637 small-vehicle 0.1175
948 1925 962 1912 991 1946 977 1959 small-vehicle 0.1174
767 1261 785 1254 803 1295 785 1302 small-vehicle 0.1173
951 561 959 545 992 560 985 576 small-vehicle 0.1168
571 1792 558 1775 591 1749 605 1765 small-vehicle 0.1165
864 882 862 864 901 861 902 879 small-vehicle 0.1165
336 1148 331 1128 372 1117 378 1136 small-vehicle 0.1164
599 2061 585 2042 625 2014 638 2033 small-vehicle 0.1163
981 808 992 795 1019 817 1009 830 small-vehicle 0.1162
389 555 403 547 424 582 409 591 small-vehicle 0.1162
1300 1206 1314 1192 1341 1220 1327 1233 small-vehicle 0.1159
474 479 491 468 516 506 499 517 small-vehicle 0.1158
1255 925 1264 909 1302 929 1294 945 small-vehicle 0.1150
746 1338 761 1328 783 1358 768 1369 small-vehicle 0.1149
1182 791 1199 792 1197 827 1180 826 small-vehicle 0.1147
946 1178 962 1168 984 1206 967 1215 small-vehicle 0.1143
923 737 927 719 961 725 958 744 small-vehicle 0.1141
925 686 933 671 966 688 957 704 small-vehicle 0.1139
1341 1051 1333 1030 1375 1013 1383 1034 small-vehicle 0.1137
1628 1377 1638 1364 1668 1385 1658 1399 small-vehicle 0.1134
1379 1237 1372 1218 1411 1203 1418 1222 small-vehicle 0.1131
610 2079 597 2061 634 2034 647 2052 small-vehicle 0.1128
378 1202 368 1184 408 1162 418 1180 small-vehicle 0.1126
1308 1961 1328 1953 1347 2001 1328 2009 small-vehicle 0.1124
1063 2018 1078 2007 1103 2045 1088 2055 small-vehicle 0.1123
461 1013 476 1006 494 1043 479 1050 small-vehicle 0.1118
1278 1421 1272 1403 1312 1388 1319 1406 small-vehicle 0.1117
824 530 839 524 854 560 840 566 small-vehicle 0.1115
1545 1392 1562 1399 1546 1441 1529 1434 small-vehicle 0.1110
755 848 773 844 783 888 765 892 small-vehicle 0.1103
365 1173 354 1157 389 1134 400 1151 small-vehicle 0.1097
1360 1651 1375 1638 1403 1673 1388 1685 small-vehicle 0.1096
412 542 427 534 445 570 431 577 small-vehicle 0.1094
944 1330 961 1321 983 1361 967 1370 small-vehicle 0.1092
1402 1619 1420 1612 1438 1656 1420 1663 small-vehicle 0.1092
587 1222 603 1213 627 1254 611 1264 small-vehicle 0.1091
1530 1263 1543 1250 1578 1283 1565 1296 small-vehicle 0.1088
509 457 525 447 549 482 533 492 small-vehicle 0.1085
475 869 489 861 510 894 496 903 small-vehicle 0.1083
1192 829 1204 817 1228 839 1216 852 small-vehicle 0.1081
878 495 892 492 900 529 886 532 small-vehicle 0.1080
1342 1670 1357 1658 1382 1691 1367 1703 small-vehicle 0.1080
491 467 507 457 531 493 515 504 small-vehicle 0.1080
1362 1932 1381 1925 1399 1973 1380 1980 small-vehicle 0.1079
1704 1661 1723 1654 1738 1698 1719 1704 small-vehicle 0.1078
1238 2020 1250 2007 1286 2040 1273 2053 small-vehicle 0.1078
1502 1679 1520 1668 1545 1710 1526 1721 small-vehicle 0.1077
1298 1481 1289 1459 1348 1434 1358 1456 small-vehicle 0.1076
1447 1855 1466 1848 1487 1899 1467 1907 small-vehicle 0.1076
1037 1847 1054 1835 1081 1872 1063 1884 small-vehicle 0.1075
1591 1452 1608 1460 1591 1498 1574 1490 small-vehicle 0.1075
374 1800 365 1781 405 1763 414 1782 small-vehicle 0.1073
967 744 979 729 1007 753 996 767 small-vehicle 0.1073
245 247 266 239 279 274 258 282 small-vehicle 0.1072
1381 1636 1398 1628 1417 1667 1401 1675 small-vehicle 0.1071
1021 2055 1037 2044 1060 2081 1044 2091 small-vehicle 0.1070
899 483 913 482 915 517 902 518 small-vehicle 0.1069
1271 304 1288 296 1306 335 1289 343 small-vehicle 0.1065
562 1993 549 1975 587 1947 600 1965 small-vehicle 0.1062
1185 1585 1205 1579 1216 1615 1196 1622 small-vehicle 0.1060
1622 1486 1637 1494 1618 1530 1603 1521 small-vehicle 0.1058
1117 2112 1138 2106 1153 2156 1131 2162 small-vehicle 0.1055
1456 1375 1472 1374 1475 1409 1459 1410 small-vehicle 0.1051
1587 1751 1602 1739 1630 1772 1614 1785 small-vehicle 0.1042
1384 1272 1401 1274 1395 1315 1378 1313 small-vehicle 0.1040
1040 777 1053 768 1074 798 1061 807 small-vehicle 0.1039
575 2010 563 1991 604 1964 616 1982 small-vehicle 0.1039
877 103 886 93 913 116 903 127 small-vehicle 0.1037
463 23 478 19 487 52 472 56 small-vehicle 0.1035
475 1968 464 1950 505 1925 516 1944 small-vehicle 0.1035
454 883 468 873 492 907 478 917 small-vehicle 0.1033
968 1166 983 1157 1002 1190 987 1199 small-vehicle 0.1033
1007 851 1008 833 1046 835 1045 853 small-vehicle 0.1030
847 515 861 510 873 544 860 549 small-vehicle 0.1024
936 1119 954 1111 970 1149 952 1157 small-vehicle 0.1022
1266 2003 1282 1994 1305 2032 1289 2041 small-vehicle 0.1017
1303 991 1306 971 1349 978 1346 998 small-vehicle 0.1014
1615 1536 1632 1541 1619 1583 1602 1577 small-vehicle 0.1013
1203 860 1206 842 1239 847 1237 865 small-vehicle 0.1012
1220 2062 1224 2045 1267 2054 1263 2071 small-vehicle 0.1008
429 521 444 513 461 549 446 556 small-vehicle 0.1008
1508 1825 1524 1818 1540 1854 1524 1861 small-vehicle 0.1005
1104 690 1120 698 1102 732 1086 724 small-vehicle 0.1004
221 655 237 661 223 700 207 694 small-vehicle 0.1003
1298 1481 1289 1459 1348 1434 1358 1456 large-vehicle 0.1047
696 857 682 837 739 796 754 817 large-vehicle 0.1038
1535 881 1552 869 1580 907 1562 919 large-vehicle 0.1015
478 1344 465 1326 512 1291 525 1309 ship 0.2979
588 780 604 766 639 806 623 820 ship 0.2971
564 798 581 785 614 829 597 842 ship 0.2887
467 1324 453 1306 498 1272 512 1291 ship 0.2595
637 739 653 726 684 763 668 776 ship 0.2435
457 1235 475 1250 440 1289 423 1273 ship 0.2392
521 1384 507 1367 546 1335 560 1352 ship 0.2335
506 1365 492 1348 530 1314 545 1330 ship 0.2325
616 762 631 749 661 786 645 799 ship 0.2124
335 1933 322 1914 367 1886 379 1905 ship 0.1974
221 655 237 661 223 700 207 694 ship 0.1878
269 660 281 650 307 680 295 691 ship 0.1865
696 857 682 837 739 796 754 817 ship 0.1533
1068 2185 1065 2164 1109 2157 1113 2177 ship 0.1496
544 1413 531 1397 570 1363 583 1379 ship 0.1413
548 811 565 799 595 843 579 854 ship 0.1390
402 1244 391 1225 432 1200 444 1219 ship 0.1341
296 633 308 623 335 655 322 665 ship 0.1264
309 620 323 608 351 642 337 653 ship 0.1254
526 1396 518 1378 557 1360 566 1378 ship 0.1208
1290 968 1301 951 1343 978 1333 995 ship 0.1123
1113 2112 1133 2104 1151 2153 1131 2160 ship 0.1094
530 817 547 805 576 850 560 861 ship 0.1008
139 416 159 423 147 461 127 455 storage-tank 0.1615
1761 810 1787 811 1785 863 1759 862 storage-tank 0.1230
821 1073 810 1002 908 987 919 1058 harbor 0.1188
