3825 3203 3811 3133 4174 3062 4188 3132 bridge 0.1038
3751 3845 3731 3797 3844 3751 3864 3799 ship 0.3314
4839 5189 4865 5156 4939 5213 4913 5246 ship 0.3300
4834 5254 4875 5235 4912 5317 4872 5336 ship 0.3231
1789 4527 1849 4524 1855 4616 1794 4619 ship 0.3161
4986 4924 5016 4877 5133 4954 5103 5000 ship 0.3159
5232 1332 5273 1316 5322 1442 5280 1458 ship 0.3128
4420 4850 4417 4812 4509 4804 4512 4842 ship 0.3117
1733 4373 1776 4375 1774 4452 1731 4450 ship 0.3110
6713 2846 6689 2805 6797 2744 6821 2786 ship 0.3087
4429 4902 4428 4867 4514 4865 4515 4901 ship 0.3073
4561 5256 4572 5224 4646 5249 4636 5280 ship 0.3072
2868 4196 2901 4178 2942 4254 2909 4272 ship 0.2975
4762 5190 4777 5156 4853 5189 4839 5223 ship 0.2967
6056 4573 6090 4576 6082 4653 6048 4649 ship 0.2896
3653 4779 3690 4779 3691 4869 3653 4869 ship 0.2884
4749 5270 4783 5250 4828 5325 4793 5346 ship 0.2765
5113 1151 5154 1138 5203 1289 5162 1302 ship 0.2764
5712 147 5749 136 5776 221 5739 233 ship 0.2760
1806 3473 1809 3432 1918 3441 1915 3482 ship 0.2724
1659 4599 1694 4581 1729 4649 1695 4667 ship 0.2720
3825 3180 3806 3110 4164 3013 4182 3083 ship 0.2715
4509 5270 4517 5238 4598 5258 4590 5290 ship 0.2689
3815 4819 3848 4806 3878 4884 3845 4897 ship 0.2661
4799 907 4926 857 5097 1295 4970 1345 ship 0.2595
6611 1864 6729 1814 6876 2164 6757 2214 ship 0.2579
3867 5158 3895 5143 3931 5208 3903 5223 ship 0.2561
3705 4814 3738 4810 3747 4881 3714 4885 ship 0.2520
1879 4817 1915 4814 1920 4882 1884 4884 ship 0.2504
4755 5214 4776 5184 4844 5231 4822 5262 ship 0.2498
1919 4882 1955 4879 1961 4941 1925 4945 ship 0.2490
1886 4876 1923 4872 1931 4939 1894 4944 ship 0.2487
3770 4771 3806 4768 3814 4855 3779 4858 ship 0.2480
1927 4935 1963 4931 1971 4995 1935 5000 ship 0.2473
6909 1726 6954 1717 6983 1863 6938 1872 ship 0.2463
2912 4203 2942 4183 2982 4243 2952 4263 ship 0.2445
3821 5145 3851 5134 3875 5198 3846 5209 ship 0.2439
1712 4565 1756 4551 1780 4630 1737 4643 ship 0.2405
1661 4463 1704 4457 1715 4534 1671 4540 ship 0.2404
1852 4036 1878 4019 1921 4085 1896 4102 ship 0.2377
5209 1277 5248 1273 5257 1382 5218 1385 ship 0.2368
1662 4533 1702 4522 1723 4599 1682 4609 ship 0.2361
4711 5275 4740 5252 4784 5310 4754 5333 ship 0.2356
1769 4325 1801 4318 1813 4378 1781 4384 ship 0.2349
1942 4986 1978 4982 1986 5051 1950 5055 ship 0.2337
3841 3253 3827 3185 4172 3116 4186 3183 ship 0.2331
6136 1156 6181 1144 6218 1284 6172 1296 ship 0.2321
4652 5245 4670 5219 4722 5255 4703 5281 ship 0.2316
6109 4187 6160 4191 6151 4317 6100 4313 ship 0.2296
1880 3917 1875 3877 1975 3865 1980 3905 ship 0.2281
5846 552 5877 543 5903 626 5871 636 ship 0.2269
3758 5132 3786 5120 3815 5185 3787 5197 ship 0.2266
1795 4272 1822 4259 1845 4310 1818 4323 ship 0.2238
1808 4030 1831 4013 1870 4065 1846 4082 ship 0.2217
1715 4026 1737 4002 1787 4049 1765 4072 ship 0.2207
1741 4462 1789 4458 1795 4537 1748 4542 ship 0.2201
1921 4822 1954 4818 1960 4880 1927 4883 ship 0.2197
4755 739 4778 692 4879 742 4857 788 ship 0.2192
5854 501 5883 488 5913 559 5884 571 ship 0.2190
6294 1448 6331 1434 6372 1549 6335 1562 ship 0.2187
4716 5233 4738 5208 4787 5251 4766 5276 ship 0.2176
4735 644 4764 605 4860 676 4831 715 ship 0.2176
6103 4591 6133 4585 6146 4647 6115 4653 ship 0.2170
1726 4283 1756 4276 1770 4331 1740 4338 ship 0.2169
3276 4340 3283 4300 3371 4315 3364 4355 ship 0.2162
3149 1232 3117 947 3441 911 3473 1196 ship 0.2158
1808 4091 1833 4077 1861 4128 1835 4141 ship 0.2135
4115 4702 4159 4688 4201 4815 4157 4830 ship 0.2133
4131 4407 4117 4359 4253 4317 4267 4365 ship 0.2131
1995 4681 2003 4648 2079 4667 2071 4700 ship 0.2109
1797 4235 1821 4220 1849 4265 1825 4280 ship 0.2096
1842 4272 1861 4251 1906 4292 1886 4313 ship 0.2095
6117 4661 6144 4647 6169 4695 6142 4709 ship 0.2088
4486 5280 4500 5252 4559 5283 4544 5311 ship 0.2049
5797 416 5827 402 5860 476 5830 489 ship 0.2042
5750 281 5775 263 5812 318 5787 335 ship 0.2040
1662 4381 1705 4382 1703 4454 1659 4453 ship 0.2036
1980 4936 2012 4928 2025 4987 1993 4995 ship 0.2004
4279 5548 4198 5288 4949 5052 5031 5313 ship 0.2003
1797 4177 1820 4163 1847 4206 1823 4221 ship 0.1979
4752 906 4755 872 4828 879 4825 912 ship 0.1979
4245 5093 4273 5080 4305 5153 4277 5165 ship 0.1964
4234 5014 4261 4998 4306 5071 4279 5087 ship 0.1959
1616 4349 1665 4350 1663 4433 1613 4432 ship 0.1951
3907 4490 3891 4450 3992 4411 4008 4450 ship 0.1938
1796 4003 1813 3979 1863 4015 1847 4038 ship 0.1937
1827 4302 1850 4284 1887 4331 1864 4349 ship 0.1927
1844 4007 1860 3982 1917 4018 1902 4042 ship 0.1925
5778 344 5806 328 5843 394 5814 410 ship 0.1920
3672 4128 3659 4071 3840 4029 3853 4086 ship 0.1909
1731 4229 1758 4216 1782 4266 1755 4278 ship 0.1908
1843 4245 1861 4225 1903 4261 1886 4282 ship 0.1905
5689 702 5719 690 5747 762 5716 773 ship 0.1903
1849 3953 1853 3922 1920 3931 1916 3962 ship 0.1897
1872 3432 1881 3398 1972 3422 1963 3456 ship 0.1882
4810 5106 4821 5078 4882 5101 4871 5130 ship 0.1880
4442 5319 4467 5301 4501 5350 4477 5367 ship 0.1875
4725 5148 4739 5123 4790 5152 4776 5177 ship 0.1874
4482 5309 4501 5287 4548 5329 4528 5351 ship 0.1872
2880 3771 2869 3686 3240 3637 3252 3721 ship 0.1870
3397 2943 3373 2903 3499 2831 3522 2871 ship 0.1868
1990 4887 2022 4879 2037 4940 2005 4948 ship 0.1865
4665 5291 4689 5269 4729 5312 4705 5334 ship 0.1839
3826 4893 3852 4877 3889 4936 3862 4952 ship 0.1839
5857 427 5885 411 5920 473 5892 489 ship 0.1837
4251 5149 4278 5135 4310 5198 4283 5212 ship 0.1832
5766 244 5795 228 5829 289 5800 305 ship 0.1830
6036 4374 6089 4380 6069 4551 6017 4545 ship 0.1826
1722 4102 1745 4084 1783 4131 1759 4149 ship 0.1826
1946 5067 1979 5060 1995 5131 1962 5138 ship 0.1824
1765 3692 1798 3688 1810 3781 1776 3785 ship 0.1816
1881 4961 1914 4953 1928 5018 1896 5025 ship 0.1808
3688 4903 3716 4890 3741 4945 3712 4958 ship 0.1807
1526 2782 1393 2408 2354 2067 2487 2440 ship 0.1800
1669 4008 1689 3983 1743 4026 1723 4052 ship 0.1789
6087 980 6113 959 6162 1021 6136 1042 ship 0.1788
2121 4626 2132 4598 2187 4619 2176 4647 ship 0.1785
2193 4541 2196 4508 2271 4515 2268 4548 ship 0.1784
1849 4168 1870 4151 1903 4194 1883 4210 ship 0.1766
2261 1845 2255 1563 2562 1557 2568 1839 ship 0.1760
2306 1490 2330 1201 2637 1226 2614 1515 ship 0.1749
3048 4312 3050 4277 3134 4283 3132 4318 ship 0.1748
1509 3358 1390 2870 3657 2319 3776 2807 ship 0.1729
4190 4911 4225 4890 4296 5005 4261 5027 ship 0.1718
5920 486 5946 473 5974 528 5948 541 ship 0.1715
3459 5094 3493 5085 3517 5179 3482 5187 ship 0.1709
1726 4179 1751 4162 1782 4210 1757 4226 ship 0.1708
1863 3991 1878 3966 1941 4003 1926 4029 ship 0.1707
6168 4469 6195 4456 6225 4515 6198 4528 ship 0.1707
2041 4658 2050 4628 2114 4648 2104 4678 ship 0.1701
1932 4768 1961 4756 1983 4811 1954 4823 ship 0.1689
4921 5233 4955 5225 4970 5286 4936 5294 ship 0.1685
4260 5209 4279 5187 4324 5225 4305 5247 ship 0.1683
4570 5310 4589 5288 4632 5325 4613 5347 ship 0.1683
3894 5155 3922 5139 3957 5200 3930 5216 ship 0.1681
3901 5278 3921 5253 3973 5295 3953 5319 ship 0.1679
2039 3857 2045 3821 2131 3835 2125 3871 ship 0.1669
6164 4544 6189 4531 6216 4583 6191 4596 ship 0.1664
6169 4614 6193 4598 6222 4644 6198 4659 ship 0.1663
3702 5077 3726 5058 3769 5113 3745 5132 ship 0.1660
2083 3831 2089 3793 2185 3809 2179 3847 ship 0.1650
4919 5171 4951 5161 4970 5221 4938 5232 ship 0.1649
1664 4299 1696 4293 1709 4353 1676 4360 ship 0.1647
1483 2085 1515 1782 1833 1815 1800 2119 ship 0.1639
5255 2240 5290 2222 5333 2309 5298 2327 ship 0.1635
1801 3964 1811 3937 1864 3957 1854 3984 ship 0.1634
4658 5205 4672 5180 4723 5209 4709 5234 ship 0.1629
4551 5368 4576 5348 4618 5399 4593 5419 ship 0.1628
6218 4471 6245 4456 6277 4511 6250 4527 ship 0.1624
4637 5345 4664 5326 4700 5377 4673 5396 ship 0.1619
4859 5098 4872 5072 4925 5098 4912 5124 ship 0.1618
1974 1600 1993 1314 2303 1334 2284 1620 ship 0.1615
3396 1438 3407 1145 3723 1157 3712 1450 ship 0.1614
4321 5366 4359 5364 4365 5453 4327 5456 ship 0.1613
1384 481 1426 479 1430 587 1387 588 ship 0.1608
1799 4356 1830 4345 1850 4404 1819 4414 ship 0.1608
4352 5358 4388 5356 4393 5437 4358 5440 ship 0.1607
3875 5060 3898 5043 3936 5095 3913 5112 ship 0.1603
1886 4289 1891 4259 1967 4272 1961 4302 ship 0.1602
3469 1098 3481 804 3790 816 3778 1111 ship 0.1599
5059 1071 5092 1048 5164 1150 5130 1173 ship 0.1596
3893 5226 3916 5205 3960 5255 3937 5275 ship 0.1590
1752 4636 1783 4614 1822 4668 1791 4690 ship 0.1590
6216 1294 6245 1273 6289 1336 6260 1356 ship 0.1585
4435 5353 4467 5344 4485 5411 4452 5419 ship 0.1584
4803 5301 4840 5284 4871 5351 4834 5368 ship 0.1581
1801 4807 1833 4798 1852 4865 1820 4874 ship 0.1580
1733 3975 1749 3950 1798 3980 1782 4005 ship 0.1580
4704 5322 4735 5304 4768 5362 4737 5380 ship 0.1579
3904 5110 3931 5095 3967 5157 3940 5173 ship 0.1578
3756 5082 3779 5067 3812 5117 3788 5132 ship 0.1576
2164 4600 2172 4571 2232 4589 2224 4617 ship 0.1569
3642 4906 3669 4890 3705 4948 3677 4965 ship 0.1562
4759 5098 4773 5071 4830 5099 4816 5127 ship 0.1556
4775 853 4782 821 4850 837 4843 868 ship 0.1552
5012 957 5050 936 5099 1027 5061 1048 ship 0.1552
4270 5280 4283 5256 4327 5281 4314 5305 ship 0.1551
2980 4231 3001 4206 3049 4246 3028 4271 ship 0.1546
6189 4697 6209 4677 6245 4714 6224 4734 ship 0.1544
3460 5205 3491 5188 3532 5266 3501 5282 ship 0.1542
5092 1183 5132 1175 5159 1314 5119 1322 ship 0.1540
4369 5339 4397 5326 4421 5381 4393 5393 ship 0.1540
5934 433 5958 414 5993 460 5969 478 ship 0.1539
3864 4979 3888 4960 3931 5015 3906 5034 ship 0.1530
5850 361 5877 344 5912 401 5885 418 ship 0.1529
1994 3884 2001 3849 2072 3862 2065 3897 ship 0.1523
4552 933 4561 898 4649 920 4640 956 ship 0.1520
4380 5291 4401 5271 4436 5308 4415 5328 ship 0.1520
1635 4656 1657 4636 1696 4678 1674 4698 ship 0.1510
6229 4551 6253 4535 6283 4579 6260 4595 ship 0.1508
6093 4315 6138 4317 6130 4468 6086 4465 ship 0.1508
5291 1436 5326 1425 5353 1507 5319 1519 ship 0.1494
4015 4465 3993 4424 4122 4357 4144 4399 ship 0.1479
5188 5354 5238 5361 5225 5456 5175 5449 ship 0.1477
4227 5280 4240 5255 4289 5279 4276 5304 ship 0.1476
1562 1752 1568 1453 1885 1460 1878 1758 ship 0.1470
2987 1582 2992 1302 3295 1307 3291 1586 ship 0.1457
2667 1703 2662 1411 2985 1407 2990 1699 ship 0.1439
2741 1369 2713 1086 3023 1056 3051 1338 ship 0.1437
888 2556 872 2260 1187 2243 1203 2539 ship 0.1385
1003 2889 995 2577 1321 2568 1329 2879 ship 0.1345
1823 1981 1839 1678 2156 1694 2140 1998 ship 0.1270
1031 2226 1072 1943 1383 1989 1342 2272 ship 0.1248
1216 549 1277 549 1278 645 1217 646 ship 0.1184
6134 5428 6156 4979 7017 5020 6995 5469 ship 0.1164
4496 4915 4439 4728 4927 4581 4984 4767 ship 0.1137
6849 5298 6976 5239 7045 5385 6918 5444 ship 0.1134
6710 5053 6835 5011 6882 5151 6758 5193 ship 0.1110
1295 520 1344 526 1334 619 1284 613 ship 0.1075
6921 5067 7031 5066 7032 5218 6922 5218 ship 0.1049
5710 768 5752 749 5854 983 5812 1001 ship 0.1032
2254 1840 2258 1559 2567 1563 2563 1843 storage-tank 0.8681
1813 1967 1848 1671 2163 1708 2128 2004 storage-tank 0.8505
2675 1706 2659 1420 2978 1402 2994 1688 storage-tank 0.8185
3003 1593 2985 1315 3288 1295 3307 1573 storage-tank 0.8063
3391 1432 3411 1141 3727 1162 3708 1454 storage-tank 0.8010
2741 1369 2713 1086 3023 1056 3051 1338 storage-tank 0.7997
1479 2075 1519 1781 1831 1824 1792 2117 storage-tank 0.7891
877 2548 876 2253 1192 2252 1194 2547 storage-tank 0.7658
1988 1610 1987 1325 2294 1324 2296 1609 storage-tank 0.7636
2301 1485 2332 1200 2637 1234 2606 1518 storage-tank 0.7555
998 2882 998 2575 1325 2575 1325 2883 storage-tank 0.6598
3170 1239 3117 960 3433 901 3485 1180 storage-tank 0.6467
1565 1753 1566 1461 1880 1462 1879 1754 storage-tank 0.6448
1032 2218 1085 1928 1398 1985 1345 2275 storage-tank 0.5925
3462 1092 3484 802 3795 825 3773 1116 storage-tank 0.5645
6699 5059 6818 5007 6877 5141 6759 5194 storage-tank 0.4574
6477 4313 6601 4229 6694 4366 6569 4450 storage-tank 0.4536
4589 1586 4723 1570 4741 1716 4607 1732 storage-tank 0.4505
6616 4520 6762 4466 6821 4626 6675 4680 storage-tank 0.3989
6688 5244 6780 5225 6803 5340 6712 5359 storage-tank 0.3935
4332 848 4469 821 4498 969 4361 996 storage-tank 0.3847
6849 5298 6976 5239 7045 5385 6918 5444 storage-tank 0.3626
4197 429 4315 410 4337 539 4218 559 storage-tank 0.3050
6339 5082 6422 5076 6429 5176 6346 5182 storage-tank 0.3034
4236 571 4358 551 4379 684 4257 703 storage-tank 0.2997
2044 5470 2090 5424 2162 5496 2116 5542 storage-tank 0.2899
6492 4968 6530 4957 6549 5024 6511 5035 storage-tank 0.2862
4294 715 4402 699 4420 826 4312 842 storage-tank 0.2796
6462 5115 6536 5120 6530 5209 6456 5204 storage-tank 0.2728
4647 1736 4762 1724 4775 1852 4659 1864 storage-tank 0.2721
2367 2089 2429 2065 2465 2159 2404 2183 storage-tank 0.2602
6450 4969 6490 4960 6506 5028 6467 5038 storage-tank 0.2600
4554 1450 4665 1431 4685 1555 4575 1573 storage-tank 0.2576
1216 549 1277 549 1278 645 1217 646 storage-tank 0.2550
4457 1188 4559 1164 4586 1279 4484 1303 storage-tank 0.2539
6543 4959 6575 4944 6601 5000 6569 5015 storage-tank 0.2444
6387 4968 6427 4954 6450 5021 6410 5035 storage-tank 0.2381
6531 5002 6572 4992 6586 5051 6545 5061 storage-tank 0.2265
6368 5025 6422 5014 6437 5088 6384 5099 storage-tank 0.2263
6500 4909 6529 4894 6557 4949 6528 4963 storage-tank 0.2226
6361 5226 6418 5231 6411 5308 6354 5303 storage-tank 0.2153
1910 5454 1944 5426 2001 5493 1966 5522 storage-tank 0.2144
6344 4967 6382 4948 6413 5011 6376 5030 storage-tank 0.2101
6558 4906 6585 4888 6619 4938 6592 4956 storage-tank 0.2091
6450 4917 6480 4905 6502 4959 6472 4971 storage-tank 0.2055
6661 4926 6686 4899 6740 4949 6715 4976 storage-tank 0.2050
4529 1355 4617 1338 4637 1438 4549 1455 storage-tank 0.2049
6389 4922 6420 4908 6444 4964 6414 4977 storage-tank 0.1998
6620 4913 6645 4890 6688 4939 6663 4961 storage-tank 0.1992
6621 4961 6650 4938 6691 4987 6662 5011 storage-tank 0.1978
6443 5230 6493 5233 6490 5303 6439 5300 storage-tank 0.1954
6499 5240 6544 5242 6541 5307 6496 5305 storage-tank 0.1900
6502 4866 6529 4848 6562 4901 6536 4918 storage-tank 0.1900
1616 4349 1665 4350 1663 4433 1613 4432 storage-tank 0.1894
6671 4982 6703 4949 6760 5003 6728 5036 storage-tank 0.1882
1150 594 1199 595 1198 678 1149 678 storage-tank 0.1873
6651 5278 6706 5270 6718 5352 6663 5360 storage-tank 0.1871
6930 5072 7027 5076 7023 5207 6925 5204 storage-tank 0.1826
6339 4917 6369 4901 6400 4957 6370 4973 storage-tank 0.1816
6391 4775 6418 4756 6453 4808 6426 4827 storage-tank 0.1812
6718 4933 6745 4906 6798 4957 6770 4985 storage-tank 0.1801
6520 5289 6559 5294 6550 5355 6511 5350 storage-tank 0.1773
6385 4725 6409 4704 6452 4751 6428 4773 storage-tank 0.1764
1295 520 1344 526 1334 619 1284 613 storage-tank 0.1736
6526 5066 6571 5060 6579 5119 6533 5125 storage-tank 0.1725
2533 192 2555 154 2631 197 2609 235 storage-tank 0.1715
6456 4787 6483 4769 6518 4821 6491 4839 storage-tank 0.1683
6628 5019 6668 4996 6701 5054 6661 5077 storage-tank 0.1678
6456 4868 6483 4853 6511 4903 6484 4918 storage-tank 0.1658
6526 5137 6575 5134 6579 5195 6530 5198 storage-tank 0.1632
6460 4831 6487 4814 6520 4866 6493 4883 storage-tank 0.1630
6537 4850 6562 4833 6597 4883 6571 4901 storage-tank 0.1614
6321 5036 6365 5016 6393 5078 6349 5098 storage-tank 0.1614
6555 5200 6600 5198 6603 5258 6557 5260 storage-tank 0.1564
6335 4731 6357 4708 6402 4752 6380 4775 storage-tank 0.1562
1911 345 1965 311 2016 392 1962 426 storage-tank 0.1552
1662 4381 1705 4382 1703 4454 1659 4453 storage-tank 0.1530
6584 5256 6627 5254 6629 5315 6586 5317 storage-tank 0.1520
6330 4772 6356 4754 6392 4806 6366 4825 storage-tank 0.1499
6317 5243 6362 5239 6368 5313 6323 5316 storage-tank 0.1499
6299 4962 6330 4942 6363 4994 6332 5014 storage-tank 0.1486
6390 4876 6418 4861 6445 4912 6417 4927 storage-tank 0.1482
1378 485 1424 481 1433 589 1387 593 storage-tank 0.1475
4804 5266 4843 5246 4886 5331 4847 5351 storage-tank 0.1464
4801 5197 4824 5164 4903 5218 4880 5251 storage-tank 0.1317
1733 4373 1776 4375 1774 4452 1731 4450 storage-tank 0.1275
4749 5270 4783 5250 4828 5325 4793 5346 storage-tank 0.1262
1661 4463 1704 4457 1715 4534 1671 4540 storage-tank 0.1207
1879 4817 1915 4814 1920 4882 1884 4884 storage-tank 0.1190
1741 4534 1791 4530 1797 4613 1747 4617 storage-tank 0.1121
1886 4876 1923 4872 1931 4939 1894 4944 storage-tank 0.1106
4763 726 4788 686 4873 740 4849 780 storage-tank 0.1099
1741 4462 1789 4458 1795 4537 1748 4542 storage-tank 0.1092
4755 5214 4776 5184 4844 5231 4822 5262 storage-tank 0.1079
1662 4533 1702 4522 1723 4599 1682 4609 storage-tank 0.1061
1789 4527 1849 4524 1855 4616 1794 4619 storage-tank 0.1027
4711 5275 4740 5252 4784 5310 4754 5333 storage-tank 0.1011
3116 1167 3209 884 3494 978 3401 1261 roundabout 0.2809
1944 1509 2112 1274 2346 1441 2177 1676 roundabout 0.2469
1529 1695 1641 1416 1921 1529 1809 1808 roundabout 0.2463
2733 1355 2724 1076 3032 1066 3041 1345 roundabout 0.2461
2971 1556 3038 1275 3323 1343 3256 1624 roundabout 0.2411
2268 1377 2459 1159 2677 1349 2486 1567 roundabout 0.2337
3431 1018 3578 763 3834 911 3686 1166 roundabout 0.2239
888 2556 872 2260 1187 2243 1203 2539 roundabout 0.1952
1012 2150 1170 1900 1425 2062 1266 2312 roundabout 0.1937
2630 1642 2733 1363 3022 1469 2919 1748 roundabout 0.1834
956 2821 1061 2532 1366 2642 1262 2931 roundabout 0.1829
1447 1966 1636 1739 1871 1935 1681 2161 roundabout 0.1779
1777 1870 1950 1624 2203 1801 2030 2048 roundabout 0.1610
3356 1321 3540 1092 3772 1279 3588 1508 roundabout 0.1605
2261 1845 2255 1563 2562 1557 2568 1839 roundabout 0.1364
2880 3771 2869 3686 3240 3637 3252 3721 harbor 0.2931
4482 4965 4405 4776 4913 4568 4990 4757 harbor 0.2459
3381 3619 3348 3547 3649 3407 3683 3479 harbor 0.2148
2166 4605 2134 4452 3087 4249 3119 4402 harbor 0.1973
4189 4934 4221 4914 4299 5035 4267 5056 harbor 0.1797
6603 1855 6714 1809 6861 2165 6750 2210 harbor 0.1750
5710 768 5752 749 5854 983 5812 1001 harbor 0.1664
4049 4465 4025 4417 4228 4317 4252 4365 harbor 0.1644
1880 3917 1875 3877 1975 3865 1980 3905 harbor 0.1639
3841 3253 3827 3185 4172 3116 4186 3183 harbor 0.1628
1805 4059 1736 3875 2176 3711 2245 3895 harbor 0.1596
1873 4435 1798 4265 2344 4021 2419 4190 harbor 0.1532
4137 5588 4050 5292 4950 5029 5036 5325 harbor 0.1428
1294 4240 1570 4027 2008 4593 1732 4806 harbor 0.1366
3815 4819 3848 4806 3878 4884 3845 4897 harbor 0.1238
2083 3831 2089 3793 2185 3809 2179 3847 harbor 0.1235
1852 4036 1878 4019 1921 4085 1896 4102 harbor 0.1229
3803 3193 3791 3118 4161 3057 4174 3131 harbor 0.1210
3927 4483 3913 4442 4062 4389 4077 4430 harbor 0.1210
2039 3857 2045 3821 2131 3835 2125 3871 harbor 0.1190
1849 3953 1853 3922 1920 3931 1916 3962 harbor 0.1153
1808 4030 1831 4013 1870 4065 1846 4082 harbor 0.1133
1994 3884 2001 3849 2072 3862 2065 3897 harbor 0.1117
1844 4007 1860 3982 1917 4018 1902 4042 harbor 0.1107
1863 3991 1878 3966 1941 4003 1926 4029 harbor 0.1086
4115 4702 4159 4688 4201 4815 4157 4830 harbor 0.1082
3843 4899 3873 4881 3915 4950 3885 4969 harbor 0.1046
3776 4812 3807 4805 3823 4874 3792 4881 harbor 0.1034
2193 4541 2196 4508 2271 4515 2268 4548 harbor 0.1028
4245 5093 4273 5080 4305 5153 4277 5165 harbor 0.1027
1796 4003 1813 3979 1863 4015 1847 4038 harbor 0.1018
3751 3845 3731 3797 3844 3751 3864 3799 harbor 0.1003
