980 647 1515 617 1564 1485 1029 1515 plane 0.1801
1050 1974 1055 1944 1103 1953 1097 1983 plane 0.1520
1110 2896 1119 2864 1161 2875 1153 2907 plane 0.1507
581 675 631 637 689 715 639 752 plane 0.1152
1141 2872 1140 2846 1187 2843 1188 2869 plane 0.1067
727 624 783 615 799 715 743 724 plane 0.1064
955 662 1495 607 1582 1462 1042 1517 baseball-diamond 0.1220
966 480 1548 462 1584 1585 1001 1604 ground-track-field 0.8615
362 1728 589 1446 1130 1881 903 2163 ground-track-field 0.1033
1828 2855 1825 2838 1863 2831 1866 2849 small-vehicle 0.1173
1800 2868 1799 2851 1833 2848 1835 2864 small-vehicle 0.1167
1939 2803 1935 2782 1978 2774 1982 2795 small-vehicle 0.1148
1541 2969 1530 2938 1673 2887 1684 2918 large-vehicle 0.2756
980 647 1515 617 1564 1485 1029 1515 tennis-court 0.3086
858 2024 844 1943 1001 1916 1015 1996 tennis-court 0.1722
687 892 835 875 862 1118 714 1135 basketball-court 0.8038
582 661 708 659 713 893 587 896 basketball-court 0.7974
706 465 803 461 811 645 714 649 basketball-court 0.7579
719 664 834 677 811 879 696 866 basketball-court 0.6465
447 451 575 448 580 686 452 688 basketball-court 0.6257
598 469 701 473 694 662 590 658 basketball-court 0.5922
573 1578 694 1506 829 1734 708 1806 basketball-court 0.4973
534 1914 624 1822 822 2014 732 2107 basketball-court 0.3501
630 1826 721 1709 948 1887 856 2003 basketball-court 0.3377
653 1922 692 1924 689 1981 651 1980 basketball-court 0.3287
423 1742 518 1643 698 1817 603 1915 basketball-court 0.2433
578 1672 634 1657 661 1755 604 1771 basketball-court 0.2386
958 501 1540 473 1591 1577 1009 1604 basketball-court 0.2383
748 832 806 835 800 948 742 945 basketball-court 0.1814
808 1745 881 1733 898 1846 825 1857 basketball-court 0.1723
847 2025 834 1936 1013 1910 1026 1999 basketball-court 0.1611
666 1600 710 1586 732 1661 688 1674 basketball-court 0.1567
456 1795 497 1762 573 1853 532 1887 basketball-court 0.1477
695 1862 746 1838 792 1936 741 1960 basketball-court 0.1212
1639 2114 1732 2103 1744 2205 1651 2216 storage-tank 0.1601
955 662 1495 607 1582 1462 1042 1517 soccer-ball-field 0.9357
