285 2335 309 2340 302 2377 278 2372 plane 0.1063
1202 2237 1227 2249 1184 2341 1159 2329 large-vehicle 0.1313
1821 990 1838 979 1875 1038 1858 1048 large-vehicle 0.1294
528 2346 555 2355 515 2469 487 2459 ship 0.3356
1394 948 1407 936 1450 982 1437 994 ship 0.3354
1427 548 1438 539 1464 572 1453 581 ship 0.2554
1392 716 1384 556 2166 517 2174 677 ship 0.2478
1494 425 1509 425 1508 476 1493 476 ship 0.2417
1455 550 1467 542 1487 573 1475 581 ship 0.2359
1486 522 1497 515 1520 551 1508 558 ship 0.2329
1746 1424 1768 1435 1736 1498 1714 1488 ship 0.2303
1457 652 1473 654 1468 721 1451 719 ship 0.2271
1500 519 1513 513 1532 550 1520 556 ship 0.2265
1626 907 1624 888 1703 883 1704 901 ship 0.2054
1680 1591 1703 1602 1673 1662 1651 1651 ship 0.1988
1475 658 1492 659 1488 722 1471 721 ship 0.1979
1481 547 1491 538 1513 565 1503 573 ship 0.1854
1540 1398 1562 1406 1536 1472 1514 1463 ship 0.1820
1459 526 1470 519 1490 553 1479 559 ship 0.1815
785 1193 933 1231 746 1955 598 1917 ship 0.1811
1689 1679 1708 1686 1684 1744 1666 1736 ship 0.1803
810 169 826 170 821 224 805 223 ship 0.1755
1456 587 1466 579 1486 602 1476 610 ship 0.1747
1281 675 1296 663 1340 715 1325 728 ship 0.1731
1402 544 1413 534 1444 566 1433 576 ship 0.1726
478 2374 505 2379 494 2436 467 2431 ship 0.1634
1433 587 1443 578 1466 602 1457 612 ship 0.1611
1800 891 1797 872 1869 860 1872 878 ship 0.1540
972 1268 986 1277 953 1328 939 1319 ship 0.1537
1310 1195 1586 1308 1289 2035 1013 1922 ship 0.1532
444 2400 470 2403 465 2445 439 2442 ship 0.1520
1477 589 1485 580 1507 600 1498 609 ship 0.1475
1534 1972 1550 1978 1531 2024 1516 2017 ship 0.1454
1508 662 1523 663 1521 722 1505 721 ship 0.1389
1696 1509 1717 1517 1683 1607 1662 1599 ship 0.1380
1419 1751 1436 1758 1407 1823 1391 1816 ship 0.1357
1575 491 1588 487 1601 530 1588 533 ship 0.1357
459 2331 487 2335 483 2373 455 2370 ship 0.1341
1517 515 1530 512 1540 550 1527 554 ship 0.1335
1467 410 1482 410 1484 462 1469 462 ship 0.1333
1628 944 1628 926 1702 928 1702 946 ship 0.1327
1485 494 1496 488 1513 517 1503 523 ship 0.1315
1580 740 1580 724 1650 726 1649 743 ship 0.1315
457 2427 479 2427 478 2468 456 2467 ship 0.1305
1433 682 1449 677 1465 731 1450 736 ship 0.1300
1603 1003 1586 901 2160 807 2176 909 ship 0.1290
1477 431 1491 428 1497 469 1484 471 ship 0.1283
1474 630 1486 626 1497 658 1485 663 ship 0.1276
1351 582 1363 575 1381 607 1369 613 ship 0.1269
1333 576 1346 571 1359 606 1346 611 ship 0.1240
1546 503 1559 502 1563 539 1550 540 ship 0.1237
1522 407 1535 412 1514 462 1502 457 ship 0.1237
1408 620 1418 611 1440 636 1431 645 ship 0.1205
1408 588 1417 579 1442 604 1432 613 ship 0.1190
1302 586 1324 595 1299 649 1278 639 ship 0.1178
383 1482 604 1573 341 2215 120 2124 ship 0.1174
754 1351 771 1355 765 1384 748 1380 ship 0.1166
501 2340 526 2346 517 2388 491 2382 ship 0.1164
1418 635 1436 637 1430 694 1413 692 ship 0.1143
1721 905 1717 890 1771 878 1775 893 ship 0.1140
1356 557 1368 550 1386 581 1374 587 ship 0.1133
1591 921 1606 921 1607 957 1592 958 ship 0.1131
1439 632 1452 628 1462 664 1449 667 ship 0.1125
1427 530 1436 521 1464 549 1455 558 ship 0.1118
1435 621 1444 612 1465 634 1457 642 ship 0.1116
903 1343 916 1348 903 1383 890 1378 ship 0.1116
1449 387 1464 385 1470 438 1455 440 ship 0.1116
1476 619 1485 610 1505 631 1496 640 ship 0.1111
1465 500 1474 494 1493 520 1483 527 ship 0.1109
1693 1490 1707 1496 1687 1538 1673 1532 ship 0.1108
1442 1700 1456 1708 1419 1772 1404 1763 ship 0.1100
1385 547 1396 538 1419 569 1408 577 ship 0.1094
888 1404 903 1408 894 1441 879 1437 ship 0.1090
1529 1470 1550 1482 1507 1554 1487 1542 ship 0.1084
1459 633 1471 631 1478 663 1465 665 ship 0.1083
1401 700 1414 689 1451 733 1438 745 ship 0.1083
1544 1923 1558 1928 1545 1965 1531 1961 ship 0.1070
1309 1198 1328 1204 1300 1286 1280 1279 ship 0.1063
1318 571 1332 572 1330 608 1316 607 ship 0.1056
1770 1348 1790 1357 1759 1428 1738 1419 ship 0.1052
1526 665 1541 665 1540 717 1525 717 ship 0.1048
1228 540 1252 552 1200 653 1176 641 ship 0.1048
1503 591 1511 582 1531 600 1522 609 ship 0.1048
1373 625 1389 628 1381 676 1364 673 ship 0.1046
1381 586 1391 579 1410 606 1400 614 ship 0.1025
770 1320 786 1324 778 1356 762 1352 ship 0.1020
426 2357 458 2358 456 2397 425 2396 ship 0.1019
1268 419 1276 403 1341 436 1332 452 ship 0.1018
1501 1339 1516 1328 1548 1371 1534 1382 ship 0.1009
1274 636 1294 636 1294 697 1274 696 ship 0.1006
1381 616 1392 611 1404 642 1393 646 ship 0.1005
1502 615 1512 607 1530 629 1521 637 ship 0.1001
413 2319 454 2320 454 2364 412 2364 storage-tank 0.5327
386 2385 428 2383 430 2428 388 2430 storage-tank 0.5240
331 2364 372 2365 370 2409 330 2408 storage-tank 0.5004
476 2262 514 2264 513 2305 475 2303 storage-tank 0.4832
357 2295 395 2298 392 2341 354 2339 storage-tank 0.4134
421 2240 460 2244 454 2287 416 2282 storage-tank 0.3950
2325 17 2354 18 2353 51 2324 50 storage-tank 0.3766
2390 34 2418 34 2419 63 2391 63 storage-tank 0.3544
771 1379 794 1379 793 1406 770 1406 storage-tank 0.3469
2348 27 2375 27 2374 57 2347 56 storage-tank 0.3372
2299 72 2328 73 2326 106 2297 105 storage-tank 0.3031
2368 47 2394 47 2394 75 2368 75 storage-tank 0.2965
779 1348 799 1351 794 1379 774 1376 storage-tank 0.2871
306 2350 334 2354 328 2391 300 2387 storage-tank 0.2701
2368 76 2395 76 2395 106 2368 106 storage-tank 0.2636
370 2344 405 2342 407 2382 372 2383 storage-tank 0.2612
2325 75 2351 77 2349 107 2322 105 storage-tank 0.2593
793 1318 812 1321 807 1350 789 1348 storage-tank 0.2507
285 2335 309 2340 302 2377 278 2372 storage-tank 0.2492
788 1389 808 1391 806 1416 786 1415 storage-tank 0.2489
818 1396 835 1399 831 1424 814 1421 storage-tank 0.2339
490 2222 518 2225 513 2256 486 2252 storage-tank 0.2256
812 1378 829 1381 826 1403 809 1400 storage-tank 0.2173
387 2255 415 2255 415 2288 387 2288 storage-tank 0.2167
312 2397 340 2397 339 2433 311 2432 storage-tank 0.2128
458 2316 488 2316 487 2352 458 2351 storage-tank 0.1949
289 2376 316 2380 311 2410 285 2407 storage-tank 0.1859
426 2357 458 2358 456 2397 425 2396 storage-tank 0.1828
498 2191 520 2195 514 2227 491 2222 storage-tank 0.1763
816 1353 832 1355 830 1376 815 1374 storage-tank 0.1740
864 1404 880 1407 874 1434 858 1431 storage-tank 0.1706
458 2217 480 2220 477 2247 455 2244 storage-tank 0.1699
287 2404 312 2405 310 2437 286 2435 storage-tank 0.1667
356 2263 378 2262 380 2291 357 2292 storage-tank 0.1641
326 2422 353 2418 358 2455 331 2459 storage-tank 0.1624
859 1377 874 1379 870 1403 855 1401 storage-tank 0.1605
2366 110 2393 111 2391 141 2365 140 storage-tank 0.1594
823 1329 838 1330 837 1352 821 1351 storage-tank 0.1586
2412 24 2441 23 2443 59 2414 61 storage-tank 0.1567
857 1345 872 1346 871 1371 856 1370 storage-tank 0.1503
831 1415 847 1416 846 1441 830 1440 storage-tank 0.1435
349 2422 378 2415 387 2456 358 2462 storage-tank 0.1433
750 1374 770 1375 769 1404 749 1403 storage-tank 0.1418
2390 91 2413 91 2414 118 2390 119 storage-tank 0.1409
770 1320 786 1324 778 1356 762 1352 storage-tank 0.1396
756 1408 777 1408 776 1434 756 1434 storage-tank 0.1383
272 2377 293 2380 289 2408 268 2405 storage-tank 0.1370
486 2314 513 2315 512 2348 484 2347 storage-tank 0.1368
305 2306 323 2306 324 2333 306 2334 storage-tank 0.1360
2385 -1 2419 -5 2423 38 2390 41 storage-tank 0.1268
416 2224 437 2221 441 2247 420 2251 storage-tank 0.1263
2324 49 2350 50 2349 80 2323 80 storage-tank 0.1232
924 1148 947 1148 947 1177 924 1177 storage-tank 0.1230
872 1110 889 1111 888 1140 871 1139 storage-tank 0.1229
469 2194 488 2195 486 2220 467 2219 storage-tank 0.1227
827 1310 842 1310 842 1334 827 1334 storage-tank 0.1185
879 1331 894 1333 891 1366 876 1365 storage-tank 0.1163
872 1426 887 1426 886 1456 871 1455 storage-tank 0.1139
903 1130 923 1131 921 1159 902 1158 storage-tank 0.1083
430 2195 448 2194 448 2218 430 2219 storage-tank 0.1081
269 2405 289 2407 286 2434 266 2432 storage-tank 0.1063
302 2276 319 2275 321 2302 304 2303 storage-tank 0.1057
2343 91 2367 93 2365 121 2341 119 storage-tank 0.1037
467 2354 495 2358 488 2405 460 2400 storage-tank 0.1036
814 1307 829 1308 828 1332 813 1331 storage-tank 0.1014
2409 2889 2412 2872 2446 2879 2443 2895 storage-tank 0.1009
1170 696 1189 516 1625 560 1607 741 harbor 0.4594
1228 540 1252 552 1200 653 1176 641 harbor 0.1331
