54 123 78 117 90 165 66 171 plane 0.1276
1815 202 1818 -10 2506 -1 2503 211 bridge 0.1206
299 1184 331 1014 697 1082 665 1253 ground-track-field 0.8216
2398 1435 2425 1418 2487 1520 2459 1537 ship 0.2888
2533 569 2555 570 2553 665 2530 664 ship 0.2459
2201 2220 2226 2198 2305 2290 2280 2312 ship 0.1966
2449 1545 2467 1532 2501 1580 2483 1593 ship 0.1852
2701 1055 2708 1037 2753 1056 2745 1074 ship 0.1754
1831 307 1843 292 1876 319 1864 333 ship 0.1662
2702 1036 2707 1017 2752 1031 2747 1050 ship 0.1497
2264 1795 2425 1711 2755 2345 2594 2429 ship 0.1205
2704 1073 2716 1056 2753 1084 2741 1100 ship 0.1011
390 1180 396 1064 600 1075 594 1190 basketball-court 0.1954
686 1814 757 1805 768 1892 697 1901 basketball-court 0.1106
597 827 647 825 649 879 600 882 storage-tank 0.3692
647 831 696 828 699 883 650 885 storage-tank 0.3436
506 816 561 818 559 879 504 876 storage-tank 0.1349
552 827 600 828 599 881 551 880 storage-tank 0.1291
301 1201 325 1019 698 1068 674 1250 soccer-ball-field 0.3212
297 1187 328 1013 701 1079 671 1253 swimming-pool 0.1826
