1792 1937 1824 1755 2027 1790 1996 1972 plane 0.8914
1835 2955 1858 2846 1976 2872 1953 2980 plane 0.8613
1916 1617 1906 1526 2012 1514 2022 1605 plane 0.6908
2039 2673 2041 2604 2127 2606 2125 2675 plane 0.5293
1524 1442 1520 1383 1595 1379 1598 1437 plane 0.4733
1646 572 1700 539 1739 603 1686 636 plane 0.4493
1653 788 1691 746 1743 793 1705 834 plane 0.4187
1373 992 1392 947 1454 974 1435 1019 plane 0.3773
1685 1440 1688 1381 1760 1385 1757 1443 plane 0.3705
1346 617 1371 568 1434 600 1409 649 plane 0.3350
1615 1438 1619 1387 1680 1391 1677 1442 plane 0.2969
1656 1524 1674 1485 1730 1511 1712 1550 plane 0.2801
1717 1545 1734 1510 1785 1535 1768 1569 plane 0.2384
1799 1789 1803 1751 1865 1758 1861 1796 plane 0.2354
1625 1505 1624 1459 1692 1458 1693 1504 plane 0.2114
1775 1560 1792 1529 1839 1554 1822 1586 plane 0.1986
1401 1078 1429 1071 1441 1122 1413 1128 plane 0.1979
1767 647 1792 631 1824 680 1799 697 plane 0.1971
1990 1428 2020 1413 2052 1477 2022 1493 plane 0.1659
1757 1767 1775 1742 1815 1771 1797 1797 plane 0.1494
1445 610 1479 586 1513 634 1480 658 plane 0.1448
1846 1566 1872 1522 1925 1553 1899 1597 plane 0.1335
1835 883 1852 871 1882 914 1864 926 plane 0.1305
1730 539 1762 540 1760 595 1729 595 plane 0.1291
1767 1397 1797 1384 1815 1426 1785 1438 plane 0.1289
1436 972 1461 959 1480 997 1454 1010 plane 0.1281
1701 677 1726 663 1746 698 1721 712 plane 0.1279
1404 1056 1429 1043 1448 1079 1423 1091 plane 0.1261
1774 1434 1798 1420 1818 1453 1794 1467 plane 0.1254
1776 1501 1795 1486 1819 1515 1800 1531 plane 0.1188
1714 1510 1728 1480 1770 1499 1756 1529 plane 0.1179
1489 1236 1550 1184 1625 1271 1565 1323 plane 0.1173
1691 626 1716 605 1745 639 1720 660 plane 0.1155
1409 944 1432 927 1458 961 1436 978 plane 0.1137
1818 1492 1842 1479 1861 1515 1837 1528 plane 0.1117
1572 1475 1579 1439 1626 1449 1619 1485 plane 0.1090
1682 749 1707 727 1737 763 1712 784 plane 0.1047
1441 1047 1466 1038 1478 1075 1454 1083 plane 0.1025
1465 914 1487 904 1503 941 1480 950 plane 0.1023
1434 1074 1462 1071 1466 1112 1438 1115 plane 0.1013
1668 685 1693 670 1714 706 1689 721 plane 0.1008
1396 4065 1406 4043 1456 4066 1445 4088 small-vehicle 0.1338
1308 4003 1332 4006 1326 4065 1302 4063 small-vehicle 0.1262
2438 2045 2462 2045 2463 2121 2439 2121 small-vehicle 0.1251
131 895 139 874 188 892 180 914 small-vehicle 0.1199
2345 365 2371 368 2365 424 2340 421 small-vehicle 0.1192
2292 342 2316 336 2330 393 2306 399 small-vehicle 0.1189
1608 4095 1625 4082 1653 4118 1636 4131 small-vehicle 0.1155
1575 4090 1590 4075 1619 4105 1603 4119 small-vehicle 0.1152
1538 4080 1552 4063 1585 4090 1571 4107 small-vehicle 0.1117
1381 3584 1380 3562 1432 3560 1433 3582 small-vehicle 0.1116
1583 3975 1582 3953 1628 3951 1629 3973 small-vehicle 0.1105
1704 4093 1723 4085 1741 4131 1721 4138 small-vehicle 0.1094
1332 4023 1353 4019 1363 4072 1341 4075 small-vehicle 0.1086
1634 4092 1653 4083 1672 4123 1653 4132 small-vehicle 0.1067
1509 4077 1521 4060 1555 4084 1543 4101 small-vehicle 0.1065
1728 4102 1749 4097 1761 4143 1740 4148 small-vehicle 0.1038
763 1896 762 1872 814 1872 814 1896 small-vehicle 0.1027
1674 4091 1694 4085 1708 4126 1689 4133 small-vehicle 0.1020
2377 389 2401 392 2396 439 2372 437 small-vehicle 0.1019
1366 4050 1381 4035 1415 4071 1400 4086 small-vehicle 0.1007
2263 335 2282 323 2311 370 2291 382 small-vehicle 0.1006
2438 2045 2462 2045 2463 2121 2439 2121 large-vehicle 0.1646
2297 2750 2317 2751 2316 2822 2295 2821 large-vehicle 0.1325
1608 3847 1612 3800 1751 3809 1748 3856 ship 0.1254
2532 215 2545 201 2577 231 2564 245 ship 0.1018
1653 788 1691 746 1743 793 1705 834 storage-tank 0.1593
1346 625 1371 576 1436 608 1412 658 storage-tank 0.1422
1646 572 1700 539 1739 603 1686 636 storage-tank 0.1394
1918 1625 1902 1533 2008 1515 2024 1606 storage-tank 0.1235
1656 1524 1674 1485 1730 1511 1712 1550 storage-tank 0.1130
1524 1442 1520 1383 1595 1379 1598 1437 storage-tank 0.1098
609 298 650 196 866 282 826 384 swimming-pool 0.4338
1152 982 1160 914 1261 925 1253 993 swimming-pool 0.1328
