1570 297 1591 300 1586 332 1565 329 plane 0.1312
738 383 777 383 777 426 738 426 plane 0.1298
1444 1524 1486 1526 1484 1572 1442 1570 plane 0.1142
1843 302 1859 302 1859 325 1843 325 plane 0.1142
983 1584 1013 1583 1014 1616 983 1616 plane 0.1136
975 1535 1005 1534 1005 1570 975 1570 plane 0.1134
1710 584 1763 583 1764 639 1712 640 plane 0.1117
1019 372 1068 370 1071 422 1022 425 plane 0.1087
1080 729 1119 729 1119 770 1080 770 plane 0.1074
1321 1522 1370 1523 1369 1577 1319 1576 plane 0.1059
1537 1596 1574 1596 1574 1637 1537 1636 plane 0.1048
1735 783 1790 782 1791 840 1737 842 plane 0.1045
1005 1650 1027 1651 1027 1680 1005 1680 plane 0.1041
780 716 829 715 830 767 781 768 plane 0.1034
1048 1574 1078 1574 1077 1606 1047 1605 plane 0.1032
1064 1648 1087 1649 1086 1679 1063 1678 plane 0.1024
967 545 1008 546 1007 590 967 589 plane 0.1012
1038 1519 1069 1519 1069 1554 1038 1554 plane 0.1010
727 308 769 309 767 354 726 352 plane 0.1009
858 705 902 707 900 755 856 753 plane 0.1002
1643 1068 1693 1062 1704 1147 1653 1154 bridge 0.3957
773 649 817 649 817 697 773 698 small-vehicle 0.1273
858 705 902 707 900 755 856 753 small-vehicle 0.1173
1105 1961 1162 1962 1161 2023 1103 2022 small-vehicle 0.1135
599 2091 644 2082 653 2130 608 2138 small-vehicle 0.1100
996 739 1041 739 1041 787 996 788 small-vehicle 0.1074
790 302 831 303 830 346 789 344 small-vehicle 0.1070
613 1629 674 1614 689 1679 629 1693 small-vehicle 0.1048
1497 1884 1538 1881 1541 1925 1500 1928 small-vehicle 0.1047
847 636 891 638 890 685 846 684 small-vehicle 0.1019
683 2133 727 2133 727 2180 683 2180 small-vehicle 0.1004
558 667 656 657 667 761 568 770 ship 0.1014
558 667 656 657 667 761 568 770 storage-tank 0.7885
1145 175 1226 175 1225 260 1145 260 storage-tank 0.7594
1430 1316 1498 1276 1541 1348 1473 1388 storage-tank 0.7281
441 637 537 633 540 734 444 737 storage-tank 0.7277
1271 151 1358 147 1362 236 1275 240 storage-tank 0.7172
1371 632 1435 635 1432 703 1368 700 storage-tank 0.7146
994 276 1061 273 1064 344 997 347 storage-tank 0.7127
1238 1622 1290 1624 1289 1680 1236 1678 storage-tank 0.7063
866 2004 927 2004 926 2069 865 2068 storage-tank 0.6941
910 285 977 287 974 359 907 357 storage-tank 0.6877
627 1703 688 1696 695 1759 635 1766 storage-tank 0.6823
1185 312 1249 315 1247 384 1182 382 storage-tank 0.6732
758 1946 819 1933 833 1999 772 2012 storage-tank 0.6678
1798 574 1848 570 1852 623 1802 627 storage-tank 0.6645
607 1545 668 1545 668 1612 607 1612 storage-tank 0.6539
1367 1843 1416 1845 1414 1897 1365 1895 storage-tank 0.6503
805 800 847 801 846 846 804 845 storage-tank 0.6490
972 192 1039 180 1052 251 985 263 storage-tank 0.6411
1444 1524 1486 1526 1484 1572 1442 1570 storage-tank 0.6406
1115 2038 1175 2039 1173 2103 1113 2102 storage-tank 0.6395
768 2029 825 2011 844 2071 787 2089 storage-tank 0.6371
1710 584 1763 583 1764 639 1712 640 storage-tank 0.6365
788 2096 848 2093 851 2158 791 2161 storage-tank 0.6356
1334 1611 1385 1610 1385 1666 1334 1667 storage-tank 0.6326
1510 1998 1546 1996 1547 2035 1512 2037 storage-tank 0.6314
1321 1522 1370 1523 1369 1577 1319 1576 storage-tank 0.6312
891 205 956 193 969 263 904 275 storage-tank 0.6307
1220 528 1277 526 1279 588 1223 590 storage-tank 0.6276
1511 1441 1557 1444 1553 1493 1508 1490 storage-tank 0.6211
1369 517 1413 517 1413 565 1369 565 storage-tank 0.6206
878 2084 939 2075 950 2140 888 2150 storage-tank 0.6204
1824 767 1882 766 1883 827 1826 829 storage-tank 0.6162
1019 372 1068 370 1071 422 1022 425 storage-tank 0.6103
883 789 923 788 923 831 883 832 storage-tank 0.6007
1486 1821 1527 1820 1528 1866 1487 1866 storage-tank 0.5999
1735 783 1790 782 1791 840 1737 842 storage-tank 0.5945
773 649 817 649 817 697 773 698 storage-tank 0.5923
1299 2018 1339 2017 1340 2060 1300 2061 storage-tank 0.5923
776 233 813 233 814 272 776 273 storage-tank 0.5915
1377 1938 1421 1937 1422 1985 1378 1986 storage-tank 0.5914
855 1929 913 1924 918 1986 860 1991 storage-tank 0.5900
938 385 987 383 989 435 940 437 storage-tank 0.5866
544 1710 603 1710 603 1775 544 1775 storage-tank 0.5846
790 302 831 303 830 346 789 344 storage-tank 0.5834
1236 658 1298 656 1301 721 1239 724 storage-tank 0.5819
1732 689 1778 691 1776 742 1730 741 storage-tank 0.5798
847 636 891 638 890 685 846 684 storage-tank 0.5783
1050 533 1089 535 1087 576 1048 574 storage-tank 0.5760
1393 1999 1435 1996 1438 2043 1397 2046 storage-tank 0.5758
798 371 840 372 839 415 798 414 storage-tank 0.5722
1821 677 1866 679 1864 728 1818 726 storage-tank 0.5704
1104 1959 1161 1962 1158 2024 1100 2022 storage-tank 0.5687
653 1955 701 1953 703 2004 656 2007 storage-tank 0.5680
594 1469 653 1468 654 1532 595 1533 storage-tank 0.5677
996 739 1041 739 1041 787 996 788 storage-tank 0.5676
683 2133 727 2133 727 2180 683 2180 storage-tank 0.5675
834 572 881 569 883 619 837 621 storage-tank 0.5672
503 1487 559 1484 562 1544 506 1547 storage-tank 0.5669
1808 413 1845 412 1846 451 1809 452 storage-tank 0.5646
1227 1535 1275 1538 1271 1589 1224 1586 storage-tank 0.5622
1071 663 1111 665 1108 708 1068 706 storage-tank 0.5612
1508 1946 1544 1944 1546 1985 1509 1986 storage-tank 0.5609
1526 1513 1568 1516 1566 1559 1524 1557 storage-tank 0.5592
517 1561 575 1561 575 1622 517 1622 storage-tank 0.5579
858 705 903 706 902 755 857 754 storage-tank 0.5571
1591 1939 1624 1939 1624 1974 1590 1974 storage-tank 0.5548
1080 729 1119 729 1119 770 1080 770 storage-tank 0.5529
780 716 829 715 830 767 781 768 storage-tank 0.5501
597 2093 642 2083 653 2130 608 2141 storage-tank 0.5436
1027 1976 1082 1979 1079 2037 1024 2035 storage-tank 0.5424
967 545 1008 546 1007 590 967 589 storage-tank 0.5418
1273 1860 1317 1858 1319 1905 1275 1907 storage-tank 0.5386
582 1968 624 1969 623 2015 581 2014 storage-tank 0.5378
612 1628 673 1616 686 1679 625 1692 storage-tank 0.5376
1041 2051 1097 2052 1096 2113 1039 2112 storage-tank 0.5370
1590 1981 1625 1980 1627 2017 1592 2018 storage-tank 0.5343
738 383 777 383 777 426 738 426 storage-tank 0.5343
1024 1899 1064 1899 1063 1945 1023 1944 storage-tank 0.5328
592 2027 637 2025 639 2074 594 2076 storage-tank 0.5325
1577 1865 1619 1865 1619 1910 1577 1910 storage-tank 0.5323
977 611 1018 611 1018 657 976 657 storage-tank 0.5321
717 223 752 223 752 261 717 260 storage-tank 0.5318
1660 324 1688 326 1686 357 1658 356 storage-tank 0.5310
1754 420 1791 419 1792 459 1755 460 storage-tank 0.5288
536 1638 587 1640 585 1696 534 1694 storage-tank 0.5271
1497 1885 1538 1885 1539 1929 1497 1929 storage-tank 0.5256
758 580 805 579 807 629 760 631 storage-tank 0.5253
1590 445 1620 444 1621 477 1591 477 storage-tank 0.5236
1567 1809 1607 1810 1606 1855 1566 1854 storage-tank 0.5189
670 2074 713 2070 717 2119 674 2122 storage-tank 0.5173
2703 1634 2744 1632 2746 1676 2706 1678 storage-tank 0.5166
756 1659 796 1658 796 1700 757 1700 storage-tank 0.5150
1431 1451 1477 1453 1474 1502 1429 1500 storage-tank 0.5134
1454 1604 1494 1604 1494 1647 1454 1647 storage-tank 0.5133
2681 1512 2709 1511 2709 1544 2681 1544 storage-tank 0.5127
727 308 769 309 767 354 726 352 storage-tank 0.5113
1293 321 1356 272 1410 340 1347 390 storage-tank 0.5107
1672 435 1704 435 1704 472 1671 471 storage-tank 0.5084
769 1711 804 1710 805 1747 771 1748 storage-tank 0.5027
1096 1889 1137 1879 1148 1925 1107 1935 storage-tank 0.4996
1287 1955 1327 1954 1328 1997 1288 1998 storage-tank 0.4947
1537 1596 1574 1596 1574 1637 1537 1636 storage-tank 0.4875
988 676 1029 677 1028 722 987 721 storage-tank 0.4859
1587 412 1616 412 1616 444 1587 443 storage-tank 0.4819
663 2021 707 2016 712 2064 668 2068 storage-tank 0.4791
1807 116 1838 114 1839 149 1808 151 storage-tank 0.4759
1060 597 1101 598 1101 642 1059 642 storage-tank 0.4753
1703 432 1737 431 1739 470 1704 471 storage-tank 0.4730
2697 1594 2734 1592 2736 1633 2700 1635 storage-tank 0.4667
817 433 854 432 856 473 818 475 storage-tank 0.4640
1773 261 1796 261 1797 289 1774 289 storage-tank 0.4523
1807 90 1836 89 1838 121 1808 122 storage-tank 0.4430
769 1558 798 1559 796 1591 768 1590 storage-tank 0.4421
2704 1497 2730 1496 2731 1526 2705 1527 storage-tank 0.4301
1217 1480 1247 1478 1250 1515 1220 1517 storage-tank 0.4222
1677 277 1700 278 1698 308 1675 306 storage-tank 0.4161
814 1704 845 1704 845 1737 814 1737 storage-tank 0.4031
812 1675 842 1675 842 1707 812 1707 storage-tank 0.3996
1584 1909 1620 1907 1622 1945 1586 1947 storage-tank 0.3987
724 274 761 270 765 309 728 313 storage-tank 0.3852
761 447 798 443 802 483 765 486 storage-tank 0.3821
775 203 807 204 806 241 774 240 storage-tank 0.3798
745 1493 767 1494 767 1520 744 1520 storage-tank 0.3757
763 1480 786 1481 785 1508 763 1507 storage-tank 0.3740
1579 317 1601 321 1596 349 1574 345 storage-tank 0.3710
627 2172 657 2172 657 2211 627 2211 storage-tank 0.3703
749 1536 774 1536 774 1565 749 1565 storage-tank 0.3677
1723 411 1753 410 1754 444 1724 445 storage-tank 0.3649
1758 287 1779 287 1778 311 1757 311 storage-tank 0.3610
1038 1519 1069 1519 1069 1554 1038 1554 storage-tank 0.3600
975 1535 1005 1534 1005 1570 975 1570 storage-tank 0.3526
1633 445 1663 444 1664 476 1634 478 storage-tank 0.3497
1042 1565 1072 1563 1075 1595 1044 1597 storage-tank 0.3430
2713 1746 2738 1747 2738 1774 2713 1773 storage-tank 0.3428
1689 411 1718 411 1719 441 1690 442 storage-tank 0.3379
1798 66 1823 67 1823 95 1798 94 storage-tank 0.3349
1679 367 1707 365 1709 394 1681 396 storage-tank 0.3317
765 1508 790 1508 790 1536 766 1536 storage-tank 0.3288
648 1381 681 1384 678 1422 645 1420 storage-tank 0.3264
1635 753 1662 751 1665 783 1638 785 storage-tank 0.3246
1656 409 1685 409 1685 439 1656 439 storage-tank 0.3233
1684 328 1710 328 1710 356 1684 356 storage-tank 0.3221
2642 1626 2662 1625 2664 1657 2643 1658 storage-tank 0.3221
1705 380 1732 380 1732 410 1705 410 storage-tank 0.3213
1581 345 1602 348 1598 373 1577 370 storage-tank 0.3203
1780 305 1800 304 1802 326 1782 328 storage-tank 0.3161
1744 310 1765 310 1765 333 1745 333 storage-tank 0.3159
1643 806 1671 806 1671 837 1643 838 storage-tank 0.3154
1652 362 1680 360 1682 389 1655 392 storage-tank 0.3148
1650 848 1677 848 1678 881 1650 881 storage-tank 0.3114
983 1584 1013 1583 1014 1616 983 1616 storage-tank 0.3109
1792 286 1813 286 1812 310 1792 310 storage-tank 0.3106
1634 693 1657 694 1656 723 1633 723 storage-tank 0.3069
763 280 798 277 801 317 765 319 storage-tank 0.3031
1648 280 1668 278 1670 308 1650 310 storage-tank 0.3002
1705 305 1726 305 1726 330 1704 330 storage-tank 0.2975
2007 787 2036 789 2034 822 2005 821 storage-tank 0.2971
1325 1468 1349 1466 1352 1500 1328 1502 storage-tank 0.2969
1764 60 1785 58 1788 87 1767 89 storage-tank 0.2901
2671 1625 2699 1625 2699 1660 2671 1660 storage-tank 0.2891
1856 113 1882 113 1883 148 1856 148 storage-tank 0.2889
808 1729 835 1730 833 1761 807 1760 storage-tank 0.2878
945 1395 971 1396 971 1428 944 1427 storage-tank 0.2845
1618 408 1646 408 1646 439 1619 439 storage-tank 0.2775
748 1560 774 1561 772 1589 747 1588 storage-tank 0.2773
2615 1602 2629 1599 2635 1625 2621 1628 storage-tank 0.2762
1533 1564 1569 1562 1572 1600 1535 1603 storage-tank 0.2760
2476 1477 2498 1479 2496 1507 2475 1505 storage-tank 0.2751
1498 1977 1526 1977 1526 2007 1498 2007 storage-tank 0.2743
1724 276 1744 277 1743 302 1722 301 storage-tank 0.2706
1785 119 1805 118 1806 144 1785 145 storage-tank 0.2703
2741 1634 2771 1635 2770 1671 2740 1670 storage-tank 0.2703
2679 1560 2706 1559 2707 1592 2680 1592 storage-tank 0.2698
2624 1625 2640 1623 2642 1650 2626 1652 storage-tank 0.2696
752 354 788 349 793 387 758 392 storage-tank 0.2695
1780 94 1801 93 1803 118 1782 120 storage-tank 0.2684
1570 294 1590 297 1585 328 1565 325 storage-tank 0.2666
2638 1584 2656 1580 2662 1606 2643 1610 storage-tank 0.2665
2711 1721 2738 1722 2737 1751 2710 1750 storage-tank 0.2645
1628 372 1653 371 1654 400 1628 400 storage-tank 0.2627
1737 358 1760 357 1762 383 1739 385 storage-tank 0.2594
1800 306 1819 304 1822 326 1803 329 storage-tank 0.2593
1707 348 1731 347 1732 375 1708 376 storage-tank 0.2585
2782 1504 2801 1504 2800 1533 2782 1532 storage-tank 0.2580
1625 322 1647 326 1643 353 1620 349 storage-tank 0.2563
1387 1470 1414 1472 1411 1507 1384 1504 storage-tank 0.2539
1794 139 1817 138 1818 165 1795 166 storage-tank 0.2535
2654 1510 2675 1512 2672 1541 2650 1539 storage-tank 0.2533
2752 1487 2774 1488 2773 1519 2751 1518 storage-tank 0.2532
2606 1582 2620 1578 2627 1602 2613 1606 storage-tank 0.2530
1352 1470 1376 1472 1373 1503 1349 1501 storage-tank 0.2526
1767 396 1793 394 1795 424 1769 426 storage-tank 0.2523
1009 546 1047 546 1048 585 1009 585 storage-tank 0.2515
1005 1650 1027 1651 1027 1680 1005 1680 storage-tank 0.2509
783 424 818 420 822 459 787 463 storage-tank 0.2505
1403 1486 1436 1484 1438 1522 1405 1524 storage-tank 0.2497
1829 389 1853 390 1852 419 1828 418 storage-tank 0.2493
1634 658 1655 660 1652 689 1631 688 storage-tank 0.2481
2640 1556 2659 1554 2662 1580 2643 1582 storage-tank 0.2475
1452 1951 1482 1951 1483 1983 1452 1983 storage-tank 0.2470
1056 1605 1084 1606 1083 1636 1055 1634 storage-tank 0.2445
1698 267 1715 267 1714 292 1698 291 storage-tank 0.2445
1772 355 1794 352 1797 377 1776 380 storage-tank 0.2431
2788 1530 2807 1530 2807 1557 2788 1557 storage-tank 0.2402
1446 1998 1477 1998 1477 2031 1447 2032 storage-tank 0.2382
1741 262 1758 262 1759 286 1742 286 storage-tank 0.2382
1064 1648 1087 1649 1086 1679 1063 1678 storage-tank 0.2373
2722 1778 2744 1781 2741 1808 2719 1805 storage-tank 0.2369
1797 263 1817 265 1816 289 1796 288 storage-tank 0.2362
1819 311 1837 310 1838 333 1820 334 storage-tank 0.2355
2681 1722 2701 1720 2703 1744 2683 1745 storage-tank 0.2343
2712 1525 2737 1525 2736 1552 2712 1552 storage-tank 0.2340
2604 1559 2619 1557 2622 1579 2608 1581 storage-tank 0.2315
2677 1670 2698 1667 2702 1692 2680 1695 storage-tank 0.2309
1759 244 1775 240 1781 262 1765 266 storage-tank 0.2306
2617 1516 2634 1517 2633 1544 2616 1544 storage-tank 0.2302
1768 153 1785 150 1788 174 1771 176 storage-tank 0.2299
2678 1745 2699 1745 2699 1772 2677 1771 storage-tank 0.2297
1822 354 1842 353 1844 378 1824 379 storage-tank 0.2293
2643 1669 2658 1667 2661 1687 2645 1689 storage-tank 0.2276
682 1898 700 1881 725 1909 707 1925 storage-tank 0.2254
1732 90 1747 89 1749 111 1733 112 storage-tank 0.2239
2649 1718 2665 1715 2668 1737 2652 1740 storage-tank 0.2236
2802 1505 2819 1505 2819 1535 2802 1535 storage-tank 0.2223
1827 53 1849 53 1849 81 1827 81 storage-tank 0.2218
1789 247 1806 246 1807 268 1789 269 storage-tank 0.2207
2658 1747 2677 1746 2677 1772 2659 1773 storage-tank 0.2200
1737 117 1752 116 1754 138 1739 139 storage-tank 0.2189
1734 60 1751 58 1753 84 1736 85 storage-tank 0.2167
721 718 752 717 753 754 722 755 storage-tank 0.2150
1850 317 1867 316 1867 339 1851 339 storage-tank 0.2137
1846 78 1871 81 1868 109 1844 107 storage-tank 0.2135
1775 189 1792 186 1796 207 1780 210 storage-tank 0.2130
1564 1998 1590 1996 1592 2028 1566 2029 storage-tank 0.2126
1529 1862 1565 1859 1569 1899 1533 1902 storage-tank 0.2109
758 1595 786 1594 788 1623 760 1624 storage-tank 0.2105
995 647 1031 645 1034 684 997 686 storage-tank 0.2100
1754 198 1768 192 1777 212 1763 218 storage-tank 0.2082
1846 348 1864 349 1864 373 1845 372 storage-tank 0.2077
1355 2014 1391 2011 1394 2050 1358 2053 storage-tank 0.2070
1737 140 1752 138 1755 160 1740 162 storage-tank 0.2058
1737 236 1750 230 1759 251 1746 256 storage-tank 0.2053
1319 1965 1355 1964 1357 2002 1320 2003 storage-tank 0.2053
2758 1529 2778 1530 2777 1555 2757 1555 storage-tank 0.2044
2803 1531 2821 1530 2823 1559 2804 1559 storage-tank 0.2043
1620 286 1638 286 1637 314 1619 313 storage-tank 0.2042
1879 689 1909 688 1911 725 1881 726 storage-tank 0.2034
1015 1690 1032 1690 1032 1718 1014 1717 storage-tank 0.1994
1462 1849 1494 1848 1496 1882 1464 1883 storage-tank 0.1993
2599 1598 2612 1594 2619 1617 2606 1621 storage-tank 0.1985
1793 184 1810 182 1813 203 1796 205 storage-tank 0.1981
619 1961 657 1960 657 2004 620 2004 storage-tank 0.1971
1687 85 1701 82 1706 104 1692 107 storage-tank 0.1964
1036 682 1072 682 1072 718 1036 719 storage-tank 0.1957
1012 1564 1040 1563 1041 1593 1013 1594 storage-tank 0.1954
1731 167 1744 161 1753 182 1740 188 storage-tank 0.1954
2697 1766 2719 1766 2720 1793 2697 1793 storage-tank 0.1953
1705 233 1717 227 1726 246 1714 252 storage-tank 0.1937
1455 1494 1492 1491 1495 1531 1458 1533 storage-tank 0.1927
2740 1588 2765 1589 2764 1617 2739 1616 storage-tank 0.1924
1012 1537 1042 1531 1048 1562 1018 1568 storage-tank 0.1924
1729 203 1739 194 1754 212 1743 221 storage-tank 0.1915
1238 1626 1290 1626 1289 1683 1238 1683 roundabout 0.1093
1115 2038 1175 2039 1173 2103 1113 2102 roundabout 0.1046
1334 1611 1385 1610 1385 1666 1334 1667 roundabout 0.1003
