375 1784 411 1770 428 1813 392 1827 plane 0.1361
1400 1123 1435 1122 1436 1168 1401 1169 plane 0.1177
1903 364 1954 364 1955 419 1903 419 plane 0.1113
1523 1474 1561 1473 1562 1515 1523 1515 plane 0.1047
2393 1998 2452 2000 2450 2061 2391 2059 plane 0.1018
2703 2303 2694 2276 2751 2257 2760 2284 bridge 0.3089
2020 489 2081 491 2079 556 2018 554 small-vehicle 0.1680
2393 1998 2452 2000 2450 2061 2391 2059 small-vehicle 0.1463
2371 1933 2425 1933 2425 1991 2371 1991 small-vehicle 0.1438
2205 2108 2263 2106 2265 2167 2208 2169 small-vehicle 0.1419
2277 1724 2334 1722 2337 1784 2279 1787 small-vehicle 0.1403
901 921 955 917 959 975 905 978 small-vehicle 0.1386
1072 790 1131 785 1137 849 1077 854 small-vehicle 0.1309
2008 2184 2065 2181 2068 2241 2012 2244 small-vehicle 0.1301
1503 2448 1562 2446 1564 2507 1506 2509 small-vehicle 0.1299
1101 858 1165 855 1169 923 1105 927 small-vehicle 0.1293
2493 1964 2549 1962 2551 2022 2495 2025 small-vehicle 0.1292
2400 1677 2460 1673 2464 1739 2404 1742 small-vehicle 0.1285
1173 827 1235 825 1237 891 1175 893 small-vehicle 0.1280
955 822 1008 821 1008 877 956 877 small-vehicle 0.1272
980 888 1033 890 1031 947 978 945 small-vehicle 0.1255
1408 2402 1465 2401 1466 2463 1409 2464 small-vehicle 0.1246
2248 1650 2304 1648 2307 1711 2250 1713 small-vehicle 0.1245
1434 2472 1492 2469 1496 2533 1437 2536 small-vehicle 0.1244
1934 2314 1980 2311 1983 2360 1938 2363 small-vehicle 0.1238
1478 2375 1535 2376 1534 2436 1477 2435 small-vehicle 0.1235
1518 722 1565 720 1568 770 1521 772 small-vehicle 0.1187
392 1557 440 1557 439 1608 392 1608 small-vehicle 0.1163
926 989 980 988 980 1047 926 1047 small-vehicle 0.1152
2085 2152 2143 2153 2142 2215 2084 2214 small-vehicle 0.1143
1903 364 1954 364 1955 419 1903 419 small-vehicle 0.1131
2031 2251 2092 2248 2096 2314 2034 2317 small-vehicle 0.1130
1001 957 1058 958 1058 1019 1001 1019 small-vehicle 0.1118
1700 451 1743 449 1746 495 1702 497 small-vehicle 0.1112
2283 2078 2339 2079 2338 2139 2282 2138 small-vehicle 0.1109
2303 2146 2364 2144 2366 2209 2305 2211 small-vehicle 0.1104
874 851 929 849 931 907 876 909 small-vehicle 0.1104
2370 1601 2431 1597 2434 1664 2373 1667 small-vehicle 0.1087
2231 2175 2291 2176 2291 2240 2231 2240 small-vehicle 0.1087
1366 777 1408 773 1412 819 1370 823 small-vehicle 0.1085
1352 2310 1397 2309 1397 2358 1353 2359 small-vehicle 0.1068
1144 753 1205 752 1206 816 1146 818 small-vehicle 0.1067
1467 1276 1513 1276 1513 1324 1468 1325 small-vehicle 0.1059
1324 705 1364 702 1368 746 1328 750 small-vehicle 0.1054
2109 2225 2171 2221 2176 2287 2113 2291 small-vehicle 0.1052
1942 1886 1985 1885 1986 1934 1943 1935 small-vehicle 0.1050
1296 659 1338 656 1342 701 1300 705 small-vehicle 0.1046
1623 480 1662 479 1663 521 1624 522 small-vehicle 0.1045
1025 1027 1083 1027 1082 1088 1024 1087 small-vehicle 0.1042
2008 1856 2052 1856 2052 1906 2007 1905 small-vehicle 0.1040
926 748 981 748 982 808 927 808 small-vehicle 0.1037
1460 628 1503 626 1506 673 1463 675 small-vehicle 0.1035
2464 1896 2519 1894 2521 1953 2467 1955 small-vehicle 0.1033
1845 388 1894 387 1895 440 1846 441 small-vehicle 0.1018
948 1060 1004 1058 1006 1117 950 1119 small-vehicle 0.1003
2414 2078 2493 2074 2496 2159 2417 2162 storage-tank 0.8388
1597 2267 1675 2268 1674 2352 1596 2351 storage-tank 0.8371
2114 841 2198 842 2197 932 2113 931 storage-tank 0.8026
2513 2039 2591 2036 2594 2120 2515 2122 storage-tank 0.7808
1634 2368 1712 2365 1715 2447 1636 2450 storage-tank 0.7573
2179 1024 2260 1022 2262 1109 2180 1110 storage-tank 0.7486
1697 2228 1772 2229 1771 2310 1695 2309 storage-tank 0.7409
1733 2327 1812 2327 1811 2409 1733 2408 storage-tank 0.7383
2400 1677 2460 1673 2464 1739 2404 1742 storage-tank 0.6896
1559 2166 1637 2169 1633 2252 1555 2249 storage-tank 0.6723
1658 2132 1736 2130 1738 2210 1661 2213 storage-tank 0.6717
2020 489 2081 491 2079 556 2018 554 storage-tank 0.6536
1903 364 1954 364 1955 419 1903 419 storage-tank 0.6429
2303 2146 2364 2144 2366 2209 2305 2211 storage-tank 0.6285
1478 2375 1535 2376 1534 2436 1477 2435 storage-tank 0.6263
1173 827 1235 825 1237 891 1175 893 storage-tank 0.6217
2370 1601 2431 1597 2434 1664 2373 1667 storage-tank 0.6211
2277 1724 2334 1722 2337 1784 2279 1787 storage-tank 0.6191
1814 310 1868 311 1867 369 1813 368 storage-tank 0.6084
2393 1998 2452 2000 2450 2061 2391 2059 storage-tank 0.6071
2008 1856 2052 1856 2052 1906 2007 1905 storage-tank 0.6067
2108 2224 2170 2222 2171 2288 2109 2289 storage-tank 0.6066
1695 453 1741 450 1743 498 1698 500 storage-tank 0.6024
955 822 1008 821 1008 877 956 877 storage-tank 0.6024
2351 1876 2399 1875 2400 1925 2352 1926 storage-tank 0.6016
2036 676 2072 675 2074 715 2037 717 storage-tank 0.6002
2371 1933 2425 1933 2425 1991 2371 1991 storage-tank 0.5987
1962 526 2001 525 2002 568 1964 569 storage-tank 0.5955
1337 2428 1396 2424 1401 2488 1341 2492 storage-tank 0.5954
1408 2402 1465 2401 1466 2463 1409 2464 storage-tank 0.5953
1101 858 1165 855 1169 923 1105 927 storage-tank 0.5946
392 1557 440 1557 439 1608 392 1608 storage-tank 0.5929
2031 2251 2092 2248 2096 2314 2034 2317 storage-tank 0.5918
334 1580 374 1581 373 1627 333 1626 storage-tank 0.5888
1670 366 1711 367 1710 410 1668 409 storage-tank 0.5861
1956 2031 2005 2032 2004 2083 1955 2082 storage-tank 0.5847
1144 753 1205 752 1206 816 1146 818 storage-tank 0.5842
2008 2184 2065 2181 2068 2241 2012 2244 storage-tank 0.5816
2248 1650 2304 1648 2307 1711 2250 1713 storage-tank 0.5803
2205 2108 2263 2106 2265 2167 2208 2169 storage-tank 0.5795
1038 714 1102 708 1108 778 1044 783 storage-tank 0.5773
2231 2175 2291 2176 2291 2240 2231 2240 storage-tank 0.5761
926 748 981 748 982 808 927 808 storage-tank 0.5758
1503 2448 1562 2446 1564 2507 1506 2509 storage-tank 0.5755
1113 682 1176 679 1178 746 1116 749 storage-tank 0.5749
1845 388 1894 387 1895 440 1846 441 storage-tank 0.5694
1984 2116 2031 2114 2032 2163 1985 2164 storage-tank 0.5684
871 850 927 847 930 906 874 909 storage-tank 0.5673
1654 316 1694 315 1695 358 1655 359 storage-tank 0.5672
1592 483 1626 481 1628 518 1593 520 storage-tank 0.5631
901 921 955 917 959 975 905 978 storage-tank 0.5631
2460 1893 2518 1890 2521 1952 2463 1955 storage-tank 0.5628
2372 1233 2403 1233 2403 1267 2371 1266 storage-tank 0.5626
847 781 902 776 908 835 852 840 storage-tank 0.5626
2056 2092 2106 2088 2110 2141 2061 2145 storage-tank 0.5597
1934 2314 1980 2311 1983 2360 1938 2363 storage-tank 0.5595
2283 2078 2339 2079 2338 2139 2282 2138 storage-tank 0.5570
398 1671 435 1669 437 1710 400 1711 storage-tank 0.5563
1623 480 1662 479 1663 521 1624 522 storage-tank 0.5563
2496 2331 2542 2331 2542 2379 2496 2379 storage-tank 0.5530
1296 1819 1331 1816 1333 1854 1298 1857 storage-tank 0.5525
1026 1026 1083 1028 1082 1088 1024 1087 storage-tank 0.5499
1434 2472 1492 2469 1496 2533 1437 2536 storage-tank 0.5474
1671 1380 1722 1380 1722 1435 1672 1436 storage-tank 0.5450
2554 2410 2594 2410 2594 2454 2554 2454 storage-tank 0.5391
2085 2152 2143 2153 2142 2215 2084 2214 storage-tank 0.5384
1996 429 2042 429 2043 480 1996 480 storage-tank 0.5377
1568 371 1602 372 1602 410 1568 410 storage-tank 0.5374
2151 1959 2199 1960 2198 2009 2150 2008 storage-tank 0.5372
1001 957 1058 958 1058 1019 1001 1019 storage-tank 0.5362
405 1486 444 1485 445 1528 407 1529 storage-tank 0.5336
2023 2433 2070 2434 2069 2485 2021 2483 storage-tank 0.5313
1352 2310 1397 2309 1397 2358 1353 2359 storage-tank 0.5289
2148 1694 2194 1692 2195 1745 2150 1746 storage-tank 0.5289
948 1058 1003 1056 1004 1115 949 1116 storage-tank 0.5268
2493 1964 2549 1962 2551 2022 2495 2025 storage-tank 0.5228
980 888 1033 890 1031 947 978 945 storage-tank 0.5224
1518 722 1565 720 1568 770 1521 772 storage-tank 0.5223
1765 692 1813 691 1815 742 1767 744 storage-tank 0.5206
1265 1727 1301 1729 1300 1769 1264 1767 storage-tank 0.5206
1377 1786 1420 1786 1420 1831 1378 1831 storage-tank 0.5186
1326 826 1370 822 1375 869 1330 874 storage-tank 0.5152
1070 788 1129 783 1134 847 1075 851 storage-tank 0.5150
2281 1195 2313 1195 2312 1232 2280 1231 storage-tank 0.5150
1879 1833 1923 1832 1924 1881 1881 1882 storage-tank 0.5139
1581 1383 1617 1381 1620 1421 1584 1423 storage-tank 0.5137
1876 284 1931 285 1930 343 1876 343 storage-tank 0.5135
1990 1798 2031 1798 2031 1844 1990 1843 storage-tank 0.5135
1691 1459 1749 1457 1751 1519 1693 1521 storage-tank 0.5115
1964 632 1999 631 2000 671 1965 672 storage-tank 0.5113
1677 402 1718 401 1719 444 1678 445 storage-tank 0.5074
2023 606 2062 608 2060 652 2021 650 storage-tank 0.5073
2512 2430 2550 2429 2551 2471 2513 2472 storage-tank 0.5066
1886 489 1919 490 1918 527 1885 525 storage-tank 0.5055
1995 690 2029 690 2029 728 1995 728 storage-tank 0.5052
1880 2342 1922 2338 1926 2384 1884 2388 storage-tank 0.5043
1463 754 1508 751 1511 798 1466 801 storage-tank 0.5038
1942 1886 1985 1885 1986 1934 1943 1935 storage-tank 0.5036
1469 1279 1514 1277 1516 1326 1472 1328 storage-tank 0.5025
374 1497 411 1496 413 1537 376 1538 storage-tank 0.5023
1945 465 1983 463 1985 505 1946 507 storage-tank 0.5000
1303 2328 1348 2325 1351 2375 1306 2378 storage-tank 0.4992
1424 2218 1470 2215 1473 2266 1427 2269 storage-tank 0.4984
1917 542 1952 542 1952 580 1917 580 storage-tank 0.4977
2257 2020 2303 2016 2308 2066 2261 2070 storage-tank 0.4972
2424 2311 2463 2310 2465 2351 2425 2352 storage-tank 0.4957
1787 2087 1833 2086 1835 2134 1789 2136 storage-tank 0.4957
2194 1683 2240 1682 2241 1735 2195 1737 storage-tank 0.4956
2445 1837 2490 1836 2491 1884 2446 1885 storage-tank 0.4955
2411 2478 2449 2477 2450 2521 2412 2522 storage-tank 0.4935
1366 777 1408 773 1412 819 1370 823 storage-tank 0.4922
1410 535 1453 533 1455 580 1412 582 storage-tank 0.4908
323 1518 359 1517 361 1558 325 1559 storage-tank 0.4900
1348 1703 1386 1703 1386 1746 1348 1745 storage-tank 0.4891
1429 1193 1472 1193 1471 1240 1429 1239 storage-tank 0.4891
1376 1215 1415 1216 1413 1258 1374 1257 storage-tank 0.4885
1599 405 1635 403 1637 441 1602 443 storage-tank 0.4881
2450 2341 2489 2338 2491 2380 2452 2382 storage-tank 0.4863
1865 2288 1908 2286 1911 2333 1867 2335 storage-tank 0.4851
1400 1298 1436 1297 1438 1336 1402 1337 storage-tank 0.4844
1584 1417 1620 1414 1623 1455 1587 1457 storage-tank 0.4831
2050 2057 2093 2056 2095 2100 2052 2102 storage-tank 0.4819
2586 2399 2627 2398 2628 2443 2587 2444 storage-tank 0.4816
1918 1822 1961 1821 1962 1871 1918 1872 storage-tank 0.4816
1907 1896 1951 1896 1952 1946 1907 1946 storage-tank 0.4809
2246 1977 2289 1977 2290 2020 2247 2021 storage-tank 0.4808
1675 651 1728 651 1728 705 1675 706 storage-tank 0.4805
1832 2207 1875 2205 1876 2250 1834 2252 storage-tank 0.4792
1388 613 1430 613 1430 656 1388 656 storage-tank 0.4787
1717 547 1773 549 1771 611 1715 610 storage-tank 0.4780
2180 2045 2226 2042 2230 2090 2184 2093 storage-tank 0.4752
925 987 980 988 979 1046 925 1046 storage-tank 0.4746
1218 638 1261 639 1260 683 1217 683 storage-tank 0.4740
1297 778 1338 774 1343 819 1302 823 storage-tank 0.4723
1273 732 1314 729 1318 773 1276 776 storage-tank 0.4717
2212 1757 2260 1755 2263 1811 2214 1813 storage-tank 0.4706
1406 2290 1450 2289 1451 2337 1408 2338 storage-tank 0.4703
2368 1196 2398 1196 2398 1229 2368 1229 storage-tank 0.4701
1540 379 1575 379 1576 417 1540 418 storage-tank 0.4692
2050 2492 2101 2491 2102 2545 2051 2547 storage-tank 0.4661
1747 623 1801 622 1803 679 1749 680 storage-tank 0.4660
1360 568 1403 567 1405 614 1362 615 storage-tank 0.4561
1730 281 1764 280 1764 320 1730 321 storage-tank 0.4557
1330 1167 1364 1167 1363 1204 1329 1204 storage-tank 0.4556
2337 1182 2367 1181 2368 1214 2337 1215 storage-tank 0.4553
1439 703 1483 701 1485 747 1442 749 storage-tank 0.4526
1813 2157 1856 2155 1858 2200 1815 2202 storage-tank 0.4513
1916 476 1951 474 1952 513 1917 514 storage-tank 0.4509
1278 1774 1314 1775 1313 1811 1278 1810 storage-tank 0.4482
2440 2467 2478 2466 2479 2508 2441 2509 storage-tank 0.4474
2029 2006 2077 2007 2075 2056 2028 2055 storage-tank 0.4466
1460 628 1503 626 1506 673 1463 675 storage-tank 0.4461
1324 705 1364 702 1368 746 1328 750 storage-tank 0.4460
1574 425 1605 425 1605 460 1573 460 storage-tank 0.4442
1287 2265 1329 2266 1328 2314 1286 2313 storage-tank 0.4425
1640 580 1698 576 1702 636 1643 640 storage-tank 0.4419
2318 1627 2368 1627 2368 1684 2318 1684 storage-tank 0.4413
1267 609 1309 606 1313 651 1271 655 storage-tank 0.4407
1379 2230 1424 2230 1424 2281 1379 2281 storage-tank 0.4394
1408 654 1450 651 1453 695 1411 698 storage-tank 0.4379
1296 659 1338 656 1342 701 1300 705 storage-tank 0.4361
1345 1743 1384 1743 1384 1784 1346 1784 storage-tank 0.4332
1252 687 1293 687 1292 729 1252 729 storage-tank 0.4282
1190 1799 1244 1800 1243 1860 1188 1859 storage-tank 0.4281
1293 255 1337 254 1339 300 1294 302 storage-tank 0.4276
2323 1251 2354 1252 2353 1286 2322 1285 storage-tank 0.4271
1573 456 1606 453 1608 490 1575 492 storage-tank 0.4245
1892 2183 1933 2182 1935 2225 1894 2226 storage-tank 0.4236
1346 1818 1380 1816 1383 1853 1349 1856 storage-tank 0.4204
1854 2249 1896 2249 1895 2292 1854 2291 storage-tank 0.4161
1618 1368 1659 1365 1662 1410 1622 1413 storage-tank 0.4105
1324 2256 1369 2255 1370 2307 1325 2308 storage-tank 0.4050
1445 592 1486 591 1488 634 1447 636 storage-tank 0.4049
2172 2004 2214 2003 2215 2046 2173 2047 storage-tank 0.4049
1427 206 1462 205 1463 243 1427 244 storage-tank 0.3957
1361 237 1394 236 1395 270 1362 270 storage-tank 0.3943
2342 1711 2390 1708 2393 1762 2345 1764 storage-tank 0.3940
1874 2133 1914 2131 1917 2173 1876 2175 storage-tank 0.3838
1382 1276 1415 1275 1417 1312 1383 1313 storage-tank 0.3831
1492 680 1533 676 1537 721 1496 726 storage-tank 0.3809
1909 2234 1949 2232 1952 2275 1912 2277 storage-tank 0.3803
1598 374 1634 372 1636 409 1600 412 storage-tank 0.3735
2224 1937 2271 1937 2271 1985 2225 1986 storage-tank 0.3724
1700 722 1745 718 1749 765 1705 769 storage-tank 0.3722
1921 2268 1961 2264 1965 2308 1925 2312 storage-tank 0.3666
2509 2486 2541 2486 2540 2522 2508 2522 storage-tank 0.3646
2477 2512 2510 2512 2510 2549 2476 2549 storage-tank 0.3645
1405 387 1471 389 1469 460 1403 458 storage-tank 0.3619
1841 206 1872 203 1876 242 1845 246 storage-tank 0.3590
2172 1771 2222 1769 2225 1823 2175 1825 storage-tank 0.3584
1377 266 1412 266 1412 304 1377 303 storage-tank 0.3553
2025 1806 2064 1804 2066 1847 2026 1848 storage-tank 0.3545
1436 2264 1480 2262 1482 2309 1439 2311 storage-tank 0.3512
1311 1322 1331 1323 1329 1350 1309 1349 storage-tank 0.3486
2323 1219 2352 1221 2349 1252 2320 1250 storage-tank 0.3455
1848 2078 1889 2078 1889 2121 1848 2122 storage-tank 0.3454
2127 582 2155 566 2178 605 2149 621 storage-tank 0.3437
1958 675 1990 675 1990 710 1958 711 storage-tank 0.3427
435 1956 466 1956 465 1990 434 1990 storage-tank 0.3427
1995 646 2029 647 2027 685 1993 683 storage-tank 0.3422
1451 1247 1489 1246 1491 1287 1452 1288 storage-tank 0.3385
1393 226 1426 226 1426 260 1392 260 storage-tank 0.3319
1643 420 1679 417 1682 453 1646 456 storage-tank 0.3310
1321 1770 1356 1768 1358 1806 1323 1808 storage-tank 0.3304
1299 1717 1332 1717 1332 1755 1299 1755 storage-tank 0.3229
1297 1308 1316 1308 1314 1335 1296 1334 storage-tank 0.3172
1523 1474 1561 1473 1562 1515 1523 1515 storage-tank 0.3137
1838 2120 1877 2118 1879 2159 1840 2161 storage-tank 0.3104
1519 304 1564 302 1566 349 1521 352 storage-tank 0.3100
2555 2481 2585 2483 2583 2518 2553 2516 storage-tank 0.3077
1349 1311 1372 1312 1371 1341 1349 1341 storage-tank 0.3060
2446 2502 2479 2505 2476 2542 2443 2539 storage-tank 0.3060
2586 2481 2615 2481 2614 2516 2585 2515 storage-tank 0.3050
299 1530 331 1529 332 1568 299 1568 storage-tank 0.3040
1432 1297 1469 1294 1472 1337 1435 1339 storage-tank 0.3007
1776 247 1804 247 1804 283 1776 283 storage-tank 0.2999
444 1672 476 1671 476 1706 444 1707 storage-tank 0.2990
1325 1285 1347 1285 1348 1314 1326 1314 storage-tank 0.2958
947 403 973 403 973 432 946 432 storage-tank 0.2942
490 1926 517 1926 518 1958 491 1959 storage-tank 0.2934
1971 1836 2012 1836 2013 1881 1973 1882 storage-tank 0.2894
1201 1746 1234 1746 1234 1785 1201 1785 storage-tank 0.2827
1469 1421 1502 1422 1501 1461 1468 1460 storage-tank 0.2818
2157 644 2180 635 2192 668 2169 676 storage-tank 0.2778
2467 2418 2503 2418 2503 2455 2467 2456 storage-tank 0.2776
1329 391 1357 390 1358 421 1330 422 storage-tank 0.2755
1416 1245 1452 1243 1454 1282 1418 1285 storage-tank 0.2740
1294 1339 1314 1340 1313 1369 1292 1368 storage-tank 0.2736
1631 1414 1670 1407 1677 1449 1638 1457 storage-tank 0.2725
2149 623 2169 600 2200 626 2180 649 storage-tank 0.2719
1269 1190 1288 1191 1286 1218 1267 1217 storage-tank 0.2690
1363 1177 1395 1178 1394 1213 1362 1212 storage-tank 0.2682
1300 1260 1319 1261 1317 1288 1298 1287 storage-tank 0.2658
2288 1240 2317 1239 2319 1272 2289 1273 storage-tank 0.2654
1758 275 1788 275 1788 311 1757 311 storage-tank 0.2643
441 1548 479 1548 479 1589 440 1589 storage-tank 0.2643
1342 1208 1369 1208 1370 1240 1343 1241 storage-tank 0.2616
1684 299 1721 296 1723 334 1687 337 storage-tank 0.2613
1234 1732 1270 1733 1268 1772 1233 1770 storage-tank 0.2610
1309 1217 1329 1217 1329 1245 1308 1245 storage-tank 0.2609
2523 2397 2560 2398 2559 2437 2521 2436 storage-tank 0.2608
917 722 908 693 972 674 981 703 storage-tank 0.2597
1972 705 2000 706 1998 740 1970 738 storage-tank 0.2583
1335 1253 1358 1252 1360 1282 1337 1283 storage-tank 0.2562
2440 2372 2473 2371 2474 2406 2442 2407 storage-tank 0.2556
2208 1215 2237 1215 2236 1251 2207 1250 storage-tank 0.2537
1542 413 1573 412 1575 445 1544 447 storage-tank 0.2514
2432 2417 2463 2415 2465 2451 2434 2453 storage-tank 0.2487
1350 734 1388 733 1389 774 1351 774 storage-tank 0.2481
2493 2383 2528 2384 2527 2421 2492 2420 storage-tank 0.2449
1942 562 1973 561 1973 595 1942 595 storage-tank 0.2439
1401 1145 1437 1145 1438 1186 1402 1187 storage-tank 0.2422
2550 2453 2581 2455 2579 2490 2549 2489 storage-tank 0.2405
1269 1224 1286 1225 1284 1251 1267 1250 storage-tank 0.2378
1968 569 2000 570 2000 603 1967 603 storage-tank 0.2368
1998 584 2032 584 2031 620 1997 620 storage-tank 0.2366
2615 2460 2646 2462 2644 2497 2613 2495 storage-tank 0.2343
1304 1696 1330 1687 1342 1720 1316 1729 storage-tank 0.2342
2187 1938 2233 1939 2232 1988 2186 1987 storage-tank 0.2328
1513 388 1549 389 1548 427 1512 426 storage-tank 0.2325
1814 240 1844 240 1845 275 1815 275 storage-tank 0.2318
1239 1177 1258 1179 1254 1209 1235 1206 storage-tank 0.2311
465 1693 492 1694 491 1725 464 1724 storage-tank 0.2275
376 1785 411 1775 422 1816 388 1826 storage-tank 0.2231
1740 349 1769 351 1767 384 1738 382 storage-tank 0.2223
926 406 950 406 950 436 925 436 storage-tank 0.2184
1273 1261 1290 1261 1289 1288 1272 1287 storage-tank 0.2142
1406 276 1438 276 1437 311 1405 310 storage-tank 0.2135
2406 2353 2436 2351 2438 2384 2409 2387 storage-tank 0.2134
1941 2005 1977 2002 1979 2041 1944 2044 storage-tank 0.2125
1985 474 2027 469 2032 517 1991 522 storage-tank 0.2122
1282 1287 1299 1286 1300 1313 1282 1313 storage-tank 0.2115
459 1934 487 1935 486 1966 459 1965 storage-tank 0.2101
1822 789 1847 792 1843 824 1818 821 storage-tank 0.2101
1282 1161 1304 1160 1305 1191 1283 1192 storage-tank 0.2095
2400 2421 2430 2418 2433 2453 2404 2456 storage-tank 0.2094
1710 318 1741 317 1742 351 1712 352 storage-tank 0.2087
1800 279 1833 281 1832 317 1799 316 storage-tank 0.2069
1773 318 1809 317 1810 356 1775 357 storage-tank 0.2059
1383 202 1411 204 1409 235 1380 233 storage-tank 0.2034
1525 1394 1558 1395 1557 1433 1524 1433 storage-tank 0.2029
2308 1195 2338 1195 2338 1226 2308 1226 storage-tank 0.2007
2016 2065 2054 2062 2058 2101 2019 2104 storage-tank 0.2004
1252 1808 1288 1805 1292 1843 1255 1846 storage-tank 0.1986
2051 588 2086 589 2085 627 2050 627 storage-tank 0.1982
311 1598 339 1596 341 1629 313 1631 storage-tank 0.1981
2086 1849 2121 1850 2119 1889 2085 1888 storage-tank 0.1979
2569 2374 2603 2374 2603 2411 2569 2411 storage-tank 0.1973
327 1639 362 1641 360 1677 326 1675 storage-tank 0.1971
2014 545 2053 540 2058 585 2020 589 storage-tank 0.1970
2361 1282 2388 1279 2391 1308 2364 1311 storage-tank 0.1967
1926 435 1963 435 1962 474 1925 474 storage-tank 0.1962
1023 2049 1070 1980 1149 2033 1103 2102 roundabout 0.2976
2513 2039 2591 2036 2594 2120 2515 2122 roundabout 0.1036
1731 2328 1811 2327 1812 2410 1732 2411 roundabout 0.1023
917 722 908 693 972 674 981 703 swimming-pool 0.1084
