565 1101 597 1103 594 1138 563 1135 plane 0.1004
591 1992 608 1988 631 2083 614 2087 bridge 0.2013
566 1840 557 1744 1348 1668 1358 1764 bridge 0.1306
432 1286 472 1286 472 1328 432 1328 small-vehicle 0.1373
1144 681 1179 683 1177 719 1143 718 small-vehicle 0.1229
432 1225 473 1226 472 1269 431 1269 small-vehicle 0.1209
431 1161 472 1161 473 1205 431 1205 small-vehicle 0.1187
1095 681 1129 683 1128 719 1093 718 small-vehicle 0.1044
420 756 487 751 492 823 425 827 small-vehicle 0.1027
1012 911 1109 913 1107 1018 1010 1017 ship 0.1412
1142 323 1237 313 1247 411 1153 421 ship 0.1396
419 756 486 750 493 823 425 829 ship 0.1189
1016 1080 1108 1078 1110 1174 1018 1176 ship 0.1163
753 347 820 347 821 419 754 419 ship 0.1081
733 583 806 581 808 657 735 659 ship 0.1071
755 442 818 440 821 508 758 511 ship 0.1024
1149 457 1239 452 1244 548 1154 553 ship 0.1001
1012 911 1109 913 1107 1018 1010 1017 storage-tank 0.9162
753 347 820 347 821 419 754 419 storage-tank 0.8808
931 344 998 341 1001 412 934 414 storage-tank 0.8730
1016 1080 1108 1078 1110 1174 1018 1176 storage-tank 0.8712
419 756 486 750 493 823 425 829 storage-tank 0.8675
1024 340 1089 339 1090 407 1025 409 storage-tank 0.8578
1145 455 1242 448 1250 554 1153 561 storage-tank 0.8482
420 666 485 662 490 730 425 734 storage-tank 0.8467
843 350 909 348 911 418 845 420 storage-tank 0.8404
831 585 900 582 903 654 834 657 storage-tank 0.8320
431 930 486 928 489 987 434 990 storage-tank 0.8247
732 583 804 579 809 656 736 659 storage-tank 0.8194
417 577 482 572 488 641 423 647 storage-tank 0.8150
432 1006 489 1003 492 1065 435 1068 storage-tank 0.8083
935 436 999 436 999 504 935 504 storage-tank 0.8039
756 442 820 441 820 509 757 510 storage-tank 0.7967
1142 323 1237 313 1247 411 1153 421 storage-tank 0.7959
1024 435 1087 431 1091 499 1028 503 storage-tank 0.7853
427 848 485 846 488 909 430 911 storage-tank 0.7851
846 440 909 440 909 508 846 508 storage-tank 0.7585
925 608 973 608 973 659 924 659 storage-tank 0.7551
434 1354 474 1354 474 1395 435 1396 storage-tank 0.6785
926 674 972 671 975 721 929 723 storage-tank 0.6730
492 1224 533 1226 532 1270 490 1268 storage-tank 0.6306
492 1288 533 1288 533 1331 492 1331 storage-tank 0.6287
491 1161 532 1162 531 1205 490 1204 storage-tank 0.6272
494 1353 532 1352 533 1392 495 1392 storage-tank 0.6268
432 1225 473 1226 472 1269 431 1269 storage-tank 0.6214
651 1651 676 1653 675 1679 650 1677 storage-tank 0.6159
431 1161 472 1161 473 1205 431 1205 storage-tank 0.6149
432 1286 472 1287 471 1329 431 1329 storage-tank 0.6058
1144 681 1179 683 1177 719 1143 718 storage-tank 0.5976
428 1106 470 1107 469 1151 427 1150 storage-tank 0.5909
622 1662 648 1662 648 1689 622 1689 storage-tank 0.5766
690 1625 714 1625 714 1650 691 1651 storage-tank 0.5748
819 910 918 900 928 1004 829 1013 storage-tank 0.5745
490 1107 532 1108 530 1153 489 1152 storage-tank 0.5733
647 1594 671 1593 672 1619 647 1619 storage-tank 0.5714
651 1630 675 1632 674 1656 650 1655 storage-tank 0.5681
990 630 1027 631 1025 671 988 670 storage-tank 0.5607
1245 671 1268 673 1267 698 1243 697 storage-tank 0.5561
1091 630 1120 630 1120 661 1091 662 storage-tank 0.5386
1042 629 1078 630 1076 669 1040 667 storage-tank 0.5347
630 1618 653 1618 652 1643 630 1643 storage-tank 0.5262
1095 681 1129 683 1128 719 1093 718 storage-tank 0.5200
1044 682 1078 683 1077 720 1042 719 storage-tank 0.5156
993 682 1028 682 1028 720 993 720 storage-tank 0.4922
682 1647 704 1647 705 1671 682 1671 storage-tank 0.4785
1251 613 1287 614 1286 651 1250 650 storage-tank 0.4545
1128 639 1156 639 1156 670 1129 670 storage-tank 0.4543
683 1608 705 1609 704 1632 682 1631 storage-tank 0.3738
669 1672 690 1672 690 1695 669 1695 storage-tank 0.3177
688 1586 710 1586 709 1609 688 1608 storage-tank 0.3148
658 1689 679 1689 679 1713 658 1713 storage-tank 0.3091
1147 658 1175 657 1176 686 1149 688 storage-tank 0.3082
1100 658 1129 654 1133 684 1104 688 storage-tank 0.2911
624 1593 645 1592 646 1614 625 1616 storage-tank 0.2706
1246 702 1267 702 1267 724 1246 724 storage-tank 0.2643
615 1610 634 1610 635 1631 615 1631 storage-tank 0.2590
1216 655 1238 656 1238 679 1215 679 storage-tank 0.2552
634 1690 655 1689 656 1712 635 1713 storage-tank 0.2439
725 1647 746 1648 745 1674 724 1673 storage-tank 0.2437
1249 646 1277 647 1277 677 1248 676 storage-tank 0.2350
688 1672 707 1672 706 1694 687 1693 storage-tank 0.2302
703 1654 723 1655 722 1677 702 1676 storage-tank 0.2284
1188 654 1209 654 1209 679 1187 678 storage-tank 0.2182
646 1567 665 1563 670 1586 651 1590 storage-tank 0.2149
1169 644 1194 645 1192 672 1167 671 storage-tank 0.1984
1248 720 1269 720 1268 743 1248 742 storage-tank 0.1842
1185 677 1207 676 1208 700 1186 701 storage-tank 0.1773
614 1632 637 1632 637 1659 613 1658 storage-tank 0.1671
690 1690 709 1691 708 1712 690 1711 storage-tank 0.1598
565 1101 597 1103 594 1138 563 1135 storage-tank 0.1595
595 1665 617 1667 615 1691 593 1689 storage-tank 0.1580
464 1433 506 1435 503 1481 462 1479 storage-tank 0.1473
600 1688 621 1687 623 1712 602 1713 storage-tank 0.1472
596 1617 615 1617 615 1639 596 1639 storage-tank 0.1466
479 1204 510 1198 516 1233 485 1239 storage-tank 0.1435
1070 658 1097 656 1099 687 1072 689 storage-tank 0.1398
675 1702 691 1701 691 1721 675 1722 storage-tank 0.1371
1219 692 1238 692 1238 711 1220 712 storage-tank 0.1351
665 1587 687 1584 691 1607 668 1610 storage-tank 0.1345
732 577 810 578 809 660 731 659 roundabout 0.1098
1144 455 1243 446 1252 552 1152 560 roundabout 0.1062
1279 1791 1326 1778 1405 2071 1358 2084 harbor 0.2507
