1510 1665 1531 1679 1505 1716 1485 1702 plane 0.1439
1028 523 1034 500 1090 513 1084 537 bridge 0.1648
1286 1756 1337 1753 1340 1809 1290 1812 small-vehicle 0.1875
1327 1701 1382 1702 1381 1761 1326 1761 small-vehicle 0.1637
1247 1803 1298 1801 1300 1857 1249 1859 small-vehicle 0.1459
1207 1854 1257 1853 1258 1908 1208 1909 small-vehicle 0.1452
1893 536 1933 537 1932 581 1892 580 small-vehicle 0.1328
1856 583 1894 583 1893 625 1856 625 small-vehicle 0.1119
1902 624 1937 626 1935 665 1900 663 small-vehicle 0.1103
1935 580 1974 581 1973 622 1934 621 small-vehicle 0.1090
1248 1734 1281 1736 1279 1774 1245 1771 small-vehicle 0.1059
2008 545 2037 547 2035 579 2006 578 small-vehicle 0.1051
1846 502 1883 501 1884 542 1847 543 small-vehicle 0.1048
1808 546 1847 546 1847 588 1808 588 small-vehicle 0.1033
1479 809 1512 809 1512 846 1480 846 small-vehicle 0.1003
19 2163 37 2144 113 2214 95 2233 large-vehicle 0.2502
68 2113 84 2092 167 2156 150 2177 large-vehicle 0.2046
2800 693 2813 673 2903 733 2890 753 large-vehicle 0.1594
2516 1250 2535 1263 2491 1329 2472 1317 large-vehicle 0.1498
2090 98 2099 78 2210 127 2201 147 large-vehicle 0.1449
2793 756 2805 736 2896 794 2884 813 large-vehicle 0.1400
2466 577 2480 560 2552 615 2538 633 large-vehicle 0.1397
96 2070 113 2049 190 2111 174 2131 large-vehicle 0.1228
2715 911 2727 892 2831 958 2819 977 large-vehicle 0.1169
2633 597 2639 571 2746 596 2740 622 ship 0.3227
2649 542 2658 521 2747 556 2738 577 ship 0.2593
2620 631 2630 606 2757 654 2748 679 ship 0.2440
2217 110 2232 89 2333 160 2318 181 ship 0.2371
2774 574 2790 546 2928 627 2912 655 ship 0.2035
2640 574 2647 550 2744 578 2737 601 ship 0.2014
2800 693 2813 673 2903 733 2890 753 ship 0.1957
2162 127 2174 103 2336 183 2324 207 ship 0.1549
2799 532 2819 496 2961 575 2941 611 ship 0.1394
2599 652 2609 628 2731 677 2721 701 ship 0.1227
2779 757 2791 736 2903 798 2891 820 ship 0.1211
1193 1606 1209 1607 1209 1627 1192 1627 ship 0.1125
1193 1628 1209 1628 1209 1649 1193 1648 ship 0.1083
1212 1606 1228 1607 1228 1628 1211 1628 ship 0.1056
1355 1911 1385 1911 1384 1944 1354 1944 ship 0.1019
1215 1630 1232 1630 1232 1652 1215 1652 ship 0.1010
1919 967 2004 967 2004 1057 1919 1057 storage-tank 0.8883
1728 1057 1817 1055 1820 1149 1730 1152 storage-tank 0.8880
1852 1067 1935 1068 1934 1155 1851 1154 storage-tank 0.8711
1797 961 1883 961 1883 1051 1797 1051 storage-tank 0.8403
1784 1168 1869 1168 1869 1256 1784 1256 storage-tank 0.8042
1327 1701 1382 1702 1381 1761 1326 1761 storage-tank 0.6755
1286 1756 1337 1753 1340 1809 1290 1812 storage-tank 0.5683
1863 875 1927 878 1924 944 1860 941 storage-tank 0.5559
1517 859 1549 859 1548 894 1516 893 storage-tank 0.5500
1247 1803 1298 1801 1300 1857 1249 1859 storage-tank 0.5463
1416 1836 1448 1838 1446 1872 1414 1870 storage-tank 0.5371
1893 536 1933 537 1932 581 1892 580 storage-tank 0.5338
1207 1854 1257 1853 1258 1908 1208 1909 storage-tank 0.5216
1355 1911 1385 1911 1384 1944 1354 1944 storage-tank 0.5214
1446 788 1478 788 1478 823 1446 823 storage-tank 0.5146
1935 580 1974 581 1973 622 1934 621 storage-tank 0.5042
1479 809 1512 809 1512 846 1480 846 storage-tank 0.5019
1809 547 1847 550 1844 592 1807 590 storage-tank 0.4986
1841 715 1869 714 1869 744 1842 745 storage-tank 0.4880
1783 810 1808 810 1809 838 1784 839 storage-tank 0.4879
1428 766 1458 767 1457 801 1427 800 storage-tank 0.4771
1551 735 1577 734 1578 763 1552 764 storage-tank 0.4748
1692 857 1717 858 1716 887 1691 885 storage-tank 0.4731
1846 502 1883 501 1884 542 1847 543 storage-tank 0.4706
1856 586 1892 588 1890 628 1854 627 storage-tank 0.4683
1524 718 1550 717 1551 746 1525 747 storage-tank 0.4680
1549 876 1578 877 1577 908 1549 908 storage-tank 0.4674
1600 646 1625 645 1625 673 1600 673 storage-tank 0.4648
1248 1734 1281 1736 1279 1774 1245 1771 storage-tank 0.4642
1373 1798 1402 1798 1403 1831 1373 1831 storage-tank 0.4562
1300 1899 1325 1900 1323 1931 1297 1929 storage-tank 0.4535
1926 647 1961 646 1961 683 1926 684 storage-tank 0.4468
1393 1870 1425 1873 1421 1908 1390 1905 storage-tank 0.4463
1179 1803 1206 1806 1203 1838 1176 1835 storage-tank 0.4438
1572 918 1600 918 1601 949 1572 949 storage-tank 0.4422
1287 1683 1320 1685 1318 1724 1284 1722 storage-tank 0.4407
1580 890 1607 890 1607 922 1580 922 storage-tank 0.4384
1661 558 1704 559 1704 606 1661 606 storage-tank 0.4378
1799 682 1826 681 1827 710 1800 711 storage-tank 0.4291
1350 1843 1376 1847 1372 1882 1345 1879 storage-tank 0.4280
1611 910 1639 908 1642 940 1613 942 storage-tank 0.4261
1298 1932 1323 1933 1322 1961 1297 1961 storage-tank 0.4255
1631 785 1656 786 1654 821 1628 819 storage-tank 0.4247
1397 1818 1425 1820 1423 1851 1395 1849 storage-tank 0.4213
1967 616 2001 619 1998 656 1964 654 storage-tank 0.4195
1506 700 1532 701 1531 731 1505 730 storage-tank 0.4187
1658 958 1686 959 1685 991 1657 990 storage-tank 0.4130
1209 1761 1238 1761 1238 1796 1209 1796 storage-tank 0.4073
1621 661 1647 661 1647 688 1622 688 storage-tank 0.4056
2008 545 2037 547 2035 579 2006 578 storage-tank 0.4013
1902 624 1937 626 1935 665 1900 663 storage-tank 0.3956
1611 520 1652 520 1652 566 1610 565 storage-tank 0.3913
1293 1544 1324 1544 1324 1579 1293 1579 storage-tank 0.3892
1770 653 1797 652 1797 682 1771 683 storage-tank 0.3840
1756 780 1779 780 1779 807 1757 808 storage-tank 0.3804
1654 814 1677 817 1674 848 1650 846 storage-tank 0.3790
1319 1559 1350 1560 1348 1592 1318 1591 storage-tank 0.3703
1344 1879 1371 1882 1367 1914 1340 1910 storage-tank 0.3677
1328 1855 1355 1858 1352 1893 1325 1890 storage-tank 0.3638
1356 1583 1386 1583 1386 1614 1356 1614 storage-tank 0.3575
1262 1688 1288 1689 1288 1721 1262 1721 storage-tank 0.3564
1572 641 1596 642 1595 669 1571 668 storage-tank 0.3544
1711 869 1734 870 1732 899 1710 898 storage-tank 0.3537
1571 701 1594 702 1593 727 1570 726 storage-tank 0.3514
1588 719 1613 719 1613 745 1589 745 storage-tank 0.3497
1576 738 1600 737 1601 765 1578 766 storage-tank 0.3496
1876 615 1909 615 1909 651 1876 651 storage-tank 0.3488
1825 704 1850 706 1848 733 1823 731 storage-tank 0.3484
1679 837 1700 839 1696 866 1676 863 storage-tank 0.3469
1747 760 1767 761 1766 787 1745 786 storage-tank 0.3428
1705 726 1726 724 1728 751 1707 753 storage-tank 0.3411
1733 840 1753 842 1752 866 1731 864 storage-tank 0.3405
1628 686 1654 686 1653 713 1628 713 storage-tank 0.3404
1553 670 1576 671 1574 696 1551 694 storage-tank 0.3401
1654 700 1678 699 1679 725 1655 726 storage-tank 0.3363
1661 925 1685 927 1684 954 1659 952 storage-tank 0.3362
1303 1604 1335 1603 1336 1638 1304 1638 storage-tank 0.3359
1183 1839 1217 1840 1215 1880 1181 1878 storage-tank 0.3329
1613 942 1640 943 1639 973 1612 972 storage-tank 0.3326
1631 708 1655 709 1655 734 1630 734 storage-tank 0.3313
1159 1832 1185 1834 1182 1864 1157 1863 storage-tank 0.3295
1607 686 1632 686 1631 712 1607 712 storage-tank 0.3294
1651 881 1675 884 1672 910 1648 907 storage-tank 0.3282
1590 761 1614 761 1613 790 1590 790 storage-tank 0.3282
1787 837 1810 837 1810 864 1787 864 storage-tank 0.3238
1303 1645 1334 1644 1336 1678 1304 1679 storage-tank 0.3233
1744 633 1771 633 1771 665 1745 665 storage-tank 0.3222
1678 720 1700 719 1702 745 1679 746 storage-tank 0.3216
1280 1608 1305 1607 1307 1637 1282 1639 storage-tank 0.3210
1651 726 1675 726 1675 753 1651 752 storage-tank 0.3206
1751 871 1773 874 1770 902 1748 900 storage-tank 0.3205
1490 733 1516 736 1513 762 1488 760 storage-tank 0.3193
1254 1665 1277 1664 1278 1694 1256 1695 storage-tank 0.3181
1171 1672 1191 1671 1191 1696 1172 1697 storage-tank 0.3165
1627 858 1650 860 1647 885 1624 883 storage-tank 0.3160
1677 886 1702 888 1700 913 1675 911 storage-tank 0.3146
1628 736 1651 736 1650 761 1627 761 storage-tank 0.3140
1229 1683 1250 1684 1250 1711 1229 1710 storage-tank 0.3139
1758 807 1779 808 1778 832 1757 831 storage-tank 0.3135
1103 1875 1121 1876 1119 1899 1101 1898 storage-tank 0.3123
1137 1843 1156 1845 1153 1869 1133 1867 storage-tank 0.3122
1221 1657 1239 1657 1240 1682 1221 1682 storage-tank 0.3111
1762 846 1783 847 1782 871 1761 870 storage-tank 0.3107
1244 1637 1264 1635 1267 1662 1247 1664 storage-tank 0.3095
1215 1630 1232 1630 1232 1652 1215 1652 storage-tank 0.3078
1193 1606 1209 1607 1209 1627 1192 1627 storage-tank 0.3072
1710 826 1730 828 1727 851 1708 849 storage-tank 0.3070
1212 1606 1228 1607 1228 1628 1211 1628 storage-tank 0.3065
1200 1813 1235 1814 1234 1851 1199 1850 storage-tank 0.3064
1728 760 1748 759 1749 784 1729 786 storage-tank 0.3053
1107 1856 1125 1858 1122 1881 1104 1879 storage-tank 0.3053
1123 1870 1141 1872 1139 1895 1121 1893 storage-tank 0.3039
1242 874 1272 879 1267 913 1237 908 storage-tank 0.3033
1441 822 1469 823 1468 854 1440 853 storage-tank 0.3027
1194 1676 1212 1676 1212 1701 1193 1700 storage-tank 0.3025
1553 772 1579 773 1577 801 1551 799 storage-tank 0.3020
1193 1628 1209 1628 1209 1649 1193 1648 storage-tank 0.3016
1282 1577 1307 1577 1308 1607 1283 1607 storage-tank 0.3014
1250 1561 1272 1561 1272 1588 1250 1588 storage-tank 0.3013
2026 732 2064 735 2062 777 2023 775 storage-tank 0.3011
1016 1933 1034 1933 1034 1957 1016 1957 storage-tank 0.3001
1239 1608 1258 1606 1260 1632 1241 1633 storage-tank 0.3000
1212 1587 1229 1588 1228 1610 1211 1609 storage-tank 0.2991
1207 1703 1228 1703 1227 1729 1207 1729 storage-tank 0.2990
1191 1656 1208 1656 1208 1678 1191 1678 storage-tank 0.2988
1085 1877 1103 1878 1102 1901 1084 1900 storage-tank 0.2984
1728 785 1748 785 1748 809 1728 808 storage-tank 0.2983
1339 1941 1362 1941 1362 1970 1339 1970 storage-tank 0.2975
1780 752 1800 754 1797 777 1777 774 storage-tank 0.2963
1692 754 1713 755 1712 779 1691 778 storage-tank 0.2957
1034 1915 1051 1916 1050 1937 1033 1936 storage-tank 0.2951
1891 577 1925 578 1925 614 1890 613 storage-tank 0.2949
1172 1607 1188 1608 1188 1628 1172 1628 storage-tank 0.2945
1242 1582 1261 1582 1261 1607 1242 1607 storage-tank 0.2940
1045 1903 1063 1904 1061 1926 1043 1925 storage-tank 0.2937
1796 780 1818 782 1816 806 1794 805 storage-tank 0.2936
1060 1895 1077 1895 1077 1916 1059 1916 storage-tank 0.2921
1152 1576 1169 1576 1169 1596 1151 1595 storage-tank 0.2911
1191 1737 1213 1738 1212 1765 1190 1765 storage-tank 0.2906
1517 676 1539 678 1536 705 1514 702 storage-tank 0.2901
1643 987 1669 986 1670 1018 1644 1019 storage-tank 0.2901
1598 832 1622 835 1618 862 1595 859 storage-tank 0.2896
1171 1630 1187 1629 1187 1650 1171 1650 storage-tank 0.2887
1687 795 1707 797 1704 821 1685 818 storage-tank 0.2882
1757 723 1777 725 1773 749 1753 746 storage-tank 0.2872
1725 888 1749 891 1744 924 1720 920 storage-tank 0.2869
1192 1590 1209 1590 1208 1611 1192 1610 storage-tank 0.2868
1157 1654 1175 1653 1177 1676 1158 1677 storage-tank 0.2840
1468 849 1496 848 1497 881 1469 881 storage-tank 0.2840
1120 1893 1139 1893 1138 1918 1119 1917 storage-tank 0.2837
1963 543 1994 544 1992 577 1962 576 storage-tank 0.2837
1171 1591 1188 1591 1188 1611 1171 1611 storage-tank 0.2828
1151 1609 1168 1609 1168 1629 1151 1629 storage-tank 0.2826
1422 744 1448 746 1445 776 1420 774 storage-tank 0.2812
1659 758 1680 760 1679 785 1657 784 storage-tank 0.2809
1819 730 1842 732 1840 755 1817 753 storage-tank 0.2804
1976 593 2007 592 2007 624 1976 624 storage-tank 0.2798
1552 904 1578 905 1577 933 1551 932 storage-tank 0.2777
1799 706 1821 708 1819 731 1797 729 storage-tank 0.2773
1508 754 1533 755 1532 781 1507 779 storage-tank 0.2772
1135 1593 1152 1593 1152 1613 1135 1613 storage-tank 0.2767
1010 1952 1028 1952 1029 1977 1010 1977 storage-tank 0.2764
1466 722 1491 724 1489 753 1464 751 storage-tank 0.2761
1897 676 1927 676 1926 707 1897 707 storage-tank 0.2759
1179 1692 1198 1692 1198 1716 1179 1716 storage-tank 0.2753
1135 1611 1152 1610 1153 1631 1135 1631 storage-tank 0.2739
1490 552 1509 551 1511 576 1492 577 storage-tank 0.2737
1151 1630 1169 1629 1170 1650 1152 1651 storage-tank 0.2737
1862 692 1889 692 1889 721 1862 721 storage-tank 0.2736
1116 1838 1135 1839 1134 1864 1115 1863 storage-tank 0.2721
1688 920 1712 921 1710 947 1686 946 storage-tank 0.2693
1171 1565 1189 1566 1188 1587 1170 1586 storage-tank 0.2688
1730 708 1751 710 1748 734 1728 732 storage-tank 0.2679
1222 1563 1242 1563 1241 1587 1221 1587 storage-tank 0.2678
1796 644 1824 646 1822 676 1794 674 storage-tank 0.2666
1513 826 1541 826 1540 857 1512 856 storage-tank 0.2666
1778 865 1802 866 1801 896 1777 895 storage-tank 0.2649
1524 785 1550 786 1549 814 1522 813 storage-tank 0.2635
1578 812 1602 814 1600 841 1576 839 storage-tank 0.2631
2061 760 2099 763 2096 805 2058 802 storage-tank 0.2624
1153 1862 1176 1863 1175 1891 1152 1890 storage-tank 0.2612
1777 688 1799 690 1797 716 1775 714 storage-tank 0.2607
1821 630 1850 630 1850 662 1820 662 storage-tank 0.2605
1879 646 1908 647 1908 677 1879 677 storage-tank 0.2596
1377 1603 1405 1604 1404 1636 1376 1635 storage-tank 0.2594
1405 802 1430 804 1429 833 1404 832 storage-tank 0.2583
1197 1565 1215 1567 1214 1589 1195 1587 storage-tank 0.2580
1484 699 1509 700 1508 729 1483 728 storage-tank 0.2565
1214 907 1242 911 1237 943 1210 940 storage-tank 0.2557
1520 638 1540 638 1540 662 1520 662 storage-tank 0.2551
1574 604 1597 604 1597 631 1575 631 storage-tank 0.2547
1838 662 1865 663 1864 691 1837 691 storage-tank 0.2542
1472 536 1492 538 1490 564 1470 563 storage-tank 0.2535
1544 821 1570 823 1568 851 1542 850 storage-tank 0.2531
1159 1691 1178 1690 1179 1714 1160 1715 storage-tank 0.2507
1525 889 1552 888 1553 917 1526 917 storage-tank 0.2507
1425 1760 1453 1758 1455 1796 1427 1797 storage-tank 0.2492
1177 1774 1199 1774 1199 1801 1177 1801 storage-tank 0.2479
1497 675 1519 675 1518 703 1497 702 storage-tank 0.2460
1036 1954 1053 1955 1051 1978 1034 1977 storage-tank 0.2454
1391 829 1414 828 1414 858 1392 858 storage-tank 0.2437
1083 1909 1100 1910 1099 1930 1083 1930 storage-tank 0.2408
1932 543 1964 543 1964 577 1932 577 storage-tank 0.2402
1143 1915 1165 1914 1167 1943 1145 1945 storage-tank 0.2393
1105 1909 1123 1909 1123 1931 1106 1931 storage-tank 0.2383
1546 614 1566 613 1567 636 1547 637 storage-tank 0.2371
1998 576 2026 577 2025 607 1998 606 storage-tank 0.2369
1299 1855 1329 1858 1325 1893 1295 1889 storage-tank 0.2361
1059 1934 1075 1934 1075 1955 1058 1955 storage-tank 0.2348
1259 1892 1291 1895 1288 1929 1257 1926 storage-tank 0.2321
1823 758 1846 760 1845 785 1822 784 storage-tank 0.2320
1557 596 1578 596 1579 621 1558 622 storage-tank 0.2318
1813 521 1844 523 1842 556 1811 554 storage-tank 0.2304
1164 1725 1184 1724 1185 1750 1166 1751 storage-tank 0.2300
1746 674 1768 675 1767 700 1746 699 storage-tank 0.2293
1420 847 1441 846 1443 873 1421 874 storage-tank 0.2290
1455 1655 1477 1660 1471 1690 1449 1685 storage-tank 0.2273
1704 687 1724 689 1722 713 1702 711 storage-tank 0.2271
1784 612 1812 614 1810 646 1782 644 storage-tank 0.2261
1593 599 1617 599 1618 627 1594 627 storage-tank 0.2258
1063 1957 1081 1958 1080 1982 1062 1981 storage-tank 0.2251
1140 1677 1159 1676 1160 1699 1141 1700 storage-tank 0.2247
1747 490 1776 489 1777 523 1748 524 storage-tank 0.2239
1358 838 1380 836 1382 869 1360 870 storage-tank 0.2233
1339 1634 1370 1635 1369 1668 1338 1667 storage-tank 0.2219
1130 1570 1148 1571 1147 1592 1129 1591 storage-tank 0.2219
1512 557 1531 556 1532 582 1513 583 storage-tank 0.2216
1436 706 1459 705 1460 733 1437 733 storage-tank 0.2214
671 1539 688 1539 688 1560 671 1560 storage-tank 0.2209
1083 1934 1100 1935 1099 1957 1082 1956 storage-tank 0.2202
1162 1802 1183 1803 1183 1829 1162 1829 storage-tank 0.2199
1134 1694 1153 1693 1155 1718 1136 1719 storage-tank 0.2198
653 1533 670 1533 670 1555 653 1555 storage-tank 0.2191
1779 511 1808 513 1806 544 1777 542 storage-tank 0.2182
1511 596 1529 595 1530 618 1512 619 storage-tank 0.2174
1487 635 1506 633 1508 658 1489 660 storage-tank 0.2163
1080 1955 1098 1956 1097 1982 1078 1981 storage-tank 0.2158
1722 649 1744 649 1743 674 1722 674 storage-tank 0.2158
1118 1597 1135 1596 1136 1617 1119 1618 storage-tank 0.2147
1128 1928 1146 1927 1147 1952 1129 1952 storage-tank 0.2123
1676 668 1697 669 1696 692 1675 691 storage-tank 0.2112
747 1602 764 1601 766 1622 749 1623 storage-tank 0.2107
993 1291 1012 1289 1014 1311 996 1313 storage-tank 0.2106
761 1621 778 1620 779 1640 762 1641 storage-tank 0.2095
759 1588 776 1589 776 1610 759 1609 storage-tank 0.2085
1526 580 1544 578 1546 602 1527 603 storage-tank 0.2074
1399 1791 1426 1790 1428 1822 1401 1824 storage-tank 0.2074
741 1574 758 1574 759 1594 742 1595 storage-tank 0.2066
1180 1881 1211 1876 1217 1913 1186 1918 storage-tank 0.2057
1442 872 1463 871 1464 899 1443 900 storage-tank 0.2055
1370 817 1391 819 1389 848 1368 847 storage-tank 0.2053
1459 660 1480 657 1484 687 1463 690 storage-tank 0.2053
1102 1931 1119 1931 1119 1953 1102 1953 storage-tank 0.2036
1021 1972 1038 1973 1036 1995 1019 1994 storage-tank 0.2031
1380 855 1400 852 1404 880 1384 883 storage-tank 0.2031
651 1512 670 1513 668 1537 650 1536 storage-tank 0.2031
1128 1825 1147 1824 1148 1849 1129 1850 storage-tank 0.2026
1637 609 1665 607 1667 638 1639 640 storage-tank 0.2014
1109 1682 1128 1682 1127 1708 1108 1708 storage-tank 0.2013
1123 1552 1141 1552 1141 1575 1122 1575 storage-tank 0.2009
765 1638 782 1637 783 1657 766 1658 storage-tank 0.2002
1496 886 1520 885 1521 913 1497 914 storage-tank 0.1989
1120 1655 1137 1655 1136 1677 1119 1676 storage-tank 0.1982
1008 1275 1026 1274 1027 1297 1009 1297 storage-tank 0.1979
1243 844 1269 845 1267 875 1241 873 storage-tank 0.1976
777 1621 794 1621 794 1642 777 1642 storage-tank 0.1974
1135 1717 1154 1714 1158 1739 1139 1743 storage-tank 0.1968
778 1602 795 1603 794 1625 777 1624 storage-tank 0.1964
722 1572 739 1570 741 1591 724 1592 storage-tank 0.1950
1486 590 1503 588 1505 611 1488 612 storage-tank 0.1940
1709 913 1732 914 1730 942 1707 940 storage-tank 0.1940
694 1546 711 1546 711 1567 694 1567 storage-tank 0.1939
1544 934 1566 934 1566 959 1544 959 storage-tank 0.1933
975 1273 993 1270 997 1292 979 1295 storage-tank 0.1930
1434 671 1455 669 1458 697 1438 700 storage-tank 0.1916
678 1560 694 1559 696 1580 679 1581 storage-tank 0.1907
805 1621 822 1620 823 1644 806 1645 storage-tank 0.1899
743 1548 759 1548 758 1568 743 1568 storage-tank 0.1897
1576 563 1601 562 1602 592 1578 593 storage-tank 0.1896
1844 744 1868 745 1867 772 1843 771 storage-tank 0.1893
1098 1953 1116 1953 1115 1978 1098 1977 storage-tank 0.1893
1394 758 1418 757 1420 785 1396 787 storage-tank 0.1888
659 1555 675 1553 677 1574 661 1576 storage-tank 0.1884
720 1550 736 1550 736 1570 720 1571 storage-tank 0.1884
1407 1585 1432 1585 1433 1615 1408 1615 storage-tank 0.1884
1543 566 1563 566 1564 592 1544 592 storage-tank 0.1880
989 1256 1007 1256 1008 1278 990 1278 storage-tank 0.1869
1589 950 1613 949 1613 976 1590 977 storage-tank 0.1866
1413 708 1434 707 1435 734 1414 735 storage-tank 0.1861
701 1566 718 1565 720 1585 703 1587 storage-tank 0.1856
1618 588 1646 588 1646 618 1618 618 storage-tank 0.1856
1389 782 1410 782 1409 809 1388 809 storage-tank 0.1854
1320 1964 1340 1964 1340 1989 1320 1989 storage-tank 0.1852
1304 1964 1324 1965 1323 1990 1303 1990 storage-tank 0.1848
1041 1972 1058 1974 1055 1997 1038 1994 storage-tank 0.1846
767 1657 784 1655 786 1676 769 1677 storage-tank 0.1842
1646 640 1669 640 1669 666 1645 666 storage-tank 0.1841
1149 1765 1169 1762 1172 1788 1152 1791 storage-tank 0.1841
1319 1918 1345 1920 1343 1948 1317 1946 storage-tank 0.1830
1110 1630 1126 1630 1125 1651 1109 1650 storage-tank 0.1828
1808 848 1834 847 1834 878 1808 878 storage-tank 0.1799
933 1212 950 1210 954 1232 936 1234 storage-tank 0.1784
1883 500 1912 499 1913 533 1884 533 storage-tank 0.1780
1058 1868 1074 1868 1074 1889 1057 1889 storage-tank 0.1780
1411 1609 1436 1611 1434 1640 1409 1639 storage-tank 0.1769
1216 859 1240 864 1233 894 1209 889 storage-tank 0.1766
753 1687 771 1684 775 1708 757 1711 storage-tank 0.1759
689 1522 706 1522 705 1543 689 1543 storage-tank 0.1759
1452 635 1470 631 1476 659 1457 663 storage-tank 0.1749
1098 1664 1115 1665 1113 1690 1095 1688 storage-tank 0.1749
1168 1912 1193 1908 1198 1941 1173 1945 storage-tank 0.1734
765 1541 780 1543 777 1562 763 1560 storage-tank 0.1725
950 1281 966 1281 967 1301 951 1302 storage-tank 0.1716
1106 1524 1126 1524 1126 1550 1106 1550 storage-tank 0.1712
1390 1903 1415 1904 1414 1933 1389 1932 storage-tank 0.1707
1687 631 1710 631 1710 657 1687 657 storage-tank 0.1707
959 1256 975 1253 980 1273 964 1277 storage-tank 0.1705
782 1568 796 1570 794 1590 779 1588 storage-tank 0.1705
725 1519 741 1520 740 1540 725 1540 storage-tank 0.1704
1076 1852 1094 1851 1094 1874 1077 1874 storage-tank 0.1700
949 1215 967 1215 968 1237 950 1238 storage-tank 0.1699
709 1581 725 1579 728 1599 711 1601 storage-tank 0.1696
754 1507 770 1508 769 1529 754 1529 storage-tank 0.1693
1775 793 1797 794 1796 819 1773 818 storage-tank 0.1684
1424 1632 1447 1635 1444 1662 1421 1660 storage-tank 0.1681
1448 1752 1472 1752 1473 1784 1448 1785 storage-tank 0.1677
1092 1684 1112 1685 1110 1714 1091 1713 storage-tank 0.1671
1429 1657 1453 1660 1449 1689 1425 1686 storage-tank 0.1648
1412 886 1431 885 1433 912 1415 914 storage-tank 0.1647
939 1231 955 1227 960 1247 944 1251 storage-tank 0.1646
972 1238 989 1238 990 1259 973 1260 storage-tank 0.1646
954 1236 971 1233 974 1254 957 1257 storage-tank 0.1643
1127 1951 1144 1951 1145 1975 1128 1976 storage-tank 0.1624
747 1637 762 1635 765 1653 750 1655 storage-tank 0.1612
1241 915 1266 917 1264 946 1238 944 storage-tank 0.1611
1297 140 1339 113 1369 160 1328 187 storage-tank 0.1611
1715 609 1743 610 1742 642 1715 641 storage-tank 0.1609
946 1253 961 1249 966 1268 951 1272 storage-tank 0.1604
969 1298 986 1298 986 1317 969 1317 storage-tank 0.1597
1208 831 1231 835 1225 867 1203 863 storage-tank 0.1589
1280 1944 1299 1945 1297 1970 1278 1969 storage-tank 0.1587
1472 561 1489 561 1489 582 1472 582 storage-tank 0.1584
771 1498 786 1500 783 1522 768 1520 storage-tank 0.1576
1386 882 1405 878 1410 908 1391 911 storage-tank 0.1572
923 1226 939 1224 942 1244 926 1246 storage-tank 0.1565
684 1575 700 1574 702 1593 686 1595 storage-tank 0.1565
1106 1713 1126 1709 1131 1736 1112 1740 storage-tank 0.1557
1463 596 1480 594 1482 617 1466 619 storage-tank 0.1555
796 1656 813 1656 813 1678 796 1678 storage-tank 0.1554
825 1622 842 1619 846 1646 828 1649 storage-tank 0.1552
1805 484 1830 481 1833 510 1809 513 storage-tank 0.1542
746 1665 762 1663 765 1683 749 1685 storage-tank 0.1538
775 1479 792 1480 790 1505 774 1504 storage-tank 0.1538
1344 1967 1363 1966 1364 1992 1345 1992 storage-tank 0.1529
1613 989 1634 987 1637 1015 1615 1017 storage-tank 0.1526
1586 535 1613 534 1614 565 1588 567 storage-tank 0.1525
1765 583 1791 584 1790 613 1763 612 storage-tank 0.1521
798 1590 814 1591 813 1612 797 1612 storage-tank 0.1508
1353 1658 1389 1658 1388 1696 1353 1695 storage-tank 0.1506
1333 831 1352 832 1351 859 1332 859 storage-tank 0.1502
1189 879 1211 884 1206 913 1184 909 storage-tank 0.1489
1100 1832 1118 1830 1120 1853 1102 1855 storage-tank 0.1488
1770 553 1798 554 1797 585 1769 584 storage-tank 0.1487
2024 566 2050 567 2048 597 2022 595 storage-tank 0.1485
720 1607 736 1606 737 1625 721 1626 storage-tank 0.1481
1129 1797 1148 1794 1152 1819 1133 1822 storage-tank 0.1480
1770 889 1796 891 1793 928 1766 926 storage-tank 0.1477
1460 894 1482 892 1484 921 1462 923 storage-tank 0.1473
1289 1968 1307 1970 1305 1995 1287 1994 storage-tank 0.1472
1560 958 1582 957 1583 982 1562 984 storage-tank 0.1470
1369 1846 1398 1844 1400 1877 1371 1879 storage-tank 0.1469
777 1678 794 1678 795 1700 778 1700 storage-tank 0.1465
1267 917 1291 918 1290 949 1265 948 storage-tank 0.1464
1102 1613 1117 1614 1117 1634 1101 1634 storage-tank 0.1464
1002 1972 1018 1972 1019 1996 1002 1996 storage-tank 0.1464
1377 1951 1398 1949 1401 1980 1380 1981 storage-tank 0.1459
1135 1536 1152 1537 1152 1557 1135 1557 storage-tank 0.1446
795 1528 809 1531 805 1552 791 1549 storage-tank 0.1445
1011 1302 1029 1302 1030 1325 1012 1325 storage-tank 0.1440
1732 586 1758 588 1756 617 1730 615 storage-tank 0.1438
1497 1012 1518 1005 1533 1045 1511 1052 storage-tank 0.1432
969 1219 987 1220 986 1241 968 1241 storage-tank 0.1424
1485 921 1506 920 1507 947 1486 948 storage-tank 0.1423
927 1247 942 1244 946 1263 931 1266 storage-tank 0.1417
1541 544 1562 543 1562 569 1542 569 storage-tank 0.1410
1835 784 1857 784 1857 811 1835 811 storage-tank 0.1408
944 1300 960 1300 960 1320 943 1320 storage-tank 0.1408
1221 1737 1249 1733 1254 1769 1226 1774 storage-tank 0.1407
1091 1641 1107 1642 1106 1665 1090 1664 storage-tank 0.1406
840 1401 856 1400 858 1427 841 1427 storage-tank 0.1398
798 1497 813 1500 808 1524 794 1521 storage-tank 0.1398
1323 1590 1354 1586 1358 1619 1327 1623 storage-tank 0.1396
1411 667 1431 666 1433 694 1414 696 storage-tank 0.1395
1272 861 1294 863 1292 888 1271 887 storage-tank 0.1392
1256 1530 1276 1527 1279 1551 1260 1553 storage-tank 0.1391
1238 1710 1265 1707 1269 1743 1242 1746 storage-tank 0.1391
1513 947 1533 947 1533 971 1513 971 storage-tank 0.1386
795 1475 810 1477 806 1500 791 1498 storage-tank 0.1384
833 1427 850 1428 849 1453 832 1452 storage-tank 0.1375
1373 1682 1407 1682 1408 1722 1373 1723 storage-tank 0.1367
1116 1753 1134 1748 1141 1773 1123 1778 storage-tank 0.1366
1189 853 1210 858 1201 890 1180 884 storage-tank 0.1363
1026 1278 1043 1278 1042 1301 1025 1300 storage-tank 0.1362
1734 558 1761 559 1760 591 1732 589 storage-tank 0.1352
1288 928 1311 928 1312 961 1289 962 storage-tank 0.1349
1477 1674 1498 1684 1484 1716 1463 1707 storage-tank 0.1344
1386 1570 1412 1569 1412 1600 1387 1601 storage-tank 0.1342
736 1494 751 1495 751 1516 736 1515 storage-tank 0.1341
1110 1583 1126 1583 1125 1603 1109 1603 storage-tank 0.1338
1157 1541 1173 1539 1175 1558 1159 1560 storage-tank 0.1332
931 1268 946 1265 949 1285 934 1287 storage-tank 0.1331
1287 842 1307 844 1305 869 1286 868 storage-tank 0.1329
1228 825 1250 828 1246 859 1224 856 storage-tank 0.1318
1631 923 1660 921 1662 956 1633 958 storage-tank 0.1314
1567 864 1593 859 1599 891 1574 896 storage-tank 0.1310
802 1460 818 1462 815 1484 800 1482 storage-tank 0.1308
1829 813 1851 812 1852 840 1829 840 storage-tank 0.1306
691 1501 708 1501 707 1522 691 1522 storage-tank 0.1298
1040 1859 1056 1858 1058 1879 1042 1881 storage-tank 0.1296
927 1286 943 1285 944 1306 928 1307 storage-tank 0.1283
1588 669 1612 666 1615 693 1591 696 storage-tank 0.1282
668 1585 684 1584 685 1605 669 1606 storage-tank 0.1278
1424 909 1443 907 1447 940 1428 942 storage-tank 0.1277
1204 1907 1231 1902 1238 1936 1210 1941 storage-tank 0.1276
1742 530 1768 532 1767 564 1740 562 storage-tank 0.1270
1154 1951 1172 1950 1174 1976 1157 1978 storage-tank 0.1268
1431 637 1449 635 1453 665 1435 668 storage-tank 0.1260
1325 851 1343 851 1343 876 1324 876 storage-tank 0.1252
1700 945 1724 946 1722 974 1698 973 storage-tank 0.1249
1359 1761 1396 1760 1397 1801 1360 1802 storage-tank 0.1236
1383 734 1407 733 1408 765 1384 766 storage-tank 0.1229
728 1632 742 1630 744 1647 730 1649 storage-tank 0.1223
1226 1527 1244 1525 1247 1547 1229 1549 storage-tank 0.1222
804 1557 818 1559 815 1579 801 1577 storage-tank 0.1221
1628 968 1654 964 1659 995 1633 999 storage-tank 0.1220
1874 727 1899 727 1899 756 1875 756 storage-tank 0.1217
1150 1560 1165 1564 1160 1580 1145 1575 storage-tank 0.1215
1504 1669 1525 1682 1502 1718 1481 1705 storage-tank 0.1208
819 1450 835 1450 834 1472 818 1471 storage-tank 0.1206
693 1602 709 1602 710 1622 694 1622 storage-tank 0.1204
921 1193 939 1192 941 1216 923 1217 storage-tank 0.1202
1251 1931 1272 1931 1272 1957 1251 1958 storage-tank 0.1199
851 1386 869 1385 870 1413 853 1414 storage-tank 0.1190
1364 1881 1395 1882 1394 1919 1363 1918 storage-tank 0.1189
1487 529 1506 530 1505 554 1486 553 storage-tank 0.1188
1077 1894 1093 1894 1093 1915 1076 1915 storage-tank 0.1183
1130 1976 1146 1976 1145 2002 1129 2002 storage-tank 0.1181
1835 837 1860 835 1861 866 1837 867 storage-tank 0.1179
1473 775 1502 776 1502 810 1473 810 storage-tank 0.1179
1748 909 1776 912 1772 950 1744 947 storage-tank 0.1176
1377 1727 1412 1728 1411 1768 1376 1767 storage-tank 0.1176
1524 975 1544 973 1547 1000 1527 1002 storage-tank 0.1175
1397 1932 1418 1931 1420 1960 1398 1960 storage-tank 0.1172
1728 1057 1819 1056 1820 1150 1729 1151 roundabout 0.1050
1852 1067 1935 1068 1934 1155 1851 1154 roundabout 0.1002
