1391 1863 1389 1839 1424 1836 1426 1860 plane 0.1054
916 1917 898 1794 1177 1755 1194 1877 ground-track-field 0.7387
849 1501 824 1467 884 1422 909 1456 ground-track-field 0.2847
183 396 201 387 249 479 231 488 large-vehicle 0.1331
200 31 221 45 169 120 148 106 large-vehicle 0.1016
1650 1216 1635 1193 1720 1136 1735 1159 ship 0.4018
1787 1100 1769 1079 1849 1011 1867 1033 ship 0.2244
834 1230 855 1239 815 1335 794 1326 ship 0.2021
891 1112 913 1121 860 1242 838 1233 ship 0.1642
1660 1256 1649 1242 1750 1165 1761 1179 ship 0.1431
1666 1231 1653 1213 1734 1152 1748 1170 ship 0.1278
1805 1119 1792 1102 1870 1039 1883 1055 ship 0.1248
1355 983 1368 973 1387 997 1374 1007 ship 0.1130
373 127 375 100 465 106 464 132 ship 0.1023
964 1901 944 1806 1104 1773 1124 1868 tennis-court 0.2704
78 916 110 916 110 980 79 980 tennis-court 0.1266
964 1901 944 1806 1104 1773 1124 1868 basketball-court 0.3916
849 1501 824 1467 884 1422 909 1456 basketball-court 0.1158
1266 1498 1307 1470 1342 1521 1302 1549 storage-tank 0.1033
964 1901 944 1806 1104 1773 1124 1868 soccer-ball-field 0.5486
849 1501 824 1467 884 1422 909 1456 soccer-ball-field 0.1303
891 1112 913 1121 860 1242 838 1233 harbor 0.2658
1008 291 1051 326 789 645 746 610 harbor 0.1945
1716 1227 1679 1184 2020 891 2057 933 harbor 0.1439
1314 1045 1340 1063 1228 1218 1203 1200 harbor 0.1328
1547 1390 1518 1353 1806 1120 1835 1156 harbor 0.1121
849 1501 824 1467 884 1422 909 1456 swimming-pool 0.1807
916 1917 898 1794 1177 1755 1194 1877 swimming-pool 0.1552
30 1572 14 1503 112 1481 128 1549 swimming-pool 0.1488
