648 1947 727 1872 817 1968 738 2043 plane 0.9643
693 2210 629 2140 722 2055 786 2126 plane 0.9120
2561 374 2641 310 2717 405 2637 469 plane 0.9046
860 1774 925 1685 1030 1762 965 1851 plane 0.9038
1882 974 1958 911 2039 1009 1964 1072 plane 0.8988
1137 1497 1191 1413 1297 1482 1242 1566 plane 0.8766
988 1701 1006 1594 1132 1615 1114 1722 plane 0.8443
1386 1408 1352 1334 1442 1291 1477 1365 plane 0.5948
1273 1378 1322 1313 1408 1379 1359 1443 plane 0.5843
1981 1200 1990 1139 2062 1149 2053 1210 plane 0.5577
975 1753 991 1694 1063 1714 1046 1773 plane 0.4687
1937 903 1949 880 1991 902 1979 925 plane 0.1304
2031 1264 2063 1242 2087 1276 2055 1298 plane 0.1002
1202 1887 1319 1905 1300 2030 1183 2013 baseball-diamond 0.1385
266 1550 254 1530 305 1499 317 1519 bridge 0.1991
110 2443 113 2426 159 2435 156 2452 small-vehicle 0.1055
2063 1884 2079 1899 2006 1979 1990 1964 large-vehicle 0.2749
1972 1921 1956 1905 2035 1826 2051 1842 large-vehicle 0.2533
2817 1813 2811 1795 2861 1777 2868 1796 large-vehicle 0.1669
2050 1840 2068 1854 1998 1945 1980 1931 large-vehicle 0.1609
2810 1800 2802 1782 2857 1760 2865 1778 large-vehicle 0.1507
1204 487 1197 474 1244 447 1252 461 large-vehicle 0.1480
2025 1540 2015 1526 2075 1481 2085 1495 large-vehicle 0.1410
1703 1106 1702 1091 1762 1087 1763 1102 large-vehicle 0.1262
2438 486 2433 470 2477 457 2482 472 large-vehicle 0.1247
2654 1980 2651 1956 2709 1951 2712 1975 large-vehicle 0.1187
1698 1095 1696 1080 1757 1071 1759 1087 large-vehicle 0.1140
237 905 220 888 299 811 315 828 large-vehicle 0.1105
1062 544 1059 530 1099 523 1102 536 large-vehicle 0.1029
211 1295 223 1284 258 1325 245 1335 large-vehicle 0.1012
2803 1783 2795 1765 2849 1741 2857 1758 large-vehicle 0.1000
346 280 434 116 692 254 604 419 basketball-court 0.3818
1161 1917 1294 1869 1345 2011 1211 2059 storage-tank 0.4188
633 634 723 618 740 712 650 727 storage-tank 0.1408
1618 149 1599 27 1738 6 1757 128 roundabout 0.3924
944 684 976 656 1016 701 984 729 roundabout 0.1038
