123 534 88 438 206 394 241 490 plane 0.9209
2179 2586 2112 2508 2216 2419 2283 2498 plane 0.9032
1705 2586 1645 2505 1749 2427 1809 2508 plane 0.9024
250 450 198 384 287 315 338 381 plane 0.8829
156 358 106 288 197 224 247 294 plane 0.8797
808 2752 856 2670 964 2734 915 2816 plane 0.8676
1080 2963 1023 2877 1129 2807 1186 2893 plane 0.8422
1059 1241 1095 1168 1183 1211 1148 1284 plane 0.7748
2404 2057 2464 1984 2556 2062 2496 2134 plane 0.7672
2640 2178 2621 2114 2699 2092 2717 2156 plane 0.6951
1711 2619 1749 2553 1821 2594 1783 2661 plane 0.6251
1654 776 1689 712 1762 751 1727 815 plane 0.6037
191 197 224 146 283 185 250 236 plane 0.5600
2194 2245 2219 2185 2287 2213 2261 2273 plane 0.5596
2855 2128 2907 2085 2957 2145 2906 2188 plane 0.5580
961 2696 974 2632 1051 2647 1038 2712 plane 0.5572
2491 2291 2477 2231 2549 2214 2563 2274 plane 0.4992
548 1953 609 1970 587 2049 525 2031 plane 0.4816
1444 2847 1460 2790 1529 2809 1512 2867 plane 0.4705
1052 2582 1032 2536 1093 2510 1113 2555 plane 0.4204
57 273 38 230 93 206 112 249 plane 0.4071
125 218 109 181 161 157 178 194 plane 0.3789
2469 1800 2471 1744 2540 1745 2539 1802 plane 0.3505
1192 1167 1222 1128 1267 1163 1236 1202 plane 0.3453
441 2063 440 2026 492 2026 492 2062 plane 0.2807
2770 2118 2798 2091 2830 2125 2801 2152 plane 0.1827
696 2837 688 2813 733 2798 741 2822 plane 0.1591
1005 2553 999 2525 1036 2517 1042 2546 plane 0.1555
969 2522 966 2500 1002 2494 1006 2515 plane 0.1549
918 2652 944 2629 974 2664 948 2687 plane 0.1538
629 2016 637 2001 672 2020 664 2035 plane 0.1517
1584 2538 1591 2517 1630 2529 1623 2550 plane 0.1433
998 2527 992 2504 1029 2495 1035 2519 plane 0.1392
977 2569 977 2544 1011 2545 1010 2570 plane 0.1360
1009 2576 1006 2546 1043 2542 1047 2572 plane 0.1360
2806 2116 2840 2094 2865 2131 2831 2154 plane 0.1358
1562 2806 1585 2792 1608 2829 1584 2843 plane 0.1345
2479 1819 2495 1782 2543 1804 2526 1841 plane 0.1258
2729 2119 2746 2086 2784 2106 2767 2139 plane 0.1255
2836 713 2859 706 2871 745 2848 752 plane 0.1233
20 284 31 247 79 262 68 299 plane 0.1229
2926 2116 2967 2102 2985 2155 2944 2169 plane 0.1192
998 2507 993 2487 1030 2476 1036 2496 plane 0.1129
998 2608 1006 2576 1047 2585 1039 2618 plane 0.1121
498 2012 535 1995 558 2047 520 2063 plane 0.1119
1635 696 1656 680 1684 719 1663 734 plane 0.1116
1633 2623 1655 2601 1689 2635 1668 2657 plane 0.1090
1372 2828 1384 2816 1409 2842 1397 2854 plane 0.1070
1112 3047 1134 3040 1146 3077 1124 3084 plane 0.1059
1046 2521 1034 2495 1084 2472 1096 2498 plane 0.1029
827 2648 833 2629 872 2640 866 2659 plane 0.1028
1531 2804 1557 2788 1580 2824 1554 2840 plane 0.1027
96 180 98 155 139 158 137 183 plane 0.1025
2233 2362 2230 2331 2280 2328 2282 2359 plane 0.1023
859 2645 871 2627 903 2649 891 2667 plane 0.1020
542 2031 568 2019 589 2060 563 2073 plane 0.1019
1001 2634 1020 2598 1066 2623 1046 2658 plane 0.1008
3237 836 3212 778 3318 732 3344 789 bridge 0.4410
2235 1771 2222 1747 2290 1711 2302 1735 small-vehicle 0.1296
2134 1851 2120 1831 2180 1788 2194 1808 small-vehicle 0.1121
2811 3018 2829 3015 2835 3058 2817 3061 small-vehicle 0.1083
2839 3004 2854 3000 2866 3042 2851 3046 small-vehicle 0.1046
2494 465 2515 460 2529 522 2509 527 small-vehicle 0.1022
877 716 862 699 937 637 951 654 large-vehicle 0.2315
2261 1750 2241 1727 2374 1613 2394 1636 large-vehicle 0.2311
3084 1985 3098 1972 3148 2027 3133 2040 large-vehicle 0.1842
1424 2241 1411 2223 1488 2166 1501 2184 large-vehicle 0.1779
2154 1826 2140 1807 2217 1751 2231 1769 large-vehicle 0.1700
850 690 836 673 912 616 925 634 large-vehicle 0.1572
1323 785 1315 768 1373 741 1381 758 large-vehicle 0.1484
1954 131 1965 120 2025 172 2014 184 large-vehicle 0.1447
229 2457 228 2439 293 2436 294 2454 large-vehicle 0.1324
830 680 818 662 892 610 904 627 large-vehicle 0.1288
184 2491 190 2476 240 2497 234 2513 large-vehicle 0.1271
198 2467 208 2455 248 2487 239 2499 large-vehicle 0.1251
827 2030 841 2022 865 2062 850 2070 large-vehicle 0.1246
2258 1715 2242 1696 2338 1615 2354 1634 large-vehicle 0.1243
1242 28 1253 18 1298 66 1287 76 large-vehicle 0.1114
2052 23 2049 7 2107 -3 2109 12 large-vehicle 0.1103
440 2828 444 2810 494 2821 491 2839 large-vehicle 0.1072
119 2396 110 2377 171 2349 179 2368 large-vehicle 0.1065
718 2120 716 2104 763 2097 766 2113 large-vehicle 0.1056
109 2376 101 2355 164 2330 172 2351 large-vehicle 0.1048
2013 1846 2001 1830 2049 1795 2061 1811 large-vehicle 0.1038
441 2799 449 2782 499 2805 491 2822 large-vehicle 0.1031
657 2599 660 2583 701 2590 698 2606 ship 0.1079
1641 2938 1652 2785 1852 2799 1841 2952 basketball-court 0.1147
2756 711 2811 710 2813 771 2758 772 storage-tank 0.6123
2803 810 2852 814 2848 867 2798 863 storage-tank 0.5686
2686 738 2738 738 2738 796 2686 796 storage-tank 0.5521
2729 834 2780 834 2780 890 2729 890 storage-tank 0.5413
2656 527 2704 527 2703 579 2655 579 storage-tank 0.5160
2597 372 2644 373 2643 424 2596 423 storage-tank 0.5104
2626 448 2674 450 2672 504 2624 502 storage-tank 0.4652
2689 602 2735 600 2737 652 2690 653 storage-tank 0.4516
1192 1167 1222 1128 1267 1163 1236 1202 storage-tank 0.2290
2683 688 2712 682 2720 719 2691 725 storage-tank 0.2116
2712 693 2747 688 2752 727 2717 731 storage-tank 0.1858
2629 524 2661 521 2664 561 2632 564 storage-tank 0.1846
2847 739 2869 731 2880 765 2858 773 storage-tank 0.1846
2661 688 2682 680 2696 712 2675 721 storage-tank 0.1827
2802 711 2834 711 2834 753 2802 754 storage-tank 0.1773
1444 2847 1460 2790 1529 2809 1512 2867 storage-tank 0.1746
2665 648 2687 642 2697 678 2674 684 storage-tank 0.1745
2764 631 2786 621 2800 652 2779 663 storage-tank 0.1684
2590 493 2618 490 2622 531 2594 534 storage-tank 0.1669
2767 670 2794 662 2804 696 2778 704 storage-tank 0.1654
2733 663 2764 656 2772 693 2741 699 storage-tank 0.1648
2194 2245 2219 2185 2287 2213 2261 2273 storage-tank 0.1623
195 205 223 152 285 186 256 238 storage-tank 0.1600
2658 605 2682 601 2688 634 2664 639 storage-tank 0.1597
2575 363 2605 361 2607 397 2578 399 storage-tank 0.1477
2491 2291 2477 2231 2549 2214 2563 2274 storage-tank 0.1471
2806 760 2841 758 2843 798 2808 800 storage-tank 0.1468
961 2696 974 2632 1051 2647 1038 2712 storage-tank 0.1448
2847 767 2872 763 2877 798 2853 802 storage-tank 0.1446
2656 356 2684 355 2686 394 2658 395 storage-tank 0.1418
2696 547 2729 548 2729 586 2695 585 storage-tank 0.1416
2731 782 2774 780 2776 827 2734 829 storage-tank 0.1413
2874 794 2895 790 2902 826 2881 830 storage-tank 0.1403
2668 474 2700 473 2700 511 2669 512 storage-tank 0.1383
2906 825 2923 821 2931 851 2914 856 storage-tank 0.1346
2650 660 2666 655 2676 684 2659 690 storage-tank 0.1332
2794 668 2816 660 2827 692 2805 699 storage-tank 0.1325
2586 341 2612 336 2618 370 2592 374 storage-tank 0.1311
2614 344 2642 342 2644 378 2616 379 storage-tank 0.1280
2628 573 2649 568 2658 600 2636 606 storage-tank 0.1275
57 273 38 230 93 206 112 249 storage-tank 0.1275
2570 416 2600 409 2609 447 2579 455 storage-tank 0.1275
1711 2624 1746 2556 1821 2594 1786 2662 storage-tank 0.1274
2834 695 2854 692 2860 731 2840 734 storage-tank 0.1267
2795 641 2808 629 2832 653 2818 666 storage-tank 0.1261
2646 390 2675 390 2675 425 2647 425 storage-tank 0.1235
2857 2142 2902 2093 2960 2146 2914 2195 storage-tank 0.1234
2831 855 2854 848 2864 881 2841 888 storage-tank 0.1225
2652 716 2671 709 2682 739 2664 746 storage-tank 0.1224
2707 855 2739 855 2739 896 2707 896 storage-tank 0.1215
2543 373 2568 370 2572 406 2547 409 storage-tank 0.1210
127 218 114 175 170 158 183 200 storage-tank 0.1192
2882 833 2902 829 2908 859 2888 863 storage-tank 0.1189
2892 800 2908 796 2916 827 2901 831 storage-tank 0.1187
2593 545 2612 543 2615 577 2596 579 storage-tank 0.1160
2624 611 2640 606 2650 633 2634 639 storage-tank 0.1159
2555 492 2576 493 2576 533 2555 533 storage-tank 0.1154
2562 453 2587 449 2593 487 2567 490 storage-tank 0.1146
2640 2178 2621 2114 2699 2092 2717 2156 storage-tank 0.1127
1656 789 1681 719 1762 748 1736 818 storage-tank 0.1119
2562 329 2585 323 2593 354 2570 360 storage-tank 0.1102
2702 816 2736 812 2740 852 2706 856 storage-tank 0.1085
2301 18 2317 -2 2347 21 2330 42 storage-tank 0.1027
1116 3039 1138 3032 1149 3068 1127 3075 storage-tank 0.1018
2801 809 2849 809 2849 862 2801 863 roundabout 0.1138
1059 1241 1095 1168 1183 1211 1148 1284 helicopter 0.1214
