2107 2704 2107 2680 2168 2682 2168 2706 bridge 0.1052
1973 2330 1999 2330 2000 2395 1974 2395 ship 0.4600
1891 2292 1915 2290 1920 2357 1896 2358 ship 0.4296
1865 2277 1889 2276 1894 2345 1869 2347 ship 0.4284
1944 2333 1969 2334 1965 2396 1940 2394 ship 0.4250
1913 2364 1938 2357 1954 2411 1929 2419 ship 0.3720
2913 3189 2930 3161 3032 3224 3015 3251 ship 0.3715
3848 265 3836 232 3953 190 3965 222 ship 0.3710
1490 1933 1518 1933 1519 2010 1491 2010 ship 0.3521
1883 2240 1905 2226 1944 2284 1923 2299 ship 0.3461
1613 3073 1588 3039 1687 2969 1711 3003 ship 0.3391
1658 2269 1671 2247 1733 2284 1720 2306 ship 0.3338
2107 2704 2107 2680 2168 2682 2168 2706 ship 0.3263
1663 1058 1698 1057 1701 1146 1665 1148 ship 0.3233
2082 603 2053 414 3168 242 3197 431 ship 0.3203
1993 2718 1997 2694 2058 2703 2054 2727 ship 0.3150
1594 2056 1620 2047 1647 2122 1621 2131 ship 0.3099
3289 1399 3318 1390 3338 1451 3308 1460 ship 0.3084
4210 1324 4248 1331 4233 1412 4194 1405 ship 0.3061
1998 2412 2020 2395 2064 2451 2042 2468 ship 0.3041
3737 1287 3771 1173 4294 1329 4260 1443 ship 0.2935
2964 2724 2993 2687 3131 2793 3101 2831 ship 0.2846
1916 2604 1937 2592 1965 2644 1944 2655 ship 0.2816
1790 2577 1809 2556 1868 2610 1848 2631 ship 0.2745
1721 2680 1714 2650 1803 2629 1810 2659 ship 0.2685
1341 2680 1353 2649 1432 2680 1421 2710 ship 0.2585
3264 2876 3292 2872 3301 2951 3274 2954 ship 0.2487
2093 2726 2092 2702 2144 2700 2145 2723 ship 0.2453
2537 375 2511 127 3989 -23 4015 225 ship 0.2451
1458 470 1465 442 1559 467 1552 495 ship 0.2440
3062 3271 3081 3251 3138 3305 3119 3325 ship 0.2353
2636 3018 2659 3020 2652 3097 2629 3095 ship 0.2348
2160 2565 2175 2547 2225 2588 2210 2606 ship 0.2331
2140 2611 2149 2593 2197 2616 2188 2634 ship 0.2327
1458 442 1458 413 1551 414 1550 443 ship 0.2301
1177 2520 1208 2515 1221 2592 1190 2598 ship 0.2294
3279 2894 3304 2881 3341 2956 3316 2968 ship 0.2244
1210 2651 1249 2648 1256 2727 1218 2731 ship 0.2222
2129 2666 2281 2351 3437 2911 3284 3226 ship 0.2203
2083 2782 2077 2759 2133 2746 2138 2769 ship 0.2190
619 889 616 863 684 855 687 881 ship 0.2174
3112 3287 3139 3271 3179 3338 3152 3354 ship 0.2118
1809 2266 1833 2264 1837 2322 1813 2324 ship 0.2113
1593 3044 1570 3013 1658 2944 1682 2974 ship 0.2098
1463 260 1462 237 1519 234 1520 258 ship 0.2097
2856 3066 2876 3047 2944 3120 2924 3139 ship 0.2093
3149 2795 3177 2792 3185 2877 3157 2879 ship 0.2076
1522 2050 1546 2044 1562 2101 1539 2107 ship 0.2053
1575 2081 1595 2074 1613 2126 1593 2133 ship 0.2041
1463 420 1459 392 1540 382 1544 410 ship 0.2039
1949 2282 1970 2272 1990 2315 1970 2324 ship 0.2027
1452 331 1463 309 1518 337 1506 359 ship 0.1993
1554 2943 1552 2914 1627 2909 1629 2938 ship 0.1992
3107 2778 3133 2767 3169 2853 3143 2864 ship 0.1989
2041 2828 2032 2805 2091 2784 2099 2808 ship 0.1980
1867 2584 1890 2575 1912 2630 1889 2639 ship 0.1975
1742 2254 1763 2246 1785 2301 1763 2309 ship 0.1971
2032 2782 2027 2760 2080 2749 2084 2772 ship 0.1959
2543 2927 2565 2927 2563 2997 2541 2997 ship 0.1950
2124 2664 2131 2645 2178 2661 2171 2680 ship 0.1949
1463 298 1463 274 1520 272 1521 296 ship 0.1941
1354 2771 1393 2781 1361 2909 1322 2899 ship 0.1925
1462 229 1461 205 1516 203 1517 226 ship 0.1918
1923 330 1935 313 1976 342 1964 359 ship 0.1908
1699 2419 1716 2408 1751 2462 1734 2473 ship 0.1907
1291 2680 1308 2654 1370 2696 1353 2722 ship 0.1905
1946 2675 1965 2664 1991 2708 1972 2719 ship 0.1904
1799 2860 1827 2853 1843 2923 1814 2929 ship 0.1902
2123 2645 2129 2626 2176 2642 2170 2661 ship 0.1874
3741 1249 3761 1213 3853 1262 3834 1299 ship 0.1843
1665 2613 1654 2585 1741 2551 1752 2579 ship 0.1817
1896 338 1910 324 1941 357 1926 371 ship 0.1816
1897 2383 1918 2375 1932 2414 1912 2421 ship 0.1808
1617 2551 1626 2524 1708 2551 1699 2578 ship 0.1804
3212 2840 3238 2847 3218 2914 3193 2906 ship 0.1800
3250 2865 3275 2869 3265 2933 3240 2929 ship 0.1790
4271 1356 4305 1360 4297 1424 4263 1420 ship 0.1783
1630 2222 1646 2205 1691 2245 1676 2262 ship 0.1736
1779 2498 1796 2487 1827 2534 1809 2545 ship 0.1730
1935 288 1944 271 1982 292 1973 309 ship 0.1728
1403 2573 1423 2554 1473 2606 1453 2625 ship 0.1707
1892 2610 1915 2598 1945 2652 1922 2665 ship 0.1700
2174 2531 2192 2516 2236 2568 2218 2583 ship 0.1657
1687 2337 1705 2325 1735 2368 1718 2381 ship 0.1656
1670 4216 1702 4208 1720 4281 1688 4289 ship 0.1652
2573 2947 2595 2955 2572 3020 2550 3012 ship 0.1646
1466 383 1471 358 1532 370 1527 395 ship 0.1637
4635 576 4656 550 4715 597 4695 623 ship 0.1628
2107 226 2121 204 2165 233 2152 254 ship 0.1621
4638 548 4650 529 4698 561 4685 580 ship 0.1621
1672 1134 1700 1135 1699 1201 1672 1201 ship 0.1615
1962 225 1979 212 2005 245 1988 258 ship 0.1614
2675 3013 2697 3015 2693 3088 2671 3087 ship 0.1604
2005 2755 2006 2734 2055 2735 2055 2756 ship 0.1602
1470 188 1471 165 1524 169 1522 192 ship 0.1590
2526 3519 2568 3491 2666 3638 2623 3667 ship 0.1582
1143 2585 1171 2590 1157 2662 1129 2656 ship 0.1582
1609 2148 1627 2137 1653 2182 1635 2193 ship 0.1571
2901 3149 2914 3127 2982 3167 2969 3189 ship 0.1562
1287 2451 1316 2453 1309 2531 1280 2529 ship 0.1560
1390 289 1417 285 1426 345 1399 349 ship 0.1555
224 401 241 382 290 426 273 445 ship 0.1541
1495 2035 1516 2027 1533 2077 1511 2084 ship 0.1536
1940 239 1953 222 1988 248 1975 265 ship 0.1511
2144 220 2158 199 2200 227 2187 248 ship 0.1508
2898 3070 2918 3052 2974 3116 2953 3134 ship 0.1507
1657 2679 1679 2667 1710 2721 1688 2734 ship 0.1506
724 864 718 841 782 824 789 847 ship 0.1504
1691 2644 1679 2616 1758 2585 1770 2613 ship 0.1477
2702 3698 2747 3677 2823 3839 2778 3860 ship 0.1433
1906 297 1917 282 1948 303 1937 319 ship 0.1428
1864 331 1879 318 1908 352 1893 365 ship 0.1425
3971 148 4018 47 4619 326 4572 427 ship 0.1375
1362 2525 1382 2509 1421 2559 1402 2575 ship 0.1369
2100 2754 2100 2731 2155 2731 2155 2753 ship 0.1366
289 1445 323 1442 329 1512 294 1514 ship 0.1361
1685 2434 1702 2424 1733 2476 1716 2486 ship 0.1355
3179 2825 3205 2827 3200 2896 3174 2894 ship 0.1345
638 3072 665 3043 766 3138 738 3167 ship 0.1342
3324 2945 3345 2937 3365 2987 3345 2995 ship 0.1323
4122 174 4146 173 4146 227 4123 228 ship 0.1318
2622 2995 2644 3001 2626 3066 2603 3059 ship 0.1317
1741 2447 1757 2438 1781 2485 1765 2494 ship 0.1307
1514 2823 1533 2808 1567 2852 1547 2867 ship 0.1300
1471 507 1479 481 1563 507 1555 533 ship 0.1295
1850 2359 1869 2355 1878 2391 1858 2396 ship 0.1293
1747 2487 1762 2476 1791 2520 1776 2531 ship 0.1276
1629 2726 1650 2714 1678 2764 1657 2775 ship 0.1271
2119 469 2111 436 2206 412 2215 445 ship 0.1270
289 1221 300 1192 379 1225 367 1254 ship 0.1270
1698 191 1701 11 3029 32 3026 212 ship 0.1268
4446 442 4455 419 4517 441 4509 464 ship 0.1262
1594 2710 1615 2699 1642 2751 1621 2762 ship 0.1254
1584 3002 1564 2976 1638 2919 1658 2946 ship 0.1253
1739 4177 1765 4166 1791 4234 1764 4244 ship 0.1249
4631 515 4644 498 4685 531 4672 547 ship 0.1245
1802 2461 1821 2454 1838 2496 1818 2504 ship 0.1242
2193 215 2209 197 2247 231 2231 249 ship 0.1229
2717 3012 2738 3012 2739 3079 2718 3079 ship 0.1225
4095 166 4117 166 4119 222 4097 223 ship 0.1222
1863 2439 1882 2431 1900 2468 1881 2477 ship 0.1221
1543 2684 1565 2675 1590 2732 1568 2741 ship 0.1203
1348 2695 1373 2676 1423 2744 1397 2763 ship 0.1190
3837 3515 3858 3486 3979 3572 3957 3602 ship 0.1182
1850 296 1861 280 1894 302 1883 318 ship 0.1177
3016 2556 3037 2527 3186 2636 3165 2665 ship 0.1176
1337 13 1365 17 1356 76 1329 72 ship 0.1166
2035 2701 2042 2681 2087 2696 2080 2716 ship 0.1163
1461 1952 1487 1957 1473 2024 1447 2019 ship 0.1161
1983 199 2004 194 2014 239 1993 244 ship 0.1160
3176 3294 3203 3291 3209 3351 3183 3354 ship 0.1159
1490 2769 1513 2758 1537 2810 1514 2821 ship 0.1158
2519 2890 2536 2882 2560 2937 2542 2945 ship 0.1156
1845 2025 1833 1993 1910 1965 1922 1997 ship 0.1143
1757 2639 1762 2611 1840 2625 1835 2653 ship 0.1137
4146 184 4170 185 4168 240 4144 239 ship 0.1123
536 908 520 808 1084 713 1101 812 ship 0.1115
513 4155 544 4146 569 4233 538 4242 ship 0.1103
1909 244 1920 227 1952 247 1942 264 ship 0.1102
1556 2026 1579 2020 1591 2067 1568 2072 ship 0.1098
2078 207 2099 199 2116 241 2095 250 ship 0.1095
4057 165 4078 159 4093 211 4073 217 ship 0.1091
1829 2407 1848 2403 1857 2441 1837 2445 ship 0.1088
1905 207 1917 190 1952 216 1939 233 ship 0.1077
1903 2421 1921 2410 1942 2445 1924 2456 ship 0.1074
1929 2424 1947 2411 1972 2445 1954 2459 ship 0.1059
2214 2511 2232 2498 2263 2544 2245 2556 ship 0.1059
2745 3013 2765 3015 2759 3075 2739 3073 ship 0.1052
1824 2566 1840 2549 1882 2589 1866 2606 ship 0.1052
444 936 476 932 484 1008 452 1011 ship 0.1046
1249 109 1267 91 1309 134 1291 152 ship 0.1042
4646 470 4671 452 4711 507 4687 525 ship 0.1038
1842 2799 1860 2778 1915 2825 1897 2846 ship 0.1031
1469 161 1474 139 1523 150 1518 172 ship 0.1026
1469 2717 1495 2711 1509 2765 1483 2772 ship 0.1021
2343 413 2339 385 2411 377 2414 405 ship 0.1009
1744 2327 1763 2321 1777 2362 1757 2368 ship 0.1004
391 3953 406 3929 453 3958 438 3982 ship 0.1003
1934 2240 1955 2227 1981 2270 1961 2283 ship 0.1002
1636 2501 1654 2485 1700 2538 1682 2554 ship 0.1002
3219 3268 3241 3273 3229 3330 3207 3325 ship 0.1000
215 3014 319 2981 356 3097 252 3131 storage-tank 0.1808
28 3775 62 3767 76 3827 41 3835 storage-tank 0.1280
513 4155 544 4146 569 4233 538 4242 storage-tank 0.1256
30 3647 43 3615 99 3639 86 3670 storage-tank 0.1061
3751 1305 3777 1211 4267 1347 4241 1440 harbor 0.1818
2644 2971 2752 2646 3499 2894 3391 3219 harbor 0.1563
1631 -4 1811 -51 1954 506 1774 552 harbor 0.1422
2978 2631 3037 2535 3489 2809 3430 2906 harbor 0.1123
1676 2360 1742 2181 2101 2314 2034 2493 harbor 0.1112
2034 3174 2014 3132 2102 3091 2121 3134 swimming-pool 0.1589
