365 586 385 549 512 616 492 654 bridge 0.1107
1606 1727 1623 1706 1666 1740 1649 1761 small-vehicle 0.1465
1648 1763 1652 1735 1712 1742 1708 1770 small-vehicle 0.1402
2188 2225 2210 2215 2231 2265 2210 2274 small-vehicle 0.1362
2764 982 2785 954 2877 1022 2856 1051 small-vehicle 0.1326
2149 2196 2171 2187 2192 2239 2170 2248 small-vehicle 0.1322
1406 1417 1431 1395 1516 1491 1490 1513 small-vehicle 0.1306
620 1363 635 1342 684 1375 670 1396 small-vehicle 0.1299
1577 1680 1600 1671 1620 1719 1597 1728 small-vehicle 0.1297
2117 1707 2137 1684 2197 1736 2177 1760 small-vehicle 0.1281
1541 1648 1564 1640 1581 1692 1558 1699 small-vehicle 0.1268
3126 2124 3117 2092 3205 2068 3214 2101 small-vehicle 0.1248
1907 1990 1927 1978 1955 2023 1935 2035 small-vehicle 0.1237
1871 1969 1886 1951 1925 1984 1910 2001 small-vehicle 0.1212
2599 1916 2612 1898 2656 1928 2643 1947 small-vehicle 0.1166
1843 1929 1857 1911 1898 1941 1885 1959 small-vehicle 0.1156
1997 1749 2019 1728 2093 1806 2071 1827 small-vehicle 0.1148
4018 2003 4041 1979 4126 2062 4102 2085 small-vehicle 0.1144
1927 1598 1946 1577 2026 1651 2006 1672 small-vehicle 0.1133
2115 2172 2136 2163 2157 2211 2136 2220 small-vehicle 0.1126
1508 1625 1530 1618 1546 1671 1523 1677 small-vehicle 0.1123
3341 1184 3363 1160 3457 1245 3435 1269 small-vehicle 0.1115
1967 1567 1993 1553 2037 1633 2012 1647 small-vehicle 0.1107
1947 1999 1968 1993 1982 2044 1961 2050 small-vehicle 0.1098
2406 2040 2428 2035 2439 2091 2417 2095 small-vehicle 0.1088
2344 2098 2361 2084 2394 2122 2377 2136 small-vehicle 0.1057
2283 1545 2307 1523 2394 1623 2370 1645 small-vehicle 0.1044
1483 1595 1505 1588 1520 1642 1498 1648 small-vehicle 0.1038
525 1440 539 1424 579 1457 565 1473 small-vehicle 0.1032
3947 1427 3973 1451 3886 1546 3860 1522 small-vehicle 0.1030
3363 1151 3385 1127 3477 1215 3454 1238 small-vehicle 0.1027
2873 1082 2900 1079 2909 1144 2882 1148 small-vehicle 0.1021
3938 2083 3961 2059 4066 2161 4042 2185 small-vehicle 0.1018
1116 2195 1135 2177 1176 2219 1157 2237 small-vehicle 0.1005
4063 1531 4090 1554 4009 1649 3982 1626 large-vehicle 0.2536
3938 2083 3961 2059 4066 2161 4042 2185 large-vehicle 0.2469
4109 1568 4134 1592 4044 1686 4019 1662 large-vehicle 0.2388
3363 1151 3385 1127 3477 1215 3454 1238 large-vehicle 0.2217
3438 1051 3462 1022 3567 1110 3542 1139 large-vehicle 0.2141
3427 1087 3452 1058 3548 1142 3523 1171 large-vehicle 0.2087
1946 1378 1969 1356 2063 1453 2039 1475 large-vehicle 0.2053
3958 1431 3983 1455 3894 1550 3868 1526 large-vehicle 0.2046
3341 1184 3363 1160 3457 1245 3435 1269 large-vehicle 0.1994
3393 1112 3418 1085 3511 1172 3485 1199 large-vehicle 0.1980
4026 1501 4053 1524 3975 1617 3948 1594 large-vehicle 0.1935
3349 926 3380 948 3302 1056 3271 1034 large-vehicle 0.1837
4074 1925 4098 1901 4197 2000 4173 2024 large-vehicle 0.1774
2052 1244 2076 1224 2166 1334 2142 1354 large-vehicle 0.1772
4048 1965 4073 1941 4161 2033 4136 2057 large-vehicle 0.1702
1152 1188 1176 1161 1276 1248 1253 1276 large-vehicle 0.1692
3997 1471 4023 1494 3940 1589 3914 1566 large-vehicle 0.1674
2283 1545 2307 1523 2394 1623 2370 1645 large-vehicle 0.1668
3246 837 3277 853 3215 973 3184 956 large-vehicle 0.1599
3613 1807 3641 1823 3588 1919 3560 1903 large-vehicle 0.1556
4018 2003 4041 1979 4126 2062 4102 2085 large-vehicle 0.1546
1406 1417 1431 1395 1516 1491 1490 1513 large-vehicle 0.1521
2862 880 2887 857 2960 937 2936 960 large-vehicle 0.1508
2724 1203 2701 1179 2790 1093 2813 1116 large-vehicle 0.1429
2764 982 2785 954 2877 1022 2856 1051 large-vehicle 0.1402
1165 1155 1188 1128 1291 1216 1268 1243 large-vehicle 0.1364
2646 1538 2674 1532 2701 1663 2673 1669 large-vehicle 0.1357
2751 1030 2774 1052 2685 1143 2663 1121 large-vehicle 0.1339
2747 1331 2767 1351 2694 1426 2673 1406 large-vehicle 0.1308
2761 1761 2765 1732 2854 1742 2851 1771 large-vehicle 0.1305
2893 844 2917 823 2991 912 2967 932 large-vehicle 0.1237
3025 1740 3059 1768 2951 1902 2917 1875 large-vehicle 0.1187
2892 1951 2920 1928 3009 2038 2981 2060 large-vehicle 0.1162
3612 1770 3640 1764 3660 1844 3632 1851 large-vehicle 0.1136
2695 1271 2719 1293 2652 1368 2628 1347 large-vehicle 0.1112
1131 1212 1154 1186 1250 1271 1227 1297 large-vehicle 0.1057
1967 1567 1993 1553 2037 1633 2012 1647 large-vehicle 0.1039
1927 1598 1946 1577 2026 1651 2006 1672 large-vehicle 0.1024
2892 1951 2920 1928 3009 2038 2981 2060 ship 0.2161
1355 2259 1374 2246 1413 2301 1394 2315 ship 0.2053
357 586 376 548 516 619 497 657 ship 0.1746
4018 2003 4041 1979 4126 2062 4102 2085 ship 0.1489
1381 2242 1400 2231 1430 2279 1412 2291 ship 0.1426
1392 2226 1410 2213 1446 2263 1427 2276 ship 0.1330
3349 926 3380 948 3302 1056 3271 1034 ship 0.1305
1342 2281 1363 2269 1390 2319 1369 2330 ship 0.1267
4075 1954 4098 1932 4181 2021 4158 2043 ship 0.1217
3938 2083 3961 2059 4066 2161 4042 2185 ship 0.1215
2052 1244 2076 1224 2166 1334 2142 1354 ship 0.1190
1250 2257 1273 2249 1291 2305 1268 2313 ship 0.1106
3246 837 3277 853 3215 973 3184 956 ship 0.1013
1176 2140 1199 2114 1272 2177 1249 2203 ship 0.1000
1355 2259 1374 2246 1413 2301 1394 2315 storage-tank 0.1037
