600 1706 618 1644 1511 1912 1493 1973 bridge 0.1215
2849 1321 2873 1310 2902 1375 2878 1386 ship 0.4123
2800 1341 2824 1331 2850 1394 2826 1404 ship 0.3873
2619 1407 2643 1408 2640 1481 2616 1480 ship 0.3743
2672 1392 2694 1381 2723 1442 2701 1452 ship 0.3561
2827 1326 2850 1316 2879 1380 2856 1390 ship 0.3109
1970 291 1984 278 2028 325 2014 338 ship 0.2954
2302 1539 2293 1514 2394 1479 2403 1503 ship 0.2862
2448 405 2460 390 2511 429 2500 444 ship 0.2856
2978 991 2994 974 3072 1047 3056 1064 ship 0.2706
2969 1100 2985 1089 3023 1148 3008 1158 ship 0.2704
1438 804 1457 790 1514 868 1495 882 ship 0.2641
2929 1291 2950 1289 2955 1350 2934 1351 ship 0.2639
1686 1165 1682 1144 1776 1126 1780 1147 ship 0.2638
2140 733 2152 712 2231 754 2220 775 ship 0.2422
3050 1156 3067 1140 3123 1202 3106 1217 ship 0.2364
2543 1661 2568 1652 2604 1755 2578 1764 ship 0.2298
1472 956 1492 944 1538 1020 1519 1032 ship 0.2243
1794 463 1792 439 1868 432 1871 456 ship 0.2212
1678 1283 1665 1261 1741 1216 1754 1238 ship 0.2161
1972 283 1980 264 2045 291 2037 310 ship 0.2154
2013 1103 2031 1093 2067 1161 2050 1170 ship 0.2135
2966 998 2982 983 3045 1053 3029 1067 ship 0.2123
2942 1336 2951 1321 3003 1355 2993 1370 ship 0.2012
2941 1364 2948 1346 3005 1365 2999 1383 ship 0.1996
2964 1015 2979 1004 3020 1058 3005 1069 ship 0.1939
1957 740 1975 726 2010 768 1992 783 ship 0.1885
1392 840 1408 827 1459 886 1443 900 ship 0.1860
1569 745 1584 731 1641 793 1626 807 ship 0.1854
2444 456 2445 439 2502 440 2501 457 ship 0.1852
2877 1307 2899 1301 2916 1360 2894 1366 ship 0.1847
2063 1215 2067 1195 2121 1205 2117 1225 ship 0.1842
2903 895 2923 877 3001 964 2981 982 ship 0.1833
2416 308 2429 297 2472 347 2459 358 ship 0.1827
2059 965 2046 946 2114 899 2127 918 ship 0.1812
1467 871 1487 854 1581 963 1562 980 ship 0.1781
1374 790 1391 780 1426 839 1408 849 ship 0.1757
2690 883 2679 867 2726 834 2737 850 ship 0.1746
3028 1356 3012 1335 3094 1274 3110 1295 ship 0.1733
2659 1407 2680 1402 2692 1461 2670 1465 ship 0.1723
2995 1108 3008 1097 3049 1150 3036 1161 ship 0.1659
1695 1240 1680 1224 1756 1158 1770 1174 ship 0.1657
1531 1021 1547 1013 1570 1058 1553 1067 ship 0.1618
1731 978 1745 966 1790 1019 1775 1031 ship 0.1606
1716 1196 1704 1180 1783 1127 1794 1144 ship 0.1598
2387 535 2376 518 2426 485 2437 502 ship 0.1580
2085 156 2105 173 2009 280 1990 263 ship 0.1575
2971 1053 2985 1044 3016 1089 3002 1098 ship 0.1569
3000 1336 2990 1318 3058 1279 3069 1297 ship 0.1560
1750 935 1767 919 1819 978 1802 993 ship 0.1526
1437 889 1455 877 1514 959 1497 972 ship 0.1508
2448 555 2433 540 2485 488 2501 503 ship 0.1486
2446 521 2435 506 2487 470 2497 485 ship 0.1482
2077 813 2094 795 2183 875 2166 893 ship 0.1475
2274 1579 2267 1555 2378 1524 2384 1548 ship 0.1464
1989 1042 1997 1026 2046 1049 2039 1065 ship 0.1425
2043 928 2032 910 2092 872 2103 891 ship 0.1423
2423 479 2421 462 2475 455 2477 472 ship 0.1402
2133 1456 2153 1442 2190 1495 2170 1509 ship 0.1397
2710 1383 2732 1378 2745 1432 2724 1438 ship 0.1374
1563 1011 1580 1005 1596 1053 1579 1059 ship 0.1372
1407 765 1424 758 1449 818 1431 825 ship 0.1318
2060 784 2069 768 2138 804 2129 821 ship 0.1314
2461 399 2466 383 2520 401 2515 417 ship 0.1294
2008 1028 2005 1011 2054 1002 2057 1019 ship 0.1284
1553 982 1567 972 1599 1020 1584 1029 ship 0.1271
3131 1399 3108 1376 3196 1288 3220 1311 ship 0.1268
2946 1301 2956 1289 2994 1324 2983 1335 ship 0.1237
1599 712 1617 697 1668 759 1650 774 ship 0.1199
2006 770 2005 751 2067 750 2068 769 ship 0.1196
1394 788 1412 779 1443 841 1425 850 ship 0.1185
2036 1009 2029 994 2076 974 2082 989 ship 0.1184
2051 1187 2058 1171 2103 1192 2096 1208 ship 0.1175
2509 711 2527 694 2629 801 2610 818 ship 0.1171
2639 837 2641 821 2682 825 2680 841 ship 0.1168
1350 1125 1387 1094 1540 1271 1504 1303 ship 0.1165
1420 768 1432 756 1468 795 1456 806 ship 0.1164
2597 1451 2615 1447 2628 1498 2610 1503 ship 0.1149
363 1709 364 1689 432 1691 432 1711 ship 0.1121
2454 578 2441 562 2492 519 2505 536 ship 0.1114
1844 397 1823 376 1932 269 1953 289 ship 0.1113
2581 1536 2604 1526 2649 1629 2626 1639 ship 0.1095
1291 972 1312 956 1404 1079 1384 1094 ship 0.1090
1742 946 1757 934 1797 985 1781 997 ship 0.1087
1656 1159 1662 1141 1726 1163 1720 1181 ship 0.1075
2031 898 2026 877 2095 858 2101 879 ship 0.1066
1517 976 1533 965 1570 1021 1554 1032 ship 0.1060
2530 1676 2554 1670 2580 1779 2556 1785 ship 0.1051
2363 562 2505 429 2815 757 2674 891 ship 0.1051
1401 1241 1412 1220 1524 1279 1513 1299 ship 0.1046
2595 800 2605 788 2648 822 2638 835 ship 0.1038
2646 863 2649 848 2684 855 2681 870 ship 0.1016
1295 1525 1270 1494 1378 1409 1402 1440 ship 0.1002
1118 847 1382 748 1676 1531 1411 1630 harbor 0.2133
1370 1945 1347 1815 2010 1694 2034 1825 harbor 0.1392
1335 785 1412 731 1617 1019 1540 1074 harbor 0.1272
1227 1541 1210 1488 1609 1354 1627 1407 harbor 0.1078
387 1710 380 1645 724 1609 731 1674 harbor 0.1048
1439 1420 1484 1402 1549 1564 1504 1582 harbor 0.1009
