988 860 991 836 1038 842 1035 865 small-vehicle 0.2384
960 1340 981 1340 981 1381 960 1381 small-vehicle 0.2288
1292 1473 1312 1476 1306 1519 1286 1516 small-vehicle 0.2264
394 1056 413 1057 411 1095 393 1094 small-vehicle 0.2262
1019 1404 1042 1406 1038 1453 1015 1451 small-vehicle 0.2215
334 354 326 333 369 317 377 338 small-vehicle 0.2173
1701 1134 1704 1113 1751 1121 1748 1142 small-vehicle 0.2154
831 1192 851 1194 847 1232 828 1230 small-vehicle 0.2132
985 1729 988 1696 1100 1704 1098 1738 small-vehicle 0.2121
904 1196 923 1199 916 1243 896 1240 small-vehicle 0.2045
313 933 327 920 352 947 338 960 small-vehicle 0.2016
347 907 361 896 386 930 371 940 small-vehicle 0.1983
1338 1373 1359 1371 1362 1413 1341 1415 small-vehicle 0.1975
1062 1437 1084 1439 1082 1479 1059 1478 small-vehicle 0.1971
364 893 378 882 403 915 390 926 small-vehicle 0.1970
1107 865 1110 848 1147 854 1144 871 small-vehicle 0.1969
263 749 284 748 284 788 264 788 small-vehicle 0.1947
197 101 218 103 215 141 194 139 small-vehicle 0.1922
1295 1377 1315 1374 1320 1418 1300 1420 small-vehicle 0.1895
492 783 511 785 507 827 487 825 small-vehicle 0.1883
956 1206 976 1209 970 1249 950 1246 small-vehicle 0.1835
1072 1351 1095 1354 1088 1407 1065 1404 small-vehicle 0.1825
680 815 682 798 722 803 720 821 small-vehicle 0.1815
376 881 390 872 414 906 399 916 small-vehicle 0.1812
783 1059 786 1037 828 1044 824 1066 small-vehicle 0.1791
641 1243 658 1246 651 1286 633 1282 small-vehicle 0.1771
191 1652 207 1645 224 1682 208 1690 small-vehicle 0.1771
1052 954 1055 934 1094 939 1092 959 small-vehicle 0.1766
470 625 489 626 487 664 468 663 small-vehicle 0.1764
1267 1407 1288 1404 1293 1445 1272 1448 small-vehicle 0.1754
405 861 420 851 444 887 430 897 small-vehicle 0.1738
155 836 174 836 173 880 153 879 small-vehicle 0.1714
1640 1211 1644 1193 1682 1203 1677 1221 small-vehicle 0.1655
1287 196 1307 196 1308 229 1287 229 small-vehicle 0.1652
1266 1465 1284 1468 1276 1512 1258 1509 small-vehicle 0.1650
34 100 31 81 66 76 69 95 small-vehicle 0.1643
1705 1179 1705 1161 1742 1161 1742 1179 small-vehicle 0.1630
1395 1353 1413 1352 1415 1389 1397 1390 small-vehicle 0.1630
624 1160 627 1141 667 1147 665 1165 small-vehicle 0.1604
392 872 407 863 431 899 416 908 small-vehicle 0.1594
1313 1432 1331 1434 1328 1473 1310 1472 small-vehicle 0.1594
1225 1350 1228 1332 1266 1338 1263 1356 small-vehicle 0.1575
1715 1079 1717 1058 1770 1064 1768 1084 small-vehicle 0.1476
1957 419 1961 401 2005 410 2002 428 small-vehicle 0.1397
859 1195 878 1197 874 1239 855 1237 small-vehicle 0.1394
1664 1173 1672 1161 1698 1179 1689 1191 small-vehicle 0.1333
1944 480 1946 461 1993 465 1991 484 small-vehicle 0.1299
1816 952 1823 930 1864 943 1857 965 small-vehicle 0.1285
679 81 682 62 726 68 723 88 small-vehicle 0.1281
332 917 347 906 368 935 353 946 small-vehicle 0.1258
1657 1189 1663 1175 1692 1189 1685 1203 small-vehicle 0.1253
1693 934 1702 917 1736 936 1727 952 small-vehicle 0.1252
544 1495 560 1488 577 1525 561 1532 small-vehicle 0.1236
1702 1196 1702 1180 1738 1181 1738 1197 small-vehicle 0.1234
1715 1099 1719 1079 1767 1088 1763 1108 small-vehicle 0.1223
345 1157 346 1139 384 1142 382 1160 small-vehicle 0.1222
1957 983 1957 965 2002 964 2003 982 small-vehicle 0.1189
624 404 626 373 759 384 756 416 small-vehicle 0.1179
680 232 679 217 717 215 718 229 small-vehicle 0.1179
1683 1160 1688 1147 1717 1159 1712 1172 small-vehicle 0.1179
1172 137 1189 142 1179 176 1162 170 small-vehicle 0.1166
926 1200 946 1203 938 1246 919 1243 small-vehicle 0.1165
685 866 686 848 724 850 723 868 small-vehicle 0.1143
1799 1062 1819 1055 1833 1094 1813 1101 small-vehicle 0.1138
1959 403 1961 385 2006 391 2003 409 small-vehicle 0.1131
1944 932 1946 915 1989 921 1986 938 small-vehicle 0.1121
1631 927 1636 911 1665 920 1660 935 small-vehicle 0.1114
1250 1272 1256 1257 1284 1267 1278 1282 small-vehicle 0.1112
1037 1422 1059 1425 1052 1466 1031 1462 small-vehicle 0.1101
1699 440 1710 440 1708 471 1697 470 small-vehicle 0.1092
1946 448 1949 430 1996 438 1993 457 small-vehicle 0.1087
1681 1173 1686 1161 1714 1172 1708 1185 small-vehicle 0.1075
1698 1217 1698 1200 1735 1200 1735 1216 small-vehicle 0.1067
483 303 499 284 563 340 547 359 small-vehicle 0.1063
1982 1017 1984 1000 2019 1004 2017 1021 small-vehicle 0.1061
1960 389 1961 371 2006 374 2004 393 small-vehicle 0.1057
1299 1425 1318 1428 1312 1464 1292 1460 small-vehicle 0.1047
674 245 672 231 705 227 707 241 small-vehicle 0.1045
1516 1188 1533 1186 1538 1225 1520 1227 small-vehicle 0.1044
1505 1153 1516 1136 1551 1158 1540 1176 small-vehicle 0.1035
1664 937 1669 919 1707 929 1702 947 small-vehicle 0.1032
1377 1358 1396 1358 1398 1397 1379 1397 small-vehicle 0.1018
157 1557 156 1544 190 1540 191 1554 small-vehicle 0.1017
883 1193 902 1195 897 1235 878 1233 small-vehicle 0.1010
625 402 628 371 770 388 766 418 large-vehicle 0.5630
1469 943 1474 911 1600 927 1595 960 large-vehicle 0.5531
1583 1012 1611 1016 1597 1126 1568 1122 large-vehicle 0.5435
1469 981 1475 953 1575 975 1569 1003 large-vehicle 0.5277
1535 1015 1564 1014 1568 1112 1538 1113 large-vehicle 0.3870
663 360 667 334 759 347 755 374 large-vehicle 0.3633
483 303 499 284 563 340 547 359 large-vehicle 0.3331
991 1730 993 1698 1109 1705 1107 1737 large-vehicle 0.3243
1769 762 1791 765 1778 856 1756 853 large-vehicle 0.2556
1841 587 1866 587 1866 743 1841 743 large-vehicle 0.2262
531 151 554 136 595 199 573 214 large-vehicle 0.1991
314 1505 307 1491 393 1444 400 1458 large-vehicle 0.1970
1913 580 1936 581 1929 759 1906 758 large-vehicle 0.1886
1900 792 1920 793 1914 867 1893 865 large-vehicle 0.1854
1845 768 1868 769 1865 859 1841 858 large-vehicle 0.1799
1806 765 1830 768 1820 856 1796 853 large-vehicle 0.1634
573 271 587 260 642 327 629 338 large-vehicle 0.1612
1864 595 1885 596 1881 745 1860 744 large-vehicle 0.1527
1771 566 1806 570 1787 730 1753 726 large-vehicle 0.1431
1802 575 1838 579 1820 735 1784 731 large-vehicle 0.1372
1075 1353 1098 1358 1080 1427 1057 1421 large-vehicle 0.1289
1720 1081 1722 1060 1791 1067 1788 1088 large-vehicle 0.1276
1949 577 2009 579 2003 763 1943 761 large-vehicle 0.1244
1993 802 2012 802 2010 881 1992 881 large-vehicle 0.1172
690 334 693 310 768 320 765 344 large-vehicle 0.1163
1185 409 1190 365 1514 403 1509 448 large-vehicle 0.1069
258 268 241 243 379 152 396 178 large-vehicle 0.1033
9 855 51 845 62 893 19 903 storage-tank 0.2899
13 725 30 703 60 726 44 748 storage-tank 0.2675
9 855 51 845 62 893 19 903 swimming-pool 0.2210
18 725 33 703 64 726 49 747 swimming-pool 0.1971
58 643 76 647 70 678 52 675 swimming-pool 0.1644
