910 1207 935 1201 947 1249 922 1256 small-vehicle 0.5812
936 1195 959 1188 973 1235 950 1242 small-vehicle 0.4729
1047 639 1067 635 1076 680 1056 684 small-vehicle 0.4141
609 692 612 674 650 680 647 698 small-vehicle 0.3603
657 674 661 654 698 660 695 680 small-vehicle 0.3519
647 717 649 695 688 700 686 721 small-vehicle 0.3314
577 274 559 268 570 227 589 233 small-vehicle 0.3313
104 303 84 298 93 257 114 262 small-vehicle 0.3018
569 51 549 48 556 9 577 12 small-vehicle 0.3004
591 761 597 745 633 757 628 773 small-vehicle 0.2990
603 725 610 705 647 719 640 738 small-vehicle 0.2882
1261 70 1240 63 1252 27 1272 34 small-vehicle 0.2860
842 678 823 674 830 632 849 635 small-vehicle 0.2848
950 1155 971 1150 980 1188 959 1193 small-vehicle 0.2845
518 1292 543 1288 551 1345 526 1349 small-vehicle 0.2751
171 1299 186 1290 207 1327 191 1335 small-vehicle 0.2612
636 777 642 759 677 771 671 789 small-vehicle 0.2579
650 691 654 673 691 680 687 698 small-vehicle 0.2575
534 631 543 618 576 640 567 653 small-vehicle 0.2521
1229 62 1211 54 1224 25 1242 32 small-vehicle 0.2294
522 688 533 673 566 701 554 715 small-vehicle 0.2208
54 1050 70 1043 86 1080 70 1087 small-vehicle 0.2162
643 734 647 715 684 723 680 742 small-vehicle 0.2143
543 613 553 596 591 619 580 636 small-vehicle 0.1969
499 748 507 730 543 746 536 764 small-vehicle 0.1910
547 274 526 271 532 229 553 233 small-vehicle 0.1790
138 724 147 700 199 718 190 743 small-vehicle 0.1746
621 656 624 636 664 640 662 661 small-vehicle 0.1742
320 573 326 552 365 563 359 584 small-vehicle 0.1638
549 585 558 571 589 591 580 605 small-vehicle 0.1620
499 267 478 261 488 224 509 230 small-vehicle 0.1449
307 613 313 594 351 605 346 624 small-vehicle 0.1390
540 45 519 42 524 6 546 10 small-vehicle 0.1371
264 628 247 624 258 584 275 588 small-vehicle 0.1356
511 709 521 695 553 717 544 731 small-vehicle 0.1343
313 592 318 573 359 584 354 603 small-vehicle 0.1309
172 577 177 556 225 568 220 589 small-vehicle 0.1225
517 41 492 35 500 1 525 7 small-vehicle 0.1198
625 608 627 590 671 596 668 614 small-vehicle 0.1135
888 1226 909 1222 918 1264 896 1268 small-vehicle 0.1024
188 1086 189 1062 358 1066 357 1090 large-vehicle 0.9961
1177 386 1180 358 1351 377 1348 405 large-vehicle 0.9952
172 1051 173 1027 342 1035 341 1058 large-vehicle 0.9943
1174 1246 1172 1219 1332 1210 1333 1237 large-vehicle 0.9933
997 659 1022 657 1037 849 1013 851 large-vehicle 0.9930
1224 242 1227 214 1410 230 1407 257 large-vehicle 0.9922
236 1189 233 1163 409 1140 413 1166 large-vehicle 0.9879
813 870 785 869 789 683 817 684 large-vehicle 0.9846
569 1249 600 1243 634 1432 602 1438 large-vehicle 0.9839
890 665 918 664 928 845 899 846 large-vehicle 0.9816
120 916 126 888 289 925 283 953 large-vehicle 0.9815
1231 294 1235 265 1417 287 1413 317 large-vehicle 0.9813
187 850 193 826 289 848 283 873 large-vehicle 0.9803
969 665 997 662 1011 848 983 850 large-vehicle 0.9793
284 1307 277 1279 454 1239 461 1267 large-vehicle 0.9792
908 1213 936 1206 981 1383 952 1391 large-vehicle 0.9789
598 1244 622 1237 676 1432 652 1439 large-vehicle 0.9783
129 887 134 861 297 892 292 918 large-vehicle 0.9735
1130 429 1135 402 1324 438 1319 465 large-vehicle 0.9657
1278 560 1273 534 1368 517 1373 543 large-vehicle 0.9597
662 1247 689 1242 718 1415 690 1420 large-vehicle 0.9569
454 1310 478 1306 501 1453 477 1457 large-vehicle 0.9561
1024 661 1048 659 1062 843 1037 845 large-vehicle 0.9555
1241 357 1244 330 1381 347 1378 373 large-vehicle 0.9554
940 673 968 670 988 853 960 856 large-vehicle 0.9540
938 1205 966 1198 1010 1379 982 1386 large-vehicle 0.9432
129 966 134 941 293 977 287 1002 large-vehicle 0.9118
983 1208 1011 1202 1044 1378 1016 1383 large-vehicle 0.8876
580 524 588 496 749 541 741 570 large-vehicle 0.8688
548 1303 576 1297 604 1436 576 1442 large-vehicle 0.8668
1012 869 1038 868 1047 1013 1021 1014 large-vehicle 0.8444
326 1357 317 1332 395 1305 404 1330 large-vehicle 0.8240
955 869 983 867 995 1045 968 1047 large-vehicle 0.7783
688 1268 710 1264 741 1406 719 1411 large-vehicle 0.7526
870 702 893 702 896 860 873 861 large-vehicle 0.7339
575 559 582 534 663 556 656 582 large-vehicle 0.7298
1265 215 1266 189 1417 195 1416 221 large-vehicle 0.7253
479 1323 501 1318 533 1455 510 1460 large-vehicle 0.7195
1132 486 1137 464 1249 489 1245 511 large-vehicle 0.7058
1609 907 1633 896 1708 1072 1684 1082 large-vehicle 0.6996
140 943 144 921 281 947 277 969 large-vehicle 0.6787
843 870 819 869 822 705 847 705 large-vehicle 0.5302
511 1291 546 1284 576 1433 542 1440 large-vehicle 0.4860
1258 973 1287 972 1290 1101 1262 1102 large-vehicle 0.4502
917 669 941 668 948 848 924 849 large-vehicle 0.3791
1160 463 1164 437 1257 454 1252 479 large-vehicle 0.2859
1169 713 1198 711 1208 850 1179 852 large-vehicle 0.2283
923 874 952 872 964 1028 934 1031 large-vehicle 0.2103
1282 535 1278 510 1417 484 1422 509 large-vehicle 0.1972
410 973 383 972 386 892 413 893 large-vehicle 0.1650
1202 718 1229 716 1237 851 1210 852 large-vehicle 0.1640
110 808 118 777 288 817 280 848 large-vehicle 0.1633
983 863 1011 861 1023 1046 994 1048 large-vehicle 0.1614
1048 638 1067 634 1076 680 1056 684 large-vehicle 0.1549
138 757 144 733 189 744 183 768 large-vehicle 0.1503
187 530 193 510 244 526 238 546 large-vehicle 0.1348
812 1251 835 1248 851 1381 829 1383 large-vehicle 0.1264
551 1000 532 999 537 950 555 952 ship 0.1506
