2119 931 2120 662 2394 663 2392 932 baseball-diamond 0.9712
2159 1994 1723 1901 1821 1438 2257 1530 baseball-diamond 0.8744
627 428 1395 279 1733 2019 965 2168 ground-track-field 0.9996
2341 2322 1477 1863 2022 836 2886 1294 ground-track-field 0.4403
730 38 732 15 783 21 781 43 small-vehicle 0.6032
2257 250 2223 237 2237 200 2271 213 small-vehicle 0.5674
2646 148 2636 124 2673 109 2683 132 small-vehicle 0.4094
2221 292 2193 289 2200 241 2228 245 small-vehicle 0.3840
2436 145 2408 143 2412 98 2440 100 small-vehicle 0.3567
606 2077 607 2057 688 2059 687 2079 small-vehicle 0.3488
2311 2119 2311 2101 2402 2104 2401 2122 small-vehicle 0.3395
2386 2125 2385 2107 2457 2106 2457 2124 small-vehicle 0.3301
1720 2174 1723 2153 1773 2160 1770 2181 small-vehicle 0.3291
2475 106 2499 104 2502 139 2477 141 small-vehicle 0.3216
811 67 807 38 851 33 854 61 small-vehicle 0.2994
725 59 727 34 777 40 775 65 small-vehicle 0.2935
2339 2194 2341 2172 2390 2177 2388 2199 small-vehicle 0.2925
2420 446 2399 437 2416 395 2438 404 small-vehicle 0.2863
2459 459 2441 451 2460 411 2478 420 small-vehicle 0.2823
2253 2122 2254 2100 2315 2102 2314 2124 small-vehicle 0.2528
2288 303 2257 293 2268 255 2300 264 small-vehicle 0.2429
1036 2315 1003 2311 1008 2275 1041 2280 small-vehicle 0.2209
776 365 773 344 823 337 826 358 small-vehicle 0.1971
2415 321 2394 314 2408 270 2429 277 small-vehicle 0.1717
540 2159 542 2135 591 2139 589 2163 small-vehicle 0.1651
2265 295 2241 294 2244 243 2268 245 small-vehicle 0.1467
2640 130 2628 109 2668 87 2680 108 small-vehicle 0.1361
2445 219 2471 217 2474 262 2449 264 small-vehicle 0.1275
2510 477 2490 468 2509 426 2529 435 small-vehicle 0.1240
2373 422 2355 412 2374 378 2392 388 small-vehicle 0.1164
2634 249 2632 223 2680 220 2682 247 small-vehicle 0.1123
2442 329 2415 320 2429 276 2456 285 small-vehicle 0.1062
81 2148 84 2129 140 2135 138 2154 large-vehicle 0.1191
987 2304 985 2284 1043 2279 1045 2299 large-vehicle 0.1175
2269 2119 2270 2099 2348 2102 2347 2123 large-vehicle 0.1122
1036 2315 1003 2311 1008 2275 1041 2280 ship 0.1899
574 1699 681 1698 681 1908 574 1909 tennis-court 0.9995
529 1265 421 1263 424 1053 532 1055 tennis-court 0.9995
414 1695 519 1693 522 1911 417 1913 tennis-court 0.9994
733 1705 841 1703 844 1908 736 1910 tennis-court 0.9990
527 1588 417 1588 417 1373 527 1373 tennis-court 0.9989
575 1374 681 1372 685 1587 579 1589 tennis-court 0.9981
825 717 1343 616 1552 1690 1034 1791 soccer-ball-field 0.9883
2351 2033 1684 1888 1880 985 2546 1130 soccer-ball-field 0.2558
