1781 523 1898 450 1985 590 1868 663 plane 0.9997
1548 670 1661 597 1751 736 1639 809 plane 0.9996
1288 798 1409 721 1509 879 1387 956 plane 0.9996
2041 464 2155 393 2237 525 2123 596 plane 0.9996
1049 967 1164 898 1246 1037 1132 1106 plane 0.9994
542 1328 664 1254 745 1388 623 1462 plane 0.9993
690 1251 806 1183 875 1301 758 1369 plane 0.9993
2206 313 2322 243 2400 373 2283 443 plane 0.9993
62 1646 -7 1533 132 1446 202 1560 plane 0.9993
838 1138 955 1067 1036 1203 920 1273 plane 0.9992
283 1487 402 1420 475 1551 356 1618 plane 0.9984
313 795 328 784 360 827 345 838 large-vehicle 0.8354
31 236 22 223 56 199 65 212 large-vehicle 0.6537
284 890 275 875 323 847 331 862 large-vehicle 0.6219
1754 429 1743 415 1785 384 1795 397 large-vehicle 0.5664
250 778 240 762 282 737 292 753 large-vehicle 0.5314
372 1353 364 1339 410 1311 419 1325 large-vehicle 0.4692
195 1459 212 1448 243 1497 226 1508 large-vehicle 0.4320
280 1250 285 1233 331 1246 326 1263 large-vehicle 0.2827
626 857 638 850 667 892 656 900 large-vehicle 0.1844
