1860 2313 1972 2112 2184 2229 2071 2431 plane 0.9852
1604 4582 1518 4537 1572 4434 1658 4479 plane 0.9768
586 4581 663 4453 807 4539 730 4668 plane 0.9675
640 2921 678 2856 764 2905 727 2971 plane 0.9589
2391 2413 2430 2337 2521 2384 2482 2460 plane 0.9577
2427 2281 2480 2201 2568 2258 2514 2339 plane 0.9492
1023 3900 1088 3786 1217 3859 1151 3973 plane 0.9319
2051 2083 2126 1934 2284 2015 2209 2163 plane 0.9295
800 1921 865 1872 924 1951 859 1999 plane 0.9232
2455 1395 2531 1269 2670 1353 2594 1479 plane 0.9120
1581 2763 1708 2549 1930 2679 1803 2894 plane 0.9034
1526 3803 1590 3707 1696 3778 1633 3873 plane 0.8718
1301 4190 1363 4100 1462 4168 1400 4258 plane 0.8678
2255 50 2375 44 2381 165 2261 171 plane 0.8659
1448 3931 1500 3837 1620 3904 1567 3998 plane 0.8657
1230 3445 1336 3285 1514 3403 1407 3563 plane 0.8627
2141 1873 2254 1692 2441 1809 2327 1990 plane 0.8601
1104 4580 1147 4503 1234 4553 1191 4629 plane 0.7955
1309 3223 1440 3005 1669 3143 1537 3361 plane 0.7403
2859 721 2924 614 3047 688 2982 796 plane 0.7295
1603 1276 1640 1210 1712 1250 1675 1316 plane 0.7248
1813 2541 1893 2419 2016 2499 1937 2621 plane 0.6864
737 2129 785 2068 851 2119 803 2180 plane 0.6723
514 2771 457 2734 499 2669 556 2706 plane 0.6107
-24 5268 -2 5170 120 5197 98 5295 plane 0.5963
591 2979 535 2927 599 2858 655 2910 plane 0.3871
830 4437 872 4391 932 4444 889 4491 plane 0.3530
425 2862 395 2832 456 2770 486 2800 plane 0.2860
1467 1455 1501 1390 1583 1431 1550 1497 plane 0.2753
756 4590 795 4530 872 4580 833 4641 plane 0.2628
839 2039 887 1989 937 2039 889 2088 plane 0.2281
783 2272 752 2221 822 2180 853 2231 plane 0.1888
205 3036 232 2965 309 2996 282 3066 plane 0.1885
693 2846 636 2812 673 2750 730 2784 plane 0.1863
233 3689 179 3657 214 3597 268 3628 plane 0.1457
2097 2237 2152 2165 2237 2229 2182 2302 plane 0.1365
935 1894 960 1826 1052 1860 1028 1928 plane 0.1343
619 4705 659 4646 724 4691 684 4749 plane 0.1305
504 2610 537 2563 605 2610 572 2657 plane 0.1034
1355 3668 1290 3608 1354 3538 1419 3598 plane 0.1011
2322 1978 2149 1861 2267 1687 2440 1804 helicopter 0.2738
2844 731 2922 596 3069 682 2991 816 helicopter 0.2479
1315 3224 1452 3005 1674 3143 1537 3362 helicopter 0.1987
-27 5267 3 5163 127 5199 96 5303 helicopter 0.1628
1306 4184 1364 4105 1458 4173 1400 4253 helicopter 0.1453
2044 2083 2133 1927 2298 2020 2209 2177 helicopter 0.1036
