1391 618 1447 572 1505 643 1450 689 plane 0.9997
639 1621 602 1568 668 1521 705 1573 plane 0.9997
1153 1465 1120 1422 1184 1373 1217 1415 plane 0.9997
942 1401 902 1348 972 1295 1012 1349 plane 0.9997
1321 1341 1288 1297 1350 1249 1384 1293 plane 0.9996
980 1032 949 986 1014 941 1045 987 plane 0.9996
900 1097 861 1051 923 997 963 1044 plane 0.9996
825 1718 786 1667 861 1610 900 1661 plane 0.9995
613 1316 575 1272 644 1212 682 1256 plane 0.9995
825 1752 880 1718 929 1798 873 1832 plane 0.9995
1044 769 1087 736 1137 800 1095 834 plane 0.9995
1107 849 1151 817 1199 881 1154 913 plane 0.9995
879 1830 935 1792 990 1873 934 1911 plane 0.9994
1161 374 1204 337 1259 403 1216 439 plane 0.9994
1070 1524 1038 1477 1104 1432 1136 1478 plane 0.9994
1107 300 1155 269 1202 340 1154 372 plane 0.9994
733 1939 780 1901 835 1969 788 2007 plane 0.9993
1432 1427 1509 1369 1568 1448 1491 1505 plane 0.9991
1320 1132 1279 1079 1357 1019 1398 1072 plane 0.9991
1541 1340 1618 1283 1679 1367 1602 1424 plane 0.9991
746 1767 714 1722 779 1674 811 1719 plane 0.9990
1344 551 1383 515 1438 573 1400 610 plane 0.9989
664 1825 631 1778 703 1728 736 1775 plane 0.9989
561 1679 522 1632 587 1577 626 1623 plane 0.9988
793 1504 759 1461 816 1415 851 1458 plane 0.9986
184 1525 234 1489 279 1551 229 1587 plane 0.9985
724 1229 687 1183 753 1130 790 1177 plane 0.9985
1152 590 1200 553 1247 612 1199 649 plane 0.9985
680 1867 725 1832 777 1900 731 1935 plane 0.9983
242 1475 289 1441 337 1509 290 1543 plane 0.9981
146 1437 229 1383 296 1485 212 1540 plane 0.9975
1104 522 1151 489 1194 548 1147 581 plane 0.9964
702 1552 678 1517 736 1478 760 1514 plane 0.9952
1076 452 1108 426 1156 486 1124 512 plane 0.9753
1033 378 1067 353 1118 421 1085 447 plane 0.5112
1222 442 1253 428 1274 474 1243 488 plane 0.4948
133 1043 123 1027 158 1005 168 1020 small-vehicle 0.1297
503 662 517 650 540 678 527 690 small-vehicle 0.1084
534 695 549 685 569 713 553 724 small-vehicle 0.1045
1363 430 1362 411 1437 405 1439 424 large-vehicle 0.1037
850 149 850 58 946 59 945 150 storage-tank 0.9517
