823 946 805 945 806 903 825 903 small-vehicle 0.9394
766 914 786 912 789 950 769 951 small-vehicle 0.8419
887 434 865 432 868 385 889 386 small-vehicle 0.8330
794 401 817 401 818 445 795 445 small-vehicle 0.8317
862 431 840 429 843 384 865 386 small-vehicle 0.5965
475 945 458 944 459 907 475 908 small-vehicle 0.4237
660 948 641 947 644 908 663 909 small-vehicle 0.3998
223 630 224 609 269 612 268 632 small-vehicle 0.3710
178 489 179 467 229 471 227 493 small-vehicle 0.2812
160 655 160 632 235 632 235 655 small-vehicle 0.2394
848 901 870 900 872 954 851 955 small-vehicle 0.1776
726 949 708 948 708 908 727 909 small-vehicle 0.1650
154 605 155 579 304 581 304 607 large-vehicle 0.9966
153 521 153 496 231 496 231 521 large-vehicle 0.9942
592 511 592 481 735 479 735 508 large-vehicle 0.9938
167 570 169 542 299 547 298 575 large-vehicle 0.9927
474 754 475 728 626 730 626 756 large-vehicle 0.9923
152 793 153 769 232 773 231 797 large-vehicle 0.9907
475 572 475 547 607 550 607 575 large-vehicle 0.9901
479 697 480 669 633 672 633 700 large-vehicle 0.9896
623 816 623 787 755 783 755 812 large-vehicle 0.9887
456 781 457 754 604 759 603 786 large-vehicle 0.9869
479 532 480 506 562 511 560 536 large-vehicle 0.9836
158 682 159 659 240 662 239 686 large-vehicle 0.9799
915 827 915 798 1069 800 1069 829 large-vehicle 0.9798
479 723 479 698 639 702 638 727 large-vehicle 0.9779
470 444 471 418 554 423 552 448 large-vehicle 0.9771
468 477 468 453 606 456 606 479 large-vehicle 0.9737
160 437 161 410 261 415 260 442 large-vehicle 0.9735
473 502 475 476 568 484 565 510 large-vehicle 0.9730
922 797 923 769 1063 772 1062 800 large-vehicle 0.9650
478 668 479 643 625 646 625 671 large-vehicle 0.9601
475 604 474 579 606 575 607 600 large-vehicle 0.9543
477 636 477 610 627 608 628 634 large-vehicle 0.9234
179 466 180 443 260 446 259 470 large-vehicle 0.8471
428 416 429 387 530 389 530 417 large-vehicle 0.8177
848 901 871 900 873 952 850 953 large-vehicle 0.8097
151 654 151 633 239 634 238 656 large-vehicle 0.7263
135 766 135 743 213 743 213 766 large-vehicle 0.5836
942 575 942 549 1059 550 1058 576 large-vehicle 0.5117
146 626 148 602 284 612 282 637 large-vehicle 0.3884
862 429 840 429 842 385 863 385 large-vehicle 0.3789
171 492 171 468 227 468 227 492 large-vehicle 0.3463
947 770 947 747 1061 748 1061 770 large-vehicle 0.2381
887 432 865 432 866 385 889 385 large-vehicle 0.1843
157 714 157 690 265 690 265 714 large-vehicle 0.1639
815 445 793 444 795 399 817 400 large-vehicle 0.1385
413 946 390 945 393 896 416 897 large-vehicle 0.1204
