454 252 442 241 468 216 479 227 small-vehicle 0.9748
526 322 513 311 537 283 550 294 small-vehicle 0.9747
292 593 280 582 303 557 315 568 small-vehicle 0.9743
397 483 385 473 407 446 419 456 small-vehicle 0.9652
509 296 497 285 521 258 533 269 small-vehicle 0.9488
406 734 414 719 447 738 438 752 small-vehicle 0.9389
432 863 440 849 467 864 459 878 small-vehicle 0.9167
442 382 427 370 451 341 465 352 small-vehicle 0.8458
248 442 232 433 248 402 264 411 small-vehicle 0.6991
444 754 453 738 487 756 478 773 small-vehicle 0.5598
442 383 426 370 450 341 466 353 large-vehicle 0.2441
266 532 217 421 347 363 396 474 storage-tank 0.2140
374 520 241 518 244 367 377 369 roundabout 0.6895
