178 189 160 185 170 141 188 146 small-vehicle 0.9935
104 93 86 89 93 54 111 58 small-vehicle 0.9852
75 354 59 350 67 312 83 316 small-vehicle 0.9760
45 982 28 978 37 939 54 943 small-vehicle 0.9703
959 476 971 462 1000 486 989 500 small-vehicle 0.9673
653 855 646 841 678 827 684 841 small-vehicle 0.9670
268 1113 250 1109 257 1073 275 1077 small-vehicle 0.9587
439 410 429 397 459 375 469 389 small-vehicle 0.9532
547 321 546 305 581 304 582 320 small-vehicle 0.9368
428 1058 414 1051 429 1022 443 1030 small-vehicle 0.9344
512 366 507 347 548 338 552 356 small-vehicle 0.9281
718 860 710 847 738 830 745 844 small-vehicle 0.9178
297 981 281 978 289 947 304 950 small-vehicle 0.9138
876 881 872 864 908 855 912 871 small-vehicle 0.9088
394 1159 377 1152 389 1119 406 1126 small-vehicle 0.8762
1062 1057 1057 1041 1090 1029 1096 1045 small-vehicle 0.8667
981 1025 991 1006 1031 1026 1021 1045 small-vehicle 0.8615
471 1077 459 1069 479 1041 491 1049 small-vehicle 0.8614
755 793 745 782 772 758 782 770 small-vehicle 0.8594
511 958 500 945 526 923 537 935 small-vehicle 0.8090
593 911 588 893 626 882 631 900 small-vehicle 0.8074
1114 639 1114 621 1155 622 1155 639 small-vehicle 0.7930
723 366 735 355 758 382 746 392 small-vehicle 0.7923
444 356 436 337 479 318 487 336 small-vehicle 0.7888
1067 747 1064 730 1098 723 1102 739 small-vehicle 0.7487
350 575 337 574 341 543 354 545 small-vehicle 0.7170
348 478 335 471 350 442 363 449 small-vehicle 0.7033
520 1019 506 1000 552 968 566 987 small-vehicle 0.5701
854 727 841 722 853 694 866 699 small-vehicle 0.5276
234 545 248 534 271 566 257 577 small-vehicle 0.4021
307 723 324 721 327 756 310 757 small-vehicle 0.1723
49 227 33 225 38 184 54 186 small-vehicle 0.1509
518 1019 505 1000 552 968 565 987 large-vehicle 0.6876
444 356 436 338 479 319 487 337 large-vehicle 0.2557
418 134 418 109 446 109 446 134 storage-tank 0.6426
420 73 419 45 449 43 450 72 storage-tank 0.3922
914 962 229 936 255 237 940 262 roundabout 0.9902
