397 1142 414 1135 430 1170 414 1178 small-vehicle 0.9882
998 402 986 392 1006 369 1017 379 small-vehicle 0.9842
353 1072 340 1062 362 1033 375 1044 small-vehicle 0.9756
756 670 774 665 786 706 767 711 small-vehicle 0.9726
155 259 166 246 195 269 184 283 small-vehicle 0.9718
318 1112 306 1102 327 1075 339 1084 small-vehicle 0.9705
520 1045 535 1042 543 1075 528 1079 small-vehicle 0.9678
109 404 120 390 146 412 135 425 small-vehicle 0.9672
381 1154 395 1147 410 1175 396 1182 small-vehicle 0.9645
1072 1056 1082 1043 1108 1065 1098 1078 small-vehicle 0.9620
192 286 202 274 227 296 217 308 small-vehicle 0.9607
110 760 121 747 147 768 136 781 small-vehicle 0.9591
353 423 363 411 389 434 378 445 small-vehicle 0.9564
600 1010 616 1007 624 1042 608 1046 small-vehicle 0.9542
1023 377 1012 368 1030 343 1042 352 small-vehicle 0.9488
461 1083 477 1077 491 1117 475 1123 small-vehicle 0.9474
705 1026 688 1025 691 992 707 993 small-vehicle 0.9443
1036 1089 1048 1075 1079 1102 1067 1116 small-vehicle 0.9404
1098 286 1085 276 1106 250 1119 260 small-vehicle 0.9388
1049 346 1036 336 1057 309 1070 319 small-vehicle 0.9387
561 1029 576 1026 582 1057 566 1059 small-vehicle 0.9352
664 1038 647 1037 650 996 667 997 small-vehicle 0.9288
383 473 395 461 422 489 410 501 small-vehicle 0.9257
724 1024 708 1023 712 987 728 989 small-vehicle 0.9135
1052 88 1039 77 1062 50 1075 61 small-vehicle 0.9120
520 1161 511 1148 537 1130 547 1143 small-vehicle 0.9101
684 1033 668 1032 671 994 687 995 small-vehicle 0.9034
263 1179 249 1169 267 1143 281 1153 small-vehicle 0.9002
969 438 958 428 978 404 990 414 small-vehicle 0.8977
412 1128 427 1121 443 1153 428 1161 small-vehicle 0.8970
297 1137 286 1128 303 1107 314 1116 small-vehicle 0.8948
1012 1000 1022 988 1050 1010 1040 1022 small-vehicle 0.8929
991 1175 1002 1161 1030 1184 1019 1198 small-vehicle 0.8895
976 971 988 957 1015 981 1004 994 small-vehicle 0.8839
972 184 960 174 981 149 993 159 small-vehicle 0.8794
1042 1028 1053 1017 1075 1038 1064 1050 small-vehicle 0.8765
445 1098 460 1093 471 1126 455 1131 small-vehicle 0.8731
121 232 131 220 156 242 146 254 small-vehicle 0.8698
569 892 574 874 617 886 612 904 small-vehicle 0.8599
733 889 722 879 746 854 757 865 small-vehicle 0.8445
484 1184 476 1169 506 1153 514 1167 small-vehicle 0.8419
582 1075 576 1061 606 1047 612 1062 small-vehicle 0.8417
82 734 93 723 116 746 105 757 small-vehicle 0.8294
941 941 951 929 979 952 969 964 small-vehicle 0.8235
578 1025 592 1020 600 1044 587 1049 small-vehicle 0.8186
271 1112 257 1101 280 1074 294 1086 small-vehicle 0.8109
476 1072 490 1064 506 1094 492 1101 small-vehicle 0.8054
427 1111 441 1105 455 1134 441 1140 small-vehicle 0.7998
542 1033 558 1030 563 1065 546 1067 small-vehicle 0.7986
545 1142 537 1130 562 1113 571 1125 small-vehicle 0.7937
82 378 92 365 115 386 105 398 small-vehicle 0.7902
168 891 179 877 205 899 195 912 small-vehicle 0.7901
200 837 209 824 240 847 231 860 small-vehicle 0.7803
762 1025 746 1023 751 991 767 994 small-vehicle 0.7495
503 1055 517 1050 527 1080 513 1084 small-vehicle 0.7429
741 1023 726 1021 732 988 747 991 small-vehicle 0.7374
243 1144 231 1135 249 1110 261 1119 small-vehicle 0.7302
38 781 50 767 80 791 68 806 small-vehicle 0.7229
1118 258 1107 247 1128 225 1139 236 small-vehicle 0.6989
317 956 309 940 339 924 348 940 small-vehicle 0.6930
1106 1082 1116 1071 1141 1093 1131 1104 small-vehicle 0.6763
141 785 151 774 175 793 166 805 small-vehicle 0.6748
919 1127 926 1113 956 1128 949 1141 small-vehicle 0.6521
306 1072 291 1060 320 1025 335 1037 small-vehicle 0.6515
626 1006 640 1005 644 1035 629 1036 small-vehicle 0.6463
220 1177 205 1167 223 1141 238 1150 small-vehicle 0.6231
772 1145 755 1145 756 1107 773 1108 small-vehicle 0.6158
752 482 740 468 765 446 777 459 small-vehicle 0.6099
222 312 233 300 258 324 247 335 small-vehicle 0.6081
220 1062 205 1051 227 1022 242 1034 small-vehicle 0.5976
169 813 179 802 202 822 193 833 small-vehicle 0.5900
959 1150 967 1138 993 1155 984 1168 small-vehicle 0.5844
29 333 39 320 63 338 53 351 small-vehicle 0.5213
1073 313 1061 304 1080 282 1091 292 small-vehicle 0.4286
133 861 144 847 173 870 161 884 small-vehicle 0.4088
469 662 454 649 477 623 492 636 small-vehicle 0.3610
800 866 813 855 835 881 822 892 small-vehicle 0.2894
684 1089 682 1076 710 1072 712 1086 small-vehicle 0.2891
944 219 932 210 951 183 963 192 small-vehicle 0.2572
300 1208 284 1194 302 1174 318 1187 small-vehicle 0.2187
109 1194 95 1182 119 1152 134 1163 small-vehicle 0.1964
867 1076 869 1060 902 1064 900 1079 small-vehicle 0.1956
552 168 490 118 577 10 639 59 tennis-court 0.9010
860 991 366 989 367 461 862 463 roundabout 0.9417
314 36 326 -11 418 10 407 59 swimming-pool 0.1836
