296 288 292 270 323 263 327 281 plane 0.1186
285 486 304 483 312 524 293 527 small-vehicle 0.9940
316 305 334 302 340 341 322 344 small-vehicle 0.9928
358 437 374 434 379 468 364 471 small-vehicle 0.9927
209 372 227 368 236 408 218 412 small-vehicle 0.9923
307 483 322 480 329 515 314 518 small-vehicle 0.9923
260 450 278 447 286 485 268 489 small-vehicle 0.9910
338 438 355 435 361 471 344 474 small-vehicle 0.9906
295 311 313 307 321 345 304 349 small-vehicle 0.9905
224 463 244 459 251 500 232 503 small-vehicle 0.9905
372 292 391 289 397 325 377 328 small-vehicle 0.9903
396 427 415 425 420 463 402 465 small-vehicle 0.9896
280 448 297 444 304 479 288 482 small-vehicle 0.9884
387 470 404 467 410 507 393 509 small-vehicle 0.9878
360 338 377 336 381 371 364 374 small-vehicle 0.9875
379 333 395 329 403 364 386 367 small-vehicle 0.9872
325 479 342 475 349 511 332 514 small-vehicle 0.9861
319 438 336 435 343 474 326 477 small-vehicle 0.9858
376 432 393 429 400 465 383 468 small-vehicle 0.9858
221 899 237 892 252 924 236 931 small-vehicle 0.9857
343 342 358 339 363 372 348 375 small-vehicle 0.9846
325 348 341 344 348 376 333 380 small-vehicle 0.9840
275 313 292 310 300 350 282 353 small-vehicle 0.9832
186 377 205 373 212 412 193 415 small-vehicle 0.9829
393 285 410 283 415 322 398 324 small-vehicle 0.9826
303 354 322 351 328 386 309 389 small-vehicle 0.9816
199 328 218 325 226 364 207 368 small-vehicle 0.9794
397 327 414 324 422 363 405 367 small-vehicle 0.9765
262 579 282 577 287 621 267 623 small-vehicle 0.9759
299 444 316 439 325 476 307 480 small-vehicle 0.9716
335 297 351 294 358 332 342 335 small-vehicle 0.9709
185 505 205 500 214 537 194 542 small-vehicle 0.9706
363 471 381 467 389 507 371 510 small-vehicle 0.9676
344 476 361 473 367 508 351 511 small-vehicle 0.9676
353 302 369 298 377 332 361 335 small-vehicle 0.9672
248 496 266 495 269 536 250 537 small-vehicle 0.9657
184 877 201 870 217 907 199 914 small-vehicle 0.9092
433 916 427 901 459 889 465 904 small-vehicle 0.8630
472 147 456 145 459 116 475 118 small-vehicle 0.7655
436 535 454 532 461 568 442 571 small-vehicle 0.6944
320 567 337 566 340 597 323 599 small-vehicle 0.5672
340 562 360 560 363 591 343 592 small-vehicle 0.2724
303 570 322 569 323 603 304 603 small-vehicle 0.2568
29 76 28 39 250 37 251 74 large-vehicle 0.3548
279 101 279 65 453 65 453 100 large-vehicle 0.1047
28 72 29 36 247 42 245 79 ship 0.2642
