656 668 594 625 691 485 754 528 ground-track-field 0.9981
555 212 600 212 601 258 555 258 storage-tank 0.9974
612 370 612 323 659 323 660 370 storage-tank 0.9973
391 436 391 388 442 388 442 436 storage-tank 0.9972
556 312 556 268 602 268 602 312 storage-tank 0.9967
335 438 335 389 384 388 385 437 storage-tank 0.9961
557 370 557 324 604 324 604 370 storage-tank 0.9956
657 311 612 311 612 264 657 264 storage-tank 0.9954
609 258 609 212 655 211 656 257 storage-tank 0.9951
333 377 333 330 381 329 381 376 storage-tank 0.9937
387 318 387 272 437 272 437 318 storage-tank 0.9932
615 424 614 378 661 378 662 424 storage-tank 0.9921
333 272 379 272 379 320 333 320 storage-tank 0.9913
553 175 552 128 599 128 599 174 storage-tank 0.9908
438 375 394 375 394 326 438 326 storage-tank 0.9897
559 425 560 379 607 379 607 425 storage-tank 0.9883
608 174 607 124 659 124 659 173 storage-tank 0.9713
494 178 493 129 543 129 544 177 storage-tank 0.9377
714 176 663 175 664 122 714 122 storage-tank 0.9046
590 134 590 111 614 111 614 134 storage-tank 0.1581
475 226 494 226 494 245 475 245 storage-tank 0.1524
441 221 469 221 470 254 441 255 storage-tank 0.1109
656 653 608 621 685 506 733 539 soccer-ball-field 0.6379
