1494 960 1380 915 1433 782 1547 828 plane 0.9989
1495 1490 1472 1374 1602 1348 1625 1465 plane 0.9980
1651 934 1543 883 1602 757 1710 808 plane 0.9978
2123 2353 2112 2300 2170 2288 2181 2341 plane 0.9975
1770 1558 1756 1456 1880 1439 1894 1541 plane 0.9971
1700 1164 1678 1036 1809 1013 1832 1141 plane 0.9971
1526 1662 1509 1550 1634 1530 1652 1642 plane 0.9970
1814 884 1723 843 1774 727 1866 768 plane 0.9970
1727 1312 1862 1295 1879 1434 1745 1450 plane 0.9969
2605 1136 2592 1069 2687 1051 2700 1118 plane 0.9937
1204 1618 1192 1528 1285 1515 1297 1605 plane 0.9919
1542 2150 1530 2081 1611 2065 1624 2135 plane 0.9897
1699 1007 1689 940 1762 929 1773 995 plane 0.9891
1233 1714 1221 1629 1311 1617 1323 1701 plane 0.9881
1155 1495 1143 1405 1235 1393 1247 1483 plane 0.9871
2085 2197 2075 2152 2129 2139 2140 2185 plane 0.9865
2510 164 2621 137 2649 251 2538 279 plane 0.9745
2787 1971 2772 1923 2820 1907 2835 1955 plane 0.9494
2640 1229 2631 1161 2704 1151 2713 1219 plane 0.9404
2570 942 2562 872 2658 861 2665 932 plane 0.9353
2670 1322 2659 1269 2728 1254 2739 1307 plane 0.4598
2677 1421 2666 1369 2740 1354 2751 1405 plane 0.3779
456 91 502 90 503 139 457 140 storage-tank 0.8639
543 92 493 92 493 39 544 39 storage-tank 0.8408
421 141 467 140 468 189 423 190 storage-tank 0.8405
1948 2468 1864 2466 1866 2380 1950 2382 roundabout 0.6084
567 444 491 441 495 363 570 366 roundabout 0.2126
