180 1163 114 1147 134 1060 200 1075 bridge 0.1006
671 700 534 548 804 304 942 456 ground-track-field 0.9962
572 884 546 743 764 703 789 845 ground-track-field 0.1013
104 1052 86 1048 92 1025 110 1030 small-vehicle 0.2305
650 318 659 303 674 312 665 326 small-vehicle 0.2186
728 538 683 475 766 414 811 477 basketball-court 0.2470
861 731 794 653 899 562 966 639 soccer-ball-field 0.9970
582 873 560 753 757 717 779 837 soccer-ball-field 0.9924
697 636 601 523 785 366 881 479 soccer-ball-field 0.9612
373 1080 371 989 468 987 470 1079 roundabout 0.9729
829 247 872 247 873 291 829 292 roundabout 0.8766
1127 241 1128 189 1190 190 1189 242 roundabout 0.7588
1278 202 1174 200 1175 86 1280 88 roundabout 0.7373
1291 771 1254 771 1255 732 1291 732 roundabout 0.1835
386 497 458 490 465 563 393 570 roundabout 0.1540
