1324 46 1462 5 1505 151 1367 191 plane 0.9997
1862 1088 1902 951 2050 995 2010 1131 plane 0.9997
2312 1031 2179 976 2239 829 2372 884 plane 0.9996
2177 941 2059 871 2131 751 2248 821 plane 0.9996
1510 331 1649 318 1664 474 1525 487 plane 0.9995
1150 364 1295 346 1315 513 1170 530 plane 0.9994
702 256 811 252 815 384 706 388 plane 0.9993
1179 925 1073 918 1081 792 1188 799 plane 0.9993
852 142 960 136 966 264 858 270 plane 0.9991
1349 343 1492 336 1499 492 1356 499 plane 0.9988
2240 463 2232 329 2383 320 2391 454 plane 0.9988
1034 953 930 908 981 792 1085 838 plane 0.9987
1758 889 1718 761 1850 720 1890 847 plane 0.9985
1233 898 1227 774 1352 768 1359 892 plane 0.9984
1911 714 2058 710 2064 895 1917 899 plane 0.9982
458 611 383 527 479 441 554 525 plane 0.9982
1887 333 2019 325 2028 479 1896 486 plane 0.9962
2067 330 2201 323 2209 481 2075 487 plane 0.9960
341 292 414 209 513 297 441 380 plane 0.9960
719 993 672 927 763 864 809 930 plane 0.9779
453 1001 402 936 493 865 544 929 plane 0.9761
369 452 387 360 482 378 464 470 plane 0.9564
298 1019 239 925 371 842 430 937 plane 0.9092
405 758 489 686 584 797 500 868 plane 0.8772
476 358 442 335 467 299 501 322 plane 0.3446
506 442 468 432 480 389 518 400 plane 0.2330
1483 1344 1475 1320 1513 1307 1521 1331 plane 0.2176
1093 509 1144 507 1147 559 1096 561 plane 0.1274
882 1028 865 1022 879 975 897 980 large-vehicle 0.1038
369 449 387 362 477 379 460 467 helicopter 0.1495
405 761 504 692 578 800 479 868 helicopter 0.1136
