113 641 114 623 156 626 156 643 small-vehicle 0.9767
116 761 117 742 159 744 158 763 small-vehicle 0.9726
114 724 115 705 157 706 157 724 small-vehicle 0.9691
116 620 117 604 154 606 153 623 small-vehicle 0.9675
19 472 19 454 57 454 57 473 small-vehicle 0.9604
30 205 29 187 67 185 68 204 small-vehicle 0.9526
122 210 122 191 163 192 163 211 small-vehicle 0.9523
114 663 116 644 156 648 154 666 small-vehicle 0.9513
22 451 22 432 61 432 61 451 small-vehicle 0.9476
113 702 114 682 156 683 156 703 small-vehicle 0.9366
18 529 18 510 56 510 56 529 small-vehicle 0.9336
28 184 28 166 65 166 65 184 small-vehicle 0.9318
24 295 24 277 60 278 59 296 small-vehicle 0.9277
21 650 20 632 60 631 60 650 small-vehicle 0.9273
20 630 20 612 56 611 56 629 small-vehicle 0.9083
21 337 21 317 64 317 64 337 small-vehicle 0.9077
115 570 116 552 161 554 160 573 small-vehicle 0.9042
28 165 27 148 65 147 66 164 small-vehicle 0.8889
20 688 21 671 55 673 54 690 small-vehicle 0.8845
23 430 23 411 58 411 58 430 small-vehicle 0.8834
281 751 284 733 321 740 318 757 small-vehicle 0.8817
111 549 112 532 158 535 157 552 small-vehicle 0.8777
118 590 119 571 158 574 157 593 small-vehicle 0.8740
24 221 25 204 60 207 59 223 small-vehicle 0.8624
115 450 116 433 158 436 157 453 small-vehicle 0.8503
28 257 28 239 63 239 64 256 small-vehicle 0.8500
273 769 278 751 315 761 311 779 small-vehicle 0.8474
115 781 117 763 159 767 157 785 small-vehicle 0.8452
127 147 129 127 169 131 167 151 small-vehicle 0.8440
118 475 118 457 157 457 157 474 small-vehicle 0.8150
119 407 121 389 160 393 158 411 small-vehicle 0.8097
15 710 16 691 58 694 57 713 small-vehicle 0.8041
123 187 122 170 163 169 163 187 small-vehicle 0.7950
113 739 114 724 158 729 157 744 small-vehicle 0.7879
21 507 21 490 59 491 58 508 small-vehicle 0.7867
126 320 126 302 165 301 166 320 small-vehicle 0.7867
124 34 103 32 106 -3 126 -1 small-vehicle 0.7847
18 668 19 652 54 654 54 670 small-vehicle 0.7698
28 275 29 257 61 259 60 276 small-vehicle 0.7576
24 144 23 125 62 123 63 143 small-vehicle 0.7548
116 529 117 512 160 515 159 532 small-vehicle 0.7495
23 315 23 297 63 297 63 315 small-vehicle 0.7375
115 680 117 664 152 667 151 683 small-vehicle 0.7346
20 491 20 472 57 473 57 491 small-vehicle 0.7258
116 511 117 494 159 497 158 513 small-vehicle 0.7257
17 549 17 530 56 529 57 547 small-vehicle 0.7209
270 789 275 772 314 782 309 800 small-vehicle 0.6880
23 124 24 105 62 108 61 126 small-vehicle 0.6656
86 30 69 30 70 -5 87 -4 small-vehicle 0.6497
16 608 16 590 55 589 56 607 small-vehicle 0.6470
105 31 88 31 89 -5 106 -4 small-vehicle 0.6421
25 410 25 393 60 392 61 409 small-vehicle 0.6206
26 355 26 339 59 339 59 355 small-vehicle 0.6060
111 427 115 408 158 417 154 436 small-vehicle 0.5951
126 109 127 89 176 92 174 112 small-vehicle 0.5931
122 166 123 148 165 152 164 170 small-vehicle 0.5315
124 298 123 281 161 281 161 298 small-vehicle 0.4822
121 492 122 476 160 479 159 495 small-vehicle 0.4400
12 727 14 710 51 714 50 730 small-vehicle 0.4275
126 124 128 107 170 112 167 129 small-vehicle 0.3500
117 277 118 256 166 259 165 280 small-vehicle 0.3499
118 351 121 334 153 339 150 357 small-vehicle 0.3342
13 585 14 567 49 568 49 586 small-vehicle 0.3209
269 808 270 795 303 797 302 810 small-vehicle 0.2383
43 -4 66 -4 67 39 44 40 small-vehicle 0.1730
25 384 24 364 63 362 64 381 small-vehicle 0.1686
369 759 371 740 416 745 414 765 small-vehicle 0.1564
124 64 126 45 171 50 169 69 small-vehicle 0.1551
119 254 123 236 167 244 163 262 small-vehicle 0.1477
43 -4 66 -4 67 39 44 40 large-vehicle 0.1160
300 322 219 321 223 148 303 150 tennis-court 0.9997
406 629 320 628 322 450 408 451 tennis-court 0.9996
578 629 496 628 498 448 581 449 tennis-court 0.9996
705 626 624 624 628 453 709 455 tennis-court 0.9996
432 332 344 330 348 147 435 149 tennis-court 0.9994
830 338 749 335 755 158 836 161 tennis-court 0.9994
752 453 840 453 841 639 753 640 tennis-court 0.9993
962 337 877 332 886 152 971 156 tennis-court 0.9991
704 329 621 329 622 155 705 155 tennis-court 0.9990
494 149 578 149 578 330 494 331 tennis-court 0.9989
