453 576 -175 346 58 -293 687 -63 ground-track-field 0.3340
432 967 348 962 358 789 442 794 tennis-court 0.9999
689 983 605 977 616 805 700 811 tennis-court 0.9999
302 956 219 952 228 783 311 788 tennis-court 0.9999
822 987 738 984 743 817 827 820 tennis-court 0.9999
835 730 752 727 760 555 843 559 tennis-court 0.9998
561 973 477 969 486 799 570 803 tennis-court 0.9998
704 721 620 715 631 547 715 553 tennis-court 0.9998
851 470 768 466 776 296 858 299 tennis-court 0.9997
259 340 37 335 46 -67 269 -62 soccer-ball-field 0.6119
456 371 192 330 260 -103 524 -62 soccer-ball-field 0.3502
