865 728 861 708 902 702 906 721 small-vehicle 0.9851
869 767 867 749 903 745 905 763 small-vehicle 0.9745
956 700 954 681 998 676 1000 696 small-vehicle 0.9717
433 837 429 817 475 809 479 829 small-vehicle 0.9685
884 826 880 807 920 798 925 817 small-vehicle 0.9558
319 25 340 23 343 63 322 65 small-vehicle 0.9532
888 855 885 837 927 831 930 849 small-vehicle 0.9287
277 827 283 810 319 822 313 840 small-vehicle 0.9254
980 776 977 757 1016 751 1018 770 small-vehicle 0.9242
890 18 911 17 913 60 891 61 small-vehicle 0.9167
713 1035 734 1032 738 1075 717 1077 small-vehicle 0.9160
849 591 845 573 882 565 886 584 small-vehicle 0.9139
608 845 595 828 632 801 644 819 small-vehicle 0.9112
844 570 840 552 877 543 881 562 small-vehicle 0.9031
395 654 395 632 441 632 441 654 small-vehicle 0.9011
416 625 415 603 461 599 462 621 small-vehicle 0.9000
551 21 571 20 574 64 554 65 small-vehicle 0.8997
450 67 428 66 429 24 451 24 small-vehicle 0.8980
614 882 600 865 640 833 653 851 small-vehicle 0.8891
182 557 200 556 203 597 185 599 small-vehicle 0.8875
91 745 74 736 91 702 109 711 small-vehicle 0.8833
833 1018 854 1016 858 1056 837 1058 small-vehicle 0.8805
509 20 530 19 531 64 511 65 small-vehicle 0.8759
956 643 951 620 1002 611 1006 634 small-vehicle 0.8757
617 922 607 906 644 882 655 899 small-vehicle 0.8747
932 465 929 444 973 436 977 457 small-vehicle 0.8433
264 700 272 682 312 699 304 718 small-vehicle 0.8430
573 15 594 15 596 64 575 64 small-vehicle 0.8275
732 1032 754 1029 761 1070 739 1074 small-vehicle 0.8255
510 66 490 65 491 23 511 23 small-vehicle 0.8200
825 431 823 411 864 408 866 428 small-vehicle 0.8138
261 756 268 739 303 754 296 771 small-vehicle 0.7988
850 18 870 18 871 60 851 61 small-vehicle 0.7755
68 790 51 783 67 745 84 752 small-vehicle 0.7741
993 833 992 813 1038 810 1039 829 small-vehicle 0.7642
7 1012 18 997 51 1021 40 1036 small-vehicle 0.7631
489 63 469 63 470 14 491 15 small-vehicle 0.7556
804 60 783 58 786 15 806 16 small-vehicle 0.7376
462 915 440 913 444 869 466 871 small-vehicle 0.7285
244 310 247 291 287 298 284 316 small-vehicle 0.7270
840 551 834 534 869 522 875 539 small-vehicle 0.7192
23 632 39 617 67 644 51 660 small-vehicle 0.7190
-8 1041 4 1024 51 1061 37 1078 small-vehicle 0.6781
742 61 720 60 720 15 742 15 small-vehicle 0.6682
597 15 618 15 619 59 598 59 small-vehicle 0.6630
848 57 827 57 828 16 850 17 small-vehicle 0.6498
991 876 989 857 1032 852 1034 871 small-vehicle 0.6386
263 788 271 768 308 781 300 801 small-vehicle 0.6354
919 246 905 227 947 199 960 219 small-vehicle 0.6162
617 12 637 12 638 61 618 62 small-vehicle 0.6019
857 670 853 649 889 643 892 664 small-vehicle 0.5679
912 18 933 17 934 57 913 58 small-vehicle 0.5422
699 16 723 16 723 60 700 61 small-vehicle 0.4814
677 15 699 14 701 58 679 60 small-vehicle 0.4726
935 430 921 409 967 378 981 398 small-vehicle 0.3914
743 16 764 16 764 56 743 56 small-vehicle 0.3699
530 17 550 17 550 64 531 64 small-vehicle 0.3568
339 11 363 9 366 64 342 65 small-vehicle 0.3486
379 1193 358 1178 395 1129 415 1145 small-vehicle 0.3301
868 15 891 15 891 57 868 57 small-vehicle 0.3237
467 975 447 961 480 913 500 927 small-vehicle 0.3055
783 57 760 57 761 15 784 15 small-vehicle 0.2888
420 814 416 792 486 779 490 801 small-vehicle 0.2697
487 1185 466 1172 501 1116 522 1129 small-vehicle 0.2593
860 1013 882 1011 887 1060 864 1062 small-vehicle 0.2547
449 17 471 17 471 65 449 65 small-vehicle 0.2479
678 67 658 67 659 17 678 17 small-vehicle 0.2457
160 214 140 203 172 144 193 155 small-vehicle 0.2316
829 56 806 56 807 14 829 14 small-vehicle 0.2083
220 469 228 448 292 472 284 492 small-vehicle 0.2076
404 734 400 712 474 700 478 723 small-vehicle 0.1932
257 728 266 709 329 738 320 757 small-vehicle 0.1812
40 416 59 403 83 434 64 448 small-vehicle 0.1803
888 235 875 215 934 179 946 199 small-vehicle 0.1712
212 430 221 409 286 436 277 457 small-vehicle 0.1611
637 15 659 14 661 56 639 57 small-vehicle 0.1588
49 1015 65 996 119 1043 103 1062 small-vehicle 0.1581
417 1192 395 1177 429 1127 451 1142 small-vehicle 0.1529
384 63 363 63 364 14 385 14 small-vehicle 0.1522
545 749 543 727 594 723 596 745 small-vehicle 0.1331
0 933 14 917 63 960 50 976 small-vehicle 0.1274
225 501 233 481 296 507 287 528 small-vehicle 0.1271
386 445 383 423 453 415 456 436 small-vehicle 0.1182
233 567 241 546 306 571 298 593 small-vehicle 0.1002
406 770 404 749 484 740 487 761 large-vehicle 0.9912
383 480 380 459 455 448 458 469 large-vehicle 0.9886
389 508 386 487 464 475 467 496 large-vehicle 0.9742
536 191 559 190 563 273 540 274 large-vehicle 0.9596
64 917 79 899 145 956 130 973 large-vehicle 0.9585
242 634 249 614 313 637 306 656 large-vehicle 0.9451
85 229 64 216 102 153 123 165 large-vehicle 0.9409
236 600 243 580 307 602 300 623 large-vehicle 0.9367
379 420 376 399 444 388 448 410 large-vehicle 0.9274
395 537 392 514 463 505 466 527 large-vehicle 0.9272
202 362 210 342 276 367 268 387 large-vehicle 0.9187
374 392 370 369 447 357 451 380 large-vehicle 0.9175
387 443 384 422 454 414 457 435 large-vehicle 0.9158
642 143 664 142 668 206 646 207 large-vehicle 0.9145
668 137 690 135 696 203 674 205 large-vehicle 0.9141
696 130 719 128 724 199 700 200 large-vehicle 0.9070
405 735 401 713 473 700 477 722 large-vehicle 0.9033
618 144 640 144 641 211 619 211 large-vehicle 0.9025
278 859 286 840 347 867 338 886 large-vehicle 0.8906
233 568 241 547 304 570 297 591 large-vehicle 0.8903
48 1013 63 996 122 1047 107 1064 large-vehicle 0.8693
516 1192 497 1180 538 1111 557 1123 large-vehicle 0.8679
224 501 232 481 295 506 287 526 large-vehicle 0.8612
198 329 206 309 279 334 272 355 large-vehicle 0.8582
159 216 139 204 172 146 192 158 large-vehicle 0.8459
213 431 220 411 285 435 278 456 large-vehicle 0.8456
419 814 416 792 491 779 494 801 large-vehicle 0.8441
258 728 266 709 328 738 319 757 large-vehicle 0.8402
220 469 227 449 289 472 281 492 large-vehicle 0.8351
590 147 612 147 614 211 592 212 large-vehicle 0.8336
27 797 4 783 47 714 69 728 large-vehicle 0.8217
1 934 14 919 61 960 47 975 large-vehicle 0.8203
505 192 528 189 537 254 514 257 large-vehicle 0.8132
26 922 42 905 92 951 77 968 large-vehicle 0.8038
561 149 586 149 587 242 563 242 large-vehicle 0.7898
284 926 294 905 357 934 347 955 large-vehicle 0.7789
565 1179 543 1167 577 1103 600 1115 large-vehicle 0.7515
883 207 868 186 921 147 936 168 large-vehicle 0.6964
888 236 875 216 930 178 944 198 large-vehicle 0.6745
486 1185 466 1172 501 1117 521 1130 large-vehicle 0.6707
381 1193 360 1178 393 1131 414 1146 large-vehicle 0.4178
-7 1043 6 1026 50 1061 37 1078 large-vehicle 0.3453
419 1191 397 1177 429 1126 451 1141 large-vehicle 0.3069
545 749 543 727 594 723 596 745 large-vehicle 0.2628
