173 779 183 779 183 801 173 801 small-vehicle 0.7934
297 718 287 716 291 700 301 703 small-vehicle 0.6420
252 698 261 698 263 718 253 718 small-vehicle 0.5670
210 702 219 700 223 719 214 721 small-vehicle 0.4899
189 772 204 770 208 800 192 802 small-vehicle 0.2766
736 594 747 593 749 619 738 620 small-vehicle 0.1269
294 219 343 213 354 310 305 315 tennis-court 0.9997
541 143 588 138 597 237 550 242 tennis-court 0.9995
773 119 822 115 831 215 781 219 tennis-court 0.9995
687 304 738 299 746 394 696 399 tennis-court 0.9994
528 319 577 314 587 413 539 418 tennis-court 0.9994
231 396 277 391 287 490 241 495 tennis-court 0.9994
303 387 351 382 363 482 314 488 tennis-court 0.9991
400 376 450 372 458 476 408 479 tennis-court 0.9991
700 126 748 123 755 222 707 225 tennis-court 0.9990
543 467 592 462 602 560 553 565 tennis-court 0.9990
367 209 416 204 426 301 377 307 tennis-court 0.9990
614 138 662 133 671 234 623 239 tennis-court 0.9988
601 313 650 308 662 404 613 410 tennis-court 0.9988
615 461 665 456 675 551 625 556 tennis-court 0.9988
703 449 751 444 760 546 713 550 tennis-court 0.9965
190 876 190 845 254 843 255 875 tennis-court 0.9514
320 52 327 28 381 43 374 67 swimming-pool 0.9582
940 632 912 631 913 583 941 584 swimming-pool 0.4656
205 542 244 539 252 642 213 645 swimming-pool 0.2740
