1044 896 1055 879 1090 903 1079 920 small-vehicle 0.9853
729 1041 740 1026 774 1049 763 1065 small-vehicle 0.9714
1068 861 1078 845 1115 867 1104 884 small-vehicle 0.9538
972 1074 956 1063 977 1028 994 1038 small-vehicle 0.9534
547 921 558 906 593 931 582 947 small-vehicle 0.9444
779 949 764 938 788 904 804 915 small-vehicle 0.9380
1080 847 1089 829 1125 848 1116 865 small-vehicle 0.9331
519 1026 503 1016 526 979 542 990 small-vehicle 0.9247
1104 1182 1087 1172 1108 1135 1126 1145 small-vehicle 0.9209
798 959 782 949 800 917 817 926 small-vehicle 0.9094
1115 792 1124 776 1159 796 1150 812 small-vehicle 0.9092
302 885 286 875 306 840 323 849 small-vehicle 0.9044
301 761 312 744 348 766 337 783 small-vehicle 0.9041
760 941 744 928 770 896 786 909 small-vehicle 0.9011
833 985 815 975 836 935 854 945 small-vehicle 0.8967
1022 931 1034 913 1073 938 1061 956 small-vehicle 0.8926
283 877 266 867 289 829 306 839 small-vehicle 0.8886
904 1026 889 1015 912 981 928 992 small-vehicle 0.8840
887 1016 870 1005 892 971 909 982 small-vehicle 0.8746
1111 990 1121 974 1152 995 1142 1011 small-vehicle 0.8680
502 1017 486 1007 507 971 524 981 small-vehicle 0.8674
348 790 359 774 394 797 384 814 small-vehicle 0.8658
483 1005 468 995 489 962 505 971 small-vehicle 0.8519
220 705 231 688 265 711 254 728 small-vehicle 0.8479
573 1061 556 1052 577 1015 594 1025 small-vehicle 0.8438
215 821 200 811 222 780 237 790 small-vehicle 0.8329
268 861 252 852 273 816 289 825 small-vehicle 0.8274
937 1051 922 1041 944 1007 959 1017 small-vehicle 0.8246
771 1071 782 1054 819 1077 808 1094 small-vehicle 0.8136
387 816 398 800 431 822 420 838 small-vehicle 0.8121
974 816 984 800 1021 825 1010 841 small-vehicle 0.7921
645 1106 628 1097 646 1064 663 1073 small-vehicle 0.7650
1007 1097 989 1086 1014 1045 1032 1056 small-vehicle 0.7602
1031 914 1041 897 1077 919 1067 936 small-vehicle 0.7277
995 1083 978 1076 994 1038 1011 1046 small-vehicle 0.5973
358 917 342 907 366 870 382 880 small-vehicle 0.5904
1096 1002 1106 986 1146 1011 1136 1027 small-vehicle 0.5818
956 1063 936 1051 958 1012 979 1023 small-vehicle 0.5363
682 1012 694 996 729 1023 717 1039 small-vehicle 0.5248
956 855 966 836 999 855 990 873 small-vehicle 0.5140
590 540 570 529 597 483 616 495 small-vehicle 0.5051
862 1125 875 1108 909 1134 896 1151 small-vehicle 0.4741
961 838 968 820 1011 838 1003 855 small-vehicle 0.4176
637 967 657 955 681 993 661 1005 small-vehicle 0.3931
933 765 920 751 946 724 960 738 small-vehicle 0.3811
590 1073 574 1060 596 1032 612 1044 small-vehicle 0.2880
466 867 478 849 513 872 501 890 small-vehicle 0.1847
710 949 688 938 723 872 745 883 small-vehicle 0.1618
208 62 212 41 254 50 250 70 small-vehicle 0.1616
336 623 318 607 360 556 378 571 small-vehicle 0.1599
396 434 377 419 417 366 436 380 small-vehicle 0.1571
216 814 226 794 271 816 261 837 small-vehicle 0.1555
41 117 17 105 60 22 83 34 small-vehicle 0.1237
510 890 523 876 552 905 538 919 small-vehicle 0.1225
289 379 270 364 317 301 337 315 small-vehicle 0.1026
330 488 309 474 392 349 413 363 large-vehicle 0.9962
306 474 284 459 365 333 388 347 large-vehicle 0.9959
680 636 659 623 704 553 724 566 large-vehicle 0.9921
272 464 251 450 339 318 360 332 large-vehicle 0.9892
872 756 852 743 893 678 913 691 large-vehicle 0.9879
466 495 447 482 490 415 510 427 large-vehicle 0.9870
371 533 349 519 442 383 463 397 large-vehicle 0.9865
628 601 607 588 649 519 671 532 large-vehicle 0.9858
224 429 202 415 292 285 313 299 large-vehicle 0.9834
711 651 691 639 732 572 752 584 large-vehicle 0.9822
763 686 743 672 785 608 806 622 large-vehicle 0.9787
820 721 799 709 839 643 860 656 large-vehicle 0.9783
600 582 581 570 623 503 642 516 large-vehicle 0.9783
846 737 826 725 866 660 887 673 large-vehicle 0.9771
740 669 719 656 759 590 780 603 large-vehicle 0.9720
897 773 877 759 919 697 939 710 large-vehicle 0.9670
516 525 496 511 540 450 560 464 large-vehicle 0.9654
459 793 438 779 483 709 504 722 large-vehicle 0.9646
492 506 473 492 517 431 536 445 large-vehicle 0.9643
664 608 643 596 677 537 698 549 large-vehicle 0.9574
287 382 269 368 318 300 337 314 large-vehicle 0.9430
795 694 775 681 813 624 833 637 large-vehicle 0.9331
569 859 550 847 590 780 610 792 large-vehicle 0.9282
337 622 319 607 361 555 379 570 large-vehicle 0.9177
396 435 377 422 417 365 435 378 large-vehicle 0.9172
616 896 594 884 633 815 654 826 large-vehicle 0.9020
657 925 635 909 684 843 705 859 large-vehicle 0.8926
840 839 816 834 830 759 854 764 large-vehicle 0.8413
708 952 686 941 721 872 743 883 large-vehicle 0.7971
45 109 21 97 59 19 84 31 large-vehicle 0.5791
590 542 569 530 597 483 617 495 large-vehicle 0.4803
234 207 208 191 256 114 282 130 large-vehicle 0.1394
