684 342 680 321 727 312 732 332 small-vehicle 0.9513
819 129 835 115 868 150 852 165 small-vehicle 0.9143
492 454 486 429 525 421 531 445 small-vehicle 0.8941
724 601 718 581 769 566 775 586 small-vehicle 0.7797
730 645 725 622 785 609 790 632 small-vehicle 0.4914
558 300 555 275 619 265 622 290 small-vehicle 0.4880
869 686 892 683 900 744 876 747 small-vehicle 0.4346
483 432 481 411 522 407 524 428 small-vehicle 0.3722
629 699 623 675 688 657 695 681 small-vehicle 0.2420
983 585 976 559 1039 544 1046 570 small-vehicle 0.2184
41 816 36 790 109 777 113 803 small-vehicle 0.1961
919 668 943 664 954 728 930 732 small-vehicle 0.1832
895 679 917 675 929 735 907 740 small-vehicle 0.1768
787 714 807 712 811 752 791 754 small-vehicle 0.1732
639 781 636 756 713 748 715 773 small-vehicle 0.1676
1134 897 1153 894 1159 932 1139 934 small-vehicle 0.1416
634 749 629 726 702 711 707 733 small-vehicle 0.1414
374 635 399 630 414 699 389 704 small-vehicle 0.1342
241 661 257 658 265 705 249 708 small-vehicle 0.1304
261 648 285 643 298 701 274 707 small-vehicle 0.1272
499 478 495 452 538 445 542 471 small-vehicle 0.1194
835 680 862 676 872 755 846 759 small-vehicle 0.1078
881 539 876 513 1024 483 1029 509 large-vehicle 0.9953
184 889 179 862 343 831 348 857 large-vehicle 0.9874
868 401 862 373 994 346 999 375 large-vehicle 0.9814
829 268 823 241 964 211 970 238 large-vehicle 0.9793
32 818 27 792 107 777 112 803 large-vehicle 0.9645
633 750 628 727 699 711 704 734 large-vehicle 0.9318
639 781 636 757 712 747 715 772 large-vehicle 0.9261
641 720 636 697 702 683 707 706 large-vehicle 0.9239
834 681 861 677 875 756 848 761 large-vehicle 0.9186
781 405 763 381 879 292 897 316 large-vehicle 0.9060
629 699 623 675 692 656 698 680 large-vehicle 0.9051
983 584 977 559 1039 544 1045 568 large-vehicle 0.8488
402 636 430 631 449 723 421 728 large-vehicle 0.8428
262 651 286 647 298 712 274 716 large-vehicle 0.8377
374 638 400 632 414 696 388 702 large-vehicle 0.8112
895 681 916 676 929 733 907 738 large-vehicle 0.7781
557 299 554 275 618 268 621 292 large-vehicle 0.7029
918 671 942 666 954 727 930 732 large-vehicle 0.6975
868 685 892 681 901 743 878 747 large-vehicle 0.5204
343 634 370 629 395 756 368 762 large-vehicle 0.4735
728 646 723 622 785 609 790 633 large-vehicle 0.4681
43 916 38 889 169 865 174 892 large-vehicle 0.3727
821 130 836 116 866 149 850 163 large-vehicle 0.1359
307 642 336 635 367 771 338 778 large-vehicle 0.1022
