949 601 861 576 891 473 979 498 plane 0.3600
120 173 131 157 166 179 155 196 small-vehicle 0.9659
66 249 75 233 110 254 101 270 small-vehicle 0.9221
167 365 178 349 213 375 201 390 small-vehicle 0.7932
201 310 215 293 249 320 235 337 small-vehicle 0.7662
132 423 142 405 187 429 177 447 small-vehicle 0.7657
17 413 27 399 58 420 48 434 small-vehicle 0.7502
-1 458 6 443 36 459 28 474 small-vehicle 0.6503
30 306 40 289 78 313 68 330 small-vehicle 0.5937
49 90 62 71 101 98 88 117 small-vehicle 0.4854
39 372 53 351 92 377 78 398 small-vehicle 0.2654
174 344 184 328 222 353 212 369 small-vehicle 0.2098
209 292 220 273 259 298 248 316 small-vehicle 0.1707
549 415 529 402 585 319 604 332 large-vehicle 0.9949
578 430 557 417 612 333 632 346 large-vehicle 0.9877
627 462 608 449 667 368 685 381 large-vehicle 0.9843
408 265 432 262 442 366 417 368 large-vehicle 0.9729
444 266 469 266 470 371 445 371 large-vehicle 0.9720
285 301 309 300 314 404 290 405 large-vehicle 0.9661
372 273 396 269 410 371 386 375 large-vehicle 0.9575
490 280 513 279 513 383 490 383 large-vehicle 0.9553
310 280 334 276 348 379 324 383 large-vehicle 0.9214
322 569 310 547 396 499 408 521 large-vehicle 0.8527
29 390 45 371 80 401 65 420 large-vehicle 0.1745
132 422 142 405 187 431 176 448 large-vehicle 0.1372
