75 872 83 855 119 871 112 888 small-vehicle 0.9879
888 96 895 80 930 95 924 111 small-vehicle 0.9533
149 717 131 709 148 673 166 681 small-vehicle 0.9509
159 736 168 718 207 736 198 755 small-vehicle 0.9114
800 27 807 9 851 28 844 45 small-vehicle 0.8896
85 854 94 837 128 854 120 871 small-vehicle 0.8780
166 770 174 754 207 771 199 787 small-vehicle 0.7788
900 57 909 40 943 57 935 74 small-vehicle 0.6336
115 771 123 754 160 771 152 788 small-vehicle 0.5670
68 887 72 874 106 883 102 897 small-vehicle 0.5192
106 797 114 778 157 797 148 816 small-vehicle 0.4941
168 712 177 693 221 713 213 733 small-vehicle 0.2543
582 355 606 352 611 393 587 396 small-vehicle 0.2524
178 665 186 645 232 665 224 684 small-vehicle 0.2259
303 780 312 762 348 781 338 799 small-vehicle 0.1893
325 645 304 634 328 585 350 596 small-vehicle 0.1690
299 800 308 783 338 799 329 816 small-vehicle 0.1664
169 688 178 668 234 694 225 714 small-vehicle 0.1225
202 618 210 598 265 621 256 642 small-vehicle 0.1117
235 542 244 522 318 554 309 574 large-vehicle 0.9912
364 247 344 237 381 166 401 177 large-vehicle 0.9902
341 238 320 228 356 155 377 165 large-vehicle 0.9891
284 747 264 738 301 658 321 667 large-vehicle 0.9879
300 218 277 207 310 134 333 145 large-vehicle 0.9869
331 692 338 670 401 691 394 713 large-vehicle 0.9833
386 258 365 246 402 180 423 192 large-vehicle 0.9811
223 567 234 547 317 588 306 609 large-vehicle 0.9808
339 666 346 646 408 668 400 688 large-vehicle 0.9803
349 641 356 620 418 640 411 661 large-vehicle 0.9776
434 284 412 274 442 212 464 222 large-vehicle 0.9630
374 551 350 542 375 481 398 490 large-vehicle 0.9625
191 643 201 621 264 649 254 671 large-vehicle 0.9484
212 592 221 574 290 608 280 627 large-vehicle 0.9428
424 524 433 503 490 527 481 548 large-vehicle 0.9303
308 393 314 372 378 392 372 412 large-vehicle 0.8844
269 471 278 447 347 474 337 497 large-vehicle 0.7749
376 566 383 545 446 569 439 590 large-vehicle 0.6656
323 352 333 329 394 357 383 380 large-vehicle 0.6521
169 688 178 668 234 693 225 713 large-vehicle 0.6189
355 614 363 595 422 620 413 639 large-vehicle 0.5779
294 753 304 733 358 758 349 779 large-vehicle 0.5176
205 621 212 600 276 623 268 644 large-vehicle 0.5018
295 728 305 708 365 736 356 757 large-vehicle 0.3994
177 664 186 644 234 664 226 685 large-vehicle 0.3698
256 492 266 469 337 498 328 522 large-vehicle 0.3508
246 517 255 496 321 523 313 544 large-vehicle 0.3448
168 713 177 693 221 713 212 733 large-vehicle 0.3198
303 780 312 762 348 781 338 799 large-vehicle 0.2156
325 645 304 634 328 585 350 596 large-vehicle 0.1800
281 438 292 413 364 444 353 469 large-vehicle 0.1600
292 420 299 394 376 413 370 438 large-vehicle 0.1509
253 758 264 740 302 763 291 781 large-vehicle 0.1454
860 875 839 865 881 780 902 791 ship 0.2538
