305 598 290 594 299 560 315 564 small-vehicle 0.9925
379 597 364 593 374 560 389 564 small-vehicle 0.9910
35 597 21 592 33 557 47 562 small-vehicle 0.9884
281 598 265 594 276 559 292 564 small-vehicle 0.9868
15 597 -1 592 9 555 26 560 small-vehicle 0.9859
86 597 69 594 78 556 94 559 small-vehicle 0.9823
133 600 117 595 129 558 144 563 small-vehicle 0.9821
322 554 305 547 320 509 337 515 small-vehicle 0.9751
113 597 97 593 107 554 123 558 small-vehicle 0.9635
78 648 92 638 114 671 100 681 small-vehicle 0.9570
476 796 475 779 512 778 512 795 small-vehicle 0.9535
29 649 46 641 63 675 46 683 small-vehicle 0.9458
60 595 44 591 53 556 69 560 small-vehicle 0.9290
478 776 476 756 510 753 512 774 small-vehicle 0.8981
160 599 143 594 155 549 172 554 small-vehicle 0.8759
516 559 499 554 509 517 526 522 small-vehicle 0.8482
129 548 111 543 125 498 143 504 small-vehicle 0.8048
326 642 344 632 368 677 351 687 small-vehicle 0.7086
421 638 441 629 455 661 435 670 small-vehicle 0.5813
52 640 68 633 82 666 65 673 small-vehicle 0.5343
324 642 342 632 369 678 351 688 large-vehicle 0.2880
129 548 110 542 125 499 143 505 large-vehicle 0.1602
353 313 390 312 394 409 356 410 ship 0.9990
728 780 682 778 690 564 736 565 ship 0.9974
259 311 295 309 302 407 265 409 ship 0.9971
40 385 14 385 16 304 42 305 ship 0.9954
504 412 470 410 475 311 510 314 ship 0.9952
218 321 242 321 243 396 219 396 ship 0.9916
173 315 195 314 197 391 176 392 ship 0.9901
86 329 110 328 113 405 88 406 ship 0.9878
437 332 461 331 465 391 441 393 ship 0.9772
41 308 67 308 68 391 42 392 ship 0.9477
150 320 172 318 178 419 155 420 ship 0.5226
331 324 352 323 355 413 334 414 ship 0.1819
598 410 579 410 580 287 599 287 harbor 0.9106
417 321 438 321 439 418 418 418 harbor 0.8336
508 321 531 320 536 416 513 417 harbor 0.7139
150 318 174 317 176 419 153 420 harbor 0.5956
66 319 88 318 91 409 69 409 harbor 0.3264
645 445 560 395 618 299 702 349 harbor 0.3076
351 414 331 414 331 324 351 324 harbor 0.1036
