915 86 901 71 932 41 946 57 small-vehicle 0.6605
1190 872 1174 857 1201 829 1217 844 small-vehicle 0.4949
1177 850 1162 836 1195 803 1209 818 small-vehicle 0.2861
953 254 939 239 969 212 983 227 small-vehicle 0.1275
216 311 177 247 424 99 462 163 harbor 0.9986
468 517 432 450 609 356 645 423 harbor 0.9973
786 1324 739 1257 984 1088 1031 1155 harbor 0.9964
478 854 432 783 706 607 752 678 harbor 0.9933
651 1114 623 1072 869 906 897 947 harbor 0.9932
427 712 402 673 680 494 705 533 harbor 0.9829
772 331 738 296 813 223 847 259 swimming-pool 0.8083
1078 905 1127 877 1183 977 1134 1005 swimming-pool 0.2808
