179 1640 171 1611 256 1590 264 1619 ship 0.9956
321 1744 315 1713 408 1695 414 1726 ship 0.9936
219 1749 212 1722 282 1704 289 1731 ship 0.9917
168 1577 159 1550 237 1522 247 1550 ship 0.9911
290 1613 284 1585 360 1571 366 1599 ship 0.9897
221 1716 217 1695 282 1683 286 1705 ship 0.9865
171 1609 163 1580 244 1556 252 1585 ship 0.9862
307 1681 302 1656 365 1642 370 1667 ship 0.9846
211 1692 204 1668 270 1648 277 1671 ship 0.9841
205 1667 198 1644 262 1625 269 1648 ship 0.9818
341 1781 332 1759 388 1736 397 1758 ship 0.9611
254 1835 249 1811 312 1797 318 1821 ship 0.9599
139 1506 131 1470 224 1450 232 1485 ship 0.9421
270 1539 265 1509 344 1495 349 1525 ship 0.9349
269 1875 261 1853 318 1833 326 1854 ship 0.8810
1076 1038 1050 1038 1051 982 1077 982 ship 0.8583
872 891 877 866 937 877 932 902 ship 0.6705
370 1902 368 1877 428 1871 430 1896 ship 0.5773
479 1783 502 1776 516 1827 493 1833 ship 0.5649
1126 789 1128 765 1189 770 1187 794 ship 0.2764
538 1795 570 1791 578 1849 545 1853 ship 0.2616
1028 345 1044 295 1272 367 1256 417 harbor 0.9960
416 1340 470 1273 783 1524 729 1592 harbor 0.9928
1108 868 1115 778 1328 794 1321 884 harbor 0.9817
628 1188 654 1137 1074 1357 1048 1408 harbor 0.9662
1050 1031 1058 977 1416 1029 1409 1083 harbor 0.9352
495 1781 590 1743 679 1965 584 2003 harbor 0.9042
137 1441 282 1397 430 1888 285 1932 harbor 0.8592
891 915 896 885 1401 968 1396 998 harbor 0.7954
1351 -9 1372 -43 1566 71 1546 105 harbor 0.5079
