532 560 455 541 543 183 620 201 bridge 0.6923
1837 796 1763 777 1834 498 1908 517 bridge 0.2799
2387 1362 2302 1341 2463 675 2548 696 bridge 0.2255
1444 107 1424 104 1432 57 1452 60 small-vehicle 0.4375
2154 185 2126 179 2135 133 2163 139 small-vehicle 0.4367
1503 167 1477 161 1488 107 1514 113 small-vehicle 0.3596
2634 412 2609 405 2623 356 2648 363 small-vehicle 0.2827
2228 451 2210 448 2219 399 2237 402 small-vehicle 0.2786
1062 162 1040 159 1048 100 1070 103 small-vehicle 0.2561
1619 151 1595 144 1612 89 1636 97 small-vehicle 0.2472
1303 74 1275 67 1287 19 1314 26 small-vehicle 0.2411
1601 50 1577 44 1590 -3 1614 3 small-vehicle 0.1909
2510 431 2486 425 2497 380 2521 386 small-vehicle 0.1905
2054 263 2032 260 2039 214 2060 217 small-vehicle 0.1867
1985 249 1961 242 1974 197 1999 204 small-vehicle 0.1852
2185 440 2165 436 2173 388 2193 392 small-vehicle 0.1755
2667 575 2646 570 2658 513 2679 517 small-vehicle 0.1720
1019 140 1002 137 1011 89 1028 92 small-vehicle 0.1664
1426 245 1406 241 1418 188 1438 192 small-vehicle 0.1560
1673 173 1650 170 1659 113 1682 117 small-vehicle 0.1501
935 123 913 117 925 74 947 79 small-vehicle 0.1465
1589 195 1565 188 1581 138 1604 145 small-vehicle 0.1464
2100 176 2079 173 2087 118 2108 121 small-vehicle 0.1333
1556 135 1531 131 1540 75 1566 80 small-vehicle 0.1301
1569 183 1543 178 1552 128 1578 133 small-vehicle 0.1292
1337 129 1311 124 1322 68 1348 73 small-vehicle 0.1222
1480 260 1459 257 1465 208 1487 211 small-vehicle 0.1219
1581 138 1557 134 1565 82 1589 85 small-vehicle 0.1184
2527 288 2500 282 2510 232 2537 237 small-vehicle 0.1164
1370 92 1346 87 1355 38 1379 43 small-vehicle 0.1074
2135 327 2113 320 2129 271 2151 278 small-vehicle 0.1022
1859 262 1836 255 1852 206 1875 214 small-vehicle 0.1006
1129 197 1134 177 1182 190 1177 209 large-vehicle 0.3467
1323 267 1331 239 1435 266 1427 294 large-vehicle 0.2222
1850 1307 1730 1278 1871 709 1991 739 ship 0.9986
340 1002 241 984 348 414 446 433 ship 0.9984
2258 1653 2154 1636 2224 1217 2327 1234 ship 0.9982
1183 1284 1065 1261 1173 702 1291 725 ship 0.9954
581 820 486 793 606 354 702 380 ship 0.9889
2519 1163 2437 1135 2516 899 2598 927 ship 0.9575
1020 1353 939 1332 1133 579 1214 600 ship 0.6263
1305 835 1278 830 1289 770 1316 775 ship 0.2845
369 1178 291 1157 406 740 484 762 ship 0.1966
2301 1677 2222 1657 2334 1219 2413 1239 ship 0.1197
1661 1513 1571 1488 1833 504 1924 528 ship 0.1194
2293 1670 2213 1649 2496 588 2576 609 harbor 0.8673
1674 1436 1585 1411 1830 511 1919 535 harbor 0.8213
1028 1340 928 1314 1159 430 1259 456 harbor 0.7880
366 1170 289 1149 499 366 577 387 harbor 0.5560
