4071 2804 4053 2780 4106 2741 4124 2765 small-vehicle 0.3100
3072 1599 3117 1584 3141 1659 3096 1674 small-vehicle 0.1923
2521 2455 2551 2424 2593 2465 2562 2496 small-vehicle 0.1745
1116 1567 1149 1547 1182 1601 1149 1621 ship 0.7117
2837 645 2880 615 2914 664 2872 694 ship 0.5517
2515 551 2556 535 2592 630 2551 645 ship 0.5383
3809 494 3840 489 3857 594 3826 599 ship 0.4928
3150 831 3181 820 3213 912 3182 923 ship 0.3512
2338 1043 2377 1024 2415 1100 2376 1119 ship 0.2782
2603 826 2574 774 2633 740 2663 792 ship 0.1902
3819 652 3875 635 3903 723 3847 741 ship 0.1812
3975 403 4073 378 4213 932 4115 957 harbor 0.9944
1479 1053 1561 1001 1935 1594 1853 1646 harbor 0.9924
2503 550 2585 522 2809 1182 2727 1209 harbor 0.9821
3738 503 3804 486 3931 980 3865 997 harbor 0.9720
2144 1069 2224 1034 2404 1435 2325 1471 harbor 0.9647
2348 1024 2448 975 2607 1303 2507 1351 harbor 0.9581
583 1993 648 1971 834 2522 769 2544 harbor 0.9460
773 1932 830 1913 1007 2463 950 2481 harbor 0.9410
3116 814 3187 785 3288 1034 3216 1063 harbor 0.9254
1129 1537 1175 1515 1407 2010 1362 2031 harbor 0.8515
1820 936 1854 921 2131 1520 2098 1535 harbor 0.5830
2798 669 2847 653 2996 1098 2947 1114 harbor 0.5201
1531 2462 1605 2428 1662 2548 1588 2583 swimming-pool 0.6654
