438 70 421 69 424 33 440 34 small-vehicle 0.8913
442 312 441 296 478 293 480 309 small-vehicle 0.7673
467 397 467 381 505 381 505 397 small-vehicle 0.5632
561 24 544 23 546 -3 563 -1 small-vehicle 0.4993
545 460 533 452 557 420 568 429 small-vehicle 0.1804
639 458 654 447 677 481 661 491 small-vehicle 0.1251
456 370 457 351 502 355 501 374 small-vehicle 0.1184
456 370 457 353 505 356 504 373 large-vehicle 0.9150
468 399 467 382 504 379 505 396 large-vehicle 0.3975
437 69 422 69 424 35 439 36 large-vehicle 0.2085
546 461 533 452 557 419 570 428 large-vehicle 0.1431
442 312 441 295 479 293 480 310 large-vehicle 0.1421
467 398 467 381 504 380 504 397 ship 0.1798
178 356 150 270 331 209 360 294 tennis-court 0.9948
132 256 105 173 307 106 334 189 tennis-court 0.9942
210 462 181 381 378 310 407 392 tennis-court 0.9924
242 560 216 482 420 414 446 492 tennis-court 0.9818
