546 688 535 672 574 646 585 663 small-vehicle 0.9591
464 637 446 619 481 584 499 602 small-vehicle 0.9448
322 531 311 513 351 489 362 507 small-vehicle 0.9221
384 575 372 557 410 532 422 549 small-vehicle 0.8828
824 589 836 567 880 591 868 613 small-vehicle 0.8772
836 563 847 541 895 564 885 586 small-vehicle 0.8424
605 734 594 716 631 694 642 711 small-vehicle 0.8389
502 663 489 646 529 617 542 634 small-vehicle 0.8366
526 678 513 662 552 629 566 646 small-vehicle 0.7657
584 718 573 700 610 678 621 696 small-vehicle 0.7572
420 603 410 584 454 559 465 578 small-vehicle 0.7188
905 472 915 452 954 473 944 492 small-vehicle 0.6696
343 545 333 527 369 507 379 524 small-vehicle 0.6599
1086 330 1075 307 1129 281 1140 304 small-vehicle 0.6440
870 516 880 496 923 517 913 537 small-vehicle 0.5909
455 509 468 490 507 517 494 536 small-vehicle 0.2559
189 209 166 195 196 145 219 158 small-vehicle 0.1797
766 384 744 369 812 272 833 287 large-vehicle 0.9970
800 405 775 390 836 289 861 304 large-vehicle 0.9960
727 339 705 323 772 234 794 250 large-vehicle 0.9948
187 209 164 191 260 64 283 82 large-vehicle 0.9914
534 833 511 820 564 724 587 737 large-vehicle 0.9912
628 115 643 95 731 162 716 182 large-vehicle 0.9909
126 565 100 553 148 450 174 461 large-vehicle 0.9895
745 363 725 348 793 258 813 273 large-vehicle 0.9885
568 855 544 844 589 744 613 755 large-vehicle 0.9879
301 661 280 650 330 556 351 567 large-vehicle 0.9871
654 90 670 70 753 138 736 158 large-vehicle 0.9856
353 712 329 701 376 593 400 603 large-vehicle 0.9852
205 591 183 581 228 484 249 494 large-vehicle 0.9850
561 417 577 393 673 456 657 480 large-vehicle 0.9845
177 577 155 566 205 468 227 479 large-vehicle 0.9827
236 606 212 596 256 492 280 502 large-vehicle 0.9825
975 463 989 440 1091 500 1077 523 large-vehicle 0.9780
397 753 373 742 418 641 442 651 large-vehicle 0.9767
1049 385 1040 361 1146 319 1156 343 large-vehicle 0.9725
614 334 632 311 723 380 705 403 large-vehicle 0.9693
266 601 246 592 279 521 298 530 large-vehicle 0.9593
289 619 269 609 302 539 322 548 large-vehicle 0.9400
84 99 94 74 172 105 161 130 large-vehicle 0.8993
35 18 46 -8 171 41 161 67 large-vehicle 0.8550
946 505 964 472 1114 555 1095 588 large-vehicle 0.3681
839 563 849 542 895 564 884 586 large-vehicle 0.1698
