139 919 149 904 181 925 171 940 small-vehicle 0.9839
108 951 120 937 149 960 138 974 small-vehicle 0.9815
784 138 789 122 826 133 821 150 small-vehicle 0.9801
128 934 139 920 166 942 156 955 small-vehicle 0.9757
754 282 735 279 743 239 762 243 small-vehicle 0.9729
56 1033 65 1019 96 1038 87 1053 small-vehicle 0.9660
602 1131 589 1122 610 1093 623 1102 small-vehicle 0.9581
648 98 654 80 692 92 686 110 small-vehicle 0.9538
763 192 768 173 807 184 801 203 small-vehicle 0.9473
346 991 357 976 387 999 376 1014 small-vehicle 0.9423
143 35 152 18 193 37 185 55 small-vehicle 0.9414
0 937 11 921 45 944 34 960 small-vehicle 0.9409
359 973 370 958 402 980 392 995 small-vehicle 0.9398
-8 953 2 939 32 962 21 976 small-vehicle 0.9387
103 791 113 776 145 799 134 814 small-vehicle 0.9276
651 142 655 124 690 133 686 151 small-vehicle 0.9273
561 242 548 229 575 201 588 214 small-vehicle 0.9258
780 261 787 243 824 258 817 276 small-vehicle 0.9019
787 121 792 103 832 114 827 132 small-vehicle 0.8832
589 247 576 232 609 202 623 217 small-vehicle 0.8499
764 1036 776 1022 805 1047 793 1061 small-vehicle 0.8094
350 79 338 65 368 37 381 51 small-vehicle 0.7765
807 994 791 983 814 952 829 963 small-vehicle 0.7400
750 544 762 530 793 556 781 570 small-vehicle 0.6898
208 89 216 72 249 88 240 105 small-vehicle 0.6518
251 134 235 119 268 86 283 101 small-vehicle 0.6428
269 142 256 128 293 96 305 110 small-vehicle 0.6195
651 77 657 59 697 72 691 91 small-vehicle 0.5660
492 222 479 209 510 178 523 192 small-vehicle 0.5576
35 19 43 0 81 13 74 33 small-vehicle 0.4359
329 883 338 871 359 886 351 898 small-vehicle 0.3260
826 748 811 743 822 714 836 719 small-vehicle 0.2707
658 123 661 105 689 110 685 129 small-vehicle 0.2567
-15 967 -2 955 16 978 3 989 small-vehicle 0.1802
387 37 368 30 384 -13 403 -6 small-vehicle 0.1632
715 268 697 264 708 224 725 229 small-vehicle 0.1444
274 946 281 933 310 947 303 960 small-vehicle 0.1248
251 134 235 119 267 85 283 100 large-vehicle 0.4125
269 142 256 127 292 95 305 110 large-vehicle 0.2672
513 657 568 583 718 696 663 769 tennis-court 0.9999
578 565 634 492 784 606 729 679 tennis-court 0.9998
401 687 328 634 437 484 510 537 tennis-court 0.9998
312 621 241 570 350 420 421 471 tennis-court 0.9998
443 750 497 675 649 785 596 859 tennis-court 0.9998
