178 443 162 437 176 400 192 406 small-vehicle 0.9920
76 689 61 683 74 647 90 653 small-vehicle 0.9876
318 84 302 78 315 41 330 46 small-vehicle 0.9855
198 386 183 379 198 346 213 352 small-vehicle 0.9809
298 131 283 125 297 90 312 96 small-vehicle 0.9796
11 856 -4 849 9 816 26 823 small-vehicle 0.9769
194 95 200 78 240 92 234 109 small-vehicle 0.9752
639 435 646 419 683 435 676 451 small-vehicle 0.9733
45 775 31 770 45 734 59 740 small-vehicle 0.9683
839 358 826 352 842 313 856 318 small-vehicle 0.9580
283 172 267 166 281 131 297 137 small-vehicle 0.9399
41 445 48 429 84 445 76 462 small-vehicle 0.9388
660 376 666 362 699 376 693 390 small-vehicle 0.9321
589 413 596 397 630 413 622 428 small-vehicle 0.9306
483 372 489 356 524 370 517 386 small-vehicle 0.9276
60 734 44 728 58 687 74 693 small-vehicle 0.8932
714 366 729 364 734 396 718 398 small-vehicle 0.8887
722 470 729 453 765 467 759 484 small-vehicle 0.8827
789 495 796 479 832 495 825 511 small-vehicle 0.8824
147 75 154 58 198 77 191 94 small-vehicle 0.8645
386 269 392 255 426 269 420 284 small-vehicle 0.8504
-3 427 3 409 46 426 39 444 small-vehicle 0.8129
322 309 330 292 363 308 355 324 small-vehicle 0.8104
529 395 537 376 581 394 573 412 small-vehicle 0.6684
2 563 9 546 47 564 40 580 small-vehicle 0.5909
563 344 570 325 616 342 609 361 small-vehicle 0.5738
650 419 655 406 684 418 678 432 small-vehicle 0.5340
125 274 130 257 165 270 160 286 small-vehicle 0.1421
565 344 572 325 616 342 609 360 large-vehicle 0.6041
529 395 536 377 579 394 572 412 large-vehicle 0.5514
60 734 43 728 58 688 74 694 large-vehicle 0.1701
587 693 622 608 807 683 773 768 tennis-court 0.9997
629 587 662 500 850 572 817 658 tennis-court 0.9996
391 621 274 574 357 368 474 415 basketball-court 0.9993
519 679 407 632 496 417 609 465 basketball-court 0.9983
