508 78 515 62 550 77 544 93 small-vehicle 0.9779
605 103 612 86 646 99 639 116 small-vehicle 0.9726
520 37 528 22 560 38 552 54 small-vehicle 0.9658
812 253 796 245 817 203 833 212 small-vehicle 0.9628
621 66 628 48 663 61 656 79 small-vehicle 0.9612
643 30 648 15 677 25 672 40 small-vehicle 0.9526
615 85 621 68 655 80 649 97 small-vehicle 0.9316
629 46 635 29 671 42 664 60 small-vehicle 0.9308
600 121 607 106 638 122 631 137 small-vehicle 0.9182
516 57 524 41 556 57 547 74 small-vehicle 0.8827
527 20 534 2 568 16 561 34 small-vehicle 0.8798
471 23 479 5 514 20 506 38 small-vehicle 0.8225
642 8 648 -6 685 7 679 23 small-vehicle 0.7981
575 130 560 129 563 95 579 97 small-vehicle 0.6108
228 955 150 913 239 749 317 791 tennis-court 0.9999
338 1017 259 973 352 807 430 850 tennis-court 0.9998
358 715 281 674 367 513 444 554 tennis-court 0.9998
468 773 391 732 480 568 557 609 tennis-court 0.9997
392 460 447 353 638 453 583 559 basketball-court 0.9947
454 347 511 236 705 337 647 447 basketball-court 0.9931
