589 179 606 167 631 207 614 218 small-vehicle 0.5466
2 769 23 766 31 820 10 823 small-vehicle 0.3866
336 362 331 343 381 329 386 348 small-vehicle 0.2471
95 745 115 741 125 787 105 792 small-vehicle 0.2137
357 434 352 417 404 402 409 419 small-vehicle 0.1637
460 705 455 683 537 663 542 684 large-vehicle 0.9957
431 604 426 584 490 568 495 588 large-vehicle 0.9925
438 631 433 610 498 592 504 614 large-vehicle 0.9880
331 340 325 320 387 301 393 321 large-vehicle 0.9876
341 412 337 392 399 377 404 397 large-vehicle 0.9869
425 580 420 560 485 543 491 563 large-vehicle 0.9834
352 512 349 491 409 481 412 502 large-vehicle 0.9749
289 297 282 276 338 259 344 279 large-vehicle 0.9717
346 385 340 365 397 349 403 370 large-vehicle 0.9679
360 463 354 443 412 426 418 446 large-vehicle 0.9645
257 174 251 152 309 137 315 160 large-vehicle 0.9044
357 434 352 416 405 401 410 419 large-vehicle 0.8778
336 362 331 343 381 330 386 349 large-vehicle 0.8643
95 743 116 739 126 788 104 792 large-vehicle 0.8491
1 767 22 764 30 820 9 823 large-vehicle 0.6701
589 178 607 167 632 208 613 219 large-vehicle 0.6659
127 739 150 734 160 783 137 788 large-vehicle 0.6131
604 223 631 214 646 259 618 268 large-vehicle 0.5756
