672 1029 687 1023 701 1058 686 1064 small-vehicle 0.9875
703 1060 718 1054 730 1088 714 1093 small-vehicle 0.9849
739 1045 756 1040 766 1074 749 1079 small-vehicle 0.9820
781 881 798 874 813 909 797 916 small-vehicle 0.9799
686 1069 702 1063 715 1096 700 1102 small-vehicle 0.9785
654 1038 669 1031 685 1063 669 1070 small-vehicle 0.9772
791 1025 808 1020 818 1053 801 1057 small-vehicle 0.9769
721 1053 738 1048 747 1085 731 1089 small-vehicle 0.9760
756 1036 774 1031 786 1070 767 1076 small-vehicle 0.9753
811 1015 828 1011 835 1047 818 1051 small-vehicle 0.9749
794 978 810 972 822 1005 806 1011 small-vehicle 0.9698
778 988 794 981 807 1014 790 1021 small-vehicle 0.9594
690 1021 707 1016 718 1052 701 1057 small-vehicle 0.9588
623 1046 640 1042 647 1076 629 1079 small-vehicle 0.9576
814 970 829 967 835 1001 820 1004 small-vehicle 0.9558
708 1013 725 1007 737 1042 721 1048 small-vehicle 0.9461
757 994 773 989 784 1023 768 1028 small-vehicle 0.9458
742 887 761 881 775 926 756 932 small-vehicle 0.9456
670 1074 688 1068 699 1102 681 1108 small-vehicle 0.9426
764 884 779 879 790 910 776 915 small-vehicle 0.9336
636 1085 653 1079 664 1114 648 1119 small-vehicle 0.9150
641 1044 656 1039 667 1071 651 1075 small-vehicle 0.8683
774 1033 789 1027 800 1056 785 1062 small-vehicle 0.7989
727 1008 744 1002 755 1037 738 1042 small-vehicle 0.7952
656 1079 672 1075 681 1110 665 1115 small-vehicle 0.7750
809 341 806 326 832 321 835 337 small-vehicle 0.5045
807 322 804 306 831 300 835 316 small-vehicle 0.4984
813 362 810 344 831 341 834 359 small-vehicle 0.3094
723 894 741 888 751 920 733 926 small-vehicle 0.2567
739 117 736 104 775 94 778 108 small-vehicle 0.1196
738 374 761 368 789 470 765 477 large-vehicle 0.9703
341 1018 347 994 442 1019 436 1042 large-vehicle 0.8426
738 118 735 105 774 95 777 108 large-vehicle 0.2159
100 431 189 409 233 585 144 607 tennis-court 0.9999
165 699 253 676 297 853 209 875 tennis-court 0.9999
214 404 298 383 342 559 257 580 tennis-court 0.9999
387 643 473 622 517 799 432 820 tennis-court 0.9999
277 670 362 649 406 828 321 849 tennis-court 0.9999
498 618 585 595 630 771 543 793 tennis-court 0.9999
435 351 521 329 567 505 480 527 tennis-court 0.9998
324 377 407 355 453 535 370 556 tennis-court 0.9998
