142 733 128 724 150 691 164 701 small-vehicle 0.9820
259 40 267 23 303 38 296 56 small-vehicle 0.9617
263 16 270 -1 312 15 304 33 small-vehicle 0.9579
76 483 60 475 77 441 94 449 small-vehicle 0.9573
163 863 175 849 203 874 191 888 small-vehicle 0.9395
123 722 108 711 131 678 146 689 small-vehicle 0.9198
234 99 242 83 274 100 266 116 small-vehicle 0.8988
157 786 170 771 202 798 189 813 small-vehicle 0.8772
446 909 431 899 455 866 469 876 small-vehicle 0.8298
206 903 210 889 237 898 232 911 small-vehicle 0.4579
207 693 193 682 217 652 231 663 small-vehicle 0.3331
718 844 641 781 766 629 842 692 tennis-court 0.9998
360 557 283 493 412 337 490 401 tennis-court 0.9997
448 628 372 568 498 410 574 471 tennis-court 0.9997
543 702 462 636 586 483 667 549 tennis-court 0.9997
625 778 547 716 674 557 752 619 tennis-court 0.9997
262 470 155 390 281 223 388 303 basketball-court 0.9212
615 57 989 -286 1358 115 985 458 soccer-ball-field 0.5100
255 471 155 390 291 223 390 303 soccer-ball-field 0.3808
