999 66 993 58 1008 45 1014 52 small-vehicle 0.4730
991 58 983 51 995 37 1003 43 small-vehicle 0.3900
979 82 973 74 986 63 992 71 small-vehicle 0.1583
860 951 844 938 872 904 888 917 ship 0.8163
144 182 152 177 180 213 173 219 ship 0.1371
1016 421 1026 414 1040 435 1031 442 ship 0.1098
970 981 951 966 1031 862 1051 878 harbor 0.9957
373 791 337 767 485 536 522 559 harbor 0.9936
132 535 103 504 301 313 331 344 harbor 0.9899
654 970 616 938 810 709 848 741 harbor 0.9898
525 860 490 840 633 602 667 622 harbor 0.9563
857 936 840 919 955 806 972 823 harbor 0.8661
329 501 321 494 366 434 375 440 harbor 0.7341
