185 56 182 38 219 33 222 50 ship 0.9184
192 73 188 56 221 49 225 66 ship 0.8799
25 487 41 484 48 515 32 519 ship 0.4992
1113 506 1110 489 1144 483 1147 500 ship 0.4937
185 33 183 15 220 12 222 30 ship 0.2747
521 438 463 418 516 262 574 282 harbor 0.9975
335 340 290 305 372 198 417 233 harbor 0.9973
1423 346 1496 339 1515 542 1441 549 harbor 0.9958
1078 377 1125 369 1148 507 1101 515 harbor 0.9842
-6 356 26 345 80 502 47 513 harbor 0.9707
1282 296 1307 294 1322 470 1296 472 harbor 0.9674
677 437 663 433 694 335 709 340 harbor 0.9496
389 176 386 148 427 142 431 171 swimming-pool 0.8085
