175 344 160 340 172 303 187 307 small-vehicle 0.9802
532 245 524 230 558 214 565 229 small-vehicle 0.9720
123 304 106 298 119 263 135 269 small-vehicle 0.9592
196 352 180 347 191 312 206 316 small-vehicle 0.9545
558 420 542 415 553 380 569 385 small-vehicle 0.9538
436 260 420 257 425 221 442 223 small-vehicle 0.9526
431 142 437 126 473 141 466 157 small-vehicle 0.9404
490 250 489 234 523 234 524 249 small-vehicle 0.9240
164 439 146 433 159 391 178 397 small-vehicle 0.9166
136 464 119 459 130 422 147 427 small-vehicle 0.9075
139 518 122 512 133 476 151 481 small-vehicle 0.9072
197 291 178 285 192 245 211 251 small-vehicle 0.9003
235 179 217 173 229 135 246 141 small-vehicle 0.8771
162 382 147 377 158 342 174 347 small-vehicle 0.8760
301 131 310 115 343 134 334 150 small-vehicle 0.8552
566 640 570 622 610 633 606 650 small-vehicle 0.8529
35 331 40 315 74 324 70 341 small-vehicle 0.8382
19 394 4 390 13 352 28 356 small-vehicle 0.8116
539 254 542 237 583 245 580 262 small-vehicle 0.7875
449 266 453 249 488 256 484 273 small-vehicle 0.7838
120 572 102 565 114 528 132 534 small-vehicle 0.7791
73 446 55 441 65 400 82 404 small-vehicle 0.7621
483 832 490 815 531 830 525 847 small-vehicle 0.7006
531 273 534 254 574 262 570 280 small-vehicle 0.6866
604 298 585 290 601 250 620 258 small-vehicle 0.6080
533 183 540 166 575 180 569 196 small-vehicle 0.3972
500 234 493 220 522 204 529 218 small-vehicle 0.3667
495 86 502 70 537 85 530 101 small-vehicle 0.3558
449 248 444 231 495 218 500 235 small-vehicle 0.3014
582 596 587 580 620 590 615 606 small-vehicle 0.2924
315 588 289 581 301 533 326 539 small-vehicle 0.1981
489 267 490 250 528 254 526 271 small-vehicle 0.1895
88 396 70 389 93 328 111 335 small-vehicle 0.1791
439 221 421 214 437 170 456 177 small-vehicle 0.1731
278 214 283 198 330 211 325 227 small-vehicle 0.1577
493 299 498 279 563 294 559 314 small-vehicle 0.1325
490 813 497 794 535 807 529 827 small-vehicle 0.1278
180 542 182 521 234 525 232 547 small-vehicle 0.1034
417 217 398 208 422 159 440 167 small-vehicle 0.1025
369 557 376 539 459 568 452 587 large-vehicle 0.9920
225 355 233 338 298 372 289 389 large-vehicle 0.9916
229 305 236 287 309 316 302 334 large-vehicle 0.9904
262 245 267 225 353 248 348 267 large-vehicle 0.9887
461 331 468 312 545 338 539 357 large-vehicle 0.9885
220 379 229 362 289 393 280 410 large-vehicle 0.9855
224 328 234 310 306 349 296 367 large-vehicle 0.9854
437 379 443 360 517 383 511 402 large-vehicle 0.9841
179 473 182 453 255 465 252 485 large-vehicle 0.9819
453 359 459 340 534 362 529 381 large-vehicle 0.9796
382 441 361 437 377 356 398 360 large-vehicle 0.9796
255 264 262 245 338 274 331 292 large-vehicle 0.9793
548 495 524 488 541 426 566 433 large-vehicle 0.9790
408 500 412 479 493 496 489 516 large-vehicle 0.9776
167 495 172 475 251 493 246 513 large-vehicle 0.9769
394 301 374 296 394 223 413 228 large-vehicle 0.9759
199 412 205 392 282 414 277 433 large-vehicle 0.9746
274 186 281 168 355 195 348 214 large-vehicle 0.9726
435 405 442 387 522 415 516 434 large-vehicle 0.9704
400 520 405 500 481 520 476 539 large-vehicle 0.9701
502 604 479 596 511 505 535 514 large-vehicle 0.9681
278 538 258 532 281 456 300 462 large-vehicle 0.9661
189 445 192 425 269 438 266 458 large-vehicle 0.9635
308 530 289 524 312 450 332 456 large-vehicle 0.9590
247 283 254 267 327 297 320 313 large-vehicle 0.9583
390 541 395 522 474 545 469 565 large-vehicle 0.9566
423 825 399 814 431 744 455 755 large-vehicle 0.9549
417 217 399 208 422 159 440 168 large-vehicle 0.9506
359 580 366 562 422 583 415 601 large-vehicle 0.9497
494 299 498 279 562 293 558 314 large-vehicle 0.9311
363 569 342 563 361 488 382 493 large-vehicle 0.8986
181 542 182 522 233 524 232 544 large-vehicle 0.8643
448 248 444 232 495 219 499 235 large-vehicle 0.8434
439 221 421 214 438 171 456 179 large-vehicle 0.8433
517 737 524 715 578 731 571 753 large-vehicle 0.8262
277 213 282 197 332 211 327 228 large-vehicle 0.7711
315 586 291 581 301 535 325 540 large-vehicle 0.7470
20 618 -2 611 21 532 44 539 large-vehicle 0.7247
451 752 428 746 446 677 470 683 large-vehicle 0.6209
90 395 71 388 96 318 115 325 large-vehicle 0.5934
452 206 460 185 506 203 497 225 large-vehicle 0.4400
484 833 490 815 530 829 524 847 large-vehicle 0.2677
530 271 534 253 576 262 572 281 large-vehicle 0.1553
164 440 145 433 160 391 179 397 large-vehicle 0.1157
