435 467 432 457 453 450 456 460 ship 0.7861
213 621 215 610 234 613 232 624 ship 0.6228
100 432 87 432 89 409 102 409 ship 0.5500
318 359 314 348 332 342 335 353 ship 0.4004
224 664 205 661 208 639 227 642 ship 0.3858
606 123 615 120 619 140 610 142 ship 0.3310
221 735 198 732 214 609 238 613 harbor 0.9921
418 275 445 274 446 351 420 352 harbor 0.9885
985 581 994 557 1049 577 1040 601 harbor 0.9884
672 182 697 179 705 260 681 263 harbor 0.9843
774 190 792 190 793 249 775 249 harbor 0.9796
330 569 353 565 362 621 339 625 harbor 0.9749
532 585 548 576 581 638 565 646 harbor 0.9677
120 435 95 432 103 374 127 377 harbor 0.9598
917 620 932 620 934 701 919 701 harbor 0.9408
458 286 488 280 502 351 472 357 harbor 0.8524
682 551 696 548 705 602 691 604 harbor 0.8307
281 291 296 288 310 347 294 350 harbor 0.8129
904 65 903 49 950 48 950 64 harbor 0.7653
301 170 298 158 323 152 326 165 swimming-pool 0.5534
