553 1060 556 1046 573 1050 570 1063 small-vehicle 0.2909
365 898 354 892 366 868 378 874 small-vehicle 0.2802
986 163 995 157 1008 177 998 183 small-vehicle 0.2743
1000 196 996 184 1013 177 1018 189 small-vehicle 0.2737
379 912 369 907 381 885 391 890 small-vehicle 0.1748
592 1074 580 1069 591 1045 602 1051 small-vehicle 0.1558
1002 153 1011 149 1020 172 1011 176 small-vehicle 0.1424
377 913 369 908 382 887 390 892 large-vehicle 0.1265
1294 297 1297 282 1324 287 1321 303 ship 0.5570
581 562 585 554 606 563 602 572 ship 0.3226
840 768 828 762 844 724 856 730 ship 0.1535
151 139 90 120 110 54 172 73 harbor 0.9966
595 676 525 631 608 502 677 546 harbor 0.9947
516 134 545 133 548 225 518 226 harbor 0.9935
946 883 876 850 945 699 1016 732 harbor 0.9912
1219 923 1205 913 1268 830 1281 840 harbor 0.9864
777 835 748 812 837 695 867 718 harbor 0.9854
250 445 212 442 220 322 258 324 harbor 0.9579
1219 271 1224 233 1326 248 1321 285 harbor 0.8374
399 812 434 770 485 812 451 854 swimming-pool 0.6408
