571 831 562 824 575 805 584 812 ship 0.6628
125 574 126 562 151 564 150 576 ship 0.5077
580 844 571 838 586 814 596 820 ship 0.2306
228 311 208 305 227 245 247 251 harbor 0.9976
380 481 349 447 444 360 475 393 harbor 0.9932
130 200 108 195 152 4 174 9 harbor 0.9887
108 705 104 660 208 650 212 694 harbor 0.9877
550 718 526 694 606 615 630 639 harbor 0.9859
351 317 327 298 371 244 395 263 harbor 0.9747
580 845 566 832 658 732 672 745 harbor 0.9529
150 784 145 743 242 731 247 771 harbor 0.9062
91 560 91 547 152 549 152 561 harbor 0.8922
619 901 614 872 687 860 692 889 harbor 0.4952
