308 57 299 48 323 27 331 36 ship 0.4980
974 1217 965 1204 1006 1177 1015 1191 ship 0.1919
33 75 60 74 61 103 34 104 storage-tank 0.1157
591 182 593 142 746 149 744 189 harbor 0.9911
812 1046 803 1007 908 985 916 1024 harbor 0.9893
249 336 266 284 364 315 347 367 harbor 0.9772
1003 1453 994 1413 1091 1391 1100 1432 harbor 0.9750
441 980 432 940 541 915 550 956 harbor 0.9694
977 1221 964 1204 1082 1111 1095 1127 harbor 0.9629
876 817 872 795 982 776 986 799 harbor 0.9614
499 515 491 492 600 458 607 481 harbor 0.9040
1030 650 1020 630 1117 577 1128 597 harbor 0.8134
618 1577 617 1567 698 1556 699 1567 harbor 0.6196
284 966 279 939 325 931 329 958 swimming-pool 0.5630
82 152 82 129 118 129 118 152 swimming-pool 0.3927
