664 231 681 219 710 257 694 270 small-vehicle 0.9822
298 677 305 659 343 671 337 690 small-vehicle 0.9193
1100 588 1080 583 1091 542 1111 547 small-vehicle 0.8963
1050 524 1048 507 1080 503 1083 520 small-vehicle 0.8366
626 187 642 173 676 210 661 225 small-vehicle 0.6250
1302 460 1313 442 1352 466 1340 485 small-vehicle 0.4993
1083 584 1067 582 1072 550 1089 553 small-vehicle 0.2407
1222 150 1229 136 1253 148 1245 162 small-vehicle 0.1449
880 546 895 543 901 570 886 573 small-vehicle 0.1230
619 985 643 923 740 961 715 1023 swimming-pool 0.9907
325 361 281 336 330 249 374 274 swimming-pool 0.9889
901 745 924 689 996 718 974 774 swimming-pool 0.9431
1139 729 1159 695 1228 736 1208 769 swimming-pool 0.9243
966 616 962 571 1054 564 1057 609 swimming-pool 0.9181
160 543 211 519 251 602 200 626 swimming-pool 0.1968
