342 506 337 497 353 488 357 497 small-vehicle 0.4436
103 660 97 650 121 636 127 647 small-vehicle 0.4317
522 266 531 262 539 280 531 284 small-vehicle 0.2996
180 709 187 704 199 720 192 725 small-vehicle 0.2761
356 367 364 362 375 381 367 386 small-vehicle 0.2709
790 1078 789 1067 806 1065 807 1076 small-vehicle 0.1971
533 405 529 397 547 388 551 396 small-vehicle 0.1105
186 699 193 693 206 710 199 715 small-vehicle 0.1019
197 613 190 600 235 575 242 588 small-vehicle 0.1016
196 612 188 599 234 573 242 586 large-vehicle 0.1113
420 291 408 268 453 245 465 269 swimming-pool 0.9667
696 151 684 127 731 104 743 129 swimming-pool 0.9471
552 614 534 587 578 559 596 586 swimming-pool 0.9464
256 364 226 354 244 302 274 312 swimming-pool 0.9429
680 773 653 773 654 720 680 720 swimming-pool 0.9183
470 895 465 864 535 854 539 886 swimming-pool 0.9149
226 765 214 743 253 720 266 742 swimming-pool 0.9127
652 919 648 893 701 885 705 911 swimming-pool 0.8903
547 182 565 150 613 177 594 209 swimming-pool 0.8671
