371 950 363 933 402 913 411 930 small-vehicle 0.9935
421 1144 412 1129 448 1107 457 1123 small-vehicle 0.9902
461 1122 453 1106 488 1087 496 1104 small-vehicle 0.9890
441 1081 433 1063 472 1044 481 1061 small-vehicle 0.9869
625 788 616 771 654 751 663 769 small-vehicle 0.9841
695 929 686 913 723 892 732 908 small-vehicle 0.9837
394 1087 384 1071 420 1047 431 1064 small-vehicle 0.9832
648 928 639 911 675 890 685 907 small-vehicle 0.9829
675 887 666 871 700 852 709 868 small-vehicle 0.9806
414 1122 405 1106 441 1086 450 1102 small-vehicle 0.9804
643 1103 633 1087 668 1065 678 1082 small-vehicle 0.9785
410 1028 402 1012 436 994 445 1010 small-vehicle 0.9768
418 1048 409 1032 448 1011 456 1027 small-vehicle 0.9753
738 1101 729 1086 764 1066 772 1081 small-vehicle 0.9748
369 1028 359 1011 394 991 404 1008 small-vehicle 0.9709
689 908 679 892 715 871 724 887 small-vehicle 0.9690
581 1131 572 1114 610 1095 619 1111 small-vehicle 0.9686
635 810 627 793 665 775 673 791 small-vehicle 0.9684
652 848 643 831 678 812 687 829 small-vehicle 0.9684
735 808 727 792 764 774 772 790 small-vehicle 0.9673
802 944 792 927 832 904 842 921 small-vehicle 0.9670
404 1105 395 1090 430 1068 439 1083 small-vehicle 0.9659
577 790 569 775 603 756 612 771 small-vehicle 0.9631
587 809 579 794 612 774 621 789 small-vehicle 0.9631
747 1045 738 1028 782 1006 791 1022 small-vehicle 0.9622
454 1100 446 1083 482 1065 490 1082 small-vehicle 0.9602
775 881 767 864 803 846 811 863 small-vehicle 0.9592
602 757 593 738 636 716 646 734 small-vehicle 0.9574
684 713 674 696 712 674 722 692 small-vehicle 0.9565
812 963 802 947 838 927 847 943 small-vehicle 0.9560
491 815 481 799 517 776 527 792 small-vehicle 0.9559
310 932 301 914 339 894 348 913 small-vehicle 0.9557
782 907 772 890 816 865 825 883 small-vehicle 0.9540
431 1062 423 1048 455 1030 464 1044 small-vehicle 0.9529
472 1141 463 1125 500 1105 509 1121 small-vehicle 0.9493
746 1023 737 1006 773 985 783 1002 small-vehicle 0.9478
718 769 709 753 744 733 753 749 small-vehicle 0.9478
659 945 652 931 685 913 692 927 small-vehicle 0.9466
571 1114 561 1097 595 1076 605 1093 small-vehicle 0.9429
325 952 316 935 351 915 361 932 small-vehicle 0.9389
713 964 704 948 741 928 749 944 small-vehicle 0.9364
609 576 599 558 637 537 647 556 small-vehicle 0.9342
363 929 354 912 391 892 400 908 small-vehicle 0.9339
722 983 713 968 747 949 756 965 small-vehicle 0.9307
465 927 455 909 495 887 505 905 small-vehicle 0.9280
496 548 508 531 545 556 533 573 small-vehicle 0.9222
741 827 734 812 770 794 777 810 small-vehicle 0.9219
406 1006 396 989 433 967 443 984 small-vehicle 0.9191
392 986 383 970 420 947 430 963 small-vehicle 0.9171
727 788 718 773 753 754 761 770 small-vehicle 0.9123
557 755 547 739 582 718 591 735 small-vehicle 0.9101
796 921 787 905 821 887 829 903 small-vehicle 0.9082
546 736 536 719 570 699 580 715 small-vehicle 0.9075
564 773 556 759 590 738 599 752 small-vehicle 0.9074
750 1122 740 1107 774 1085 784 1101 small-vehicle 0.9051
668 963 660 948 693 931 701 945 small-vehicle 0.9042
763 865 754 850 788 831 797 847 small-vehicle 0.9005
665 868 657 852 691 832 700 848 small-vehicle 0.8992
777 1083 767 1065 803 1043 814 1060 small-vehicle 0.8976
360 1005 351 988 387 969 396 985 small-vehicle 0.8899
277 661 288 646 321 669 310 684 small-vehicle 0.8890
708 749 699 733 733 713 742 730 small-vehicle 0.8882
643 829 635 814 671 796 678 812 small-vehicle 0.8830
766 1062 757 1046 789 1027 798 1043 small-vehicle 0.8824
598 832 588 815 623 795 632 812 small-vehicle 0.8818
453 907 443 889 486 867 495 884 small-vehicle 0.8768
797 1120 787 1103 825 1082 835 1099 small-vehicle 0.8753
524 870 514 853 548 833 558 850 small-vehicle 0.8748
383 1068 374 1053 412 1030 421 1045 small-vehicle 0.8702
502 834 492 818 529 796 539 812 small-vehicle 0.8699
303 908 296 891 336 874 343 890 small-vehicle 0.8629
753 846 745 830 780 812 788 827 small-vehicle 0.8546
475 555 488 541 519 569 506 584 small-vehicle 0.8480
726 1083 718 1068 753 1049 761 1064 small-vehicle 0.8475
691 734 680 717 719 695 729 712 small-vehicle 0.8433
437 1158 430 1145 462 1127 469 1141 small-vehicle 0.8346
878 1103 868 1086 906 1063 916 1081 small-vehicle 0.8318
352 983 344 967 378 950 386 965 small-vehicle 0.8268
831 1004 821 986 858 966 868 984 small-vehicle 0.8252
509 654 500 636 542 616 550 634 small-vehicle 0.8236
480 1159 473 1144 510 1128 516 1144 small-vehicle 0.8168
717 1062 708 1046 741 1026 751 1043 small-vehicle 0.8143
586 1154 577 1138 615 1116 625 1132 small-vehicle 0.8132
764 1137 755 1121 794 1100 803 1116 small-vehicle 0.8060
317 634 332 617 368 648 354 665 small-vehicle 0.8008
376 1049 367 1032 402 1013 411 1030 small-vehicle 0.7938
607 851 597 834 634 813 643 830 small-vehicle 0.7917
619 1061 611 1044 651 1025 659 1042 small-vehicle 0.7861
735 1004 725 986 763 965 773 983 small-vehicle 0.7824
615 869 607 854 641 835 649 850 small-vehicle 0.7824
552 509 570 500 587 535 570 544 small-vehicle 0.7714
531 521 551 511 569 546 549 556 small-vehicle 0.7710
821 984 812 970 846 949 855 964 small-vehicle 0.7687
655 1124 644 1106 677 1085 688 1103 small-vehicle 0.7639
626 1084 617 1066 656 1046 666 1064 small-vehicle 0.7492
869 1081 858 1066 890 1045 901 1060 small-vehicle 0.7409
456 569 468 554 500 580 488 595 small-vehicle 0.7406
676 986 668 971 699 952 708 967 small-vehicle 0.6875
550 1076 540 1062 571 1042 580 1056 small-vehicle 0.6487
474 946 465 931 501 909 510 925 small-vehicle 0.6130
620 1043 608 1022 639 1004 651 1025 small-vehicle 0.3516
644 634 634 618 663 600 673 615 small-vehicle 0.3476
523 1039 514 1021 547 1004 556 1023 small-vehicle 0.3444
871 1136 883 1125 906 1149 894 1160 small-vehicle 0.3184
485 965 475 947 507 929 517 947 small-vehicle 0.2787
558 1096 549 1081 582 1061 590 1076 small-vehicle 0.2077
588 982 580 966 611 949 620 965 small-vehicle 0.1327
873 403 957 365 1035 541 951 578 tennis-court 0.9997
743 109 830 71 909 252 823 290 tennis-court 0.9996
982 354 1066 317 1143 490 1059 527 tennis-court 0.9996
849 68 938 28 1018 204 929 244 tennis-court 0.9996
312 173 396 136 474 312 389 349 tennis-court 0.9995
999 695 1089 655 1169 832 1079 872 tennis-court 0.9995
484 95 567 59 646 239 563 275 tennis-court 0.9995
113 460 91 410 195 363 218 414 tennis-court 0.9975
75 373 52 318 163 272 185 327 tennis-court 0.9964
150 544 128 495 232 448 255 497 tennis-court 0.9947
178 629 157 582 267 533 288 580 tennis-court 0.9927
