121 458 203 392 272 476 190 543 baseball-diamond 0.9981
441 781 517 705 593 780 518 856 baseball-diamond 0.9961
493 437 579 367 651 456 565 525 baseball-diamond 0.9959
984 267 902 169 1002 86 1084 184 baseball-diamond 0.9941
266 181 367 104 446 208 345 285 baseball-diamond 0.9908
119 850 112 841 129 828 136 837 small-vehicle 0.3949
109 833 102 824 117 812 125 821 small-vehicle 0.3792
101 825 91 815 106 801 116 811 small-vehicle 0.3619
7 754 15 747 29 763 21 770 small-vehicle 0.3549
3 832 12 825 26 843 17 850 small-vehicle 0.3306
137 866 130 858 144 847 150 855 small-vehicle 0.3162
17 748 24 741 38 756 31 763 small-vehicle 0.3012
1117 732 1125 725 1141 742 1133 750 small-vehicle 0.3011
128 860 120 851 136 839 143 848 small-vehicle 0.1988
-2 761 5 754 20 771 12 778 small-vehicle 0.1701
114 841 109 833 127 821 132 828 small-vehicle 0.1665
