841 425 850 410 884 429 875 444 small-vehicle 0.9810
729 415 737 401 767 419 758 434 small-vehicle 0.9737
857 203 866 188 898 207 889 222 small-vehicle 0.9016
853 407 863 391 895 411 885 427 small-vehicle 0.8921
772 343 782 329 812 350 802 364 small-vehicle 0.8784
91 44 94 26 141 36 137 53 small-vehicle 0.7833
729 392 737 376 780 399 771 415 small-vehicle 0.6707
871 365 883 348 918 371 907 389 small-vehicle 0.2024
852 222 860 207 895 225 886 241 small-vehicle 0.1629
406 803 394 795 414 766 426 774 small-vehicle 0.1225
763 363 773 347 809 369 799 385 small-vehicle 0.1034
728 391 737 374 781 398 772 415 large-vehicle 0.3723
92 45 96 26 141 35 137 55 large-vehicle 0.1117
584 303 499 291 525 109 609 121 tennis-court 0.9999
692 320 606 306 634 124 721 137 tennis-court 0.9999
382 420 298 408 326 227 410 240 tennis-court 0.9999
226 725 143 712 170 532 254 545 tennis-court 0.9999
337 742 253 730 280 548 364 561 tennis-court 0.9999
274 404 190 393 216 209 300 221 tennis-court 0.9999
