169 799 156 789 180 761 192 771 small-vehicle 0.9958
12 668 0 658 24 629 36 639 small-vehicle 0.9902
103 742 91 731 116 703 128 713 small-vehicle 0.9888
189 812 178 802 202 775 214 785 small-vehicle 0.9879
28 738 15 728 38 699 51 709 small-vehicle 0.9863
70 713 58 703 82 675 94 685 small-vehicle 0.9820
155 785 143 775 167 748 178 758 small-vehicle 0.9811
138 769 125 759 149 728 163 739 small-vehicle 0.9798
202 827 191 817 215 790 226 800 small-vehicle 0.9784
54 702 42 691 70 660 82 671 small-vehicle 0.9726
123 821 111 811 137 778 149 788 small-vehicle 0.9701
29 677 17 667 38 641 50 650 small-vehicle 0.9684
144 831 131 821 153 794 166 804 small-vehicle 0.9625
87 728 75 718 99 689 111 700 small-vehicle 0.9527
79 775 66 765 90 736 102 745 small-vehicle 0.9492
610 90 597 81 619 53 631 62 small-vehicle 0.9486
46 748 33 738 58 708 70 718 small-vehicle 0.9446
123 755 111 745 134 717 147 728 small-vehicle 0.9443
594 75 581 64 605 35 618 46 small-vehicle 0.9411
6 706 -5 696 13 671 26 681 small-vehicle 0.9175
112 801 98 789 120 764 134 776 small-vehicle 0.8646
162 842 150 833 171 805 183 814 small-vehicle 0.7931
0 646 -10 635 9 613 21 623 small-vehicle 0.6891
617 42 606 33 624 9 636 18 small-vehicle 0.3798
10 727 0 717 25 686 37 696 small-vehicle 0.3742
178 847 169 837 188 818 198 829 small-vehicle 0.3151
42 688 32 679 60 646 70 655 small-vehicle 0.1736
572 70 561 61 592 25 603 34 small-vehicle 0.1656
572 70 560 60 591 24 603 34 large-vehicle 0.1587
43 688 31 678 59 644 71 654 large-vehicle 0.1109
463 425 399 370 517 232 581 286 tennis-court 0.9999
115 492 51 436 173 297 237 353 tennis-court 0.9999
380 356 314 300 434 157 500 212 tennis-court 0.9999
295 281 229 226 347 86 413 142 tennis-court 0.9999
287 635 220 578 340 437 407 494 tennis-court 0.9998
201 563 138 510 258 369 321 422 tennis-court 0.9998
