1358 408 1649 320 1740 616 1448 704 baseball-diamond 0.9851
129 689 110 685 117 648 137 652 small-vehicle 0.6348
103 673 83 669 90 635 110 639 small-vehicle 0.5416
129 283 126 264 164 259 167 277 small-vehicle 0.5306
178 448 172 431 207 418 213 435 small-vehicle 0.5168
77 209 55 206 61 168 82 171 small-vehicle 0.4737
28 368 8 363 17 322 38 327 small-vehicle 0.4653
151 357 146 338 186 328 191 347 small-vehicle 0.4345
151 383 147 364 188 355 192 374 small-vehicle 0.3657
196 553 191 530 234 521 239 544 small-vehicle 0.2937
188 488 184 470 220 463 224 481 small-vehicle 0.2758
202 577 196 554 239 544 245 567 small-vehicle 0.2555
778 44 795 40 804 79 787 83 small-vehicle 0.2364
262 773 252 751 274 741 284 763 small-vehicle 0.1163
663 754 763 726 818 920 717 949 tennis-court 0.9999
543 785 643 758 697 953 597 980 tennis-court 0.9999
785 722 884 695 939 889 840 917 tennis-court 0.9999
582 443 681 416 735 615 636 642 tennis-court 0.9999
461 477 561 450 614 648 514 675 tennis-court 0.9999
420 818 520 790 575 983 475 1011 tennis-court 0.9998
704 416 803 388 859 582 759 610 tennis-court 0.9998
342 510 441 484 492 678 393 704 tennis-court 0.9998
266 852 368 823 427 1032 325 1061 tennis-court 0.9873
262 773 252 751 274 741 284 763 storage-tank 0.1394
1173 1405 953 1339 1049 1018 1269 1083 soccer-ball-field 0.9901
1386 1479 1138 1402 1244 1062 1492 1139 soccer-ball-field 0.9713
