406 780 506 692 596 793 497 882 baseball-diamond 0.9862
299 691 223 610 317 523 392 605 baseball-diamond 0.9839
906 646 838 561 941 479 1008 564 baseball-diamond 0.9536
323 234 313 228 324 209 334 214 small-vehicle 0.4932
312 83 319 76 335 92 327 99 small-vehicle 0.4764
182 344 179 333 197 330 199 341 small-vehicle 0.4705
721 867 729 860 743 877 736 884 small-vehicle 0.4236
76 64 85 56 101 73 92 81 small-vehicle 0.3988
706 884 715 876 729 891 720 899 small-vehicle 0.3796
228 181 236 173 252 189 244 197 small-vehicle 0.3760
731 858 738 851 752 866 745 872 small-vehicle 0.3700
179 332 179 321 198 322 198 333 small-vehicle 0.3579
824 770 831 763 846 780 839 786 small-vehicle 0.3496
892 710 901 703 916 721 907 728 small-vehicle 0.3381
293 95 301 89 313 106 305 112 small-vehicle 0.3126
678 908 685 901 698 917 691 923 small-vehicle 0.3063
884 718 890 712 904 727 898 733 small-vehicle 0.2985
313 223 305 218 316 198 324 203 small-vehicle 0.2968
713 876 720 869 735 885 728 891 small-vehicle 0.2802
1073 793 1066 785 1084 769 1091 777 small-vehicle 0.2680
333 241 325 236 334 219 342 224 small-vehicle 0.2653
856 167 849 160 862 146 869 152 small-vehicle 0.2549
669 919 677 911 692 928 684 935 small-vehicle 0.2489
247 158 255 150 268 164 260 172 small-vehicle 0.2468
871 174 864 168 877 154 883 160 small-vehicle 0.2457
413 201 404 195 416 179 424 186 small-vehicle 0.2343
304 215 296 210 306 194 313 199 small-vehicle 0.2206
918 693 927 687 938 703 930 709 small-vehicle 0.2153
932 99 925 91 939 78 946 86 small-vehicle 0.2131
980 637 988 630 1003 646 994 653 small-vehicle 0.2067
810 786 819 779 831 792 823 800 small-vehicle 0.2058
962 653 970 646 982 660 974 667 small-vehicle 0.1799
128 23 135 15 153 31 146 39 small-vehicle 0.1702
843 754 851 748 863 762 856 768 small-vehicle 0.1634
1007 927 1000 921 1015 905 1021 910 small-vehicle 0.1566
197 370 192 361 207 351 213 360 small-vehicle 0.1550
1085 750 1079 742 1095 728 1102 736 small-vehicle 0.1481
868 733 876 726 889 740 881 748 small-vehicle 0.1413
947 734 945 723 965 720 967 731 small-vehicle 0.1326
988 630 996 623 1011 640 1003 647 small-vehicle 0.1214
906 24 900 17 915 3 922 10 small-vehicle 0.1125
834 762 841 757 855 774 847 780 small-vehicle 0.1121
943 669 950 662 964 677 957 683 small-vehicle 0.1113
100 47 108 40 120 54 112 61 small-vehicle 0.1107
884 40 878 32 894 18 901 26 small-vehicle 0.1019
468 283 519 276 532 376 481 383 tennis-court 0.9997
590 264 641 256 656 360 605 367 tennis-court 0.9997
526 275 578 266 594 367 543 375 tennis-court 0.9997
650 256 701 248 718 348 666 357 tennis-court 0.9996
