648 1491 641 1481 668 1461 676 1471 large-vehicle 0.1724
741 33 757 24 773 52 757 61 ship 0.2467
192 849 197 832 228 840 223 857 ship 0.1910
771 32 762 14 784 2 794 20 ship 0.1355
607 197 620 185 658 226 644 238 ship 0.1215
608 1000 578 962 626 924 656 962 tennis-court 0.1861
604 199 621 183 733 300 716 317 harbor 0.9853
154 935 171 898 328 972 310 1008 harbor 0.9769
202 1615 194 1586 410 1526 418 1554 harbor 0.9565
467 294 494 269 611 392 584 418 harbor 0.9120
132 1412 127 1393 249 1365 254 1384 harbor 0.8749
165 1296 167 1270 243 1277 241 1303 harbor 0.8537
387 419 408 390 581 511 561 541 harbor 0.8434
176 861 185 837 346 893 337 917 harbor 0.8107
163 1479 154 1456 260 1415 269 1437 harbor 0.7884
198 793 205 762 371 799 365 829 harbor 0.7607
238 1678 229 1656 455 1564 463 1586 harbor 0.7199
228 1733 220 1711 422 1644 429 1666 harbor 0.5368
438 356 467 323 591 432 561 465 harbor 0.2698
