293 1349 278 1344 290 1307 305 1312 ship 0.1937
83 610 70 606 80 578 92 582 ship 0.1623
274 1339 253 1331 265 1300 285 1308 ship 0.1145
513 199 525 153 706 201 694 246 harbor 0.9889
303 757 322 695 424 727 405 789 harbor 0.9887
136 1289 151 1251 302 1308 288 1346 harbor 0.9844
348 573 360 534 453 565 441 603 harbor 0.9780
85 1399 90 1378 187 1400 182 1421 harbor 0.9144
386 1069 336 1045 369 975 419 999 harbor 0.7209
244 974 249 961 307 985 301 998 harbor 0.3094
471 101 487 99 489 122 473 124 swimming-pool 0.1235
