872 539 859 526 888 495 901 508 small-vehicle 0.9780
737 657 724 645 752 617 765 629 small-vehicle 0.9416
649 549 637 537 664 511 676 524 small-vehicle 0.9402
636 534 624 522 650 495 663 507 small-vehicle 0.9286
655 787 643 774 673 745 685 758 small-vehicle 0.9254
843 510 831 498 858 469 871 480 small-vehicle 0.9102
903 566 891 552 920 525 932 538 small-vehicle 0.8953
756 673 741 661 765 631 780 643 small-vehicle 0.8211
523 151 538 137 566 167 551 181 small-vehicle 0.7311
831 177 816 165 848 125 863 138 small-vehicle 0.6905
911 259 908 240 941 235 945 254 small-vehicle 0.6350
817 323 833 309 863 342 847 356 small-vehicle 0.6343
852 292 866 279 894 309 881 322 small-vehicle 0.6302
666 811 652 797 683 765 697 778 small-vehicle 0.6019
883 553 871 537 905 511 917 527 small-vehicle 0.5889
752 129 767 116 795 147 780 160 small-vehicle 0.5867
596 433 609 419 641 449 627 463 small-vehicle 0.5490
312 639 298 626 327 592 342 605 small-vehicle 0.5078
592 310 577 295 612 263 627 279 small-vehicle 0.4998
673 207 689 191 724 227 709 242 small-vehicle 0.4813
861 526 847 514 870 486 885 498 small-vehicle 0.4675
853 186 839 173 872 140 886 153 small-vehicle 0.4316
878 386 867 371 897 349 908 364 small-vehicle 0.4177
834 309 849 294 881 325 866 340 small-vehicle 0.3828
642 777 626 767 651 729 667 740 small-vehicle 0.3353
282 510 295 500 316 527 304 537 small-vehicle 0.3203
546 814 561 796 599 827 584 845 small-vehicle 0.2829
743 140 755 130 778 159 765 169 small-vehicle 0.2752
660 587 676 574 701 604 685 617 small-vehicle 0.2336
934 443 916 441 923 389 940 392 small-vehicle 0.2119
348 686 333 672 368 634 383 647 small-vehicle 0.1910
788 95 804 79 836 113 820 128 small-vehicle 0.1318
663 565 652 552 681 528 692 541 small-vehicle 0.1067
281 330 296 314 362 376 347 392 large-vehicle 0.9958
326 223 340 206 409 265 395 281 large-vehicle 0.9951
323 288 338 272 410 343 396 358 large-vehicle 0.9951
468 385 484 370 537 425 520 440 large-vehicle 0.9950
390 172 404 156 460 208 445 223 large-vehicle 0.9947
299 301 315 286 386 360 370 376 large-vehicle 0.9943
405 151 419 136 477 191 463 206 large-vehicle 0.9941
365 186 378 170 434 220 421 236 large-vehicle 0.9937
195 576 183 558 260 507 272 526 large-vehicle 0.9934
346 206 361 189 418 239 404 256 large-vehicle 0.9929
409 261 424 244 480 297 465 313 large-vehicle 0.9929
420 130 435 115 492 171 477 186 large-vehicle 0.9913
416 379 431 363 501 425 486 442 large-vehicle 0.9910
262 347 277 332 349 401 334 416 large-vehicle 0.9909
429 242 444 227 501 282 487 297 large-vehicle 0.9903
314 247 328 230 396 288 382 305 large-vehicle 0.9899
170 560 157 543 242 481 254 498 large-vehicle 0.9893
391 395 407 378 487 453 471 470 large-vehicle 0.9893
481 481 497 464 571 532 555 550 large-vehicle 0.9869
214 598 203 579 283 529 294 547 large-vehicle 0.9863
396 321 411 304 467 352 452 370 large-vehicle 0.9845
236 363 253 346 327 421 310 438 large-vehicle 0.9839
428 605 443 590 517 664 502 680 large-vehicle 0.9836
132 518 118 501 192 441 205 458 large-vehicle 0.9785
602 331 588 317 629 274 643 288 large-vehicle 0.9782
623 353 606 337 651 292 668 309 large-vehicle 0.9753
448 588 464 572 537 642 522 658 large-vehicle 0.9690
410 621 426 606 498 681 482 696 large-vehicle 0.9566
715 166 732 147 776 189 759 207 large-vehicle 0.9520
148 542 134 526 214 458 228 474 large-vehicle 0.9492
453 100 471 80 530 135 511 154 large-vehicle 0.9386
405 656 420 641 492 715 477 731 large-vehicle 0.8323
638 502 622 486 668 441 684 456 large-vehicle 0.8101
834 309 849 293 882 326 867 342 large-vehicle 0.7288
852 187 838 173 872 138 886 152 large-vehicle 0.6354
312 639 297 626 328 591 342 604 large-vehicle 0.5126
817 323 833 309 862 342 847 356 large-vehicle 0.4716
348 686 332 673 368 631 384 645 large-vehicle 0.4129
789 95 805 80 836 113 820 128 large-vehicle 0.4035
596 433 608 419 643 450 630 464 large-vehicle 0.3346
852 291 866 278 895 310 881 323 large-vehicle 0.3032
831 177 815 164 848 125 864 138 large-vehicle 0.2866
326 673 308 655 349 613 367 631 large-vehicle 0.2306
673 207 688 191 724 227 708 242 large-vehicle 0.1972
666 811 651 798 683 765 697 778 large-vehicle 0.1967
752 129 767 116 796 149 780 163 large-vehicle 0.1603
755 673 741 661 766 631 780 643 large-vehicle 0.1437
