86 470 106 466 115 507 95 511 ship 0.5718
1274 339 1249 334 1257 293 1283 298 ship 0.4876
64 526 57 499 90 491 97 518 ship 0.2226
2188 393 2251 387 2310 982 2247 988 harbor 0.9954
34 171 69 168 97 498 62 501 harbor 0.9655
1290 341 1262 336 1283 205 1310 209 harbor 0.9423
487 131 526 130 537 477 498 479 harbor 0.9226
588 134 624 133 634 496 598 497 harbor 0.6130
1603 773 1560 765 1638 303 1681 310 harbor 0.5983
373 125 407 122 430 461 396 463 harbor 0.5259
92 127 86 103 115 96 121 120 swimming-pool 0.3937
