1380 861 1394 848 1442 899 1428 912 bridge 0.5502
923 1269 936 1258 985 1313 972 1324 bridge 0.5148
1442 746 1456 733 1535 817 1522 830 bridge 0.1890
1110 1110 1121 1099 1163 1143 1152 1154 bridge 0.1005
479 1820 489 1811 508 1831 498 1841 small-vehicle 0.2011
1609 1010 1618 1001 1649 1032 1639 1041 large-vehicle 0.4693
1197 1731 1189 1723 1221 1688 1229 1696 large-vehicle 0.3098
1255 1633 1268 1620 1293 1645 1280 1658 large-vehicle 0.1496
1153 1741 1144 1732 1172 1706 1181 1716 large-vehicle 0.1127
1179 1722 1173 1716 1206 1684 1212 1690 large-vehicle 0.1122
1149 1296 1140 1287 1169 1258 1178 1267 large-vehicle 0.1111
1585 1048 1594 1040 1620 1066 1612 1075 large-vehicle 0.1071
1118 909 1146 884 1251 1003 1222 1028 ship 0.9938
1032 994 1056 972 1161 1088 1137 1110 ship 0.9928
815 940 843 916 942 1031 914 1055 ship 0.9923
988 1037 1015 1012 1120 1123 1094 1148 ship 0.9791
1136 656 1165 628 1277 740 1249 769 ship 0.9687
1261 789 1289 762 1402 882 1374 909 ship 0.9670
754 1123 768 1109 815 1157 801 1171 ship 0.9645
1224 619 1236 607 1272 644 1260 656 ship 0.9478
875 1254 891 1241 937 1294 921 1308 ship 0.9424
1414 645 1428 632 1465 672 1451 685 ship 0.9142
1270 669 1282 658 1317 695 1305 706 ship 0.8939
798 1003 821 982 891 1056 869 1077 ship 0.8851
803 1181 819 1167 861 1215 845 1229 ship 0.8801
1165 870 1192 844 1306 963 1280 989 ship 0.8750
925 1142 948 1122 1012 1194 989 1215 ship 0.8208
1229 558 1251 538 1307 599 1285 618 ship 0.8189
781 1372 771 1363 799 1335 809 1345 ship 0.8032
757 1347 749 1339 777 1312 785 1320 ship 0.7922
842 1136 884 1098 991 1219 948 1256 ship 0.7905
802 1396 793 1385 823 1360 832 1371 ship 0.6971
780 1021 799 1005 859 1076 840 1092 ship 0.6798
744 1330 736 1319 764 1297 772 1308 ship 0.6446
1399 663 1413 652 1447 693 1433 704 ship 0.5526
1666 83 1678 76 1701 112 1688 120 ship 0.4501
268 1323 282 1313 307 1349 293 1358 ship 0.4440
1265 710 1285 691 1416 830 1396 849 ship 0.4148
667 1250 657 1241 684 1213 693 1223 ship 0.3871
1292 625 1313 605 1443 742 1421 762 ship 0.3552
573 1288 584 1278 614 1311 603 1322 ship 0.3528
1193 622 1213 604 1281 677 1262 695 ship 0.3496
932 1071 947 1057 971 1082 956 1096 ship 0.3437
134 1844 146 1832 183 1870 171 1882 ship 0.3419
1739 175 1750 166 1774 195 1763 204 ship 0.3063
644 1224 635 1215 661 1189 669 1198 ship 0.3031
808 1294 786 1274 807 1250 829 1269 ship 0.2936
1195 1114 1210 1102 1233 1130 1219 1142 ship 0.2719
1722 123 1733 111 1756 133 1745 145 ship 0.2591
442 1504 453 1493 484 1525 473 1536 ship 0.2577
310 1288 321 1277 352 1306 341 1318 ship 0.2523
73 71 59 58 92 20 107 33 ship 0.2159
1674 76 1694 62 1719 99 1700 113 ship 0.2122
820 1304 808 1294 828 1270 840 1281 ship 0.2015
1753 161 1771 148 1793 180 1775 192 ship 0.1786
862 1154 848 1144 875 1105 889 1114 ship 0.1560
1373 1000 1354 982 1426 906 1445 924 ship 0.1528
651 1230 643 1222 672 1197 680 1205 ship 0.1490
1786 159 1800 149 1832 194 1818 204 ship 0.1137
1011 1010 1028 994 1142 1115 1125 1130 ship 0.1109
1660 25 1672 14 1713 59 1701 70 ship 0.1003
508 1217 540 1187 805 1472 773 1502 harbor 0.9697
580 1158 647 1100 895 1387 828 1445 harbor 0.9463
1431 367 1448 352 1707 637 1690 652 harbor 0.9313
382 1233 407 1210 715 1551 689 1574 harbor 0.9058
271 1311 302 1282 622 1632 591 1660 harbor 0.8712
1522 293 1592 229 1830 490 1759 555 harbor 0.8216
1227 559 1262 526 1471 753 1436 786 harbor 0.8033
46 1739 72 1714 249 1904 223 1929 harbor 0.7766
1650 24 1695 -18 1884 182 1838 225 harbor 0.6884
1343 448 1378 417 1579 640 1544 672 harbor 0.6716
1061 708 1084 686 1365 987 1341 1009 harbor 0.6486
887 870 905 854 1050 1014 1032 1030 harbor 0.4808
938 768 966 740 1275 1049 1247 1077 harbor 0.3249
1118 644 1184 582 1468 880 1402 942 harbor 0.3069
696 1017 798 927 1079 1245 978 1335 harbor 0.2901
706 1036 722 1021 859 1167 843 1182 harbor 0.2741
780 932 817 899 1090 1205 1053 1239 harbor 0.1778
808 1401 797 1391 823 1363 833 1374 harbor 0.1337
