605 846 619 826 655 852 641 872 small-vehicle 0.2042
807 161 802 135 885 117 891 143 small-vehicle 0.1872
793 68 785 43 853 23 860 49 small-vehicle 0.1792
613 921 617 905 655 913 652 930 small-vehicle 0.1618
446 863 458 845 495 870 482 888 small-vehicle 0.1025
856 489 836 478 924 320 945 331 large-vehicle 0.9950
257 176 282 171 320 347 294 353 large-vehicle 0.9941
398 726 412 704 568 806 555 827 large-vehicle 0.9910
880 684 859 672 947 520 968 531 large-vehicle 0.9907
901 768 880 756 969 601 989 613 large-vehicle 0.9881
392 688 405 667 560 766 547 786 large-vehicle 0.9867
835 468 814 455 910 293 931 305 large-vehicle 0.9853
809 326 786 312 884 148 907 162 large-vehicle 0.9852
796 126 789 102 884 75 890 100 large-vehicle 0.9837
353 150 379 145 420 329 393 335 large-vehicle 0.9833
555 705 568 686 724 789 712 808 large-vehicle 0.9827
407 803 421 783 570 884 556 904 large-vehicle 0.9825
407 765 419 746 556 833 544 853 large-vehicle 0.9774
879 568 857 555 952 398 974 412 large-vehicle 0.9765
826 427 804 415 901 241 924 253 large-vehicle 0.9716
937 824 916 812 1007 651 1028 663 large-vehicle 0.9712
586 761 600 740 748 841 734 861 large-vehicle 0.9682
933 895 910 882 1008 711 1031 725 large-vehicle 0.9676
311 166 336 160 373 335 347 340 large-vehicle 0.9664
229 190 252 184 290 353 268 358 large-vehicle 0.9663
432 131 458 124 510 314 484 321 large-vehicle 0.9629
578 791 592 770 735 867 721 887 large-vehicle 0.9615
859 544 838 532 937 361 958 373 large-vehicle 0.9584
201 200 227 194 269 369 243 375 large-vehicle 0.9569
816 384 793 372 880 215 903 227 large-vehicle 0.9420
859 658 838 645 933 492 954 505 large-vehicle 0.9378
545 661 559 641 672 718 659 738 large-vehicle 0.9363
412 154 435 149 477 327 454 332 large-vehicle 0.9345
898 707 878 694 971 541 991 553 large-vehicle 0.9324
565 604 579 582 709 667 695 688 large-vehicle 0.9221
606 846 620 826 750 916 736 936 large-vehicle 0.8986
956 915 936 904 1019 745 1039 755 large-vehicle 0.8662
28 540 23 517 208 477 213 501 large-vehicle 0.8642
517 610 531 587 696 688 682 711 large-vehicle 0.7652
979 931 957 919 1031 785 1053 797 large-vehicle 0.7638
391 659 406 634 567 726 552 751 large-vehicle 0.6017
807 161 801 134 884 116 890 143 large-vehicle 0.5630
912 806 894 796 979 653 996 663 large-vehicle 0.4730
610 886 623 866 704 921 691 941 large-vehicle 0.4079
469 137 494 131 533 292 508 298 large-vehicle 0.1910
446 863 458 845 495 870 482 888 large-vehicle 0.1085
