1855 1258 1806 1243 1867 1040 1916 1055 bridge 0.8594
1193 1127 1173 1121 1191 1061 1211 1067 ship 0.9948
1214 1137 1191 1129 1213 1066 1236 1074 ship 0.9920
658 962 636 953 662 895 683 905 ship 0.9910
756 995 736 989 756 925 776 932 ship 0.9885
635 953 615 945 639 885 659 894 ship 0.9869
1280 1158 1260 1151 1281 1089 1301 1096 ship 0.9865
779 1001 759 993 782 935 802 943 ship 0.9843
901 1034 882 1028 900 975 918 981 ship 0.9836
1167 1117 1147 1109 1167 1058 1187 1066 ship 0.9827
607 948 587 940 611 877 631 885 ship 0.9816
1272 1225 1254 1220 1271 1162 1290 1167 ship 0.9814
1145 1112 1124 1104 1146 1045 1167 1052 ship 0.9798
1236 1142 1215 1134 1237 1076 1258 1084 ship 0.9789
1102 1099 1082 1091 1102 1034 1122 1041 ship 0.9786
870 728 849 721 870 658 891 665 ship 0.9783
1049 794 1029 786 1049 733 1069 740 ship 0.9775
1461 1238 1434 1230 1459 1147 1486 1155 ship 0.9773
839 1227 819 1219 837 1168 858 1175 ship 0.9762
1233 1351 1216 1345 1232 1298 1249 1304 ship 0.9756
1291 1370 1273 1365 1285 1313 1303 1318 ship 0.9743
730 978 711 971 730 915 749 921 ship 0.9722
1129 1177 1111 1172 1126 1112 1144 1117 ship 0.9718
1366 1187 1347 1180 1369 1122 1388 1130 ship 0.9710
1301 1161 1283 1155 1303 1101 1320 1107 ship 0.9694
849 713 831 708 844 653 863 658 ship 0.9682
968 1050 948 1043 964 989 985 996 ship 0.9680
955 1119 937 1112 956 1065 974 1072 ship 0.9670
1311 1377 1294 1372 1309 1319 1326 1325 ship 0.9659
1091 1478 1075 1472 1091 1426 1107 1432 ship 0.9658
709 971 688 965 705 905 726 911 ship 0.9621
520 359 526 338 578 352 572 373 ship 0.9613
1626 1249 1609 1244 1623 1196 1640 1201 ship 0.9612
681 674 660 668 679 600 700 606 ship 0.9610
1033 1079 1014 1071 1036 1016 1055 1024 ship 0.9600
935 1261 916 1255 934 1202 953 1209 ship 0.9595
997 1276 980 1271 996 1223 1012 1228 ship 0.9581
1222 1525 1202 1517 1222 1470 1241 1478 ship 0.9567
1151 1329 1129 1322 1146 1270 1168 1277 ship 0.9566
921 1422 901 1416 913 1373 934 1379 ship 0.9564
1172 1333 1153 1327 1171 1273 1189 1279 ship 0.9552
1069 513 1045 506 1068 431 1092 438 ship 0.9546
774 694 752 686 775 626 797 635 ship 0.9546
1414 1364 1393 1355 1420 1290 1441 1299 ship 0.9546
1212 1345 1196 1341 1208 1291 1225 1295 ship 0.9528
894 1301 877 1294 892 1257 908 1263 ship 0.9508
1582 1241 1561 1235 1577 1177 1598 1183 ship 0.9507
1688 1275 1669 1268 1686 1216 1706 1222 ship 0.9481
1515 1216 1493 1208 1511 1160 1534 1168 ship 0.9480
915 1254 895 1248 912 1196 931 1202 ship 0.9480
1390 1195 1371 1188 1392 1131 1410 1138 ship 0.9474
711 677 689 672 705 603 727 608 ship 0.9462
1312 1233 1295 1227 1312 1177 1329 1183 ship 0.9440
1020 1138 1001 1130 1019 1079 1039 1086 ship 0.9438
1190 1190 1172 1182 1191 1135 1209 1143 ship 0.9434
346 971 352 953 397 968 391 986 ship 0.9429
491 463 498 442 542 458 534 478 ship 0.9420
875 1033 855 1025 880 957 901 965 ship 0.9388
876 1244 855 1237 874 1184 895 1192 ship 0.9368
1347 1174 1328 1167 1346 1114 1365 1120 ship 0.9351
539 494 546 475 593 490 587 510 ship 0.9333
1275 861 1256 855 1274 803 1293 809 ship 0.9329
1151 1186 1130 1179 1147 1123 1168 1129 ship 0.9323
1229 1207 1212 1201 1231 1148 1248 1154 ship 0.9322
976 1275 956 1268 973 1221 993 1228 ship 0.9317
1185 1512 1166 1505 1183 1459 1202 1466 ship 0.9316
1014 1068 993 1060 1011 1010 1032 1017 ship 0.9290
1043 1292 1023 1286 1039 1237 1059 1244 ship 0.9254
1010 1460 993 1454 1009 1405 1026 1411 ship 0.9252
980 773 963 765 985 715 1002 723 ship 0.9249
933 693 912 687 928 633 949 639 ship 0.9247
2067 1000 2045 990 2072 932 2093 941 ship 0.9226
974 1445 956 1439 971 1392 989 1398 ship 0.9218
1052 1087 1034 1080 1054 1030 1072 1037 ship 0.9207
1088 1308 1066 1299 1085 1250 1107 1258 ship 0.9198
1159 1389 1142 1382 1160 1337 1177 1344 ship 0.9169
1535 784 1514 779 1531 714 1552 720 ship 0.9169
1641 679 1624 671 1649 618 1667 627 ship 0.9160
1127 1321 1109 1316 1126 1264 1144 1269 ship 0.9145
880 1412 864 1406 880 1365 896 1372 ship 0.9135
1062 1302 1040 1295 1057 1242 1079 1249 ship 0.9111
1083 1154 1065 1147 1082 1099 1100 1106 ship 0.9094
1600 1243 1583 1238 1599 1187 1616 1193 ship 0.9089
562 933 539 925 559 866 583 874 ship 0.9088
1195 831 1177 826 1191 779 1210 784 ship 0.9086
926 1036 908 1028 928 979 947 987 ship 0.9073
843 1403 824 1396 840 1354 859 1361 ship 0.9072
1322 1169 1303 1163 1323 1108 1341 1114 ship 0.9045
822 1399 804 1391 823 1348 842 1357 ship 0.9030
1478 1600 1462 1595 1475 1558 1491 1564 ship 0.9029
808 1034 783 1024 810 950 835 959 ship 0.9025
555 453 561 435 604 452 598 469 ship 0.9024
587 342 594 325 637 342 630 360 ship 0.9012
1401 898 1382 891 1400 844 1419 851 ship 0.8995
1252 1419 1234 1412 1254 1365 1272 1373 ship 0.8964
1123 1104 1106 1099 1122 1041 1140 1046 ship 0.8953
821 1228 801 1225 809 1166 829 1169 ship 0.8866
957 1269 939 1264 954 1215 972 1220 ship 0.8854
810 430 796 424 811 390 826 397 ship 0.8850
945 1049 925 1042 943 985 963 992 ship 0.8840
369 882 377 858 431 876 423 899 ship 0.8836
1034 1464 1016 1459 1030 1412 1048 1417 ship 0.8811
824 712 804 707 822 640 842 645 ship 0.8802
1071 1473 1056 1467 1071 1426 1087 1431 ship 0.8792
682 431 690 411 729 426 721 447 ship 0.8751
382 837 387 818 439 833 434 851 ship 0.8692
638 649 617 642 637 583 657 590 ship 0.8638
1927 1310 1935 1288 1994 1310 1986 1331 ship 0.8600
1667 1265 1647 1258 1662 1215 1682 1222 ship 0.8550
1092 799 1075 792 1094 742 1111 749 ship 0.8545
1392 569 1374 563 1387 526 1405 532 ship 0.8541
1260 1145 1244 1141 1260 1080 1276 1084 ship 0.8526
1051 1466 1035 1459 1052 1419 1068 1426 ship 0.8508
976 1128 958 1122 974 1071 992 1077 ship 0.8507
1176 825 1158 819 1173 770 1191 776 ship 0.8487
473 506 481 485 529 502 521 523 ship 0.8472
893 732 875 727 894 655 913 660 ship 0.8461
359 922 366 903 410 920 403 939 ship 0.8455
959 1437 941 1432 952 1388 971 1393 ship 0.8454
1112 805 1096 799 1114 750 1131 756 ship 0.8452
1240 1532 1219 1521 1241 1479 1261 1489 ship 0.8445
335 996 339 979 384 989 380 1006 ship 0.8426
997 1132 977 1126 994 1069 1014 1075 ship 0.8423
701 1276 682 1271 697 1212 716 1217 ship 0.8420
1150 1499 1130 1492 1145 1448 1165 1455 ship 0.8384
916 1105 900 1100 917 1049 932 1054 ship 0.8383
752 692 732 686 753 615 773 621 ship 0.8377
1151 826 1131 820 1150 764 1169 771 ship 0.8350
860 1290 843 1285 855 1244 871 1249 ship 0.8317
544 301 548 283 595 294 591 311 ship 0.8309
570 251 576 236 609 247 604 262 ship 0.8307
1030 626 1012 620 1030 565 1048 571 ship 0.8285
858 1089 838 1082 855 1030 874 1037 ship 0.8250
1189 1339 1175 1335 1189 1285 1203 1290 ship 0.8210
1003 720 984 715 998 665 1016 670 ship 0.8204
1106 1487 1090 1480 1108 1435 1125 1442 ship 0.8194
1320 872 1301 865 1319 815 1338 822 ship 0.8185
932 1315 914 1308 933 1262 951 1269 ship 0.8177
853 1234 836 1225 856 1183 874 1191 ship 0.8130
1489 923 1471 918 1493 835 1511 839 ship 0.8114
994 1063 973 1056 989 1008 1010 1015 ship 0.8107
1257 856 1238 850 1257 795 1276 801 ship 0.8093
1556 1233 1537 1224 1556 1178 1575 1186 ship 0.8083
236 923 242 907 279 921 273 937 ship 0.8058
296 515 213 481 291 289 374 323 ship 0.8056
1299 869 1281 864 1297 809 1316 815 ship 0.8050
655 654 638 648 658 592 676 599 ship 0.7998
1333 1238 1315 1232 1331 1185 1349 1191 ship 0.7982
1272 1366 1255 1360 1271 1312 1288 1317 ship 0.7959
1417 1586 1402 1579 1419 1541 1434 1548 ship 0.7958
893 1098 877 1090 900 1040 917 1048 ship 0.7955
1149 758 1133 752 1146 715 1162 721 ship 0.7950
1030 370 1012 363 1028 323 1045 330 ship 0.7926
595 318 603 302 640 320 632 337 ship 0.7862
373 436 378 419 423 432 419 449 ship 0.7825
1090 1364 1068 1358 1081 1311 1103 1317 ship 0.7818
1122 1373 1103 1365 1121 1322 1140 1330 ship 0.7785
503 423 510 403 554 418 547 438 ship 0.7707
1235 841 1219 837 1234 786 1250 791 ship 0.7682
518 566 524 552 564 566 558 581 ship 0.7674
802 1274 785 1269 798 1224 815 1229 ship 0.7667
192 447 161 435 229 264 261 277 ship 0.7666
1252 1213 1235 1206 1255 1155 1272 1162 ship 0.7617
914 741 895 736 911 682 930 688 ship 0.7610
1071 790 1054 783 1073 734 1091 741 ship 0.7599
943 1430 923 1426 934 1379 954 1383 ship 0.7580
914 1309 895 1302 910 1262 929 1269 ship 0.7570
1552 1629 1534 1624 1546 1581 1564 1586 ship 0.7557
1026 789 1007 784 1025 721 1043 726 ship 0.7529
1203 1513 1187 1507 1203 1462 1219 1468 ship 0.7516
349 948 355 931 402 947 396 965 ship 0.7496
1124 1493 1108 1488 1124 1438 1140 1443 ship 0.7481
896 1248 879 1244 893 1192 909 1197 ship 0.7469
632 558 638 539 684 555 678 573 ship 0.7423
1422 902 1406 897 1422 846 1438 851 ship 0.7420
1197 1394 1181 1386 1200 1345 1216 1352 ship 0.7403
1623 761 1606 756 1618 713 1635 718 ship 0.7382
708 1135 688 1128 704 1081 724 1088 ship 0.7322
897 330 881 323 898 286 913 292 ship 0.7300
1645 1259 1629 1255 1643 1206 1659 1211 ship 0.7296
1445 1591 1430 1586 1444 1551 1458 1557 ship 0.7269
1129 812 1115 807 1132 759 1146 763 ship 0.7230
1139 1384 1122 1376 1143 1328 1160 1336 ship 0.7228
1500 759 1483 752 1506 691 1523 697 ship 0.7225
473 523 479 506 519 522 513 539 ship 0.7020
396 812 403 791 465 814 458 834 ship 0.7016
803 704 784 699 800 635 819 640 ship 0.6966
1254 1364 1233 1357 1251 1307 1271 1314 ship 0.6931
331 541 338 518 400 539 392 562 ship 0.6893
365 470 371 455 416 473 410 488 ship 0.6859
488 1305 470 1297 485 1262 503 1270 ship 0.6802
1699 826 1683 821 1699 776 1714 782 ship 0.6701
379 414 382 396 428 402 425 421 ship 0.6635
1221 434 1206 428 1222 391 1236 397 ship 0.6619
578 378 584 362 626 376 620 392 ship 0.6592
1681 821 1663 812 1682 772 1700 780 ship 0.6580
360 899 365 882 417 897 412 914 ship 0.6576
2012 1389 2021 1370 2050 1383 2041 1402 ship 0.6522
1421 583 1401 576 1416 536 1436 544 ship 0.6461
1262 1534 1241 1523 1260 1486 1280 1496 ship 0.6411
485 483 490 465 534 476 530 494 ship 0.6400
1440 631 1425 626 1441 587 1455 593 ship 0.6366
1016 1284 1001 1279 1017 1232 1032 1237 ship 0.6282
719 296 726 275 768 289 761 309 ship 0.6275
236 900 244 882 283 901 274 919 ship 0.6273
896 1418 881 1413 897 1367 912 1372 ship 0.6253
561 1087 543 1082 558 1035 576 1041 ship 0.6235
953 1318 937 1312 953 1272 969 1278 ship 0.6178
1235 658 1219 652 1233 610 1249 616 ship 0.6090
995 1452 977 1446 991 1399 1010 1405 ship 0.6070
801 1389 784 1382 799 1341 816 1347 ship 0.5981
243 881 250 863 292 880 285 898 ship 0.5892
1602 1288 1584 1281 1598 1247 1615 1254 ship 0.5815
1897 1375 1908 1357 1931 1370 1921 1388 ship 0.5811
653 506 659 488 704 503 697 521 ship 0.5788
860 1410 841 1403 855 1365 874 1372 ship 0.5762
1495 1609 1477 1602 1492 1563 1509 1570 ship 0.5706
659 1017 640 1011 652 970 671 976 ship 0.5662
528 1320 513 1313 530 1276 545 1282 ship 0.5477
1209 687 1190 682 1209 614 1228 619 ship 0.5311
1213 1200 1198 1195 1216 1140 1231 1145 ship 0.5234
737 679 715 675 730 599 751 603 ship 0.5177
220 948 228 935 265 958 257 972 ship 0.5170
1054 633 1034 627 1058 553 1078 559 ship 0.5125
361 481 366 469 412 487 407 499 ship 0.5048
1361 892 1342 887 1361 813 1379 817 ship 0.5009
369 457 373 441 421 453 417 469 ship 0.4968
734 1162 712 1156 730 1089 752 1095 ship 0.4907
288 781 292 765 335 775 331 792 ship 0.4899
456 1297 436 1289 451 1252 471 1260 ship 0.4849
630 206 635 189 673 200 668 217 ship 0.4810
1582 631 1562 624 1575 589 1595 596 ship 0.4802
1172 416 1153 411 1163 375 1183 381 ship 0.4763
1297 1221 1279 1216 1294 1165 1312 1170 ship 0.4684
1498 1216 1479 1212 1488 1159 1507 1162 ship 0.4641
507 1313 488 1302 505 1270 524 1280 ship 0.4510
1293 1426 1278 1421 1295 1373 1310 1378 ship 0.4445
731 281 738 259 775 271 768 293 ship 0.4413
995 359 979 353 994 313 1009 319 ship 0.4292
915 334 900 328 913 294 928 300 ship 0.4244
1636 804 1613 797 1635 720 1658 726 ship 0.4203
1464 1599 1446 1592 1459 1558 1477 1565 ship 0.4178
1313 1433 1296 1429 1310 1375 1328 1380 ship 0.4131
1286 542 1268 534 1282 499 1300 507 ship 0.4101
1528 1367 1507 1361 1520 1320 1541 1326 ship 0.4004
1362 834 1343 826 1360 787 1378 795 ship 0.3741
1739 835 1722 831 1734 786 1750 790 ship 0.3700
1705 1287 1688 1281 1708 1227 1724 1233 ship 0.3631
535 511 540 495 585 509 579 525 ship 0.3527
657 1251 641 1243 661 1199 678 1207 ship 0.3169
1528 1618 1511 1613 1524 1574 1540 1580 ship 0.3137
1389 1580 1360 1571 1372 1534 1401 1544 ship 0.3119
799 423 781 415 798 381 816 389 ship 0.3058
1758 841 1742 837 1754 791 1770 795 ship 0.3050
379 853 384 834 433 848 428 867 ship 0.2814
1353 1244 1335 1239 1351 1178 1369 1183 ship 0.2726
1452 1387 1427 1378 1456 1296 1481 1306 ship 0.2588
644 541 651 524 690 540 683 558 ship 0.2411
1179 1391 1165 1385 1182 1339 1196 1344 ship 0.2399
223 938 229 925 269 943 263 956 ship 0.2325
764 1383 742 1374 760 1328 783 1337 ship 0.2290
1288 1543 1260 1531 1276 1492 1304 1504 ship 0.2271
680 1156 660 1150 683 1075 703 1081 ship 0.2049
1646 570 1659 523 1913 592 1900 639 ship 0.1869
1270 1418 1258 1413 1276 1368 1288 1373 ship 0.1860
1165 668 1145 661 1162 608 1182 615 ship 0.1832
794 547 779 540 795 506 810 514 ship 0.1760
1072 1097 1053 1091 1070 1036 1090 1043 ship 0.1729
1410 850 1392 844 1407 799 1425 805 ship 0.1707
1730 953 1715 950 1726 906 1741 910 ship 0.1616
690 393 697 374 739 389 732 408 ship 0.1593
1716 829 1700 824 1716 777 1732 782 ship 0.1547
1940 1331 1949 1311 1985 1327 1976 1347 ship 0.1466
1235 524 1218 517 1233 480 1251 487 ship 0.1255
1655 548 1663 523 1693 533 1684 558 ship 0.1191
1543 954 1567 857 1833 923 1809 1020 harbor 0.9733
1596 803 1622 712 1866 783 1840 874 harbor 0.9434
1430 1243 1467 1136 1761 1237 1724 1344 harbor 0.9209
2009 1653 1928 1623 2044 1313 2125 1344 harbor 0.9201
1631 678 1654 605 1898 680 1875 753 harbor 0.9121
547 637 437 601 585 144 695 180 harbor 0.8819
627 656 660 547 959 638 926 746 harbor 0.8460
1367 1481 1391 1403 1654 1485 1630 1562 harbor 0.8183
1889 1637 1822 1614 1933 1282 2001 1305 harbor 0.7891
1395 1374 1420 1286 1693 1362 1669 1450 harbor 0.7486
264 973 184 936 273 748 353 786 harbor 0.7225
647 1020 682 907 1519 1173 1483 1285 harbor 0.7089
1024 792 1053 689 1539 827 1509 930 harbor 0.6444
466 1099 493 1009 750 1088 722 1178 harbor 0.4949
967 1321 1010 1202 1352 1325 1309 1444 harbor 0.4808
1654 571 1668 523 1911 594 1897 641 harbor 0.4792
438 1209 465 1129 728 1218 701 1298 harbor 0.4582
1311 1586 1335 1506 1631 1593 1608 1672 harbor 0.4466
1225 564 1252 475 1577 574 1550 662 harbor 0.4372
970 630 991 545 1551 686 1530 771 harbor 0.3999
673 510 707 417 966 512 932 605 harbor 0.3758
397 352 406 327 450 343 441 368 harbor 0.3595
673 382 702 301 1029 416 1000 498 harbor 0.3273
400 1071 305 1032 405 787 500 826 harbor 0.3243
292 519 209 484 293 283 376 317 harbor 0.3219
403 539 326 514 400 289 476 314 harbor 0.3162
459 289 410 272 454 145 503 162 harbor 0.3106
771 290 786 244 1040 324 1025 370 harbor 0.2475
1078 393 1092 346 1333 416 1320 462 harbor 0.2295
930 1448 951 1382 1328 1497 1307 1563 harbor 0.2045
380 1290 398 1232 733 1336 714 1394 harbor 0.1448
