188 563 167 560 173 517 194 520 small-vehicle 0.3650
784 818 794 803 829 826 820 841 small-vehicle 0.2840
123 715 100 704 124 656 147 667 small-vehicle 0.2160
368 570 379 552 420 578 409 595 small-vehicle 0.1830
446 689 456 676 488 700 479 713 small-vehicle 0.1794
24 440 37 421 78 450 65 468 small-vehicle 0.1293
866 866 876 852 910 876 900 890 small-vehicle 0.1073
626 721 635 706 663 723 654 738 small-vehicle 0.1024
465 241 437 223 487 148 515 166 ship 0.9963
1264 778 1223 754 1295 627 1336 651 ship 0.9868
649 370 620 352 680 260 708 278 ship 0.9864
545 297 515 278 580 174 610 193 ship 0.9797
362 235 332 211 411 113 441 138 ship 0.9582
696 401 658 379 721 273 759 295 ship 0.9540
758 427 716 399 795 281 836 308 ship 0.9516
877 485 845 469 887 386 919 403 ship 0.9397
920 518 899 505 927 459 948 472 ship 0.9239
221 95 187 74 248 -21 282 0 ship 0.9183
1219 701 1202 689 1231 647 1248 659 ship 0.8672
983 513 964 502 990 457 1009 468 ship 0.7657
1489 864 1468 851 1494 808 1515 821 ship 0.7314
507 253 488 243 512 197 531 207 ship 0.7170
359 135 340 125 365 81 383 91 ship 0.7138
804 401 789 391 817 353 832 363 ship 0.6954
830 485 838 473 862 487 854 499 ship 0.6761
429 207 411 196 435 157 453 167 ship 0.6207
950 569 933 558 959 517 976 528 ship 0.5416
781 448 764 437 788 400 805 411 ship 0.4730
293 115 277 108 294 67 310 74 ship 0.3756
429 252 437 236 463 250 455 266 ship 0.3362
715 406 721 397 748 415 742 424 ship 0.2546
726 395 733 381 767 400 760 413 ship 0.1573
407 245 393 238 408 207 422 213 ship 0.1549
983 675 1080 524 1239 626 1142 776 harbor 0.9568
721 510 667 472 790 296 844 334 harbor 0.9116
899 619 827 571 935 409 1007 457 harbor 0.9056
1365 884 1287 836 1379 688 1457 736 harbor 0.8972
827 562 767 525 860 374 921 412 harbor 0.8958
1463 949 1382 894 1486 740 1567 794 harbor 0.8814
175 184 93 133 211 -54 292 -3 harbor 0.8606
432 333 355 284 453 130 530 179 harbor 0.8591
109 129 36 88 110 -43 183 -2 harbor 0.8459
344 279 290 240 396 94 450 132 harbor 0.7955
262 212 241 201 323 45 344 56 harbor 0.7346
479 339 446 321 524 180 557 199 harbor 0.6052
1263 789 1210 759 1290 621 1342 652 harbor 0.4724
510 379 606 213 777 312 680 478 harbor 0.4507
1220 765 1190 749 1256 619 1286 635 harbor 0.1615
170 180 147 163 183 112 207 129 harbor 0.1169
1222 1110 1192 1093 1244 998 1274 1014 swimming-pool 0.1331
