474 1284 460 1281 468 1234 483 1236 large-vehicle 0.3534
525 1293 509 1290 516 1251 532 1254 large-vehicle 0.2002
1308 1242 1299 1233 1320 1210 1330 1219 large-vehicle 0.1994
362 1265 348 1261 360 1214 374 1217 large-vehicle 0.1769
418 1269 404 1266 412 1224 426 1227 large-vehicle 0.1178
440 1273 424 1269 435 1226 451 1230 large-vehicle 0.1153
1127 620 1130 601 1180 610 1177 629 ship 0.9678
1118 592 1122 575 1169 588 1165 605 ship 0.9643
585 1048 568 1045 575 1002 592 1005 ship 0.9612
397 1020 379 1018 381 974 400 975 ship 0.9612
1174 585 1155 581 1165 530 1184 534 ship 0.9564
795 928 806 914 850 948 839 963 ship 0.9507
631 1048 613 1047 617 998 634 999 ship 0.9484
1138 518 1157 516 1161 561 1142 563 ship 0.9453
938 758 936 738 972 734 974 754 ship 0.9436
1385 480 1371 471 1395 433 1410 443 ship 0.9429
777 983 763 972 790 935 805 945 ship 0.9410
1339 512 1346 498 1385 519 1378 532 ship 0.9390
288 1006 266 1004 270 949 292 950 ship 0.9363
567 1044 548 1043 550 991 568 991 ship 0.9362
952 774 951 758 998 756 998 773 ship 0.9323
316 1017 298 1015 302 974 320 975 ship 0.9311
428 1025 410 1022 416 976 435 979 ship 0.9274
1335 488 1342 475 1379 495 1371 508 ship 0.9265
798 999 785 989 812 952 825 962 ship 0.9229
820 1015 808 1006 832 973 844 982 ship 0.9206
699 1048 684 1047 687 1005 701 1005 ship 0.9192
1008 652 1010 635 1051 640 1049 656 ship 0.9147
1024 674 1025 657 1072 661 1070 679 ship 0.9076
1559 405 1579 404 1583 460 1563 461 ship 0.9041
972 697 990 695 995 736 977 738 ship 0.9017
257 1013 236 1012 238 953 259 953 ship 0.9005
1532 420 1551 418 1556 469 1537 471 ship 0.8963
1266 524 1253 519 1271 480 1283 485 ship 0.8928
656 1046 638 1045 641 1000 659 1002 ship 0.8636
1276 544 1263 538 1280 502 1293 509 ship 0.8636
836 1025 823 1016 848 981 860 990 ship 0.8566
232 1017 216 1017 217 968 234 968 ship 0.8543
1453 418 1474 415 1483 465 1463 468 ship 0.8476
253 1035 254 1017 293 1020 292 1038 ship 0.8465
978 798 976 783 1017 778 1019 794 ship 0.8458
1225 515 1231 502 1258 514 1252 526 ship 0.8436
824 879 808 870 827 834 844 843 ship 0.8352
1391 508 1378 500 1400 464 1413 473 ship 0.8270
719 1060 702 1058 707 1006 725 1008 ship 0.8217
1104 536 1119 527 1144 566 1129 575 ship 0.8173
1334 465 1342 452 1375 471 1368 484 ship 0.8130
1336 441 1344 430 1374 454 1365 464 ship 0.7943
610 1043 595 1043 596 1006 611 1006 ship 0.7866
500 998 521 996 528 1051 507 1054 ship 0.7747
448 1038 429 1035 438 987 456 991 ship 0.7253
332 1013 318 1012 320 979 335 980 ship 0.7182
1080 664 1065 659 1074 630 1089 634 ship 0.7181
1223 531 1229 521 1254 534 1248 545 ship 0.6675
1099 685 1086 681 1095 654 1108 659 ship 0.6353
1445 485 1456 474 1483 501 1473 512 ship 0.5906
1213 493 1219 480 1252 494 1246 507 ship 0.5731
1255 506 1240 500 1259 455 1273 461 ship 0.5521
1243 557 1250 544 1282 562 1275 574 ship 0.5402
350 1014 335 1014 336 980 351 980 ship 0.5305
1288 559 1275 553 1290 524 1303 531 ship 0.5182
1003 736 1020 733 1027 766 1010 769 ship 0.4980
886 927 877 913 897 900 906 915 ship 0.4777
539 1033 525 1032 528 995 542 996 ship 0.4636
521 1057 524 1042 558 1048 555 1063 ship 0.3876
839 961 848 949 871 965 862 978 ship 0.3862
1055 749 1044 739 1059 721 1071 731 ship 0.3816
1324 571 1319 560 1346 548 1351 559 ship 0.3749
1377 456 1364 447 1382 423 1395 432 ship 0.3543
103 1244 88 1238 107 1198 121 1204 ship 0.3190
1239 572 1246 561 1274 577 1268 589 ship 0.2536
1200 624 1186 617 1199 593 1212 600 ship 0.2449
525 1295 509 1291 518 1249 534 1253 ship 0.2109
784 1349 767 1344 776 1310 794 1314 ship 0.2008
393 1043 395 1027 425 1030 423 1046 ship 0.1854
369 1018 349 1017 351 981 371 982 ship 0.1642
857 1369 841 1368 846 1323 861 1324 ship 0.1600
871 805 884 796 901 820 888 829 ship 0.1414
899 792 914 788 923 819 908 824 ship 0.1348
803 1351 788 1348 796 1308 812 1311 ship 0.1223
947 692 964 688 971 720 954 724 ship 0.1073
894 900 905 888 925 907 914 919 ship 0.1020
92 1242 116 1181 214 1220 189 1281 harbor 0.9746
813 881 841 838 934 900 906 943 harbor 0.9609
864 815 896 775 982 843 950 883 harbor 0.9018
1200 517 1259 454 1339 529 1279 592 harbor 0.8052
510 1102 512 994 722 1000 719 1108 harbor 0.7874
224 1055 230 960 455 975 448 1071 harbor 0.6522
1435 438 1504 422 1527 523 1458 538 harbor 0.5537
931 706 1002 688 1030 794 959 812 harbor 0.4769
1386 526 1329 494 1374 414 1431 447 harbor 0.3690
1012 674 1045 613 1127 658 1094 719 harbor 0.3065
1553 428 1569 427 1575 519 1559 520 harbor 0.1982
1085 589 1146 510 1238 582 1177 661 harbor 0.1854
