669 232 678 221 700 240 692 251 small-vehicle 0.1113
465 128 472 120 492 136 485 144 small-vehicle 0.1035
723 298 729 289 753 305 747 314 large-vehicle 0.5805
669 232 678 221 700 240 692 251 large-vehicle 0.1410
465 128 472 120 492 136 485 144 large-vehicle 0.1303
388 742 368 740 374 691 393 693 ship 0.9866
109 630 93 613 144 567 160 584 ship 0.9801
83 600 71 577 140 540 152 563 ship 0.9796
285 284 269 270 315 217 331 231 ship 0.9754
1534 874 1514 872 1521 821 1542 823 ship 0.9695
344 311 328 298 362 256 378 268 ship 0.9639
179 686 159 673 192 623 212 636 ship 0.9605
942 691 943 671 1001 675 999 695 ship 0.9574
457 386 439 374 471 331 488 343 ship 0.9514
145 670 128 653 181 600 198 617 ship 0.9486
1598 880 1575 878 1580 816 1603 818 ship 0.9415
771 610 753 599 788 547 805 559 ship 0.9387
168 50 177 32 220 53 211 71 ship 0.9325
283 727 261 721 278 660 300 667 ship 0.9311
1312 848 1293 845 1299 801 1318 803 ship 0.9176
325 731 308 728 314 689 331 691 ship 0.9169
1025 704 1025 683 1085 684 1084 705 ship 0.8845
401 348 384 335 418 292 435 305 ship 0.8831
965 806 945 803 953 752 973 755 ship 0.8828
1420 861 1401 859 1406 812 1425 814 ship 0.8727
820 647 804 637 834 587 850 597 ship 0.8595
49 467 51 443 118 448 117 472 ship 0.8569
157 103 163 81 218 97 212 118 ship 0.8553
365 738 347 736 352 688 370 690 ship 0.8462
892 670 877 662 899 620 914 628 ship 0.8453
1489 865 1471 863 1476 817 1494 819 ship 0.8370
62 513 61 497 99 494 101 510 ship 0.7959
1195 840 1173 837 1180 783 1201 786 ship 0.7767
109 275 115 258 165 276 158 294 ship 0.7620
678 767 662 765 667 724 683 726 ship 0.7618
1256 842 1240 840 1245 804 1262 806 ship 0.7414
940 676 927 670 943 637 956 643 ship 0.7358
1117 825 1103 823 1107 790 1121 792 ship 0.6949
457 745 441 744 444 707 459 708 ship 0.6526
191 5 202 -2 226 26 216 35 ship 0.6453
148 164 153 151 192 165 187 178 ship 0.5767
439 745 420 743 423 701 442 703 ship 0.5689
732 568 717 558 745 515 760 525 ship 0.5521
1360 854 1339 851 1344 806 1365 809 ship 0.5406
288 466 295 450 320 461 314 476 ship 0.5323
1230 840 1215 837 1223 792 1238 794 ship 0.4015
1515 874 1501 872 1506 820 1520 821 ship 0.3587
637 505 625 497 653 452 665 460 ship 0.3395
371 319 357 309 392 260 406 269 ship 0.2530
55 500 51 481 98 472 102 491 ship 0.2354
675 530 665 524 688 481 698 487 ship 0.2266
845 795 826 793 831 747 850 749 ship 0.2146
210 707 197 700 220 654 234 661 ship 0.1850
537 435 526 427 544 402 555 409 ship 0.1718
278 239 266 234 282 196 294 201 ship 0.1572
349 737 332 735 338 692 354 695 ship 0.1563
574 464 565 458 591 417 600 423 ship 0.1425
659 517 649 510 680 467 690 475 ship 0.1322
131 201 140 184 176 204 167 220 ship 0.1240
104 310 110 299 143 315 138 327 ship 0.1239
1025 813 1006 811 1009 771 1029 773 ship 0.1175
156 147 160 135 200 148 197 160 ship 0.1141
128 636 117 624 146 599 157 611 ship 0.1138
1644 884 1631 883 1636 836 1649 837 ship 0.1095
767 781 755 780 759 736 771 737 ship 0.1094
733 784 717 782 721 742 737 744 ship 0.1030
1136 401 1094 380 1138 289 1181 310 tennis-court 0.9996
1189 421 1147 401 1190 312 1232 333 tennis-court 0.9991
1241 446 1198 425 1242 333 1285 354 tennis-court 0.9984
1106 692 1108 674 1149 677 1148 696 harbor 0.4510
279 240 265 233 283 195 297 201 harbor 0.3581
538 434 524 426 547 387 561 395 harbor 0.2420
64 389 71 372 114 391 107 408 harbor 0.2260
523 425 503 412 531 368 551 381 harbor 0.2134
736 572 711 556 742 509 767 525 harbor 0.1907
133 196 139 179 184 195 178 212 harbor 0.1846
640 507 595 479 631 422 676 450 harbor 0.1693
554 446 541 436 571 395 584 405 harbor 0.1485
678 528 670 523 698 482 705 487 harbor 0.1416
153 107 160 83 215 98 209 122 harbor 0.1364
49 428 57 404 94 417 85 441 harbor 0.1350
74 371 80 357 121 372 116 386 harbor 0.1285
97 306 104 292 144 312 137 326 harbor 0.1164
944 659 949 640 997 652 992 671 harbor 0.1160
497 757 480 756 483 704 501 705 harbor 0.1114
1194 862 1198 793 1492 809 1488 878 harbor 0.1110
1223 96 1183 80 1213 3 1253 18 swimming-pool 0.9339
