494 285 462 284 463 187 495 188 ship 0.9722
573 185 605 184 608 301 576 302 ship 0.9682
1225 192 1258 190 1263 273 1229 274 ship 0.9678
348 280 320 278 326 200 354 202 ship 0.9648
975 269 948 268 949 189 976 189 ship 0.9609
1531 214 1530 188 1590 186 1591 212 ship 0.9140
566 252 539 252 540 185 568 185 ship 0.9061
894 248 869 247 872 182 897 183 ship 0.8975
360 166 405 165 409 310 364 311 ship 0.8698
1175 259 1153 257 1157 210 1179 211 ship 0.7917
20 280 -10 279 -8 188 22 188 ship 0.5642
353 323 358 307 397 319 392 335 ship 0.2825
282 258 264 257 268 210 286 212 ship 0.1938
1113 441 1025 436 1039 196 1127 201 harbor 0.9905
796 394 701 384 722 180 818 190 harbor 0.9773
1411 396 1372 395 1379 195 1418 197 harbor 0.9764
1606 415 1504 415 1504 220 1606 220 harbor 0.9675
980 396 849 390 859 174 990 180 harbor 0.9474
199 184 232 184 234 464 201 464 harbor 0.9294
1712 402 1635 399 1642 227 1719 230 harbor 0.8434
1264 398 1220 397 1224 191 1268 192 harbor 0.8029
626 387 538 383 546 213 634 217 harbor 0.7926
273 183 308 183 312 426 278 427 harbor 0.5778
1141 190 1220 190 1223 418 1144 419 harbor 0.4748
331 180 406 164 444 350 370 366 harbor 0.3523
507 355 442 353 447 192 512 194 harbor 0.2761
990 612 1037 612 1037 695 990 695 swimming-pool 0.6139
