517 482 534 481 536 521 519 521 small-vehicle 0.1476
1000 284 949 281 956 128 1007 130 ship 0.9939
1356 290 1317 289 1320 169 1359 170 ship 0.9839
1011 175 1043 174 1047 275 1015 277 ship 0.9822
1670 317 1630 316 1633 191 1674 192 ship 0.9803
1237 283 1205 281 1210 193 1242 195 ship 0.9645
354 225 327 224 330 158 356 159 ship 0.9511
1731 258 1706 257 1709 201 1734 202 ship 0.8836
597 216 576 214 580 162 602 164 ship 0.8674
1270 293 1247 291 1251 237 1275 239 ship 0.8471
1081 230 1057 226 1065 169 1090 173 ship 0.8419
409 220 386 220 386 158 410 158 ship 0.8273
43 159 44 134 108 136 107 161 ship 0.8131
573 279 554 276 560 235 579 237 ship 0.7879
277 154 295 153 296 199 277 199 ship 0.7635
931 225 905 224 909 149 935 151 ship 0.7426
844 248 826 247 829 204 846 204 ship 0.7259
636 250 608 247 615 171 643 174 ship 0.6933
263 273 229 271 235 145 269 147 ship 0.6266
771 221 750 220 753 164 774 165 ship 0.6167
294 269 272 267 275 222 298 224 ship 0.5921
1581 227 1604 226 1607 287 1584 288 ship 0.5814
1137 231 1156 229 1159 267 1140 268 ship 0.4622
441 218 419 215 425 164 447 167 ship 0.4481
905 244 927 243 929 290 907 291 ship 0.4157
1403 281 1381 281 1382 234 1404 235 ship 0.3905
1197 275 1178 273 1183 183 1203 184 ship 0.3792
484 252 464 250 470 201 490 204 ship 0.1853
198 257 174 257 175 203 198 204 ship 0.1261
275 376 149 366 167 144 294 154 harbor 0.9898
1245 373 1173 367 1187 182 1259 187 harbor 0.9604
759 382 650 370 675 158 784 171 harbor 0.9549
114 364 16 362 21 149 119 152 harbor 0.9301
619 359 581 354 602 167 640 171 harbor 0.9090
1381 194 1521 191 1525 383 1385 386 harbor 0.9082
425 396 381 395 386 161 430 162 harbor 0.8932
1549 193 1694 192 1696 403 1551 404 harbor 0.8664
919 170 1076 164 1084 378 927 384 harbor 0.7978
500 407 467 407 473 166 506 167 harbor 0.7672
861 393 833 392 838 170 865 171 harbor 0.6711
1362 387 1315 387 1318 166 1365 166 harbor 0.5169
328 364 288 360 314 145 354 150 harbor 0.3649
178 312 161 312 164 160 182 160 harbor 0.1098
