1470 1004 1452 995 1482 941 1499 951 ship 0.9958
1489 1026 1471 1015 1506 956 1525 967 ship 0.9956
1423 844 1434 826 1489 860 1478 878 ship 0.9937
1096 634 1106 618 1147 644 1137 660 ship 0.9926
1383 912 1395 893 1449 927 1438 946 ship 0.9922
1401 891 1412 873 1461 905 1450 923 ship 0.9919
1046 712 1055 697 1100 722 1091 737 ship 0.9914
1515 1031 1498 1021 1532 965 1548 974 ship 0.9911
1413 866 1424 848 1475 880 1465 897 ship 0.9907
1371 935 1383 917 1433 952 1421 969 ship 0.9902
1265 822 1274 805 1321 833 1311 850 ship 0.9901
1292 786 1301 769 1349 796 1340 812 ship 0.9886
1279 805 1288 790 1327 814 1318 829 ship 0.9878
1070 675 1080 658 1123 684 1113 700 ship 0.9877
1203 813 1212 798 1255 822 1246 837 ship 0.9862
1146 668 1155 653 1194 677 1185 692 ship 0.9841
1083 765 1092 748 1142 773 1133 790 ship 0.9837
1250 734 1260 719 1299 746 1288 761 ship 0.9814
1255 842 1265 825 1307 852 1297 868 ship 0.9787
424 397 399 383 457 281 482 296 ship 0.9786
1240 754 1251 739 1288 767 1278 781 ship 0.9781
1097 745 1105 728 1146 748 1138 764 ship 0.9780
1120 706 1129 690 1171 715 1161 731 ship 0.9775
1132 684 1142 669 1181 694 1171 710 ship 0.9763
1110 615 1118 601 1154 622 1146 636 ship 0.9754
1226 773 1235 759 1275 783 1266 797 ship 0.9751
1194 832 1202 817 1242 839 1234 855 ship 0.9751
1537 1052 1517 1041 1552 980 1572 991 ship 0.9742
1087 653 1095 639 1134 661 1126 676 ship 0.9736
1442 993 1425 984 1451 937 1468 947 ship 0.9728
1243 862 1251 847 1297 873 1288 888 ship 0.9717
1356 956 1366 940 1415 971 1404 988 ship 0.9703
941 656 951 640 991 664 980 681 ship 0.9664
964 622 972 607 1015 631 1007 645 ship 0.9601
1565 1055 1548 1044 1580 988 1598 998 ship 0.9598
1212 789 1221 775 1262 802 1253 816 ship 0.9563
525 425 509 416 534 374 550 383 ship 0.9518
995 570 1004 554 1042 575 1034 591 ship 0.9503
76 174 63 167 86 128 98 136 ship 0.9495
884 681 897 657 964 695 950 719 ship 0.9490
31 129 17 122 41 75 55 82 ship 0.9480
1020 752 1031 736 1072 764 1061 780 ship 0.9462
978 605 984 595 1015 613 1009 623 ship 0.9433
952 634 962 620 1001 647 992 661 ship 0.9431
931 589 939 575 969 593 961 606 ship 0.9426
769 606 780 587 847 627 835 646 ship 0.9239
1031 731 1041 716 1084 743 1075 758 ship 0.9205
870 514 877 504 904 523 897 533 ship 0.9198
1071 784 1080 769 1122 793 1113 808 ship 0.9157
681 551 692 533 746 565 735 584 ship 0.9156
1230 881 1239 865 1290 896 1280 912 ship 0.9149
1178 851 1187 835 1234 860 1225 877 ship 0.9149
681 476 665 467 692 418 709 427 ship 0.9073
126 194 115 187 132 159 143 166 ship 0.9050
12 125 0 120 23 69 35 75 ship 0.9039
770 461 776 451 801 466 795 477 ship 0.8951
469 295 476 281 513 301 506 315 ship 0.8814
912 618 921 605 954 625 946 639 ship 0.8777
844 560 851 550 876 570 869 579 ship 0.8711
1011 550 1019 539 1049 558 1041 570 ship 0.8562
746 500 752 489 778 504 772 514 ship 0.8523
862 534 869 524 892 539 885 550 ship 0.8519
942 573 948 561 978 577 972 588 ship 0.8444
949 557 957 545 989 565 981 577 ship 0.8405
543 313 552 299 587 319 579 333 ship 0.8313
988 588 996 575 1027 594 1020 607 ship 0.8306
545 334 552 323 575 336 568 348 ship 0.8151
760 473 766 464 791 479 786 488 ship 0.8085
386 279 394 267 418 282 410 295 ship 0.7995
427 387 436 374 468 395 460 408 ship 0.7851
834 504 840 495 865 509 860 519 ship 0.7826
219 270 230 254 287 292 276 307 ship 0.7629
515 444 526 430 567 461 556 475 ship 0.7574
62 155 47 147 70 105 85 114 ship 0.7501
475 271 483 258 514 276 507 289 ship 0.7482
750 427 758 413 780 426 772 440 ship 0.6979
753 488 760 477 784 492 777 503 ship 0.6887
817 531 822 522 847 538 842 547 ship 0.6790
1545 966 1552 956 1579 972 1572 983 ship 0.6742
150 211 138 205 156 171 168 178 ship 0.6689
738 510 744 501 770 518 763 527 ship 0.6419
47 142 32 134 55 93 70 101 ship 0.6384
538 353 547 339 566 351 557 365 ship 0.6249
779 444 785 435 808 449 801 459 ship 0.6126
1397 791 1379 780 1391 759 1410 770 ship 0.6070
94 175 85 168 103 140 113 146 ship 0.5961
890 484 898 475 921 494 914 503 ship 0.5823
136 955 125 948 138 926 150 933 ship 0.5759
895 649 903 634 942 654 934 670 ship 0.5503
112 187 102 182 116 152 127 157 ship 0.5246
728 525 734 517 761 534 756 542 ship 0.4889
835 576 843 566 865 585 857 595 ship 0.4839
1536 908 1542 899 1567 916 1561 925 ship 0.4655
852 548 858 539 883 555 878 564 ship 0.4639
823 521 829 511 857 526 850 537 ship 0.3843
227 247 216 241 236 206 247 212 ship 0.3552
167 220 155 215 169 179 181 183 ship 0.3551
785 432 792 423 815 440 808 449 ship 0.3471
463 340 469 329 499 345 492 357 ship 0.3439
194 212 180 205 196 171 210 177 ship 0.3102
474 322 480 311 509 326 504 336 ship 0.2970
366 337 356 330 374 305 384 312 ship 0.2881
842 488 848 478 874 492 869 502 ship 0.2708
744 440 753 426 773 439 764 453 ship 0.2575
372 269 362 262 380 238 390 245 ship 0.2551
393 263 398 254 422 269 417 278 ship 0.2508
360 261 349 253 366 229 377 236 ship 0.2476
727 466 738 452 758 466 747 481 ship 0.2464
448 360 456 345 489 363 482 377 ship 0.2289
880 499 887 490 912 506 905 516 ship 0.2283
635 497 608 484 661 370 689 382 ship 0.2203
71 89 79 74 108 88 100 104 ship 0.2133
1106 728 1112 716 1149 736 1143 747 ship 0.2028
852 471 859 460 886 476 879 487 ship 0.1901
1410 794 1420 778 1452 800 1442 816 ship 0.1809
904 634 910 623 944 641 939 652 ship 0.1728
600 365 613 347 656 376 644 394 ship 0.1653
1496 860 1504 847 1580 898 1572 910 ship 0.1493
1537 855 1559 818 1632 860 1610 898 ship 0.1457
801 559 810 546 836 563 827 576 ship 0.1281
35 57 44 42 65 56 57 70 ship 0.1225
827 587 835 576 858 593 851 603 ship 0.1109
717 541 725 531 750 550 742 560 ship 0.1061
744 574 679 530 775 386 841 429 harbor 0.9850
840 637 772 592 873 440 941 485 harbor 0.9755
39 1038 15 1022 64 949 88 965 harbor 0.9717
1277 911 1172 838 1277 686 1382 759 harbor 0.7545
215 245 281 165 363 232 298 312 harbor 0.7317
956 722 875 663 989 506 1070 565 harbor 0.6877
489 418 559 301 684 375 615 493 harbor 0.6518
1116 817 1016 750 1131 577 1232 644 harbor 0.5597
-20 95 19 40 222 192 181 246 harbor 0.4856
1595 1078 1613 1050 1657 1078 1639 1106 harbor 0.3001
453 415 401 381 477 265 529 299 harbor 0.2792
392 353 377 343 417 282 432 292 harbor 0.2718
322 308 304 298 335 243 352 253 harbor 0.1234
357 329 343 320 377 264 391 273 harbor 0.1228
1351 703 1366 676 1411 701 1396 729 swimming-pool 0.8067
1223 102 1231 78 1273 91 1265 116 swimming-pool 0.7897
1531 854 1552 816 1632 862 1611 899 swimming-pool 0.6719
