759 34 781 21 818 86 796 98 ship 0.9713
1395 476 1411 463 1444 505 1427 518 ship 0.9506
1438 451 1457 438 1489 484 1469 497 ship 0.8920
1140 269 1140 242 1212 242 1213 269 ship 0.8713
1382 495 1396 485 1422 520 1408 531 ship 0.8648
246 218 248 195 315 201 313 224 ship 0.8491
1523 398 1510 378 1555 349 1568 368 ship 0.7488
1208 132 1208 106 1263 106 1263 133 ship 0.7173
1566 141 1569 120 1615 125 1612 147 ship 0.6603
1248 454 1235 433 1290 398 1303 418 ship 0.5844
1375 128 1378 103 1440 110 1437 136 ship 0.5370
130 186 135 169 182 183 177 200 ship 0.5237
1346 519 1356 505 1384 525 1374 539 ship 0.5199
775 4 794 -9 830 39 811 53 ship 0.5033
1471 433 1460 420 1495 393 1505 406 ship 0.5009
1291 543 1284 526 1321 510 1328 527 ship 0.4489
63 173 70 153 115 169 108 189 ship 0.4387
661 227 666 205 718 216 714 238 ship 0.3894
69 16 78 -4 132 18 124 39 ship 0.3420
232 37 234 10 302 17 300 44 ship 0.2541
1266 129 1267 107 1308 108 1307 130 ship 0.1603
1152 299 1151 277 1210 274 1211 296 ship 0.1564
1591 349 1580 331 1624 305 1635 323 ship 0.1424
779 260 799 248 819 281 798 293 ship 0.1388
1588 340 1622 317 1668 385 1634 408 harbor 0.9932
1520 384 1558 359 1608 435 1570 460 harbor 0.9888
634 300 594 297 599 205 640 208 harbor 0.9850
413 287 370 284 376 211 419 214 harbor 0.9829
92 252 46 241 66 163 112 174 harbor 0.9816
490 294 447 287 461 206 504 213 harbor 0.9815
708 302 666 300 669 224 711 226 harbor 0.9806
1075 326 1035 323 1041 251 1081 254 harbor 0.9515
1001 321 965 320 968 250 1004 251 harbor 0.9477
781 308 743 305 749 232 787 235 harbor 0.9182
925 320 886 317 893 232 932 235 harbor 0.9149
1699 374 1672 373 1674 305 1701 305 harbor 0.8978
210 276 168 267 183 196 225 205 harbor 0.8941
1465 430 1501 404 1543 462 1507 488 harbor 0.8838
300 293 246 287 254 219 307 225 harbor 0.8722
1209 499 1165 441 1246 380 1290 438 harbor 0.7725
1378 117 1389 54 1471 68 1460 132 harbor 0.6344
1202 38 1285 35 1287 120 1204 122 harbor 0.6172
854 315 826 315 826 239 855 239 harbor 0.5768
1554 119 1556 94 1623 101 1621 125 harbor 0.5043
158 264 123 257 138 186 172 193 harbor 0.5024
231 38 236 -2 313 6 308 48 harbor 0.3980
1143 332 1154 260 1235 272 1224 344 harbor 0.3478
10 235 -19 226 0 157 30 166 harbor 0.3266
695 19 777 -36 848 66 766 122 harbor 0.2492
1367 616 1310 526 1469 425 1526 515 harbor 0.1899
1105 38 1110 -36 1564 -3 1559 71 harbor 0.1534
1206 501 1196 488 1231 459 1241 472 harbor 0.1501
