377 550 391 539 417 570 403 582 small-vehicle 0.8565
355 566 369 556 392 586 378 597 small-vehicle 0.8049
500 904 493 889 526 875 533 890 small-vehicle 0.2824
92 576 103 565 128 590 117 601 small-vehicle 0.1725
544 452 532 437 601 381 613 396 large-vehicle 0.9967
556 473 544 457 614 402 626 417 large-vehicle 0.9965
514 414 502 399 570 343 582 358 large-vehicle 0.9963
500 396 487 381 553 325 566 340 large-vehicle 0.9956
482 378 470 363 538 307 550 322 large-vehicle 0.9953
585 516 573 500 647 446 659 462 large-vehicle 0.9946
227 378 243 364 298 428 282 441 large-vehicle 0.9946
458 363 446 348 514 291 527 306 large-vehicle 0.9939
531 433 519 419 585 361 598 375 large-vehicle 0.9939
571 494 559 479 629 424 641 439 large-vehicle 0.9933
372 223 388 209 440 273 424 287 large-vehicle 0.9929
354 248 370 234 426 297 411 311 large-vehicle 0.9927
194 419 209 405 265 465 251 478 large-vehicle 0.9925
383 487 375 469 444 436 453 455 large-vehicle 0.9906
174 434 190 420 247 482 231 496 large-vehicle 0.9905
473 485 490 471 546 539 529 553 large-vehicle 0.9899
438 339 423 325 485 260 500 274 large-vehicle 0.9890
499 473 515 460 568 525 552 538 large-vehicle 0.9869
266 349 282 336 337 402 321 415 large-vehicle 0.9854
248 360 263 348 316 412 301 424 large-vehicle 0.9839
386 198 402 185 452 250 436 263 large-vehicle 0.9815
138 454 154 439 213 498 197 514 large-vehicle 0.9774
212 400 228 386 274 439 259 453 large-vehicle 0.9712
318 340 333 326 381 379 365 393 large-vehicle 0.9681
406 183 424 170 473 236 455 250 large-vehicle 0.9659
301 355 317 341 360 393 344 406 large-vehicle 0.9495
156 97 162 74 252 99 246 122 large-vehicle 0.9473
