513 132 528 128 537 164 521 167 small-vehicle 0.9873
541 80 556 76 564 113 549 116 small-vehicle 0.9857
454 139 468 136 476 172 461 175 small-vehicle 0.9843
616 127 633 123 641 159 625 163 small-vehicle 0.9829
219 15 236 12 242 46 225 49 small-vehicle 0.9764
376 232 373 216 405 210 408 225 small-vehicle 0.9726
533 128 547 126 551 159 538 161 small-vehicle 0.9682
567 82 583 80 586 114 571 116 small-vehicle 0.9679
551 122 565 119 573 151 559 155 small-vehicle 0.9658
466 93 481 90 487 127 472 129 small-vehicle 0.9647
199 19 215 17 219 51 204 53 small-vehicle 0.9635
101 38 117 35 123 70 107 72 small-vehicle 0.9554
380 252 377 237 411 229 414 245 small-vehicle 0.9472
122 688 136 685 143 719 129 722 small-vehicle 0.9002
160 26 177 22 186 61 169 65 small-vehicle 0.8962
356 133 352 117 384 108 388 124 small-vehicle 0.8946
51 47 47 31 82 22 86 38 small-vehicle 0.8929
120 33 136 30 143 68 127 71 small-vehicle 0.8917
472 134 487 131 495 167 479 170 small-vehicle 0.8740
44 26 41 10 83 2 86 19 small-vehicle 0.8391
296 -4 313 -8 319 23 303 27 small-vehicle 0.7669
141 27 157 24 164 65 148 68 small-vehicle 0.7314
375 204 373 189 406 184 408 199 small-vehicle 0.6753
258 2 272 0 276 31 262 33 small-vehicle 0.5021
363 175 360 160 394 152 397 167 small-vehicle 0.4873
381 -12 399 -17 413 33 394 38 small-vehicle 0.2206
380 -10 398 -15 411 34 393 39 large-vehicle 0.1535
161 26 178 23 185 62 169 65 large-vehicle 0.1045
155 397 236 381 271 556 191 573 tennis-court 1.0000
413 353 493 337 530 519 449 535 tennis-court 0.9999
108 137 188 121 223 294 142 310 tennis-court 0.9999
544 330 624 316 654 489 574 503 tennis-court 0.9999
225 110 308 94 342 272 259 288 tennis-court 0.9999
273 374 353 358 388 535 308 551 tennis-court 0.9999
