1605 930 1601 767 1781 763 1785 926 plane 0.9997
1135 977 1118 773 1368 753 1384 957 plane 0.9997
153 389 252 387 254 493 154 494 plane 0.9995
670 1174 659 975 891 961 903 1160 plane 0.9994
2112 856 2214 744 2337 856 2235 968 plane 0.9992
1144 759 1135 627 1300 615 1310 747 plane 0.9991
1492 1192 1487 1031 1663 1025 1669 1186 plane 0.9989
1421 866 1582 858 1591 1037 1430 1045 plane 0.9988
2181 886 1967 821 2036 590 2251 655 plane 0.9987
1118 110 1287 78 1320 249 1151 282 plane 0.9987
468 563 268 532 300 325 501 356 plane 0.9986
739 817 860 809 868 951 748 958 plane 0.9986
1900 1172 1747 1163 1756 998 1909 1007 plane 0.9972
524 267 370 266 371 87 525 88 plane 0.9967
495 76 716 67 726 321 505 330 plane 0.9959
942 301 722 296 729 25 949 31 plane 0.9957
892 144 1006 132 1020 265 906 277 plane 0.9955
1829 975 1995 815 2178 1005 2012 1165 plane 0.9941
256 642 418 637 423 804 261 809 plane 0.9891
1995 899 2073 790 2198 880 2120 989 plane 0.9586
962 8 1168 -7 1187 244 982 260 plane 0.9434
158 812 154 704 279 700 282 808 plane 0.7282
2157 695 2151 626 2243 618 2249 687 plane 0.3803
1413 1349 1416 1329 1458 1336 1455 1356 small-vehicle 0.3706
1470 1362 1473 1343 1519 1349 1516 1369 small-vehicle 0.1576
1591 1329 1572 1325 1583 1279 1602 1283 small-vehicle 0.1156
2247 386 2247 362 2320 361 2320 385 large-vehicle 0.2076
810 1157 793 1138 863 1075 880 1095 large-vehicle 0.1128
1803 1282 1819 1273 1847 1327 1831 1335 ship 0.7188
1604 161 1580 156 1591 105 1614 110 ship 0.5735
1764 1319 1787 1307 1812 1357 1789 1369 ship 0.5551
1786 1306 1812 1295 1833 1344 1807 1356 ship 0.5292
1482 1238 1489 1212 1553 1230 1546 1256 ship 0.4843
1716 1350 1725 1333 1764 1354 1754 1371 ship 0.4068
1839 1273 1858 1267 1874 1322 1854 1328 ship 0.3886
1920 140 1943 139 1945 189 1922 190 ship 0.2583
1863 106 1862 84 1915 81 1916 103 ship 0.1741
1564 1319 1542 1313 1555 1263 1577 1269 ship 0.1691
1868 149 1868 124 1907 124 1908 149 ship 0.1530
1495 1273 1502 1243 1546 1254 1539 1284 ship 0.1216
2258 349 2253 318 2293 312 2297 343 ship 0.1206
810 1157 793 1138 863 1075 880 1095 ship 0.1065
2246 386 2246 360 2320 359 2320 385 ship 0.1002
10 606 70 602 78 735 19 738 tennis-court 0.1753
2109 700 2106 619 2251 613 2254 694 helicopter 0.1829
