341 1240 118 1231 128 993 351 1002 baseball-diamond 0.9896
206 365 225 45 565 65 546 386 baseball-diamond 0.9849
725 661 1021 653 1031 1027 735 1035 baseball-diamond 0.9843
798 261 765 191 840 156 872 226 baseball-diamond 0.1735
754 326 790 264 869 309 833 372 baseball-diamond 0.1344
659 485 715 420 780 476 724 541 baseball-diamond 0.1171
66 208 48 207 49 168 67 168 small-vehicle 0.6843
47 220 67 220 68 264 48 265 small-vehicle 0.6701
66 164 48 163 50 126 69 127 small-vehicle 0.6064
47 742 30 741 31 699 48 700 small-vehicle 0.5391
58 440 44 440 44 408 58 409 small-vehicle 0.4757
70 116 53 116 53 82 70 82 small-vehicle 0.4687
26 790 45 790 45 829 26 830 small-vehicle 0.4303
49 533 35 532 38 492 53 493 small-vehicle 0.4297
58 481 42 480 44 450 60 452 small-vehicle 0.4176
72 67 56 66 58 30 73 31 small-vehicle 0.4009
52 601 38 600 40 570 54 571 small-vehicle 0.3918
1033 1337 1051 1337 1052 1373 1034 1374 small-vehicle 0.3810
50 654 32 654 34 614 52 615 small-vehicle 0.3711
52 572 37 572 38 538 53 539 small-vehicle 0.3645
65 318 46 315 52 281 71 284 small-vehicle 0.3383
61 366 45 366 45 331 62 332 small-vehicle 0.3304
1027 1372 1010 1370 1013 1331 1030 1333 small-vehicle 0.3036
43 379 58 376 64 401 48 404 small-vehicle 0.2892
46 692 31 691 33 657 49 658 small-vehicle 0.2660
74 29 58 28 60 -2 77 0 small-vehicle 0.2652
959 1504 942 1502 947 1465 963 1467 small-vehicle 0.2315
958 1366 939 1365 940 1330 959 1331 small-vehicle 0.2211
960 1334 975 1333 976 1365 961 1365 small-vehicle 0.2144
999 1499 983 1498 985 1465 1001 1466 small-vehicle 0.2079
964 1460 947 1459 948 1422 966 1422 small-vehicle 0.2078
11 345 0 344 1 311 14 311 small-vehicle 0.2077
36 955 20 955 21 919 36 920 small-vehicle 0.1909
1021 1456 1005 1456 1006 1419 1022 1419 small-vehicle 0.1770
942 1449 928 1448 931 1414 944 1415 small-vehicle 0.1769
919 1326 936 1326 936 1364 919 1364 small-vehicle 0.1767
918 1366 901 1366 901 1334 918 1334 small-vehicle 0.1391
35 918 20 916 23 879 39 881 small-vehicle 0.1369
926 1499 909 1498 911 1463 928 1464 small-vehicle 0.1224
986 1459 970 1459 971 1422 987 1423 small-vehicle 0.1134
783 1515 702 1511 712 1343 793 1348 tennis-court 0.9998
528 1541 446 1536 456 1369 538 1374 tennis-court 0.9997
657 1509 577 1507 582 1339 663 1342 tennis-court 0.9997
666 1248 585 1244 593 1072 674 1076 tennis-court 0.9996
399 1535 320 1531 329 1363 408 1367 tennis-court 0.9996
790 1254 713 1250 722 1079 799 1083 tennis-court 0.9995
271 1533 195 1529 204 1353 280 1357 tennis-court 0.9994
145 1531 60 1528 66 1347 151 1350 tennis-court 0.9992
1048 1263 966 1260 973 1096 1054 1099 tennis-court 0.9982
921 1268 838 1265 844 1086 927 1088 tennis-court 0.9970
