443 1020 443 1002 483 1001 484 1019 small-vehicle 0.9733
447 996 447 975 494 975 494 995 small-vehicle 0.9042
616 953 596 952 596 910 617 910 small-vehicle 0.4769
510 1031 519 1015 547 1030 539 1046 small-vehicle 0.1181
614 954 595 953 597 911 616 911 large-vehicle 0.3138
471 443 386 440 392 268 477 271 tennis-court 0.9999
603 448 518 445 525 269 610 272 tennis-court 0.9999
463 768 378 765 384 592 469 594 tennis-court 0.9999
763 455 679 452 686 279 770 282 tennis-court 0.9999
338 761 254 757 261 585 345 589 tennis-court 0.9999
593 747 509 745 513 571 597 573 tennis-court 0.9998
733 759 646 759 647 578 735 579 tennis-court 0.9998
436 1008 379 1005 385 878 442 880 tennis-court 0.9784
230 945 232 862 373 865 371 948 tennis-court 0.6205
229 1038 230 946 363 948 362 1039 tennis-court 0.1823
882 743 765 741 768 549 885 551 basketball-court 0.9977
195 786 86 784 89 528 198 529 soccer-ball-field 0.2382
