373 1820 362 1661 545 1649 556 1807 plane 0.9984
179 663 56 583 139 455 262 534 plane 0.9982
3029 1138 3179 1126 3191 1279 3042 1291 plane 0.9970
922 1107 807 1022 913 878 1028 962 plane 0.9970
1392 1393 1377 1232 1575 1213 1591 1374 plane 0.9969
2005 1688 1990 1532 2193 1511 2209 1668 plane 0.9966
2444 212 2595 198 2610 356 2459 370 plane 0.9965
1422 1549 1407 1398 1582 1380 1597 1531 plane 0.9962
2148 406 2284 362 2329 502 2193 546 plane 0.9961
1385 1161 1442 1042 1588 1113 1531 1232 plane 0.9947
859 1364 927 1234 1062 1305 994 1435 plane 0.9946
172 1454 294 1381 373 1514 252 1587 plane 0.9944
176 1018 310 942 390 1081 255 1158 plane 0.9942
631 989 772 982 781 1153 640 1160 plane 0.9927
811 1521 886 1399 1029 1487 954 1609 plane 0.9921
2481 1776 2357 1717 2421 1581 2545 1639 plane 0.9914
144 1230 213 1094 361 1169 293 1305 plane 0.9905
2970 1127 2958 986 3105 974 3116 1115 plane 0.9892
858 1259 839 1131 985 1109 1004 1237 plane 0.9858
2551 1216 2701 1195 2722 1347 2572 1368 plane 0.9823
2615 1098 2491 1032 2566 891 2690 957 plane 0.9808
3147 1439 3272 1422 3292 1575 3167 1591 plane 0.9695
2953 865 3083 793 3158 928 3027 1000 plane 0.9677
2509 1597 2512 1479 2666 1485 2662 1602 plane 0.9576
203 1393 216 1277 343 1292 330 1407 plane 0.7719
3238 277 3233 187 3341 182 3346 271 plane 0.4183
328 997 313 961 355 945 369 980 plane 0.3886
2897 199 3012 183 3029 307 2914 322 plane 0.3225
2545 1910 2547 1866 2630 1868 2629 1912 plane 0.1573
1398 1243 1376 1210 1416 1183 1438 1216 plane 0.1414
660 1342 582 1341 583 1261 660 1262 storage-tank 0.2602
2841 1642 2838 1612 2893 1606 2896 1636 swimming-pool 0.2731
207 1398 213 1281 344 1288 338 1405 helicopter 0.1741
3025 998 2953 872 3082 798 3155 924 helicopter 0.1370
1388 1247 1371 1207 1421 1185 1439 1225 helicopter 0.1159
