463 730 485 721 506 774 484 782 ship 0.9953
555 695 575 688 595 739 575 747 ship 0.9933
429 659 448 653 469 715 450 722 ship 0.9917
426 520 447 514 464 572 443 578 ship 0.9907
656 819 677 812 700 875 679 882 ship 0.9907
455 659 474 651 494 701 475 708 ship 0.9900
488 725 505 715 532 766 515 776 ship 0.9898
1298 727 1299 703 1372 708 1370 732 ship 0.9898
614 834 633 827 654 885 635 892 ship 0.9897
428 911 448 903 469 957 449 965 ship 0.9895
440 454 459 447 477 499 458 505 ship 0.9891
584 839 606 830 629 893 608 901 ship 0.9882
532 706 551 697 572 746 553 755 ship 0.9859
463 448 482 441 499 489 480 496 ship 0.9848
334 561 354 552 376 602 355 610 ship 0.9833
384 683 403 676 425 732 405 739 ship 0.9828
488 501 506 494 526 540 508 548 ship 0.9822
399 535 417 526 440 574 421 583 ship 0.9802
397 914 419 904 445 962 423 972 ship 0.9801
417 464 435 458 452 503 433 510 ship 0.9788
474 890 495 882 517 939 496 947 ship 0.9768
345 706 364 698 383 747 364 754 ship 0.9761
373 478 392 470 411 516 393 524 ship 0.9753
435 304 423 284 485 248 496 268 ship 0.9745
1406 1638 1406 1614 1507 1612 1508 1636 ship 0.9742
1282 966 1282 944 1361 944 1361 966 ship 0.9727
294 583 312 574 333 619 315 628 ship 0.9727
637 827 657 820 677 881 656 887 ship 0.9721
369 764 389 756 410 810 390 818 ship 0.9716
289 370 307 362 327 408 310 416 ship 0.9713
624 612 647 602 680 683 657 693 ship 0.9710
520 642 538 635 557 685 539 692 ship 0.9682
1293 296 1293 274 1379 274 1379 296 ship 0.9644
1294 760 1296 737 1372 742 1371 766 ship 0.9637
518 875 536 868 556 922 538 928 ship 0.9623
472 294 491 286 514 336 495 345 ship 0.9613
547 418 571 409 602 492 578 501 ship 0.9609
350 775 366 768 388 818 371 825 ship 0.9609
706 1319 723 1313 739 1358 722 1364 ship 0.9588
578 685 595 677 617 728 600 735 ship 0.9584
292 511 310 503 331 551 312 559 ship 0.9583
1303 233 1304 208 1384 211 1383 236 ship 0.9580
678 811 695 804 719 864 702 870 ship 0.9574
1305 790 1306 766 1370 770 1369 794 ship 0.9567
1302 263 1303 239 1384 241 1383 266 ship 0.9550
381 545 398 537 422 588 405 596 ship 0.9543
415 749 435 741 456 794 437 802 ship 0.9542
449 522 468 514 487 561 469 569 ship 0.9538
727 1116 718 1095 780 1069 789 1090 ship 0.9529
793 1283 786 1266 833 1247 840 1265 ship 0.9514
331 359 349 350 372 396 354 405 ship 0.9471
494 645 514 638 532 691 512 698 ship 0.9469
500 431 517 422 541 469 524 478 ship 0.9461
1303 872 1303 850 1366 851 1366 873 ship 0.9457
410 677 428 671 445 723 427 729 ship 0.9451
686 979 678 962 732 938 740 955 ship 0.9428
368 337 388 327 411 375 391 385 ship 0.9422
358 553 378 545 398 592 378 600 ship 0.9410
728 1313 743 1307 763 1348 748 1355 ship 0.9387
468 513 485 506 505 551 487 559 ship 0.9378
225 392 243 385 264 438 246 445 ship 0.9373
325 716 341 708 361 755 345 762 ship 0.9364
198 404 216 396 238 444 219 453 ship 0.9312
508 709 526 701 549 751 530 760 ship 0.9289
696 996 689 979 737 959 744 976 ship 0.9285
1292 530 1294 502 1369 507 1367 534 ship 0.9226
543 865 562 857 582 907 564 915 ship 0.9223
394 331 412 323 432 367 415 375 ship 0.9189
320 793 343 781 376 844 354 856 ship 0.9183
670 1002 685 995 700 1031 685 1037 ship 0.9171
782 1564 775 1546 824 1528 830 1545 ship 0.9154
311 362 326 354 348 400 332 408 ship 0.9148
731 1255 748 1248 763 1286 747 1293 ship 0.9099
806 1629 798 1611 844 1592 851 1610 ship 0.8985
697 1268 712 1261 728 1299 713 1305 ship 0.8976
438 737 459 729 479 782 458 790 ship 0.8964
229 539 245 532 264 577 247 584 ship 0.8961
1305 1077 1306 1059 1361 1061 1360 1079 ship 0.8885
749 1165 741 1147 801 1120 809 1138 ship 0.8855
777 1262 769 1243 824 1222 831 1240 ship 0.8846
792 1350 786 1330 842 1312 849 1332 ship 0.8814
1321 679 1321 660 1375 662 1374 680 ship 0.8806
790 1587 784 1570 835 1552 841 1569 ship 0.8796
424 273 416 255 478 230 485 248 ship 0.8779
1316 401 1317 381 1375 382 1375 402 ship 0.8753
634 967 647 961 665 995 652 1001 ship 0.8745
1308 1106 1309 1086 1360 1088 1359 1108 ship 0.8738
417 321 434 314 453 362 436 368 ship 0.8721
704 1147 717 1142 730 1178 717 1183 ship 0.8692
621 1126 636 1120 651 1157 636 1163 ship 0.8678
270 520 287 513 307 562 290 569 ship 0.8656
619 667 637 659 659 710 641 718 ship 0.8644
541 628 558 622 576 674 559 680 ship 0.8642
303 723 322 716 338 761 319 768 ship 0.8627
697 803 719 795 741 855 719 863 ship 0.8498
682 956 675 939 720 919 727 936 ship 0.8482
566 1042 582 1036 595 1070 580 1076 ship 0.8481
665 1282 680 1277 692 1313 676 1318 ship 0.8352
682 1102 697 1096 712 1130 698 1136 ship 0.8209
654 1344 668 1337 687 1373 674 1380 ship 0.8165
1306 934 1307 916 1363 918 1362 937 ship 0.8140
524 416 542 410 561 469 543 475 ship 0.8065
510 492 526 485 548 530 532 538 ship 0.8039
437 312 455 303 478 352 460 360 ship 0.7984
585 1035 600 1029 613 1063 598 1068 ship 0.7949
606 980 623 973 638 1010 620 1017 ship 0.7909
587 987 603 980 619 1016 603 1023 ship 0.7795
726 1447 743 1440 762 1484 745 1491 ship 0.7777
624 921 618 905 658 888 665 905 ship 0.7706
580 618 597 611 615 657 598 664 ship 0.7690
394 760 412 753 432 802 414 810 ship 0.7639
609 1024 621 1019 639 1056 626 1062 ship 0.7588
555 1002 570 995 585 1028 570 1035 ship 0.7510
1319 363 1316 340 1377 332 1380 356 ship 0.7506
312 506 329 499 348 544 331 552 ship 0.7415
601 674 616 668 636 721 621 727 ship 0.7390
543 476 562 467 585 515 567 524 ship 0.7277
600 606 622 600 636 654 614 660 ship 0.7109
687 1331 701 1325 715 1365 701 1370 ship 0.7016
663 1109 679 1102 695 1136 679 1143 ship 0.6995
1313 322 1313 304 1381 304 1381 323 ship 0.6973
702 1021 694 1003 745 981 753 999 ship 0.6786
496 281 514 272 537 319 518 328 ship 0.6536
1303 622 1302 600 1374 596 1375 618 ship 0.6285
169 417 183 411 199 447 184 453 ship 0.6261
1298 1042 1296 1021 1361 1017 1363 1037 ship 0.5934
545 1052 559 1047 570 1078 555 1083 ship 0.5908
628 1021 643 1014 657 1045 643 1051 ship 0.5809
335 494 354 488 371 541 352 547 ship 0.5752
536 1009 552 1002 566 1033 550 1040 ship 0.5697
835 1709 827 1693 871 1671 879 1687 ship 0.4571
645 1288 662 1282 673 1316 656 1322 ship 0.4549
642 1016 656 1009 672 1041 657 1048 ship 0.4348
354 490 369 483 391 531 376 538 ship 0.3262
1443 1604 1444 1581 1512 1586 1510 1609 ship 0.2730
1311 575 1311 560 1378 561 1378 576 ship 0.2525
794 1426 809 1422 821 1465 805 1469 ship 0.2254
655 962 667 957 680 987 667 992 ship 0.2030
671 1335 686 1330 702 1373 687 1379 ship 0.2013
1300 815 1300 793 1371 793 1371 816 ship 0.1920
1353 75 1335 74 1341 0 1359 2 ship 0.1573
1317 208 1318 192 1376 195 1375 211 ship 0.1539
1311 632 1312 618 1381 620 1381 634 ship 0.1537
292 -8 328 -24 401 144 365 160 ship 0.1309
1447 1585 1448 1561 1516 1564 1515 1588 ship 0.1062
322 1100 359 1086 390 1167 354 1181 tennis-court 0.9979
226 1080 224 1000 315 997 317 1078 roundabout 0.7229
599 1231 565 1143 746 1074 779 1163 harbor 0.9745
267 644 226 540 557 407 599 510 harbor 0.9624
1336 1403 1417 1334 1495 1426 1414 1495 harbor 0.9591
344 834 301 729 629 596 672 701 harbor 0.9513
521 1104 488 1022 733 923 766 1006 harbor 0.9268
1427 149 1428 133 1546 137 1546 154 harbor 0.9160
722 1549 683 1462 800 1410 839 1496 harbor 0.9138
1297 1218 1297 1141 1396 1142 1395 1219 harbor 0.9110
649 1397 609 1295 803 1219 843 1321 harbor 0.8397
390 1005 362 929 733 789 761 865 harbor 0.7280
253 -1 331 -36 442 217 363 251 harbor 0.4387
170 482 143 417 541 249 568 313 harbor 0.4278
1439 1636 1437 1550 1553 1548 1555 1634 harbor 0.3879
1275 256 1377 252 1406 1194 1304 1197 harbor 0.2584
697 1460 713 1453 730 1494 714 1501 harbor 0.2059
1358 94 1322 87 1347 -26 1383 -18 harbor 0.1691
2 89 -4 72 162 3 169 21 harbor 0.1641
743 1510 815 1482 892 1684 821 1711 harbor 0.1155
1393 1666 1394 1629 1563 1635 1561 1672 harbor 0.1001
439 1166 431 1141 477 1126 485 1151 swimming-pool 0.7778
