608 637 806 518 926 720 728 838 baseball-diamond 0.9867
424 1406 338 1196 560 1105 647 1314 baseball-diamond 0.9605
42 1182 35 1161 77 1147 84 1168 small-vehicle 0.8747
846 204 839 187 875 172 882 190 small-vehicle 0.8516
22 1318 32 1300 65 1318 56 1335 small-vehicle 0.7986
11 447 -3 434 24 402 39 415 small-vehicle 0.7137
50 303 70 297 82 339 62 345 small-vehicle 0.7081
6 1355 15 1339 51 1359 41 1376 small-vehicle 0.6586
13 1336 22 1318 57 1335 48 1353 small-vehicle 0.6448
851 227 844 209 883 195 889 213 small-vehicle 0.6338
170 335 191 329 202 367 181 373 small-vehicle 0.6050
29 1300 39 1279 70 1296 60 1316 small-vehicle 0.6014
841 185 830 167 863 147 874 164 small-vehicle 0.6003
34 1159 28 1142 66 1129 72 1146 small-vehicle 0.5801
49 1202 43 1184 76 1172 83 1191 small-vehicle 0.5769
149 483 133 469 164 436 179 450 small-vehicle 0.5596
214 340 235 335 245 376 224 381 small-vehicle 0.4723
38 1280 51 1258 83 1277 71 1299 small-vehicle 0.4715
33 457 17 444 48 402 65 415 small-vehicle 0.4583
17 1120 7 1101 44 1084 53 1103 small-vehicle 0.4351
47 1225 41 1204 77 1194 83 1215 small-vehicle 0.4266
106 469 91 456 118 423 133 436 small-vehicle 0.4131
-5 1375 5 1356 40 1376 29 1395 small-vehicle 0.4047
29 1141 20 1119 57 1104 66 1126 small-vehicle 0.4030
64 450 50 439 70 413 84 424 small-vehicle 0.3908
77 466 63 452 94 422 108 436 small-vehicle 0.3849
123 320 143 314 155 354 136 360 small-vehicle 0.3845
55 1241 49 1223 86 1212 91 1230 small-vehicle 0.3838
80 305 99 303 104 347 86 349 small-vehicle 0.3597
3 306 22 298 40 339 21 347 small-vehicle 0.3419
28 298 46 294 56 337 39 341 small-vehicle 0.2875
48 1263 61 1239 90 1254 77 1278 small-vehicle 0.2628
667 248 683 240 701 278 686 285 small-vehicle 0.2229
205 489 185 476 206 444 226 457 small-vehicle 0.2227
398 504 414 498 427 531 411 538 small-vehicle 0.2087
749 55 743 40 777 26 784 41 small-vehicle 0.2017
683 237 699 229 720 268 703 277 small-vehicle 0.1942
724 222 746 215 758 258 736 264 small-vehicle 0.1368
221 497 206 483 239 447 253 461 small-vehicle 0.1356
1014 927 1054 911 1102 1032 1062 1048 large-vehicle 0.3182
29 300 46 296 57 338 40 343 ship 0.1917
80 307 99 305 103 346 84 348 ship 0.1466
2 306 22 298 40 338 19 347 ship 0.1371
1000 392 1082 357 1152 522 1070 556 tennis-court 0.9998
1105 649 1187 615 1254 780 1173 813 tennis-court 0.9998
1009 684 1091 653 1154 819 1072 850 tennis-court 0.9997
907 426 990 394 1053 559 971 591 tennis-court 0.9996
1110 941 1190 909 1259 1078 1179 1111 tennis-court 0.9994
1205 905 1287 871 1358 1044 1275 1078 tennis-court 0.9961
