117 129 118 93 532 107 531 143 bridge 0.4328
857 493 869 486 890 525 878 532 large-vehicle 0.5921
239 686 259 685 262 745 242 746 ship 0.9710
132 772 149 770 153 823 136 824 ship 0.9698
434 551 433 530 488 526 490 547 ship 0.9685
428 411 427 388 507 383 509 406 ship 0.9652
510 1225 534 1223 540 1303 516 1305 ship 0.9635
440 509 439 489 497 484 498 505 ship 0.9625
323 907 344 904 351 955 331 958 ship 0.9595
267 759 286 758 289 820 271 821 ship 0.9564
403 1702 437 1700 442 1822 409 1823 ship 0.9491
214 691 231 690 234 741 217 742 ship 0.9491
200 763 216 762 218 817 202 818 ship 0.9469
247 252 265 250 273 325 255 327 ship 0.9443
154 770 173 768 177 818 159 820 ship 0.9438
283 688 305 686 308 744 287 746 ship 0.9425
281 904 299 902 303 946 284 947 ship 0.9407
264 689 282 689 284 740 266 741 ship 0.9391
436 487 432 463 502 453 505 477 ship 0.9388
246 1325 261 1325 261 1368 247 1369 ship 0.9365
430 440 427 420 505 411 507 430 ship 0.9342
243 907 260 906 263 949 247 950 ship 0.9341
309 758 329 757 332 805 312 806 ship 0.9340
569 667 588 666 592 708 572 710 ship 0.9280
443 577 442 558 498 553 500 572 ship 0.9278
179 913 193 912 197 952 182 953 ship 0.9272
232 1147 248 1146 249 1191 233 1192 ship 0.9268
127 702 142 701 145 749 129 750 ship 0.9248
286 1141 302 1140 305 1187 289 1189 ship 0.9241
112 545 132 543 137 598 117 600 ship 0.9223
124 467 144 466 145 525 126 526 ship 0.9201
319 1581 338 1579 343 1621 324 1623 ship 0.9190
286 957 303 956 305 1003 288 1004 ship 0.9188
229 539 246 538 247 584 231 585 ship 0.9165
200 912 217 910 221 953 204 954 ship 0.9150
223 1273 237 1272 240 1315 226 1316 ship 0.9138
174 766 193 764 199 818 180 820 ship 0.9135
194 693 211 692 213 744 197 745 ship 0.9099
261 1086 277 1083 284 1129 267 1131 ship 0.9080
338 1315 355 1314 358 1359 341 1360 ship 0.9073
534 672 552 671 554 712 537 714 ship 0.9069
678 1597 697 1596 699 1638 680 1639 ship 0.9054
282 1324 298 1323 299 1365 283 1366 ship 0.9040
188 1096 204 1095 206 1136 191 1137 ship 0.9031
148 699 166 699 167 750 149 750 ship 0.9017
605 661 625 660 628 711 608 712 ship 0.9009
189 1334 205 1334 206 1373 189 1373 ship 0.8991
173 700 191 699 191 747 174 747 ship 0.8952
255 531 271 531 272 584 257 584 ship 0.8937
247 757 264 756 266 812 249 812 ship 0.8914
258 1268 275 1267 279 1309 262 1311 ship 0.8910
551 670 570 667 577 708 557 711 ship 0.8904
131 1097 148 1096 152 1143 134 1144 ship 0.8817
310 956 329 954 332 1001 313 1002 ship 0.8781
184 536 201 536 202 588 185 588 ship 0.8772
224 1092 242 1090 246 1132 228 1134 ship 0.8748
532 722 547 721 548 757 533 758 ship 0.8738
156 1154 171 1153 172 1196 158 1197 ship 0.8717
277 536 295 534 300 579 282 582 ship 0.8714
442 275 440 257 481 253 483 271 ship 0.8714
247 961 262 960 263 1002 248 1002 ship 0.8683
244 459 261 458 263 515 247 515 ship 0.8576
380 1623 358 1622 360 1574 382 1575 ship 0.8570
209 1094 225 1093 229 1134 213 1136 ship 0.8565
238 1273 256 1271 261 1310 243 1312 ship 0.8508
277 298 297 297 299 337 279 338 ship 0.8503
639 717 659 716 661 754 642 755 ship 0.8473
151 465 173 463 177 521 155 523 ship 0.8459
566 1606 582 1605 583 1650 567 1650 ship 0.8429
351 1258 368 1257 371 1300 354 1301 ship 0.8428
162 920 177 919 179 960 164 961 ship 0.8421
302 1086 318 1085 320 1128 303 1128 ship 0.8388
185 1277 201 1277 203 1317 186 1317 ship 0.8386
221 911 236 910 239 953 224 954 ship 0.8363
223 760 239 759 241 806 225 807 ship 0.8361
283 1087 298 1086 299 1127 283 1127 ship 0.8338
223 1441 241 1439 246 1476 228 1478 ship 0.8325
297 1582 313 1580 316 1618 301 1620 ship 0.8323
163 1276 181 1274 186 1320 168 1322 ship 0.8302
171 344 169 324 220 320 222 340 ship 0.8284
316 1322 333 1321 335 1366 319 1367 ship 0.8261
210 1148 228 1147 232 1191 214 1193 ship 0.8209
269 450 287 450 289 508 271 509 ship 0.8147
624 1605 644 1604 646 1643 626 1644 ship 0.8083
340 1085 360 1085 362 1159 342 1159 ship 0.7979
363 1315 385 1313 387 1360 365 1361 ship 0.7970
482 722 502 721 503 761 483 762 ship 0.7946
512 671 531 670 533 709 514 710 ship 0.7924
275 1269 294 1267 298 1312 279 1314 ship 0.7903
304 899 321 898 322 946 306 947 ship 0.7880
685 1070 705 1068 710 1106 690 1109 ship 0.7832
640 1123 661 1121 664 1158 642 1159 ship 0.7804
263 906 281 905 282 951 265 951 ship 0.7745
660 1599 678 1597 682 1640 665 1642 ship 0.7735
632 856 650 855 653 889 635 891 ship 0.7688
253 1146 268 1146 268 1187 253 1187 ship 0.7681
516 725 534 724 535 761 518 761 ship 0.7605
289 756 304 755 307 807 292 807 ship 0.7485
617 1079 636 1076 644 1113 624 1117 ship 0.7458
245 1090 262 1087 268 1132 251 1134 ship 0.7382
365 1517 347 1515 353 1469 370 1470 ship 0.7297
335 1263 350 1262 352 1306 337 1307 ship 0.7282
202 966 222 965 225 1010 205 1011 ship 0.7259
175 1450 194 1447 199 1481 180 1483 ship 0.7257
223 456 240 455 241 516 224 516 ship 0.7254
587 1603 604 1602 609 1645 591 1647 ship 0.7242
185 969 202 968 202 1008 185 1008 ship 0.7159
225 965 241 965 242 1007 225 1007 ship 0.7045
193 1149 209 1147 213 1187 197 1189 ship 0.7040
442 249 440 231 478 226 480 245 ship 0.7009
494 667 508 667 509 713 495 714 ship 0.6998
523 1121 540 1119 544 1168 526 1170 ship 0.6958
186 158 201 157 203 195 188 196 ship 0.6900
735 1332 757 1330 762 1368 740 1371 ship 0.6877
483 1399 469 1399 469 1362 483 1362 ship 0.6875
174 1095 191 1095 192 1140 175 1140 ship 0.6837
321 1136 339 1133 346 1183 329 1185 ship 0.6812
267 1142 282 1141 284 1183 269 1183 ship 0.6800
586 1084 607 1081 613 1117 592 1120 ship 0.6756
612 817 629 815 635 851 617 854 ship 0.6721
649 706 629 706 629 663 649 664 ship 0.6664
543 1348 561 1347 563 1395 545 1396 ship 0.6642
591 555 590 537 644 534 645 553 ship 0.6621
577 755 560 755 561 720 578 721 ship 0.6539
666 807 687 806 689 845 669 847 ship 0.6537
219 241 239 239 241 273 222 274 ship 0.6488
657 1208 681 1204 686 1244 663 1247 ship 0.6453
557 822 580 820 583 860 560 862 ship 0.6435
647 813 665 811 667 849 650 850 ship 0.6426
610 1127 633 1125 635 1158 613 1159 ship 0.6258
569 950 597 948 599 987 571 989 ship 0.6250
595 820 615 818 620 856 599 858 ship 0.5977
570 1462 590 1460 596 1521 576 1523 ship 0.5824
188 241 210 238 214 276 192 278 ship 0.5816
206 538 223 537 225 587 207 588 ship 0.5773
611 719 631 718 633 751 613 752 ship 0.5674
537 465 555 463 561 515 543 517 ship 0.5561
202 1276 217 1275 220 1317 205 1318 ship 0.5550
530 951 552 950 556 1014 534 1016 ship 0.5369
197 460 214 459 217 518 200 519 ship 0.5324
301 515 327 512 335 572 310 576 ship 0.5218
221 276 242 274 249 335 228 338 ship 0.5063
230 1487 249 1485 252 1521 233 1522 ship 0.5055
719 1255 743 1254 744 1286 721 1287 ship 0.4929
470 851 488 849 493 905 475 907 ship 0.4907
134 1159 151 1158 153 1198 136 1199 ship 0.4882
630 809 648 806 653 848 635 851 ship 0.4836
640 1604 656 1603 660 1647 643 1648 ship 0.4681
106 769 123 768 126 825 110 826 ship 0.4673
551 1484 569 1482 573 1527 555 1529 ship 0.4418
173 1337 188 1336 189 1376 174 1376 ship 0.4346
161 540 177 540 179 590 162 590 ship 0.4330
166 967 182 967 182 1011 167 1011 ship 0.4233
714 1336 733 1333 739 1373 719 1376 ship 0.4130
124 978 142 978 143 1023 125 1023 ship 0.4109
575 720 593 720 593 753 575 754 ship 0.4020
385 1517 369 1517 370 1472 386 1472 ship 0.4005
227 1329 244 1329 245 1369 228 1370 ship 0.3863
174 1152 190 1151 194 1191 177 1192 ship 0.3813
335 1131 321 1131 321 1086 336 1086 ship 0.3784
553 1246 574 1245 576 1297 555 1297 ship 0.3481
440 329 438 308 485 302 488 323 ship 0.3275
154 1336 172 1335 175 1377 157 1378 ship 0.2974
451 454 449 436 505 432 506 450 ship 0.2904
104 704 122 702 127 752 109 754 ship 0.2832
301 1140 319 1138 323 1180 306 1182 ship 0.2513
589 661 602 660 605 710 591 711 ship 0.2282
265 1322 281 1322 282 1368 266 1368 ship 0.2103
126 212 148 210 151 243 129 245 ship 0.1932
771 1787 769 1767 862 1758 864 1777 ship 0.1709
539 1597 562 1597 564 1647 541 1648 ship 0.1609
168 303 166 281 213 277 215 299 ship 0.1545
512 969 529 967 534 1033 517 1034 ship 0.1452
454 663 473 662 478 729 460 731 ship 0.1091
322 1267 337 1267 337 1308 323 1309 ship 0.1032
525 1174 517 1085 763 1062 772 1151 harbor 0.9882
497 915 488 820 731 799 739 894 harbor 0.9876
520 1309 512 1219 786 1195 794 1285 harbor 0.9813
126 1207 117 1094 339 1074 349 1188 harbor 0.9770
549 1530 545 1458 827 1440 832 1512 harbor 0.9724
549 1430 542 1346 812 1324 818 1409 harbor 0.9724
527 1042 521 951 752 934 759 1025 harbor 0.9723
456 773 447 670 717 647 726 750 harbor 0.9703
556 1658 547 1567 834 1539 843 1630 harbor 0.9639
170 1529 165 1447 382 1434 386 1516 harbor 0.9515
140 1388 130 1276 383 1253 393 1364 harbor 0.9048
79 607 67 465 323 444 334 587 harbor 0.8992
87 837 73 685 323 663 336 814 harbor 0.8878
124 1025 117 909 348 894 355 1010 harbor 0.7803
706 1693 705 1675 872 1663 874 1682 harbor 0.4529
156 229 251 226 255 354 160 357 harbor 0.2981
268 1570 387 1563 400 1774 280 1782 harbor 0.2885
