99 93 84 86 103 49 118 57 small-vehicle 0.8597
69 173 56 168 68 140 80 145 small-vehicle 0.8421
52 227 35 221 47 184 65 190 small-vehicle 0.7431
82 137 67 130 84 95 99 102 small-vehicle 0.7404
711 49 692 41 708 5 727 14 small-vehicle 0.4086
6 354 -9 348 4 312 20 318 small-vehicle 0.3069
370 648 293 609 375 445 452 484 tennis-court 0.9999
442 380 367 342 448 180 524 218 tennis-court 0.9999
653 488 577 449 660 289 736 328 tennis-court 0.9999
550 740 475 701 556 545 631 584 tennis-court 0.9999
750 540 674 501 758 335 834 375 tennis-court 0.9999
641 788 565 749 648 589 724 628 tennis-court 0.9998
459 694 384 655 466 496 542 536 tennis-court 0.9998
555 439 479 400 558 245 634 284 tennis-court 0.9997
279 598 201 555 285 401 363 443 tennis-court 0.9997
436 990 353 947 435 789 518 832 tennis-court 0.9994
518 1046 436 1003 525 834 606 877 tennis-court 0.9993
347 937 269 900 343 743 422 780 tennis-court 0.9993
354 337 287 303 370 139 437 173 tennis-court 0.9992
249 897 179 856 272 700 341 741 tennis-court 0.9853
636 1085 589 1067 638 941 685 959 tennis-court 0.1433
674 1101 627 1076 686 965 733 989 tennis-court 0.1084
674 1100 629 1075 689 967 734 992 basketball-court 0.1616
