1111 66 1106 45 1147 35 1152 56 small-vehicle 0.9625
1031 159 1028 141 1066 134 1069 151 small-vehicle 0.9624
1066 316 1061 298 1096 288 1101 306 small-vehicle 0.9601
1081 399 1077 380 1120 371 1124 390 small-vehicle 0.9379
1047 230 1041 210 1081 197 1088 217 small-vehicle 0.9354
1035 184 1031 167 1067 159 1071 176 small-vehicle 0.8855
1106 24 1101 6 1140 -3 1144 14 small-vehicle 0.8656
1042 205 1036 188 1071 177 1077 194 small-vehicle 0.5804
1072 584 1074 564 1129 567 1128 588 small-vehicle 0.2131
390 229 482 207 528 400 437 422 tennis-court 0.9999
759 147 850 127 894 323 803 343 tennis-court 0.9999
271 257 364 235 410 426 318 449 tennis-court 0.9999
877 123 967 103 1011 295 921 315 tennis-court 0.9999
639 172 734 151 777 347 683 368 tennis-court 0.9998
512 207 604 186 647 375 555 396 tennis-court 0.9998
152 282 244 261 289 451 197 473 tennis-court 0.9998
