899 369 808 368 811 185 902 187 tennis-court 0.9999
1426 593 1515 593 1515 772 1426 772 tennis-court 0.9999
238 563 326 562 326 745 239 745 tennis-court 0.9999
1088 396 1002 395 1005 213 1090 214 tennis-court 0.9998
1234 402 1144 400 1147 215 1238 216 tennis-court 0.9998
754 369 668 369 669 185 756 185 tennis-court 0.9998
1370 771 1285 770 1288 583 1373 585 tennis-court 0.9998
1035 722 947 721 951 536 1039 538 tennis-court 0.9997
1179 723 1092 722 1094 541 1181 542 tennis-court 0.9997
606 368 521 366 525 183 610 185 tennis-court 0.9995
696 835 607 833 611 639 700 641 tennis-court 0.9995
1357 1120 1265 1118 1268 930 1360 932 tennis-court 0.9992
1156 1059 1065 1059 1066 859 1157 860 tennis-court 0.9990
1500 1123 1412 1122 1414 929 1503 930 tennis-court 0.9987
555 824 465 823 467 633 556 633 tennis-court 0.9959
891 736 803 735 807 527 894 529 tennis-court 0.9409
350 349 402 347 404 408 353 411 swimming-pool 0.1260
