873 642 889 640 892 676 876 677 small-vehicle 0.1420
387 201 452 168 520 302 454 335 tennis-court 0.9424
308 242 374 210 435 333 370 365 tennis-court 0.5212
227 457 320 411 400 569 307 616 basketball-court 0.9973
150 295 243 250 313 396 220 440 basketball-court 0.9973
307 628 408 580 483 737 383 785 basketball-court 0.9965
437 361 530 310 614 464 521 515 basketball-court 0.9955
335 410 433 363 506 514 408 561 basketball-court 0.9951
416 579 508 534 582 683 490 728 basketball-court 0.9942
525 526 618 483 684 625 592 668 basketball-court 0.9895
