754 330 746 315 777 298 785 313 small-vehicle 0.2517
665 189 675 176 707 198 698 212 small-vehicle 0.2281
829 571 812 564 828 527 845 535 small-vehicle 0.1876
682 170 693 158 717 179 706 191 small-vehicle 0.1507
897 439 910 427 935 451 922 464 small-vehicle 0.1366
988 328 984 308 1022 299 1027 318 small-vehicle 0.1169
917 1613 949 1596 1001 1696 968 1713 ship 0.9981
748 1152 773 1141 807 1215 782 1227 ship 0.9970
480 999 502 988 532 1049 511 1060 ship 0.9967
638 903 662 891 695 958 671 970 ship 0.9965
271 401 291 390 322 445 302 456 ship 0.9962
380 690 405 679 442 762 418 773 ship 0.9960
459 656 484 643 521 714 497 727 ship 0.9960
189 541 213 528 255 608 231 621 ship 0.9958
458 771 483 757 522 827 497 841 ship 0.9957
338 360 360 349 393 412 372 424 ship 0.9956
237 411 262 399 296 469 271 481 ship 0.9955
423 421 445 409 482 474 460 486 ship 0.9951
517 1087 536 1076 571 1133 553 1144 ship 0.9951
228 520 252 506 295 585 271 598 ship 0.9951
305 378 329 366 361 429 338 441 ship 0.9950
668 996 689 984 720 1040 699 1052 ship 0.9949
849 1516 873 1501 921 1576 896 1591 ship 0.9945
689 1198 710 1187 741 1245 719 1256 ship 0.9937
395 805 417 792 454 860 432 873 ship 0.9934
301 475 330 459 375 541 346 557 ship 0.9933
542 1065 563 1053 595 1109 574 1121 ship 0.9930
382 435 408 423 443 500 417 512 ship 0.9903
532 732 557 717 601 789 576 804 ship 0.9899
429 1015 449 1002 492 1070 472 1083 ship 0.9898
575 940 599 928 634 994 611 1006 ship 0.9895
459 392 483 383 513 469 488 477 ship 0.9889
55 516 89 496 176 647 142 667 ship 0.9887
177 448 199 436 231 497 209 509 ship 0.9887
577 1044 598 1031 633 1088 611 1101 ship 0.9879
397 328 419 317 448 378 426 389 ship 0.9877
112 482 132 472 162 533 143 542 ship 0.9875
665 1315 689 1303 736 1391 712 1403 ship 0.9869
483 1097 503 1086 535 1140 516 1152 ship 0.9869
890 1187 916 1174 959 1257 933 1270 ship 0.9869
206 432 229 420 263 485 239 497 ship 0.9867
309 737 338 723 375 800 346 813 ship 0.9863
1023 1549 1042 1537 1073 1587 1054 1599 ship 0.9861
936 1466 963 1453 1003 1541 975 1554 ship 0.9860
228 782 262 765 320 882 286 899 ship 0.9853
738 1268 766 1253 813 1346 785 1360 ship 0.9846
774 1557 802 1543 846 1626 817 1641 ship 0.9844
139 471 162 458 195 518 172 530 ship 0.9841
783 1142 806 1130 839 1194 815 1206 ship 0.9820
623 1342 655 1325 702 1416 670 1433 ship 0.9801
143 568 167 554 208 626 184 640 ship 0.9754
632 1016 654 1002 688 1053 667 1068 ship 0.9732
650 1227 667 1215 698 1262 680 1273 ship 0.9731
508 981 534 968 566 1030 541 1044 ship 0.9728
831 1659 861 1644 909 1736 879 1752 ship 0.9720
991 1566 1012 1554 1052 1623 1030 1635 ship 0.9709
736 1629 776 1606 856 1744 816 1767 ship 0.9707
1053 1528 1073 1519 1099 1577 1080 1586 ship 0.9555
538 1283 566 1266 617 1349 588 1367 ship 0.9538
378 355 397 345 421 389 402 399 ship 0.9492
320 853 346 839 384 909 358 923 ship 0.9212
421 299 444 288 478 363 455 374 ship 0.9196
713 980 730 971 755 1021 738 1029 ship 0.9109
729 959 752 947 781 1006 758 1018 ship 0.8612
96 310 86 286 149 260 159 285 ship 0.8399
167 65 144 45 199 -18 222 1 ship 0.8373
463 311 476 303 501 347 488 355 ship 0.1495
1234 138 1206 138 1207 108 1235 109 storage-tank 0.8560
500 1165 419 1022 729 848 810 991 harbor 0.9506
148 660 60 495 453 286 541 452 harbor 0.9355
645 1416 562 1260 879 1091 962 1247 harbor 0.8769
841 1777 722 1591 1053 1379 1172 1565 harbor 0.8653
334 921 250 764 596 580 680 736 harbor 0.8359
1040 843 1112 809 1177 946 1105 980 swimming-pool 0.2384
