1903 140 1850 127 1871 45 1924 59 small-vehicle 0.2312
1436 957 1457 925 1530 976 1509 1007 ship 0.7993
1531 1143 1491 1121 1553 1007 1594 1029 ship 0.7947
868 719 841 691 908 628 934 657 ship 0.7503
1719 1228 1682 1213 1724 1113 1760 1129 ship 0.7471
2759 1439 2807 1434 2814 1505 2766 1510 ship 0.6362
459 449 485 415 573 482 546 517 ship 0.5182
347 839 307 802 371 733 410 770 ship 0.4938
3880 1646 3950 1639 3961 1753 3891 1760 ship 0.4619
2552 1416 2606 1406 2624 1509 2571 1519 ship 0.4418
276 286 303 244 390 300 363 342 ship 0.4268
242 687 303 683 312 840 251 844 ship 0.3946
1584 1377 1558 1356 1610 1289 1637 1310 ship 0.3705
4186 1405 4185 1350 4298 1348 4299 1403 ship 0.2877
2863 1588 2962 1574 3003 1879 2903 1893 ship 0.2564
328 618 360 574 445 637 412 681 ship 0.2370
2690 1604 2763 1599 2780 1848 2706 1853 ship 0.2333
2875 1448 2926 1442 2949 1629 2898 1635 ship 0.2225
528 1016 284 863 542 453 786 607 ship 0.2057
1151 1701 1119 1687 1158 1591 1191 1604 ship 0.2029
750 948 728 927 820 829 842 850 ship 0.2019
282 678 369 644 403 732 315 766 ship 0.1947
747 578 776 550 839 614 809 643 ship 0.1797
1716 2070 1682 2046 1752 1946 1786 1970 ship 0.1714
2645 1371 2697 1354 2729 1452 2677 1469 ship 0.1500
2767 1663 2817 1659 2833 1873 2783 1877 ship 0.1384
2792 1526 2873 1518 2908 1877 2828 1885 ship 0.1244
1817 1288 1791 1271 1839 1195 1865 1211 ship 0.1089
3 1456 57 1453 63 1561 10 1564 ship 0.1054
1745 143 1640 142 1641 29 1747 30 storage-tank 0.8173
4541 1667 4426 1664 4435 1357 4550 1360 harbor 0.8505
3168 1461 3293 1456 3304 1699 3179 1705 harbor 0.5484
3583 1445 3695 1437 3708 1615 3596 1623 harbor 0.4407
59 137 152 133 189 938 96 942 harbor 0.3446
4164 1357 4288 1343 4324 1676 4200 1690 harbor 0.2532
