383 275 396 262 438 302 425 315 ship 0.9983
583 697 596 683 646 728 632 743 ship 0.9983
366 292 379 278 421 318 407 332 ship 0.9978
654 624 669 610 712 656 697 670 ship 0.9978
596 567 611 552 655 598 641 612 ship 0.9976
516 443 528 430 567 466 555 479 ship 0.9976
871 722 885 708 927 749 913 763 ship 0.9976
477 373 490 358 537 399 524 414 ship 0.9974
544 404 558 390 603 433 588 448 ship 0.9973
561 710 576 695 623 742 608 757 ship 0.9971
526 638 540 625 588 671 575 685 ship 0.9970
549 730 563 716 605 758 591 772 ship 0.9970
668 608 683 592 732 637 717 653 ship 0.9968
494 678 508 663 553 706 539 721 ship 0.9968
612 550 626 535 674 579 660 595 ship 0.9967
542 624 556 608 604 653 590 668 ship 0.9966
807 792 821 778 863 819 849 833 ship 0.9964
685 592 697 576 749 615 737 631 ship 0.9963
942 1195 954 1183 993 1221 981 1234 ship 0.9963
652 841 666 829 703 869 690 881 ship 0.9962
575 581 590 567 636 614 622 628 ship 0.9962
353 308 365 295 405 333 392 346 ship 0.9961
599 675 613 661 658 707 644 721 ship 0.9961
790 808 804 795 846 836 833 850 ship 0.9960
836 652 849 640 886 678 874 690 ship 0.9960
981 800 994 786 1044 829 1031 844 ship 0.9960
973 923 985 910 1020 941 1008 954 ship 0.9959
454 712 469 696 517 740 503 755 ship 0.9957
515 770 530 755 573 799 558 813 ship 0.9956
631 535 644 520 696 564 683 579 ship 0.9954
635 862 647 847 691 885 678 900 ship 0.9954
704 571 717 555 769 598 755 614 ship 0.9953
636 644 651 629 699 675 684 690 ship 0.9952
770 828 784 812 828 852 815 867 ship 0.9951
1022 1030 1034 1019 1066 1051 1055 1062 ship 0.9949
820 672 834 658 875 698 861 712 ship 0.9949
663 819 679 804 726 852 710 867 ship 0.9948
1067 1074 1078 1062 1108 1092 1097 1103 ship 0.9947
425 422 438 409 482 454 469 466 ship 0.9947
734 758 748 743 791 783 777 798 ship 0.9946
482 483 493 468 535 503 523 517 ship 0.9942
855 738 870 725 905 764 890 777 ship 0.9935
807 994 821 980 858 1020 845 1033 ship 0.9932
661 491 675 475 726 523 711 539 ship 0.9931
822 772 836 758 879 801 865 815 ship 0.9929
529 747 544 733 586 777 572 791 ship 0.9927
908 892 922 879 960 916 947 930 ship 0.9926
1006 889 1018 877 1051 910 1039 922 ship 0.9923
975 827 988 812 1031 850 1017 865 ship 0.9921
563 605 577 591 619 632 605 646 ship 0.9919
475 693 489 679 535 725 521 739 ship 0.9919
492 783 506 769 554 816 540 831 ship 0.9919
990 906 1002 893 1039 928 1027 941 ship 0.9918
785 706 797 691 844 731 832 746 ship 0.9918
323 344 336 331 376 369 364 382 ship 0.9917
645 515 658 500 707 542 694 557 ship 0.9916
854 636 866 622 910 664 897 678 ship 0.9910
724 553 738 538 788 581 774 597 ship 0.9910
306 360 319 347 361 386 348 400 ship 0.9910
922 873 935 859 977 898 964 911 ship 0.9909
498 461 511 446 552 482 539 497 ship 0.9908
603 894 615 881 657 918 645 932 ship 0.9908
499 357 513 344 549 382 535 395 ship 0.9908
962 1092 974 1081 1007 1118 995 1129 ship 0.9907
337 326 349 314 387 349 375 361 ship 0.9907
614 660 625 645 673 684 661 698 ship 0.9907
737 857 752 843 791 883 777 898 ship 0.9906
464 394 476 381 515 415 503 428 ship 0.9903
832 1062 845 1047 885 1083 873 1098 ship 0.9903
789 1011 802 997 844 1035 831 1049 ship 0.9902
533 422 546 410 584 450 571 462 ship 0.9899
886 703 900 689 939 730 925 744 ship 0.9899
514 662 526 649 568 687 556 700 ship 0.9892
773 725 786 712 826 751 813 764 ship 0.9891
808 690 821 678 856 716 843 728 ship 0.9890
140 285 153 274 185 308 172 320 ship 0.9889
1096 1040 1108 1028 1142 1062 1131 1074 ship 0.9889
973 1168 983 1156 1018 1186 1008 1197 ship 0.9888
404 439 418 424 464 467 451 482 ship 0.9888
1053 1090 1064 1079 1096 1108 1085 1120 ship 0.9888
1004 788 1018 773 1063 813 1049 828 ship 0.9888
1112 1025 1122 1013 1156 1043 1145 1055 ship 0.9887
744 1065 757 1053 795 1090 783 1103 ship 0.9884
254 329 264 318 299 351 289 362 ship 0.9884
640 961 653 950 688 990 674 1001 ship 0.9881
943 954 955 942 987 972 976 984 ship 0.9880
1169 1153 1183 1139 1225 1182 1211 1196 ship 0.9880
1097 1221 1111 1207 1154 1249 1141 1263 ship 0.9879
829 979 841 966 880 1003 868 1016 ship 0.9874
944 860 957 847 994 882 981 895 ship 0.9873
930 972 940 960 974 988 963 1001 ship 0.9870
744 526 757 514 799 557 786 570 ship 0.9866
1150 1269 1160 1258 1192 1287 1182 1298 ship 0.9866
1086 963 1097 951 1131 986 1120 997 ship 0.9864
402 262 414 250 451 284 439 297 ship 0.9861
759 1044 773 1031 811 1071 798 1084 ship 0.9859
262 161 273 149 306 179 295 191 ship 0.9858
183 238 197 225 231 258 218 272 ship 0.9855
961 936 973 924 1009 962 996 974 ship 0.9854
701 788 715 774 757 818 743 831 ship 0.9853
1079 1054 1091 1042 1126 1076 1115 1087 ship 0.9851
865 1034 877 1019 914 1051 902 1066 ship 0.9846
239 346 250 334 283 364 272 376 ship 0.9841
414 743 428 728 481 778 466 793 ship 0.9839
418 243 430 231 468 266 457 278 ship 0.9827
76 351 88 338 124 370 112 383 ship 0.9824
622 879 634 865 674 901 662 915 ship 0.9822
60 362 70 351 107 383 97 394 ship 0.9814
585 910 598 896 640 936 627 950 ship 0.9813
92 334 104 321 140 352 127 366 ship 0.9812
477 804 493 789 542 841 526 856 ship 0.9810
869 1191 881 1178 918 1212 906 1224 ship 0.9809
360 218 370 206 403 236 392 248 ship 0.9805
200 224 210 212 244 241 234 253 ship 0.9802
1072 984 1082 973 1112 1000 1102 1012 ship 0.9793
1038 1012 1048 1001 1081 1033 1071 1044 ship 0.9792
655 943 668 930 707 968 695 981 ship 0.9792
959 1181 971 1169 1004 1201 992 1213 ship 0.9792
1009 1046 1019 1035 1051 1065 1041 1076 ship 0.9789
295 278 307 266 342 300 330 312 ship 0.9788
1165 1256 1177 1245 1206 1275 1194 1286 ship 0.9780
992 1153 1004 1140 1037 1169 1025 1182 ship 0.9775
919 1140 931 1129 959 1160 947 1171 ship 0.9774
376 202 387 190 421 220 410 232 ship 0.9773
464 496 477 482 515 519 502 533 ship 0.9769
120 302 131 289 169 321 158 334 ship 0.9768
900 1157 911 1145 945 1177 933 1189 ship 0.9750
858 944 870 930 910 964 898 978 ship 0.9746
563 387 575 374 618 413 606 427 ship 0.9743
245 174 256 162 291 195 280 207 ship 0.9741
441 731 454 717 497 757 485 771 ship 0.9706
894 910 907 898 941 934 929 946 ship 0.9695
44 382 56 369 87 398 75 411 ship 0.9688
230 194 242 181 277 212 266 225 ship 0.9686
270 311 281 300 312 329 300 341 ship 0.9681
956 836 968 824 1009 863 997 875 ship 0.9673
1021 1121 1032 1108 1066 1140 1054 1153 ship 0.9607
852 1210 866 1195 906 1232 892 1246 ship 0.9574
1128 1012 1138 1002 1168 1033 1158 1043 ship 0.9568
806 1099 815 1086 853 1113 844 1126 ship 0.9562
928 1218 938 1204 977 1234 967 1247 ship 0.9554
341 235 352 225 383 256 372 267 ship 0.9545
907 688 919 676 951 708 940 720 ship 0.9533
274 141 286 128 324 162 312 175 ship 0.9527
690 478 704 463 748 503 734 518 ship 0.9522
755 1114 769 1100 815 1144 801 1158 ship 0.9522
1188 1134 1202 1121 1241 1164 1227 1176 ship 0.9502
897 1000 908 988 943 1019 932 1031 ship 0.9492
1048 1279 1061 1265 1100 1302 1087 1316 ship 0.9477
723 777 736 764 774 801 761 814 ship 0.9360
1142 1285 1150 1276 1176 1300 1168 1309 ship 0.9322
175 261 186 251 211 278 200 288 ship 0.9319
26 326 22 313 58 302 62 315 ship 0.9142
1128 1301 1138 1290 1168 1317 1158 1328 ship 0.9097
1217 1099 1229 1085 1272 1122 1260 1136 ship 0.8955
1179 1244 1189 1234 1220 1264 1209 1274 ship 0.8879
945 1106 957 1095 991 1132 979 1143 ship 0.8823
1192 1233 1201 1222 1228 1246 1220 1256 ship 0.8547
163 270 174 261 198 291 187 300 ship 0.7660
31 373 19 356 75 314 88 330 ship 0.4926
269 385 285 371 326 416 311 430 ship 0.4247
3 1129 34 1097 326 1382 295 1413 harbor 0.9598
492 881 376 764 711 434 827 550 harbor 0.7842
822 1145 740 1064 1011 791 1093 873 harbor 0.6019
686 997 591 905 895 594 990 687 harbor 0.4449
956 1254 880 1183 1121 926 1197 997 harbor 0.4428
1119 1348 1048 1287 1245 1057 1316 1118 harbor 0.4137
198 522 134 456 476 120 540 185 harbor 0.3191
40 1236 5 1206 49 1155 84 1185 harbor 0.3034
390 661 289 555 584 275 685 381 harbor 0.2640
62 416 4 352 304 80 362 145 harbor 0.2502
252 1440 218 1403 278 1347 312 1383 harbor 0.1283
382 788 417 752 499 831 464 867 harbor 0.1005
