360 599 342 586 388 518 407 531 ship 0.2628
404 523 381 515 413 419 435 426 ship 0.1458
9 719 30 700 65 740 44 759 ship 0.1139
1553 1207 1484 1182 1514 1098 1584 1123 harbor 0.9978
290 2147 340 2122 399 2240 348 2265 harbor 0.9954
52 2226 109 2203 182 2387 126 2409 harbor 0.9919
1051 2205 999 2178 1102 1980 1154 2007 harbor 0.9911
2041 1007 2102 981 2150 1099 2088 1124 harbor 0.9877
1079 1068 1130 1063 1139 1146 1087 1151 harbor 0.9783
516 2098 590 2075 634 2212 560 2236 harbor 0.9775
375 599 342 579 479 344 512 363 harbor 0.9713
1695 1184 1693 1114 1763 1112 1765 1181 harbor 0.9590
1932 1094 1959 1085 1995 1192 1969 1201 harbor 0.9574
1325 1143 1296 1130 1341 1031 1370 1044 harbor 0.9539
550 920 547 878 715 864 718 906 harbor 0.9446
538 829 522 775 767 701 784 755 harbor 0.8980
496 672 479 635 685 539 702 576 harbor 0.8635
217 371 241 365 276 505 252 511 harbor 0.8066
501 1089 485 1055 658 972 675 1006 harbor 0.8064
956 2151 924 2150 929 1974 961 1975 harbor 0.8050
-11 674 20 654 74 738 42 759 harbor 0.4687
1264 2263 1257 2251 1392 2169 1399 2181 harbor 0.3957
520 730 510 702 741 618 752 647 harbor 0.3145
