91 547 77 537 114 487 128 497 ship 0.9317
600 788 596 772 626 764 630 780 ship 0.5299
252 1259 266 1253 285 1294 271 1301 ship 0.4711
458 377 454 361 480 354 484 370 ship 0.4426
667 439 652 431 689 363 704 371 ship 0.3589
279 1293 295 1287 307 1320 291 1326 ship 0.1663
624 840 629 823 682 836 678 853 ship 0.1661
497 999 479 887 619 865 637 977 harbor 0.9735
268 1409 334 1363 381 1430 315 1476 harbor 0.9732
407 1602 393 1586 448 1538 462 1554 harbor 0.9304
455 730 453 702 725 685 726 713 harbor 0.9217
670 442 651 434 706 303 726 311 harbor 0.8977
510 1674 498 1653 577 1610 589 1631 harbor 0.8967
255 1248 320 1220 354 1299 290 1327 harbor 0.8686
174 1222 156 1154 329 1109 347 1177 harbor 0.8488
598 1735 631 1688 730 1756 698 1803 harbor 0.8318
585 779 583 765 727 742 730 756 harbor 0.6922
595 552 592 529 801 506 803 529 harbor 0.5809
581 819 592 792 745 855 734 882 harbor 0.4441
531 637 530 611 776 598 778 624 harbor 0.2419
553 812 456 643 809 440 906 608 harbor 0.2073
