739 1072 744 1050 828 1068 823 1091 ship 0.9960
279 705 280 683 352 686 351 708 ship 0.9956
729 1233 733 1212 790 1223 786 1244 ship 0.9955
829 1098 835 1073 916 1091 910 1117 ship 0.9926
818 1177 823 1157 881 1171 876 1191 ship 0.9915
1015 218 1016 194 1101 198 1100 221 ship 0.9908
846 1066 852 1043 928 1062 922 1086 ship 0.9880
277 672 278 651 344 657 342 678 ship 0.9867
731 1182 736 1160 801 1176 796 1197 ship 0.9861
865 221 867 200 929 205 928 226 ship 0.9852
234 483 235 464 283 466 282 485 ship 0.9848
657 251 658 231 715 236 713 256 ship 0.9843
658 206 660 187 716 192 714 211 ship 0.9840
101 762 102 740 157 743 156 765 ship 0.9830
589 247 590 229 646 233 645 252 ship 0.9812
228 458 229 438 286 443 285 463 ship 0.9810
1113 180 1115 157 1187 162 1185 185 ship 0.9802
642 383 645 363 692 369 690 388 ship 0.9799
229 579 230 559 279 562 278 582 ship 0.9795
643 360 645 342 698 348 696 366 ship 0.9793
722 1260 726 1238 784 1248 780 1270 ship 0.9790
648 337 651 319 701 325 699 343 ship 0.9786
1026 242 1028 221 1098 225 1096 246 ship 0.9780
736 1208 739 1191 790 1201 786 1219 ship 0.9767
582 381 582 362 636 364 635 383 ship 0.9765
1017 302 1005 287 1049 253 1061 269 ship 0.9762
866 192 868 170 929 175 927 197 ship 0.9749
281 649 283 631 336 634 335 652 ship 0.9746
691 1439 695 1422 740 1432 736 1450 ship 0.9743
240 434 242 415 289 420 288 439 ship 0.9738
658 228 659 211 712 213 711 231 ship 0.9729
1014 1202 1017 1182 1063 1188 1060 1208 ship 0.9712
720 1302 725 1284 770 1296 766 1313 ship 0.9708
1086 1149 1089 1128 1134 1135 1131 1156 ship 0.9707
750 1452 753 1435 805 1445 802 1463 ship 0.9702
591 226 592 206 649 211 647 230 ship 0.9696
109 686 110 667 169 672 167 691 ship 0.9695
787 1294 792 1274 843 1288 838 1308 ship 0.9693
740 1159 745 1137 808 1152 802 1173 ship 0.9684
253 336 255 318 298 321 297 339 ship 0.9683
863 246 863 227 919 229 918 248 ship 0.9679
821 1145 826 1126 877 1141 872 1159 ship 0.9674
1116 216 1118 190 1194 198 1192 224 ship 0.9674
797 187 799 167 863 171 862 191 ship 0.9672
793 1270 798 1251 853 1266 848 1285 ship 0.9671
221 705 222 685 272 688 271 708 ship 0.9670
763 1395 767 1378 816 1389 812 1406 ship 0.9669
528 288 548 279 569 328 548 337 ship 0.9662
241 364 242 346 294 348 294 366 ship 0.9650
220 678 221 660 275 662 274 681 ship 0.9649
103 784 104 766 157 770 156 787 ship 0.9644
312 226 314 209 357 213 356 229 ship 0.9639
54 562 55 543 110 546 109 565 ship 0.9619
289 583 292 565 341 571 339 590 ship 0.9619
738 1514 742 1496 785 1507 780 1525 ship 0.9616
229 599 230 582 281 585 279 602 ship 0.9615
1063 1117 1068 1092 1149 1108 1144 1132 ship 0.9613
1017 1133 1022 1113 1075 1127 1070 1146 ship 0.9610
279 729 281 709 337 713 336 732 ship 0.9599
58 513 60 494 110 497 109 516 ship 0.9598
250 241 251 221 301 224 300 243 ship 0.9589
1071 1227 1075 1211 1115 1222 1111 1238 ship 0.9587
254 288 256 269 301 273 299 291 ship 0.9568
58 588 59 570 107 572 107 590 ship 0.9553
52 629 52 612 101 614 100 632 ship 0.9546
661 185 662 167 712 171 711 189 ship 0.9543
715 1343 719 1325 763 1335 759 1353 ship 0.9543
1005 1261 1008 1243 1052 1251 1049 1269 ship 0.9539
461 483 462 467 511 470 510 486 ship 0.9537
241 781 241 759 309 760 309 782 ship 0.9535
224 539 225 518 280 521 279 542 ship 0.9532
72 343 74 324 123 326 122 346 ship 0.9497
780 1318 784 1299 835 1310 831 1328 ship 0.9495
744 1471 749 1453 798 1466 793 1484 ship 0.9489
455 575 458 559 498 564 496 580 ship 0.9476
643 410 644 392 696 396 695 413 ship 0.9473
63 486 64 470 108 474 107 491 ship 0.9469
798 1243 803 1223 858 1237 852 1257 ship 0.9464
639 432 641 415 695 420 694 437 ship 0.9453
983 1395 986 1381 1024 1390 1021 1404 ship 0.9446
283 621 286 603 329 610 326 627 ship 0.9441
584 357 586 337 637 343 635 362 ship 0.9433
588 271 588 252 646 254 646 273 ship 0.9427
51 656 52 637 104 641 102 660 ship 0.9385
767 1373 771 1355 816 1366 812 1383 ship 0.9382
403 555 405 538 449 541 448 558 ship 0.9380
555 1735 579 1734 582 1801 558 1802 ship 0.9359
64 444 63 424 114 421 115 442 ship 0.9355
795 220 796 200 856 202 855 223 ship 0.9310
310 269 311 249 359 253 357 273 ship 0.9310
652 275 652 257 709 259 708 277 ship 0.9308
105 713 107 693 159 698 157 718 ship 0.9300
224 752 223 734 269 733 269 751 ship 0.9285
128 470 129 454 178 456 177 472 ship 0.9283
248 412 250 394 291 398 289 417 ship 0.9281
593 333 594 313 641 317 640 336 ship 0.9272
1057 1294 1059 1276 1104 1283 1101 1301 ship 0.9251
683 1502 686 1484 725 1490 721 1509 ship 0.9227
1217 1173 1221 1156 1262 1166 1258 1183 ship 0.9224
69 136 56 123 92 88 105 101 ship 0.9205
807 162 809 146 858 151 856 167 ship 0.9203
466 423 468 407 513 411 512 427 ship 0.9180
416 385 420 365 462 372 458 392 ship 0.9173
659 1537 664 1516 717 1530 712 1551 ship 0.9152
662 164 663 146 708 149 707 167 ship 0.9148
1034 168 1035 146 1105 148 1104 170 ship 0.9124
1066 1249 1070 1235 1112 1246 1108 1260 ship 0.9076
780 1335 784 1320 828 1331 824 1346 ship 0.9074
1081 1184 1084 1170 1120 1177 1117 1192 ship 0.9056
1007 1559 1010 1542 1045 1549 1041 1566 ship 0.9046
475 312 477 295 521 301 519 318 ship 0.9045
227 654 228 637 273 641 271 658 ship 0.9038
126 443 128 426 173 430 172 446 ship 0.9027
473 332 475 316 517 322 515 337 ship 0.8999
106 734 108 715 157 720 155 739 ship 0.8987
1051 140 1053 122 1101 128 1099 145 ship 0.8935
606 180 609 163 649 169 646 186 ship 0.8916
117 619 117 601 169 603 168 621 ship 0.8897
98 817 97 796 153 794 154 814 ship 0.8896
711 1360 714 1344 757 1352 754 1369 ship 0.8870
291 539 293 522 332 526 331 543 ship 0.8788
1049 1332 1053 1316 1093 1327 1089 1342 ship 0.8784
796 300 798 279 854 283 852 304 ship 0.8776
952 1546 956 1530 991 1538 988 1555 ship 0.8775
300 384 302 366 350 373 347 391 ship 0.8771
1164 1461 1169 1445 1201 1456 1196 1473 ship 0.8748
958 343 950 330 989 304 998 317 ship 0.8730
810 1201 814 1183 871 1195 868 1212 ship 0.8728
1025 1177 1028 1159 1067 1165 1064 1183 ship 0.8723
758 1414 762 1398 806 1409 802 1424 ship 0.8708
141 241 142 226 181 230 179 246 ship 0.8686
94 263 95 247 133 249 132 265 ship 0.8667
1049 1350 1052 1336 1092 1345 1089 1359 ship 0.8661
459 504 460 487 509 489 508 506 ship 0.8647
855 278 856 257 920 261 919 282 ship 0.8611
998 1302 1001 1284 1041 1290 1038 1308 ship 0.8595
417 330 419 311 466 315 464 334 ship 0.8592
267 188 269 170 306 174 305 191 ship 0.8590
559 639 548 624 598 586 610 601 ship 0.8583
254 268 255 251 300 254 300 271 ship 0.8557
1063 1266 1066 1252 1109 1264 1106 1278 ship 0.8556
307 344 308 328 350 331 349 347 ship 0.8521
697 1402 699 1385 746 1390 744 1408 ship 0.8476
122 524 121 504 173 502 174 522 ship 0.8476
1013 1534 1017 1519 1049 1526 1045 1541 ship 0.8450
138 303 140 288 177 293 175 307 ship 0.8383
247 313 249 294 302 299 301 318 ship 0.8382
297 461 298 445 341 449 339 465 ship 0.8290
694 1419 698 1402 743 1412 739 1430 ship 0.8277
983 1373 989 1359 1028 1375 1023 1389 ship 0.8227
667 120 666 100 718 97 719 118 ship 0.8217
810 134 811 116 858 118 857 136 ship 0.8204
479 275 482 259 519 265 517 280 ship 0.8187
703 1384 705 1367 753 1373 751 1390 ship 0.8184
1135 1591 1140 1577 1171 1588 1166 1602 ship 0.8130
134 346 135 329 175 331 174 348 ship 0.8119
963 1511 966 1492 1002 1499 998 1518 ship 0.7989
309 286 311 270 352 274 351 290 ship 0.7981
414 629 413 606 458 603 459 626 ship 0.7966
1205 1243 1209 1227 1242 1236 1238 1252 ship 0.7954
293 486 296 468 338 474 336 492 ship 0.7951
691 1462 694 1444 733 1452 729 1470 ship 0.7846
318 186 318 168 359 170 358 187 ship 0.7794
1018 1497 1020 1484 1062 1492 1059 1505 ship 0.7718
1184 1342 1188 1327 1225 1335 1222 1350 ship 0.7567
664 140 664 123 711 126 710 142 ship 0.7529
455 596 458 581 492 586 490 602 ship 0.7500
415 456 418 439 457 447 453 464 ship 0.7351
420 292 421 275 469 276 468 294 ship 0.7340
146 202 147 188 186 192 184 207 ship 0.7140
1018 1479 1022 1465 1060 1478 1056 1492 ship 0.6879
159 1541 154 1525 187 1514 192 1530 ship 0.6689
978 1439 980 1417 1018 1421 1016 1444 ship 0.6588
427 272 432 251 471 261 466 282 ship 0.6395
94 808 67 807 69 752 96 753 ship 0.6299
510 680 498 667 543 628 554 641 ship 0.6285
470 382 473 367 512 375 509 390 ship 0.6234
74 398 72 378 117 373 119 392 ship 0.6226
424 218 424 202 473 203 472 219 ship 0.6212
423 254 426 235 467 241 464 260 ship 0.6163
428 233 429 216 472 220 471 236 ship 0.6101
95 228 97 208 133 210 132 230 ship 0.5920
246 383 246 367 290 367 290 384 ship 0.5738
1122 148 1124 130 1170 136 1168 154 ship 0.5605
460 522 462 508 500 512 499 525 ship 0.5452
1012 1243 1015 1226 1051 1232 1048 1249 ship 0.4793
1177 1379 1180 1364 1216 1371 1213 1387 ship 0.4737
740 1486 745 1470 784 1482 779 1498 ship 0.4542
563 1809 586 1809 586 1854 563 1855 ship 0.4473
989 1364 993 1347 1034 1355 1031 1372 ship 0.4363
469 403 471 388 514 391 513 407 ship 0.4358
795 464 782 447 816 422 829 439 ship 0.4308
432 193 434 178 479 183 477 198 ship 0.4286
875 405 862 386 904 357 917 376 ship 0.4230
418 405 419 389 459 391 457 408 ship 0.3940
872 135 873 117 917 120 916 138 ship 0.3829
1156 1484 1161 1467 1196 1476 1192 1493 ship 0.3620
1229 1151 1233 1133 1270 1140 1267 1158 ship 0.3617
966 1484 970 1468 1003 1475 1000 1492 ship 0.3607
1026 1446 1031 1431 1069 1445 1064 1460 ship 0.3590
721 1319 722 1305 768 1310 767 1324 ship 0.2034
1136 1732 1076 1715 1252 1113 1312 1130 harbor 0.9420
1041 1606 940 1585 1036 1103 1138 1124 harbor 0.9115
770 1579 657 1552 780 1045 893 1072 harbor 0.8306
44 1497 82 1493 133 1942 96 1946 harbor 0.7582
320 761 218 754 260 188 362 195 harbor 0.7304
488 644 405 636 452 146 534 153 harbor 0.6279
-25 1000 13 994 65 1354 25 1360 harbor 0.5914
-45 1490 -51 1453 157 1420 163 1458 harbor 0.5130
146 784 50 777 93 144 189 150 harbor 0.3594
89 156 78 144 120 106 131 119 harbor 0.3550
917 298 789 286 809 64 938 76 harbor 0.2986
6 67 61 18 127 92 71 141 harbor 0.2263
677 479 566 464 620 73 730 88 harbor 0.2244
561 111 538 92 573 50 595 69 swimming-pool 0.8641
