1893 220 1940 175 1989 226 1941 271 ship 0.3399
4911 399 4862 380 4897 292 4945 312 ship 0.2515
2464 171 2519 154 2537 214 2482 231 ship 0.1826
1733 132 1803 124 1812 196 1742 204 ship 0.1751
4563 900 4619 883 4648 985 4592 1001 ship 0.1567
372 891 258 884 303 146 417 153 harbor 0.9737
1090 -28 1185 -35 1261 931 1166 939 harbor 0.9391
3559 878 3485 868 3601 66 3676 77 harbor 0.8683
1583 674 1516 672 1529 153 1596 154 harbor 0.8350
890 80 969 74 1024 934 945 939 harbor 0.7778
2266 234 2318 234 2319 553 2267 553 harbor 0.5452
4411 923 4472 923 4472 1277 4412 1277 harbor 0.4862
2469 570 2424 569 2435 208 2481 210 harbor 0.4786
1773 148 1824 147 1832 520 1780 521 harbor 0.4415
4259 1210 4192 1200 4333 295 4401 305 harbor 0.4376
2863 732 2803 718 2934 121 2994 135 harbor 0.3145
4815 1339 4745 1328 4894 329 4965 340 harbor 0.3034
2138 189 2191 188 2195 566 2143 567 harbor 0.2247
4079 1138 4035 1127 4112 818 4157 829 harbor 0.1318
578 388 621 385 645 766 603 769 harbor 0.1215
