1208 1052 1223 1041 1251 1080 1237 1091 ship 0.9182
272 842 272 824 318 823 319 842 ship 0.8989
996 578 988 564 1017 547 1025 560 ship 0.7740
651 1085 635 1082 641 1045 656 1047 ship 0.7540
1242 1056 1252 1049 1270 1074 1260 1081 ship 0.7484
783 1052 799 1051 800 1084 785 1085 ship 0.7450
1192 1086 1202 1078 1224 1104 1214 1112 ship 0.7387
1191 1101 1177 1099 1180 1073 1195 1075 ship 0.7252
927 468 920 459 942 443 949 453 ship 0.6954
798 300 790 290 815 271 823 281 ship 0.6438
829 1087 813 1087 813 1044 830 1045 ship 0.6408
272 606 272 588 314 587 314 606 ship 0.6360
299 199 286 192 305 161 317 169 ship 0.5062
814 322 807 312 831 293 838 303 ship 0.4963
1254 1038 1241 1032 1253 1004 1267 1010 ship 0.4805
328 987 320 976 345 958 353 969 ship 0.3715
475 1029 457 1028 459 1000 477 1002 ship 0.3635
617 1090 601 1088 604 1059 620 1061 ship 0.3594
1098 1100 1083 1099 1086 1068 1101 1070 ship 0.3547
983 556 976 544 1002 526 1010 538 ship 0.3387
888 404 882 391 914 377 920 390 ship 0.2355
1091 710 1084 699 1107 684 1114 694 ship 0.2332
389 1029 373 1027 376 997 392 999 ship 0.2192
1032 1107 1011 1104 1017 1061 1039 1065 ship 0.2136
273 797 274 777 315 779 315 799 ship 0.2023
979 1054 995 1053 997 1091 981 1092 ship 0.1990
482 241 466 239 469 208 485 209 ship 0.1865
281 773 280 756 316 755 317 771 ship 0.1809
746 1075 731 1073 735 1047 750 1049 ship 0.1761
1225 890 1217 879 1242 862 1249 873 ship 0.1659
1027 617 1019 606 1042 591 1049 602 ship 0.1525
1059 662 1041 634 1095 600 1113 629 harbor 0.9837
381 226 346 222 355 144 390 148 harbor 0.9781
977 540 963 518 1015 486 1029 507 harbor 0.9770
1108 732 1094 709 1136 684 1150 708 harbor 0.9740
304 188 250 178 262 118 315 129 harbor 0.9717
445 235 396 225 410 151 459 160 harbor 0.9684
876 396 856 362 891 342 911 376 harbor 0.9638
1022 607 1001 575 1081 521 1103 553 harbor 0.9571
1018 1103 1024 1061 1089 1071 1083 1113 harbor 0.9497
1184 831 1164 800 1223 763 1242 794 harbor 0.9475
514 239 480 236 486 177 519 181 harbor 0.9435
1223 883 1202 854 1263 811 1283 840 harbor 0.9419
646 256 622 253 629 197 653 200 harbor 0.9387
939 484 928 463 972 438 983 458 harbor 0.9340
1143 772 1119 741 1157 711 1182 741 harbor 0.9212
587 250 539 243 548 181 597 188 harbor 0.9200
1125 1107 1132 1070 1182 1078 1176 1116 harbor 0.8856
454 1064 411 1060 417 1000 461 1005 harbor 0.8784
1249 1030 1261 1004 1318 1030 1306 1056 harbor 0.8768
27 50 42 42 63 85 48 92 harbor 0.8723
1267 982 1255 960 1300 934 1312 956 harbor 0.8709
918 1103 895 1100 900 1051 923 1054 harbor 0.8619
714 265 676 260 684 206 722 212 harbor 0.8483
818 328 799 301 858 259 877 286 harbor 0.8472
1252 939 1233 905 1278 879 1297 913 harbor 0.8419
274 938 273 909 303 908 303 938 harbor 0.8379
265 649 265 624 308 625 308 649 harbor 0.7886
537 1081 514 1076 522 1031 545 1035 harbor 0.7331
775 278 731 269 742 209 787 217 harbor 0.6089
711 1089 678 1088 678 1041 711 1041 harbor 0.5918
389 1061 347 1051 362 990 404 1000 harbor 0.5765
269 545 291 544 292 575 270 575 harbor 0.5415
99 19 127 7 155 69 128 81 harbor 0.5253
286 1024 271 1003 340 953 355 974 harbor 0.4932
633 1092 616 1091 618 1045 635 1046 harbor 0.4506
940 1081 969 1053 997 1082 968 1110 harbor 0.4376
784 1103 731 1101 733 1047 785 1049 harbor 0.4181
805 303 762 273 799 221 841 251 harbor 0.3995
859 1097 834 1095 836 1054 861 1055 harbor 0.3719
271 743 271 713 302 713 302 743 harbor 0.2573
897 422 888 408 922 388 930 403 harbor 0.2343
562 1073 547 1071 553 1033 568 1035 harbor 0.2193
269 798 271 774 323 777 321 802 harbor 0.1803
606 1091 589 1089 593 1053 610 1055 harbor 0.1413
274 866 274 842 314 842 315 866 harbor 0.1384
837 1093 815 1092 817 1048 839 1049 harbor 0.1325
315 1062 289 1034 353 973 379 1000 harbor 0.1086
936 433 925 416 946 402 957 419 harbor 0.1031
