3086 156 3124 145 3139 201 3101 211 ship 0.5367
856 565 888 558 898 604 866 611 ship 0.5000
502 655 532 641 552 684 522 698 ship 0.3005
1715 568 1712 528 1785 521 1789 561 ship 0.2784
2182 506 2180 462 2243 458 2245 503 ship 0.2598
3285 179 3275 138 3324 126 3334 167 ship 0.2337
1988 515 2033 508 2041 563 1996 569 ship 0.2147
2355 454 2381 437 2409 478 2382 495 ship 0.1897
307 781 338 773 351 825 320 833 ship 0.1892
2095 481 2135 472 2146 523 2106 532 ship 0.1708
2812 253 2849 248 2857 306 2820 312 ship 0.1029
1651 587 1677 584 1708 807 1682 811 harbor 0.9431
1715 538 1767 528 1816 799 1763 808 harbor 0.8966
1109 646 1138 641 1170 860 1142 864 harbor 0.8592
1839 543 1870 540 1893 790 1862 793 harbor 0.7194
2207 458 2232 455 2260 686 2235 689 harbor 0.6371
1986 521 2020 515 2060 761 2025 766 harbor 0.6215
1189 627 1225 621 1263 848 1227 854 harbor 0.3517
1422 660 1445 654 1490 844 1467 850 harbor 0.2862
1321 657 1343 653 1377 887 1355 890 harbor 0.1566
208 784 233 780 276 1079 251 1082 harbor 0.1374
31 1007 64 1004 75 1124 42 1127 harbor 0.1280
3322 465 3317 428 3360 423 3365 460 swimming-pool 0.1487
