249 830 229 826 237 782 257 786 small-vehicle 0.4168
174 359 150 349 168 305 193 316 ship 0.4607
946 469 927 459 943 428 962 437 ship 0.4602
755 532 727 522 747 469 774 479 ship 0.2661
361 498 342 490 360 448 379 456 ship 0.2372
1158 665 1097 653 1144 397 1205 408 harbor 0.9964
364 625 310 604 370 457 423 479 harbor 0.9953
1681 541 1634 537 1652 320 1699 324 harbor 0.9866
643 709 599 688 709 460 753 481 harbor 0.9839
88 471 48 453 121 292 161 310 harbor 0.9782
1313 786 1268 775 1380 336 1425 347 harbor 0.9701
2011 387 2065 385 2077 759 2023 761 harbor 0.9682
1827 432 1894 428 1917 834 1851 838 harbor 0.9556
849 726 809 705 963 421 1003 443 harbor 0.9272
1631 855 1604 854 1610 626 1637 627 harbor 0.6113
851 817 829 816 836 707 858 708 harbor 0.1960
