1152 1407 1165 1396 1188 1421 1176 1433 ship 0.7280
1650 850 1638 835 1667 811 1679 826 ship 0.3514
1004 396 993 386 1017 360 1028 370 ship 0.2865
385 1716 404 1703 426 1736 407 1748 ship 0.2834
966 971 956 959 978 940 988 952 ship 0.1301
899 402 909 392 931 414 921 424 ship 0.1271
8 1314 21 1306 37 1332 24 1340 ship 0.1173
1238 975 1269 948 1418 1113 1387 1141 harbor 0.9801
1107 1139 1127 1121 1265 1271 1245 1290 harbor 0.9494
1581 310 1598 291 1718 401 1701 420 harbor 0.9294
804 1316 827 1295 978 1463 955 1484 harbor 0.9169
287 1563 309 1551 415 1745 393 1757 harbor 0.8975
980 1183 1004 1163 1206 1408 1182 1428 harbor 0.8890
536 1406 557 1398 626 1584 605 1592 harbor 0.8832
400 1496 425 1482 535 1685 510 1699 harbor 0.8571
1436 615 1462 591 1681 830 1655 854 harbor 0.8491
13 1670 26 1660 118 1781 105 1792 harbor 0.7198
1726 76 1745 51 1799 94 1779 119 harbor 0.6177
1525 394 1543 377 1791 638 1774 655 harbor 0.4815
1323 884 1342 865 1524 1058 1505 1077 harbor 0.3580
918 1254 931 1242 1101 1426 1088 1438 harbor 0.3070
1193 1057 1206 1044 1350 1188 1337 1202 harbor 0.2032
1449 5 1471 -3 1482 21 1459 30 swimming-pool 0.7382
885 315 874 301 892 287 903 301 swimming-pool 0.3861
