234 1798 246 1783 267 1801 255 1815 ship 0.3946
278 945 276 914 309 911 311 942 ship 0.2603
184 594 182 572 211 568 214 590 ship 0.2478
352 1381 367 1374 379 1397 365 1404 ship 0.1962
297 1757 280 1753 287 1719 304 1723 ship 0.1014
185 214 188 189 264 198 262 223 harbor 0.9652
183 317 191 288 239 301 231 330 harbor 0.9652
252 876 240 846 271 834 282 865 harbor 0.9571
202 751 192 722 240 706 249 735 harbor 0.9562
296 1683 301 1652 353 1661 348 1692 harbor 0.9385
364 1629 325 1616 339 1576 377 1589 harbor 0.9329
181 136 184 115 294 127 291 148 harbor 0.8863
298 1043 338 1036 346 1077 306 1085 harbor 0.8192
168 405 176 379 234 395 227 422 harbor 0.8089
185 646 221 636 231 674 196 684 harbor 0.7814
465 92 425 76 453 7 493 23 harbor 0.5409
387 1455 357 1450 362 1420 392 1424 harbor 0.4700
376 79 354 69 366 43 388 53 harbor 0.3233
343 1521 345 1502 383 1506 380 1525 harbor 0.3038
298 1758 278 1751 288 1719 309 1726 harbor 0.1932
281 963 309 957 315 986 288 992 harbor 0.1469
