815 869 827 860 850 892 839 901 large-vehicle 0.1544
1171 238 1159 224 1181 204 1194 218 large-vehicle 0.1128
243 815 233 804 273 764 283 774 large-vehicle 0.1058
236 1090 258 1078 274 1109 252 1120 ship 0.8386
215 1100 231 1090 254 1127 238 1136 ship 0.8181
263 1070 282 1065 294 1107 276 1113 ship 0.7658
288 1064 309 1059 319 1101 299 1106 ship 0.6738
1072 351 1056 348 1063 313 1080 316 ship 0.6111
703 1302 717 1293 736 1322 722 1331 ship 0.5859
143 1148 158 1137 185 1172 170 1183 ship 0.4310
1986 410 1975 397 2011 368 2022 382 ship 0.4275
184 1120 202 1108 226 1143 208 1155 ship 0.3984
170 1130 184 1121 206 1157 192 1165 ship 0.3841
266 1600 255 1584 290 1561 301 1576 ship 0.2750
1100 393 1079 386 1093 340 1114 347 ship 0.2667
1595 698 1580 676 1607 658 1622 680 ship 0.2463
125 1160 138 1150 161 1183 148 1192 ship 0.2429
1154 452 1139 447 1151 408 1167 413 ship 0.2347
1134 417 1119 412 1130 377 1145 382 ship 0.1877
1488 764 1471 745 1495 723 1512 741 ship 0.1803
1950 437 1936 419 1979 388 1992 406 ship 0.1219
456 338 464 327 490 348 482 359 ship 0.1007
1399 666 1422 645 1508 740 1485 761 harbor 0.9879
1510 562 1536 546 1615 674 1589 690 harbor 0.9853
1688 305 1715 288 1853 511 1826 528 harbor 0.9649
1327 753 1350 729 1446 823 1423 846 harbor 0.9587
1166 893 1205 861 1268 937 1229 969 harbor 0.9475
1795 228 1858 180 2014 383 1951 431 harbor 0.9461
377 1446 407 1428 450 1501 419 1519 harbor 0.9451
160 1589 186 1572 225 1635 198 1651 harbor 0.9403
898 1142 925 1123 953 1163 927 1182 harbor 0.9359
1620 446 1643 432 1740 595 1717 609 harbor 0.9346
1267 804 1281 791 1348 866 1334 878 harbor 0.9227
573 1358 598 1340 632 1386 607 1404 harbor 0.8691
802 1214 820 1204 839 1239 822 1249 harbor 0.8592
1017 1035 1046 1014 1079 1058 1049 1079 harbor 0.8313
942 1100 978 1068 1014 1109 978 1141 harbor 0.7609
625 1349 652 1331 671 1360 644 1377 harbor 0.6931
845 1190 864 1173 891 1204 872 1221 harbor 0.6491
744 1272 765 1256 787 1284 766 1300 harbor 0.5503
683 1316 703 1301 719 1324 698 1338 harbor 0.2915
679 1291 703 1274 719 1299 695 1315 harbor 0.1037
1437 194 1430 177 1470 160 1477 177 swimming-pool 0.9165
1544 96 1532 74 1576 50 1588 72 swimming-pool 0.8766
1279 697 1266 682 1292 659 1305 674 swimming-pool 0.7678
1320 244 1313 223 1347 210 1355 232 swimming-pool 0.3408
