1547 510 1575 500 1586 532 1558 542 ship 0.2120
1098 821 1087 792 1121 779 1133 808 ship 0.1639
1907 414 1929 412 1932 452 1910 454 ship 0.1380
2119 976 2161 967 2181 1059 2139 1068 tennis-court 0.9922
2175 966 2219 958 2235 1050 2192 1058 tennis-court 0.9907
1694 454 1721 450 1747 601 1721 606 harbor 0.9506
442 906 502 900 513 1019 453 1024 harbor 0.9231
801 878 841 873 852 971 812 976 harbor 0.9128
705 913 751 909 759 995 714 999 harbor 0.9095
1167 738 1189 727 1226 798 1204 810 harbor 0.8891
1777 390 1800 385 1837 563 1814 568 harbor 0.8858
257 931 283 927 313 1126 288 1129 harbor 0.8806
1955 434 1979 430 2000 562 1977 566 harbor 0.8530
2113 315 2139 310 2178 500 2151 505 harbor 0.8486
1524 516 1563 508 1585 612 1546 621 harbor 0.8464
1262 689 1291 682 1305 740 1276 747 harbor 0.8234
328 935 360 929 383 1056 351 1062 harbor 0.8064
1632 421 1652 418 1686 623 1666 626 harbor 0.7389
998 842 1036 839 1042 922 1004 925 harbor 0.6777
1903 422 1924 419 1943 562 1922 565 harbor 0.5252
2032 334 2048 329 2101 500 2085 505 harbor 0.4468
1491 573 1508 570 1524 652 1506 655 harbor 0.4118
896 888 912 882 943 973 928 979 harbor 0.3141
644 1013 606 1006 622 913 661 920 harbor 0.2417
2200 286 2216 284 2236 440 2220 442 harbor 0.1420
