2282 237 2331 226 2344 288 2295 298 plane 0.4036
2147 333 2138 281 2207 268 2216 321 plane 0.1043
100 471 133 464 147 528 114 536 ship 0.6006
2364 3212 2411 3199 2440 3307 2393 3319 ship 0.5221
1968 42 1998 25 2034 90 2003 107 ship 0.4347
363 394 344 362 402 327 421 360 ship 0.3664
486 325 532 306 556 364 511 383 ship 0.2844
1821 69 1852 57 1882 128 1852 141 ship 0.2555
2085 339 2081 287 2143 282 2148 334 ship 0.2135
100 651 87 620 173 585 186 616 ship 0.2088
1179 3208 1229 3195 1257 3299 1207 3313 ship 0.1870
2424 3187 2467 3177 2491 3277 2448 3287 ship 0.1689
2475 3123 2517 3116 2537 3245 2495 3252 ship 0.1570
872 239 919 221 939 275 892 292 ship 0.1436
890 268 943 260 965 392 911 400 ship 0.1407
826 314 881 305 895 385 840 395 ship 0.1358
915 213 953 204 970 272 932 282 ship 0.1335
2842 233 2827 201 2884 174 2899 206 ship 0.1296
1040 504 1030 465 1112 443 1123 482 ship 0.1193
2145 270 2200 264 2208 337 2152 343 ship 0.1148
450 394 432 353 482 331 500 371 ship 0.1018
1826 66 1860 58 1893 207 1859 215 harbor 0.1581
45 2857 91 2850 101 2923 55 2929 swimming-pool 0.4925
3737 123 3723 79 3782 60 3796 104 swimming-pool 0.1634
