2215 44 2235 36 2251 78 2231 86 ship 0.7552
295 351 317 345 331 392 309 399 ship 0.7185
1299 200 1318 194 1331 232 1312 238 ship 0.7151
144 383 166 377 179 428 157 433 ship 0.6634
1800 109 1823 103 1833 144 1810 150 ship 0.6063
1157 225 1180 218 1193 262 1170 269 ship 0.6011
2068 101 2058 78 2102 59 2112 82 ship 0.5790
1017 268 1011 238 1059 229 1064 259 ship 0.4626
2262 89 2243 81 2261 34 2281 41 ship 0.3625
1130 505 1156 496 1171 537 1145 546 ship 0.3601
375 369 370 341 412 334 417 362 ship 0.3221
444 323 479 314 490 356 454 365 ship 0.1444
1162 227 1194 223 1228 441 1196 446 harbor 0.9442
591 304 618 300 644 466 617 470 harbor 0.9376
153 389 178 383 219 567 194 573 harbor 0.9374
682 294 708 291 735 479 709 483 harbor 0.8731
378 346 407 342 434 532 404 536 harbor 0.8515
454 320 491 316 511 498 474 502 harbor 0.8425
314 360 333 357 359 542 340 545 harbor 0.7218
788 280 818 275 850 493 821 497 harbor 0.6960
60 396 85 390 127 577 103 583 harbor 0.6959
1948 94 1971 90 2006 289 1983 293 harbor 0.6566
874 261 914 254 950 479 910 486 harbor 0.6546
1372 177 1396 173 1436 405 1412 410 harbor 0.5519
1014 235 1049 230 1082 468 1047 473 harbor 0.5438
1525 160 1547 156 1582 381 1560 385 harbor 0.5248
1810 127 1832 123 1861 277 1839 281 harbor 0.3726
1732 122 1762 117 1789 272 1759 277 harbor 0.3429
2135 76 2162 69 2224 309 2196 316 harbor 0.2978
1868 97 1897 93 1924 277 1894 281 harbor 0.2056
2058 67 2092 59 2150 291 2116 300 harbor 0.1372
2226 62 2253 54 2324 297 2297 305 harbor 0.1152
2141 426 2135 403 2177 392 2183 416 swimming-pool 0.8380
1637 470 1630 443 1672 432 1679 460 swimming-pool 0.8319
1920 404 1952 402 1955 451 1923 453 swimming-pool 0.6574
653 604 632 580 658 558 679 581 swimming-pool 0.6191
1846 440 1841 391 1895 385 1900 434 swimming-pool 0.6167
419 657 414 630 456 622 461 649 swimming-pool 0.6028
1560 429 1598 426 1601 474 1563 476 swimming-pool 0.5175
208 698 197 668 240 653 250 683 swimming-pool 0.4916
1203 538 1202 519 1251 516 1252 536 swimming-pool 0.4000
938 538 964 534 970 576 944 580 swimming-pool 0.3710
1718 418 1753 416 1756 469 1721 471 swimming-pool 0.3159
2274 374 2315 371 2318 414 2277 417 swimming-pool 0.2469
364 670 343 651 376 615 397 634 swimming-pool 0.2446
1986 391 1998 371 2040 397 2028 417 swimming-pool 0.2179
1343 487 1372 472 1389 506 1360 520 swimming-pool 0.2016
1052 534 1071 523 1094 561 1075 573 swimming-pool 0.1865
822 582 820 550 884 545 887 577 swimming-pool 0.1321
1779 467 1770 440 1809 427 1817 454 swimming-pool 0.1130
