460 3409 426 3387 456 3340 490 3362 plane 0.1909
560 3372 538 3358 573 3303 595 3316 ship 0.7400
803 3084 779 3067 803 3032 827 3048 ship 0.7179
654 3153 639 3133 687 3098 701 3118 ship 0.6875
964 2613 980 2592 1037 2634 1021 2655 ship 0.6252
708 3355 726 3332 781 3375 764 3398 ship 0.5092
1521 635 1521 598 1644 596 1644 633 ship 0.4879
632 3112 609 3095 644 3048 667 3066 ship 0.4626
69 3174 90 3147 132 3178 111 3206 ship 0.4492
1264 1829 1242 1814 1272 1771 1294 1787 ship 0.4122
1565 349 1557 324 1649 294 1657 318 ship 0.3948
1077 2155 1104 2143 1130 2205 1103 2216 ship 0.3480
1590 504 1587 470 1641 465 1644 499 ship 0.3046
866 2717 886 2699 938 2756 918 2775 ship 0.2910
1603 360 1633 346 1660 406 1630 419 ship 0.2905
123 3159 100 3144 148 3071 170 3086 ship 0.2857
884 2681 906 2659 956 2708 934 2730 ship 0.2691
899 2146 875 2129 914 2076 937 2093 ship 0.2573
201 3193 220 3171 271 3216 253 3238 ship 0.2386
1044 2184 1070 2167 1107 2225 1082 2241 ship 0.2381
921 2844 901 2826 946 2775 966 2793 ship 0.2131
338 3054 316 3032 351 2997 373 3019 ship 0.2067
1103 2140 1133 2125 1165 2192 1135 2207 ship 0.1834
785 2511 796 2500 866 2563 856 2574 ship 0.1809
1551 384 1584 370 1614 445 1582 459 ship 0.1638
1368 1900 1337 1872 1369 1835 1400 1863 ship 0.1526
1411 1830 1382 1810 1413 1765 1442 1785 ship 0.1471
1140 2487 1110 2457 1141 2427 1171 2456 ship 0.1381
1338 1874 1312 1859 1343 1801 1370 1815 ship 0.1196
470 3319 436 3291 468 3251 503 3279 ship 0.1111
1566 686 1564 646 1647 643 1648 683 ship 0.1042
1018 3221 1019 3124 1117 3124 1116 3222 roundabout 0.1988
1313 1828 1262 1792 1313 1719 1364 1755 harbor 0.4998
1157 1933 1178 1905 1246 1954 1225 1982 harbor 0.2989
1210 1872 1222 1851 1287 1888 1275 1909 harbor 0.2534
480 3303 498 3275 537 3300 519 3328 harbor 0.2035
1372 1628 1388 1595 1459 1631 1443 1663 harbor 0.1251
1413 424 1401 387 1548 343 1560 380 harbor 0.1071
1307 1917 1327 1891 1356 1914 1336 1940 swimming-pool 0.2913
1392 2120 1366 2110 1384 2060 1410 2070 swimming-pool 0.1259
