2458 166 2439 145 2482 105 2501 126 small-vehicle 0.1380
1029 1918 1011 1898 1060 1856 1077 1876 ship 0.8801
1114 688 1095 667 1144 622 1163 642 ship 0.8753
648 1521 628 1501 664 1465 684 1485 ship 0.8676
892 1769 870 1745 910 1708 932 1732 ship 0.8556
2419 458 2394 430 2435 395 2460 423 ship 0.8479
1387 2274 1363 2249 1399 2212 1424 2236 ship 0.8287
1728 1029 1710 1009 1760 963 1778 982 ship 0.8179
970 1858 954 1841 1002 1797 1017 1814 ship 0.8113
413 1272 391 1249 426 1213 449 1236 ship 0.8068
2690 1091 2669 1066 2714 1029 2734 1053 ship 0.8051
2321 360 2301 336 2350 295 2370 319 ship 0.7838
1455 2012 1438 1995 1481 1954 1497 1971 ship 0.7766
2205 176 2224 157 2276 211 2257 229 ship 0.7725
3073 1273 3055 1253 3102 1213 3119 1234 ship 0.7690
1613 2493 1596 2476 1636 2435 1653 2452 ship 0.7645
3086 1388 3103 1368 3142 1401 3125 1421 ship 0.7575
1792 1094 1772 1074 1820 1027 1839 1047 ship 0.7562
1217 783 1195 759 1239 718 1261 743 ship 0.7545
1787 2564 1805 2547 1845 2587 1827 2605 ship 0.7390
505 1386 482 1361 540 1307 563 1332 ship 0.7103
1352 1902 1339 1884 1386 1849 1399 1866 ship 0.6929
1763 98 1736 78 1767 38 1794 58 ship 0.6767
771 1600 790 1582 837 1633 818 1651 ship 0.6702
1540 2107 1520 2085 1564 2046 1584 2069 ship 0.6678
204 1076 187 1055 237 1012 255 1033 ship 0.6661
560 1016 538 995 580 952 602 973 ship 0.6553
1642 1254 1623 1236 1665 1191 1684 1209 ship 0.6472
1779 2362 1760 2344 1804 2297 1823 2315 ship 0.6357
1106 299 1130 279 1170 327 1147 347 ship 0.6127
1550 2439 1533 2421 1571 2384 1589 2402 ship 0.5964
3035 1215 3012 1192 3050 1152 3073 1174 ship 0.5944
1509 2397 1491 2379 1530 2341 1548 2359 ship 0.5891
2166 1799 2146 1780 2193 1726 2214 1745 ship 0.5821
2418 782 2393 756 2432 718 2457 744 ship 0.5597
1222 1741 1197 1716 1237 1675 1263 1700 ship 0.5069
453 1288 473 1269 512 1311 492 1330 ship 0.5054
1685 974 1670 956 1724 911 1739 930 ship 0.4829
959 1429 937 1407 977 1368 999 1391 ship 0.4475
1455 1059 1437 1037 1478 1003 1496 1025 ship 0.4458
853 402 829 374 874 336 898 364 ship 0.4442
1497 747 1480 726 1527 687 1544 708 ship 0.4434
992 1880 977 1860 1027 1822 1042 1842 ship 0.4378
2059 1677 2043 1658 2090 1619 2106 1637 ship 0.4221
2104 54 2129 31 2173 78 2147 102 ship 0.4150
1744 2311 1728 2291 1772 2254 1788 2274 ship 0.4065
1399 658 1422 638 1460 683 1436 703 ship 0.3914
2307 669 2285 643 2328 606 2350 633 ship 0.3898
2243 1883 2232 1859 2291 1832 2303 1856 ship 0.3675
2739 1124 2721 1103 2760 1070 2778 1090 ship 0.3542
1706 996 1689 978 1744 927 1760 944 ship 0.3500
1891 1182 1873 1163 1919 1117 1937 1136 ship 0.3438
1296 873 1270 842 1307 811 1333 842 ship 0.3406
1529 735 1555 710 1613 771 1587 796 ship 0.3223
901 1333 927 1310 977 1367 951 1390 ship 0.3210
434 901 403 871 439 833 470 864 ship 0.2635
1648 2226 1633 2209 1679 2167 1695 2184 ship 0.2522
1625 908 1605 886 1656 840 1676 862 ship 0.2478
1417 2286 1444 2260 1483 2301 1456 2327 ship 0.2429
2962 1378 2939 1350 2982 1314 3005 1342 ship 0.2234
505 946 532 920 574 964 548 990 ship 0.2196
1365 921 1383 904 1424 949 1406 966 ship 0.2126
2107 109 2138 82 2173 122 2142 149 ship 0.2059
1666 2547 1648 2530 1687 2488 1705 2505 ship 0.1749
2061 1383 2039 1364 2078 1319 2100 1338 ship 0.1596
545 1400 575 1373 624 1428 593 1455 ship 0.1562
3112 1352 3130 1333 3171 1372 3153 1391 ship 0.1474
304 690 327 667 376 714 353 738 ship 0.1451
1614 849 1590 822 1630 787 1654 815 ship 0.1343
2274 1944 2300 1916 2337 1952 2311 1979 ship 0.1342
2362 792 2330 764 2377 712 2408 741 ship 0.1302
1439 620 1462 600 1502 645 1478 666 ship 0.1191
2079 413 2104 390 2156 447 2131 470 ship 0.1163
2248 1576 2271 1556 2313 1605 2291 1624 ship 0.1130
1381 1944 1364 1925 1413 1881 1430 1900 ship 0.1068
2173 1515 2153 1493 2195 1456 2215 1477 ship 0.1008
1866 1506 1839 1477 1882 1439 1908 1468 harbor 0.7829
2660 754 2638 720 2686 688 2708 722 harbor 0.7739
649 1104 612 1065 655 1026 691 1065 harbor 0.7657
541 988 509 949 553 914 584 952 harbor 0.7176
2581 656 2557 619 2597 593 2622 630 harbor 0.7018
1917 240 1897 219 1943 176 1962 197 harbor 0.6956
847 1306 810 1264 853 1227 890 1270 harbor 0.6322
2183 1522 2158 1496 2206 1450 2231 1476 harbor 0.6274
1248 2148 1217 2110 1257 2077 1288 2115 harbor 0.6084
1442 2339 1409 2301 1448 2268 1481 2306 harbor 0.5918
749 1196 721 1161 775 1118 802 1153 harbor 0.5658
833 394 792 353 837 308 879 349 harbor 0.5214
2931 1085 2897 1051 2933 1015 2966 1049 harbor 0.5043
860 1755 828 1721 864 1688 896 1721 harbor 0.5025
2000 1316 1979 1292 2032 1246 2053 1269 harbor 0.4955
1123 2017 1161 1984 1201 2029 1163 2062 harbor 0.4654
1269 1777 1303 1747 1347 1796 1312 1826 harbor 0.4640
1663 2552 1643 2533 1686 2488 1706 2508 harbor 0.4284
1210 1717 1175 1680 1217 1641 1252 1677 harbor 0.3996
2245 606 2287 570 2324 613 2283 649 harbor 0.3831
1077 1587 1121 1545 1165 1591 1120 1633 harbor 0.3627
2568 967 2536 927 2583 888 2616 928 harbor 0.3612
985 1503 964 1477 1023 1428 1044 1453 harbor 0.3524
1037 1912 1060 1890 1098 1930 1075 1952 harbor 0.3515
1088 666 1065 641 1111 598 1134 622 harbor 0.3310
2775 871 2743 830 2803 783 2835 825 harbor 0.3247
2763 1161 2735 1128 2776 1093 2804 1126 harbor 0.3206
1190 2084 1163 2056 1211 2010 1238 2039 harbor 0.3095
2974 1148 3004 1117 3053 1164 3023 1195 harbor 0.3037
2482 525 2457 495 2498 462 2523 492 harbor 0.2895
2249 1576 2285 1546 2328 1597 2293 1627 harbor 0.2711
1832 2495 1854 2469 1914 2518 1892 2544 harbor 0.2576
2824 959 2855 929 2886 962 2855 991 harbor 0.2551
1381 1941 1362 1920 1414 1872 1433 1893 harbor 0.2482
290 1167 262 1133 301 1101 329 1136 harbor 0.2334
182 1056 158 1030 201 990 225 1016 harbor 0.2272
430 1314 459 1293 501 1349 472 1370 harbor 0.1929
2064 1384 2039 1362 2084 1312 2110 1335 harbor 0.1928
2208 1910 2171 1870 2215 1830 2252 1870 harbor 0.1925
1958 1577 1930 1548 1973 1507 2001 1537 harbor 0.1914
1356 934 1375 914 1419 956 1399 976 harbor 0.1848
391 1256 362 1226 394 1195 423 1225 harbor 0.1769
2313 327 2282 285 2337 245 2368 287 harbor 0.1654
1285 863 1254 829 1291 796 1322 830 harbor 0.1506
1658 1276 1638 1251 1689 1211 1709 1236 harbor 0.1248
1700 2597 1728 2567 1759 2597 1730 2626 harbor 0.1244
952 1402 921 1364 959 1333 990 1370 harbor 0.1202
522 1401 564 1358 659 1451 617 1494 harbor 0.1173
2445 846 2472 819 2504 850 2478 878 harbor 0.1142
1974 1604 1954 1579 2006 1536 2026 1561 harbor 0.1130
1782 107 1812 79 1844 114 1815 142 harbor 0.1103
2915 1319 2947 1289 2991 1335 2959 1366 harbor 0.1093
1184 759 1165 737 1213 694 1232 716 harbor 0.1072
2760 868 2790 839 2825 875 2795 904 harbor 0.1071
1797 2549 1814 2531 1859 2575 1841 2593 harbor 0.1063
1712 1003 1695 983 1751 932 1768 952 harbor 0.1049
2069 422 2101 392 2159 453 2127 483 harbor 0.1034
910 480 884 451 921 418 947 447 harbor 0.1025
1607 878 1588 857 1644 805 1663 826 harbor 0.1019
