1695 324 1712 314 1737 357 1720 367 ship 0.7913
627 1026 639 1017 659 1044 647 1053 ship 0.5543
498 1099 513 1091 532 1123 517 1131 ship 0.5253
419 1171 435 1160 453 1185 437 1196 ship 0.2761
653 961 666 951 696 995 683 1004 ship 0.2735
506 1070 522 1059 554 1107 538 1118 ship 0.2716
11 554 23 545 41 568 29 577 ship 0.2492
1735 295 1745 289 1770 334 1760 340 ship 0.1514
681 985 691 977 717 1012 706 1020 ship 0.1461
1513 657 1491 625 1625 532 1648 564 ship 0.1343
1562 759 1552 746 1597 713 1607 726 ship 0.1143
906 555 956 517 1117 735 1066 772 harbor 0.9956
652 828 677 812 776 959 751 976 harbor 0.9858
1489 347 1510 337 1572 465 1551 475 harbor 0.9710
232 1238 288 1208 329 1284 273 1314 harbor 0.9677
737 732 770 710 887 880 854 903 harbor 0.9531
592 836 608 827 719 1014 703 1024 harbor 0.9464
314 967 335 954 466 1160 445 1173 harbor 0.9396
1537 314 1588 282 1662 399 1611 431 harbor 0.9301
1582 153 1615 125 1785 326 1752 354 harbor 0.9086
319 1202 355 1180 390 1236 354 1258 harbor 0.9018
1081 476 1099 460 1219 594 1201 610 harbor 0.9016
1181 490 1197 477 1289 598 1273 611 harbor 0.8541
871 617 889 605 1021 789 1003 802 harbor 0.8255
1302 474 1316 463 1375 544 1360 554 harbor 0.8023
514 963 535 948 625 1071 604 1086 harbor 0.7563
513 832 518 829 654 1048 649 1052 harbor 0.7487
427 956 451 942 551 1111 527 1125 harbor 0.7323
771 627 797 609 957 829 932 847 harbor 0.6410
1577 764 1562 741 1936 493 1951 515 harbor 0.3652
1555 737 1555 737 1943 486 1943 486 harbor 0.1565
1522 667 1481 600 2005 274 2046 341 harbor 0.1431
1537 258 1548 248 1602 303 1592 313 harbor 0.1239
555 25 546 7 576 -8 586 8 swimming-pool 0.4790
