271 64 286 53 310 86 294 97 small-vehicle 0.8367
1244 1398 1261 1392 1273 1425 1256 1432 small-vehicle 0.7884
252 7 267 -4 290 25 275 36 small-vehicle 0.6782
238 20 252 10 276 42 262 52 small-vehicle 0.6326
1104 58 1115 47 1135 68 1124 79 small-vehicle 0.4122
1229 1357 1245 1351 1258 1385 1242 1391 small-vehicle 0.3953
82 295 91 278 124 294 116 312 small-vehicle 0.3716
236 510 247 499 271 522 260 533 small-vehicle 0.2839
1232 184 1219 172 1245 143 1258 155 small-vehicle 0.2721
71 312 79 298 113 314 105 329 small-vehicle 0.2592
100 762 108 744 136 757 129 774 small-vehicle 0.1562
118 648 124 632 158 646 152 662 small-vehicle 0.1424
973 885 893 852 964 686 1043 720 tennis-court 0.9997
246 1228 170 1197 238 1033 314 1065 tennis-court 0.9996
809 487 732 455 800 289 877 321 tennis-court 0.9996
821 1145 745 1113 814 949 890 981 tennis-court 0.9996
565 709 488 676 561 510 637 543 tennis-court 0.9995
853 834 776 799 849 636 926 671 tennis-court 0.9995
690 760 617 731 682 568 755 598 tennis-court 0.9994
410 977 335 944 408 778 483 810 tennis-court 0.9993
697 1098 620 1067 688 896 765 927 tennis-court 0.9993
657 1401 583 1370 653 1203 727 1235 tennis-court 0.9992
531 1349 456 1317 528 1149 603 1182 tennis-court 0.9986
532 1025 462 995 533 831 602 861 tennis-court 0.9983
367 1277 299 1248 370 1084 437 1113 tennis-court 0.9966
1006 485 1061 391 1234 491 1179 586 swimming-pool 0.9577
505 393 488 378 511 354 527 370 swimming-pool 0.2116
