1597 1168 1580 1155 1603 1125 1620 1138 large-vehicle 0.1477
38 2942 16 2921 46 2890 68 2911 ship 0.8213
56 2855 67 2837 107 2862 96 2880 ship 0.7739
534 2299 515 2285 581 2203 599 2218 ship 0.6918
613 2200 596 2186 634 2139 651 2153 ship 0.6109
101 2808 116 2791 169 2837 155 2854 ship 0.5170
265 2664 241 2642 270 2611 294 2633 ship 0.4088
178 2777 149 2754 173 2724 202 2746 ship 0.3865
1166 1425 1146 1412 1176 1369 1195 1383 ship 0.3673
652 2106 674 2075 711 2101 689 2132 ship 0.3616
48 1542 73 1534 97 1601 73 1610 ship 0.3248
1370 1175 1349 1152 1386 1117 1408 1140 ship 0.3154
740 2050 724 2038 759 1989 776 2002 ship 0.2991
485 2284 461 2269 523 2175 546 2190 ship 0.2900
183 1572 211 1569 220 1650 192 1653 ship 0.2043
1511 552 1526 531 1569 562 1554 583 ship 0.1990
1539 1050 1507 1025 1535 990 1567 1015 ship 0.1854
1476 1084 1451 1057 1486 1027 1510 1054 ship 0.1839
242 2779 214 2753 249 2713 278 2739 ship 0.1658
34 3039 57 3010 123 3062 101 3091 ship 0.1628
1591 524 1563 496 1592 466 1621 494 ship 0.1602
776 2007 755 1991 796 1939 817 1956 ship 0.1474
992 1618 1005 1598 1053 1629 1040 1649 ship 0.1462
1431 1042 1451 1014 1480 1035 1460 1063 ship 0.1457
200 2669 221 2652 252 2690 230 2707 ship 0.1419
1611 444 1624 427 1664 455 1652 473 ship 0.1387
1277 1238 1293 1216 1333 1245 1316 1267 ship 0.1176
1435 727 1489 675 1609 800 1555 852 ship 0.1174
761 2119 782 2099 812 2131 790 2151 swimming-pool 0.1414
