1495 844 1462 834 1477 780 1511 790 ship 0.5768
1613 913 1578 900 1599 842 1634 855 ship 0.4862
162 256 190 216 234 247 206 287 ship 0.4044
1495 796 1458 789 1471 715 1509 722 ship 0.3472
419 435 392 408 447 354 474 381 ship 0.2715
1803 965 1814 929 1868 946 1856 983 ship 0.2404
3466 1118 3440 1074 3490 1045 3516 1089 ship 0.2245
1381 832 1339 819 1359 756 1400 768 ship 0.2038
1964 1004 1916 988 1933 938 1981 954 ship 0.1937
1335 714 1362 676 1414 712 1387 751 ship 0.1858
2920 1190 2903 1144 2949 1128 2966 1173 ship 0.1592
3687 741 3661 707 3711 668 3737 701 ship 0.1541
3854 970 3834 933 3890 902 3910 940 ship 0.1449
3324 307 3297 264 3341 236 3368 280 ship 0.1331
845 649 809 629 837 578 873 598 ship 0.1278
714 582 739 547 789 582 764 617 ship 0.1256
481 198 454 176 538 74 565 96 ship 0.1128
3080 1024 3140 1014 3150 1079 3089 1088 ship 0.1097
406 321 372 282 413 247 447 287 ship 0.1097
622 573 578 552 612 482 656 503 harbor 0.8781
294 368 256 336 329 250 367 282 harbor 0.7340
3664 871 3704 841 3807 984 3766 1013 harbor 0.7210
929 731 882 687 933 631 981 675 harbor 0.6349
4147 778 4122 738 4173 705 4198 745 harbor 0.5869
713 588 737 550 787 581 763 619 harbor 0.5074
2506 1142 2448 1120 2478 1043 2536 1065 harbor 0.4200
2625 1096 2697 1064 2731 1140 2658 1172 harbor 0.3891
4187 634 4231 604 4277 670 4234 701 harbor 0.3394
3857 969 3833 930 3888 896 3912 935 harbor 0.3354
3100 1059 3157 1055 3164 1159 3107 1163 harbor 0.3267
207 284 165 253 199 205 242 236 harbor 0.2911
490 493 463 472 509 411 536 431 harbor 0.2670
4082 858 4054 825 4095 791 4123 823 harbor 0.2396
421 442 389 411 449 349 481 380 harbor 0.2369
2900 1073 2953 1071 2956 1187 2904 1188 harbor 0.2152
3515 918 3547 895 3641 1028 3609 1051 harbor 0.2026
841 649 800 621 832 575 873 604 harbor 0.1112
3022 927 3073 916 3085 977 3034 988 swimming-pool 0.2830
1342 701 1368 671 1414 709 1388 740 swimming-pool 0.1396
