749 3601 377 3481 523 3029 895 3149 plane 0.9998
1487 3006 1541 2527 2147 2595 2093 3074 plane 0.9997
2971 3354 3070 2945 3610 3075 3512 3484 plane 0.9996
1166 3138 1505 2937 1735 3327 1397 3527 plane 0.9996
2855 4305 2610 3785 3150 3531 3395 4051 plane 0.9995
1294 866 1700 674 1923 1147 1517 1338 plane 0.9994
3608 2982 3756 2633 4205 2824 4057 3173 plane 0.9991
2086 2189 2416 1992 2653 2389 2324 2586 plane 0.9991
1947 982 2438 616 2869 1195 2379 1561 plane 0.9990
2355 4552 2107 4024 2638 3774 2886 4302 plane 0.9990
3242 3639 3473 3538 3593 3814 3361 3914 plane 0.9989
1714 1832 1444 1313 1998 1025 2267 1544 plane 0.9984
1864 1815 2179 1644 2392 2040 2077 2210 plane 0.9977
3085 4732 2703 4668 2784 4180 3166 4244 plane 0.9970
618 2993 679 2820 880 2891 819 3064 plane 0.9710
407 2480 384 2465 442 2378 465 2393 large-vehicle 0.2469
