3628 1516 3665 1399 3784 1438 3746 1554 plane 0.9888
2596 2721 2541 2644 2623 2586 2677 2663 plane 0.9589
3417 1731 3524 1676 3584 1793 3477 1848 plane 0.9146
5421 611 5491 561 5544 636 5473 685 plane 0.8152
2656 2647 2624 2579 2722 2531 2755 2598 plane 0.8086
3905 1504 3869 1409 3973 1370 4009 1465 plane 0.7598
2829 2538 2789 2474 2870 2424 2909 2487 plane 0.6321
3223 5105 2889 4979 3136 4320 3470 4446 ground-track-field 0.1625
2102 2221 2139 2197 2217 2314 2181 2338 large-vehicle 0.2287
3171 5106 2883 4967 3183 4346 3471 4485 tennis-court 0.2335
6134 3894 6283 3893 6285 4059 6136 4060 tennis-court 0.1413
