2419 1833 2377 1649 2576 1605 2617 1789 plane 0.9989
4063 3763 4012 3663 4118 3608 4170 3708 plane 0.9982
4174 3745 4107 3546 4323 3474 4390 3673 plane 0.9979
2219 2771 2428 2623 2611 2880 2402 3029 plane 0.9978
2770 2013 2618 1849 2801 1680 2952 1844 plane 0.9978
5215 4923 5175 4818 5283 4777 5323 4882 plane 0.9978
3882 3801 3839 3697 3964 3645 4007 3749 plane 0.9974
3295 2980 3246 2879 3377 2817 3425 2918 plane 0.9964
4871 4819 4842 4744 4931 4710 4959 4785 plane 0.9958
500 665 506 468 714 473 708 671 plane 0.9958
5007 4980 4964 4894 5065 4844 5107 4930 plane 0.9952
4253 4386 4201 4288 4317 4227 4369 4325 plane 0.9921
4032 3928 4000 3832 4114 3795 4145 3891 plane 0.9920
5099 4501 5076 4416 5172 4390 5195 4475 plane 0.9920
4174 4101 4133 4015 4237 3966 4278 4053 plane 0.9915
3518 2902 3479 2807 3599 2758 3638 2853 plane 0.9912
4622 4416 4595 4342 4679 4311 4706 4385 plane 0.9902
4768 4379 4721 4302 4804 4252 4851 4329 plane 0.9900
4959 4768 4936 4691 5025 4664 5048 4742 plane 0.9892
3574 2308 3511 2247 3584 2170 3648 2231 plane 0.9881
4721 4863 4694 4778 4784 4749 4810 4835 plane 0.9873
3755 2792 3716 2717 3796 2675 3835 2750 plane 0.9851
3779 2661 3880 2602 3941 2707 3840 2766 plane 0.9831
3661 3207 3843 3130 3930 3339 3748 3415 plane 0.9824
3333 2348 3396 2300 3451 2373 3388 2420 plane 0.9789
4049 2736 4034 2647 4136 2630 4150 2719 plane 0.9746
5016 4537 4983 4459 5064 4424 5097 4502 plane 0.9735
4518 4439 4494 4371 4586 4337 4611 4406 plane 0.9733
5133 4711 5110 4635 5195 4609 5217 4685 plane 0.9732
4133 4184 4204 4148 4250 4240 4180 4276 plane 0.9729
3858 3988 3822 3912 3903 3874 3938 3951 plane 0.9691
2761 2256 2688 2153 2806 2070 2879 2173 plane 0.9685
787 1456 886 1351 994 1454 896 1559 plane 0.9648
3606 3841 3748 3777 3829 3957 3687 4021 plane 0.9642
3382 2666 3453 2628 3500 2718 3429 2755 plane 0.9630
4920 4563 4897 4494 4980 4466 5003 4535 plane 0.9624
5055 4257 5039 4166 5133 4150 5148 4242 plane 0.9556
2819 2994 2736 2871 2858 2789 2941 2911 plane 0.9533
2642 2329 2581 2249 2679 2173 2740 2253 plane 0.9526
3614 2852 3590 2774 3679 2747 3703 2825 plane 0.9508
2557 2378 2502 2313 2566 2258 2621 2323 plane 0.9495
4730 2391 4815 2345 4866 2438 4780 2484 plane 0.9446
4830 5052 4796 4972 4901 4927 4935 5007 plane 0.9424
5048 4741 5026 4668 5108 4643 5130 4716 plane 0.9419
4015 4465 3965 4384 4072 4316 4122 4398 plane 0.9379
4089 4342 4164 4310 4199 4393 4124 4424 plane 0.9356
3441 2297 3503 2262 3545 2339 3482 2373 plane 0.9347
986 1422 906 1348 988 1260 1067 1334 plane 0.9340
3880 4146 3998 4101 4047 4231 3928 4275 plane 0.9289
3834 4255 3805 4184 3886 4151 3915 4222 plane 0.9164
2474 2447 2419 2390 2477 2335 2532 2392 plane 0.8983
3546 3874 3618 3837 3659 3915 3587 3953 plane 0.8898
3274 2275 3220 2220 3289 2152 3343 2207 plane 0.8554
3460 2169 3426 2102 3515 2056 3549 2124 plane 0.8498
3154 2750 3053 2636 3170 2532 3271 2647 plane 0.8474
3238 2592 3188 2540 3241 2489 3291 2540 plane 0.8155
2889 2120 2837 2048 2930 1981 2982 2053 plane 0.6973
2791 2690 2713 2590 2822 2506 2900 2606 plane 0.6927
4878 3060 4979 3046 5001 3213 4900 3226 plane 0.6699
5102 4943 5081 4878 5157 4853 5178 4918 plane 0.6602
3302 2532 3263 2476 3330 2429 3369 2484 plane 0.5484
4803 3297 4738 3265 4778 3185 4843 3217 plane 0.5441
2951 2526 2900 2477 2965 2409 3016 2457 plane 0.5039
4487 5165 4451 5107 4525 5060 4562 5118 plane 0.4988
3153 2373 3102 2315 3173 2253 3224 2311 plane 0.4941
3371 2422 3437 2394 3466 2462 3401 2490 plane 0.3730
3436 2820 3398 2752 3478 2709 3515 2777 plane 0.3395
3000 2902 2910 2776 3087 2651 3176 2777 plane 0.3082
4244 3001 4205 2917 4300 2872 4340 2955 plane 0.2594
2344 2444 2409 2389 2464 2454 2400 2509 plane 0.2546
3343 2314 3302 2251 3378 2203 3418 2265 plane 0.1456
3434 2910 3406 2847 3485 2813 3512 2876 plane 0.1406
578 1391 606 1365 683 1446 655 1473 large-vehicle 0.2296
2776 2700 2702 2598 2849 2490 2923 2592 helicopter 0.2269
3034 2862 2975 2758 3085 2695 3145 2798 helicopter 0.1512
