441 655 436 646 455 633 461 643 small-vehicle 0.7965
318 643 312 634 331 623 337 632 small-vehicle 0.7769
506 626 518 620 530 645 517 651 small-vehicle 0.7087
313 445 307 435 334 418 340 428 small-vehicle 0.6485
322 653 317 644 336 633 341 641 small-vehicle 0.6437
583 35 579 24 601 17 604 28 small-vehicle 0.6166
313 636 307 627 325 615 331 624 small-vehicle 0.5929
326 772 321 762 341 752 346 763 small-vehicle 0.5475
585 179 581 170 598 162 602 171 small-vehicle 0.5394
570 16 566 6 585 -1 589 8 small-vehicle 0.5110
217 470 211 460 241 442 247 452 small-vehicle 0.4808
367 516 359 506 380 489 388 499 small-vehicle 0.4730
308 626 302 617 322 605 328 614 small-vehicle 0.3944
510 134 506 125 527 115 531 125 small-vehicle 0.3763
491 629 502 623 517 650 507 656 small-vehicle 0.3125
437 646 431 637 448 624 454 633 small-vehicle 0.3027
380 752 375 744 392 734 397 742 small-vehicle 0.2936
359 763 375 755 386 776 370 784 small-vehicle 0.2581
482 633 492 628 507 655 497 661 small-vehicle 0.2380
149 126 156 121 167 139 159 143 small-vehicle 0.2292
517 617 513 606 539 595 544 606 small-vehicle 0.2044
515 605 510 594 537 582 542 593 small-vehicle 0.1915
212 459 206 450 236 430 242 440 small-vehicle 0.1704
200 449 194 439 228 419 234 429 small-vehicle 0.1300
471 530 467 520 506 504 510 514 large-vehicle 0.9936
465 518 461 508 499 491 504 501 large-vehicle 0.9882
389 356 384 347 421 327 426 336 large-vehicle 0.9876
422 416 416 407 451 385 457 394 large-vehicle 0.9843
477 543 472 533 511 515 516 525 large-vehicle 0.9824
416 406 410 397 445 376 451 385 large-vehicle 0.9823
457 507 453 496 493 480 497 491 large-vehicle 0.9804
496 591 492 581 533 565 537 575 large-vehicle 0.9802
409 393 403 384 438 362 443 371 large-vehicle 0.9777
369 321 363 312 401 291 407 300 large-vehicle 0.9777
256 335 250 325 282 306 288 315 large-vehicle 0.9767
289 396 283 386 314 366 320 375 large-vehicle 0.9763
375 334 370 324 406 303 412 312 large-vehicle 0.9762
303 418 297 408 329 388 335 398 large-vehicle 0.9754
281 385 275 376 307 355 313 364 large-vehicle 0.9753
483 554 479 544 519 529 523 539 large-vehicle 0.9748
495 578 491 567 531 552 535 562 large-vehicle 0.9736
430 429 424 420 460 397 466 407 large-vehicle 0.9735
294 406 288 397 320 377 326 387 large-vehicle 0.9721
400 383 394 373 431 353 437 362 large-vehicle 0.9716
394 369 388 360 425 339 430 348 large-vehicle 0.9706
380 347 375 337 412 316 418 325 large-vehicle 0.9683
195 435 190 426 224 406 230 416 large-vehicle 0.9680
262 348 256 338 290 319 295 328 large-vehicle 0.9655
308 430 302 421 335 402 340 411 large-vehicle 0.9642
184 412 178 402 211 382 217 391 large-vehicle 0.9640
455 492 451 481 490 466 494 477 large-vehicle 0.9635
248 325 243 315 278 296 283 305 large-vehicle 0.9631
178 398 172 388 208 368 213 378 large-vehicle 0.9572
434 443 429 432 469 415 473 426 large-vehicle 0.9533
186 424 180 415 215 394 221 404 large-vehicle 0.9494
438 455 434 445 473 428 477 438 large-vehicle 0.9370
449 479 445 469 484 453 488 464 large-vehicle 0.9282
376 525 370 516 406 491 412 500 large-vehicle 0.9270
200 449 195 439 229 418 235 428 large-vehicle 0.9205
441 468 437 457 477 441 481 452 large-vehicle 0.9187
490 566 485 556 520 542 524 552 large-vehicle 0.9180
221 484 215 474 249 454 255 463 large-vehicle 0.9138
224 497 218 487 253 467 259 477 large-vehicle 0.9022
170 389 164 379 197 357 203 366 large-vehicle 0.8912
212 460 206 450 235 431 242 441 large-vehicle 0.8206
217 470 211 460 242 442 248 452 large-vehicle 0.6700
482 634 492 628 507 654 496 660 large-vehicle 0.5383
312 446 306 436 334 419 340 428 large-vehicle 0.4394
528 583 541 578 559 623 546 628 large-vehicle 0.3322
409 598 424 589 451 633 436 642 large-vehicle 0.3249
491 629 502 623 517 650 507 656 large-vehicle 0.3018
505 626 517 620 529 645 517 651 large-vehicle 0.1225
