334 480 344 477 351 499 341 502 small-vehicle 0.9622
142 373 154 369 161 392 149 396 small-vehicle 0.9313
58 375 54 365 76 358 80 368 small-vehicle 0.9289
36 293 29 286 45 271 52 278 small-vehicle 0.9230
535 216 531 204 555 197 559 209 small-vehicle 0.9215
23 253 15 246 29 228 37 235 small-vehicle 0.9050
31 280 25 272 42 258 49 266 small-vehicle 0.8845
315 488 324 485 331 506 322 509 small-vehicle 0.8830
443 497 454 494 461 518 451 522 small-vehicle 0.8829
138 451 135 441 153 435 156 444 small-vehicle 0.8719
530 204 527 193 552 185 555 196 small-vehicle 0.8567
337 538 347 534 353 555 343 558 small-vehicle 0.8440
421 506 432 501 441 525 430 529 small-vehicle 0.8151
27 265 21 257 35 245 42 253 small-vehicle 0.8073
335 423 333 414 352 408 355 418 small-vehicle 0.8067
285 498 295 495 301 515 291 518 small-vehicle 0.8010
15 223 6 216 20 199 29 206 small-vehicle 0.7948
375 526 386 522 393 542 383 546 small-vehicle 0.7297
343 449 342 439 364 435 365 445 small-vehicle 0.6090
217 225 213 213 249 202 252 214 small-vehicle 0.4083
324 389 321 376 356 367 359 380 small-vehicle 0.3365
586 456 582 444 613 434 617 447 small-vehicle 0.2908
553 360 549 348 585 337 588 350 small-vehicle 0.2858
580 442 576 429 611 419 615 432 small-vehicle 0.2806
562 374 558 361 590 352 594 364 small-vehicle 0.2632
346 531 357 527 364 551 353 555 small-vehicle 0.2581
568 402 564 389 597 378 601 391 small-vehicle 0.2433
330 412 326 399 366 387 370 399 small-vehicle 0.1872
216 208 212 195 249 183 253 196 small-vehicle 0.1338
568 418 564 405 604 393 608 406 small-vehicle 0.1057
356 529 366 526 374 549 364 553 small-vehicle 0.1009
450 421 447 409 499 394 502 406 large-vehicle 0.9950
409 65 419 62 434 105 424 109 large-vehicle 0.9940
421 335 417 322 471 306 475 319 large-vehicle 0.9938
447 407 443 395 493 378 497 390 large-vehicle 0.9935
459 453 455 440 506 424 510 436 large-vehicle 0.9933
454 437 450 425 502 409 506 421 large-vehicle 0.9930
276 105 288 102 302 148 291 152 large-vehicle 0.9926
422 60 434 56 448 101 436 105 large-vehicle 0.9920
417 320 412 307 465 290 469 302 large-vehicle 0.9918
261 112 272 108 287 152 276 156 large-vehicle 0.9903
413 303 409 291 459 275 463 287 large-vehicle 0.9898
306 97 318 93 332 139 320 143 large-vehicle 0.9891
437 361 433 350 483 332 487 344 large-vehicle 0.9871
363 78 373 75 387 119 376 122 large-vehicle 0.9869
351 85 362 82 376 126 365 130 large-vehicle 0.9854
292 102 303 98 317 143 306 147 large-vehicle 0.9845
335 89 346 85 361 131 349 134 large-vehicle 0.9833
435 346 431 335 480 318 484 329 large-vehicle 0.9828
379 74 390 71 402 114 391 118 large-vehicle 0.9827
404 260 400 248 444 232 448 244 large-vehicle 0.9745
413 287 409 276 450 263 453 273 large-vehicle 0.9697
248 119 259 115 273 159 262 162 large-vehicle 0.9571
391 215 388 202 430 189 433 201 large-vehicle 0.9547
206 192 203 180 245 168 248 179 large-vehicle 0.9527
396 77 408 73 421 116 408 119 large-vehicle 0.9516
211 209 207 198 248 184 252 195 large-vehicle 0.9455
330 412 326 400 366 387 370 399 large-vehicle 0.9370
568 419 564 406 604 393 608 406 large-vehicle 0.9315
568 403 564 390 597 378 601 391 large-vehicle 0.8680
581 443 576 430 610 419 614 432 large-vehicle 0.8396
561 373 558 361 590 352 593 364 large-vehicle 0.7943
585 457 581 444 614 434 618 447 large-vehicle 0.7777
554 361 549 349 584 337 588 350 large-vehicle 0.7693
325 390 321 377 355 367 359 380 large-vehicle 0.7569
212 225 209 213 249 201 252 213 large-vehicle 0.7424
333 475 327 457 361 446 367 464 large-vehicle 0.2001
443 497 454 494 462 517 451 521 large-vehicle 0.1761
471 110 467 99 520 83 523 95 large-vehicle 0.1122
530 203 527 192 552 185 555 196 large-vehicle 0.1046
420 506 432 501 441 525 430 529 large-vehicle 0.1013
