1266 1693 1223 1617 1301 1572 1344 1648 plane 0.9561
1689 1054 1759 1013 1803 1087 1733 1128 plane 0.9451
1330 1516 1285 1439 1364 1393 1409 1469 plane 0.9422
1477 1475 1541 1433 1583 1497 1520 1539 plane 0.9419
1552 1419 1628 1376 1671 1453 1595 1496 plane 0.8928
922 1935 893 1871 962 1840 991 1904 plane 0.8687
1430 1208 1505 1169 1545 1248 1471 1286 plane 0.8640
1883 1209 1945 1174 1990 1253 1929 1288 plane 0.7952
1723 1310 1797 1263 1849 1344 1774 1391 plane 0.7644
2085 1177 2070 1116 2133 1101 2148 1162 plane 0.7552
1612 1098 1674 1061 1717 1132 1655 1170 plane 0.7065
559 390 532 343 591 310 617 358 plane 0.6864
1831 952 1915 906 1964 997 1879 1042 plane 0.6618
2016 1233 1973 1158 2049 1114 2092 1189 plane 0.6447
1030 1713 1115 1668 1164 1759 1078 1805 plane 0.5757
667 568 635 516 695 479 727 531 plane 0.5096
823 410 789 360 847 321 880 372 plane 0.4969
1314 310 1388 277 1425 360 1350 393 plane 0.4867
1391 1321 1355 1254 1423 1217 1459 1284 plane 0.4084
2140 1081 2192 1042 2235 1100 2183 1139 plane 0.4062
1417 1509 1469 1480 1509 1553 1457 1581 plane 0.3764
854 39 924 -1 969 74 898 115 plane 0.3628
861 487 836 442 905 403 930 448 plane 0.3081
978 2058 950 1996 1034 1960 1061 2022 plane 0.2175
740 261 709 210 771 173 802 223 plane 0.2143
968 1996 940 1949 994 1916 1023 1962 plane 0.2011
607 481 591 437 640 419 656 463 plane 0.1453
273 1 344 -41 390 34 319 77 plane 0.1081
3523 1784 3567 1728 3771 1893 3727 1949 bridge 0.9902
3208 2306 3208 2255 3528 2255 3528 2306 bridge 0.9753
2697 2111 2678 2082 2809 1997 2828 2027 large-vehicle 0.1270
148 2433 142 2401 271 2377 277 2409 ship 0.8788
3851 1633 3883 1619 3918 1703 3885 1717 ship 0.6895
539 2503 528 2477 599 2447 610 2473 ship 0.5811
3585 1595 3567 1563 3675 1503 3693 1535 ship 0.4452
3537 1521 3519 1501 3593 1437 3610 1457 ship 0.3296
1186 2469 1178 2432 1249 2417 1257 2454 ship 0.1123
2616 1959 2616 1910 2666 1910 2667 1959 storage-tank 0.9580
2675 1923 2675 1873 2725 1872 2725 1923 storage-tank 0.9301
2820 1951 2768 1951 2768 1898 2820 1898 storage-tank 0.9066
2703 2020 2655 2020 2655 1968 2703 1968 storage-tank 0.8907
2711 1935 2758 1934 2760 1984 2712 1985 storage-tank 0.8864
2732 1837 2780 1837 2781 1888 2733 1889 storage-tank 0.8826
2547 2022 2501 2022 2501 1973 2548 1973 storage-tank 0.8140
2536 2030 2582 2029 2583 2077 2537 2079 storage-tank 0.7492
2570 2135 2572 2086 2623 2088 2621 2138 storage-tank 0.6580
2825 1777 2873 1776 2874 1825 2826 1826 storage-tank 0.2204
2810 1894 2810 1850 2855 1850 2855 1894 storage-tank 0.1457
2781 1845 2779 1803 2822 1802 2824 1844 storage-tank 0.1331
3590 1597 3571 1566 3675 1502 3694 1532 harbor 0.2839
3545 1518 3523 1492 3591 1434 3613 1460 harbor 0.1826
1391 1321 1355 1254 1423 1217 1459 1284 helicopter 0.2457
1831 952 1915 906 1964 997 1879 1042 helicopter 0.2010
1227 1614 1300 1575 1342 1654 1269 1693 helicopter 0.1316
1616 1096 1670 1062 1711 1127 1657 1161 helicopter 0.1295
665 571 635 516 707 476 738 530 helicopter 0.1286
1134 1911 1097 1847 1175 1802 1212 1866 helicopter 0.1201
989 2067 953 1999 1026 1960 1062 2028 helicopter 0.1042
1032 1717 1114 1671 1161 1757 1080 1802 helicopter 0.1038
