2878 2658 2863 2598 2924 2582 2940 2642 bridge 0.9498
1913 3944 1900 3890 2000 3867 2013 3921 bridge 0.9112
2029 1288 2010 1236 2097 1204 2116 1256 bridge 0.7416
547 1304 536 1260 594 1245 606 1289 bridge 0.4510
2236 614 2285 586 2319 647 2270 675 bridge 0.3864
2728 488 2769 467 2797 523 2756 543 bridge 0.3743
3224 1997 3219 1973 3313 1953 3318 1977 large-vehicle 0.2015
689 892 667 864 710 829 732 857 ship 0.1415
627 887 661 866 692 916 658 937 ship 0.1202
591 918 637 901 654 948 609 965 storage-tank 0.3700
604 1103 586 1056 637 1036 655 1083 storage-tank 0.1630
