2800 1843 2818 1775 2893 1795 2876 1863 plane 0.9958
3426 1467 3435 1394 3515 1404 3507 1476 plane 0.9942
1236 1824 1301 1819 1307 1888 1242 1894 plane 0.9932
3367 1858 3377 1787 3449 1797 3439 1868 plane 0.9928
2655 1175 2658 1115 2729 1118 2726 1178 plane 0.9928
2433 1834 2440 1767 2512 1775 2505 1842 plane 0.9925
3467 1859 3474 1794 3541 1801 3534 1866 plane 0.9923
3556 1867 3563 1792 3641 1799 3633 1875 plane 0.9922
3005 1390 3017 1328 3088 1342 3076 1404 plane 0.9920
722 1889 715 1824 784 1816 791 1881 plane 0.9910
2904 1848 2912 1785 2983 1794 2975 1858 plane 0.9903
3249 1863 3184 1858 3190 1791 3255 1797 plane 0.9902
3304 3635 3306 3580 3379 3582 3377 3637 plane 0.9890
2876 2248 2813 2241 2820 2172 2883 2179 plane 0.9884
3000 1851 3005 1788 3071 1794 3066 1857 plane 0.9876
3520 1470 3526 1396 3606 1403 3600 1477 plane 0.9874
3272 1854 3282 1790 3353 1801 3343 1866 plane 0.9870
3650 1865 3662 1795 3734 1807 3723 1877 plane 0.9856
3090 1854 3096 1789 3164 1796 3158 1861 plane 0.9843
2338 1832 2352 1763 2424 1777 2410 1846 plane 0.9834
1942 1427 1948 1367 2008 1374 2002 1433 plane 0.9833
1845 1417 1856 1366 1913 1378 1902 1429 plane 0.9831
1006 1873 1026 1816 1084 1836 1064 1893 plane 0.9829
3053 1664 3067 1609 3123 1623 3110 1678 plane 0.9824
3604 1429 3666 1385 3712 1449 3650 1493 plane 0.9820
2766 1667 2782 1599 2851 1615 2836 1683 plane 0.9816
2207 1653 2219 1595 2283 1608 2270 1666 plane 0.9806
2034 1424 2041 1369 2101 1377 2094 1432 plane 0.9805
806 2070 753 2060 763 2003 816 2013 plane 0.9785
2325 1110 2331 1050 2395 1055 2390 1115 plane 0.9785
3067 3630 3074 3571 3142 3578 3136 3637 plane 0.9780
2654 1674 2584 1662 2596 1589 2666 1602 plane 0.9780
2259 2482 2232 2426 2290 2398 2316 2454 plane 0.9779
3742 1136 3814 1134 3817 1214 3745 1216 plane 0.9777
2533 1838 2534 1772 2601 1773 2600 1839 plane 0.9777
806 2310 747 2300 757 2239 816 2249 plane 0.9767
2788 2240 2736 2233 2745 2171 2796 2178 plane 0.9765
1925 2468 1924 2405 1996 2404 1997 2467 plane 0.9764
1105 1897 1076 1840 1139 1809 1168 1865 plane 0.9758
2617 1840 2626 1770 2701 1780 2691 1851 plane 0.9755
2302 1651 2317 1591 2377 1606 2362 1666 plane 0.9754
3695 3638 3702 3578 3767 3585 3761 3644 plane 0.9745
896 1917 915 1856 981 1875 963 1937 plane 0.9730
2073 1371 2080 1306 2146 1312 2139 1378 plane 0.9717
1537 2276 1522 2219 1580 2203 1596 2259 plane 0.9713
3485 1698 3431 1682 3449 1624 3502 1640 plane 0.9707
1120 2250 1178 2244 1184 2304 1126 2310 plane 0.9704
2465 1166 2468 1113 2530 1116 2528 1169 plane 0.9700
2164 1839 2149 1770 2223 1755 2238 1824 plane 0.9693
3333 1447 3357 1388 3418 1414 3394 1472 plane 0.9680
3698 1663 3651 1616 3700 1567 3747 1613 plane 0.9677
1058 2463 1064 2399 1136 2405 1130 2470 plane 0.9677
2217 1091 2240 1040 2296 1065 2273 1116 plane 0.9674
2890 3425 2906 3378 2955 3395 2939 3442 plane 0.9672
2167 1366 2174 1309 2243 1318 2235 1375 plane 0.9671
1896 1865 1924 1818 1976 1850 1947 1897 plane 0.9670
1780 1434 1741 1384 1798 1339 1837 1388 plane 0.9667
2659 2224 2665 2163 2728 2169 2722 2230 plane 0.9654
1432 2750 1480 2727 1505 2778 1457 2801 plane 0.9633
2822 1603 2836 1553 2895 1569 2881 1619 plane 0.9628
1815 2263 1829 2202 1893 2216 1879 2278 plane 0.9611
2257 1603 2262 1538 2335 1544 2331 1609 plane 0.9608
3788 2312 3726 2306 3732 2240 3794 2246 plane 0.9608
2041 2215 2099 2205 2110 2270 2052 2280 plane 0.9606
3413 1077 3471 1073 3475 1134 3418 1138 plane 0.9600
1695 2469 1685 2413 1749 2402 1759 2457 plane 0.9595
2123 1423 2129 1371 2189 1378 2183 1430 plane 0.9572
2106 2249 2139 2196 2194 2230 2160 2283 plane 0.9558
2952 2249 2895 2243 2902 2180 2959 2187 plane 0.9551
1882 1359 1895 1302 1965 1317 1952 1375 plane 0.9536
2216 1425 2230 1363 2296 1379 2282 1441 plane 0.9535
2783 1853 2715 1842 2726 1773 2795 1785 plane 0.9530
1190 2260 1237 2236 1261 2285 1214 2309 plane 0.9524
3306 1138 3308 1075 3371 1077 3370 1140 plane 0.9517
3186 1607 3223 1558 3272 1595 3235 1644 plane 0.9504
2395 1660 2407 1603 2465 1615 2454 1672 plane 0.9501
3201 2268 3209 2203 3274 2210 3267 2276 plane 0.9500
1500 2555 1560 2551 1566 2618 1505 2623 plane 0.9499
1971 1587 1991 1524 2058 1546 2038 1608 plane 0.9492
3557 3647 3530 3600 3583 3570 3610 3618 plane 0.9487
1933 1903 1975 1856 2022 1899 1980 1945 plane 0.9473
1687 2565 1740 2551 1757 2614 1705 2629 plane 0.9438
2080 2468 2086 2405 2150 2411 2144 2474 plane 0.9436
2821 1377 2839 1317 2905 1336 2887 1397 plane 0.9435
3474 1634 3480 1574 3542 1581 3536 1641 plane 0.9430
3235 1667 3261 1619 3313 1647 3287 1696 plane 0.9428
2234 1612 2161 1606 2167 1534 2240 1540 plane 0.9410
3284 1623 3303 1564 3365 1584 3346 1643 plane 0.9406
2153 2455 2181 2398 2241 2428 2213 2485 plane 0.9401
2838 1456 2772 1436 2792 1366 2859 1386 plane 0.9401
3143 1669 3155 1612 3215 1625 3203 1682 plane 0.9398
2311 1843 2244 1826 2262 1757 2329 1775 plane 0.9393
1634 2063 1656 2007 1714 2030 1692 2086 plane 0.9375
531 2120 487 2092 519 2043 563 2070 plane 0.9372
3469 3647 3456 3587 3522 3573 3535 3632 plane 0.9366
1805 1903 1745 1884 1767 1817 1827 1836 plane 0.9359
2272 1158 2277 1111 2333 1117 2328 1165 plane 0.9358
2424 1106 2432 1052 2489 1061 2481 1115 plane 0.9357
3064 3297 3017 3274 3041 3223 3089 3246 plane 0.9355
2590 1432 2607 1368 2671 1386 2654 1450 plane 0.9352
2868 1435 2881 1377 2947 1392 2933 1450 plane 0.9350
1536 2091 1484 2062 1514 2008 1566 2037 plane 0.9349
2556 3235 2606 3211 2631 3265 2581 3288 plane 0.9347
1296 2086 1339 2041 1386 2086 1344 2131 plane 0.9346
1879 2129 1822 2110 1841 2053 1898 2071 plane 0.9322
3048 2250 3050 2194 3110 2196 3108 2252 plane 0.9315
3333 1675 3344 1619 3405 1631 3394 1686 plane 0.9315
3505 1147 3495 1084 3560 1074 3570 1137 plane 0.9314
1164 2619 1134 2575 1181 2543 1211 2587 plane 0.9313
3860 2312 3803 2308 3807 2246 3864 2249 plane 0.9299
1204 2560 1262 2552 1270 2614 1212 2621 plane 0.9263
3654 2302 3656 2242 3727 2244 3725 2304 plane 0.9259
3121 3406 3165 3379 3198 3435 3154 3462 plane 0.9242
2917 1393 2923 1326 2992 1332 2986 1399 plane 0.9219
2973 2188 3035 2186 3037 2256 2975 2258 plane 0.9216
1500 1870 1557 1863 1565 1925 1509 1933 plane 0.9214
2493 1656 2507 1596 2567 1610 2554 1670 plane 0.9205
3829 3650 3773 3641 3782 3583 3838 3592 plane 0.9204
944 2581 981 2542 1020 2579 983 2618 plane 0.9199
911 2122 859 2099 888 2036 940 2060 plane 0.9190
1011 2313 970 2280 1006 2234 1047 2266 plane 0.9187
2898 1625 2914 1554 2995 1572 2980 1643 plane 0.9177
2241 2573 2293 2559 2309 2619 2257 2633 plane 0.9160
2179 2613 2195 2559 2250 2575 2234 2630 plane 0.9146
1085 2103 1101 2050 1162 2068 1145 2121 plane 0.9144
2313 1384 2257 1358 2283 1302 2339 1327 plane 0.9134
1788 1354 1812 1297 1876 1325 1852 1381 plane 0.9130
1444 2444 1478 2394 1529 2428 1495 2479 plane 0.9126
3215 3647 3143 3646 3145 3573 3216 3574 plane 0.9118
1625 2083 1564 2077 1570 2013 1631 2019 plane 0.9085
2533 3177 2583 3159 2605 3217 2555 3236 plane 0.9058
646 1825 702 1813 715 1872 658 1885 plane 0.9036
2397 1419 2420 1362 2478 1385 2455 1442 plane 0.9034
2360 1598 2368 1544 2425 1552 2417 1606 plane 0.9025
2491 1424 2508 1369 2566 1386 2549 1442 plane 0.9011
2015 1632 2044 1576 2106 1608 2078 1664 plane 0.8978
475 2229 517 2182 566 2226 524 2273 plane 0.8972
645 2308 598 2281 626 2233 672 2260 plane 0.8938
1684 1943 1638 1910 1672 1862 1718 1895 plane 0.8902
564 2090 517 2057 558 1997 606 2030 plane 0.8891
1437 2553 1499 2547 1505 2613 1443 2619 plane 0.8886
2145 2817 2150 2764 2209 2770 2204 2823 plane 0.8874
824 1691 873 1669 896 1723 847 1744 plane 0.8868
1119 2628 1069 2598 1103 2542 1153 2571 plane 0.8842
2064 1601 2076 1532 2147 1544 2136 1613 plane 0.8821
772 1740 754 1683 812 1664 831 1722 plane 0.8792
2745 1451 2679 1433 2699 1363 2764 1381 plane 0.8717
1237 1694 1248 1645 1305 1658 1294 1706 plane 0.8702
3159 2053 3168 2004 3222 2014 3213 2063 plane 0.8698
3449 3252 3394 3247 3401 3168 3456 3173 plane 0.8692
2785 1394 2727 1378 2744 1317 2801 1333 plane 0.8673
1308 2472 1288 2419 1344 2399 1364 2451 plane 0.8667
2443 1379 2466 1315 2533 1340 2509 1404 plane 0.8593
1625 3106 1629 3044 1709 3049 1705 3111 plane 0.8585
1058 2620 1007 2599 1031 2542 1082 2564 plane 0.8581
1223 2463 1230 2401 1303 2408 1297 2471 plane 0.8545
1560 2563 1619 2552 1631 2620 1572 2631 plane 0.8545
3055 1635 3010 1609 3036 1563 3081 1588 plane 0.8462
1048 2461 984 2458 987 2392 1051 2395 plane 0.8451
3529 2074 3477 2068 3483 2011 3535 2017 plane 0.8439
1449 3260 1442 3195 1521 3186 1529 3251 plane 0.8402
3277 2265 3280 2211 3347 2215 3343 2269 plane 0.8388
2114 1648 2128 1582 2194 1596 2180 1661 plane 0.8311
677 2059 691 2004 753 2020 739 2075 plane 0.8308
1984 1352 2003 1301 2056 1320 2037 1371 plane 0.8257
3248 3459 3231 3401 3292 3384 3308 3441 plane 0.8233
1625 3107 1573 3103 1577 3043 1629 3047 plane 0.8183
1836 1757 1792 1724 1826 1680 1870 1714 plane 0.8182
3208 3214 3291 3150 3365 3245 3282 3309 plane 0.8096
2276 2831 2231 2804 2260 2756 2305 2783 plane 0.8050
1758 2562 1813 2555 1821 2616 1765 2622 plane 0.8023
3145 2074 3079 2069 3084 2000 3150 2005 plane 0.8010
2374 1156 2379 1113 2433 1119 2428 1163 plane 0.7992
3567 1636 3575 1577 3637 1585 3629 1644 plane 0.7904
3022 2104 2962 2100 2966 2038 3026 2042 plane 0.7850
3018 1675 2960 1662 2974 1601 3032 1615 plane 0.7818
565 1686 587 1630 647 1655 624 1711 plane 0.7773
3662 1699 3600 1675 3626 1612 3687 1637 plane 0.7761
1299 1694 1314 1635 1383 1652 1368 1712 plane 0.7648
1207 1712 1154 1688 1180 1631 1233 1655 plane 0.7498
2090 2126 2042 2098 2072 2045 2121 2073 plane 0.7480
2755 1164 2766 1105 2834 1118 2822 1177 plane 0.7361
1987 2801 1933 2793 1943 2727 1997 2736 plane 0.7329
3432 1644 3374 1637 3381 1576 3440 1582 plane 0.7128
3153 1631 3108 1609 3130 1562 3175 1584 plane 0.7094
2781 1621 2735 1612 2747 1552 2793 1561 plane 0.7087
3371 2077 3320 2071 3327 2012 3377 2018 plane 0.7039
727 1744 683 1717 712 1670 756 1697 plane 0.7029
686 1704 641 1678 669 1630 714 1656 plane 0.7001
2865 1657 2886 1603 2941 1624 2920 1678 plane 0.6933
2958 1112 3020 1112 3020 1177 2958 1177 plane 0.6928
1980 2783 2002 2736 2063 2765 2040 2812 plane 0.6727
2573 1396 2535 1351 2584 1310 2622 1355 plane 0.6693
2504 1616 2445 1602 2460 1539 2519 1554 plane 0.6569
1752 1678 1778 1636 1823 1663 1798 1705 plane 0.6555
584 1744 533 1719 559 1666 610 1691 plane 0.6523
3528 3459 3478 3444 3495 3389 3544 3403 plane 0.6514
2363 1372 2368 1315 2431 1320 2426 1377 plane 0.6467
2643 1611 2661 1555 2720 1574 2703 1629 plane 0.6345
3434 3493 3389 3471 3417 3411 3463 3433 plane 0.6242
690 2271 634 2249 658 2192 713 2214 plane 0.6205
3418 2284 3421 2215 3495 2219 3492 2287 plane 0.6052
1822 2575 1880 2571 1885 2632 1827 2636 plane 0.5748
3349 2275 3350 2213 3428 2215 3427 2277 plane 0.5524
2175 2623 2121 2622 2123 2562 2176 2563 plane 0.5415
3620 2076 3628 2014 3699 2022 3691 2085 plane 0.5216
722 2310 671 2288 694 2233 746 2255 plane 0.5176
3695 1215 3633 1196 3651 1134 3714 1153 plane 0.5139
2590 1619 2533 1604 2548 1545 2605 1560 plane 0.4957
3519 1663 3540 1612 3599 1635 3578 1686 plane 0.4947
2053 2109 1994 2084 2025 2012 2084 2037 plane 0.4523
1437 1718 1374 1704 1389 1640 1452 1654 plane 0.4337
874 1711 862 1650 926 1638 938 1699 plane 0.4145
2857 3291 2797 3277 2814 3203 2874 3217 plane 0.4026
3373 2087 3381 2018 3453 2026 3445 2095 plane 0.3898
3070 1186 3041 1126 3102 1098 3130 1157 plane 0.3758
3662 3245 3668 3189 3732 3197 3725 3253 plane 0.2701
2858 2073 2856 2000 2930 1998 2932 2071 plane 0.2418
3561 2107 3510 2096 3522 2043 3573 2054 plane 0.2123
1532 1726 1536 1627 1758 1634 1755 1733 plane 0.1851
3249 2099 3194 2084 3209 2027 3265 2042 plane 0.1761
3651 3293 3587 3290 3592 3195 3656 3198 plane 0.1421
2625 1380 2662 1321 2722 1359 2685 1418 plane 0.1311
3695 1215 3633 1196 3651 1134 3714 1153 helicopter 0.1030
