2139 1555 2042 1400 2221 1288 2318 1442 plane 0.9994
1712 769 1595 668 1705 541 1822 643 plane 0.9990
2284 912 2428 724 2617 870 2473 1057 plane 0.9985
2721 1717 2892 1634 2991 1837 2820 1920 plane 0.9983
1603 437 1496 328 1607 219 1714 327 plane 0.9976
3224 2092 3123 1989 3248 1866 3349 1969 plane 0.9975
2686 1704 2617 1641 2687 1562 2757 1625 plane 0.9968
2090 866 1982 849 2001 723 2110 740 plane 0.9967
1288 828 1409 728 1547 894 1427 994 plane 0.9959
1772 997 1820 923 1896 973 1848 1047 plane 0.9949
1406 1069 1550 936 1683 1081 1539 1213 plane 0.9948
1622 1148 1698 1069 1810 1177 1734 1255 plane 0.9947
2150 1212 2024 1097 2142 967 2268 1083 plane 0.9946
2197 1115 2295 1074 2337 1175 2239 1216 plane 0.9944
1647 964 1687 886 1786 937 1746 1015 plane 0.9943
1958 502 1858 332 2082 200 2182 371 plane 0.9939
1965 1354 2018 1267 2122 1330 2069 1417 plane 0.9930
2577 2198 2509 2103 2625 2020 2693 2115 plane 0.9929
2978 2121 3035 2057 3106 2121 3048 2184 plane 0.9914
2503 1159 2426 1096 2506 1001 2582 1064 plane 0.9908
2502 1709 2455 1605 2581 1547 2628 1651 plane 0.9893
2858 2122 2908 2063 2981 2125 2930 2184 plane 0.9875
1723 887 1794 753 1956 839 1886 973 plane 0.9866
1442 411 1353 346 1442 223 1531 288 plane 0.9833
3614 1819 3550 1797 3575 1726 3639 1749 plane 0.9815
1883 1293 1940 1229 2010 1291 1953 1355 plane 0.9810
1773 578 1770 486 1892 482 1895 574 plane 0.9802
2578 1920 2400 1883 2441 1688 2619 1726 plane 0.9767
3533 1896 3467 1868 3503 1784 3569 1812 plane 0.9755
1668 806 1682 744 1750 759 1736 821 plane 0.9742
2302 2276 2241 2261 2258 2189 2320 2204 plane 0.9735
2020 1191 1971 1156 2008 1106 2056 1142 plane 0.9731
2183 1225 2225 1182 2274 1230 2232 1273 plane 0.9713
2604 1442 2487 1424 2505 1303 2622 1321 plane 0.9650
1879 694 1899 635 1968 658 1948 717 plane 0.9638
3148 2108 3114 2066 3168 2020 3203 2062 plane 0.9623
1469 757 1344 726 1380 583 1505 614 plane 0.9615
2779 2226 2684 2144 2769 2046 2864 2127 plane 0.9597
1617 925 1574 857 1651 809 1694 877 plane 0.9565
2794 1671 2740 1603 2833 1529 2888 1598 plane 0.9534
2576 511 2468 371 2616 257 2724 397 plane 0.9485
2675 1982 2742 1914 2827 1998 2760 2066 plane 0.9482
1948 986 2036 894 2135 989 2047 1081 plane 0.9479
1638 1930 1574 1861 1665 1776 1729 1845 plane 0.9425
2346 2390 2397 2339 2461 2404 2410 2455 plane 0.9401
1370 555 1359 444 1479 432 1490 543 plane 0.9389
1791 406 1716 346 1794 248 1869 308 plane 0.9362
2569 2188 2621 2159 2652 2216 2600 2245 plane 0.9306
2895 1623 2832 1585 2881 1504 2944 1542 plane 0.9293
2939 385 2970 335 3025 370 2994 419 plane 0.9215
1981 979 1879 916 1943 812 2045 876 plane 0.9151
2232 2219 2121 2162 2181 2046 2292 2103 plane 0.9142
2325 503 2208 378 2349 247 2466 372 plane 0.9047
3367 1915 3395 1852 3464 1882 3436 1946 plane 0.8890
1828 1087 1854 1043 1900 1070 1875 1114 plane 0.8659
2696 1531 2644 1509 2665 1457 2718 1478 plane 0.8547
1466 960 1519 909 1577 969 1524 1021 plane 0.8495
1755 1211 1835 1134 1929 1234 1849 1310 plane 0.8442
1896 1081 1930 1023 1990 1057 1956 1116 plane 0.8353
3640 400 3581 382 3602 316 3660 334 plane 0.8301
2913 845 2860 809 2896 755 2950 791 plane 0.8090
1552 714 1624 699 1642 790 1570 804 plane 0.7984
1811 634 1879 610 1903 678 1835 702 plane 0.7708
2472 1482 2502 1417 2585 1454 2555 1520 plane 0.7701
2772 376 2821 342 2857 393 2808 427 plane 0.7550
3140 1136 3184 1099 3224 1146 3180 1183 plane 0.7255
1701 546 1673 499 1727 467 1755 514 plane 0.6967
2615 2328 2589 2277 2650 2245 2677 2296 plane 0.6922
3070 571 3016 546 3041 492 3095 517 plane 0.6441
2735 445 2708 401 2768 363 2796 406 plane 0.6252
2409 1626 2431 1572 2487 1595 2464 1649 plane 0.4826
2885 1333 2845 1285 2898 1240 2938 1288 plane 0.3900
2084 2219 2129 2170 2205 2240 2159 2290 plane 0.3530
1507 497 1473 467 1511 423 1546 454 plane 0.3301
1646 573 1616 535 1670 492 1700 529 plane 0.2879
2639 1203 2681 1166 2719 1209 2677 1246 plane 0.2540
2109 1211 2135 1165 2194 1198 2168 1244 plane 0.2147
2876 390 2851 348 2900 319 2925 362 plane 0.1969
2968 543 2991 497 3044 523 3021 569 plane 0.1787
2625 2193 2689 2169 2714 2235 2650 2259 plane 0.1535
2281 2363 2251 2325 2307 2282 2337 2319 plane 0.1504
1534 651 1591 628 1617 692 1560 715 plane 0.1342
1628 632 1585 601 1626 545 1669 575 plane 0.1099
473 2146 441 1984 629 1947 661 2109 baseball-diamond 0.8852
367 3031 319 3007 363 2917 412 2941 swimming-pool 0.1989
2331 492 2224 377 2355 256 2462 371 helicopter 0.5212
1459 408 1353 342 1427 224 1532 290 helicopter 0.2395
2463 367 2604 245 2731 393 2590 515 helicopter 0.2049
2456 1656 2405 1628 2438 1569 2489 1598 helicopter 0.1828
1548 1849 1619 1748 1739 1832 1668 1934 helicopter 0.1318
1953 1104 1904 1067 1941 1017 1990 1054 helicopter 0.1267
