1857 3937 1795 3668 2501 3503 2564 3772 small-vehicle 0.1532
2101 4092 2090 4056 2160 4035 2170 4071 small-vehicle 0.1295
1297 2625 1259 2610 1278 2560 1316 2575 small-vehicle 0.1276
2233 1245 2227 1208 2297 1198 2302 1234 small-vehicle 0.1272
1535 1444 1568 1440 1586 1561 1553 1566 large-vehicle 0.4486
494 1856 469 1838 536 1743 562 1761 large-vehicle 0.2524
2021 3593 2015 3557 2095 3544 2101 3581 large-vehicle 0.2285
501 1799 475 1779 543 1693 569 1714 large-vehicle 0.2125
890 1027 923 1009 978 1110 944 1128 large-vehicle 0.2042
1026 2993 1029 2958 1149 2969 1146 3004 large-vehicle 0.1918
1416 1481 1452 1478 1462 1589 1426 1592 large-vehicle 0.1894
1737 3654 1731 3618 1848 3597 1855 3632 large-vehicle 0.1821
1758 1165 1735 1147 1805 1061 1828 1079 large-vehicle 0.1734
2114 3939 2103 3902 2233 3862 2245 3899 large-vehicle 0.1691
2393 1776 2388 1738 2498 1724 2503 1761 large-vehicle 0.1500
1899 1145 1878 1128 1952 1032 1973 1049 large-vehicle 0.1454
1736 3738 1729 3702 1852 3681 1858 3717 large-vehicle 0.1257
1792 3989 1789 3955 1900 3945 1903 3980 large-vehicle 0.1256
835 68 866 40 981 166 950 194 large-vehicle 0.1150
1646 3930 1641 3894 1757 3879 1762 3914 large-vehicle 0.1013
1077 2795 1039 2789 1057 2682 1094 2688 ship 0.8089
1098 2607 1062 2599 1084 2507 1120 2516 ship 0.6233
1024 2776 990 2769 1009 2679 1042 2686 ship 0.5735
1053 2863 1060 2821 1169 2839 1162 2881 ship 0.5274
1103 2699 1114 2649 1189 2666 1178 2716 ship 0.4160
1790 1300 1811 1280 1891 1365 1869 1385 ship 0.3167
993 1695 1006 1659 1096 1692 1083 1727 ship 0.2956
1675 3982 1667 3943 1766 3924 1774 3962 ship 0.2666
1752 1005 1744 959 1841 943 1849 989 ship 0.2644
1231 2613 1190 2607 1201 2537 1241 2543 ship 0.2441
1693 4151 1683 4112 1826 4076 1835 4115 ship 0.2406
1821 1292 1849 1266 1928 1351 1901 1377 ship 0.2386
1679 4069 1659 4020 1734 3990 1753 4038 ship 0.2385
1843 4060 1833 4015 1931 3993 1941 4038 ship 0.2357
2068 307 2044 273 2130 215 2153 249 ship 0.1863
1027 2936 1033 2899 1162 2920 1156 2957 ship 0.1603
1297 2625 1259 2610 1278 2560 1316 2575 ship 0.1369
1010 3070 1020 3030 1096 3048 1087 3088 ship 0.1231
1765 1164 1739 1143 1807 1059 1833 1080 ship 0.1138
1037 1643 1049 1603 1148 1634 1136 1673 ship 0.1062
1855 1272 1883 1249 1946 1325 1919 1348 ship 0.1013
