1433 2216 1454 2199 1536 2302 1516 2319 large-vehicle 0.9074
1352 2247 1377 2233 1442 2344 1417 2358 large-vehicle 0.7526
434 2181 448 2158 535 2210 521 2234 large-vehicle 0.7456
671 2375 688 2352 786 2423 770 2446 large-vehicle 0.6810
1474 2204 1497 2188 1558 2277 1535 2293 large-vehicle 0.6628
1837 1971 1825 1942 1935 1897 1947 1925 large-vehicle 0.5613
775 2666 767 2641 876 2607 884 2633 large-vehicle 0.5380
1383 2250 1409 2234 1473 2336 1447 2352 large-vehicle 0.4683
1795 2136 1825 2129 1854 2248 1824 2256 large-vehicle 0.3681
1313 3043 1305 3012 1392 2992 1399 3023 large-vehicle 0.3535
894 2621 889 2590 1023 2566 1029 2597 large-vehicle 0.3185
1671 3165 1662 3134 1766 3103 1776 3134 large-vehicle 0.2810
1328 3301 1363 3292 1395 3413 1360 3422 large-vehicle 0.2771
608 794 605 760 700 752 703 786 large-vehicle 0.2768
589 716 586 680 690 670 693 706 large-vehicle 0.2725
1247 2284 1276 2269 1332 2384 1303 2398 large-vehicle 0.2640
1861 2098 1853 2071 1962 2038 1970 2065 large-vehicle 0.2583
1512 3274 1541 3265 1572 3366 1544 3375 large-vehicle 0.2350
841 2174 859 2148 930 2199 912 2225 large-vehicle 0.1978
1270 3320 1306 3311 1336 3430 1300 3439 large-vehicle 0.1846
1580 3227 1614 3217 1640 3311 1607 3321 large-vehicle 0.1641
1385 3301 1415 3291 1450 3399 1420 3409 large-vehicle 0.1580
606 822 604 788 707 781 709 815 large-vehicle 0.1514
1857 2131 1850 2105 1963 2075 1970 2101 large-vehicle 0.1433
815 3162 807 3136 885 3109 894 3135 large-vehicle 0.1324
1205 3336 1240 3325 1275 3442 1239 3453 large-vehicle 0.1292
1536 2773 1527 2742 1667 2705 1675 2736 large-vehicle 0.1183
1818 1778 1804 1745 1882 1712 1896 1745 large-vehicle 0.1122
1120 3556 1106 3526 1176 3492 1191 3522 ship 0.2356
1123 3369 1158 3360 1187 3471 1151 3480 ship 0.2032
1278 2801 1240 2793 1266 2666 1303 2674 ship 0.1635
1280 3324 1314 3315 1344 3432 1310 3441 ship 0.1178
1476 2736 1451 2734 1462 2630 1486 2633 ship 0.1168
348 464 399 459 408 554 357 559 swimming-pool 0.1626
