1742 366 1722 342 1772 299 1793 324 small-vehicle 0.2524
1937 153 1915 134 1970 72 1992 92 small-vehicle 0.2440
1553 575 1531 551 1579 508 1601 532 small-vehicle 0.1771
1856 243 1835 218 1875 183 1897 208 small-vehicle 0.1506
1564 490 1544 470 1630 384 1651 405 large-vehicle 0.8968
738 1880 721 1850 830 1787 848 1816 large-vehicle 0.7834
1603 1750 1590 1727 1702 1661 1716 1684 large-vehicle 0.7824
1046 1894 1032 1868 1136 1811 1150 1836 large-vehicle 0.7567
1678 1912 1663 1887 1762 1830 1776 1855 large-vehicle 0.7320
1296 2062 1279 2036 1383 1969 1400 1996 large-vehicle 0.6905
825 1895 809 1863 942 1794 959 1827 large-vehicle 0.6899
785 2028 768 2000 873 1935 890 1964 large-vehicle 0.6763
550 2028 533 2000 635 1940 651 1968 large-vehicle 0.6520
855 2758 858 2726 991 2738 988 2771 large-vehicle 0.5895
920 1728 904 1697 1033 1633 1049 1663 large-vehicle 0.5685
753 1728 738 1701 847 1641 862 1667 large-vehicle 0.5324
470 1086 461 1056 581 1018 591 1047 large-vehicle 0.5139
1413 599 1396 576 1461 530 1478 553 large-vehicle 0.4972
787 2125 803 2100 905 2167 889 2191 large-vehicle 0.4944
1291 1910 1275 1883 1399 1812 1415 1839 large-vehicle 0.4921
1566 2071 1546 2040 1659 1971 1678 2002 large-vehicle 0.4207
1434 3538 1434 3507 1585 3507 1585 3538 large-vehicle 0.3725
1666 2301 1667 2269 1806 2274 1805 2306 large-vehicle 0.3499
610 1718 592 1688 703 1624 721 1655 large-vehicle 0.3456
932 2123 948 2096 1064 2166 1047 2193 large-vehicle 0.3058
1147 2123 1163 2101 1264 2172 1248 2194 large-vehicle 0.2897
1042 2114 1058 2092 1164 2169 1148 2192 large-vehicle 0.2499
1478 2138 1498 2112 1597 2186 1578 2212 large-vehicle 0.2356
1368 3379 1368 3347 1487 3349 1486 3381 large-vehicle 0.2195
575 1878 558 1845 682 1782 699 1814 large-vehicle 0.2034
1394 1743 1377 1712 1491 1650 1508 1681 large-vehicle 0.1783
563 3601 560 3565 644 3558 647 3594 large-vehicle 0.1717
503 2387 536 2374 586 2509 552 2521 large-vehicle 0.1500
558 1095 549 1065 655 1035 663 1065 large-vehicle 0.1487
881 1893 866 1869 983 1800 998 1825 large-vehicle 0.1397
1421 1752 1408 1729 1519 1666 1532 1689 large-vehicle 0.1365
1326 2141 1350 2106 1456 2177 1431 2213 large-vehicle 0.1270
668 2116 685 2093 792 2168 776 2191 large-vehicle 0.1230
1084 2044 1070 2019 1179 1957 1194 1982 large-vehicle 0.1219
1638 2143 1658 2114 1762 2183 1742 2213 large-vehicle 0.1160
1051 1741 1037 1717 1157 1648 1171 1672 large-vehicle 0.1116
1196 2129 1215 2100 1329 2176 1310 2205 large-vehicle 0.1063
1657 1764 1646 1737 1752 1694 1763 1722 large-vehicle 0.1061
978 1727 962 1700 1082 1632 1098 1659 large-vehicle 0.1026
1272 1748 1257 1723 1367 1656 1383 1681 ship 0.4444
1161 1754 1140 1719 1267 1643 1288 1679 ship 0.3428
1203 1891 1189 1864 1286 1811 1301 1838 ship 0.2450
1657 1764 1646 1737 1752 1694 1763 1722 ship 0.1505
1105 1908 1095 1883 1178 1849 1188 1874 ship 0.1471
590 2452 573 2405 664 2370 682 2417 ship 0.1441
574 2411 560 2375 652 2338 666 2374 ship 0.1083
