258 1724 241 1677 329 1646 346 1694 small-vehicle 0.3453
357 1681 341 1637 441 1600 457 1643 small-vehicle 0.1787
1348 3258 1279 3250 1292 3144 1361 3153 small-vehicle 0.1656
3467 3335 3480 3275 3579 3297 3566 3357 small-vehicle 0.1380
4192 2939 4200 2892 4352 2918 4344 2965 large-vehicle 0.3020
4790 2912 4756 2890 4846 2751 4880 2773 large-vehicle 0.2864
1507 827 1462 818 1493 668 1539 677 large-vehicle 0.2661
1535 1088 1517 1047 1651 990 1669 1030 large-vehicle 0.2502
824 3509 815 3459 948 3436 956 3486 large-vehicle 0.2223
893 2572 859 2543 939 2445 974 2473 large-vehicle 0.1952
1244 1229 1224 1183 1371 1121 1390 1168 large-vehicle 0.1838
1645 3321 1692 3304 1740 3435 1693 3452 large-vehicle 0.1812
3472 928 3430 910 3482 792 3523 810 large-vehicle 0.1733
361 1690 343 1647 441 1605 460 1649 large-vehicle 0.1622
5616 4793 5571 4754 5688 4618 5733 4657 large-vehicle 0.1601
3744 1010 3700 988 3767 852 3811 873 large-vehicle 0.1576
318 1357 355 1342 404 1464 368 1479 large-vehicle 0.1513
3063 843 3073 796 3213 825 3203 873 large-vehicle 0.1382
4749 3116 4759 3075 4891 3105 4881 3147 large-vehicle 0.1287
1550 888 1528 840 1657 780 1679 828 large-vehicle 0.1268
1226 1126 1206 1081 1353 1017 1373 1062 large-vehicle 0.1152
796 3401 787 3352 910 3331 918 3380 large-vehicle 0.1149
5654 2714 5631 2698 5706 2590 5729 2605 large-vehicle 0.1147
4857 2952 4824 2926 4925 2802 4957 2829 large-vehicle 0.1126
1875 1265 1837 1260 1855 1110 1894 1115 large-vehicle 0.1067
4712 3200 4721 3151 4857 3176 4848 3225 ship 0.2098
4836 3292 4849 3214 5007 3241 4994 3319 ship 0.1098
3857 3493 3761 3483 3771 3385 3866 3394 ship 0.1071
4882 2039 4968 2034 4974 2131 4888 2136 storage-tank 0.6238
789 1320 1309 1301 1329 1856 810 1875 roundabout 0.9816
