1431 1291 1445 1275 1486 1310 1472 1327 small-vehicle 0.7242
1255 1121 1273 1104 1322 1152 1304 1170 small-vehicle 0.7077
1461 1281 1476 1263 1519 1298 1504 1316 small-vehicle 0.7058
1592 577 1603 561 1637 584 1625 600 small-vehicle 0.6612
1039 1752 1022 1742 1040 1710 1057 1720 small-vehicle 0.6396
1077 1772 1060 1763 1079 1730 1096 1740 small-vehicle 0.6302
1135 1800 1116 1790 1133 1756 1152 1765 small-vehicle 0.6094
1670 545 1682 529 1713 551 1701 568 small-vehicle 0.5878
1472 1323 1485 1306 1532 1342 1520 1358 small-vehicle 0.5832
1633 605 1645 589 1676 611 1664 627 small-vehicle 0.5814
1566 613 1579 596 1608 619 1595 635 small-vehicle 0.5798
1628 522 1640 504 1676 530 1663 547 small-vehicle 0.5789
1505 543 1517 527 1547 551 1535 566 small-vehicle 0.5413
1699 1087 1709 1073 1738 1093 1728 1107 small-vehicle 0.5384
1578 666 1593 650 1627 681 1612 697 small-vehicle 0.5199
1544 729 1557 711 1594 738 1582 756 small-vehicle 0.5109
582 611 567 600 590 570 605 581 small-vehicle 0.5085
1467 598 1480 581 1514 608 1501 624 small-vehicle 0.5070
1609 993 1621 974 1659 999 1647 1018 small-vehicle 0.5035
1803 1074 1786 1064 1808 1028 1825 1038 small-vehicle 0.5028
1674 1945 1656 1937 1670 1905 1688 1914 small-vehicle 0.5004
1521 768 1534 750 1569 775 1557 793 small-vehicle 0.4989
1563 967 1577 946 1615 972 1600 993 small-vehicle 0.4977
1731 1019 1715 1011 1736 973 1751 981 small-vehicle 0.4905
1248 1153 1262 1138 1301 1176 1287 1190 small-vehicle 0.4837
1838 1104 1820 1093 1844 1054 1862 1064 small-vehicle 0.4759
1465 1006 1444 991 1472 951 1493 966 small-vehicle 0.4653
1420 1253 1433 1236 1474 1267 1460 1284 small-vehicle 0.4491
1408 1302 1421 1287 1458 1319 1445 1334 small-vehicle 0.4433
1722 1966 1699 1956 1713 1922 1736 1932 small-vehicle 0.4316
1380 1255 1394 1238 1434 1271 1419 1289 small-vehicle 0.4206
1610 539 1622 521 1659 546 1647 564 small-vehicle 0.4086
621 639 607 625 636 596 650 610 small-vehicle 0.3872
1959 992 1941 980 1965 944 1983 956 small-vehicle 0.3732
1764 1096 1776 1080 1806 1102 1794 1118 small-vehicle 0.3663
533 530 544 516 580 544 570 557 small-vehicle 0.3575
546 510 556 498 591 526 581 539 small-vehicle 0.3554
1369 1207 1383 1188 1423 1216 1409 1235 small-vehicle 0.3525
1745 1035 1729 1024 1753 991 1769 1003 small-vehicle 0.3493
1073 1679 1083 1661 1119 1680 1109 1698 small-vehicle 0.3488
1679 1037 1692 1019 1738 1052 1725 1070 small-vehicle 0.3440
1313 578 1324 561 1357 582 1346 599 small-vehicle 0.3421
1114 1790 1098 1781 1118 1746 1134 1756 small-vehicle 0.3417
1210 1197 1225 1183 1263 1223 1248 1237 small-vehicle 0.3416
1215 1157 1232 1142 1258 1171 1241 1186 small-vehicle 0.3411
1764 1051 1745 1038 1769 1003 1788 1016 small-vehicle 0.3273
1622 1079 1635 1061 1680 1093 1668 1111 small-vehicle 0.3192
1874 1130 1854 1114 1890 1071 1910 1088 small-vehicle 0.3154
560 493 573 478 606 504 594 520 small-vehicle 0.3126
935 1629 946 1614 980 1639 969 1654 small-vehicle 0.3066
601 623 585 609 612 579 628 592 small-vehicle 0.2983
987 1639 996 1623 1031 1642 1022 1659 small-vehicle 0.2959
1585 1053 1597 1036 1636 1064 1624 1081 small-vehicle 0.2934
917 1647 929 1630 963 1654 951 1671 small-vehicle 0.2883
1027 1656 1037 1636 1076 1656 1065 1676 small-vehicle 0.2737
550 1248 536 1230 576 1199 590 1217 small-vehicle 0.2659
1188 1216 1205 1200 1252 1252 1235 1267 small-vehicle 0.2626
573 658 557 646 581 615 597 628 small-vehicle 0.2620
1983 1003 1966 993 1989 953 2006 963 small-vehicle 0.2434
1695 1152 1701 1132 1746 1146 1739 1166 small-vehicle 0.2426
1582 1308 1554 1283 1581 1252 1610 1277 small-vehicle 0.2406
597 456 610 445 637 476 624 487 small-vehicle 0.2389
1537 1022 1549 1004 1586 1031 1573 1048 small-vehicle 0.2338
1161 1266 1182 1248 1224 1299 1203 1317 small-vehicle 0.2302
482 1306 498 1290 532 1325 516 1341 small-vehicle 0.2268
1347 1232 1323 1216 1346 1180 1370 1196 small-vehicle 0.2246
532 629 517 617 539 589 554 600 small-vehicle 0.2235
576 475 588 463 621 494 609 507 small-vehicle 0.2209
1726 1066 1735 1052 1767 1074 1758 1088 small-vehicle 0.2184
1549 1283 1519 1259 1546 1227 1575 1251 small-vehicle 0.2165
1427 1455 1404 1442 1431 1392 1454 1405 small-vehicle 0.2150
1057 1175 1032 1159 1054 1126 1079 1143 small-vehicle 0.2132
1268 1085 1287 1070 1311 1100 1292 1115 small-vehicle 0.1984
1612 1915 1591 1908 1605 1872 1626 1879 small-vehicle 0.1971
905 1664 916 1650 948 1672 938 1686 small-vehicle 0.1854
1924 969 1907 956 1938 915 1955 927 small-vehicle 0.1854
1585 1474 1597 1457 1631 1480 1619 1497 small-vehicle 0.1824
1449 1212 1432 1196 1456 1171 1472 1187 small-vehicle 0.1778
1592 1457 1606 1440 1646 1471 1632 1488 small-vehicle 0.1678
1077 1908 1058 1894 1079 1864 1099 1879 small-vehicle 0.1662
2151 1471 2133 1459 2156 1422 2175 1434 small-vehicle 0.1661
519 545 531 532 562 561 551 573 small-vehicle 0.1649
1548 903 1531 893 1555 852 1572 862 small-vehicle 0.1638
507 564 517 551 549 575 538 589 small-vehicle 0.1553
1284 1059 1306 1042 1356 1108 1334 1125 small-vehicle 0.1505
133 969 144 950 186 974 175 994 small-vehicle 0.1479
1172 1237 1191 1221 1236 1271 1218 1288 small-vehicle 0.1407
1383 1375 1360 1357 1387 1323 1410 1340 small-vehicle 0.1237
1139 1284 1157 1268 1202 1321 1183 1337 small-vehicle 0.1237
985 1127 960 1117 974 1084 999 1095 small-vehicle 0.1199
603 541 588 528 612 500 627 513 small-vehicle 0.1153
1636 1460 1611 1443 1635 1408 1660 1424 small-vehicle 0.1038
1424 1190 1401 1176 1420 1144 1444 1157 small-vehicle 0.1026
1039 1150 1013 1135 1029 1107 1055 1121 small-vehicle 0.1004
1234 1135 1253 1116 1275 1139 1255 1158 small-vehicle 0.1003
1493 1274 1507 1255 1589 1317 1575 1336 large-vehicle 0.9903
1116 1299 1087 1281 1159 1170 1188 1189 large-vehicle 0.9891
1381 1127 1359 1113 1413 1030 1435 1044 large-vehicle 0.9867
997 1211 975 1196 1030 1115 1053 1131 large-vehicle 0.9826
1057 1272 1036 1258 1100 1158 1121 1172 large-vehicle 0.9804
943 1193 920 1178 974 1093 997 1107 large-vehicle 0.9758
1087 1277 1074 1269 1137 1161 1151 1169 large-vehicle 0.9725
1038 1248 1021 1237 1081 1144 1098 1155 large-vehicle 0.9720
1213 1376 1194 1363 1246 1287 1265 1300 large-vehicle 0.9708
1015 1243 992 1229 1055 1129 1078 1143 large-vehicle 0.9278
1448 1477 1428 1469 1468 1375 1488 1384 large-vehicle 0.9221
1482 1480 1456 1470 1493 1371 1519 1380 large-vehicle 0.9164
1269 1290 1247 1275 1296 1199 1318 1213 large-vehicle 0.9139
1358 1455 1339 1441 1399 1354 1419 1368 large-vehicle 0.8838
1525 1500 1502 1489 1554 1385 1577 1397 large-vehicle 0.8617
976 1202 954 1189 1001 1107 1023 1120 large-vehicle 0.8591
981 872 995 852 1062 900 1048 920 large-vehicle 0.8556
1352 1287 1368 1269 1432 1322 1416 1341 large-vehicle 0.8510
1182 1208 1198 1193 1248 1247 1232 1262 large-vehicle 0.8351
1286 1062 1308 1045 1355 1106 1333 1123 large-vehicle 0.8343
921 1169 899 1153 946 1086 969 1102 large-vehicle 0.7722
1461 1282 1473 1265 1563 1330 1551 1347 large-vehicle 0.7695
1153 1260 1173 1242 1222 1296 1202 1314 large-vehicle 0.7152
962 896 977 875 1045 924 1030 945 large-vehicle 0.7099
1239 1386 1219 1372 1272 1291 1293 1305 large-vehicle 0.7066
1272 1402 1246 1384 1327 1267 1353 1285 large-vehicle 0.6507
1138 1284 1156 1269 1202 1322 1184 1337 large-vehicle 0.6381
1313 1436 1290 1421 1342 1342 1365 1357 large-vehicle 0.5893
1273 1094 1289 1079 1333 1126 1318 1141 large-vehicle 0.5277
1121 1306 1137 1291 1181 1339 1165 1354 large-vehicle 0.4251
1201 1191 1217 1175 1261 1220 1245 1236 large-vehicle 0.3443
1304 1297 1277 1279 1345 1178 1372 1195 large-vehicle 0.3103
1682 1039 1696 1021 1747 1059 1734 1077 large-vehicle 0.3008
1288 1415 1268 1401 1340 1298 1361 1312 large-vehicle 0.2951
1253 1120 1271 1101 1321 1148 1303 1168 large-vehicle 0.2327
1327 1205 1305 1190 1354 1119 1377 1134 large-vehicle 0.2168
1687 1581 1668 1569 1718 1491 1738 1504 large-vehicle 0.1962
1474 1327 1485 1311 1557 1360 1546 1376 large-vehicle 0.1849
1369 1207 1383 1188 1423 1216 1409 1235 large-vehicle 0.1836
1334 1449 1310 1433 1379 1327 1403 1342 large-vehicle 0.1760
1409 1441 1386 1428 1429 1351 1451 1363 large-vehicle 0.1667
1434 1293 1447 1277 1493 1315 1480 1331 large-vehicle 0.1562
349 1295 360 1278 418 1315 407 1333 large-vehicle 0.1473
1722 1581 1701 1566 1760 1480 1782 1495 large-vehicle 0.1183
1380 1256 1395 1239 1438 1275 1424 1292 large-vehicle 0.1158
1420 1253 1433 1236 1474 1267 1460 1284 large-vehicle 0.1012
1629 1554 1611 1541 1647 1488 1666 1501 ship 0.7296
1721 1584 1698 1569 1758 1478 1781 1493 ship 0.6683
1565 1492 1578 1479 1618 1515 1605 1529 ship 0.4945
1788 1566 1770 1556 1792 1519 1809 1529 ship 0.4605
1687 1582 1669 1571 1716 1492 1735 1504 ship 0.4601
1669 1570 1650 1560 1672 1516 1691 1526 ship 0.1856
1641 1501 1621 1481 1643 1458 1664 1478 ship 0.1553
