2473 3579 1902 3221 2578 2141 3150 2499 ground-track-field 0.9963
665 1680 584 1631 673 1484 754 1533 tennis-court 0.9895
454 1540 398 1499 505 1353 561 1394 tennis-court 0.9790
567 1620 501 1580 595 1425 660 1465 tennis-court 0.9770
509 1556 458 1522 539 1400 591 1435 tennis-court 0.3255
318 1395 363 1330 451 1392 406 1456 tennis-court 0.2824
2982 1234 2899 1181 3005 1014 3088 1067 basketball-court 0.9980
3099 1301 3006 1244 3112 1073 3205 1131 basketball-court 0.9968
760 1174 844 1074 992 1200 909 1299 basketball-court 0.9966
734 757 802 665 995 809 926 901 basketball-court 0.9927
642 947 703 849 858 946 796 1044 basketball-court 0.9879
3206 1357 3112 1293 3216 1139 3310 1203 basketball-court 0.9859
3107 1034 3022 977 3133 812 3219 870 basketball-court 0.9754
691 843 748 757 916 868 858 954 basketball-court 0.9546
3003 991 2893 918 3017 729 3128 801 basketball-court 0.9454
442 1219 510 1121 685 1241 617 1339 basketball-court 0.9378
512 1131 608 1007 758 1123 662 1248 basketball-court 0.9096
2879 1162 2811 1114 2912 971 2979 1018 basketball-court 0.9071
637 1354 705 1268 849 1382 781 1469 basketball-court 0.9000
3215 1092 3130 1036 3240 868 3325 923 basketball-court 0.8940
903 994 922 940 1082 998 1064 1051 basketball-court 0.8348
693 1266 768 1164 918 1274 843 1376 basketball-court 0.7218
926 905 1001 798 1177 922 1101 1029 basketball-court 0.5410
3339 1156 3230 1083 3342 916 3450 988 basketball-court 0.3444
518 1556 462 1518 530 1418 586 1456 basketball-court 0.1204
2468 3370 2087 3128 2573 2361 2955 2604 soccer-ball-field 0.9983
