276 1317 300 1312 307 1352 283 1356 small-vehicle 0.4294
317 1302 350 1297 355 1338 323 1343 small-vehicle 0.3881
414 1284 445 1281 449 1320 418 1323 small-vehicle 0.3868
390 1290 417 1289 419 1328 392 1330 small-vehicle 0.3363
218 1464 241 1463 243 1506 220 1507 small-vehicle 0.2965
2073 2045 2054 2030 2109 1962 2128 1978 small-vehicle 0.2393
501 1317 474 1308 487 1272 513 1281 small-vehicle 0.1751
220 1510 247 1508 253 1577 226 1579 small-vehicle 0.1663
269 2023 294 2019 300 2053 275 2058 small-vehicle 0.1635
850 1291 832 1270 863 1243 881 1263 small-vehicle 0.1620
2006 95 1990 80 2016 52 2032 66 small-vehicle 0.1433
581 1052 568 1028 604 1009 616 1032 small-vehicle 0.1336
1864 396 1844 380 1868 350 1888 366 small-vehicle 0.1233
723 883 745 869 826 997 804 1010 large-vehicle 0.9986
445 955 472 942 541 1087 514 1100 large-vehicle 0.9984
1867 848 1843 831 1930 711 1953 728 large-vehicle 0.9983
756 872 782 856 856 975 829 991 large-vehicle 0.9981
638 1225 655 1202 762 1282 745 1305 large-vehicle 0.9980
685 887 709 874 783 1005 760 1019 large-vehicle 0.9979
854 1300 877 1281 971 1396 948 1415 large-vehicle 0.9976
2085 554 2104 532 2201 614 2183 636 large-vehicle 0.9974
400 963 426 949 492 1081 466 1094 large-vehicle 0.9963
940 1235 964 1217 1044 1327 1020 1345 large-vehicle 0.9961
350 964 380 961 397 1113 366 1116 large-vehicle 0.9958
1845 1895 1823 1878 1912 1763 1935 1781 large-vehicle 0.9950
1810 1872 1791 1857 1886 1740 1904 1755 large-vehicle 0.9942
747 1352 767 1334 862 1441 842 1459 large-vehicle 0.9941
811 1300 831 1284 923 1394 903 1411 large-vehicle 0.9939
761 1176 784 1157 874 1268 851 1287 large-vehicle 0.9930
488 938 512 925 583 1056 559 1069 large-vehicle 0.9915
2111 530 2127 510 2225 590 2208 610 large-vehicle 0.9914
920 878 945 860 1034 984 1010 1002 large-vehicle 0.9897
1989 1944 1967 1926 2043 1832 2066 1851 large-vehicle 0.9890
324 986 351 985 358 1131 331 1132 large-vehicle 0.9852
2061 578 2081 555 2174 640 2154 662 large-vehicle 0.9832
648 909 671 896 738 1017 714 1030 large-vehicle 0.9826
614 1255 635 1230 748 1324 726 1349 large-vehicle 0.9810
1007 841 1031 827 1110 955 1086 970 large-vehicle 0.9789
1771 2251 1762 2217 1914 2179 1922 2212 large-vehicle 0.9718
2152 479 2170 458 2268 539 2250 560 large-vehicle 0.9708
518 916 553 899 615 1032 580 1048 large-vehicle 0.9664
2011 1990 1989 1973 2075 1861 2097 1878 large-vehicle 0.9542
1081 1868 1115 1852 1197 2027 1163 2043 large-vehicle 0.8099
1660 2051 1675 2020 1792 2075 1777 2107 large-vehicle 0.7671
269 974 304 969 326 1140 292 1144 large-vehicle 0.7616
2109 2075 2085 2056 2174 1946 2198 1966 large-vehicle 0.7605
2073 2045 2052 2027 2133 1933 2154 1951 large-vehicle 0.7285
16 727 51 724 54 769 20 772 swimming-pool 0.2677
