253 100 604 94 617 823 266 829 ground-track-field 0.9988
955 23 952 11 974 6 977 17 small-vehicle 0.2338
722 420 781 419 783 531 723 532 tennis-court 0.1386
831 135 889 133 893 229 834 231 tennis-court 0.1194
791 551 843 548 849 654 797 657 tennis-court 0.1163
782 309 830 307 834 404 786 406 basketball-court 0.9869
716 312 770 308 777 408 723 411 basketball-court 0.9860
711 141 764 139 768 237 716 240 basketball-court 0.9825
774 140 822 140 823 234 775 234 basketball-court 0.9774
843 309 897 306 902 402 848 405 basketball-court 0.9765
833 138 885 137 886 232 835 232 basketball-court 0.9622
851 429 903 426 908 526 855 528 basketball-court 0.9520
780 655 725 654 727 552 782 553 basketball-court 0.9396
789 430 841 429 842 526 790 526 basketball-court 0.9377
854 548 910 546 914 641 858 644 basketball-court 0.9375
793 554 842 552 845 649 795 650 basketball-court 0.9362
727 430 779 429 781 532 729 533 basketball-court 0.9162
968 763 984 762 984 780 968 780 storage-tank 0.2473
303 265 561 261 567 658 309 662 soccer-ball-field 0.9965
854 549 908 546 913 644 859 647 soccer-ball-field 0.2447
791 555 841 554 845 647 795 649 soccer-ball-field 0.2180
726 555 781 554 782 651 727 652 soccer-ball-field 0.1786
