935 1582 698 1581 699 1288 936 1289 plane 0.9998
1033 1707 1297 1698 1309 1998 1045 2008 plane 0.9997
1426 1045 1038 844 1306 325 1694 526 plane 0.9997
1452 1723 1712 1716 1719 2002 1459 2008 plane 0.9997
1913 956 1662 838 1798 550 2049 669 plane 0.9996
767 994 464 639 899 266 1203 621 plane 0.9984
1913 1867 1908 1714 2096 1708 2101 1862 plane 0.9979
1791 2382 1784 2359 1813 2350 1820 2373 small-vehicle 0.6939
1898 2320 1883 2303 1904 2285 1919 2301 small-vehicle 0.5901
2232 2361 2256 2358 2263 2401 2238 2405 small-vehicle 0.5661
1944 2288 1963 2282 1973 2314 1954 2320 small-vehicle 0.5534
2060 2413 2037 2396 2059 2367 2081 2384 small-vehicle 0.3841
2073 2283 2102 2282 2103 2317 2074 2317 small-vehicle 0.3699
1999 2287 2021 2284 2025 2315 2002 2318 small-vehicle 0.3582
2042 2287 2064 2285 2066 2315 2044 2317 small-vehicle 0.3397
1852 2292 1875 2289 1878 2322 1855 2324 small-vehicle 0.3189
2131 2366 2155 2363 2160 2406 2136 2409 small-vehicle 0.2899
2118 2280 2143 2279 2145 2314 2120 2315 small-vehicle 0.2242
2202 2364 2227 2360 2234 2402 2209 2406 small-vehicle 0.2098
1995 2371 2017 2365 2028 2403 2005 2409 small-vehicle 0.2039
2161 2277 2185 2276 2186 2313 2163 2314 small-vehicle 0.1845
1778 2413 1799 2392 1823 2415 1801 2436 small-vehicle 0.1826
2307 1027 2302 1000 2334 994 2339 1021 small-vehicle 0.1820
1919 2286 1948 2283 1952 2317 1922 2320 small-vehicle 0.1755
2371 894 2399 889 2405 926 2377 930 small-vehicle 0.1291
1314 2201 1314 2182 1385 2182 1385 2201 large-vehicle 0.5443
2325 2032 2324 2009 2406 2008 2406 2030 large-vehicle 0.5056
1407 2200 1406 2177 1478 2176 1479 2199 large-vehicle 0.4255
2392 1160 2410 1160 2411 1224 2393 1224 large-vehicle 0.3207
2313 1396 2310 1375 2354 1369 2357 1390 large-vehicle 0.2864
1309 2095 1309 2070 1385 2073 1385 2097 large-vehicle 0.2361
2335 1560 2354 1559 2357 1603 2338 1604 large-vehicle 0.1469
2313 1176 2310 1148 2347 1143 2351 1171 large-vehicle 0.1371
1466 161 1431 161 1432 118 1466 118 large-vehicle 0.1250
2274 1563 2272 1542 2322 1540 2323 1561 large-vehicle 0.1053
