2987 1128 2696 1100 2730 740 3022 768 plane 0.9997
2089 4054 2321 3874 2521 4131 2289 4311 plane 0.9996
3874 1186 3583 1171 3600 836 3892 851 plane 0.9996
1307 1265 1549 1063 1770 1327 1528 1529 plane 0.9992
4308 2256 4517 2081 4700 2301 4492 2475 plane 0.9990
1653 2882 1891 2695 2097 2958 1859 3145 plane 0.9977
3435 1161 3140 1140 3166 773 3461 794 plane 0.9974
2485 3719 2717 3545 2928 3825 2697 3999 plane 0.9973
4183 2717 3993 2506 4208 2312 4398 2523 plane 0.9972
2164 2712 1980 2490 2208 2300 2392 2522 plane 0.9969
1180 3080 1416 2912 1604 3174 1367 3343 plane 0.9887
4687 391 4488 192 4721 -39 4919 160 plane 0.9863
631 1809 882 1607 1091 1866 840 2069 plane 0.9304
978 1518 1222 1321 1450 1603 1205 1800 plane 0.7899
1254 3018 1320 2961 1377 3027 1311 3084 plane 0.3795
1455 3307 1494 3268 1539 3312 1499 3351 plane 0.3516
1760 2833 1723 2767 1799 2724 1836 2790 plane 0.2273
2151 3998 2222 3932 2288 4002 2218 4068 plane 0.1552
698 1735 743 1693 789 1743 744 1785 plane 0.1538
4715 258 4755 196 4830 244 4790 306 plane 0.1448
1454 1233 1401 1183 1461 1119 1514 1168 plane 0.1381
483 200 448 162 497 117 532 156 small-vehicle 0.5068
195 4206 168 4174 233 4119 260 4151 small-vehicle 0.2950
327 4317 287 4268 342 4224 382 4272 small-vehicle 0.2107
2965 2069 2999 2046 3039 2103 3004 2127 small-vehicle 0.1502
823 4308 874 4271 913 4324 861 4362 small-vehicle 0.1281
991 1513 1255 1332 1448 1614 1183 1795 helicopter 0.2063
861 2075 629 1849 871 1603 1102 1829 helicopter 0.1828
776 1809 715 1767 783 1666 845 1708 helicopter 0.1619
1150 1526 1080 1458 1151 1385 1221 1453 helicopter 0.1274
