1479 366 1637 271 1749 457 1591 552 plane 0.9994
1770 2836 1670 2646 1894 2527 1994 2718 plane 0.9993
2739 3222 2879 3140 2975 3302 2835 3385 plane 0.9985
1557 2411 1754 2297 1871 2501 1674 2614 plane 0.9978
1124 1738 1016 1536 1273 1399 1380 1602 plane 0.9974
411 518 530 444 607 569 488 643 plane 0.9972
2144 3124 1970 3097 2002 2889 2176 2916 plane 0.9968
210 616 316 549 396 675 290 742 plane 0.9967
2089 2072 2019 1972 2145 1883 2215 1984 plane 0.9963
1031 1509 926 1309 1136 1198 1241 1397 plane 0.9938
1180 915 1116 793 1250 723 1314 845 plane 0.9923
2217 2921 2315 2830 2422 2945 2325 3036 plane 0.9910
649 395 757 330 830 450 721 516 plane 0.9903
1037 156 1156 87 1228 211 1110 280 plane 0.9877
2331 3803 2386 3693 2511 3755 2457 3865 plane 0.9780
1966 3694 2075 3626 2151 3747 2041 3815 plane 0.9723
2415 3428 2534 3367 2598 3491 2479 3553 plane 0.9520
1287 1951 1168 1768 1379 1630 1499 1812 plane 0.9500
2504 2712 2613 2669 2669 2810 2560 2854 plane 0.8660
1039 878 1012 830 1082 790 1109 838 plane 0.6773
2579 3348 2686 3273 2777 3403 2669 3478 plane 0.5826
758 480 782 433 864 475 840 522 plane 0.2904
1222 288 1284 260 1319 339 1258 367 plane 0.2696
322 699 350 669 407 723 379 753 plane 0.2694
396 733 441 703 475 753 431 784 plane 0.2208
1623 2588 1586 2549 1657 2482 1694 2521 plane 0.1643
533 611 556 568 621 603 598 646 plane 0.1479
2280 3110 2250 3063 2305 3029 2334 3076 plane 0.1055
2552 682 2526 667 2579 579 2605 595 large-vehicle 0.3632
2659 3472 2587 3348 2723 3269 2795 3393 helicopter 0.2462
2323 3801 2390 3687 2513 3758 2446 3873 helicopter 0.1653
1120 788 1241 716 1314 840 1192 911 helicopter 0.1245
