1690 2280 1583 2073 1845 1937 1953 2145 plane 0.9997
2050 1468 1984 1345 2126 1269 2192 1392 plane 0.9994
1670 639 1601 525 1718 455 1787 569 plane 0.9989
263 1430 252 1412 302 1384 312 1402 small-vehicle 0.3347
189 2650 179 2630 221 2610 231 2629 small-vehicle 0.1094
334 1706 349 1695 374 1733 358 1743 large-vehicle 0.3904
161 997 178 986 200 1021 183 1031 large-vehicle 0.3135
540 575 530 560 577 531 586 547 large-vehicle 0.2515
564 617 557 603 600 579 608 592 large-vehicle 0.2162
182 1661 200 1645 226 1674 208 1690 large-vehicle 0.2099
378 1667 394 1658 415 1697 399 1705 large-vehicle 0.2059
584 1119 599 1110 626 1153 610 1162 large-vehicle 0.1780
349 2376 363 2366 399 2419 384 2429 large-vehicle 0.1744
305 2028 320 2015 356 2055 342 2068 large-vehicle 0.1718
797 1018 786 1001 832 972 843 989 large-vehicle 0.1625
222 1020 239 1011 274 1072 258 1081 large-vehicle 0.1518
1202 2719 1218 2711 1245 2763 1229 2771 large-vehicle 0.1430
1269 2688 1258 2674 1299 2639 1311 2653 large-vehicle 0.1381
54 1041 43 1024 106 984 117 1001 large-vehicle 0.1163
401 640 420 629 449 678 430 689 large-vehicle 0.1133
882 888 869 876 899 843 912 855 large-vehicle 0.1046
1636 389 1621 377 1651 337 1666 349 large-vehicle 0.1028
