1473 2706 1674 2591 1803 2816 1602 2931 plane 0.9993
2284 4356 2146 4151 2368 4001 2506 4206 plane 0.9989
3850 4294 4088 4150 4260 4433 4022 4577 plane 0.9985
3538 3924 3408 3728 3618 3589 3748 3785 plane 0.9983
2695 2477 2576 2268 2803 2140 2921 2349 plane 0.9983
3609 4452 3825 4333 3975 4604 3760 4723 plane 0.9972
1655 4513 1534 4312 1741 4186 1863 4387 plane 0.9970
3351 3677 3218 3443 3500 3283 3633 3517 plane 0.9966
2468 2959 2335 2744 2578 2594 2711 2808 plane 0.9960
2574 640 2691 567 2766 685 2648 759 plane 0.9902
2559 2193 2463 2035 2662 1914 2758 2072 plane 0.9871
3217 3360 3124 3201 3315 3089 3408 3248 plane 0.9870
3234 555 3131 553 3133 448 3236 450 plane 0.9729
2848 3594 2727 3375 2957 3247 3079 3465 plane 0.9581
2103 1228 2041 1112 2166 1044 2228 1160 plane 0.9454
2209 1407 2151 1306 2277 1234 2334 1335 plane 0.9064
2955 3308 2921 3258 2975 3221 3009 3271 plane 0.2421
879 3096 915 3075 1038 3291 1002 3311 large-vehicle 0.4580
979 3042 1015 3021 1139 3238 1103 3258 large-vehicle 0.3901
2219 1419 2141 1300 2269 1217 2347 1336 helicopter 0.2152
2109 1237 2029 1114 2153 1034 2232 1157 helicopter 0.1310
