524 2004 511 1288 2070 1261 2083 1976 ground-track-field 0.2470
693 562 1207 539 1241 1285 727 1309 ground-track-field 0.1843
92 1133 71 1130 78 1083 99 1086 small-vehicle 0.3500
1085 2173 1079 2150 1115 2141 1121 2164 small-vehicle 0.1836
65 1130 42 1118 56 1090 79 1101 small-vehicle 0.1376
1250 770 1279 770 1280 826 1251 826 large-vehicle 0.3581
91 1131 67 1126 75 1085 99 1090 ship 0.1070
1209 295 1289 293 1294 459 1214 461 tennis-court 0.9987
686 320 774 315 784 493 696 497 tennis-court 0.9975
1078 293 1163 291 1169 481 1083 484 tennis-court 0.9975
945 304 1032 300 1040 481 953 484 tennis-court 0.9958
815 318 901 314 909 474 823 478 tennis-court 0.9917
2274 1375 2222 1375 2222 1291 2274 1291 tennis-court 0.6848
2248 1247 2360 1243 2367 1395 2255 1400 tennis-court 0.1038
1217 1269 722 1259 736 565 1232 575 soccer-ball-field 0.9937
2531 1254 2534 1214 2602 1221 2598 1261 swimming-pool 0.4798
2606 1509 2583 1503 2592 1465 2615 1470 swimming-pool 0.1319
