351 1778 239 1585 473 1449 585 1642 plane 0.9998
3442 3822 3336 3623 3552 3509 3657 3708 plane 0.9997
3175 3349 3076 3182 3264 3071 3363 3238 plane 0.9995
1984 1261 1872 1065 2100 934 2213 1130 plane 0.9993
2114 1469 2021 1301 2230 1184 2324 1351 plane 0.9993
2956 2846 2880 2726 3021 2637 3097 2756 plane 0.9990
1355 764 1268 602 1467 495 1554 658 plane 0.9990
2742 434 2636 233 2869 110 2975 311 plane 0.9989
3573 4050 3465 3853 3680 3735 3788 3932 plane 0.9987
2373 1966 2301 1854 2438 1766 2510 1878 plane 0.9985
3543 3983 3501 3924 3563 3880 3605 3939 plane 0.4315
1380 2888 1435 2858 1472 2927 1417 2957 plane 0.3082
278 1653 335 1613 379 1675 322 1715 plane 0.2335
3364 3702 3415 3650 3472 3705 3420 3758 plane 0.1538
667 972 645 959 689 882 712 895 large-vehicle 0.3751
130 1296 159 1277 212 1359 183 1378 large-vehicle 0.3518
656 996 682 981 731 1064 705 1079 large-vehicle 0.1706
844 1326 871 1312 914 1397 887 1411 large-vehicle 0.1505
3365 982 3285 981 3287 901 3366 902 storage-tank 0.4976
3224 1054 3222 993 3315 989 3318 1050 storage-tank 0.2037
