3565 3195 3633 3138 3691 3207 3624 3264 plane 0.7986
3842 2633 3888 2595 3926 2641 3880 2679 plane 0.2055
327 1093 425 1069 466 1241 369 1264 ground-track-field 0.1068
305 2991 349 2982 373 3098 329 3107 large-vehicle 0.1847
3905 3380 3956 3378 3958 3432 3906 3433 storage-tank 0.5262
3850 3397 3904 3393 3909 3451 3855 3456 storage-tank 0.3832
3884 3559 3877 3501 3936 3494 3943 3552 storage-tank 0.2478
895 87 830 86 831 16 897 17 storage-tank 0.1851
3943 3546 3930 3491 4015 3471 4028 3526 storage-tank 0.1427
3933 3485 3928 3430 3988 3424 3994 3479 storage-tank 0.1036
