137 1361 140 1340 179 1346 176 1366 small-vehicle 0.6590
0 1461 2 1441 37 1446 34 1467 small-vehicle 0.6087
21 1274 23 1255 58 1259 56 1277 small-vehicle 0.5698
195 1154 196 1135 234 1137 233 1156 small-vehicle 0.5515
930 1656 934 1634 975 1641 970 1663 small-vehicle 0.5373
937 1571 942 1550 985 1561 980 1582 small-vehicle 0.5229
244 537 247 514 297 522 293 544 small-vehicle 0.5107
936 1631 941 1609 981 1618 977 1640 small-vehicle 0.4217
75 1101 78 1080 114 1087 110 1107 small-vehicle 0.4069
232 587 236 567 288 577 284 597 small-vehicle 0.2720
937 1544 943 1523 995 1536 989 1558 small-vehicle 0.2321
930 1688 934 1667 976 1676 972 1697 small-vehicle 0.2168
225 691 227 668 277 674 274 697 small-vehicle 0.1946
242 511 245 488 301 494 299 517 small-vehicle 0.1885
951 1730 954 1715 992 1724 988 1739 small-vehicle 0.1721
743 1597 748 1576 815 1592 810 1613 small-vehicle 0.1512
230 615 233 593 292 601 289 623 small-vehicle 0.1423
231 559 234 540 292 548 290 567 small-vehicle 0.1233
836 1637 816 1632 829 1578 850 1583 small-vehicle 0.1166
403 649 406 630 454 636 452 656 small-vehicle 0.1119
396 715 400 695 453 704 450 724 small-vehicle 0.1061
388 619 392 594 480 607 476 633 large-vehicle 0.9851
670 1504 675 1481 749 1499 744 1521 large-vehicle 0.9784
246 456 248 436 303 441 301 461 large-vehicle 0.9723
680 1479 686 1458 756 1476 751 1496 large-vehicle 0.9599
665 1528 670 1507 743 1522 738 1544 large-vehicle 0.9576
688 1457 693 1434 763 1452 758 1475 large-vehicle 0.9574
490 1658 495 1634 583 1653 578 1677 large-vehicle 0.9543
444 1617 449 1595 513 1611 507 1633 large-vehicle 0.9369
890 1531 871 1526 887 1465 907 1470 large-vehicle 0.9269
757 1514 762 1494 835 1513 830 1533 large-vehicle 0.9100
662 1552 666 1531 737 1547 732 1567 large-vehicle 0.9098
753 1542 757 1521 834 1537 830 1558 large-vehicle 0.9079
655 1575 660 1554 732 1570 727 1591 large-vehicle 0.9058
416 556 421 530 497 542 492 569 large-vehicle 0.8974
785 1441 790 1422 860 1440 855 1459 large-vehicle 0.8915
222 641 224 622 284 626 282 646 large-vehicle 0.8814
750 1572 755 1551 827 1569 822 1589 large-vehicle 0.8638
417 428 421 399 519 414 515 443 large-vehicle 0.8605
217 748 219 729 278 736 276 755 large-vehicle 0.8591
410 491 414 464 506 477 502 505 large-vehicle 0.8412
369 744 374 718 460 735 455 761 large-vehicle 0.8385
932 1520 936 1499 1004 1511 1001 1532 large-vehicle 0.8361
633 1454 611 1449 629 1365 652 1370 large-vehicle 0.8330
231 616 234 595 291 602 289 623 large-vehicle 0.7993
240 483 242 461 304 465 303 487 large-vehicle 0.7961
217 713 221 693 273 704 269 724 large-vehicle 0.7952
420 398 423 370 514 381 511 408 large-vehicle 0.7801
430 1498 435 1478 504 1494 499 1514 large-vehicle 0.7730
232 560 234 540 293 548 290 568 large-vehicle 0.7651
941 1462 946 1441 1018 1456 1014 1477 large-vehicle 0.7547
383 682 387 657 464 671 459 696 large-vehicle 0.7503
697 1433 701 1411 773 1427 768 1449 large-vehicle 0.7447
411 1556 415 1534 485 1548 481 1570 large-vehicle 0.7437
412 460 416 429 512 442 508 473 large-vehicle 0.7271
659 1456 639 1452 656 1367 677 1372 large-vehicle 0.7201
935 1544 940 1523 995 1537 990 1558 large-vehicle 0.7154
704 1412 709 1391 781 1407 777 1428 large-vehicle 0.7045
709 1388 713 1371 788 1386 784 1404 large-vehicle 0.6868
640 1627 644 1604 720 1619 715 1642 large-vehicle 0.6641
433 1443 439 1419 514 1438 508 1462 large-vehicle 0.6458
767 1488 773 1467 844 1486 838 1507 large-vehicle 0.6431
418 589 423 562 493 576 488 603 large-vehicle 0.6421
777 1467 782 1446 850 1462 844 1484 large-vehicle 0.6418
649 1599 654 1576 730 1592 725 1615 large-vehicle 0.6353
242 510 244 489 301 493 300 514 large-vehicle 0.6307
917 1540 897 1537 910 1464 930 1468 large-vehicle 0.6219
441 1416 447 1393 524 1412 518 1435 large-vehicle 0.6082
948 1434 952 1412 1022 1427 1018 1449 large-vehicle 0.5755
204 802 206 777 272 783 269 808 large-vehicle 0.5548
247 426 252 401 315 412 310 437 large-vehicle 0.5532
225 665 227 647 280 651 279 669 large-vehicle 0.5075
266 352 269 330 321 337 318 359 large-vehicle 0.4932
955 1498 959 1477 1015 1488 1011 1509 large-vehicle 0.4493
431 528 434 501 500 509 497 536 large-vehicle 0.4084
604 1459 579 1454 594 1373 619 1377 large-vehicle 0.3966
403 649 406 630 454 636 452 656 large-vehicle 0.3945
742 1595 749 1573 815 1591 809 1613 large-vehicle 0.3841
415 1529 419 1506 492 1519 488 1542 large-vehicle 0.3822
711 1367 716 1344 786 1361 780 1384 large-vehicle 0.3605
209 778 210 753 275 756 274 781 large-vehicle 0.3435
837 1635 816 1630 827 1579 848 1583 large-vehicle 0.3101
432 1473 437 1451 508 1466 503 1489 large-vehicle 0.2955
397 714 401 696 452 706 448 724 large-vehicle 0.2913
232 587 236 567 287 577 284 597 large-vehicle 0.2417
363 782 370 752 457 773 450 803 large-vehicle 0.2259
934 1447 910 1439 930 1376 954 1384 large-vehicle 0.2040
635 1371 613 1366 631 1289 653 1294 large-vehicle 0.1375
245 537 249 514 297 522 293 545 large-vehicle 0.1219
792 1399 796 1379 864 1392 861 1411 large-vehicle 0.1059
868 1533 845 1528 860 1457 883 1462 ship 0.3216
416 1529 421 1505 494 1519 489 1543 ship 0.2762
429 1443 435 1418 511 1436 505 1461 ship 0.1960
885 1442 861 1437 875 1365 899 1370 ship 0.1682
425 1499 431 1476 503 1493 497 1516 ship 0.1616
952 1405 956 1385 1034 1400 1030 1421 ship 0.1597
947 1463 951 1441 1019 1453 1015 1475 ship 0.1363
939 1446 914 1441 931 1362 955 1368 ship 0.1056
