4 195 27 194 30 241 7 243 small-vehicle 0.9862
76 200 97 200 99 243 77 244 small-vehicle 0.9728
5 240 29 240 30 285 6 286 small-vehicle 0.9612
51 199 72 198 74 243 52 243 small-vehicle 0.9585
0 65 23 62 28 109 4 112 small-vehicle 0.9552
49 248 72 247 73 294 51 295 small-vehicle 0.9484
78 109 100 108 101 152 80 153 small-vehicle 0.9438
166 1048 166 1030 203 1029 203 1047 small-vehicle 0.9316
52 345 74 344 76 392 54 393 small-vehicle 0.9309
65 955 86 953 90 995 69 997 small-vehicle 0.9236
74 638 96 637 99 684 76 685 small-vehicle 0.9208
168 1004 168 987 206 987 206 1005 small-vehicle 0.9206
937 688 933 668 978 659 982 680 small-vehicle 0.9172
50 105 73 104 75 150 53 151 small-vehicle 0.9165
154 605 155 584 199 586 198 606 small-vehicle 0.8980
189 302 189 282 232 283 232 303 small-vehicle 0.8911
988 677 984 656 1027 649 1030 670 small-vehicle 0.8883
28 194 50 193 52 238 30 239 small-vehicle 0.8845
803 352 825 350 829 395 807 397 small-vehicle 0.8630
51 776 71 775 73 815 53 816 small-vehicle 0.8508
25 102 47 101 49 147 27 148 small-vehicle 0.8468
263 628 264 606 312 609 311 631 small-vehicle 0.8432
25 346 46 345 48 387 27 388 small-vehicle 0.7718
259 571 263 548 307 557 303 580 small-vehicle 0.6890
192 323 191 304 236 303 236 322 small-vehicle 0.6233
150 274 154 251 194 257 190 280 small-vehicle 0.6098
1051 521 1078 515 1093 582 1065 588 small-vehicle 0.3825
706 370 727 369 731 424 710 425 small-vehicle 0.2059
730 381 756 377 764 429 738 433 small-vehicle 0.1953
758 381 782 378 787 418 764 421 small-vehicle 0.1655
145 323 144 304 185 301 186 320 small-vehicle 0.1625
512 728 510 705 563 703 564 726 small-vehicle 0.1457
451 533 479 533 480 690 452 690 large-vehicle 0.9923
726 674 697 674 697 559 726 560 large-vehicle 0.9895
368 538 400 537 403 705 371 706 large-vehicle 0.9851
532 527 565 527 565 688 532 688 large-vehicle 0.9812
642 366 671 363 678 440 648 443 large-vehicle 0.9765
675 365 704 364 709 438 680 440 large-vehicle 0.9649
761 591 791 590 795 689 765 690 large-vehicle 0.9517
564 448 538 448 538 377 564 378 large-vehicle 0.9501
760 463 756 434 829 423 833 452 large-vehicle 0.9461
610 370 640 369 642 451 612 452 large-vehicle 0.9004
563 379 588 379 589 448 564 448 large-vehicle 0.8841
815 596 842 592 854 673 827 677 large-vehicle 0.8331
730 594 760 594 761 688 730 688 large-vehicle 0.8273
966 554 998 549 1013 633 981 638 large-vehicle 0.7896
976 382 1005 377 1020 459 991 464 large-vehicle 0.7581
1051 519 1078 514 1091 582 1065 588 large-vehicle 0.6555
729 379 754 375 763 429 738 433 large-vehicle 0.6380
659 566 691 566 693 704 660 704 large-vehicle 0.6245
790 609 817 606 826 685 799 688 large-vehicle 0.5381
837 584 868 578 884 665 853 670 large-vehicle 0.5300
905 553 941 546 962 656 926 663 large-vehicle 0.5176
830 497 826 467 932 454 936 484 large-vehicle 0.4808
705 367 727 366 731 423 709 425 large-vehicle 0.2705
146 323 144 304 185 301 186 320 large-vehicle 0.2068
858 541 890 535 913 667 881 673 large-vehicle 0.1820
1136 321 1161 314 1188 412 1163 419 large-vehicle 0.1590
938 562 966 557 983 641 956 647 large-vehicle 0.1056
