53 406 38 394 64 361 80 373 small-vehicle 0.9470
309 335 312 318 347 323 344 341 small-vehicle 0.8854
504 887 505 872 535 873 534 888 small-vehicle 0.2543
107 555 110 529 172 535 169 561 small-vehicle 0.1792
53 948 56 923 180 937 177 962 large-vehicle 0.9937
339 532 343 506 472 524 469 549 large-vehicle 0.9923
307 848 310 824 442 841 439 865 large-vehicle 0.9905
340 610 344 584 474 603 470 630 large-vehicle 0.9887
60 920 63 895 180 909 177 934 large-vehicle 0.9885
286 928 289 902 422 918 419 944 large-vehicle 0.9879
310 877 313 851 437 865 434 891 large-vehicle 0.9851
335 742 338 716 458 732 455 759 large-vehicle 0.9839
283 981 286 956 422 974 418 999 large-vehicle 0.9831
368 427 371 401 502 415 499 441 large-vehicle 0.8650
107 553 110 528 173 537 170 562 large-vehicle 0.8083
323 820 326 797 448 815 445 837 large-vehicle 0.7893
339 798 341 775 415 784 412 807 large-vehicle 0.6823
93 688 94 663 180 665 180 690 large-vehicle 0.5575
326 770 329 746 449 759 447 783 large-vehicle 0.4251
