3097 1164 3120 1150 3147 1195 3124 1209 small-vehicle 0.2183
625 1615 612 1589 666 1561 680 1588 small-vehicle 0.1612
542 1519 517 1483 555 1456 580 1492 small-vehicle 0.1383
1395 611 1417 594 1453 639 1430 657 small-vehicle 0.1086
592 1367 619 1352 651 1409 623 1424 small-vehicle 0.1036
1434 835 1418 814 1470 774 1486 794 small-vehicle 0.1019
864 1658 849 1630 985 1557 1000 1585 large-vehicle 0.9413
877 1132 898 1108 995 1198 973 1221 large-vehicle 0.9270
1169 1796 1151 1774 1229 1711 1246 1732 large-vehicle 0.9266
975 1631 1000 1616 1065 1729 1041 1743 large-vehicle 0.9206
727 1756 756 1738 827 1848 799 1866 large-vehicle 0.9140
787 1699 808 1686 881 1811 860 1824 large-vehicle 0.8969
1092 1425 1072 1406 1177 1288 1197 1307 large-vehicle 0.8916
1057 1581 1083 1566 1148 1679 1122 1694 large-vehicle 0.8769
1023 1595 1049 1580 1114 1693 1088 1708 large-vehicle 0.8766
1077 1559 1102 1544 1168 1659 1143 1673 large-vehicle 0.8698
853 1684 878 1670 946 1787 921 1802 large-vehicle 0.8679
928 1905 922 1879 1050 1853 1055 1879 large-vehicle 0.8567
938 1643 965 1627 1034 1743 1007 1759 large-vehicle 0.8526
720 1195 740 1172 856 1272 836 1294 large-vehicle 0.8450
830 1702 854 1688 919 1800 895 1814 large-vehicle 0.8426
1165 1519 1191 1504 1254 1612 1227 1627 large-vehicle 0.8369
914 1660 942 1645 1005 1762 977 1777 large-vehicle 0.8135
999 1615 1025 1599 1091 1711 1065 1726 large-vehicle 0.8017
684 1214 703 1193 806 1282 787 1304 large-vehicle 0.7997
861 1463 851 1437 995 1377 1006 1403 large-vehicle 0.7756
840 1155 861 1130 964 1216 944 1240 large-vehicle 0.7635
1683 1991 1682 1968 1791 1962 1792 1985 large-vehicle 0.7450
892 1551 882 1526 1009 1473 1019 1498 large-vehicle 0.7335
778 1563 767 1538 883 1487 894 1511 large-vehicle 0.7141
1017 1241 996 1218 1109 1118 1129 1142 large-vehicle 0.7115
884 1672 912 1657 978 1777 950 1793 large-vehicle 0.7020
1879 1039 1869 1012 1993 966 2003 993 large-vehicle 0.6870
1319 2534 1317 2504 1421 2498 1423 2527 large-vehicle 0.6278
1538 1999 1537 1973 1645 1967 1647 1993 large-vehicle 0.6231
1169 1859 1195 1851 1224 1943 1198 1951 large-vehicle 0.6169
1114 1552 1139 1538 1202 1647 1177 1662 large-vehicle 0.5816
1914 2376 1942 2372 1954 2466 1927 2469 large-vehicle 0.5771
1650 2501 1647 2475 1768 2458 1772 2484 large-vehicle 0.5684
1691 144 1678 126 1736 83 1749 101 large-vehicle 0.5582
1972 2363 2000 2360 2013 2465 1986 2468 large-vehicle 0.5317
750 1179 772 1158 870 1256 848 1278 large-vehicle 0.5317
3089 2155 3090 2128 3199 2133 3198 2159 large-vehicle 0.5299
1484 922 1471 906 1538 854 1551 871 large-vehicle 0.5128
1134 1530 1162 1514 1227 1627 1199 1644 large-vehicle 0.5101
723 1484 712 1458 844 1404 855 1430 large-vehicle 0.4996
1509 2059 1538 2057 1542 2148 1513 2150 large-vehicle 0.4924
1412 773 1395 749 1461 701 1478 725 large-vehicle 0.4629
1213 1860 1236 1855 1256 1948 1233 1953 large-vehicle 0.4443
2059 2352 2089 2351 2094 2450 2064 2451 large-vehicle 0.4267
989 1916 985 1892 1082 1876 1086 1900 large-vehicle 0.4219
756 1529 749 1513 874 1461 881 1477 large-vehicle 0.4210
1846 2813 1844 2788 1959 2778 1961 2803 large-vehicle 0.4162
1411 2172 1382 2162 1411 2082 1439 2092 large-vehicle 0.4069
1515 1186 1504 1158 1638 1106 1649 1134 large-vehicle 0.4015
899 1510 890 1486 1012 1439 1021 1463 large-vehicle 0.3862
1236 1851 1264 1845 1286 1943 1258 1949 large-vehicle 0.3853
2144 2196 2140 2169 2249 2152 2253 2179 large-vehicle 0.3814
1036 2183 1027 2156 1125 2126 1134 2153 large-vehicle 0.3608
763 1728 794 1711 862 1830 831 1848 large-vehicle 0.3604
730 1511 720 1486 877 1422 887 1447 large-vehicle 0.3383
2586 2771 2584 2746 2659 2740 2661 2764 large-vehicle 0.3358
1456 2167 1429 2159 1454 2071 1482 2078 large-vehicle 0.3109
1437 2050 1414 2032 1476 1952 1499 1971 large-vehicle 0.3026
3143 430 3158 417 3205 472 3189 485 large-vehicle 0.2970
964 2214 957 2188 1025 2169 1032 2195 large-vehicle 0.2888
2093 2718 2089 2692 2154 2683 2158 2710 large-vehicle 0.2868
1868 736 1850 710 1931 652 1950 678 large-vehicle 0.2821
1460 886 1448 868 1510 825 1522 842 large-vehicle 0.2758
1443 798 1425 778 1477 732 1495 752 large-vehicle 0.2749
967 2249 960 2221 1036 2201 1043 2228 large-vehicle 0.2192
1055 2216 1046 2194 1133 2160 1142 2182 large-vehicle 0.2115
837 1400 825 1374 939 1322 951 1348 large-vehicle 0.1805
2507 2172 2504 2145 2621 2132 2624 2159 large-vehicle 0.1749
1757 2494 1745 2468 1840 2425 1851 2451 large-vehicle 0.1747
2290 2811 2287 2782 2418 2771 2421 2799 large-vehicle 0.1599
1444 2525 1441 2493 1563 2482 1565 2514 large-vehicle 0.1573
592 1248 616 1219 707 1295 682 1324 large-vehicle 0.1546
1768 84 1756 67 1804 32 1816 49 large-vehicle 0.1466
1432 839 1414 817 1468 775 1485 798 large-vehicle 0.1396
1441 862 1426 840 1484 800 1499 822 large-vehicle 0.1385
2158 2230 2153 2195 2269 2179 2274 2214 large-vehicle 0.1259
2090 2301 2086 2269 2201 2252 2205 2285 large-vehicle 0.1012
1956 1810 1989 1800 2006 1860 1973 1870 ship 0.3586
2117 2386 2113 2352 2193 2342 2197 2375 ship 0.3516
1838 1852 1828 1823 1906 1795 1917 1824 ship 0.2806
2099 2415 2096 2380 2190 2373 2193 2408 ship 0.2625
501 1283 530 1265 581 1345 553 1364 ship 0.1744
1944 1798 1939 1767 2002 1756 2007 1787 ship 0.1621
2172 2345 2168 2316 2274 2302 2278 2332 ship 0.1467
1922 1827 1956 1814 1978 1871 1945 1884 ship 0.1420
2158 2230 2153 2195 2269 2179 2274 2214 ship 0.1375
2204 2402 2202 2367 2314 2359 2316 2394 ship 0.1327
