404 676 407 652 456 657 453 681 small-vehicle 0.7921
407 708 409 685 457 688 455 712 small-vehicle 0.7436
406 732 409 710 457 717 453 739 small-vehicle 0.7134
232 751 234 724 289 728 286 756 small-vehicle 0.6200
476 779 451 777 454 728 479 730 small-vehicle 0.5560
895 786 897 766 936 769 934 789 small-vehicle 0.5372
247 706 249 687 289 690 287 710 small-vehicle 0.5326
1723 1056 1726 1034 1776 1040 1773 1062 small-vehicle 0.5280
784 799 784 779 824 778 825 798 small-vehicle 0.5017
648 849 621 846 627 787 654 790 small-vehicle 0.4851
784 753 786 731 830 735 828 756 small-vehicle 0.4785
783 772 785 751 824 755 822 776 small-vehicle 0.4758
729 859 702 855 710 793 737 796 small-vehicle 0.4395
352 717 355 696 391 701 388 722 small-vehicle 0.4345
888 710 891 688 935 695 932 717 small-vehicle 0.4248
786 729 790 708 834 715 830 737 small-vehicle 0.3986
940 714 945 692 995 703 990 725 small-vehicle 0.3939
1571 609 1575 587 1618 595 1614 617 small-vehicle 0.3714
885 806 888 787 934 792 931 812 small-vehicle 0.3489
500 846 475 845 477 783 503 784 small-vehicle 0.3433
677 845 649 842 655 791 683 794 small-vehicle 0.3396
847 875 825 872 831 824 853 826 small-vehicle 0.2894
963 490 965 471 1003 476 1001 494 small-vehicle 0.2817
930 824 933 804 973 810 970 830 small-vehicle 0.2714
939 745 941 723 989 729 987 751 small-vehicle 0.2689
388 806 391 781 450 788 447 813 small-vehicle 0.2481
1413 840 1415 815 1455 818 1453 843 small-vehicle 0.2450
871 877 848 876 850 834 873 835 small-vehicle 0.2325
878 833 881 808 926 813 923 839 small-vehicle 0.2252
1121 507 1122 483 1193 488 1191 512 small-vehicle 0.2226
453 783 476 782 477 840 454 840 small-vehicle 0.2190
396 781 401 759 446 770 440 791 small-vehicle 0.2143
778 846 774 826 823 818 826 839 small-vehicle 0.2005
227 733 200 728 211 669 238 674 small-vehicle 0.1982
220 812 196 808 206 747 229 750 small-vehicle 0.1972
508 764 480 763 484 696 512 698 small-vehicle 0.1855
481 729 458 726 466 666 490 669 small-vehicle 0.1830
528 843 502 841 505 793 530 795 small-vehicle 0.1665
733 790 710 788 716 732 739 734 small-vehicle 0.1326
1125 480 1127 458 1197 466 1194 488 small-vehicle 0.1306
1415 789 1416 768 1470 771 1469 792 small-vehicle 0.1303
1114 582 1117 562 1155 569 1151 589 small-vehicle 0.1285
600 783 574 781 578 732 605 735 small-vehicle 0.1205
541 711 514 710 516 654 542 655 small-vehicle 0.1108
1283 624 1247 622 1258 470 1294 472 large-vehicle 0.9933
550 567 518 563 538 408 571 412 large-vehicle 0.9912
468 559 435 556 451 396 484 399 large-vehicle 0.9909
931 600 897 598 908 438 942 441 large-vehicle 0.9830
1502 584 1472 581 1481 481 1511 484 large-vehicle 0.9776
1127 481 1129 458 1198 465 1196 487 large-vehicle 0.9550
1121 507 1123 484 1193 491 1191 514 large-vehicle 0.9516
651 806 628 804 637 671 660 673 large-vehicle 0.9508
1536 584 1502 582 1509 490 1542 492 large-vehicle 0.9417
833 535 802 532 812 433 843 436 large-vehicle 0.9305
543 783 513 782 518 663 548 664 large-vehicle 0.9251
626 790 600 788 608 677 634 679 large-vehicle 0.9223
600 788 572 787 577 672 605 674 large-vehicle 0.9200
677 794 654 792 661 676 684 678 large-vehicle 0.9154
1565 679 1535 677 1542 577 1572 579 large-vehicle 0.9145
1455 668 1423 666 1429 575 1461 577 large-vehicle 0.9109
1185 878 1150 874 1159 779 1194 782 large-vehicle 0.8720
708 778 683 776 687 708 711 709 large-vehicle 0.8696
1466 572 1432 569 1439 482 1474 485 large-vehicle 0.8573
205 713 176 709 185 641 213 645 large-vehicle 0.8238
217 812 196 809 205 746 226 749 large-vehicle 0.8113
1569 578 1540 576 1547 486 1577 488 large-vehicle 0.7809
1223 879 1191 877 1196 796 1228 798 large-vehicle 0.7573
507 765 480 762 489 677 516 680 large-vehicle 0.6089
481 729 458 726 466 666 490 669 large-vehicle 0.5645
733 788 709 785 716 734 739 737 large-vehicle 0.3789
710 854 676 852 681 788 715 790 large-vehicle 0.3095
476 841 452 840 454 781 478 781 large-vehicle 0.1952
650 844 620 841 625 791 655 794 large-vehicle 0.1839
734 735 710 733 715 676 739 678 large-vehicle 0.1781
676 846 650 843 656 787 682 789 large-vehicle 0.1739
201 809 174 809 175 737 202 737 large-vehicle 0.1695
500 844 475 843 477 783 502 783 large-vehicle 0.1665
940 746 943 725 988 730 985 751 large-vehicle 0.1292
732 857 705 854 711 796 738 799 large-vehicle 0.1058
387 806 390 782 449 788 446 813 large-vehicle 0.1054
