1143 193 1161 183 1182 222 1164 232 small-vehicle 0.9875
641 664 632 646 672 629 680 647 small-vehicle 0.9614
1154 766 1173 759 1188 798 1169 805 small-vehicle 0.9460
628 646 620 628 655 611 663 630 small-vehicle 0.9221
1022 569 1023 550 1067 553 1065 572 small-vehicle 0.9218
652 282 672 271 693 311 673 322 small-vehicle 0.8952
1196 481 1197 459 1244 462 1242 484 small-vehicle 0.8830
1202 505 1202 485 1255 485 1255 505 small-vehicle 0.8597
1170 431 1171 411 1221 412 1221 432 small-vehicle 0.8475
1221 681 1241 677 1250 723 1229 727 small-vehicle 0.8265
973 433 964 415 997 398 1006 416 small-vehicle 0.8263
1198 695 1218 692 1225 734 1205 738 small-vehicle 0.8263
347 631 337 609 381 588 392 610 small-vehicle 0.8131
610 609 601 589 637 573 646 592 small-vehicle 0.7328
1008 543 1009 522 1056 524 1055 546 small-vehicle 0.7183
256 690 247 670 289 651 298 670 small-vehicle 0.7163
1091 29 1116 18 1141 73 1116 84 small-vehicle 0.6872
952 392 943 373 980 354 990 374 small-vehicle 0.6677
980 452 973 435 1008 419 1015 436 small-vehicle 0.6671
417 600 407 578 460 552 471 574 small-vehicle 0.6546
1049 628 1051 606 1094 611 1092 633 small-vehicle 0.6512
633 287 653 278 672 321 652 330 small-vehicle 0.6443
1178 699 1197 696 1205 734 1186 738 small-vehicle 0.6179
731 251 752 242 773 290 751 299 small-vehicle 0.5103
1024 735 1003 722 1034 672 1055 685 small-vehicle 0.4865
735 422 757 411 783 464 762 475 small-vehicle 0.4682
688 445 707 435 735 486 715 497 small-vehicle 0.4569
958 412 948 392 986 375 996 395 small-vehicle 0.4532
1040 767 1020 751 1055 707 1075 724 small-vehicle 0.4334
996 360 986 343 1018 325 1028 342 small-vehicle 0.4136
1230 538 1221 519 1254 505 1263 524 small-vehicle 0.3409
1120 342 1120 319 1177 321 1177 343 small-vehicle 0.3395
677 434 666 414 719 386 730 407 small-vehicle 0.3262
1114 1329 1105 1310 1144 1291 1153 1310 small-vehicle 0.3076
995 516 997 495 1051 500 1049 521 small-vehicle 0.2784
665 455 685 444 713 495 692 506 small-vehicle 0.2775
643 470 664 458 696 513 675 526 small-vehicle 0.2665
1106 316 1106 294 1166 296 1165 319 small-vehicle 0.2495
1129 372 1128 349 1189 348 1190 370 small-vehicle 0.1961
600 471 588 448 638 422 649 445 small-vehicle 0.1905
1235 823 1253 816 1266 854 1248 861 small-vehicle 0.1664
625 480 645 468 676 524 655 536 small-vehicle 0.1542
949 589 970 577 990 609 968 622 small-vehicle 0.1214
704 433 727 421 760 481 737 493 small-vehicle 0.1198
128 506 158 492 216 624 186 637 large-vehicle 0.9888
455 546 441 519 578 450 591 477 large-vehicle 0.9866
902 704 927 692 970 778 945 790 large-vehicle 0.9774
770 439 755 413 861 355 875 381 large-vehicle 0.9730
833 691 855 679 891 745 868 758 large-vehicle 0.9707
849 542 878 527 917 606 888 620 large-vehicle 0.9705
916 540 942 525 991 605 964 621 large-vehicle 0.9687
855 615 881 601 923 679 896 693 large-vehicle 0.9685
836 758 864 744 900 816 872 830 large-vehicle 0.9638
464 344 485 333 515 392 493 403 large-vehicle 0.9631
898 623 922 611 955 681 932 693 large-vehicle 0.9602
791 568 822 551 869 636 839 653 large-vehicle 0.9517
520 383 508 357 580 325 591 351 large-vehicle 0.9464
726 736 752 724 786 797 760 810 large-vehicle 0.9418
623 477 644 467 675 525 654 536 large-vehicle 0.9223
992 1066 979 1039 1069 998 1081 1026 large-vehicle 0.9162
916 606 940 595 977 671 953 682 large-vehicle 0.9021
766 692 792 678 832 756 806 770 large-vehicle 0.8996
1130 372 1130 349 1188 347 1188 370 large-vehicle 0.8996
804 766 831 753 868 829 841 842 large-vehicle 0.8884
393 417 380 392 447 357 460 382 large-vehicle 0.8878
842 650 865 638 907 715 884 728 large-vehicle 0.8833
777 594 802 582 843 665 818 677 large-vehicle 0.8795
1101 315 1102 293 1167 296 1166 319 large-vehicle 0.8706
643 471 663 459 695 514 675 525 large-vehicle 0.8476
705 429 730 417 761 480 736 492 large-vehicle 0.7935
665 456 686 445 713 495 692 507 large-vehicle 0.7870
676 435 665 414 720 385 731 406 large-vehicle 0.7666
1116 342 1115 321 1180 320 1180 341 large-vehicle 0.7188
736 423 756 412 783 461 763 473 large-vehicle 0.6531
687 444 707 433 735 486 715 497 large-vehicle 0.6351
752 729 778 716 816 793 789 805 large-vehicle 0.5856
1024 735 1003 722 1033 674 1053 687 large-vehicle 0.5603
863 751 888 739 923 814 898 826 large-vehicle 0.5571
1038 768 1017 750 1053 706 1075 724 large-vehicle 0.5548
731 250 752 241 772 291 751 300 large-vehicle 0.5535
888 727 912 716 949 793 925 804 large-vehicle 0.5434
941 716 967 703 990 749 963 762 large-vehicle 0.5183
416 602 405 580 458 552 469 574 large-vehicle 0.4777
1090 28 1115 17 1139 73 1114 84 large-vehicle 0.4530
666 1341 638 1326 679 1248 707 1263 large-vehicle 0.4526
961 610 984 596 1022 661 999 675 large-vehicle 0.4424
634 288 653 279 671 321 651 329 large-vehicle 0.3343
1203 504 1204 484 1253 487 1252 507 large-vehicle 0.1988
596 473 584 449 640 420 653 445 large-vehicle 0.1239
651 281 671 271 692 311 672 321 large-vehicle 0.1234
982 345 1062 314 1114 449 1035 480 tennis-court 0.2394
