426 2895 443 2880 517 2966 500 2981 bridge 0.1801
1159 2437 1140 2412 1300 2289 1320 2315 bridge 0.1541
631 4083 -4 3391 1220 2264 1856 2956 ground-track-field 0.9641
1052 2158 1029 2134 1099 2066 1122 2089 small-vehicle 0.1700
2161 3989 2139 3958 2197 3917 2219 3947 ship 0.1677
2334 3267 2406 3223 2505 3382 2434 3427 tennis-court 0.9926
2441 3201 2517 3149 2629 3314 2553 3366 tennis-court 0.9834
1727 2139 1670 2068 1815 1950 1872 2021 tennis-court 0.9292
1480 2336 1419 2263 1569 2138 1630 2211 tennis-court 0.8691
1643 2039 1589 1967 1742 1854 1796 1926 tennis-court 0.8492
2600 3454 2718 3377 2827 3544 2708 3621 tennis-court 0.7981
1830 2823 1769 2749 1930 2616 1991 2690 tennis-court 0.7326
1692 2611 1635 2541 1782 2421 1840 2490 tennis-court 0.7103
1759 2710 1705 2636 1853 2526 1908 2600 tennis-court 0.7002
1555 2429 1501 2360 1652 2243 1706 2312 tennis-court 0.6785
2496 3545 2577 3480 2677 3604 2596 3670 tennis-court 0.6674
2081 2635 2019 2550 2183 2432 2245 2517 tennis-court 0.6030
1799 2250 1739 2173 1893 2054 1953 2131 tennis-court 0.5880
1402 2236 1338 2162 1490 2030 1554 2104 tennis-court 0.4447
2010 2548 1936 2452 2101 2325 2174 2420 tennis-court 0.4357
2254 3332 2311 3293 2396 3419 2339 3457 tennis-court 0.3131
1941 2432 1879 2359 2025 2234 2087 2306 tennis-court 0.1492
1865 2286 2039 2158 2295 2506 2120 2634 basketball-court 0.1928
1822 2831 1757 2752 1928 2611 1994 2690 basketball-court 0.1267
1557 2434 1513 2380 1644 2271 1688 2324 basketball-court 0.1042
670 3790 276 3351 1177 2541 1571 2980 soccer-ball-field 0.9486
199 2725 271 2651 451 2824 379 2899 harbor 0.6277
