425 988 441 978 463 1017 447 1026 small-vehicle 0.8350
337 1037 353 1027 375 1064 359 1074 small-vehicle 0.8156
545 766 565 755 590 798 570 810 small-vehicle 0.6937
586 984 607 969 631 1003 610 1018 small-vehicle 0.5939
304 1050 319 1041 339 1075 324 1084 small-vehicle 0.5658
549 1023 569 1010 590 1040 570 1053 small-vehicle 0.5636
571 1008 590 995 612 1025 593 1039 small-vehicle 0.5590
395 601 388 587 421 570 428 585 small-vehicle 0.4952
354 1026 369 1016 392 1051 377 1061 small-vehicle 0.4916
358 1167 378 1152 401 1184 382 1198 small-vehicle 0.4596
405 618 397 603 428 586 437 600 small-vehicle 0.4542
308 621 300 603 353 579 361 598 small-vehicle 0.3873
471 1058 491 1042 535 1099 514 1115 small-vehicle 0.3791
536 883 524 861 576 834 588 855 small-vehicle 0.3616
369 592 360 574 411 550 420 568 small-vehicle 0.3548
319 879 334 870 350 898 336 906 small-vehicle 0.3371
479 788 468 768 513 744 524 764 small-vehicle 0.3147
647 969 667 956 700 1008 680 1021 small-vehicle 0.2643
412 639 405 624 439 609 445 624 small-vehicle 0.2557
358 850 371 842 389 872 375 880 small-vehicle 0.2404
339 864 353 856 368 884 355 892 small-vehicle 0.2395
523 859 511 838 560 809 573 830 small-vehicle 0.2381
433 1133 451 1117 496 1169 478 1185 small-vehicle 0.2239
533 1085 521 1069 559 1040 571 1056 small-vehicle 0.2059
410 674 400 653 451 629 461 649 small-vehicle 0.1864
495 812 483 792 533 765 544 786 small-vehicle 0.1678
547 906 535 885 591 853 603 875 small-vehicle 0.1643
324 1168 345 1153 384 1210 363 1224 small-vehicle 0.1301
649 776 639 754 705 724 715 746 small-vehicle 0.1208
319 634 338 622 377 686 357 698 large-vehicle 0.9692
687 875 678 855 751 822 760 842 large-vehicle 0.9623
478 1105 496 1091 540 1146 523 1160 large-vehicle 0.9588
675 850 666 827 741 799 749 821 large-vehicle 0.9587
660 825 650 803 726 770 736 792 large-vehicle 0.9585
630 722 621 699 695 669 704 692 large-vehicle 0.9581
275 651 294 643 324 711 304 719 large-vehicle 0.9556
540 502 530 480 604 448 614 471 large-vehicle 0.9548
701 894 692 872 760 844 770 867 large-vehicle 0.9544
638 748 629 726 702 697 710 719 large-vehicle 0.9534
296 644 321 632 356 706 332 718 large-vehicle 0.9489
558 932 546 911 611 876 623 898 large-vehicle 0.9479
591 624 582 603 655 571 664 592 large-vehicle 0.9438
419 1154 436 1140 479 1193 462 1207 large-vehicle 0.9424
601 647 592 625 664 595 673 617 large-vehicle 0.9421
625 699 614 676 687 643 697 665 large-vehicle 0.9319
580 597 571 576 635 547 644 569 large-vehicle 0.9315
481 1016 470 994 539 960 550 981 large-vehicle 0.9310
450 1116 468 1100 521 1158 503 1174 large-vehicle 0.9171
553 553 543 530 618 497 628 520 large-vehicle 0.9167
565 579 556 557 628 527 637 549 large-vehicle 0.9149
614 674 604 653 675 618 685 640 large-vehicle 0.9122
545 529 535 508 609 473 619 494 large-vehicle 0.9052
647 774 638 753 706 722 716 743 large-vehicle 0.8731
546 906 534 885 591 854 602 875 large-vehicle 0.8233
509 484 493 466 553 415 569 433 large-vehicle 0.7968
434 1133 451 1118 494 1168 477 1183 large-vehicle 0.7967
223 664 251 652 283 732 255 743 large-vehicle 0.7646
704 922 696 901 766 873 775 894 large-vehicle 0.7623
367 1179 387 1162 438 1221 417 1238 large-vehicle 0.7617
338 621 362 606 403 670 379 685 large-vehicle 0.7467
488 677 512 663 553 731 529 745 large-vehicle 0.7362
624 986 641 973 681 1025 664 1038 large-vehicle 0.7354
256 669 276 660 304 728 284 736 large-vehicle 0.7225
581 1031 603 1010 651 1057 629 1079 large-vehicle 0.6603
646 970 666 957 700 1008 680 1020 large-vehicle 0.6521
435 589 461 577 487 631 461 643 large-vehicle 0.6317
398 1164 417 1150 455 1202 435 1216 large-vehicle 0.6140
605 1007 626 990 665 1038 644 1055 large-vehicle 0.5652
472 1058 491 1044 531 1096 512 1110 large-vehicle 0.5442
427 695 416 673 468 648 479 671 large-vehicle 0.5096
537 884 525 862 575 834 587 856 large-vehicle 0.5079
508 834 496 812 547 785 558 807 large-vehicle 0.4932
514 1071 538 1051 589 1113 565 1133 large-vehicle 0.4705
467 596 491 582 525 641 501 654 large-vehicle 0.4560
324 1166 343 1153 382 1212 363 1225 large-vehicle 0.4215
523 859 511 838 560 809 573 830 large-vehicle 0.3739
283 843 270 820 333 783 346 806 large-vehicle 0.3644
265 824 251 801 325 757 339 779 large-vehicle 0.3598
563 1048 586 1029 630 1081 607 1100 large-vehicle 0.3532
312 622 303 605 352 579 361 597 large-vehicle 0.3133
686 940 705 926 739 970 720 984 large-vehicle 0.2021
369 592 361 575 410 552 419 569 large-vehicle 0.1799
549 1063 565 1048 603 1091 586 1106 large-vehicle 0.1538
665 948 686 935 721 990 699 1003 large-vehicle 0.1303
441 717 431 698 480 673 490 691 large-vehicle 0.1091
408 674 398 654 450 628 460 649 large-vehicle 0.1039
550 552 541 530 617 497 626 520 ship 0.1307
-12 1291 152 1288 155 1456 -9 1458 storage-tank 0.6033
616 118 614 33 704 32 705 116 storage-tank 0.5608
611 116 613 33 705 36 703 119 roundabout 0.1580
