1598 636 1579 623 1607 581 1626 594 small-vehicle 0.8538
1553 637 1574 626 1605 686 1585 697 small-vehicle 0.8374
1525 649 1541 638 1570 685 1553 695 small-vehicle 0.8160
1541 721 1559 709 1589 754 1570 767 small-vehicle 0.8122
1766 537 1760 518 1809 503 1815 522 small-vehicle 0.7914
1473 612 1489 601 1522 652 1506 663 small-vehicle 0.7853
1717 609 1736 597 1763 639 1745 651 small-vehicle 0.7821
1755 518 1747 496 1796 480 1804 502 small-vehicle 0.7731
1616 653 1597 638 1626 600 1645 614 small-vehicle 0.7686
1732 475 1723 453 1776 431 1785 454 small-vehicle 0.7684
30 1963 47 1953 69 1992 52 2002 small-vehicle 0.7681
1623 676 1604 663 1630 628 1648 641 small-vehicle 0.7550
1446 609 1464 599 1494 649 1475 660 small-vehicle 0.7515
1507 669 1524 657 1559 711 1542 722 small-vehicle 0.7508
1762 615 1744 601 1772 565 1791 580 small-vehicle 0.7448
1742 575 1723 562 1749 526 1767 539 small-vehicle 0.7404
1784 562 1778 539 1825 526 1832 548 small-vehicle 0.7404
1726 451 1719 429 1764 414 1771 436 small-vehicle 0.7220
1636 697 1620 684 1649 648 1665 662 small-vehicle 0.7207
51 1953 66 1944 87 1982 71 1990 small-vehicle 0.7151
1748 493 1740 472 1787 454 1795 475 small-vehicle 0.6928
1806 893 1800 871 1848 857 1855 879 small-vehicle 0.6911
1690 498 1670 484 1702 437 1722 451 small-vehicle 0.6717
1663 442 1644 427 1679 384 1698 399 small-vehicle 0.6482
1673 678 1671 656 1720 651 1722 673 small-vehicle 0.6180
67 1939 83 1929 104 1966 88 1975 small-vehicle 0.6142
1653 654 1651 631 1704 627 1706 651 small-vehicle 0.6065
1654 714 1637 701 1662 666 1679 679 small-vehicle 0.5905
1585 616 1567 606 1590 567 1608 578 small-vehicle 0.5848
1643 634 1640 611 1692 604 1696 626 small-vehicle 0.5803
1673 468 1656 454 1694 407 1711 420 small-vehicle 0.5750
1819 916 1813 891 1861 879 1867 904 small-vehicle 0.5674
1706 411 1701 388 1745 378 1750 400 small-vehicle 0.5672
1084 1040 1103 1029 1129 1072 1110 1083 small-vehicle 0.5603
1704 515 1686 503 1713 465 1731 478 small-vehicle 0.5591
1485 589 1503 578 1538 633 1519 645 small-vehicle 0.5450
1506 575 1525 562 1563 618 1543 631 small-vehicle 0.5299
9 1923 28 1913 49 1953 30 1963 small-vehicle 0.5217
1791 582 1786 558 1834 547 1840 571 small-vehicle 0.5051
1474 662 1494 651 1520 698 1501 709 small-vehicle 0.5043
1774 633 1759 619 1784 591 1800 605 small-vehicle 0.4959
1614 432 1632 422 1657 468 1639 477 small-vehicle 0.4839
1794 603 1790 580 1841 571 1845 594 small-vehicle 0.4812
1829 1491 1817 1476 1848 1453 1859 1469 small-vehicle 0.4699
1593 438 1611 428 1634 470 1616 480 small-vehicle 0.4671
1716 430 1711 411 1756 399 1761 418 small-vehicle 0.4662
1382 1442 1402 1430 1432 1478 1412 1490 small-vehicle 0.4659
1651 494 1669 483 1699 532 1681 542 small-vehicle 0.4554
1387 1534 1375 1516 1410 1491 1422 1509 small-vehicle 0.4403
1838 1516 1825 1495 1861 1471 1875 1492 small-vehicle 0.4364
1793 870 1788 850 1835 837 1841 856 small-vehicle 0.4238
32 1914 49 1905 68 1940 51 1949 small-vehicle 0.4007
199 1980 189 1961 227 1941 237 1959 small-vehicle 0.3946
1725 560 1705 543 1733 509 1754 527 small-vehicle 0.3898
1409 1430 1425 1418 1454 1456 1438 1468 small-vehicle 0.3877
1274 1448 1291 1438 1311 1472 1294 1482 small-vehicle 0.3862
914 1420 903 1398 956 1372 967 1394 small-vehicle 0.3797
1419 569 1436 557 1465 599 1447 611 small-vehicle 0.3778
1321 1489 1337 1476 1373 1519 1357 1532 small-vehicle 0.3544
103 2002 92 1985 126 1963 137 1980 small-vehicle 0.3541
1504 713 1521 702 1553 751 1536 762 small-vehicle 0.3519
1010 1293 999 1276 1038 1251 1049 1268 small-vehicle 0.3375
76 1898 96 1888 111 1918 91 1928 small-vehicle 0.3276
112 1920 130 1910 153 1947 135 1958 small-vehicle 0.3253
1053 1047 1073 1034 1108 1085 1088 1098 small-vehicle 0.3179
905 1378 895 1364 928 1341 938 1356 small-vehicle 0.3164
156 1898 176 1889 193 1925 173 1935 small-vehicle 0.3138
1682 547 1699 537 1732 592 1715 603 small-vehicle 0.2986
1057 1007 1082 993 1103 1032 1079 1046 small-vehicle 0.2755
1430 1415 1447 1403 1479 1445 1462 1458 small-vehicle 0.2551
131 1903 149 1894 169 1934 151 1943 small-vehicle 0.2466
1018 1598 1006 1584 1039 1556 1051 1570 small-vehicle 0.2430
1450 535 1469 522 1502 570 1482 583 small-vehicle 0.2365
1853 1538 1840 1521 1871 1499 1884 1517 small-vehicle 0.2287
1091 1140 1078 1119 1125 1090 1138 1110 small-vehicle 0.2110
1569 600 1550 590 1572 549 1591 559 small-vehicle 0.1976
1723 1334 1714 1314 1754 1296 1763 1316 small-vehicle 0.1927
1309 1800 1294 1790 1317 1753 1332 1763 small-vehicle 0.1868
1775 1406 1766 1390 1803 1368 1813 1384 small-vehicle 0.1859
1086 997 1106 984 1131 1023 1111 1035 small-vehicle 0.1836
222 1871 240 1861 260 1896 241 1906 small-vehicle 0.1827
1386 1898 1378 1883 1415 1865 1423 1880 small-vehicle 0.1823
1438 555 1454 545 1485 594 1468 604 small-vehicle 0.1787
88 1926 103 1916 127 1955 112 1965 small-vehicle 0.1678
1764 1389 1755 1372 1793 1352 1802 1369 small-vehicle 0.1639
1585 1313 1571 1292 1622 1257 1636 1278 small-vehicle 0.1631
653 1089 675 1080 692 1121 670 1130 small-vehicle 0.1621
1699 1285 1689 1267 1725 1247 1735 1264 small-vehicle 0.1584
199 1882 218 1872 237 1910 218 1920 small-vehicle 0.1560
938 1192 959 1189 965 1233 944 1236 small-vehicle 0.1499
1470 518 1486 506 1518 552 1501 564 small-vehicle 0.1434
1576 528 1577 507 1639 509 1639 530 small-vehicle 0.1327
129 1845 151 1836 169 1878 147 1887 small-vehicle 0.1227
1714 538 1697 525 1725 489 1742 502 small-vehicle 0.1219
178 1889 197 1882 213 1922 194 1929 small-vehicle 0.1124
726 1856 713 1835 764 1804 777 1824 small-vehicle 0.1112
1055 1596 1046 1581 1079 1562 1088 1577 small-vehicle 0.1096
1622 495 1640 483 1670 532 1651 544 small-vehicle 0.1053
89 1875 79 1858 113 1837 123 1853 small-vehicle 0.1017
1551 505 1551 485 1624 485 1624 505 large-vehicle 0.9361
545 1302 569 1287 620 1369 596 1384 large-vehicle 0.9353
497 1336 520 1321 571 1402 548 1417 large-vehicle 0.9302
1285 640 1307 628 1354 715 1332 726 large-vehicle 0.9234
684 1551 666 1522 798 1439 816 1469 large-vehicle 0.9122
952 1058 975 1043 1027 1121 1004 1136 large-vehicle 0.9093
644 1500 625 1472 761 1382 780 1411 large-vehicle 0.9092
623 1672 608 1648 743 1565 758 1589 large-vehicle 0.9072
1196 651 1219 634 1292 738 1269 754 large-vehicle 0.8849
1685 551 1702 542 1734 595 1717 605 large-vehicle 0.8800
448 1365 474 1350 524 1437 497 1452 large-vehicle 0.8693
571 1286 597 1271 646 1352 620 1367 large-vehicle 0.8692
1575 556 1576 535 1645 539 1644 560 large-vehicle 0.8648
1082 996 1105 982 1173 1089 1150 1104 large-vehicle 0.8539
971 1042 996 1026 1053 1111 1027 1128 large-vehicle 0.8488
516 1321 544 1304 596 1387 568 1405 large-vehicle 0.8399
605 1263 634 1245 685 1325 657 1343 large-vehicle 0.8387
472 1354 495 1340 544 1422 521 1436 large-vehicle 0.8347
1661 561 1679 549 1712 598 1694 610 large-vehicle 0.8144
649 1700 631 1671 758 1591 776 1620 large-vehicle 0.8113
1529 484 1526 460 1601 452 1604 475 large-vehicle 0.8046
1604 582 1606 560 1675 567 1672 589 large-vehicle 0.7959
1438 556 1455 545 1488 596 1471 607 large-vehicle 0.7663
334 1171 367 1155 413 1253 380 1269 large-vehicle 0.7527
770 1400 790 1386 824 1435 804 1449 large-vehicle 0.6801
1241 634 1268 618 1322 711 1295 726 large-vehicle 0.6482
1672 467 1656 454 1694 406 1711 420 large-vehicle 0.5533
667 1523 652 1500 780 1418 795 1442 large-vehicle 0.5489
1053 1049 1071 1036 1106 1086 1089 1098 large-vehicle 0.5475
930 1096 955 1079 1004 1151 979 1167 large-vehicle 0.5153
1449 536 1467 524 1499 572 1480 584 large-vehicle 0.5048
1311 627 1339 613 1388 707 1360 722 large-vehicle 0.4492
1199 946 1218 936 1247 988 1227 999 large-vehicle 0.3993
1485 589 1503 578 1538 633 1519 645 large-vehicle 0.3570
1505 575 1525 561 1563 617 1543 631 large-vehicle 0.3527
394 1401 421 1385 474 1474 447 1489 large-vehicle 0.3472
1177 957 1198 946 1225 993 1203 1005 large-vehicle 0.3240
1219 1021 1239 1010 1265 1059 1245 1070 large-vehicle 0.3016
421 1389 444 1375 493 1454 470 1468 large-vehicle 0.2784
309 1196 341 1181 383 1273 350 1287 large-vehicle 0.2721
1507 669 1525 657 1561 711 1544 723 large-vehicle 0.2543
913 1418 904 1397 956 1372 965 1393 large-vehicle 0.2509
578 1610 564 1588 662 1527 676 1549 large-vehicle 0.2313
1472 517 1488 506 1518 551 1501 562 large-vehicle 0.2296
1419 569 1436 557 1465 599 1447 611 large-vehicle 0.2220
1614 433 1632 423 1659 470 1642 480 large-vehicle 0.1936
1504 715 1521 703 1553 750 1536 762 large-vehicle 0.1893
1277 624 1267 592 1381 557 1391 589 large-vehicle 0.1820
1091 1140 1078 1119 1125 1090 1138 1110 large-vehicle 0.1762
1197 1034 1216 1023 1243 1070 1224 1081 large-vehicle 0.1554
1382 1442 1402 1430 1432 1478 1412 1490 large-vehicle 0.1476
1622 495 1640 483 1670 532 1651 544 large-vehicle 0.1383
1418 1947 1406 1929 1451 1898 1463 1916 large-vehicle 0.1331
1156 967 1178 955 1205 1007 1183 1019 large-vehicle 0.1317
1030 743 1053 727 1106 801 1082 818 large-vehicle 0.1236
1084 1040 1103 1029 1129 1072 1110 1083 large-vehicle 0.1234
388 1762 415 1750 465 1863 438 1875 large-vehicle 0.1198
1643 633 1642 610 1695 607 1696 630 large-vehicle 0.1188
1475 665 1492 655 1519 700 1502 710 large-vehicle 0.1176
593 1663 568 1626 714 1528 739 1566 large-vehicle 0.1162
825 1356 857 1335 916 1429 884 1450 large-vehicle 0.1154
982 790 1014 765 1065 831 1033 856 large-vehicle 0.1144
1536 543 1515 542 1519 481 1540 483 large-vehicle 0.1139
1225 936 1244 925 1273 972 1254 984 large-vehicle 0.1124
1008 762 1034 745 1086 821 1059 839 large-vehicle 0.1108
1180 1048 1200 1037 1226 1083 1206 1094 large-vehicle 0.1073
1651 494 1669 483 1699 532 1681 542 large-vehicle 0.1064
1560 571 1537 566 1549 514 1571 518 ship 0.8490
1568 600 1549 588 1572 550 1591 562 ship 0.4946
1470 519 1487 507 1521 552 1504 565 ship 0.4154
1537 544 1514 543 1517 482 1540 483 ship 0.3269
1652 495 1669 485 1697 530 1680 541 ship 0.1930
1660 556 1679 546 1708 597 1690 607 ship 0.1760
1474 613 1490 603 1519 649 1502 659 ship 0.1742
1449 536 1467 524 1499 572 1480 584 ship 0.1674
1197 1034 1216 1023 1243 1070 1224 1081 ship 0.1608
1180 1048 1200 1037 1226 1083 1206 1094 ship 0.1572
1604 582 1605 562 1676 568 1674 588 ship 0.1555
1243 1015 1263 1003 1290 1049 1270 1061 ship 0.1514
1505 574 1525 562 1558 616 1539 629 ship 0.1361
1655 713 1638 701 1664 666 1681 679 ship 0.1188
1321 1487 1338 1474 1370 1517 1353 1529 ship 0.1089
1636 697 1619 683 1647 650 1664 664 ship 0.1043
