1658 2450 1681 2445 1690 2485 1667 2490 small-vehicle 0.3526
1775 2428 1798 2423 1807 2469 1784 2473 small-vehicle 0.1724
1704 2443 1732 2439 1739 2484 1711 2489 small-vehicle 0.1680
285 1618 270 1585 306 1568 321 1601 small-vehicle 0.1666
1599 2465 1623 2458 1636 2501 1612 2508 small-vehicle 0.1607
1968 1031 1960 998 2005 988 2012 1022 small-vehicle 0.1506
618 2520 636 2512 655 2556 637 2564 small-vehicle 0.1276
415 2143 433 2133 453 2170 435 2180 small-vehicle 0.1071
1933 1650 1939 1627 1985 1639 1979 1662 small-vehicle 0.1052
337 2428 357 2418 378 2457 359 2468 small-vehicle 0.1033
879 668 898 658 929 720 910 729 large-vehicle 0.4845
1384 1550 1406 1538 1431 1585 1410 1597 large-vehicle 0.4109
736 225 755 214 786 271 766 281 large-vehicle 0.3005
859 324 847 302 903 269 916 291 large-vehicle 0.2829
898 2110 892 2089 966 2068 972 2089 large-vehicle 0.2310
1150 583 1169 573 1197 622 1179 633 large-vehicle 0.1818
905 2140 898 2119 978 2094 984 2115 large-vehicle 0.1808
990 630 984 615 1039 593 1045 608 large-vehicle 0.1729
735 2581 725 2556 779 2536 788 2560 large-vehicle 0.1510
927 502 918 481 962 460 972 481 large-vehicle 0.1286
1195 617 1216 607 1241 659 1220 669 large-vehicle 0.1241
510 2129 522 2111 576 2148 564 2166 large-vehicle 0.1236
1926 1683 1931 1665 1978 1677 1973 1695 large-vehicle 0.1131
1048 745 1036 725 1084 696 1096 716 large-vehicle 0.1098
1084 546 1104 535 1129 584 1110 595 large-vehicle 0.1083
1008 671 998 652 1048 626 1058 644 large-vehicle 0.1029
