1839 425 1820 416 1840 373 1859 382 small-vehicle 0.8472
1724 1424 1748 1423 1750 1472 1726 1473 small-vehicle 0.6487
548 1656 568 1648 585 1692 566 1700 small-vehicle 0.6394
678 1720 656 1718 662 1668 684 1671 small-vehicle 0.6322
611 1740 609 1720 651 1715 653 1736 small-vehicle 0.5727
113 1478 89 1476 93 1429 117 1431 small-vehicle 0.5544
691 1614 708 1604 729 1639 711 1649 small-vehicle 0.4973
-4 1494 -1 1474 41 1480 38 1500 small-vehicle 0.4787
407 1665 410 1645 451 1650 448 1671 small-vehicle 0.4696
499 1716 514 1707 535 1741 520 1751 small-vehicle 0.4476
1670 1101 1690 1101 1691 1138 1670 1138 small-vehicle 0.3956
622 1682 613 1664 652 1645 661 1664 small-vehicle 0.3931
359 1661 361 1639 406 1644 404 1666 small-vehicle 0.3755
610 1661 602 1643 645 1625 652 1644 small-vehicle 0.3572
414 1461 430 1451 452 1485 436 1496 small-vehicle 0.3541
813 563 803 547 840 525 850 541 small-vehicle 0.3518
1099 876 1098 855 1137 852 1138 874 small-vehicle 0.3481
112 1530 115 1509 160 1514 158 1535 small-vehicle 0.3448
1180 1225 1156 1221 1165 1162 1190 1166 small-vehicle 0.3393
1676 1393 1699 1393 1699 1434 1677 1435 small-vehicle 0.3348
99 1607 103 1586 146 1595 142 1616 small-vehicle 0.3246
597 1614 588 1594 627 1576 637 1596 small-vehicle 0.3104
712 1652 729 1643 750 1682 733 1691 small-vehicle 0.3084
606 1641 597 1622 634 1605 643 1624 small-vehicle 0.3028
1076 691 1074 673 1113 668 1116 686 small-vehicle 0.2752
113 1507 116 1488 161 1496 157 1516 small-vehicle 0.2737
-8 1468 -6 1446 42 1450 40 1472 small-vehicle 0.2676
107 1581 110 1557 151 1562 148 1586 small-vehicle 0.2639
571 1701 586 1696 602 1735 586 1740 small-vehicle 0.2576
498 1571 516 1564 532 1604 513 1611 small-vehicle 0.2459
428 1420 443 1407 474 1443 459 1456 small-vehicle 0.2414
-6 1519 -4 1499 36 1503 34 1523 small-vehicle 0.2325
413 1633 416 1611 460 1618 457 1640 small-vehicle 0.2186
751 1704 765 1695 792 1734 777 1743 small-vehicle 0.2103
665 1562 683 1553 702 1589 684 1598 small-vehicle 0.1736
393 1591 396 1571 441 1576 439 1596 small-vehicle 0.1567
1103 918 1100 897 1146 890 1150 910 small-vehicle 0.1526
1101 985 1098 956 1231 945 1233 975 large-vehicle 0.9923
1121 1081 1121 1051 1243 1049 1243 1078 large-vehicle 0.9830
1636 836 1661 836 1661 922 1637 922 large-vehicle 0.9821
649 644 647 614 789 604 792 634 large-vehicle 0.9809
1763 1415 1792 1413 1799 1506 1771 1509 large-vehicle 0.9759
1117 1109 1117 1081 1252 1079 1252 1108 large-vehicle 0.9710
671 963 670 935 774 934 774 962 large-vehicle 0.9622
1665 811 1636 809 1641 716 1670 717 large-vehicle 0.9578
639 607 637 577 786 567 788 597 large-vehicle 0.9481
1083 810 1080 776 1235 764 1238 799 large-vehicle 0.9387
668 993 668 968 759 966 760 992 large-vehicle 0.9230
277 891 273 864 361 851 365 878 large-vehicle 0.9018
1074 777 1070 742 1232 726 1235 761 large-vehicle 0.8981
354 953 349 922 470 905 474 936 large-vehicle 0.8941
638 551 634 521 796 500 800 530 large-vehicle 0.8871
633 583 629 553 786 533 789 564 large-vehicle 0.8854
1092 846 1090 815 1236 803 1239 835 large-vehicle 0.8642
354 816 349 791 414 778 419 803 large-vehicle 0.8631
819 728 847 726 854 835 827 837 large-vehicle 0.8430
1120 1138 1120 1112 1281 1110 1281 1137 large-vehicle 0.8297
646 886 649 861 743 872 740 897 large-vehicle 0.8266
332 917 328 888 434 873 438 902 large-vehicle 0.8235
956 632 953 604 1038 594 1042 622 large-vehicle 0.8137
919 941 897 934 917 867 940 874 large-vehicle 0.7951
662 928 663 900 765 904 764 931 large-vehicle 0.7804
276 857 271 833 343 820 347 844 large-vehicle 0.7539
532 707 560 707 561 780 533 780 large-vehicle 0.7266
348 684 344 657 409 646 413 674 large-vehicle 0.7259
370 847 366 824 437 813 440 836 large-vehicle 0.7177
641 748 637 723 723 710 727 735 large-vehicle 0.7110
831 694 830 673 897 669 898 690 large-vehicle 0.6910
1095 959 1092 924 1206 913 1210 948 large-vehicle 0.6578
1081 734 1079 703 1252 691 1254 722 large-vehicle 0.6561
1868 1657 1898 1657 1899 1740 1869 1740 large-vehicle 0.6026
1386 422 1381 391 1456 378 1461 408 large-vehicle 0.5953
956 597 953 574 1027 563 1031 586 large-vehicle 0.5524
954 841 951 808 1070 797 1073 831 large-vehicle 0.5375
1393 447 1389 415 1486 402 1490 434 large-vehicle 0.5235
318 732 313 701 427 680 432 711 large-vehicle 0.4952
956 675 954 650 1050 644 1051 670 large-vehicle 0.4811
1181 1224 1158 1220 1167 1163 1190 1167 large-vehicle 0.3838
326 786 322 760 379 752 382 778 large-vehicle 0.3698
878 733 910 731 917 839 886 841 large-vehicle 0.3687
333 752 329 726 398 716 402 742 large-vehicle 0.3444
657 1028 656 999 754 997 755 1026 large-vehicle 0.2753
307 652 303 623 390 612 393 641 large-vehicle 0.2524
959 873 958 845 1059 839 1061 867 large-vehicle 0.2302
962 716 960 688 1052 683 1053 711 large-vehicle 0.2291
785 1101 787 1077 847 1082 845 1106 large-vehicle 0.1779
185 659 218 654 233 764 200 769 large-vehicle 0.1778
225 796 223 770 294 764 296 790 large-vehicle 0.1656
6 699 1 668 130 650 134 681 large-vehicle 0.1510
931 445 927 420 1041 404 1044 429 large-vehicle 0.1425
982 800 980 768 1060 763 1062 794 large-vehicle 0.1228
655 715 652 691 724 682 727 706 large-vehicle 0.1135
731 1427 686 1321 874 1242 918 1348 tennis-court 0.6773
1829 1022 1830 961 1893 962 1892 1023 storage-tank 0.9684
1832 1122 1831 1060 1896 1059 1897 1121 storage-tank 0.9434
