128 78 131 59 172 66 169 84 small-vehicle 0.3559
214 688 235 685 241 729 220 732 small-vehicle 0.2693
131 203 150 202 152 238 133 240 small-vehicle 0.2601
267 790 271 772 311 780 308 798 small-vehicle 0.2594
1540 1126 1563 1125 1566 1159 1543 1161 small-vehicle 0.2316
654 1497 639 1485 661 1457 677 1469 small-vehicle 0.2144
146 681 149 660 194 666 191 687 small-vehicle 0.2112
528 176 550 173 557 217 534 221 small-vehicle 0.2059
1288 1784 1298 1769 1334 1794 1324 1809 small-vehicle 0.2026
540 1424 521 1417 534 1382 552 1389 small-vehicle 0.2007
438 1102 459 1100 463 1144 442 1146 small-vehicle 0.1972
392 1105 417 1102 423 1144 398 1147 small-vehicle 0.1906
1121 2095 1107 2078 1132 2056 1146 2073 small-vehicle 0.1876
1346 1309 1335 1299 1363 1269 1373 1279 small-vehicle 0.1743
70 1003 84 991 112 1021 99 1034 small-vehicle 0.1725
1153 1655 1153 1633 1191 1632 1192 1655 small-vehicle 0.1697
1255 2084 1241 2073 1267 2040 1281 2051 small-vehicle 0.1661
637 397 659 395 664 439 643 441 small-vehicle 0.1515
1480 1126 1498 1125 1500 1167 1483 1168 small-vehicle 0.1485
868 2117 881 2108 902 2140 889 2148 small-vehicle 0.1473
-7 888 7 878 29 909 15 919 small-vehicle 0.1368
305 718 323 717 324 764 305 764 small-vehicle 0.1360
569 176 591 173 595 209 573 211 small-vehicle 0.1343
254 595 272 593 276 631 257 633 small-vehicle 0.1317
1306 2049 1311 2031 1343 2040 1338 2057 small-vehicle 0.1226
1315 1285 1303 1276 1326 1242 1339 1251 small-vehicle 0.1222
675 237 674 217 713 214 714 235 small-vehicle 0.1215
273 329 298 326 302 366 278 368 small-vehicle 0.1208
1123 1220 1121 1199 1163 1195 1165 1216 small-vehicle 0.1202
894 248 912 248 913 292 894 292 small-vehicle 0.1190
1058 2174 1040 2160 1061 2132 1079 2146 small-vehicle 0.1144
1280 1268 1263 1262 1274 1227 1291 1232 small-vehicle 0.1126
180 638 192 623 222 648 211 662 small-vehicle 0.1095
1330 1300 1318 1290 1343 1259 1355 1268 small-vehicle 0.1075
942 296 962 294 965 334 945 336 small-vehicle 0.1062
1232 1673 1233 1653 1275 1654 1275 1674 small-vehicle 0.1030
214 297 235 294 239 333 218 335 small-vehicle 0.1005
750 1809 770 1801 792 1857 772 1865 large-vehicle 0.7599
23 505 30 490 68 510 60 524 large-vehicle 0.2564
395 1925 391 1906 467 1889 472 1908 large-vehicle 0.2391
548 1933 571 1929 586 2017 563 2021 large-vehicle 0.2105
951 43 950 21 997 18 998 40 large-vehicle 0.1804
1089 1477 1088 1457 1138 1453 1139 1473 large-vehicle 0.1374
1428 669 1429 632 1468 633 1468 670 storage-tank 0.3776
1425 624 1425 588 1464 587 1465 624 storage-tank 0.1246
