5908 1857 5796 1797 5856 1685 5968 1745 plane 0.9964
1057 3680 1175 3644 1211 3762 1093 3797 plane 0.9959
1784 2626 1744 2518 1857 2477 1897 2584 plane 0.9951
7216 1801 7187 1683 7324 1649 7353 1767 plane 0.9937
6383 1456 6342 1332 6467 1291 6508 1415 plane 0.9936
340 4374 456 4328 503 4446 387 4493 plane 0.9925
6137 1098 6244 1051 6298 1172 6192 1219 plane 0.9915
6384 1025 6494 967 6555 1081 6445 1140 plane 0.9912
2407 2209 2546 2156 2601 2300 2462 2354 plane 0.9899
1749 3573 1703 3458 1824 3409 1870 3523 plane 0.9898
4570 4325 4531 4195 4671 4153 4710 4283 plane 0.9891
2492 4424 2453 4307 2599 4257 2639 4374 plane 0.9890
5500 3983 5469 3881 5578 3848 5609 3950 plane 0.9881
1947 2571 1903 2464 2025 2414 2069 2521 plane 0.9877
4853 4209 4820 4095 4937 4062 4969 4176 plane 0.9871
6670 1337 6634 1229 6750 1191 6786 1299 plane 0.9868
5381 4044 5324 3929 5441 3872 5498 3986 plane 0.9866
1499 3658 1459 3546 1575 3505 1615 3617 plane 0.9857
4492 1020 4479 905 4602 892 4615 1007 plane 0.9856
2180 2455 2138 2321 2278 2278 2320 2411 plane 0.9855
5204 3763 5111 3690 5194 3584 5287 3657 plane 0.9846
1459 2319 1413 2195 1538 2149 1584 2273 plane 0.9845
5397 3670 5350 3552 5475 3503 5521 3621 plane 0.9836
960 3015 926 2905 1049 2867 1083 2976 plane 0.9835
2377 1465 2481 1405 2542 1511 2438 1571 plane 0.9801
6706 1506 6679 1389 6811 1358 6839 1476 plane 0.9793
5853 3761 5947 3704 6006 3801 5912 3858 plane 0.9790
7094 1422 7077 1326 7201 1304 7218 1400 plane 0.9789
1616 3261 1578 3165 1677 3125 1716 3222 plane 0.9776
6027 1579 5977 1461 6096 1410 6147 1528 plane 0.9771
4987 4170 4938 4071 5038 4022 5086 4121 plane 0.9764
6110 1400 6223 1367 6261 1497 6148 1530 plane 0.9746
6129 3768 6092 3650 6213 3612 6250 3731 plane 0.9743
510 3990 471 3891 590 3844 629 3943 plane 0.9738
5924 802 5906 678 6046 657 6064 782 plane 0.9738
4952 3697 5059 3645 5120 3770 5013 3822 plane 0.9695
1863 3536 1828 3403 1972 3366 2006 3499 plane 0.9681
5612 3958 5576 3842 5700 3803 5737 3919 plane 0.9681
4870 3831 4839 3743 4931 3711 4962 3798 plane 0.9679
678 2568 644 2450 770 2414 804 2532 plane 0.9651
2412 2232 2365 2107 2501 2056 2547 2181 plane 0.9638
1482 3313 1444 3218 1551 3176 1588 3271 plane 0.9634
3795 1727 3766 1635 3883 1600 3911 1692 plane 0.9615
4319 4583 4282 4475 4406 4432 4444 4540 plane 0.9597
7149 1556 7117 1450 7234 1415 7266 1521 plane 0.9593
744 2887 709 2795 803 2759 838 2850 plane 0.9561
5086 4126 5054 4016 5171 3981 5204 4090 plane 0.9539
1348 3264 1441 3235 1473 3335 1379 3364 plane 0.9538
795 2514 766 2394 902 2361 931 2481 plane 0.9534
5863 3676 5785 3572 5906 3480 5984 3584 plane 0.9508
4185 1884 4127 1783 4254 1710 4312 1811 plane 0.9508
7192 1663 7170 1564 7282 1539 7304 1638 plane 0.9486
7034 1345 6934 1294 6987 1190 7087 1240 plane 0.9441
5502 1727 5552 1623 5673 1682 5623 1786 plane 0.9438
5579 1613 5624 1514 5740 1568 5695 1666 plane 0.9421
5700 1198 5602 1142 5660 1041 5758 1097 plane 0.9410
630 3494 744 3464 776 3585 661 3615 plane 0.9324
3749 1603 3724 1511 3842 1478 3867 1571 plane 0.9293
4755 3858 4719 3768 4814 3731 4850 3821 plane 0.9273
4055 4664 4149 4617 4197 4713 4103 4760 plane 0.9194
1243 3387 1217 3295 1337 3260 1364 3352 plane 0.9147
4989 934 5067 861 5143 943 5065 1015 plane 0.9085
931 3508 893 3394 1013 3354 1051 3468 plane 0.8975
4043 4649 4018 4556 4120 4529 4145 4622 plane 0.8920
5580 1149 5454 1094 5510 964 5636 1019 plane 0.8885
5939 1292 5897 1182 6009 1139 6051 1248 plane 0.8825
575 4288 643 4229 704 4300 636 4358 plane 0.8761
6855 696 6826 602 6932 569 6961 663 plane 0.8495
4019 4567 3991 4461 4101 4433 4129 4538 plane 0.8428
1602 3513 1704 3482 1735 3586 1633 3617 plane 0.8169
6026 1145 6117 1133 6130 1230 6039 1242 plane 0.7850
4398 2519 4353 2422 4482 2362 4527 2459 plane 0.7758
6736 334 6698 228 6808 188 6846 295 plane 0.7619
5002 1195 4938 1137 5015 1052 5079 1110 plane 0.7055
679 4118 657 4042 758 4013 780 4089 plane 0.6855
3992 2292 3955 2199 4081 2149 4118 2242 plane 0.4736
4944 1065 4899 978 4988 932 5033 1019 plane 0.2232
980 3740 1069 3711 1098 3801 1009 3830 plane 0.2128
5777 1730 5706 1668 5793 1569 5864 1631 plane 0.1648
5842 1275 5756 1219 5816 1127 5902 1184 plane 0.1264
3730 1454 3713 1367 3828 1345 3845 1433 plane 0.1211
358 2882 424 2866 484 3111 419 3127 ship 0.1144
3539 4199 3719 4197 3721 4380 3541 4381 storage-tank 0.4117
5721 4788 5728 4657 5862 4664 5855 4794 roundabout 0.1995
