1688 2845 1731 2843 1737 2992 1694 2994 ship 0.9913
1110 2014 1148 2012 1153 2135 1115 2136 ship 0.9894
1739 2858 1778 2857 1782 2980 1743 2982 ship 0.9867
1159 1302 1201 1300 1205 1404 1163 1406 ship 0.9864
1830 2840 1873 2837 1882 2983 1839 2985 ship 0.9861
1200 2016 1232 2015 1234 2117 1201 2118 ship 0.9858
1448 2855 1492 2852 1502 2988 1457 2992 ship 0.9842
1020 2458 1059 2455 1067 2568 1028 2571 ship 0.9817
948 1671 987 1666 998 1752 959 1757 ship 0.9797
1574 2289 1613 2287 1616 2390 1577 2392 ship 0.9782
1393 2720 1433 2719 1435 2832 1396 2833 ship 0.9749
1870 2703 1911 2700 1919 2806 1879 2809 ship 0.9742
1364 1867 1401 1866 1404 1971 1367 1972 ship 0.9733
1096 1533 1133 1532 1137 1629 1101 1631 ship 0.9721
1690 1870 1721 1868 1727 1949 1696 1951 ship 0.9719
1930 2851 1969 2850 1974 2977 1935 2979 ship 0.9711
1203 2720 1241 2719 1244 2837 1206 2838 ship 0.9704
1063 1889 1096 1888 1097 1986 1065 1987 ship 0.9692
1022 1887 1052 1886 1058 1981 1027 1983 ship 0.9692
1348 2881 1392 2878 1401 3018 1357 3021 ship 0.9684
1403 2301 1441 2301 1442 2404 1404 2404 ship 0.9680
1622 2294 1656 2293 1661 2391 1627 2393 ship 0.9678
1327 2011 1371 2010 1374 2116 1330 2117 ship 0.9676
1180 2307 1222 2303 1232 2400 1190 2404 ship 0.9676
1553 1297 1590 1294 1597 1380 1560 1383 ship 0.9672
1144 2442 1180 2440 1185 2559 1150 2561 ship 0.9670
1300 1538 1337 1537 1339 1619 1302 1619 ship 0.9666
1964 2694 2000 2691 2010 2797 1974 2800 ship 0.9659
1236 2440 1276 2439 1278 2560 1238 2561 ship 0.9641
1259 2862 1304 2860 1308 2994 1264 2996 ship 0.9640
2028 2835 2067 2831 2076 2940 2036 2943 ship 0.9635
1010 2736 1048 2734 1053 2846 1015 2848 ship 0.9635
990 1538 1025 1536 1031 1636 996 1638 ship 0.9630
1489 2709 1526 2708 1528 2824 1491 2825 ship 0.9627
1496 2431 1534 2430 1537 2545 1499 2546 ship 0.9622
1805 1969 1839 1968 1843 2065 1809 2067 ship 0.9618
1545 2425 1579 2424 1580 2532 1547 2532 ship 0.9615
1058 2315 1093 2314 1097 2423 1061 2424 ship 0.9614
1194 2440 1229 2439 1232 2556 1197 2557 ship 0.9611
1365 2298 1397 2298 1399 2403 1368 2404 ship 0.9605
966 1318 1003 1317 1006 1405 968 1406 ship 0.9586
1575 2974 1542 2974 1543 2861 1576 2861 ship 0.9578
1787 2848 1821 2847 1827 2972 1792 2973 ship 0.9573
1723 2303 1752 2301 1757 2382 1728 2384 ship 0.9560
1659 1983 1692 1982 1695 2061 1663 2062 ship 0.9557
1497 1518 1530 1516 1536 1607 1503 1609 ship 0.9555
1290 2730 1336 2726 1344 2826 1297 2830 ship 0.9554
1681 2710 1716 2708 1720 2807 1685 2809 ship 0.9553
1883 2846 1922 2844 1927 2962 1888 2964 ship 0.9549
1017 2020 1052 2016 1063 2102 1027 2106 ship 0.9544
1315 2546 1282 2546 1283 2439 1316 2439 ship 0.9544
1539 2723 1577 2722 1578 2823 1540 2823 ship 0.9543
1799 2411 1833 2410 1837 2490 1803 2492 ship 0.9543
1197 1656 1229 1655 1233 1742 1201 1743 ship 0.9532
1346 2736 1388 2734 1392 2833 1350 2835 ship 0.9526
864 1539 898 1537 904 1642 870 1644 ship 0.9500
1142 1537 1172 1534 1181 1624 1150 1627 ship 0.9481
940 1641 908 1640 909 1544 942 1544 ship 0.9469
1841 3230 1886 3228 1892 3339 1847 3341 ship 0.9466
1261 1540 1297 1539 1299 1618 1263 1619 ship 0.9460
1157 2019 1189 2018 1193 2120 1161 2121 ship 0.9451
1405 2863 1441 2863 1444 2991 1408 2992 ship 0.9450
1589 2851 1631 2851 1632 2987 1590 2988 ship 0.9440
873 1674 904 1672 907 1758 876 1759 ship 0.9436
1582 1993 1617 1991 1622 2080 1587 2082 ship 0.9428
914 2463 951 2461 957 2568 920 2570 ship 0.9406
1843 1863 1874 1862 1878 1940 1847 1942 ship 0.9400
1452 1868 1486 1865 1494 1962 1460 1965 ship 0.9399
1114 2874 1160 2872 1164 3003 1119 3004 ship 0.9396
1626 2430 1661 2428 1665 2521 1631 2523 ship 0.9395
971 2327 1010 2325 1014 2429 975 2430 ship 0.9369
1415 2001 1449 1999 1455 2112 1421 2114 ship 0.9363
933 2033 963 2029 973 2121 943 2125 ship 0.9354
1103 2839 1067 2839 1068 2730 1104 2730 ship 0.9343
950 1532 981 1531 985 1636 954 1637 ship 0.9328
1071 2450 1102 2449 1106 2558 1075 2559 ship 0.9317
1639 2709 1674 2707 1678 2812 1642 2813 ship 0.9307
1465 1648 1497 1647 1499 1727 1468 1728 ship 0.9303
1014 3277 1053 3276 1056 3371 1016 3372 ship 0.9299
1727 1868 1767 1865 1771 1950 1732 1952 ship 0.9296
1281 1186 1314 1184 1319 1278 1286 1280 ship 0.9295
927 2878 971 2877 974 3009 929 3009 ship 0.9289
1812 2698 1861 2694 1870 2811 1821 2815 ship 0.9272
1328 2438 1362 2436 1368 2548 1334 2550 ship 0.9262
925 1202 959 1202 960 1288 927 1289 ship 0.9230
1674 1286 1706 1286 1707 1362 1675 1362 ship 0.9220
1585 2433 1619 2432 1623 2524 1589 2526 ship 0.9208
1027 1667 1061 1664 1069 1746 1035 1749 ship 0.9194
1599 1289 1630 1288 1632 1366 1601 1367 ship 0.9182
1453 2437 1490 2435 1494 2543 1457 2544 ship 0.9179
1106 2438 1147 2437 1151 2554 1110 2555 ship 0.9158
1246 2010 1282 2009 1284 2108 1248 2109 ship 0.9155
1104 1674 1144 1672 1146 1754 1106 1755 ship 0.9154
1532 1876 1568 1874 1574 1960 1538 1963 ship 0.9127
1407 2445 1441 2445 1441 2546 1407 2546 ship 0.9113
912 2323 949 2322 953 2424 915 2425 ship 0.9111
1750 1281 1780 1280 1782 1356 1753 1357 ship 0.9104
1136 1986 1102 1982 1115 1888 1149 1893 ship 0.9093
1725 2413 1763 2412 1764 2496 1726 2497 ship 0.9067
852 2463 894 2460 902 2565 860 2568 ship 0.9040
970 2739 1004 2738 1007 2849 973 2850 ship 0.9011
1147 1658 1180 1655 1188 1745 1154 1748 ship 0.8998
1319 2102 1287 2102 1287 2002 1319 2002 ship 0.8989
1021 2882 1063 2881 1065 3016 1023 3016 ship 0.8985
1778 1172 1807 1171 1811 1253 1781 1255 ship 0.8981
916 1399 885 1399 886 1319 917 1319 ship 0.8962
1236 1895 1274 1892 1281 1974 1242 1977 ship 0.8929
1639 1286 1667 1283 1673 1355 1645 1357 ship 0.8904
1759 2305 1793 2302 1800 2379 1766 2381 ship 0.8898
1188 1895 1223 1893 1229 1980 1193 1982 ship 0.8891
1502 1645 1531 1643 1538 1724 1509 1726 ship 0.8890
877 1207 912 1206 915 1297 880 1298 ship 0.8878
1327 1293 1356 1292 1359 1382 1330 1383 ship 0.8865
1902 1275 1930 1274 1934 1352 1906 1354 ship 0.8863
1762 1871 1794 1870 1797 1944 1764 1945 ship 0.8843
1653 1636 1683 1634 1687 1709 1657 1711 ship 0.8831
1401 1296 1435 1294 1440 1376 1406 1378 ship 0.8811
1824 1513 1856 1510 1864 1593 1831 1596 ship 0.8780
915 1673 952 1672 953 1752 915 1752 ship 0.8778
1479 1291 1511 1289 1517 1382 1485 1384 ship 0.8759
1426 1645 1457 1644 1459 1737 1428 1738 ship 0.8742
1045 1200 1075 1200 1077 1283 1047 1284 ship 0.8723
1505 1995 1539 1993 1544 2087 1510 2089 ship 0.8694
1413 1875 1446 1875 1447 1971 1414 1972 ship 0.8689
1322 1877 1356 1876 1358 1971 1325 1972 ship 0.8688
1792 1628 1824 1627 1827 1705 1795 1706 ship 0.8659
1557 1181 1589 1180 1591 1261 1558 1262 ship 0.8640
922 2739 957 2733 973 2840 938 2846 ship 0.8604
1231 1180 1269 1176 1278 1273 1239 1276 ship 0.8592
1106 2319 1141 2318 1145 2414 1109 2415 ship 0.8587
1242 3370 1201 3370 1202 3275 1243 3276 ship 0.8583
1445 2729 1483 2728 1485 2829 1447 2830 ship 0.8547
1788 2310 1829 2305 1837 2376 1796 2381 ship 0.8519
1287 3276 1321 3276 1322 3373 1287 3373 ship 0.8489
1816 1168 1847 1166 1853 1253 1821 1255 ship 0.8446
1798 1873 1839 1870 1843 1947 1802 1949 ship 0.8442
1269 2323 1304 2320 1310 2410 1275 2412 ship 0.8441
1814 1607 1780 1601 1795 1516 1829 1522 ship 0.8379
1098 3376 1064 3376 1064 3280 1098 3280 ship 0.8356
828 1671 858 1670 862 1762 833 1763 ship 0.8352
1065 1669 1102 1669 1103 1743 1065 1743 ship 0.8308
1543 1993 1574 1992 1578 2073 1547 2074 ship 0.8298
1114 2721 1153 2720 1153 2836 1114 2836 ship 0.8287
1447 3231 1487 3230 1494 3365 1454 3367 ship 0.8264
1144 2307 1178 2306 1181 2419 1147 2419 ship 0.8195
907 2962 861 2961 863 2793 910 2794 ship 0.8184
1089 1310 1124 1307 1129 1386 1094 1388 ship 0.8019
1532 2307 1561 2307 1562 2392 1533 2392 ship 0.8013
1682 1022 1666 996 1733 955 1748 981 ship 0.8003
1365 3254 1408 3253 1411 3359 1368 3360 ship 0.7977
762 1534 804 1531 810 1654 769 1656 ship 0.7973
1164 2879 1201 2877 1210 3010 1173 3013 ship 0.7956
1384 1643 1415 1643 1416 1742 1385 1743 ship 0.7812
1025 1274 993 1270 1005 1180 1037 1185 ship 0.7718
861 2031 893 2031 893 2098 861 2098 ship 0.7684
1377 2005 1408 2004 1409 2112 1378 2112 ship 0.7621
836 2337 882 2332 893 2427 847 2433 ship 0.7617
1285 753 1258 741 1289 672 1317 685 ship 0.7541
1518 1290 1554 1289 1557 1369 1521 1370 ship 0.7461
1062 2012 1096 2007 1111 2105 1078 2110 ship 0.7445
1244 1655 1291 1654 1294 1751 1246 1752 ship 0.7428
1867 2311 1899 2310 1903 2383 1870 2385 ship 0.7420
1666 1187 1699 1185 1702 1250 1669 1251 ship 0.7371
828 1219 862 1218 865 1312 832 1313 ship 0.7274
1661 1877 1697 1876 1699 1952 1663 1954 ship 0.7261
1212 1298 1245 1298 1247 1400 1214 1401 ship 0.7235
1834 1622 1871 1621 1873 1693 1837 1694 ship 0.7117
1081 1392 1049 1392 1050 1306 1082 1306 ship 0.7076
957 3260 996 3259 1000 3373 962 3375 ship 0.7068
1114 3279 1149 3277 1154 3374 1119 3376 ship 0.6987
694 3244 746 3240 756 3379 704 3383 ship 0.6941
1165 1193 1194 1191 1199 1269 1169 1270 ship 0.6883
1310 552 1274 541 1302 450 1338 461 ship 0.6840
824 1560 857 1558 863 1648 830 1651 ship 0.6819
1896 1634 1941 1629 1948 1683 1902 1688 ship 0.6691
1979 3262 2014 3262 2014 3344 1980 3344 ship 0.6635
1515 1187 1547 1185 1550 1264 1519 1265 ship 0.6633
1848 1344 1818 1344 1818 1271 1848 1271 ship 0.6631
1835 2305 1871 2304 1874 2381 1838 2382 ship 0.6426
1913 1180 1951 1172 1964 1234 1927 1242 ship 0.6415
663 2182 697 2182 697 2286 663 2286 ship 0.6363
2035 2708 2066 2708 2066 2789 2035 2789 ship 0.6206
1353 651 1313 640 1332 566 1372 577 ship 0.6069
1501 3268 1549 3264 1556 3356 1508 3360 ship 0.6045
1459 1530 1493 1529 1496 1608 1462 1609 ship 0.5813
1684 2311 1724 2311 1724 2390 1684 2390 ship 0.5740
1349 1651 1380 1649 1385 1737 1353 1738 ship 0.5681
1612 1059 1597 1035 1666 994 1681 1018 ship 0.5668
1907 895 1892 865 2145 735 2161 766 ship 0.5332
2035 946 2000 891 2156 793 2191 848 ship 0.4547
2006 3259 2038 3257 2042 3336 2009 3338 ship 0.4487
1928 1267 1960 1267 1962 1346 1930 1346 ship 0.4351
1501 2308 1535 2308 1536 2394 1502 2394 ship 0.4091
1770 2728 1805 2725 1811 2803 1776 2806 ship 0.3910
1841 1019 1822 988 1880 952 1899 983 ship 0.3887
1887 987 1870 960 1932 918 1949 944 ship 0.3791
1617 1877 1653 1876 1655 1959 1618 1960 ship 0.3787
1885 2408 1917 2406 1922 2486 1889 2488 ship 0.3525
2069 2552 2061 2521 2126 2506 2134 2537 ship 0.3492
1885 1520 1915 1518 1919 1592 1889 1594 ship 0.3401
1635 1103 1616 1070 1713 1013 1732 1046 ship 0.2710
1402 1196 1437 1194 1441 1270 1406 1272 ship 0.2335
1270 675 1241 660 1282 579 1311 594 ship 0.2058
1628 1987 1658 1986 1660 2078 1630 2079 ship 0.1970
1922 2725 1963 2722 1970 2810 1929 2813 ship 0.1740
1696 1626 1729 1626 1729 1705 1696 1705 ship 0.1351
993 1665 1027 1664 1029 1746 996 1747 ship 0.1098
1296 1305 1327 1305 1328 1387 1297 1387 ship 0.1089
203 2095 151 2094 161 1397 214 1398 harbor 0.8606
364 1903 458 1888 704 3366 610 3382 harbor 0.7730
864 2137 851 1917 1925 1854 1938 2073 harbor 0.7332
1476 969 1443 905 2165 537 2197 601 harbor 0.6079
562 3434 556 3239 2421 3180 2427 3375 harbor 0.5842
859 3029 845 2752 2070 2693 2083 2970 harbor 0.4158
871 2575 856 2340 2040 2262 2056 2497 harbor 0.4123
878 1402 873 1189 1971 1165 1976 1378 harbor 0.3791
2309 3337 2246 3213 2710 2975 2773 3098 harbor 0.3762
1061 857 1015 845 1135 373 1182 385 harbor 0.3614
2079 1283 2022 1260 2334 476 2392 499 harbor 0.2927
2290 464 2190 463 2199 -85 2299 -83 harbor 0.2369
2176 2204 2136 2126 2778 1803 2817 1881 harbor 0.2367
989 1739 986 1596 2117 1571 2120 1714 harbor 0.2367
1288 766 1226 748 1333 374 1395 391 harbor 0.2030
593 882 502 632 1571 245 1662 495 harbor 0.1825
472 1459 406 1441 647 552 714 570 harbor 0.1641
1453 361 1472 245 2175 361 2156 477 harbor 0.1469
2071 2179 1945 2175 1976 1205 2102 1209 harbor 0.1416
843 948 778 933 891 438 957 453 harbor 0.1089
