217 54 212 44 232 32 237 42 small-vehicle 0.4726
521 435 520 426 540 424 541 434 small-vehicle 0.4493
95 59 84 58 85 39 95 39 small-vehicle 0.3074
522 456 521 447 541 447 541 456 small-vehicle 0.2957
606 380 607 370 629 371 629 381 small-vehicle 0.2693
59 58 58 49 77 48 78 58 small-vehicle 0.2570
64 87 62 75 85 73 86 84 small-vehicle 0.2058
63 75 63 64 84 62 85 74 small-vehicle 0.1269
284 232 326 230 329 317 286 318 tennis-court 0.9998
454 232 499 232 500 317 455 318 tennis-court 0.9997
317 464 275 463 276 378 318 378 tennis-court 0.9997
379 319 337 319 337 230 379 230 tennis-court 0.9997
232 462 190 461 190 378 232 378 tennis-court 0.9996
231 232 274 232 275 315 231 315 tennis-court 0.9996
275 513 318 513 319 598 276 599 tennis-court 0.9995
402 232 444 230 447 317 406 318 tennis-court 0.9994
177 230 220 229 221 317 178 318 tennis-court 0.9994
373 463 328 463 328 379 373 379 tennis-court 0.9993
328 512 371 511 372 599 329 600 tennis-court 0.9993
122 232 166 231 168 317 125 318 tennis-court 0.9993
462 537 462 515 504 516 504 538 tennis-court 0.9886
460 568 460 542 506 543 505 569 tennis-court 0.8601
