142 100 126 99 128 65 144 66 small-vehicle 0.8603
657 423 656 411 679 410 679 422 small-vehicle 0.5906
636 88 636 76 659 75 659 87 small-vehicle 0.4991
633 128 633 115 662 116 662 128 small-vehicle 0.4531
604 164 593 162 596 140 607 142 small-vehicle 0.3732
634 114 634 102 664 101 664 113 small-vehicle 0.3473
635 101 635 89 664 88 664 100 small-vehicle 0.3259
31 33 20 32 22 6 33 7 small-vehicle 0.2998
693 236 693 225 722 225 722 236 small-vehicle 0.2667
85 345 95 345 96 368 86 368 small-vehicle 0.2642
632 140 632 129 664 129 664 141 small-vehicle 0.2260
348 331 339 324 353 303 363 310 small-vehicle 0.1973
539 346 532 339 547 323 554 329 small-vehicle 0.1966
159 35 158 25 179 22 180 33 small-vehicle 0.1954
777 271 788 271 788 292 777 292 small-vehicle 0.1873
693 127 693 116 714 117 714 127 small-vehicle 0.1783
693 141 692 129 719 128 719 139 small-vehicle 0.1664
740 18 742 7 772 10 771 21 small-vehicle 0.1635
245 164 244 154 265 153 265 163 small-vehicle 0.1528
551 96 537 94 542 56 556 58 small-vehicle 0.1486
33 536 32 528 53 525 54 533 small-vehicle 0.1476
34 515 31 505 53 497 57 507 small-vehicle 0.1452
498 278 506 270 523 290 516 297 small-vehicle 0.1382
709 55 708 41 727 39 728 52 small-vehicle 0.1319
446 279 455 273 470 293 461 299 small-vehicle 0.1289
694 225 693 212 729 211 729 224 small-vehicle 0.1081
685 251 685 239 729 239 729 251 large-vehicle 0.9873
685 333 685 322 729 322 730 333 large-vehicle 0.9859
624 291 625 280 666 282 665 293 large-vehicle 0.9853
623 345 623 334 666 333 666 344 large-vehicle 0.9851
624 208 625 198 668 200 667 210 large-vehicle 0.9840
686 265 686 254 730 255 729 266 large-vehicle 0.9837
625 153 625 142 668 142 668 154 large-vehicle 0.9830
622 264 622 252 666 253 665 266 large-vehicle 0.9820
626 249 626 238 666 240 665 251 large-vehicle 0.9789
627 168 627 157 667 156 667 168 large-vehicle 0.9785
627 221 627 210 668 211 668 222 large-vehicle 0.9730
623 237 622 225 665 224 665 236 large-vehicle 0.9719
356 353 348 344 379 315 387 323 large-vehicle 0.9705
367 364 359 356 388 324 397 332 large-vehicle 0.9693
684 308 684 295 729 295 729 307 large-vehicle 0.9654
693 210 693 200 734 200 734 210 large-vehicle 0.9641
688 157 688 145 733 144 733 156 large-vehicle 0.9602
628 182 628 171 666 171 666 182 large-vehicle 0.9586
691 198 691 185 738 186 738 198 large-vehicle 0.9554
685 72 685 61 732 61 732 73 large-vehicle 0.9526
385 364 378 356 411 322 418 329 large-vehicle 0.9520
626 307 626 295 669 296 668 308 large-vehicle 0.9506
690 86 690 74 731 74 731 86 large-vehicle 0.9491
407 360 400 351 433 323 440 332 large-vehicle 0.9125
512 221 511 209 551 207 551 219 large-vehicle 0.8998
625 333 624 321 660 320 660 332 large-vehicle 0.8978
687 348 687 336 722 336 722 347 large-vehicle 0.7932
441 365 433 356 467 322 475 330 large-vehicle 0.7572
510 203 509 190 553 187 554 200 large-vehicle 0.7021
687 103 687 88 729 88 729 103 large-vehicle 0.6620
110 130 126 128 131 166 115 168 large-vehicle 0.6266
684 181 685 169 729 172 729 184 large-vehicle 0.5287
156 140 145 140 146 96 156 96 large-vehicle 0.5149
807 364 807 352 852 351 852 363 large-vehicle 0.4955
122 194 134 193 139 234 127 235 large-vehicle 0.4554
105 239 120 239 120 280 105 280 large-vehicle 0.3739
102 172 80 172 80 71 102 71 large-vehicle 0.1949
696 225 695 212 731 211 732 224 large-vehicle 0.1926
694 237 693 226 727 224 728 236 large-vehicle 0.1356
550 95 537 93 542 57 556 59 large-vehicle 0.1076
