28 341 30 332 50 336 48 345 small-vehicle 0.2359
71 355 55 355 56 323 72 323 small-vehicle 0.1345
301 422 258 421 261 339 304 341 tennis-court 0.9996
240 292 199 291 201 209 243 210 tennis-court 0.9995
288 570 246 569 247 487 289 488 tennis-court 0.9994
237 421 194 419 198 338 241 340 tennis-court 0.9990
221 697 180 696 182 613 223 614 tennis-court 0.9990
307 293 263 292 265 212 308 213 tennis-court 0.9985
224 568 181 567 183 484 226 485 tennis-court 0.9985
286 699 242 698 243 615 288 616 tennis-court 0.9954
5 466 4 446 57 445 58 465 tennis-court 0.1763
