782 395 782 384 816 385 816 396 small-vehicle 0.2137
397 725 407 718 426 747 416 753 small-vehicle 0.2006
433 657 443 651 460 682 451 687 small-vehicle 0.1905
393 741 402 735 420 762 411 768 small-vehicle 0.1899
660 100 649 99 651 78 662 79 small-vehicle 0.1595
771 422 771 411 809 412 808 424 small-vehicle 0.1119
427 674 436 668 455 696 445 702 small-vehicle 0.1035
382 567 382 557 430 556 430 567 large-vehicle 0.9979
341 647 341 637 386 636 386 646 large-vehicle 0.9976
330 673 329 663 378 661 378 671 large-vehicle 0.9972
347 633 347 622 394 622 394 633 large-vehicle 0.9971
401 528 401 518 449 517 450 527 large-vehicle 0.9970
376 580 375 570 421 569 421 579 large-vehicle 0.9967
307 711 308 701 354 701 353 712 large-vehicle 0.9966
367 594 367 583 415 583 415 594 large-vehicle 0.9966
332 660 331 649 380 649 380 660 large-vehicle 0.9964
394 541 394 531 442 531 443 541 large-vehicle 0.9963
389 554 389 545 436 544 436 554 large-vehicle 0.9962
356 620 355 610 402 609 402 619 large-vehicle 0.9957
408 515 408 505 456 505 456 514 large-vehicle 0.9957
312 699 312 689 359 688 359 699 large-vehicle 0.9943
290 752 290 742 335 742 335 752 large-vehicle 0.9934
319 686 319 676 367 676 367 686 large-vehicle 0.9923
645 552 645 543 685 543 685 553 large-vehicle 0.9909
300 726 300 715 346 714 347 725 large-vehicle 0.9906
237 753 237 743 281 742 282 752 large-vehicle 0.9898
282 766 282 755 322 756 322 766 large-vehicle 0.9896
295 738 295 728 338 728 338 738 large-vehicle 0.9889
363 515 363 504 401 504 401 514 large-vehicle 0.9887
685 292 693 285 721 319 713 326 large-vehicle 0.9882
672 501 673 490 715 491 714 501 large-vehicle 0.9868
639 566 639 556 679 556 679 566 large-vehicle 0.9864
256 806 258 795 294 803 292 814 large-vehicle 0.9862
230 768 230 758 273 757 274 767 large-vehicle 0.9844
715 423 715 412 756 413 755 423 large-vehicle 0.9832
276 778 276 768 318 769 318 779 large-vehicle 0.9827
631 579 631 569 670 569 670 578 large-vehicle 0.9827
658 344 667 337 693 370 684 377 large-vehicle 0.9826
273 687 273 676 315 675 315 686 large-vehicle 0.9825
335 568 335 557 376 557 376 567 large-vehicle 0.9824
245 739 245 729 287 728 287 738 large-vehicle 0.9823
286 660 286 649 328 649 328 659 large-vehicle 0.9821
268 792 268 781 314 781 314 791 large-vehicle 0.9820
368 501 368 491 406 491 406 501 large-vehicle 0.9812
722 408 722 398 763 399 762 409 large-vehicle 0.9811
356 527 356 517 394 517 394 527 large-vehicle 0.9811
664 331 673 324 699 356 691 363 large-vehicle 0.9802
259 713 258 703 300 702 300 713 large-vehicle 0.9793
168 692 176 685 202 717 193 724 large-vehicle 0.9793
280 674 280 663 322 663 322 673 large-vehicle 0.9786
261 521 270 515 295 548 287 554 large-vehicle 0.9784
242 561 251 555 277 590 268 596 large-vehicle 0.9771
269 507 278 501 303 537 294 543 large-vehicle 0.9764
292 645 292 636 334 636 334 646 large-vehicle 0.9762
249 549 258 542 283 576 274 583 large-vehicle 0.9757
328 581 328 571 368 570 369 580 large-vehicle 0.9753
651 359 659 352 686 386 677 393 large-vehicle 0.9751
285 481 295 474 320 511 310 517 large-vehicle 0.9750
320 594 320 583 362 583 362 594 large-vehicle 0.9748
672 316 681 309 707 342 698 349 large-vehicle 0.9742
678 304 687 297 714 330 705 337 large-vehicle 0.9722
306 621 306 609 348 609 348 620 large-vehicle 0.9713
768 317 768 307 809 307 809 317 large-vehicle 0.9713
665 515 665 504 707 504 707 515 large-vehicle 0.9709
263 700 262 689 304 688 305 699 large-vehicle 0.9707
314 608 313 596 356 596 356 607 large-vehicle 0.9706
762 331 762 320 804 320 804 331 large-vehicle 0.9682
706 436 706 425 747 425 747 436 large-vehicle 0.9679
299 633 299 622 342 622 342 633 large-vehicle 0.9656
617 605 618 595 657 598 657 608 large-vehicle 0.9646
698 448 698 437 739 440 738 451 large-vehicle 0.9646
705 252 714 245 742 281 733 288 large-vehicle 0.9644
749 355 750 344 789 347 789 358 large-vehicle 0.9630
672 606 672 595 709 596 709 606 large-vehicle 0.9626
183 666 192 660 214 691 205 698 large-vehicle 0.9616
276 495 285 488 310 522 301 529 large-vehicle 0.9611
235 575 244 568 269 603 260 609 large-vehicle 0.9611
350 541 350 531 389 531 389 541 large-vehicle 0.9607
343 555 343 545 383 545 383 555 large-vehicle 0.9606
230 592 239 585 263 619 255 625 large-vehicle 0.9585
687 474 687 463 729 464 728 476 large-vehicle 0.9585
679 487 679 476 721 478 720 489 large-vehicle 0.9568
692 461 693 450 734 452 734 462 large-vehicle 0.9561
174 679 182 673 207 706 199 712 large-vehicle 0.9511
256 536 265 529 289 562 280 569 large-vehicle 0.9494
791 370 792 359 827 361 827 372 large-vehicle 0.9462
742 370 743 359 782 360 781 372 large-vehicle 0.9400
160 708 169 701 194 734 185 740 large-vehicle 0.9387
692 567 692 556 730 557 730 568 large-vehicle 0.9360
651 541 651 530 691 531 691 541 large-vehicle 0.9333
735 383 736 372 776 374 775 385 large-vehicle 0.9323
776 304 776 293 817 294 817 304 large-vehicle 0.9307
764 437 763 426 796 425 796 436 large-vehicle 0.9266
729 501 729 490 765 491 764 502 large-vehicle 0.9238
705 541 705 530 741 532 740 543 large-vehicle 0.9196
663 620 663 610 700 611 700 621 large-vehicle 0.9175
754 450 754 439 789 439 789 450 large-vehicle 0.9131
625 591 625 580 664 582 663 592 large-vehicle 0.9129
720 516 720 505 756 505 756 516 large-vehicle 0.9110
755 344 755 334 795 334 795 344 large-vehicle 0.9014
746 463 746 452 782 451 782 462 large-vehicle 0.8840
727 397 727 386 768 386 768 397 large-vehicle 0.8830
786 383 786 372 820 373 820 384 large-vehicle 0.8781
673 740 664 735 684 698 693 703 large-vehicle 0.8721
739 477 738 465 774 464 775 476 large-vehicle 0.8674
440 645 449 639 469 668 460 675 large-vehicle 0.8485
412 697 421 691 439 720 431 726 large-vehicle 0.8350
406 712 415 706 433 734 423 740 large-vehicle 0.8305
385 752 394 746 411 773 402 778 large-vehicle 0.7945
426 673 435 667 455 696 445 702 large-vehicle 0.7281
433 657 442 651 461 682 451 687 large-vehicle 0.6820
782 395 783 384 816 386 815 397 large-vehicle 0.6662
397 724 407 718 426 747 416 753 large-vehicle 0.6644
780 251 769 245 789 206 800 211 large-vehicle 0.6630
376 766 385 759 404 787 395 793 large-vehicle 0.6321
419 685 429 679 447 708 437 714 large-vehicle 0.6293
364 794 373 788 391 816 382 822 large-vehicle 0.5715
393 741 402 735 420 762 411 768 large-vehicle 0.5573
355 809 364 803 382 829 373 835 large-vehicle 0.5155
773 422 774 410 807 413 806 425 large-vehicle 0.4018
583 691 576 681 602 662 610 671 large-vehicle 0.3963
637 720 630 712 653 691 660 699 large-vehicle 0.3593
571 685 564 675 591 653 598 663 large-vehicle 0.3273
625 711 617 702 643 682 650 691 large-vehicle 0.2805
603 696 595 687 618 667 626 676 large-vehicle 0.2087
779 408 780 396 813 399 812 412 large-vehicle 0.1866
611 705 604 696 629 675 636 684 large-vehicle 0.1805
567 217 556 215 561 185 572 186 large-vehicle 0.1296
95 863 82 856 110 803 122 809 large-vehicle 0.1102
