234 233 243 227 258 248 249 255 small-vehicle 0.2313
251 234 260 228 274 249 265 255 small-vehicle 0.2300
218 236 227 230 241 250 231 257 small-vehicle 0.1805
411 321 418 314 447 349 440 355 large-vehicle 0.9956
391 319 399 312 427 345 419 352 large-vehicle 0.9952
291 451 299 444 328 481 319 487 large-vehicle 0.9948
700 352 708 345 737 379 730 386 large-vehicle 0.9948
136 434 145 428 173 465 164 471 large-vehicle 0.9947
717 350 725 344 754 379 746 386 large-vehicle 0.9947
506 329 514 322 542 357 534 363 large-vehicle 0.9946
206 585 214 579 239 611 231 618 large-vehicle 0.9944
384 460 391 453 421 488 413 494 large-vehicle 0.9943
265 377 273 370 300 406 292 413 large-vehicle 0.9943
681 349 689 343 718 378 711 384 large-vehicle 0.9941
445 320 452 314 482 349 474 355 large-vehicle 0.9940
617 483 624 477 652 513 645 519 large-vehicle 0.9938
489 332 497 325 527 358 518 366 large-vehicle 0.9937
603 553 610 547 638 584 630 590 large-vehicle 0.9932
580 547 588 541 615 577 607 583 large-vehicle 0.9926
490 396 497 389 528 424 520 430 large-vehicle 0.9926
429 320 436 314 466 349 458 356 large-vehicle 0.9923
456 463 465 457 493 493 485 500 large-vehicle 0.9920
710 275 718 269 743 302 735 309 large-vehicle 0.9920
761 429 769 423 799 457 792 464 large-vehicle 0.9919
189 585 197 579 222 612 213 618 large-vehicle 0.9917
129 514 137 508 163 540 155 546 large-vehicle 0.9915
198 295 206 289 233 326 224 332 large-vehicle 0.9914
408 533 416 526 444 562 436 568 large-vehicle 0.9912
338 381 346 374 375 410 367 417 large-vehicle 0.9910
353 316 361 309 390 341 382 348 large-vehicle 0.9909
115 651 124 645 149 679 140 685 large-vehicle 0.9909
852 360 860 353 887 389 878 395 large-vehicle 0.9909
835 360 844 354 871 390 863 396 large-vehicle 0.9909
665 350 673 344 701 379 694 385 large-vehicle 0.9908
91 511 100 505 125 538 117 544 large-vehicle 0.9905
131 582 139 575 166 608 157 615 large-vehicle 0.9905
686 422 695 416 724 452 716 459 large-vehicle 0.9901
619 339 627 332 657 367 649 373 large-vehicle 0.9900
78 583 86 577 111 610 103 617 large-vehicle 0.9900
631 267 640 260 667 292 658 299 large-vehicle 0.9899
625 557 633 550 662 586 654 593 large-vehicle 0.9899
618 271 626 265 652 296 644 303 large-vehicle 0.9899
473 462 482 455 510 492 501 499 large-vehicle 0.9897
188 653 196 648 220 682 212 688 large-vehicle 0.9893
182 299 190 293 220 331 212 337 large-vehicle 0.9892
376 320 384 313 411 347 403 353 large-vehicle 0.9892
333 314 341 307 370 340 362 347 large-vehicle 0.9891
691 276 700 269 726 301 718 308 large-vehicle 0.9888
239 585 248 578 274 612 266 619 large-vehicle 0.9885
593 480 601 473 632 509 624 516 large-vehicle 0.9881
699 565 707 558 737 593 728 600 large-vehicle 0.9881
229 376 237 370 267 404 259 411 large-vehicle 0.9879
213 375 221 368 250 403 242 410 large-vehicle 0.9877
634 485 642 479 674 515 666 522 large-vehicle 0.9873
393 533 402 526 428 563 420 569 large-vehicle 0.9872
253 449 261 442 289 478 280 485 large-vehicle 0.9871
811 356 820 350 848 387 839 393 large-vehicle 0.9869
246 657 255 651 277 684 268 690 large-vehicle 0.9869
686 487 694 480 727 515 720 522 large-vehicle 0.9868
268 236 276 228 308 265 300 272 large-vehicle 0.9866
261 658 270 651 294 684 285 690 large-vehicle 0.9865
216 298 224 292 254 328 246 334 large-vehicle 0.9865
309 387 317 381 345 415 337 421 large-vehicle 0.9864
150 582 158 576 182 609 174 615 large-vehicle 0.9861
249 379 257 372 286 408 277 414 large-vehicle 0.9860
206 656 214 649 239 682 231 688 large-vehicle 0.9860
168 652 177 646 201 679 192 685 large-vehicle 0.9859
509 396 518 389 543 421 535 428 large-vehicle 0.9857
513 251 521 245 546 278 538 284 large-vehicle 0.9856
648 266 657 259 681 291 673 297 large-vehicle 0.9854
102 658 111 651 134 683 125 689 large-vehicle 0.9853
770 283 778 276 806 307 798 314 large-vehicle 0.9851
198 516 206 509 236 545 228 552 large-vehicle 0.9849
542 549 550 542 579 577 571 584 large-vehicle 0.9849
67 659 75 652 102 685 94 692 large-vehicle 0.9848
274 454 282 448 310 483 302 490 large-vehicle 0.9845
152 433 161 426 190 462 181 469 large-vehicle 0.9841
186 524 194 517 221 547 213 554 large-vehicle 0.9841
467 327 474 321 505 355 498 361 large-vehicle 0.9840
605 407 612 400 642 434 634 440 large-vehicle 0.9840
152 652 161 646 184 679 176 685 large-vehicle 0.9839
438 248 446 241 473 272 465 279 large-vehicle 0.9838
559 546 567 540 595 576 586 582 large-vehicle 0.9837
191 373 200 366 228 401 219 408 large-vehicle 0.9836
226 588 234 582 259 617 251 623 large-vehicle 0.9835
322 383 330 376 359 413 351 419 large-vehicle 0.9834
113 582 122 576 147 608 138 615 large-vehicle 0.9832
533 254 542 247 565 280 556 286 large-vehicle 0.9830
727 277 736 269 763 301 755 308 large-vehicle 0.9830
776 362 784 354 815 387 807 395 large-vehicle 0.9829
623 407 632 400 657 433 649 439 large-vehicle 0.9827
714 562 722 554 753 588 745 596 large-vehicle 0.9826
458 250 465 244 492 274 485 281 large-vehicle 0.9822
579 337 588 330 616 363 608 370 large-vehicle 0.9818
517 321 525 314 555 349 546 357 large-vehicle 0.9816
60 585 68 578 96 611 88 618 large-vehicle 0.9816
571 689 580 682 609 718 600 725 large-vehicle 0.9812
194 444 203 437 233 473 224 480 large-vehicle 0.9811
257 306 265 299 293 333 285 340 large-vehicle 0.9811
673 275 682 269 706 301 698 307 large-vehicle 0.9811
597 335 605 328 638 364 630 371 large-vehicle 0.9810
147 514 155 507 181 540 172 547 large-vehicle 0.9810
168 583 177 577 201 610 193 617 large-vehicle 0.9808
310 454 318 447 348 483 340 490 large-vehicle 0.9807
133 651 142 645 166 678 157 685 large-vehicle 0.9804
784 496 792 489 822 525 814 531 large-vehicle 0.9802
126 360 135 353 164 389 155 396 large-vehicle 0.9802
766 497 774 490 804 524 796 531 large-vehicle 0.9801
601 275 611 268 635 301 626 308 large-vehicle 0.9800
443 466 451 460 478 497 471 503 large-vehicle 0.9795
787 283 795 276 822 307 814 314 large-vehicle 0.9791
83 658 90 652 118 683 110 690 large-vehicle 0.9790
790 357 798 349 831 384 823 392 large-vehicle 0.9790
476 398 484 391 512 426 504 433 large-vehicle 0.9789
553 691 561 684 590 719 582 726 large-vehicle 0.9786
803 274 812 267 841 305 832 312 large-vehicle 0.9780
95 585 103 578 129 609 121 616 large-vehicle 0.9779
670 569 678 562 708 597 700 605 large-vehicle 0.9778
225 656 233 649 258 682 250 689 large-vehicle 0.9777
120 438 128 432 157 468 148 475 large-vehicle 0.9774
379 389 388 382 417 419 408 426 large-vehicle 0.9767
643 346 650 339 678 372 671 379 large-vehicle 0.9766
731 347 740 339 771 374 763 382 large-vehicle 0.9760
110 513 118 507 146 540 137 546 large-vehicle 0.9756
425 680 434 673 461 711 453 717 large-vehicle 0.9748
443 681 452 674 475 707 466 713 large-vehicle 0.9738
435 394 444 387 474 423 466 430 large-vehicle 0.9734
401 462 409 455 441 490 433 497 large-vehicle 0.9734
163 296 172 290 200 327 191 334 large-vehicle 0.9729
740 422 748 416 776 452 768 458 large-vehicle 0.9727
406 251 414 245 441 276 433 283 large-vehicle 0.9710
750 500 759 493 788 528 780 535 large-vehicle 0.9699
592 411 600 404 629 437 621 444 large-vehicle 0.9688
272 304 281 297 307 329 299 336 large-vehicle 0.9685
706 425 714 417 746 454 737 462 large-vehicle 0.9682
461 680 470 673 500 712 491 719 large-vehicle 0.9674
484 542 494 534 524 570 514 578 large-vehicle 0.9671
279 376 288 369 317 406 308 413 large-vehicle 0.9664
315 313 323 306 353 342 346 348 large-vehicle 0.9653
577 483 584 476 617 510 609 517 large-vehicle 0.9649
749 278 757 271 782 303 773 309 large-vehicle 0.9648
366 246 375 239 400 270 391 278 large-vehicle 0.9644
446 537 455 529 486 565 478 572 large-vehicle 0.9633
417 245 426 238 452 268 443 275 large-vehicle 0.9624
777 430 785 422 818 456 809 464 large-vehicle 0.9605
624 626 633 617 665 653 656 662 large-vehicle 0.9601
358 534 368 528 390 558 381 565 large-vehicle 0.9600
867 360 876 353 905 388 896 395 large-vehicle 0.9591
544 615 552 608 582 644 574 651 large-vehicle 0.9578
46 587 55 580 80 612 71 619 large-vehicle 0.9559
502 258 510 251 533 280 524 287 large-vehicle 0.9558
365 459 373 452 403 487 395 493 large-vehicle 0.9551
667 484 675 477 708 514 700 521 large-vehicle 0.9512
603 687 611 680 640 715 631 722 large-vehicle 0.9511
313 588 322 581 349 617 340 624 large-vehicle 0.9502
800 495 809 488 840 525 831 532 large-vehicle 0.9471
405 680 414 673 440 706 431 713 large-vehicle 0.9462
328 241 338 235 361 268 351 274 large-vehicle 0.9453
69 507 78 500 104 534 95 541 large-vehicle 0.9441
667 423 676 416 702 449 693 456 large-vehicle 0.9438
333 531 342 523 372 558 363 565 large-vehicle 0.9425
468 608 477 600 507 636 498 644 large-vehicle 0.9413
397 389 406 382 435 419 426 426 large-vehicle 0.9379
753 565 762 557 793 594 784 601 large-vehicle 0.9363
329 673 339 666 359 695 350 702 large-vehicle 0.9320
311 673 321 667 340 698 330 704 large-vehicle 0.9281
287 603 295 596 321 626 312 634 large-vehicle 0.9271
384 248 392 240 419 271 410 278 large-vehicle 0.9106
143 359 153 352 184 388 174 396 large-vehicle 0.9104
309 240 318 233 339 261 331 267 large-vehicle 0.9076
296 678 306 671 326 701 316 708 large-vehicle 0.9043
368 679 378 671 400 701 390 708 large-vehicle 0.8122
649 485 656 478 689 513 681 520 large-vehicle 0.5551
296 194 287 185 317 158 325 167 large-vehicle 0.5413
251 234 260 228 274 249 265 254 large-vehicle 0.4466
218 236 227 230 241 250 231 257 large-vehicle 0.3122
234 233 243 227 258 248 249 255 large-vehicle 0.1764
