39 512 52 504 69 534 56 542 small-vehicle 0.5413
372 269 361 259 382 234 393 243 small-vehicle 0.4996
18 521 32 513 49 541 35 550 small-vehicle 0.3560
394 180 385 169 402 156 411 167 small-vehicle 0.1098
80 306 69 290 140 241 150 256 large-vehicle 0.9784
158 442 147 426 216 375 228 391 large-vehicle 0.9721
69 287 58 272 126 220 137 234 large-vehicle 0.9706
249 126 237 109 306 58 318 74 large-vehicle 0.9665
126 373 113 356 181 302 194 318 large-vehicle 0.9645
142 420 131 405 203 355 213 370 large-vehicle 0.9612
109 350 98 336 167 284 178 299 large-vehicle 0.9612
96 327 84 312 151 260 163 275 large-vehicle 0.9584
140 389 129 374 199 323 210 338 large-vehicle 0.9560
53 262 42 247 114 198 124 212 large-vehicle 0.9550
30 244 18 227 93 178 104 196 large-vehicle 0.9540
173 463 161 448 230 395 242 410 large-vehicle 0.9532
311 233 300 217 372 169 383 185 large-vehicle 0.9528
233 104 223 89 292 39 303 54 large-vehicle 0.9402
15 224 4 208 81 159 91 175 large-vehicle 0.9391
286 190 276 174 347 128 357 143 large-vehicle 0.9360
322 257 310 241 380 192 391 209 large-vehicle 0.9359
218 83 207 67 277 19 288 35 large-vehicle 0.9319
275 166 264 149 335 104 346 121 large-vehicle 0.9272
263 146 251 130 321 80 333 97 large-vehicle 0.9271
185 490 173 475 242 421 253 437 large-vehicle 0.9202
299 209 289 193 363 146 373 161 large-vehicle 0.9200
88 144 103 134 152 203 137 214 large-vehicle 0.6413
372 269 361 260 382 235 393 244 large-vehicle 0.5049
230 162 246 152 288 219 273 228 large-vehicle 0.3822
39 513 52 505 71 536 58 545 large-vehicle 0.3739
18 521 32 513 49 541 35 550 large-vehicle 0.2024
273 167 263 151 336 104 346 120 ship 0.2067
19 522 33 513 49 540 36 549 ship 0.1995
301 209 291 193 361 147 372 162 ship 0.1955
54 264 43 248 115 194 127 211 ship 0.1654
262 145 252 130 321 81 332 97 ship 0.1526
183 491 172 476 242 422 253 437 ship 0.1509
70 287 58 272 126 218 138 233 ship 0.1493
175 463 163 448 229 395 241 410 ship 0.1466
29 244 18 227 92 179 103 196 ship 0.1314
128 370 116 355 182 303 194 318 ship 0.1306
286 189 276 173 347 128 357 143 ship 0.1287
247 125 236 110 308 59 318 75 ship 0.1250
323 257 312 241 381 192 392 208 ship 0.1239
112 350 100 334 167 283 178 299 ship 0.1138
311 233 300 218 372 169 383 184 ship 0.1119
94 327 82 312 152 260 164 275 ship 0.1032
233 104 222 89 292 39 303 54 ship 0.1023
