1321 1375 1322 1357 1359 1358 1358 1377 small-vehicle 0.6906
241 640 229 625 264 597 276 612 small-vehicle 0.5043
1310 1349 1311 1329 1351 1331 1350 1351 small-vehicle 0.4655
1322 1418 1323 1401 1361 1404 1360 1421 small-vehicle 0.4052
1319 1398 1319 1381 1358 1381 1358 1399 small-vehicle 0.3291
997 1168 980 1153 1031 1099 1047 1114 small-vehicle 0.3131
1308 1494 1309 1472 1359 1473 1359 1494 small-vehicle 0.1663
1222 101 1211 89 1238 62 1250 74 small-vehicle 0.1178
312 803 295 787 350 731 366 747 small-vehicle 0.1133
308 769 291 753 353 690 370 706 small-vehicle 0.1040
315 913 299 899 355 839 370 853 large-vehicle 0.9887
572 1190 557 1175 620 1112 635 1127 large-vehicle 0.9880
243 1021 227 1005 289 940 305 956 large-vehicle 0.9880
248 1240 232 1225 290 1164 306 1180 large-vehicle 0.9865
312 1137 298 1122 360 1062 374 1076 large-vehicle 0.9857
239 763 225 749 288 686 302 700 large-vehicle 0.9846
972 211 988 194 1059 265 1042 281 large-vehicle 0.9835
570 1229 556 1215 623 1149 637 1163 large-vehicle 0.9833
242 1210 226 1195 289 1129 305 1145 large-vehicle 0.9831
1041 203 1058 187 1128 257 1111 274 large-vehicle 0.9823
240 913 225 898 287 836 301 851 large-vehicle 0.9812
509 1478 493 1463 553 1401 569 1416 large-vehicle 0.9809
242 945 227 930 290 867 305 882 large-vehicle 0.9787
329 1046 313 1032 369 972 384 987 large-vehicle 0.9757
246 793 232 779 288 721 303 735 large-vehicle 0.9757
571 1265 556 1250 619 1188 633 1202 large-vehicle 0.9742
323 1091 308 1076 370 1012 385 1027 large-vehicle 0.9735
320 982 304 967 366 903 382 918 large-vehicle 0.9733
248 1356 232 1341 295 1274 311 1290 large-vehicle 0.9727
238 684 223 668 290 607 305 624 large-vehicle 0.9713
331 1156 316 1141 373 1082 389 1097 large-vehicle 0.9709
318 723 301 707 362 643 378 658 large-vehicle 0.9706
502 1368 488 1354 548 1293 563 1308 large-vehicle 0.9705
501 1332 489 1319 549 1259 562 1272 large-vehicle 0.9703
501 1297 486 1282 545 1222 560 1237 large-vehicle 0.9703
242 982 227 966 288 906 303 921 large-vehicle 0.9700
582 1439 568 1425 630 1362 644 1376 large-vehicle 0.9693
576 1410 560 1395 618 1331 634 1346 large-vehicle 0.9692
502 1409 487 1393 549 1335 563 1351 large-vehicle 0.9689
240 725 225 710 288 646 303 661 large-vehicle 0.9688
930 131 947 113 1014 177 997 195 large-vehicle 0.9675
1005 1198 989 1183 1047 1121 1063 1136 large-vehicle 0.9670
310 803 294 787 355 725 371 741 large-vehicle 0.9666
570 1302 555 1288 619 1223 633 1237 large-vehicle 0.9657
516 1509 500 1494 557 1434 573 1449 large-vehicle 0.9652
308 843 292 828 352 767 368 782 large-vehicle 0.9638
1073 1181 1057 1165 1120 1099 1136 1114 large-vehicle 0.9634
507 1556 492 1542 555 1475 570 1489 large-vehicle 0.9609
244 1320 228 1304 295 1236 311 1252 large-vehicle 0.9574
326 1011 311 996 367 938 383 953 large-vehicle 0.9560
503 1258 490 1244 548 1185 562 1198 large-vehicle 0.9555
313 876 296 860 356 798 372 814 large-vehicle 0.9544
316 1283 300 1267 363 1203 379 1219 large-vehicle 0.9541
569 1341 556 1327 621 1263 634 1277 large-vehicle 0.9538
1010 209 1025 194 1085 254 1071 269 large-vehicle 0.9530
242 876 226 861 288 795 304 810 large-vehicle 0.9521
500 1220 486 1206 547 1146 561 1160 large-vehicle 0.9448
1094 1195 1078 1180 1125 1130 1141 1145 large-vehicle 0.9406
499 931 483 915 545 851 561 867 large-vehicle 0.9356
577 1521 562 1506 622 1448 636 1462 large-vehicle 0.9341
315 1250 299 1235 358 1169 375 1184 large-vehicle 0.9328
535 210 549 195 611 258 597 272 large-vehicle 0.9284
908 214 924 199 987 265 971 280 large-vehicle 0.9147
241 835 226 820 290 757 305 772 large-vehicle 0.9068
506 1035 489 1019 552 955 568 971 large-vehicle 0.8952
436 225 450 209 514 270 500 285 large-vehicle 0.8794
500 215 515 200 579 263 564 278 large-vehicle 0.8783
311 768 295 753 356 689 372 705 large-vehicle 0.8773
505 886 488 870 552 806 568 822 large-vehicle 0.8740
572 858 555 843 613 776 631 792 large-vehicle 0.8569
511 808 494 792 556 727 573 744 large-vehicle 0.8228
501 1113 485 1097 548 1033 564 1049 large-vehicle 0.8226
996 1168 980 1152 1029 1102 1045 1118 large-vehicle 0.8203
480 231 494 216 557 274 542 289 large-vehicle 0.8187
426 143 441 126 506 185 491 202 large-vehicle 0.8114
315 503 299 487 361 428 376 444 large-vehicle 0.8011
160 535 184 527 210 611 186 619 large-vehicle 0.7645
837 223 854 207 917 269 901 286 large-vehicle 0.7305
1230 1133 1230 1109 1306 1108 1306 1133 large-vehicle 0.6911
497 636 481 620 551 548 568 564 large-vehicle 0.4485
1258 1264 1258 1240 1325 1241 1325 1265 large-vehicle 0.1426
