363 510 262 502 271 387 372 395 baseball-diamond 0.9893
633 406 635 394 659 398 657 410 small-vehicle 0.7163
653 30 645 28 650 11 658 13 small-vehicle 0.3631
673 38 665 36 670 18 678 20 small-vehicle 0.1876
455 216 414 206 434 121 474 131 tennis-court 0.9998
477 358 435 348 455 263 498 273 tennis-court 0.9998
318 322 278 312 299 227 339 237 tennis-court 0.9997
351 189 310 179 330 96 371 106 tennis-court 0.9997
423 345 383 335 404 252 443 262 tennis-court 0.9997
371 332 331 322 352 239 392 249 tennis-court 0.9997
402 202 362 192 382 107 422 116 tennis-court 0.9996
507 229 466 219 489 131 529 142 tennis-court 0.9995
