332 1503 337 1484 386 1497 380 1517 small-vehicle 0.6050
388 1547 392 1530 429 1539 425 1557 small-vehicle 0.4180
284 992 276 976 341 940 350 957 large-vehicle 0.9971
320 818 311 801 379 767 387 783 large-vehicle 0.9970
369 584 361 568 429 533 437 548 large-vehicle 0.9966
311 850 303 835 373 797 381 812 large-vehicle 0.9966
275 1021 266 1004 336 967 345 984 large-vehicle 0.9966
378 380 366 365 437 311 448 326 large-vehicle 0.9965
362 617 352 600 419 560 429 577 large-vehicle 0.9961
230 842 222 824 295 795 302 813 large-vehicle 0.9958
323 789 315 773 387 738 395 755 large-vehicle 0.9956
263 1079 255 1063 326 1027 334 1042 large-vehicle 0.9955
338 732 329 715 397 678 406 695 large-vehicle 0.9953
343 703 334 687 402 650 411 666 large-vehicle 0.9952
341 374 330 358 399 308 410 323 large-vehicle 0.9952
264 666 257 649 329 619 336 636 large-vehicle 0.9952
258 1109 248 1091 316 1056 326 1074 large-vehicle 0.9952
370 555 362 538 431 504 439 520 large-vehicle 0.9951
330 759 321 742 394 706 402 723 large-vehicle 0.9950
66 886 82 874 134 950 117 962 large-vehicle 0.9949
17 1251 24 1231 104 1258 98 1278 large-vehicle 0.9947
290 547 283 529 355 500 362 517 large-vehicle 0.9946
212 930 205 914 278 883 285 898 large-vehicle 0.9945
221 900 213 884 286 850 293 866 large-vehicle 0.9944
308 876 299 859 367 824 376 840 large-vehicle 0.9944
252 1139 243 1122 309 1086 318 1103 large-vehicle 0.9944
277 609 269 593 342 559 349 575 large-vehicle 0.9942
354 648 345 632 415 592 424 608 large-vehicle 0.9941
268 1051 261 1034 334 1001 341 1018 large-vehicle 0.9940
137 543 154 532 201 604 184 615 large-vehicle 0.9940
30 1230 35 1210 113 1234 107 1253 large-vehicle 0.9937
302 906 293 889 360 852 369 869 large-vehicle 0.9936
148 516 166 504 211 575 193 586 large-vehicle 0.9936
223 874 215 857 289 824 297 841 large-vehicle 0.9935
289 963 281 947 349 910 358 926 large-vehicle 0.9935
467 685 483 674 529 742 513 752 large-vehicle 0.9932
75 854 92 843 143 920 127 931 large-vehicle 0.9931
310 365 289 360 307 277 329 282 large-vehicle 0.9930
472 651 488 640 534 705 518 716 large-vehicle 0.9927
245 755 238 738 313 706 320 723 large-vehicle 0.9925
121 650 138 639 185 715 168 725 large-vehicle 0.9925
273 637 265 620 338 585 346 602 large-vehicle 0.9923
284 576 277 560 350 529 357 546 large-vehicle 0.9922
485 579 501 568 548 636 531 647 large-vehicle 0.9919
258 697 251 680 323 646 331 663 large-vehicle 0.9918
257 1160 249 1142 327 1104 336 1121 large-vehicle 0.9917
296 936 287 920 354 883 363 899 large-vehicle 0.9917
349 676 340 661 407 623 415 639 large-vehicle 0.9916
105 717 122 707 167 780 149 790 large-vehicle 0.9914
430 852 446 841 491 905 474 917 large-vehicle 0.9912
199 989 192 972 266 942 273 959 large-vehicle 0.9911
445 782 462 771 506 837 490 848 large-vehicle 0.9910
240 783 233 765 304 736 312 754 large-vehicle 0.9910
454 751 471 740 518 807 502 819 large-vehicle 0.9910
205 959 198 941 272 911 279 929 large-vehicle 0.9910
404 990 420 979 466 1044 450 1055 large-vehicle 0.9908
460 715 476 704 521 771 505 782 large-vehicle 0.9907
168 417 185 406 230 478 214 489 large-vehicle 0.9904
253 727 246 710 317 678 325 695 large-vehicle 0.9903
95 746 113 735 159 813 141 823 large-vehicle 0.9901
126 617 143 607 188 681 171 692 large-vehicle 0.9890
450 391 439 376 504 326 515 341 large-vehicle 0.9887
478 615 494 604 540 672 524 683 large-vehicle 0.9886
89 780 106 769 153 843 136 854 large-vehicle 0.9883
111 683 128 672 174 747 157 758 large-vehicle 0.9880
191 310 210 299 254 378 235 388 large-vehicle 0.9880
295 519 288 501 362 470 369 487 large-vehicle 0.9874
413 384 401 368 464 322 475 338 large-vehicle 0.9870
153 477 169 466 219 539 203 550 large-vehicle 0.9869
193 1020 186 1002 258 970 266 988 large-vehicle 0.9861
81 818 99 807 147 881 129 892 large-vehicle 0.9861
158 448 174 437 224 508 208 519 large-vehicle 0.9856
134 585 151 575 196 646 180 656 large-vehicle 0.9854
490 547 506 536 554 604 538 616 large-vehicle 0.9833
416 919 433 907 480 972 464 984 large-vehicle 0.9827
485 395 473 381 529 338 541 353 large-vehicle 0.9826
186 1056 179 1039 253 1007 260 1025 large-vehicle 0.9823
437 818 453 806 499 867 483 879 large-vehicle 0.9819
62 918 78 907 122 973 106 984 large-vehicle 0.9815
46 1160 52 1138 129 1159 123 1180 large-vehicle 0.9814
290 353 271 349 286 266 305 270 large-vehicle 0.9812
379 523 371 506 439 473 447 490 large-vehicle 0.9811
499 523 514 509 571 566 556 581 large-vehicle 0.9811
13 1275 20 1256 97 1283 90 1303 large-vehicle 0.9793
176 382 194 372 237 445 219 455 large-vehicle 0.9791
254 1421 234 1417 253 1333 273 1338 large-vehicle 0.9785
409 952 425 941 471 1011 455 1021 large-vehicle 0.9765
203 285 221 274 263 345 245 356 large-vehicle 0.9746
234 811 227 792 301 765 308 784 large-vehicle 0.9737
395 1098 373 1095 388 1004 410 1008 large-vehicle 0.9730
41 1183 46 1165 120 1186 115 1204 large-vehicle 0.9694
515 405 504 388 581 338 592 355 large-vehicle 0.9629
266 518 247 509 275 441 295 449 large-vehicle 0.9582
298 486 291 468 366 438 373 456 large-vehicle 0.9579
408 1039 430 1032 455 1113 434 1120 large-vehicle 0.9575
269 1256 249 1255 251 1164 271 1165 large-vehicle 0.9574
7 1302 13 1281 88 1305 82 1325 large-vehicle 0.9409
110 1119 87 1112 114 1027 137 1034 large-vehicle 0.9373
276 1162 293 1149 344 1213 327 1226 large-vehicle 0.9344
504 494 516 479 577 528 565 542 large-vehicle 0.9332
295 1270 274 1270 275 1187 296 1188 large-vehicle 0.9309
220 1136 240 1134 247 1212 227 1214 large-vehicle 0.8943
408 1249 386 1243 407 1164 428 1170 large-vehicle 0.8883
110 1350 85 1342 110 1262 134 1269 large-vehicle 0.8702
190 1088 213 1086 218 1165 195 1167 large-vehicle 0.8691
144 1025 122 1020 138 946 160 951 large-vehicle 0.8306
303 1436 281 1432 297 1352 319 1357 large-vehicle 0.8149
513 442 526 425 589 472 577 489 large-vehicle 0.8135
508 470 519 455 570 495 558 510 large-vehicle 0.7918
157 1404 132 1400 147 1312 172 1317 large-vehicle 0.7240
50 1004 54 983 113 996 108 1017 large-vehicle 0.7085
275 1428 254 1424 270 1347 292 1351 large-vehicle 0.6619
396 1081 416 1074 438 1140 418 1147 large-vehicle 0.5883
-15 1337 -9 1313 78 1333 72 1358 large-vehicle 0.2956
-28 1366 -23 1343 73 1363 68 1386 large-vehicle 0.1122
