144 1133 162 1016 284 1035 265 1152 baseball-diamond 0.9761
450 756 476 515 904 562 878 803 ground-track-field 0.1051
369 893 381 884 396 905 383 914 small-vehicle 0.2059
1024 892 985 888 994 796 1033 799 tennis-court 0.9995
969 1446 929 1441 940 1350 980 1355 tennis-court 0.9994
918 1441 877 1436 889 1345 930 1350 tennis-court 0.9994
987 1286 945 1281 954 1193 996 1197 tennis-court 0.9991
1039 758 997 755 1004 666 1046 669 tennis-court 0.9991
985 755 944 751 954 661 995 666 tennis-court 0.9990
1009 1025 969 1021 980 928 1020 933 tennis-court 0.9990
999 1156 958 1153 966 1062 1007 1065 tennis-court 0.9983
973 886 934 885 938 790 978 792 tennis-court 0.9982
947 1151 910 1149 914 1060 951 1062 tennis-court 0.9980
957 1020 915 1016 926 926 968 931 tennis-court 0.9976
930 1286 892 1280 906 1191 944 1197 tennis-court 0.9963
539 741 458 735 470 537 552 543 tennis-court 0.6458
851 753 777 746 792 578 866 585 tennis-court 0.4231
577 269 639 225 714 331 652 375 basketball-court 0.9989
510 326 573 282 640 377 577 421 basketball-court 0.9988
795 1263 540 1238 584 804 838 829 soccer-ball-field 0.9986
466 735 483 532 869 564 852 767 soccer-ball-field 0.9952
