1433 441 1446 437 1454 462 1441 466 small-vehicle 0.2751
348 483 305 482 308 380 352 381 tennis-court 0.9998
291 480 244 479 248 376 295 378 tennis-court 0.9997
232 479 187 477 191 374 237 376 tennis-court 0.9996
409 486 361 484 365 380 412 382 tennis-court 0.9996
466 490 421 488 426 384 471 386 tennis-court 0.9995
357 308 311 308 311 201 358 201 tennis-court 0.9993
417 308 371 306 376 203 421 205 tennis-court 0.9992
207 302 160 299 165 195 212 198 tennis-court 0.9992
1110 299 1065 297 1068 195 1113 196 tennis-court 0.9990
478 313 428 312 431 208 480 209 tennis-court 0.9989
301 305 248 304 251 196 304 197 tennis-court 0.9988
741 462 688 460 693 343 746 346 tennis-court 0.9986
147 294 100 293 104 194 150 196 tennis-court 0.9986
993 506 942 503 948 403 999 406 tennis-court 0.9985
172 475 126 474 130 373 176 374 tennis-court 0.9983
1172 299 1122 296 1126 195 1176 198 tennis-court 0.9980
1172 514 1119 512 1123 409 1176 411 tennis-court 0.9976
1226 301 1181 300 1184 196 1230 197 tennis-court 0.9975
1291 301 1240 299 1244 201 1296 203 tennis-court 0.9967
932 500 885 499 888 400 935 401 tennis-court 0.9967
1110 509 1063 507 1067 410 1113 412 tennis-court 0.9965
1230 518 1178 516 1182 409 1234 411 tennis-court 0.9964
1049 509 1002 505 1009 406 1056 410 tennis-court 0.9946
1046 288 998 286 1002 195 1050 197 tennis-court 0.9552
