1925 1219 1911 1205 1944 1172 1958 1186 small-vehicle 0.6152
1892 1180 1877 1163 1911 1134 1926 1151 small-vehicle 0.5991
1907 1198 1892 1182 1924 1152 1939 1168 small-vehicle 0.5538
2170 10 2188 -3 2217 36 2198 49 small-vehicle 0.1467
1796 489 1779 468 1830 426 1848 448 small-vehicle 0.1376
1776 464 1761 444 1815 401 1830 421 small-vehicle 0.1184
1617 554 1602 535 1656 492 1671 511 small-vehicle 0.1014
1152 1052 1169 1037 1220 1097 1202 1112 small-vehicle 0.1011
577 1072 560 1052 641 987 658 1008 large-vehicle 0.9976
498 977 481 957 562 891 578 911 large-vehicle 0.9972
676 1197 660 1177 742 1109 759 1129 large-vehicle 0.9967
460 924 443 904 521 839 538 859 large-vehicle 0.9958
515 1000 499 981 582 914 598 933 large-vehicle 0.9957
1033 332 1057 322 1102 431 1077 441 large-vehicle 0.9954
925 372 949 362 989 466 965 475 large-vehicle 0.9954
359 1203 342 1183 422 1117 438 1136 large-vehicle 0.9952
635 1146 619 1127 699 1060 715 1079 large-vehicle 0.9951
475 950 459 930 543 863 559 882 large-vehicle 0.9934
276 1104 260 1085 343 1015 359 1034 large-vehicle 0.9930
1114 303 1138 293 1182 399 1159 408 large-vehicle 0.9930
657 476 680 467 723 574 700 583 large-vehicle 0.9928
1580 126 1603 117 1648 223 1625 233 large-vehicle 0.9923
1224 261 1247 252 1289 356 1266 365 large-vehicle 0.9922
953 365 977 355 1017 461 993 470 large-vehicle 0.9912
1006 342 1028 333 1073 443 1050 452 large-vehicle 0.9905
594 1095 579 1077 663 1010 678 1029 large-vehicle 0.9899
654 1173 638 1152 723 1084 740 1105 large-vehicle 0.9898
1334 216 1358 207 1402 316 1378 325 large-vehicle 0.9895
1089 312 1112 303 1153 408 1130 417 large-vehicle 0.9895
538 1024 521 1004 604 938 620 958 large-vehicle 0.9894
1534 621 1519 602 1591 544 1606 563 large-vehicle 0.9891
870 392 894 382 938 488 914 498 large-vehicle 0.9891
1689 84 1712 74 1755 179 1732 189 large-vehicle 0.9888
1415 184 1439 174 1482 279 1459 289 large-vehicle 0.9886
1853 443 1837 423 1906 367 1922 386 large-vehicle 0.9885
438 902 422 884 504 816 519 834 large-vehicle 0.9883
334 1181 318 1163 404 1091 419 1109 large-vehicle 0.9877
979 352 1003 343 1044 449 1021 458 large-vehicle 0.9875
1553 136 1577 126 1621 236 1598 246 large-vehicle 0.9875
614 1125 597 1103 682 1036 699 1057 large-vehicle 0.9874
1196 273 1219 264 1264 370 1241 380 large-vehicle 0.9873
1673 509 1657 490 1725 432 1741 451 large-vehicle 0.9871
1304 229 1327 219 1374 325 1350 336 large-vehicle 0.9869
1061 322 1084 312 1129 419 1106 429 large-vehicle 0.9869
329 599 353 589 396 694 372 703 large-vehicle 0.9867
763 438 786 428 830 532 808 542 large-vehicle 0.9863
1661 93 1684 83 1729 192 1707 201 large-vehicle 0.9862
391 1254 376 1235 463 1163 479 1182 large-vehicle 0.9861
789 427 813 417 857 522 834 532 large-vehicle 0.9859
1526 145 1550 136 1593 241 1569 251 large-vehicle 0.9858
1168 281 1192 271 1235 377 1211 387 large-vehicle 0.9855
413 572 436 562 479 668 455 677 large-vehicle 0.9851
1768 54 1793 44 1837 149 1812 160 large-vehicle 0.9850
356 591 380 581 424 687 400 697 large-vehicle 0.9850
375 1231 358 1212 444 1139 460 1158 large-vehicle 0.9850
1277 239 1302 229 1344 337 1320 346 large-vehicle 0.9849
632 488 656 479 696 582 672 591 large-vehicle 0.9847
1712 74 1737 63 1784 171 1759 182 large-vehicle 0.9847
1740 62 1762 53 1810 162 1787 171 large-vehicle 0.9844
1359 208 1382 198 1429 305 1406 315 large-vehicle 0.9841
1631 105 1654 95 1701 201 1678 211 large-vehicle 0.9836
1561 639 1545 619 1612 566 1627 586 large-vehicle 0.9825
249 633 273 623 317 729 293 739 large-vehicle 0.9824
440 563 464 554 504 654 480 664 large-vehicle 0.9823
898 385 920 376 965 485 942 494 large-vehicle 0.9823
522 531 546 522 587 627 563 636 large-vehicle 0.9822
1444 177 1468 168 1511 275 1487 285 large-vehicle 0.9812
195 654 219 644 262 747 238 757 large-vehicle 0.9806
407 1327 392 1309 470 1242 485 1260 large-vehicle 0.9805
262 1078 244 1057 323 992 340 1012 large-vehicle 0.9803
682 464 705 454 750 564 727 573 large-vehicle 0.9803
493 537 517 528 558 629 534 639 large-vehicle 0.9801
1385 700 1369 681 1435 628 1451 647 large-vehicle 0.9787
382 577 407 568 448 676 423 685 large-vehicle 0.9786
1248 251 1272 241 1315 346 1291 356 large-vehicle 0.9783
818 420 842 410 884 512 861 522 large-vehicle 0.9773
844 405 868 395 911 503 888 512 large-vehicle 0.9768
708 453 731 443 776 553 753 563 large-vehicle 0.9763
1141 291 1163 281 1207 387 1185 397 large-vehicle 0.9759
1835 416 1819 396 1887 341 1903 360 large-vehicle 0.9749
759 749 779 733 885 865 865 881 large-vehicle 0.9748
933 728 916 708 998 638 1015 658 large-vehicle 0.9745
203 1004 187 984 266 918 282 938 large-vehicle 0.9741
1697 529 1683 511 1750 454 1765 472 large-vehicle 0.9739
302 611 326 601 372 710 348 720 large-vehicle 0.9727
555 1049 538 1028 623 959 640 980 large-vehicle 0.9723
1085 865 1104 849 1175 937 1156 953 large-vehicle 0.9720
139 670 166 660 209 772 182 783 large-vehicle 0.9714
1497 157 1521 147 1566 253 1542 263 large-vehicle 0.9707
1426 751 1411 733 1476 679 1491 697 large-vehicle 0.9706
167 666 191 656 235 763 212 773 large-vehicle 0.9697
1387 196 1410 187 1454 292 1431 302 large-vehicle 0.9685
1469 167 1493 156 1537 262 1513 272 large-vehicle 0.9685
1606 115 1629 105 1675 213 1652 222 large-vehicle 0.9674
137 938 120 918 204 846 221 865 large-vehicle 0.9671
820 720 838 705 896 775 878 791 large-vehicle 0.9666
734 445 757 435 800 542 777 551 large-vehicle 0.9656
1522 589 1506 569 1573 515 1589 535 large-vehicle 0.9655
795 741 812 726 869 794 851 808 large-vehicle 0.9655
628 925 647 910 703 982 684 997 large-vehicle 0.9652
1656 479 1640 459 1706 408 1722 428 large-vehicle 0.9647
1444 779 1427 759 1495 702 1512 722 large-vehicle 0.9631
221 639 243 630 289 740 266 749 large-vehicle 0.9630
1370 674 1355 655 1423 601 1438 619 large-vehicle 0.9625
1577 670 1561 651 1630 592 1646 611 large-vehicle 0.9599
1126 1147 1147 1131 1216 1219 1196 1236 large-vehicle 0.9591
951 748 935 728 1018 661 1034 682 large-vehicle 0.9571
466 554 490 544 532 643 508 653 large-vehicle 0.9571
905 875 923 860 981 929 963 944 large-vehicle 0.9567
1795 365 1779 345 1846 292 1862 312 large-vehicle 0.9537
234 1055 218 1034 305 967 321 988 large-vehicle 0.9512
1478 543 1462 523 1531 468 1547 487 large-vehicle 0.9502
401 855 385 835 470 764 487 784 large-vehicle 0.9495
1016 1011 1036 995 1097 1070 1078 1086 large-vehicle 0.9488
605 506 629 496 669 594 645 603 large-vehicle 0.9477
294 1134 278 1114 366 1040 383 1060 large-vehicle 0.9461
524 791 543 776 599 850 580 865 large-vehicle 0.9433
549 521 573 511 614 613 591 622 large-vehicle 0.9420
1832 1153 1817 1135 1884 1077 1899 1094 large-vehicle 0.9393
1717 557 1700 536 1768 481 1784 501 large-vehicle 0.9355
1809 1132 1794 1114 1863 1055 1878 1072 large-vehicle 0.9343
542 765 560 750 616 822 598 836 large-vehicle 0.9342
107 682 134 671 180 784 153 795 large-vehicle 0.9303
581 510 603 501 642 604 620 612 large-vehicle 0.9293
1775 342 1760 324 1826 268 1841 286 large-vehicle 0.9284
115 910 99 890 186 820 202 840 large-vehicle 0.9281
1891 758 1874 737 1993 641 2009 661 large-vehicle 0.9241
883 898 901 883 957 948 939 963 large-vehicle 0.9211
1500 565 1484 546 1554 489 1570 509 large-vehicle 0.9186
1746 880 1729 860 1859 752 1876 772 large-vehicle 0.9164
1114 953 1132 938 1191 1009 1173 1024 large-vehicle 0.9151
1398 730 1382 711 1453 654 1469 673 large-vehicle 0.9103
1709 1028 1694 1011 1777 942 1791 959 large-vehicle 0.9070
1801 952 1787 935 1871 865 1885 882 large-vehicle 0.9053
1813 394 1797 375 1866 317 1882 336 large-vehicle 0.9043
1795 1097 1780 1079 1848 1023 1863 1041 large-vehicle 0.9013
222 1029 206 1009 286 942 302 961 large-vehicle 0.8985
278 622 302 613 345 719 321 729 large-vehicle 0.8975
1145 1123 1165 1106 1239 1194 1219 1211 large-vehicle 0.8902
636 829 654 815 753 941 735 955 large-vehicle 0.8869
161 957 145 937 223 870 240 889 large-vehicle 0.8853
930 854 947 839 1007 910 989 925 large-vehicle 0.8821
1042 991 1061 976 1120 1049 1102 1064 large-vehicle 0.8816
1939 982 1924 964 1993 905 2008 923 large-vehicle 0.8793
1166 962 1184 947 1255 1031 1237 1046 large-vehicle 0.8749
745 969 762 955 820 1025 803 1039 large-vehicle 0.8711
1157 804 1178 787 1252 874 1231 892 large-vehicle 0.8687
1963 1002 1948 984 2017 927 2032 944 large-vehicle 0.8661
1632 457 1616 438 1687 380 1703 400 large-vehicle 0.8635
996 1037 1015 1021 1124 1153 1104 1169 large-vehicle 0.8608
1613 434 1598 415 1664 359 1680 378 large-vehicle 0.8544
980 837 997 823 1055 893 1038 907 large-vehicle 0.8543
836 1194 854 1177 917 1245 898 1262 large-vehicle 0.8445
1333 661 1318 643 1390 583 1405 602 large-vehicle 0.8408
2016 917 2000 899 2123 797 2139 816 large-vehicle 0.8399
2039 938 2022 918 2140 820 2157 840 large-vehicle 0.8389
1609 989 1591 967 1725 860 1743 882 large-vehicle 0.8349
1993 1023 1978 1005 2045 947 2061 966 large-vehicle 0.8338
647 894 663 881 723 958 706 971 large-vehicle 0.8302
1090 972 1107 958 1165 1028 1148 1043 large-vehicle 0.8279
1916 778 1898 756 2006 669 2023 691 large-vehicle 0.8266
1002 811 1021 796 1080 870 1061 885 large-vehicle 0.8156
1892 876 1877 858 1965 787 1979 805 large-vehicle 0.8118
1479 668 1462 648 1513 605 1530 625 large-vehicle 0.8113
734 1053 752 1039 809 1111 790 1125 large-vehicle 0.8006
1755 440 1739 421 1791 378 1807 398 large-vehicle 0.7991
1068 1073 1087 1058 1135 1118 1117 1133 large-vehicle 0.7805
750 1023 768 1009 828 1085 811 1099 large-vehicle 0.7719
848 1098 866 1084 927 1161 909 1175 large-vehicle 0.7630
1223 1084 1242 1069 1306 1149 1288 1164 large-vehicle 0.7539
1199 1110 1218 1095 1276 1166 1257 1181 large-vehicle 0.7181
434 1345 418 1327 493 1263 509 1282 large-vehicle 0.6966
1595 530 1580 511 1635 467 1651 486 large-vehicle 0.6865
1641 578 1624 558 1678 512 1695 532 large-vehicle 0.6774
1237 1050 1257 1035 1327 1124 1307 1140 large-vehicle 0.6674
1617 555 1601 536 1654 493 1670 512 large-vehicle 0.6578
858 1159 875 1145 935 1221 919 1234 large-vehicle 0.6544
1442 614 1426 594 1481 550 1497 570 large-vehicle 0.6536
1499 690 1483 671 1539 625 1555 644 large-vehicle 0.6376
1519 715 1502 695 1557 650 1574 671 large-vehicle 0.6334
1462 638 1446 619 1502 573 1518 592 large-vehicle 0.6244
1045 921 1061 906 1113 963 1096 978 large-vehicle 0.6237
1733 417 1716 397 1771 352 1787 372 large-vehicle 0.6179
1776 464 1761 444 1815 401 1830 421 large-vehicle 0.5917
1389 825 1372 805 1421 762 1439 781 large-vehicle 0.5890
1796 489 1779 468 1830 426 1848 448 large-vehicle 0.5880
192 971 176 952 247 893 263 912 large-vehicle 0.5766
1340 779 1324 760 1379 714 1395 733 large-vehicle 0.5633
1272 708 1258 690 1316 644 1331 663 large-vehicle 0.5560
708 973 725 958 770 1012 753 1026 large-vehicle 0.5544
1323 753 1307 733 1362 688 1378 708 large-vehicle 0.5350
409 1279 393 1258 482 1188 498 1208 large-vehicle 0.5340
1661 603 1645 584 1695 540 1712 559 large-vehicle 0.5176
855 814 874 798 916 848 897 864 large-vehicle 0.5016
1554 480 1538 460 1593 417 1609 437 large-vehicle 0.5014
1420 590 1404 569 1458 524 1475 545 large-vehicle 0.4954
658 813 677 797 741 875 722 891 large-vehicle 0.4848
967 948 985 932 1027 983 1009 999 large-vehicle 0.4702
1305 722 1290 703 1349 659 1363 678 large-vehicle 0.4651
1714 391 1700 373 1754 329 1768 347 large-vehicle 0.4640
803 1034 815 1023 862 1078 849 1089 large-vehicle 0.4564
1968 818 1951 798 2047 716 2064 736 large-vehicle 0.4381
770 950 787 936 848 1007 831 1021 large-vehicle 0.4338
1071 900 1089 884 1140 943 1122 958 large-vehicle 0.4243
1364 803 1348 783 1403 738 1419 758 large-vehicle 0.4065
1104 1066 1121 1051 1163 1098 1146 1113 large-vehicle 0.3899
944 970 963 955 1004 1008 986 1023 large-vehicle 0.3821
1575 504 1559 485 1612 442 1628 461 large-vehicle 0.3718
1152 1052 1169 1037 1220 1097 1202 1112 large-vehicle 0.3712
1181 1036 1199 1021 1246 1076 1229 1091 large-vehicle 0.3624
603 840 620 827 660 875 643 889 large-vehicle 0.3572
880 1084 897 1069 959 1142 942 1157 large-vehicle 0.3552
795 1128 813 1113 855 1166 837 1181 large-vehicle 0.3514
1733 1147 1719 1129 1775 1083 1790 1100 large-vehicle 0.3441
1751 1173 1737 1154 1798 1111 1812 1130 large-vehicle 0.3429
1935 1069 1921 1051 1975 1008 1989 1026 large-vehicle 0.3056
1885 1024 1871 1006 1932 959 1946 977 large-vehicle 0.3052
883 797 902 781 943 831 924 846 large-vehicle 0.2772
686 1001 704 985 751 1039 733 1055 large-vehicle 0.2452
1799 54 1829 39 1872 126 1841 141 large-vehicle 0.2371
2065 961 2051 944 2105 901 2119 918 large-vehicle 0.2189
807 1094 824 1081 868 1136 852 1149 large-vehicle 0.2128
583 864 602 850 640 901 621 915 large-vehicle 0.2071
100 890 81 868 151 805 170 827 large-vehicle 0.2008
960 764 979 748 1028 803 1009 820 large-vehicle 0.1991
1737 820 1715 795 1832 696 1853 721 large-vehicle 0.1695
1904 1048 1889 1030 1946 986 1960 1005 large-vehicle 0.1608
696 1221 677 1198 765 1126 785 1149 large-vehicle 0.1450
992 926 1010 912 1050 960 1032 975 large-vehicle 0.1304
902 1165 918 1150 970 1209 954 1224 large-vehicle 0.1168
933 782 951 767 999 824 980 840 large-vehicle 0.1115
914 1228 929 1214 978 1264 962 1279 ship 0.3000
991 927 1010 911 1050 960 1031 976 ship 0.2875
967 949 985 933 1027 982 1009 997 ship 0.1207
548 522 573 512 616 621 591 630 ship 0.1067
1904 1048 1889 1030 1946 986 1960 1005 ship 0.1053
