529 438 530 423 587 427 586 442 large-vehicle 0.9299
586 488 588 472 645 477 644 493 large-vehicle 0.8956
523 495 524 480 581 487 579 502 large-vehicle 0.8811
1290 281 1276 280 1280 224 1294 225 large-vehicle 0.8809
1216 273 1201 272 1206 217 1220 218 large-vehicle 0.8730
504 698 491 697 498 638 511 639 large-vehicle 0.8659
564 710 551 709 556 653 569 655 large-vehicle 0.8644
518 707 504 706 511 647 524 648 large-vehicle 0.8457
548 711 534 709 540 650 555 651 large-vehicle 0.8418
533 708 521 707 525 648 538 649 large-vehicle 0.8366
443 199 431 198 436 144 449 145 large-vehicle 0.8260
678 225 663 223 669 165 685 167 large-vehicle 0.8226
503 205 490 204 494 147 507 148 large-vehicle 0.8169
462 668 447 666 454 611 469 613 large-vehicle 0.8138
669 640 670 627 719 632 718 645 large-vehicle 0.8114
488 205 475 204 480 148 493 149 large-vehicle 0.8046
1157 268 1143 268 1146 210 1159 211 large-vehicle 0.8012
625 717 609 715 616 659 631 661 large-vehicle 0.8005
1260 279 1245 277 1252 217 1267 219 large-vehicle 0.7997
489 691 476 689 483 630 496 632 large-vehicle 0.7783
586 502 587 488 644 492 643 506 large-vehicle 0.7714
668 734 679 723 720 762 710 773 large-vehicle 0.7650
535 208 520 208 523 150 538 151 large-vehicle 0.7608
519 206 504 205 509 149 524 150 large-vehicle 0.7397
638 218 623 218 625 163 640 164 large-vehicle 0.7339
1144 268 1130 267 1133 211 1147 212 large-vehicle 0.7289
1246 278 1232 277 1235 216 1249 217 large-vehicle 0.7207
1188 273 1173 272 1177 211 1193 212 large-vehicle 0.7185
610 290 611 277 663 282 662 295 large-vehicle 0.7164
571 364 573 347 656 353 655 370 large-vehicle 0.7106
721 226 708 225 713 170 727 171 large-vehicle 0.7058
700 484 701 467 758 470 757 487 large-vehicle 0.7053
694 541 695 528 754 531 753 544 large-vehicle 0.7011
477 680 464 679 469 618 481 619 large-vehicle 0.6979
1127 268 1112 266 1118 209 1133 210 large-vehicle 0.6876
566 409 568 393 649 402 648 418 large-vehicle 0.6772
651 222 635 221 638 165 653 165 large-vehicle 0.6766
562 212 548 211 550 153 564 154 large-vehicle 0.6616
578 713 564 712 569 655 584 656 large-vehicle 0.6578
592 427 593 412 649 416 648 432 large-vehicle 0.6544
767 231 753 230 759 172 773 173 large-vehicle 0.6509
584 532 586 517 644 522 643 537 large-vehicle 0.6472
583 547 584 533 642 537 642 551 large-vehicle 0.6403
592 216 578 215 581 159 594 160 large-vehicle 0.6303
581 560 582 547 639 551 638 565 large-vehicle 0.6279
460 203 444 202 449 144 464 145 large-vehicle 0.6174
1362 288 1348 286 1354 229 1369 230 large-vehicle 0.6168
520 511 521 496 579 501 578 516 large-vehicle 0.6148
1233 275 1220 275 1222 216 1235 216 large-vehicle 0.6030
1379 290 1365 289 1368 232 1382 233 large-vehicle 0.6027
1348 286 1333 285 1338 228 1353 229 large-vehicle 0.5927
1334 284 1320 284 1323 226 1337 226 large-vehicle 0.5918
1321 284 1306 283 1310 224 1325 225 large-vehicle 0.5844
1098 261 1084 260 1089 203 1103 204 large-vehicle 0.5683
780 232 767 231 772 176 785 178 large-vehicle 0.5640
696 526 697 512 753 515 753 529 large-vehicle 0.5605
1112 267 1098 266 1103 210 1117 211 large-vehicle 0.5564
519 527 520 514 579 518 578 532 large-vehicle 0.5558
473 202 459 201 464 144 477 145 large-vehicle 0.5539
607 217 592 216 597 159 612 160 large-vehicle 0.5336
578 214 563 212 568 157 583 159 large-vehicle 0.5212
127 338 128 324 187 329 186 342 large-vehicle 0.5207
518 554 520 541 579 547 578 561 large-vehicle 0.5204
119 412 120 399 177 403 176 416 large-vehicle 0.5192
572 379 573 364 656 369 655 385 large-vehicle 0.5185
572 336 573 320 661 327 660 342 large-vehicle 0.4995
1054 260 1041 259 1045 199 1058 200 large-vehicle 0.4980
287 437 274 436 282 341 296 342 large-vehicle 0.4742
1082 262 1066 261 1071 201 1086 202 large-vehicle 0.4734
1423 295 1409 294 1412 238 1426 239 large-vehicle 0.4730
1305 282 1290 281 1293 223 1308 224 large-vehicle 0.4694
352 196 349 181 399 172 401 186 large-vehicle 0.4668
1173 272 1156 271 1160 209 1177 210 large-vehicle 0.4615
738 228 722 227 726 169 741 170 large-vehicle 0.4493
621 219 606 218 610 158 625 159 large-vehicle 0.4466
1408 293 1393 292 1398 234 1413 235 large-vehicle 0.4426
1346 740 1332 739 1337 682 1350 683 large-vehicle 0.4412
583 515 584 503 641 508 640 520 large-vehicle 0.4363
1364 985 1365 970 1414 973 1413 988 large-vehicle 0.4358
121 396 122 382 180 389 179 403 large-vehicle 0.4177
459 535 445 533 454 443 468 445 large-vehicle 0.4169
306 438 290 437 297 344 312 345 large-vehicle 0.4112
751 230 737 229 742 170 757 172 large-vehicle 0.4001
133 308 134 294 192 300 191 314 large-vehicle 0.3996
1317 739 1301 737 1305 681 1322 682 large-vehicle 0.3996
1024 256 1008 254 1013 199 1029 200 large-vehicle 0.3900
471 443 456 443 460 354 475 355 large-vehicle 0.3880
132 321 133 309 191 314 190 326 large-vehicle 0.3843
124 367 125 352 185 358 183 373 large-vehicle 0.3834
692 556 694 540 751 546 749 561 large-vehicle 0.3803
639 721 624 719 630 660 646 661 large-vehicle 0.3762
696 513 697 496 757 501 755 518 large-vehicle 0.3758
446 369 431 369 436 268 450 268 large-vehicle 0.3748
445 535 428 534 437 431 453 432 large-vehicle 0.3716
1068 262 1054 261 1058 202 1072 203 large-vehicle 0.3685
250 471 236 470 245 384 259 385 large-vehicle 0.3678
459 368 446 367 454 270 467 271 large-vehicle 0.3655
231 552 237 540 283 561 277 574 large-vehicle 0.3654
272 431 258 429 267 337 281 339 large-vehicle 0.3622
261 219 256 207 304 187 309 199 large-vehicle 0.3506
855 239 839 237 845 183 860 185 large-vehicle 0.3284
393 523 378 521 386 440 401 442 large-vehicle 0.3221
313 343 299 341 308 257 322 258 large-vehicle 0.3183
1038 259 1022 257 1027 199 1043 201 large-vehicle 0.3100
419 452 405 451 412 351 426 352 large-vehicle 0.3082
179 492 190 486 210 521 199 527 large-vehicle 0.3076
349 313 336 312 340 263 354 264 large-vehicle 0.3026
520 540 521 526 578 530 577 545 large-vehicle 0.2939
123 382 125 366 182 372 181 388 large-vehicle 0.2838
698 498 698 483 756 486 756 500 large-vehicle 0.2813
1361 744 1347 743 1350 685 1365 686 large-vehicle 0.2757
431 323 416 321 421 268 436 270 large-vehicle 0.2742
1393 293 1379 292 1383 233 1397 234 large-vehicle 0.2677
782 788 769 787 773 734 786 735 large-vehicle 0.2536
1083 954 1083 940 1142 943 1142 957 large-vehicle 0.2522
280 512 265 511 273 422 288 424 large-vehicle 0.2515
263 486 250 484 258 423 271 425 large-vehicle 0.2514
333 319 318 317 324 259 339 261 large-vehicle 0.2495
1439 297 1422 295 1427 237 1444 238 large-vehicle 0.2426
286 307 271 306 276 254 291 255 large-vehicle 0.2391
407 527 394 525 405 435 418 436 large-vehicle 0.2371
247 380 231 379 238 302 253 304 large-vehicle 0.2353
477 370 463 369 468 274 482 274 large-vehicle 0.2291
197 416 183 415 188 359 202 360 large-vehicle 0.2224
599 307 600 294 659 298 658 311 large-vehicle 0.2115
691 567 692 556 751 558 750 569 large-vehicle 0.2099
264 351 250 350 254 298 268 299 large-vehicle 0.1998
313 520 296 518 304 434 322 436 large-vehicle 0.1940
180 437 193 437 194 497 182 497 large-vehicle 0.1745
324 438 306 437 313 349 332 350 large-vehicle 0.1744
1331 740 1315 739 1319 680 1335 681 large-vehicle 0.1531
870 241 854 241 856 184 873 185 large-vehicle 0.1519
914 260 915 245 983 249 982 264 large-vehicle 0.1472
717 646 719 630 756 635 754 651 large-vehicle 0.1419
272 571 278 558 314 575 309 587 large-vehicle 0.1363
313 202 311 188 354 181 356 195 large-vehicle 0.1332
426 530 412 529 422 426 436 427 large-vehicle 0.1326
298 484 284 483 291 428 305 430 large-vehicle 0.1250
340 409 324 407 331 344 347 346 large-vehicle 0.1197
236 235 228 223 261 203 269 216 large-vehicle 0.1180
433 446 420 444 429 353 442 354 large-vehicle 0.1142
595 321 596 307 661 313 660 327 large-vehicle 0.1038
