1034 652 1024 636 1059 615 1069 631 small-vehicle 0.8919
879 529 868 513 903 491 913 507 small-vehicle 0.8866
899 544 888 529 923 505 934 520 small-vehicle 0.8754
916 560 907 543 944 523 953 540 small-vehicle 0.8686
856 513 847 497 882 476 892 492 small-vehicle 0.8596
938 576 928 562 957 541 967 555 small-vehicle 0.8525
1059 664 1050 646 1087 629 1096 647 small-vehicle 0.8413
959 590 948 574 985 550 995 567 small-vehicle 0.8301
85 89 97 75 129 102 117 117 small-vehicle 0.7786
980 604 969 587 1001 567 1012 583 small-vehicle 0.7611
1082 681 1073 664 1107 644 1117 660 small-vehicle 0.7246
839 497 830 481 864 461 873 477 small-vehicle 0.6743
224 70 235 54 268 80 256 95 small-vehicle 0.6124
1018 634 1009 618 1042 598 1052 613 small-vehicle 0.6120
200 101 211 88 240 111 229 124 small-vehicle 0.5556
191 121 200 108 229 129 219 142 small-vehicle 0.5539
130 568 116 558 137 527 151 537 small-vehicle 0.5484
113 558 100 549 121 519 133 528 small-vehicle 0.5372
74 532 62 522 83 497 95 506 small-vehicle 0.4712
116 60 127 48 149 67 139 80 small-vehicle 0.4171
93 543 80 534 100 505 113 514 small-vehicle 0.3784
216 83 223 73 253 94 245 104 small-vehicle 0.3351
106 77 115 67 136 84 127 95 small-vehicle 0.3315
247 38 256 25 285 45 276 58 small-vehicle 0.2155
134 47 143 37 165 59 156 68 small-vehicle 0.2111
155 17 169 2 190 21 177 36 small-vehicle 0.1847
148 34 158 21 179 38 168 51 small-vehicle 0.1240
210 415 217 400 254 415 248 431 small-vehicle 0.1216
428 598 443 581 492 624 478 641 small-vehicle 0.1022
722 1142 704 1129 758 1050 776 1063 large-vehicle 0.9944
325 599 341 577 461 661 445 684 large-vehicle 0.9897
402 912 383 899 441 816 460 830 large-vehicle 0.9881
635 1081 616 1067 674 986 693 1000 large-vehicle 0.9859
361 878 341 863 397 782 418 797 large-vehicle 0.9852
699 1128 679 1114 736 1033 756 1047 large-vehicle 0.9831
656 1098 637 1085 695 1003 714 1016 large-vehicle 0.9824
465 957 446 943 503 863 522 876 large-vehicle 0.9820
745 500 758 483 820 529 807 547 large-vehicle 0.9820
490 974 469 959 525 878 546 892 large-vehicle 0.9815
552 1019 532 1005 587 925 607 939 large-vehicle 0.9747
611 1068 592 1054 651 970 671 984 large-vehicle 0.9731
510 988 490 975 544 894 564 908 large-vehicle 0.9726
572 1033 551 1018 608 939 628 954 large-vehicle 0.9723
380 896 361 883 420 800 439 814 large-vehicle 0.9721
482 641 495 623 561 669 548 687 large-vehicle 0.9711
859 696 870 679 933 723 921 740 large-vehicle 0.9699
701 507 714 489 780 536 767 554 large-vehicle 0.9676
788 496 801 478 864 526 850 544 large-vehicle 0.9652
675 1114 655 1100 714 1017 734 1031 large-vehicle 0.9649
337 865 317 851 375 770 395 784 large-vehicle 0.9598
316 849 297 835 355 754 374 768 large-vehicle 0.9593
761 1176 742 1163 799 1080 819 1093 large-vehicle 0.9562
296 836 276 823 334 739 353 752 large-vehicle 0.9561
990 679 1003 660 1070 708 1056 726 large-vehicle 0.9555
342 573 358 553 473 638 458 659 large-vehicle 0.9555
272 822 252 808 312 722 331 736 large-vehicle 0.9549
529 1006 510 992 566 910 585 923 large-vehicle 0.9542
914 589 926 571 992 618 980 636 large-vehicle 0.9540
254 803 234 789 291 710 310 724 large-vehicle 0.9521
904 883 921 860 1007 924 990 947 large-vehicle 0.9500
730 819 743 802 809 850 796 867 large-vehicle 0.9470
444 945 424 931 483 847 503 861 large-vehicle 0.9467
592 1052 573 1038 632 957 651 970 large-vehicle 0.9461
211 772 191 758 249 675 270 689 large-vehicle 0.9458
564 517 577 499 640 546 627 564 large-vehicle 0.9435
743 1159 723 1145 778 1065 798 1078 large-vehicle 0.9430
188 756 168 741 228 659 248 673 large-vehicle 0.9378
467 666 480 647 597 727 585 745 large-vehicle 0.9348
232 786 212 772 271 692 291 707 large-vehicle 0.9317
598 756 612 737 723 822 708 841 large-vehicle 0.9309
423 926 403 912 459 832 479 846 large-vehicle 0.9293
864 587 878 569 942 617 928 635 large-vehicle 0.9182
601 448 589 424 680 379 693 403 large-vehicle 0.9123
635 646 650 626 742 694 727 714 large-vehicle 0.9015
900 652 914 634 1028 718 1015 736 large-vehicle 0.8895
524 526 538 507 603 555 589 574 large-vehicle 0.8883
855 915 867 898 934 944 922 961 large-vehicle 0.8834
609 732 622 714 688 761 675 779 large-vehicle 0.8717
783 1192 764 1178 821 1097 841 1111 large-vehicle 0.8666
781 602 794 584 860 633 847 651 large-vehicle 0.8613
524 432 514 409 609 367 619 391 large-vehicle 0.8507
634 610 648 590 770 677 755 697 large-vehicle 0.8481
824 597 837 578 902 624 888 643 large-vehicle 0.8467
770 883 783 867 846 914 834 931 large-vehicle 0.8341
984 639 997 622 1043 659 1030 675 large-vehicle 0.8337
855 545 868 528 916 564 903 581 large-vehicle 0.8017
655 510 668 492 792 580 778 598 large-vehicle 0.7964
688 609 701 591 765 637 752 655 large-vehicle 0.7915
737 609 751 590 845 660 831 679 large-vehicle 0.7737
815 552 828 534 879 570 866 588 large-vehicle 0.7583
174 727 155 713 214 632 233 646 large-vehicle 0.7342
882 675 896 656 982 718 968 738 large-vehicle 0.6936
136 698 115 684 173 600 194 614 large-vehicle 0.6920
429 599 443 581 492 621 477 639 large-vehicle 0.6432
805 1209 784 1194 842 1110 863 1124 large-vehicle 0.6305
938 643 951 625 1001 661 987 679 large-vehicle 0.6271
806 876 819 859 867 896 854 913 large-vehicle 0.6270
771 557 784 539 834 575 821 592 large-vehicle 0.5719
595 574 608 557 658 596 645 613 large-vehicle 0.5643
758 658 771 642 819 679 807 695 large-vehicle 0.5352
675 780 689 762 737 799 723 817 large-vehicle 0.5325
634 569 646 551 694 585 681 603 large-vehicle 0.5240
973 740 987 724 1033 762 1019 779 large-vehicle 0.5113
1015 734 1030 718 1075 761 1060 777 large-vehicle 0.5031
156 713 136 699 195 616 216 630 large-vehicle 0.4810
552 690 566 671 615 708 601 727 large-vehicle 0.4124
929 745 941 728 989 765 976 782 large-vehicle 0.4025
719 844 732 826 781 864 767 881 large-vehicle 0.3422
1060 730 1076 716 1115 763 1100 776 large-vehicle 0.2056
93 670 70 655 131 566 154 582 large-vehicle 0.1897
264 447 277 418 379 461 367 491 large-vehicle 0.1387
635 -4 656 -35 764 38 743 68 large-vehicle 0.1126
18 1291 105 1290 106 1383 19 1384 roundabout 0.1496
