856 894 908 727 1078 781 1025 948 plane 0.9526
558 2374 519 2226 672 2185 711 2334 plane 0.9005
5128 1656 5105 1501 5270 1477 5293 1632 plane 0.8488
5154 1869 5131 1707 5309 1681 5332 1843 plane 0.8427
1034 2191 1154 2177 1170 2309 1050 2324 plane 0.8312
1251 1888 1209 1762 1357 1712 1399 1839 plane 0.7658
1126 1898 1099 1828 1174 1799 1201 1869 plane 0.7354
1165 938 1088 844 1215 740 1292 834 plane 0.7175
3353 1917 3469 1896 3497 2048 3381 2069 plane 0.7031
5822 2042 5817 1913 6002 1905 6008 2034 plane 0.6972
4633 590 4622 462 4797 447 4807 575 plane 0.6665
5754 642 5733 550 5850 523 5871 616 plane 0.6665
5025 318 5028 201 5214 206 5211 323 plane 0.5461
3696 1874 3843 1854 3865 2013 3718 2033 plane 0.4655
41 1708 71 1589 211 1624 181 1743 plane 0.4564
5733 494 5702 368 5845 333 5876 459 plane 0.3377
5792 1516 5762 1389 5892 1358 5922 1486 plane 0.3272
1300 1937 1284 1865 1361 1848 1377 1919 plane 0.3172
5730 831 5719 728 5879 712 5890 815 plane 0.2952
4639 386 4619 284 4750 258 4770 359 plane 0.2474
3167 1959 3283 1923 3324 2055 3207 2091 plane 0.2343
6213 1777 6191 1656 6350 1627 6372 1748 plane 0.1908
5148 698 5093 605 5198 543 5253 635 plane 0.1742
662 1823 756 1804 776 1904 683 1923 plane 0.1395
5796 1675 5783 1584 5925 1564 5938 1655 plane 0.1227
6088 288 6074 197 6224 174 6238 265 plane 0.1172
5096 852 5081 765 5211 743 5225 831 plane 0.1160
6177 1344 6159 1213 6317 1191 6335 1322 plane 0.1138
6194 1551 6171 1438 6314 1410 6336 1523 plane 0.1006
281 1597 419 1595 422 1737 283 1740 storage-tank 0.6629
437 1759 426 1626 566 1615 576 1748 storage-tank 0.1389
5149 1864 5125 1725 5299 1695 5323 1834 helicopter 0.1260
