4 1579 -6 1552 26 1538 37 1565 plane 0.2451
1277 1436 1375 1432 1379 1545 1281 1549 baseball-diamond 0.9960
314 331 468 317 484 484 329 498 baseball-diamond 0.9849
320 499 313 469 346 461 354 490 baseball-diamond 0.5191
1151 1402 838 1382 881 711 1193 731 ground-track-field 0.9934
283 890 285 649 791 654 789 895 ground-track-field 0.3873
62 1337 67 1317 90 1323 85 1343 small-vehicle 0.1424
1482 646 1487 636 1511 647 1506 657 large-vehicle 0.3016
186 1009 178 998 202 983 209 994 large-vehicle 0.1260
509 1505 509 1495 571 1497 571 1506 large-vehicle 0.1182
388 1040 350 1039 354 949 392 951 tennis-court 0.9994
310 1323 270 1321 276 1230 316 1233 tennis-court 0.9988
446 1043 405 1041 409 951 450 953 tennis-court 0.9986
365 1327 325 1325 330 1236 370 1238 tennis-court 0.9973
420 1332 380 1330 384 1240 425 1242 tennis-court 0.9953
331 1037 294 1035 298 944 335 946 tennis-court 0.9949
758 1411 489 1403 503 971 771 980 soccer-ball-field 0.9981
1124 1312 870 1299 896 799 1150 812 soccer-ball-field 0.9929
313 884 318 667 754 676 749 893 soccer-ball-field 0.8836
599 1692 626 1526 1144 1610 1117 1776 soccer-ball-field 0.1722
1371 1729 1357 1721 1369 1699 1383 1706 swimming-pool 0.3866
933 73 924 58 948 42 958 58 swimming-pool 0.2234
