104 481 116 480 117 507 105 507 small-vehicle 0.7726
20 668 19 658 45 657 46 667 small-vehicle 0.6380
378 716 378 706 403 706 403 716 small-vehicle 0.6298
231 119 241 117 244 138 233 139 small-vehicle 0.5543
356 677 356 667 377 667 377 677 small-vehicle 0.5535
377 695 377 686 397 686 397 695 small-vehicle 0.5259
380 773 380 765 398 764 398 773 small-vehicle 0.5172
378 706 377 697 399 696 399 706 small-vehicle 0.5015
158 186 158 178 176 178 175 187 small-vehicle 0.4970
243 122 252 120 255 141 246 142 small-vehicle 0.4943
313 686 314 678 333 681 332 689 small-vehicle 0.4931
380 756 380 746 399 745 400 755 small-vehicle 0.4408
358 687 357 677 378 677 378 687 small-vehicle 0.3969
201 138 192 138 192 119 202 119 small-vehicle 0.3856
378 746 378 736 399 736 399 746 small-vehicle 0.3802
205 186 206 178 223 179 223 186 small-vehicle 0.3752
179 187 179 177 199 177 199 187 small-vehicle 0.3740
294 689 294 678 312 678 313 688 small-vehicle 0.3673
253 118 263 116 266 137 256 139 small-vehicle 0.3644
357 697 357 688 375 688 376 697 small-vehicle 0.3633
380 726 380 716 403 716 403 726 small-vehicle 0.3295
172 123 182 123 183 144 173 145 small-vehicle 0.3212
231 747 231 737 250 737 250 747 small-vehicle 0.3126
293 698 293 690 309 689 309 697 small-vehicle 0.3089
262 119 273 118 274 136 263 137 small-vehicle 0.3014
379 735 379 725 400 725 400 735 small-vehicle 0.2699
221 117 234 117 234 142 222 142 small-vehicle 0.2546
379 792 379 782 399 783 399 792 small-vehicle 0.2532
194 243 193 233 213 232 213 242 small-vehicle 0.2513
313 727 313 719 334 718 334 727 small-vehicle 0.2426
313 757 313 746 333 746 333 757 small-vehicle 0.2150
295 668 294 659 311 657 312 666 small-vehicle 0.2035
232 796 231 786 254 785 255 795 small-vehicle 0.1998
313 717 312 706 334 704 335 715 small-vehicle 0.1936
230 710 229 698 254 696 255 708 small-vehicle 0.1627
181 118 189 118 190 138 181 138 small-vehicle 0.1501
202 121 213 121 214 140 203 140 small-vehicle 0.1496
196 253 195 244 214 243 214 253 small-vehicle 0.1487
111 737 118 733 128 746 122 751 small-vehicle 0.1448
377 670 377 659 395 658 396 669 small-vehicle 0.1402
141 121 151 120 152 140 142 141 small-vehicle 0.1301
382 803 381 792 401 791 401 802 small-vehicle 0.1109
183 759 182 750 200 748 201 757 small-vehicle 0.1065
171 397 171 387 215 387 215 398 large-vehicle 0.9961
172 445 172 435 217 435 217 445 large-vehicle 0.9933
179 528 179 517 225 517 225 528 large-vehicle 0.9922
172 460 172 449 217 449 217 460 large-vehicle 0.9914
174 559 174 548 219 548 219 559 large-vehicle 0.9899
170 476 170 465 217 465 217 476 large-vehicle 0.9891
171 411 171 402 218 401 218 411 large-vehicle 0.9886
165 315 165 304 211 304 212 314 large-vehicle 0.9870
171 428 171 417 217 417 217 428 large-vehicle 0.9869
175 544 175 533 220 532 220 543 large-vehicle 0.9865
174 492 174 481 219 481 220 491 large-vehicle 0.9862
168 347 168 337 216 340 216 350 large-vehicle 0.9810
167 295 167 284 213 284 213 295 large-vehicle 0.9791
209 688 203 679 239 655 245 664 large-vehicle 0.9770
169 380 168 369 215 368 215 379 large-vehicle 0.9703
168 278 168 267 209 267 210 277 large-vehicle 0.9571
270 244 270 232 336 232 336 244 large-vehicle 0.9194
261 352 273 351 274 390 262 391 large-vehicle 0.8982
0 652 0 640 38 639 38 651 large-vehicle 0.6985
144 623 144 550 240 549 241 622 roundabout 0.1227
