250 618 234 611 250 574 267 581 small-vehicle 0.8066
181 585 166 577 182 546 196 553 small-vehicle 0.7831
270 729 253 722 269 687 286 695 small-vehicle 0.7691
887 863 870 855 884 821 902 828 small-vehicle 0.7615
352 1239 332 1232 346 1189 366 1196 small-vehicle 0.7537
531 836 513 828 528 794 545 801 small-vehicle 0.7414
260 1451 271 1437 299 1457 289 1471 small-vehicle 0.6970
440 799 422 790 438 758 456 767 small-vehicle 0.6941
309 748 288 738 302 706 323 715 small-vehicle 0.6876
858 858 841 850 858 814 875 822 small-vehicle 0.6590
165 575 148 567 163 536 180 544 small-vehicle 0.6553
766 819 747 811 764 772 783 780 small-vehicle 0.6414
678 893 661 887 675 850 692 857 small-vehicle 0.6320
346 760 326 751 342 717 362 726 small-vehicle 0.6313
697 797 677 788 695 749 715 758 small-vehicle 0.6123
729 1609 739 1594 769 1614 760 1629 small-vehicle 0.6071
235 715 218 709 231 677 247 683 small-vehicle 0.5962
463 700 442 694 454 658 474 664 small-vehicle 0.5837
327 750 310 743 324 706 342 713 small-vehicle 0.5735
198 594 183 586 199 554 215 562 small-vehicle 0.5712
911 1595 906 1577 942 1567 947 1585 small-vehicle 0.5435
216 708 199 701 213 668 229 674 small-vehicle 0.5425
165 689 144 680 156 651 177 661 small-vehicle 0.5412
328 1227 310 1219 326 1184 344 1192 small-vehicle 0.5330
289 738 270 729 285 698 304 707 small-vehicle 0.5274
661 886 640 877 654 844 675 853 small-vehicle 0.5221
788 821 773 813 789 781 805 789 small-vehicle 0.5186
185 696 164 687 178 656 198 664 small-vehicle 0.5106
362 767 375 737 437 763 424 793 small-vehicle 0.5010
272 626 256 619 270 584 287 590 small-vehicle 0.4851
255 722 235 714 249 682 268 691 small-vehicle 0.4781
212 1703 223 1689 250 1710 239 1724 small-vehicle 0.4691
458 1282 440 1275 453 1240 470 1246 small-vehicle 0.4672
131 1105 115 1097 131 1065 146 1073 small-vehicle 0.4669
89 1618 73 1609 90 1579 106 1587 small-vehicle 0.4622
302 1225 276 1215 296 1164 322 1175 small-vehicle 0.4616
257 1650 267 1638 295 1663 285 1675 small-vehicle 0.4513
110 1097 94 1090 108 1059 124 1067 small-vehicle 0.4456
713 910 690 899 706 863 729 874 small-vehicle 0.4201
185 1643 198 1628 230 1655 216 1670 small-vehicle 0.4176
-4 51 13 37 52 86 34 101 small-vehicle 0.4126
90 1086 77 1080 92 1051 105 1058 small-vehicle 0.4057
243 1514 225 1507 238 1473 256 1480 small-vehicle 0.3899
348 654 330 646 346 609 364 616 small-vehicle 0.3701
399 673 383 666 397 632 414 640 small-vehicle 0.3599
513 826 492 816 506 786 527 795 small-vehicle 0.3503
382 1489 391 1474 423 1493 414 1508 small-vehicle 0.3232
557 845 530 833 545 800 571 812 small-vehicle 0.3076
58 1070 44 1064 58 1030 72 1036 small-vehicle 0.2838
585 857 557 843 574 811 601 824 small-vehicle 0.2786
362 1355 370 1340 399 1356 390 1371 small-vehicle 0.2586
202 1720 213 1705 238 1723 227 1738 small-vehicle 0.2481
243 1663 256 1652 279 1678 266 1689 small-vehicle 0.2466
33 1598 14 1591 27 1557 45 1563 small-vehicle 0.2446
144 679 125 672 136 643 155 651 small-vehicle 0.2251
312 1708 323 1693 354 1718 343 1732 small-vehicle 0.2173
225 1624 235 1613 258 1634 248 1645 small-vehicle 0.2167
284 1205 260 1196 275 1159 298 1168 small-vehicle 0.1561
199 700 182 692 197 659 214 667 small-vehicle 0.1462
1073 1688 1055 1682 1067 1645 1085 1651 small-vehicle 0.1195
256 1200 239 1193 255 1153 272 1160 small-vehicle 0.1125
1001 1660 986 1652 1002 1624 1017 1633 small-vehicle 0.1115
399 1557 388 1548 406 1527 416 1537 small-vehicle 0.1098
190 1558 183 1544 218 1525 225 1539 small-vehicle 0.1054
983 1486 976 1470 1014 1454 1021 1471 small-vehicle 0.1032
370 1242 352 1236 364 1197 382 1203 small-vehicle 0.1019
832 1295 828 1272 932 1254 936 1278 large-vehicle 0.9907
258 553 244 536 320 472 335 489 large-vehicle 0.9907
630 1302 654 1298 673 1400 649 1405 large-vehicle 0.9895
713 1040 731 1025 792 1096 774 1112 large-vehicle 0.9869
285 566 272 549 353 483 367 500 large-vehicle 0.9862
361 587 349 571 428 508 441 524 large-vehicle 0.9840
766 358 790 356 800 454 777 456 large-vehicle 0.9834
239 519 225 502 296 445 310 461 large-vehicle 0.9829
303 48 328 46 337 156 312 158 large-vehicle 0.9813
566 1276 592 1273 605 1371 579 1374 large-vehicle 0.9783
663 1316 687 1312 703 1411 679 1415 large-vehicle 0.9764
378 611 364 594 440 532 454 549 large-vehicle 0.9749
499 1264 524 1260 537 1343 513 1347 large-vehicle 0.9595
341 566 328 550 412 477 426 493 large-vehicle 0.9586
411 630 397 612 480 545 494 562 large-vehicle 0.9370
890 1160 887 1137 982 1125 985 1148 large-vehicle 0.9366
1033 797 1027 769 1126 751 1131 778 large-vehicle 0.9276
898 1126 894 1103 995 1089 998 1112 large-vehicle 0.9272
663 313 688 311 699 420 674 423 large-vehicle 0.9155
559 273 582 272 590 375 568 377 large-vehicle 0.8387
629 304 651 301 663 399 640 402 large-vehicle 0.7937
956 929 953 904 1059 890 1062 915 large-vehicle 0.7559
462 246 485 243 496 338 474 341 large-vehicle 0.6762
953 993 951 967 1054 957 1057 982 large-vehicle 0.6504
267 461 254 445 336 379 349 395 large-vehicle 0.6329
107 1628 90 1619 114 1576 131 1585 large-vehicle 0.6074
-5 52 12 37 53 85 35 101 large-vehicle 0.4803
83 1731 99 1709 172 1763 156 1784 large-vehicle 0.2992
83 1761 97 1744 141 1782 127 1799 large-vehicle 0.2955
775 1358 795 1356 802 1446 782 1448 large-vehicle 0.2489
335 1065 342 1045 389 1061 383 1081 large-vehicle 0.2442
117 1711 130 1692 182 1726 169 1745 large-vehicle 0.1847
518 546 533 541 546 581 530 586 large-vehicle 0.1169
146 1692 157 1675 207 1707 196 1724 ship 0.2405
984 1537 973 1526 998 1502 1009 1514 ship 0.1833
