857 674 855 656 896 652 897 670 small-vehicle 0.9283
909 595 907 576 946 572 948 591 small-vehicle 0.9081
331 970 314 963 330 927 347 934 small-vehicle 0.8968
981 605 980 588 1022 584 1023 601 small-vehicle 0.8924
1055 157 1075 156 1077 194 1057 195 small-vehicle 0.8766
330 239 349 234 358 275 338 279 small-vehicle 0.8725
487 208 505 206 509 247 491 249 small-vehicle 0.8656
1389 394 1387 376 1425 372 1427 389 small-vehicle 0.8602
912 631 911 614 949 611 950 628 small-vehicle 0.8579
751 305 749 286 785 282 787 301 small-vehicle 0.8574
853 656 851 639 893 634 895 650 small-vehicle 0.8563
1269 615 1268 599 1305 597 1306 613 small-vehicle 0.8557
998 337 997 319 1035 315 1037 334 small-vehicle 0.8480
545 203 562 202 565 242 548 243 small-vehicle 0.8418
788 721 786 703 828 698 830 716 small-vehicle 0.8364
510 207 528 206 530 246 512 247 small-vehicle 0.8305
478 327 477 308 521 305 523 325 small-vehicle 0.8253
784 683 783 665 824 661 826 680 small-vehicle 0.8212
737 629 736 612 774 609 775 626 small-vehicle 0.8172
427 224 446 220 453 255 434 259 small-vehicle 0.8167
510 652 508 633 546 630 547 648 small-vehicle 0.8145
994 719 992 701 1031 697 1033 715 small-vehicle 0.8079
549 610 547 592 584 588 586 606 small-vehicle 0.8058
311 960 297 952 313 921 327 929 small-vehicle 0.8010
995 260 993 242 1028 237 1031 255 small-vehicle 0.7984
253 927 238 915 264 884 279 896 small-vehicle 0.7940
383 974 366 973 369 933 385 934 small-vehicle 0.7919
886 384 885 367 925 363 926 381 small-vehicle 0.7902
780 645 778 626 821 622 823 641 small-vehicle 0.7851
905 170 923 169 925 210 907 211 small-vehicle 0.7840
414 393 412 375 448 372 450 390 small-vehicle 0.7784
1081 463 1079 444 1122 440 1124 458 small-vehicle 0.7784
452 809 451 791 491 788 492 807 small-vehicle 0.7774
388 230 406 226 412 260 395 264 small-vehicle 0.7758
901 536 900 519 941 516 942 533 small-vehicle 0.7739
1244 370 1243 352 1283 349 1284 367 small-vehicle 0.7736
93 508 114 506 119 546 98 549 small-vehicle 0.7712
401 719 400 700 439 697 440 716 small-vehicle 0.7681
1138 495 1137 477 1180 475 1181 493 small-vehicle 0.7676
1162 721 1160 703 1200 700 1202 718 small-vehicle 0.7674
884 347 883 329 921 326 922 344 small-vehicle 0.7649
953 322 952 304 994 301 995 319 small-vehicle 0.7629
603 431 602 413 641 410 642 429 small-vehicle 0.7605
1129 378 1127 363 1166 359 1167 375 small-vehicle 0.7582
557 684 555 666 595 663 596 681 small-vehicle 0.7552
1237 733 1235 717 1277 712 1278 729 small-vehicle 0.7516
1230 658 1228 641 1270 638 1272 655 small-vehicle 0.7497
963 415 962 396 999 393 1001 412 small-vehicle 0.7486
418 871 416 852 455 849 457 868 small-vehicle 0.7481
1036 734 1034 717 1073 713 1075 730 small-vehicle 0.7425
774 182 791 181 793 221 776 222 small-vehicle 0.7424
975 549 973 532 1016 528 1018 545 small-vehicle 0.7420
1140 474 1138 456 1178 453 1179 471 small-vehicle 0.7404
410 814 408 797 449 792 451 809 small-vehicle 0.7399
630 677 628 660 664 657 666 674 small-vehicle 0.7395
1107 708 1106 691 1145 687 1146 705 small-vehicle 0.7329
960 359 958 342 995 339 997 355 small-vehicle 0.7322
293 366 291 346 332 343 334 363 small-vehicle 0.7297
953 301 952 283 990 281 991 299 small-vehicle 0.7284
293 952 279 945 295 915 309 922 small-vehicle 0.7283
656 525 654 506 693 500 696 519 small-vehicle 0.7280
450 773 448 755 486 751 488 769 small-vehicle 0.7269
525 365 523 347 562 341 565 359 small-vehicle 0.7265
191 345 177 329 207 302 221 317 small-vehicle 0.7200
463 215 481 211 487 246 469 249 small-vehicle 0.7178
207 756 205 738 245 734 247 752 small-vehicle 0.7178
772 551 770 534 808 530 810 547 small-vehicle 0.7169
1003 394 1002 375 1041 371 1043 390 small-vehicle 0.7168
916 688 915 670 955 666 956 684 small-vehicle 0.7164
847 580 845 561 888 557 889 576 small-vehicle 0.7162
983 624 982 608 1021 605 1022 621 small-vehicle 0.7146
221 890 219 871 258 867 260 885 small-vehicle 0.7123
859 713 857 695 899 690 901 709 small-vehicle 0.7121
749 761 748 744 790 740 791 757 small-vehicle 0.7100
615 564 614 546 656 544 657 561 small-vehicle 0.7099
288 729 286 710 320 707 321 726 small-vehicle 0.7094
1388 375 1386 356 1428 351 1431 370 small-vehicle 0.7032
942 168 960 167 961 203 943 204 small-vehicle 0.6999
515 727 514 709 557 707 558 725 small-vehicle 0.6984
670 675 669 657 706 653 708 671 small-vehicle 0.6967
601 196 620 195 623 235 605 236 small-vehicle 0.6967
919 705 917 688 956 685 957 702 small-vehicle 0.6959
1001 164 1017 163 1021 198 1005 199 small-vehicle 0.6949
1093 576 1091 558 1133 555 1134 573 small-vehicle 0.6932
1086 481 1085 462 1123 459 1124 478 small-vehicle 0.6819
645 410 643 392 681 388 683 406 small-vehicle 0.6806
449 752 448 734 485 731 487 749 small-vehicle 0.6797
418 433 415 413 454 408 456 428 small-vehicle 0.6789
902 518 901 499 937 497 939 515 small-vehicle 0.6786
995 758 994 740 1036 736 1038 754 small-vehicle 0.6780
973 529 972 512 1015 509 1016 525 small-vehicle 0.6772
777 607 775 588 814 584 816 603 small-vehicle 0.6763
666 637 664 620 703 616 704 633 small-vehicle 0.6712
637 333 635 316 674 312 675 329 small-vehicle 0.6701
784 663 782 646 820 643 822 660 small-vehicle 0.6682
734 610 733 592 772 589 773 607 small-vehicle 0.6671
753 343 751 323 791 319 793 339 small-vehicle 0.6659
557 932 577 931 578 972 559 972 small-vehicle 0.6626
1383 337 1382 318 1430 315 1431 334 small-vehicle 0.6583
1082 442 1081 424 1119 421 1121 439 small-vehicle 0.6541
1010 470 1008 451 1050 447 1052 466 small-vehicle 0.6509
720 441 718 422 758 418 760 437 small-vehicle 0.6436
662 561 660 542 698 539 700 557 small-vehicle 0.6407
604 393 601 375 633 371 636 389 small-vehicle 0.6389
763 473 762 456 803 453 805 470 small-vehicle 0.6375
1096 614 1095 595 1138 592 1140 611 small-vehicle 0.6357
762 455 761 438 802 434 804 452 small-vehicle 0.6356
332 763 331 744 370 741 371 760 small-vehicle 0.6346
387 161 386 143 425 139 427 157 small-vehicle 0.6328
1222 563 1221 547 1260 543 1262 559 small-vehicle 0.6311
886 365 884 349 922 346 923 362 small-vehicle 0.6307
719 188 737 188 738 227 720 227 small-vehicle 0.6298
1001 355 1000 337 1038 335 1039 352 small-vehicle 0.6295
674 713 672 695 711 691 713 710 small-vehicle 0.6280
599 930 616 930 617 966 601 967 small-vehicle 0.6278
1094 558 1092 539 1132 536 1133 554 small-vehicle 0.6236
1211 468 1209 450 1251 444 1253 463 small-vehicle 0.6220
627 659 625 642 663 638 664 655 small-vehicle 0.6214
641 369 639 352 674 349 675 366 small-vehicle 0.6208
992 701 990 683 1033 678 1035 696 small-vehicle 0.6180
533 880 531 863 570 859 571 876 small-vehicle 0.6175
794 182 812 181 814 218 796 219 small-vehicle 0.6152
622 601 621 585 656 581 658 597 small-vehicle 0.6144
1151 607 1149 590 1187 586 1189 603 small-vehicle 0.6110
1023 582 1021 564 1060 561 1062 579 small-vehicle 0.6103
593 335 592 318 631 315 633 333 small-vehicle 0.6092
1264 580 1262 563 1301 560 1303 577 small-vehicle 0.6091
572 876 571 859 613 857 614 873 small-vehicle 0.6082
1088 518 1087 500 1127 497 1128 515 small-vehicle 0.6077
556 666 554 649 589 645 591 663 small-vehicle 0.6055
682 787 680 769 716 766 718 784 small-vehicle 0.6054
645 390 643 373 679 369 681 387 small-vehicle 0.6046
504 592 503 574 545 571 546 590 small-vehicle 0.6034
1226 620 1225 603 1265 601 1266 617 small-vehicle 0.6024
1223 600 1222 583 1261 580 1263 597 small-vehicle 0.6022
202 718 200 700 239 697 241 715 small-vehicle 0.5995
557 705 555 687 597 683 599 701 small-vehicle 0.5984
1018 507 1016 490 1052 485 1054 503 small-vehicle 0.5982
744 685 742 667 779 663 781 681 small-vehicle 0.5970
663 597 662 581 701 578 702 594 small-vehicle 0.5961
1076 388 1075 371 1115 367 1116 385 small-vehicle 0.5929
1135 421 1133 403 1170 400 1172 418 small-vehicle 0.5917
1040 773 1038 756 1078 751 1080 769 small-vehicle 0.5914
344 877 343 861 382 858 383 874 small-vehicle 0.5903
755 358 754 341 790 338 791 355 small-vehicle 0.5896
983 165 998 165 999 199 984 199 small-vehicle 0.5887
572 837 570 819 609 815 611 833 small-vehicle 0.5879
1003 871 1022 869 1026 909 1008 911 small-vehicle 0.5878
950 282 950 266 992 264 993 280 small-vehicle 0.5864
1005 412 1004 394 1040 392 1042 410 small-vehicle 0.5857
982 588 980 572 1020 566 1022 582 small-vehicle 0.5853
866 770 865 753 905 749 907 766 small-vehicle 0.5847
295 824 293 805 336 802 338 820 small-vehicle 0.5845
560 723 558 706 598 702 600 718 small-vehicle 0.5839
1098 631 1096 615 1139 612 1140 628 small-vehicle 0.5819
724 515 723 498 764 494 766 512 small-vehicle 0.5808
1206 408 1205 390 1243 389 1244 407 small-vehicle 0.5781
962 377 960 361 996 358 997 374 small-vehicle 0.5780
516 689 514 671 550 668 552 686 small-vehicle 0.5748
672 693 671 675 710 672 711 690 small-vehicle 0.5726
1021 545 1019 526 1056 522 1058 541 small-vehicle 0.5702
638 772 636 754 675 751 677 768 small-vehicle 0.5695
220 871 217 851 258 846 261 865 small-vehicle 0.5661
888 405 886 387 929 383 931 402 small-vehicle 0.5653
1250 428 1249 409 1289 406 1291 425 small-vehicle 0.5651
1395 450 1393 434 1434 431 1435 447 small-vehicle 0.5609
895 462 893 444 933 440 935 458 small-vehicle 0.5604
894 443 892 425 929 421 931 439 small-vehicle 0.5604
821 295 820 277 860 274 862 292 small-vehicle 0.5592
759 416 757 399 796 396 797 413 small-vehicle 0.5574
1108 727 1107 710 1148 707 1149 724 small-vehicle 0.5574
619 930 636 930 637 963 620 963 small-vehicle 0.5571
406 756 405 739 444 736 445 753 small-vehicle 0.5569
669 655 667 638 707 634 709 651 small-vehicle 0.5562
508 613 507 596 544 593 545 611 small-vehicle 0.5558
716 384 714 365 750 362 752 381 small-vehicle 0.5533
706 307 705 288 747 285 748 304 small-vehicle 0.5483
1023 863 1044 861 1048 906 1028 908 small-vehicle 0.5480
408 774 407 756 446 754 447 772 small-vehicle 0.5474
421 488 419 469 459 465 461 484 small-vehicle 0.5455
1002 373 1001 356 1043 353 1044 370 small-vehicle 0.5438
422 507 421 489 460 487 461 505 small-vehicle 0.5369
1067 272 1066 253 1105 251 1105 270 small-vehicle 0.5366
185 561 185 543 226 541 226 559 small-vehicle 0.5359
532 439 530 420 570 416 572 435 small-vehicle 0.5313
1229 848 1251 845 1257 887 1235 890 small-vehicle 0.5296
1091 536 1091 519 1128 518 1128 535 small-vehicle 0.5288
832 176 850 176 851 215 833 215 small-vehicle 0.5284
710 326 709 308 744 305 746 323 small-vehicle 0.5278
257 259 275 257 279 291 261 293 small-vehicle 0.5254
271 942 256 931 279 901 294 912 small-vehicle 0.5228
848 542 846 524 882 520 884 538 small-vehicle 0.5194
1203 371 1202 354 1241 353 1242 369 small-vehicle 0.5143
618 581 617 565 655 562 656 578 small-vehicle 0.5116
491 132 489 115 524 111 526 128 small-vehicle 0.5105
726 497 724 480 764 476 765 493 small-vehicle 0.5094
483 366 482 348 521 346 522 363 small-vehicle 0.5072
536 477 534 458 571 454 573 473 small-vehicle 0.5038
825 334 823 316 862 313 864 331 small-vehicle 0.5028
609 487 607 469 647 466 648 484 small-vehicle 0.5003
831 370 829 352 868 349 869 366 small-vehicle 0.4994
608 448 607 432 641 430 642 446 small-vehicle 0.4983
926 765 924 747 961 744 963 761 small-vehicle 0.4923
1247 392 1246 374 1284 370 1286 388 small-vehicle 0.4915
680 750 678 732 711 729 712 747 small-vehicle 0.4885
1159 685 1157 667 1196 663 1198 681 small-vehicle 0.4872
657 921 676 920 679 956 661 958 small-vehicle 0.4871
1127 863 1143 862 1146 895 1130 896 small-vehicle 0.4860
995 299 994 280 1029 277 1031 296 small-vehicle 0.4844
738 590 736 573 769 569 771 587 small-vehicle 0.4830
574 855 572 839 612 834 614 850 small-vehicle 0.4827
537 496 535 478 576 473 578 491 small-vehicle 0.4808
777 588 775 570 815 566 817 584 small-vehicle 0.4793
986 644 984 627 1018 623 1020 641 small-vehicle 0.4786
728 535 727 517 769 513 771 531 small-vehicle 0.4758
1034 698 1032 680 1069 675 1071 694 small-vehicle 0.4755
760 397 758 380 793 376 794 394 small-vehicle 0.4750
680 192 697 192 698 228 681 229 small-vehicle 0.4733
545 553 543 534 580 531 582 549 small-vehicle 0.4683
972 492 970 474 1009 470 1011 488 small-vehicle 0.4678
301 861 300 844 338 840 340 857 small-vehicle 0.4676
526 803 525 784 562 781 563 799 small-vehicle 0.4665
454 790 453 773 486 770 488 787 small-vehicle 0.4598
517 933 538 933 539 974 518 974 small-vehicle 0.4595
1258 843 1277 841 1282 882 1264 884 small-vehicle 0.4587
952 264 950 246 991 242 993 261 small-vehicle 0.4576
548 628 547 612 590 609 591 625 small-vehicle 0.4571
1131 401 1129 383 1169 380 1171 397 small-vehicle 0.4566
997 738 996 721 1032 718 1034 735 small-vehicle 0.4562
1086 862 1103 862 1105 898 1088 899 small-vehicle 0.4547
766 493 765 476 804 472 806 489 small-vehicle 0.4531
653 483 651 466 691 463 692 480 small-vehicle 0.4519
821 314 820 296 861 293 863 311 small-vehicle 0.4492
852 635 851 618 893 616 894 633 small-vehicle 0.4487
978 569 976 553 1017 549 1019 565 small-vehicle 0.4456
1017 526 1016 510 1055 506 1056 523 small-vehicle 0.4449
413 832 412 817 455 814 456 829 small-vehicle 0.4417
1386 354 1386 336 1424 334 1425 352 small-vehicle 0.4393
541 516 539 499 577 494 579 511 small-vehicle 0.4375
634 715 633 698 669 695 670 712 small-vehicle 0.4335
913 652 911 633 951 629 953 648 small-vehicle 0.4334
876 271 874 252 916 248 918 267 small-vehicle 0.4330
684 806 682 790 719 786 721 803 small-vehicle 0.4300
581 936 598 935 600 968 584 969 small-vehicle 0.4295
1102 650 1101 632 1139 630 1141 648 small-vehicle 0.4293
618 623 616 603 656 599 658 618 small-vehicle 0.4291
1155 647 1154 629 1194 627 1195 644 small-vehicle 0.4250
565 202 582 201 583 238 566 239 small-vehicle 0.4245
1019 158 1040 155 1044 191 1023 193 small-vehicle 0.4211
1393 432 1392 414 1435 411 1436 428 small-vehicle 0.4182
1077 407 1076 390 1117 386 1119 402 small-vehicle 0.4127
419 890 417 873 456 870 457 886 small-vehicle 0.4124
461 866 459 849 493 846 494 863 small-vehicle 0.4121
461 887 459 869 499 866 501 884 small-vehicle 0.4118
1266 559 1265 543 1300 539 1301 555 small-vehicle 0.4110
566 763 564 745 602 741 603 759 small-vehicle 0.4059
611 508 610 488 648 485 650 504 small-vehicle 0.4054
724 477 723 460 759 457 761 474 small-vehicle 0.3977
1073 368 1071 351 1113 347 1114 365 small-vehicle 0.3944
1073 330 1071 311 1107 308 1109 326 small-vehicle 0.3891
883 176 900 174 903 207 887 209 small-vehicle 0.3879
880 293 878 274 919 270 921 288 small-vehicle 0.3877
462 931 482 930 484 974 464 974 small-vehicle 0.3852
1110 747 1108 729 1150 726 1151 744 small-vehicle 0.3845
443 934 459 934 459 971 443 972 small-vehicle 0.3808
642 199 658 198 659 232 643 232 small-vehicle 0.3788
445 696 444 678 482 675 484 693 small-vehicle 0.3729
519 745 518 729 558 727 559 743 small-vehicle 0.3686
403 737 401 721 438 718 439 735 small-vehicle 0.3630
908 576 906 557 945 553 947 572 small-vehicle 0.3627
988 663 986 646 1025 642 1027 660 small-vehicle 0.3575
962 170 979 169 980 201 964 202 small-vehicle 0.3533
170 378 169 361 206 360 207 376 small-vehicle 0.3480
1396 471 1395 453 1436 450 1437 467 small-vehicle 0.3468
1148 534 1146 517 1178 513 1180 530 small-vehicle 0.3443
628 696 626 679 668 676 669 693 small-vehicle 0.3404
851 617 849 600 893 596 894 613 small-vehicle 0.3390
1167 780 1165 763 1206 758 1208 775 small-vehicle 0.3382
529 839 528 823 564 821 565 837 small-vehicle 0.3382
563 742 562 725 595 722 597 739 small-vehicle 0.3330
1077 156 1096 154 1099 191 1080 192 small-vehicle 0.3300
460 849 458 831 494 827 496 845 small-vehicle 0.3273
832 388 831 371 869 368 870 386 small-vehicle 0.3259
998 778 996 761 1040 756 1042 774 small-vehicle 0.3246
1111 764 1109 747 1152 744 1153 761 small-vehicle 0.3103
1104 689 1102 672 1142 669 1144 685 small-vehicle 0.3020
865 732 863 715 902 711 904 728 small-vehicle 0.3009
1216 504 1215 488 1252 486 1253 502 small-vehicle 0.2968
828 350 827 335 864 332 865 347 small-vehicle 0.2951
834 447 832 429 872 426 874 443 small-vehicle 0.2851
921 725 920 709 958 706 959 723 small-vehicle 0.2784
534 859 533 842 569 839 570 856 small-vehicle 0.2776
1144 854 1166 851 1172 894 1151 898 small-vehicle 0.2753
842 503 841 485 878 483 879 501 small-vehicle 0.2667
1385 320 1384 301 1428 297 1430 315 small-vehicle 0.2543
524 765 522 749 559 745 561 761 small-vehicle 0.2348
851 601 849 583 891 579 893 596 small-vehicle 0.2343
500 539 498 519 540 515 542 535 small-vehicle 0.1962
1057 189 1042 189 1042 159 1057 159 small-vehicle 0.1928
1100 670 1099 652 1141 649 1142 667 small-vehicle 0.1650
851 174 867 174 868 205 852 205 small-vehicle 0.1640
779 626 778 610 819 607 820 623 small-vehicle 0.1609
745 724 744 706 792 702 794 720 small-vehicle 0.1600
837 484 836 468 882 465 883 481 small-vehicle 0.1356
836 466 834 449 875 445 877 462 small-vehicle 0.1237
363 339 362 321 409 318 410 335 small-vehicle 0.1177
919 170 942 168 945 203 923 205 small-vehicle 0.1139
980 873 998 871 1003 910 985 912 small-vehicle 0.1012
1232 1037 1227 1013 1317 995 1322 1020 large-vehicle 0.8612
1072 348 1071 333 1110 330 1111 344 large-vehicle 0.5789
1384 335 1383 317 1433 315 1434 333 large-vehicle 0.2580
853 636 852 619 893 616 894 633 large-vehicle 0.2323
295 824 294 805 335 802 336 822 large-vehicle 0.1272
1100 670 1099 652 1141 649 1142 667 ship 0.1100
