79 414 85 405 101 417 95 426 small-vehicle 0.8974
85 404 90 397 105 409 99 416 small-vehicle 0.8390
3 13 5 4 29 10 27 19 small-vehicle 0.7358
88 391 95 384 110 400 104 407 small-vehicle 0.4612
97 282 107 273 139 306 129 315 large-vehicle 0.9848
114 340 124 332 156 367 147 376 large-vehicle 0.9846
170 280 179 271 211 306 202 315 large-vehicle 0.9826
178 246 187 238 219 274 210 281 large-vehicle 0.9820
135 242 144 234 176 268 167 276 large-vehicle 0.9775
178 267 187 259 220 298 210 306 large-vehicle 0.9770
159 287 168 279 200 314 190 322 large-vehicle 0.9763
119 326 129 318 163 354 153 363 large-vehicle 0.9703
89 373 99 364 132 402 122 411 large-vehicle 0.9693
146 292 156 284 180 316 170 324 large-vehicle 0.9677
106 352 115 343 147 380 138 388 large-vehicle 0.9555
107 268 117 259 147 296 138 304 large-vehicle 0.9471
143 226 152 218 187 258 178 266 large-vehicle 0.9213
330 422 322 411 380 366 389 377 large-vehicle 0.8821
184 391 176 381 215 351 223 361 large-vehicle 0.8746
58 332 69 325 96 365 86 372 large-vehicle 0.8641
226 359 218 349 256 321 263 331 large-vehicle 0.8180
53 375 60 363 85 378 78 390 large-vehicle 0.2058
172 78 292 73 299 246 179 251 roundabout 0.1651
