198 417 177 410 193 364 214 372 small-vehicle 0.9528
1187 205 1173 198 1187 167 1201 173 small-vehicle 0.7811
1206 210 1190 205 1201 173 1216 178 small-vehicle 0.7391
1242 224 1228 220 1238 185 1252 189 small-vehicle 0.6770
1259 227 1244 221 1254 193 1269 199 small-vehicle 0.6648
26 927 10 921 22 889 38 895 small-vehicle 0.5845
1223 178 1227 162 1259 171 1254 187 small-vehicle 0.5509
1156 190 1141 185 1151 155 1166 161 small-vehicle 0.4745
612 98 595 96 598 62 615 63 small-vehicle 0.4583
1224 214 1210 210 1219 177 1234 181 small-vehicle 0.4541
1275 231 1261 228 1268 198 1282 201 small-vehicle 0.4451
1309 708 1293 704 1302 669 1318 674 small-vehicle 0.4257
1179 231 1194 228 1199 261 1183 263 small-vehicle 0.3966
47 984 31 978 42 947 58 952 small-vehicle 0.3835
41 1071 48 1056 81 1069 75 1085 small-vehicle 0.3514
1406 115 1407 97 1447 99 1447 117 small-vehicle 0.3197
124 665 98 655 122 592 148 601 small-vehicle 0.2967
191 591 172 585 187 537 207 543 small-vehicle 0.2821
1463 1256 1447 1250 1458 1220 1474 1226 small-vehicle 0.2643
188 476 172 472 181 437 197 441 small-vehicle 0.2583
1032 855 1009 846 1034 786 1057 795 small-vehicle 0.2219
164 494 148 488 160 460 175 466 small-vehicle 0.1930
1430 1283 1415 1278 1425 1246 1440 1251 small-vehicle 0.1903
1331 634 1315 626 1331 591 1347 598 small-vehicle 0.1883
1203 988 1188 983 1200 953 1215 959 small-vehicle 0.1838
105 1043 112 1028 144 1042 137 1058 small-vehicle 0.1705
270 832 277 812 348 840 340 860 large-vehicle 0.9925
965 570 983 564 1011 640 993 647 large-vehicle 0.9922
337 416 345 396 420 424 413 444 large-vehicle 0.9919
1207 320 1214 301 1283 328 1276 347 large-vehicle 0.9915
1213 299 1221 280 1289 307 1282 326 large-vehicle 0.9915
1196 338 1203 320 1272 347 1265 365 large-vehicle 0.9909
942 575 959 568 989 643 972 650 large-vehicle 0.9906
373 316 379 296 458 324 451 343 large-vehicle 0.9899
358 354 365 336 442 365 435 383 large-vehicle 0.9897
329 443 335 424 412 450 405 470 large-vehicle 0.9893
1032 417 1050 406 1090 475 1073 485 large-vehicle 0.9891
383 296 389 277 466 303 459 322 large-vehicle 0.9886
354 376 361 357 436 387 429 405 large-vehicle 0.9884
276 740 283 722 353 747 346 766 large-vehicle 0.9880
917 543 910 525 978 496 986 514 large-vehicle 0.9873
708 1165 689 1158 713 1087 732 1094 large-vehicle 0.9873
1015 482 1031 472 1069 540 1053 549 large-vehicle 0.9867
262 861 269 841 341 868 334 888 large-vehicle 0.9865
239 905 246 886 320 913 313 932 large-vehicle 0.9851
1134 269 1141 250 1213 278 1206 297 large-vehicle 0.9850
609 158 625 145 674 204 658 217 large-vehicle 0.9850
319 463 326 445 406 474 399 492 large-vehicle 0.9849
922 569 914 551 982 521 990 539 large-vehicle 0.9848
925 423 920 404 992 383 998 402 large-vehicle 0.9846
1116 347 1121 327 1192 346 1186 366 large-vehicle 0.9827
933 443 927 424 996 403 1002 422 large-vehicle 0.9824
622 142 640 127 688 189 670 203 large-vehicle 0.9816
909 604 926 597 957 668 940 675 large-vehicle 0.9813
926 594 942 586 975 656 959 664 large-vehicle 0.9792
967 229 948 228 952 149 972 150 large-vehicle 0.9790
1104 370 1109 350 1183 367 1178 387 large-vehicle 0.9783
367 337 373 319 448 348 442 365 large-vehicle 0.9777
389 268 396 248 467 274 460 294 large-vehicle 0.9774
771 1225 751 1219 776 1147 795 1154 large-vehicle 0.9771
576 257 592 243 641 300 625 314 large-vehicle 0.9768
880 667 896 656 939 719 923 730 large-vehicle 0.9767
1007 312 986 310 992 236 1013 237 large-vehicle 0.9767
276 811 284 793 353 823 346 841 large-vehicle 0.9758
586 233 601 220 649 277 634 290 large-vehicle 0.9743
255 884 264 865 332 894 324 914 large-vehicle 0.9737
832 882 812 874 839 801 859 809 large-vehicle 0.9731
980 556 998 548 1029 617 1011 625 large-vehicle 0.9730
285 720 292 702 362 729 355 747 large-vehicle 0.9729
1117 314 1124 294 1194 319 1187 339 large-vehicle 0.9722
308 522 316 502 390 530 383 550 large-vehicle 0.9721
1180 382 1187 362 1260 389 1253 409 large-vehicle 0.9710
292 702 299 684 368 711 361 729 large-vehicle 0.9709
1015 434 1031 423 1071 486 1055 496 large-vehicle 0.9701
888 613 906 605 938 678 920 686 large-vehicle 0.9693
811 555 791 547 817 476 837 483 large-vehicle 0.9690
994 529 1011 522 1043 591 1026 599 large-vehicle 0.9686
253 944 259 922 333 940 328 961 large-vehicle 0.9673
1013 230 994 229 998 154 1017 155 large-vehicle 0.9658
1002 501 1020 493 1055 568 1038 576 large-vehicle 0.9647
931 494 923 475 993 447 1001 467 large-vehicle 0.9631
593 207 609 194 654 249 638 263 large-vehicle 0.9626
1035 234 1016 233 1021 157 1040 158 large-vehicle 0.9564
988 231 969 230 976 151 994 153 large-vehicle 0.9561
854 295 830 293 842 164 866 166 large-vehicle 0.9551
1158 410 1165 388 1239 411 1232 433 large-vehicle 0.9539
1028 311 1006 308 1014 234 1035 236 large-vehicle 0.9517
760 1107 770 1088 840 1122 830 1141 large-vehicle 0.9517
604 188 620 175 668 233 653 246 large-vehicle 0.9500
658 383 659 361 746 366 745 388 large-vehicle 0.9478
266 760 273 741 347 768 339 787 large-vehicle 0.9470
728 1177 707 1169 734 1099 754 1107 large-vehicle 0.9463
564 281 581 266 631 323 614 337 large-vehicle 0.9445
896 909 878 901 906 832 925 840 large-vehicle 0.9412
748 1216 728 1208 754 1137 774 1144 large-vehicle 0.9335
830 560 812 552 841 481 860 489 large-vehicle 0.9319
992 82 993 58 1074 65 1073 88 large-vehicle 0.9279
281 561 289 542 362 570 354 590 large-vehicle 0.9264
391 728 371 723 391 650 411 655 large-vehicle 0.9248
946 234 925 233 929 155 950 157 large-vehicle 0.9074
868 73 870 51 946 57 945 79 large-vehicle 0.9047
874 899 854 890 884 821 903 830 large-vehicle 0.8932
124 666 99 657 123 590 148 599 large-vehicle 0.8817
915 916 896 908 925 838 943 845 large-vehicle 0.8811
511 962 518 942 592 969 584 989 large-vehicle 0.8696
815 1261 794 1254 820 1173 841 1180 large-vehicle 0.8658
591 991 599 971 671 1003 662 1023 large-vehicle 0.8492
507 484 514 465 569 487 562 506 large-vehicle 0.8482
641 1154 619 1147 644 1072 666 1079 large-vehicle 0.8476
295 681 302 662 379 688 373 707 large-vehicle 0.8187
515 467 523 448 576 469 568 487 large-vehicle 0.8045
500 510 508 489 563 509 556 529 large-vehicle 0.7835
301 664 308 644 384 672 377 692 large-vehicle 0.7568
312 635 320 614 394 644 386 664 large-vehicle 0.6987
834 1145 843 1124 916 1153 908 1174 large-vehicle 0.6760
169 909 175 888 253 912 246 933 large-vehicle 0.6558
293 540 300 520 373 546 366 565 large-vehicle 0.3934
642 713 651 689 734 720 725 745 large-vehicle 0.3036
191 591 172 585 187 537 207 543 large-vehicle 0.2802
101 845 75 835 101 764 127 773 large-vehicle 0.2493
585 616 591 597 665 624 659 643 large-vehicle 0.2291
848 984 829 977 855 903 875 910 large-vehicle 0.1647
