593 212 595 192 644 197 642 217 small-vehicle 0.8988
723 279 743 279 743 320 724 321 small-vehicle 0.8819
401 26 422 26 423 70 402 71 small-vehicle 0.8673
718 84 696 82 699 30 722 32 small-vehicle 0.8516
596 77 574 75 578 35 600 37 small-vehicle 0.7670
646 244 647 224 694 226 693 245 small-vehicle 0.6526
774 533 756 531 761 496 778 498 small-vehicle 0.3532
698 276 720 275 722 320 700 322 small-vehicle 0.1261
163 322 175 307 229 347 217 363 small-vehicle 0.1189
176 88 189 73 261 131 248 146 large-vehicle 0.9959
175 121 188 106 261 165 248 181 large-vehicle 0.9954
167 290 181 274 253 334 239 350 large-vehicle 0.9949
160 388 174 370 242 424 228 441 large-vehicle 0.9922
174 191 187 175 256 232 243 248 large-vehicle 0.9917
170 221 183 206 254 268 241 283 large-vehicle 0.9916
162 354 174 339 247 396 235 412 large-vehicle 0.9912
175 59 187 42 265 96 253 113 large-vehicle 0.9900
546 353 525 352 530 271 551 273 large-vehicle 0.9887
570 353 549 353 551 272 573 273 large-vehicle 0.9883
594 349 574 349 575 267 595 267 large-vehicle 0.9879
174 260 186 246 254 303 243 317 large-vehicle 0.9862
151 416 165 401 234 458 221 474 large-vehicle 0.9859
169 151 183 135 255 197 242 213 large-vehicle 0.9839
150 481 164 465 230 523 216 539 large-vehicle 0.9834
499 349 478 348 482 266 503 267 large-vehicle 0.9810
523 351 503 350 506 269 527 270 large-vehicle 0.9807
385 635 364 633 371 545 392 547 large-vehicle 0.9733
617 351 596 350 598 264 619 264 large-vehicle 0.9730
477 348 455 348 457 264 479 265 large-vehicle 0.9715
142 547 156 531 224 590 210 606 large-vehicle 0.9707
144 509 158 495 226 555 212 570 large-vehicle 0.9679
360 636 338 635 341 553 363 554 large-vehicle 0.9505
566 632 541 632 543 549 568 549 large-vehicle 0.9475
642 355 619 354 623 267 646 268 large-vehicle 0.9399
511 625 489 623 493 549 516 550 large-vehicle 0.9381
538 629 515 628 519 547 541 548 large-vehicle 0.9318
430 344 403 342 407 258 433 259 large-vehicle 0.9226
444 625 418 624 421 538 447 539 large-vehicle 0.9088
412 627 391 626 395 545 417 546 large-vehicle 0.9084
400 343 377 342 380 259 403 260 large-vehicle 0.8947
164 322 177 306 228 346 215 362 large-vehicle 0.8869
196 39 196 26 256 26 256 40 large-vehicle 0.7202
698 276 720 275 722 320 700 322 large-vehicle 0.5055
648 244 649 224 693 225 692 245 large-vehicle 0.4441
382 152 383 121 525 125 524 156 large-vehicle 0.3407
593 631 569 631 569 546 593 546 large-vehicle 0.2381
400 25 423 24 425 71 402 72 large-vehicle 0.2314
610 560 636 556 648 626 621 631 large-vehicle 0.2097
595 78 573 74 579 33 602 36 large-vehicle 0.1697
592 212 594 192 642 197 640 216 large-vehicle 0.1233
