651 178 642 177 644 154 654 156 small-vehicle 0.4845
488 276 478 274 480 251 491 252 small-vehicle 0.4244
336 440 336 427 375 428 375 441 small-vehicle 0.1545
863 235 863 224 884 224 884 234 small-vehicle 0.1310
718 279 737 279 737 325 718 325 small-vehicle 0.1114
267 539 267 527 308 526 308 538 large-vehicle 0.9907
267 526 267 514 307 513 308 525 large-vehicle 0.9891
268 435 268 424 308 423 308 435 large-vehicle 0.9875
266 552 266 540 306 539 306 550 large-vehicle 0.9868
379 452 379 442 418 442 418 452 large-vehicle 0.9862
336 492 336 481 376 479 377 491 large-vehicle 0.9858
268 487 267 475 307 474 307 486 large-vehicle 0.9858
381 403 381 392 420 391 420 402 large-vehicle 0.9849
266 577 266 566 307 564 307 576 large-vehicle 0.9849
266 500 266 488 306 487 306 499 large-vehicle 0.9847
269 422 269 410 309 410 309 422 large-vehicle 0.9846
336 467 336 455 374 454 374 466 large-vehicle 0.9837
382 427 382 415 419 415 419 427 large-vehicle 0.9828
381 415 381 404 420 403 420 414 large-vehicle 0.9803
269 398 269 386 309 385 309 396 large-vehicle 0.9803
269 448 269 436 307 436 307 448 large-vehicle 0.9799
382 441 382 429 419 428 419 441 large-vehicle 0.9796
267 513 267 501 307 500 307 512 large-vehicle 0.9785
380 465 380 453 418 453 418 465 large-vehicle 0.9785
381 390 380 380 419 379 419 389 large-vehicle 0.9770
271 371 271 360 310 360 310 371 large-vehicle 0.9765
378 491 378 479 418 479 418 491 large-vehicle 0.9763
336 429 336 417 377 415 377 427 large-vehicle 0.9743
336 530 336 518 379 518 379 529 large-vehicle 0.9711
465 549 466 536 508 539 507 552 large-vehicle 0.9705
333 554 333 543 412 542 412 554 large-vehicle 0.9700
270 385 270 373 309 372 310 384 large-vehicle 0.9697
338 391 337 380 379 380 379 391 large-vehicle 0.9693
379 503 379 492 417 491 417 502 large-vehicle 0.9675
380 477 380 465 417 465 417 477 large-vehicle 0.9668
337 403 337 392 377 391 378 403 large-vehicle 0.9661
380 379 380 367 419 366 420 378 large-vehicle 0.9654
466 496 466 483 509 484 509 497 large-vehicle 0.9651
336 479 335 466 375 465 375 479 large-vehicle 0.9646
270 410 270 398 308 397 309 409 large-vehicle 0.9636
379 367 379 356 419 354 419 366 large-vehicle 0.9612
378 586 378 573 423 576 423 589 large-vehicle 0.9601
469 402 469 390 509 390 509 402 large-vehicle 0.9589
378 528 378 517 416 516 416 527 large-vehicle 0.9561
465 509 466 497 508 499 508 512 large-vehicle 0.9553
267 565 266 552 306 551 307 564 large-vehicle 0.9548
336 416 336 404 377 403 377 415 large-vehicle 0.9542
468 346 470 333 511 338 509 350 large-vehicle 0.9536
337 377 338 365 379 368 378 380 large-vehicle 0.9532
336 517 336 504 374 503 375 516 large-vehicle 0.9529
335 453 335 441 376 441 376 454 large-vehicle 0.9525
469 375 469 363 509 363 509 375 large-vehicle 0.9507
336 504 336 492 375 492 375 504 large-vehicle 0.9507
378 516 378 505 416 504 416 516 large-vehicle 0.9488
338 366 338 355 380 356 379 367 large-vehicle 0.9486
470 361 470 349 511 350 510 362 large-vehicle 0.9404
271 359 271 347 310 347 310 359 large-vehicle 0.9397
265 591 265 578 307 576 307 589 large-vehicle 0.9386
465 523 466 510 508 513 507 525 large-vehicle 0.9383
337 441 337 428 378 428 378 441 large-vehicle 0.9372
270 345 271 333 311 335 311 347 large-vehicle 0.9190
270 334 270 321 311 322 310 335 large-vehicle 0.9146
266 474 267 462 307 463 307 474 large-vehicle 0.9135
795 283 809 283 810 326 797 326 large-vehicle 0.9113
336 542 336 530 415 528 416 541 large-vehicle 0.9083
366 105 366 91 449 92 449 106 large-vehicle 0.9000
363 569 362 557 403 552 404 565 large-vehicle 0.8992
721 281 735 281 736 324 722 324 large-vehicle 0.8979
811 284 824 284 824 327 812 327 large-vehicle 0.8973
264 246 277 246 278 286 264 286 large-vehicle 0.8972
468 388 469 375 510 376 510 389 large-vehicle 0.8942
466 535 466 523 507 526 507 538 large-vehicle 0.8934
766 284 779 284 780 326 767 326 large-vehicle 0.8779
466 428 466 416 511 417 510 429 large-vehicle 0.8734
468 441 469 429 509 429 509 442 large-vehicle 0.8692
289 243 301 243 302 286 290 286 large-vehicle 0.8617
464 563 465 550 507 555 505 568 large-vehicle 0.8505
442 524 455 523 455 563 442 563 large-vehicle 0.8468
340 355 340 342 420 342 420 354 large-vehicle 0.8321
736 284 751 283 751 325 737 325 large-vehicle 0.8053
823 283 838 283 839 327 824 327 large-vehicle 0.7985
781 285 794 285 796 326 783 327 large-vehicle 0.7945
465 457 465 443 509 443 509 457 large-vehicle 0.7882
469 335 469 322 510 322 510 335 large-vehicle 0.7720
264 288 250 288 250 247 264 247 large-vehicle 0.7430
466 414 466 403 511 404 510 416 large-vehicle 0.6901
288 286 276 286 277 244 289 244 large-vehicle 0.6296
267 460 267 448 307 451 307 462 large-vehicle 0.6198
388 288 377 287 379 248 390 248 large-vehicle 0.6157
323 287 312 286 316 244 327 245 large-vehicle 0.5622
401 289 388 288 391 250 403 250 large-vehicle 0.4984
435 559 421 559 421 517 435 517 large-vehicle 0.4347
299 246 313 245 316 283 302 284 large-vehicle 0.2137
857 328 841 328 842 264 858 264 large-vehicle 0.1868
