984 998 1000 987 1024 1022 1009 1033 small-vehicle 0.9326
1101 601 1116 591 1137 622 1122 632 small-vehicle 0.9257
788 1135 802 1124 826 1157 811 1167 small-vehicle 0.9234
1056 1297 1072 1285 1101 1323 1085 1335 small-vehicle 0.9228
433 614 451 603 475 641 458 652 small-vehicle 0.9225
464 1050 478 1035 515 1071 501 1086 small-vehicle 0.9210
496 1021 514 1010 539 1052 521 1063 small-vehicle 0.9192
905 637 921 627 943 663 928 672 small-vehicle 0.9160
770 1146 785 1136 810 1174 795 1184 small-vehicle 0.9082
1110 1079 1125 1068 1152 1103 1137 1114 small-vehicle 0.9046
319 693 335 683 356 719 339 729 small-vehicle 0.8939
1098 231 1085 215 1119 189 1132 205 small-vehicle 0.8924
874 597 888 587 913 619 899 630 small-vehicle 0.8915
315 453 302 435 339 408 352 426 small-vehicle 0.8909
1106 1257 1122 1245 1148 1278 1133 1291 small-vehicle 0.8900
1145 628 1160 619 1185 656 1170 666 small-vehicle 0.8885
934 1262 950 1251 971 1283 956 1293 small-vehicle 0.8811
528 998 543 987 570 1026 554 1037 small-vehicle 0.8788
805 1127 819 1116 844 1147 831 1158 small-vehicle 0.8759
265 462 252 447 288 416 301 431 small-vehicle 0.8756
970 1354 985 1343 1010 1375 995 1386 small-vehicle 0.8744
558 865 572 855 596 888 582 898 small-vehicle 0.8736
1086 1441 1102 1430 1129 1471 1112 1482 small-vehicle 0.8676
1175 1211 1193 1200 1216 1237 1198 1248 small-vehicle 0.8653
1271 658 1286 648 1313 688 1297 698 small-vehicle 0.8640
1236 688 1250 679 1271 710 1256 720 small-vehicle 0.8628
672 960 688 948 716 985 699 997 small-vehicle 0.8612
1092 1272 1107 1261 1131 1295 1116 1305 small-vehicle 0.8592
481 229 468 213 506 183 518 199 small-vehicle 0.8576
882 1129 897 1119 921 1155 907 1165 small-vehicle 0.8572
609 1009 624 998 646 1031 631 1041 small-vehicle 0.8561
549 709 564 699 588 733 573 743 small-vehicle 0.8526
402 387 390 372 425 343 437 358 small-vehicle 0.8503
450 378 440 363 476 338 486 354 small-vehicle 0.8454
739 1170 753 1159 780 1194 766 1205 small-vehicle 0.8436
784 540 800 529 827 569 811 580 small-vehicle 0.8410
632 1107 647 1096 673 1131 658 1142 small-vehicle 0.8404
720 882 734 872 756 904 743 914 small-vehicle 0.8371
1032 1026 1048 1015 1072 1051 1056 1062 small-vehicle 0.8344
858 610 872 600 897 632 884 643 small-vehicle 0.8327
898 1404 914 1391 943 1428 926 1441 small-vehicle 0.8325
941 1202 958 1190 984 1226 967 1238 small-vehicle 0.8318
497 743 513 733 540 773 524 783 small-vehicle 0.8297
467 872 485 860 510 897 492 909 small-vehicle 0.8264
942 262 957 251 982 286 967 297 small-vehicle 0.8261
525 886 540 876 565 913 550 923 small-vehicle 0.8247
725 1184 738 1175 759 1205 746 1214 small-vehicle 0.8243
1135 581 1152 569 1177 605 1161 617 small-vehicle 0.8212
1146 882 1161 872 1184 907 1169 917 small-vehicle 0.8188
579 969 595 959 621 997 605 1008 small-vehicle 0.8170
1140 1240 1155 1229 1182 1266 1167 1277 small-vehicle 0.8123
1100 779 1116 768 1142 807 1125 818 small-vehicle 0.8111
1255 1328 1272 1316 1298 1352 1281 1364 small-vehicle 0.8062
552 817 566 807 589 842 575 851 small-vehicle 0.8029
902 1054 919 1042 945 1080 929 1091 small-vehicle 0.8029
1303 1353 1318 1342 1342 1375 1327 1386 small-vehicle 0.7987
287 723 302 711 325 741 311 752 small-vehicle 0.7978
506 675 523 665 546 704 528 714 small-vehicle 0.7938
1065 514 1080 502 1105 536 1090 547 small-vehicle 0.7926
408 756 422 745 448 777 434 788 small-vehicle 0.7912
1185 1264 1199 1254 1223 1291 1208 1300 small-vehicle 0.7909
1039 1196 1054 1187 1075 1219 1060 1229 small-vehicle 0.7907
823 1116 837 1106 862 1138 848 1149 small-vehicle 0.7871
563 340 550 326 582 296 595 310 small-vehicle 0.7838
366 949 381 937 410 974 394 986 small-vehicle 0.7828
1198 1196 1215 1186 1237 1221 1220 1231 small-vehicle 0.7827
997 1173 1013 1163 1033 1194 1017 1205 small-vehicle 0.7792
614 837 627 827 649 856 636 866 small-vehicle 0.7785
861 1261 876 1252 899 1289 884 1299 small-vehicle 0.7762
888 472 902 463 923 494 909 504 small-vehicle 0.7727
583 685 597 675 622 709 608 719 small-vehicle 0.7719
773 378 788 368 810 399 796 410 small-vehicle 0.7717
1255 681 1269 671 1290 702 1276 712 small-vehicle 0.7707
702 891 717 881 738 913 724 923 small-vehicle 0.7698
603 962 618 952 643 988 627 998 small-vehicle 0.7646
914 577 929 568 948 599 934 608 small-vehicle 0.7641
1106 249 1095 234 1129 208 1140 222 small-vehicle 0.7640
846 1280 860 1269 882 1301 868 1311 small-vehicle 0.7615
1529 745 1545 734 1572 772 1556 783 small-vehicle 0.7549
1093 1094 1109 1084 1132 1119 1115 1130 small-vehicle 0.7545
529 291 518 276 546 257 557 271 small-vehicle 0.7538
273 402 262 387 295 362 306 377 small-vehicle 0.7530
1130 641 1143 632 1166 665 1153 674 small-vehicle 0.7529
1026 1145 1042 1134 1064 1169 1048 1179 small-vehicle 0.7508
248 740 264 730 287 767 271 777 small-vehicle 0.7499
956 1365 971 1355 992 1385 977 1395 small-vehicle 0.7492
329 480 315 461 354 431 368 450 small-vehicle 0.7486
1196 702 1214 690 1240 728 1222 740 small-vehicle 0.7478
629 821 643 811 668 844 653 855 small-vehicle 0.7455
1037 364 1053 353 1079 392 1063 403 small-vehicle 0.7431
413 977 428 967 450 999 435 1009 small-vehicle 0.7412
590 801 604 792 627 825 612 835 small-vehicle 0.7407
973 591 987 582 1008 612 993 622 small-vehicle 0.7404
1078 1286 1093 1276 1116 1309 1101 1319 small-vehicle 0.7384
1203 1251 1220 1241 1243 1280 1226 1290 small-vehicle 0.7383
953 1542 969 1531 995 1565 979 1577 small-vehicle 0.7358
892 1241 906 1230 930 1261 917 1272 small-vehicle 0.7352
1053 639 1069 628 1093 664 1076 675 small-vehicle 0.7343
582 859 596 850 617 881 603 890 small-vehicle 0.7342
726 928 742 917 766 951 750 962 small-vehicle 0.7320
909 1227 923 1216 947 1248 932 1259 small-vehicle 0.7307
508 1083 523 1072 546 1104 531 1115 small-vehicle 0.7294
1157 1223 1172 1213 1193 1246 1178 1256 small-vehicle 0.7287
1134 759 1151 748 1179 788 1162 799 small-vehicle 0.7274
663 910 677 900 702 935 688 945 small-vehicle 0.7236
969 694 986 683 1010 719 993 730 small-vehicle 0.7212
550 318 538 305 567 281 578 294 small-vehicle 0.7202
978 1181 993 1171 1014 1203 999 1213 small-vehicle 0.7197
698 422 714 410 740 446 724 458 small-vehicle 0.7189
989 579 1004 569 1026 601 1010 611 small-vehicle 0.7179
822 517 837 507 860 541 844 551 small-vehicle 0.7162
1179 861 1193 850 1217 883 1204 893 small-vehicle 0.7159
638 979 653 969 679 1008 664 1018 small-vehicle 0.7133
990 1342 1005 1333 1026 1365 1012 1375 small-vehicle 0.7110
934 430 949 421 973 459 958 468 small-vehicle 0.7084
902 458 919 448 942 484 926 495 small-vehicle 0.7076
351 494 341 480 372 457 382 471 small-vehicle 0.7073
1052 528 1068 518 1091 555 1075 565 small-vehicle 0.7068
1038 654 1051 644 1076 677 1062 687 small-vehicle 0.7059
683 1075 696 1066 717 1096 704 1105 small-vehicle 0.7052
1075 1109 1089 1098 1112 1130 1098 1141 small-vehicle 0.7052
790 1308 806 1296 833 1333 817 1344 small-vehicle 0.7006
877 1252 891 1242 916 1279 902 1289 small-vehicle 0.7003
544 875 559 864 583 898 568 909 small-vehicle 0.6991
1004 986 1018 977 1040 1010 1026 1019 small-vehicle 0.6980
1096 1329 1111 1317 1138 1349 1123 1362 small-vehicle 0.6954
519 271 508 258 537 235 548 248 small-vehicle 0.6945
659 975 672 965 696 997 683 1007 small-vehicle 0.6926
684 903 698 893 721 925 707 935 small-vehicle 0.6904
917 1108 935 1098 955 1131 937 1142 small-vehicle 0.6859
798 480 811 470 832 500 819 509 small-vehicle 0.6842
1176 1393 1191 1383 1211 1416 1196 1425 small-vehicle 0.6832
1164 873 1178 863 1200 893 1186 903 small-vehicle 0.6823
1158 568 1172 558 1193 590 1178 599 small-vehicle 0.6782
511 460 502 445 534 426 543 440 small-vehicle 0.6739
829 455 844 445 866 479 850 489 small-vehicle 0.6719
729 1033 745 1023 768 1058 751 1069 small-vehicle 0.6674
1049 704 1065 694 1087 726 1071 737 small-vehicle 0.6652
648 1091 662 1080 689 1114 674 1125 small-vehicle 0.6614
974 1527 990 1515 1018 1551 1001 1563 small-vehicle 0.6594
952 1020 967 1010 988 1041 973 1051 small-vehicle 0.6588
399 633 416 621 442 658 425 670 small-vehicle 0.6583
402 920 417 910 441 946 425 956 small-vehicle 0.6583
535 827 550 817 573 854 558 863 small-vehicle 0.6512
979 749 995 739 1015 769 999 780 small-vehicle 0.6482
1023 1209 1035 1200 1053 1225 1041 1234 small-vehicle 0.6452
986 1230 1000 1220 1024 1252 1010 1262 small-vehicle 0.6431
1437 812 1453 802 1476 837 1460 847 small-vehicle 0.6419
501 441 489 426 523 397 536 413 small-vehicle 0.6419
809 356 824 346 844 378 830 387 small-vehicle 0.6417
1052 1015 1065 1006 1088 1038 1076 1047 small-vehicle 0.6403
1008 1331 1021 1322 1044 1355 1032 1364 small-vehicle 0.6391
1106 493 1120 485 1139 517 1125 526 small-vehicle 0.6381
1087 503 1103 494 1125 530 1109 540 small-vehicle 0.6368
1023 1319 1039 1308 1061 1341 1045 1352 small-vehicle 0.6341
1037 543 1051 533 1072 564 1058 573 small-vehicle 0.6322
1287 643 1304 631 1330 670 1313 681 small-vehicle 0.6309
439 728 455 717 478 751 462 762 small-vehicle 0.6300
972 1010 986 1001 1008 1033 994 1042 small-vehicle 0.6276
441 430 430 416 461 393 472 407 small-vehicle 0.6275
436 171 423 157 454 130 466 144 small-vehicle 0.6271
701 1062 714 1053 736 1086 722 1095 small-vehicle 0.6219
651 746 665 736 691 771 676 781 small-vehicle 0.6207
1014 724 1032 713 1054 749 1036 760 small-vehicle 0.6152
1367 625 1356 611 1388 585 1399 598 small-vehicle 0.6139
1113 432 1127 422 1149 453 1135 463 small-vehicle 0.6126
839 1105 852 1095 877 1125 865 1136 small-vehicle 0.6126
938 1376 952 1366 973 1395 959 1405 small-vehicle 0.6108
938 1561 952 1551 976 1584 961 1594 small-vehicle 0.6105
447 452 436 438 467 415 478 429 small-vehicle 0.6099
1022 665 1037 655 1059 687 1045 697 small-vehicle 0.6067
712 941 726 930 749 960 735 971 small-vehicle 0.6055
758 1162 772 1151 795 1183 781 1193 small-vehicle 0.6050
89 1153 71 1149 82 1107 99 1111 small-vehicle 0.6044
665 798 680 788 700 820 685 829 small-vehicle 0.6015
1095 445 1109 436 1129 468 1115 477 small-vehicle 0.5965
895 588 908 579 931 610 917 619 small-vehicle 0.5942
558 648 574 638 592 668 576 677 small-vehicle 0.5923
486 577 503 567 524 602 508 612 small-vehicle 0.5903
779 493 794 483 816 516 801 527 small-vehicle 0.5900
883 1417 899 1407 924 1447 908 1457 small-vehicle 0.5893
1226 1237 1241 1226 1265 1261 1250 1272 small-vehicle 0.5890
929 1220 945 1210 965 1239 950 1249 small-vehicle 0.5868
839 619 852 609 877 643 864 653 small-vehicle 0.5801
951 419 966 410 988 444 973 453 small-vehicle 0.5780
1152 1289 1166 1279 1187 1310 1173 1320 small-vehicle 0.5757
1067 805 1083 794 1107 829 1091 839 small-vehicle 0.5757
1105 1148 1120 1139 1141 1172 1127 1181 small-vehicle 0.5751
625 777 639 767 660 799 646 808 small-vehicle 0.5730
1098 668 1112 659 1132 690 1118 699 small-vehicle 0.5694
748 1225 762 1215 786 1246 772 1257 small-vehicle 0.5672
480 400 470 387 497 367 507 380 small-vehicle 0.5668
596 843 612 834 634 871 618 880 small-vehicle 0.5667
1055 347 1069 338 1090 370 1075 379 small-vehicle 0.5614
67 1149 49 1148 50 1110 68 1111 small-vehicle 0.5608
1167 617 1182 606 1206 640 1191 651 small-vehicle 0.5576
223 756 240 744 266 781 249 793 small-vehicle 0.5563
1549 732 1563 723 1588 760 1575 769 small-vehicle 0.5549
517 555 534 544 557 579 541 590 small-vehicle 0.5461
1137 470 1150 460 1176 493 1163 503 small-vehicle 0.5416
1233 1407 1248 1396 1272 1428 1258 1439 small-vehicle 0.5409
871 483 885 474 904 506 890 514 small-vehicle 0.5407
1012 507 1025 497 1047 529 1033 538 small-vehicle 0.5330
852 1154 865 1145 885 1173 871 1182 small-vehicle 0.5312
1353 607 1341 592 1377 563 1389 578 small-vehicle 0.5311
976 238 991 227 1015 262 1001 272 small-vehicle 0.5302
1566 716 1582 707 1603 743 1587 752 small-vehicle 0.5265
853 1090 868 1079 891 1110 876 1121 small-vehicle 0.5259
862 657 876 647 905 685 891 696 small-vehicle 0.5255
1163 730 1179 720 1205 759 1189 770 small-vehicle 0.5249
1086 209 1076 194 1108 170 1119 185 small-vehicle 0.5218
1224 1354 1239 1344 1258 1375 1243 1385 small-vehicle 0.5217
1198 593 1215 583 1237 622 1221 632 small-vehicle 0.5179
900 1119 914 1108 936 1138 921 1149 small-vehicle 0.5170
946 371 958 363 976 387 964 396 small-vehicle 0.5156
498 242 486 227 515 204 527 218 small-vehicle 0.5148
785 1197 800 1186 823 1218 808 1229 small-vehicle 0.5069
854 1438 868 1428 889 1459 875 1469 small-vehicle 0.5035
1199 846 1215 836 1238 872 1222 882 small-vehicle 0.5006
1004 1213 1018 1204 1038 1234 1024 1243 small-vehicle 0.4966
558 1041 571 1031 591 1059 578 1069 small-vehicle 0.4959
946 552 959 543 981 575 968 584 small-vehicle 0.4950
715 1049 729 1040 749 1070 735 1079 small-vehicle 0.4942
858 496 872 487 890 518 876 526 small-vehicle 0.4940
406 164 390 143 437 107 453 128 small-vehicle 0.4918
816 467 830 458 850 490 836 499 small-vehicle 0.4918
451 1067 466 1056 493 1092 477 1104 small-vehicle 0.4894
977 351 992 340 1016 373 1001 384 small-vehicle 0.4887
1072 1173 1085 1164 1107 1194 1094 1203 small-vehicle 0.4864
534 719 547 710 569 743 556 751 small-vehicle 0.4808
1061 469 1077 460 1096 489 1081 499 small-vehicle 0.4762
1091 1160 1104 1151 1125 1184 1111 1193 small-vehicle 0.4759
958 246 971 236 995 269 982 279 small-vehicle 0.4741
269 732 283 723 306 759 293 768 small-vehicle 0.4736
467 591 483 580 506 614 491 625 small-vehicle 0.4700
512 730 526 719 554 756 541 766 small-vehicle 0.4680
668 1083 680 1075 701 1106 689 1114 small-vehicle 0.4652
1005 390 1022 379 1043 411 1026 422 small-vehicle 0.4625
1024 976 1039 967 1059 999 1044 1008 small-vehicle 0.4602
1050 820 1064 810 1089 845 1075 855 small-vehicle 0.4600
1186 723 1201 713 1223 747 1208 757 small-vehicle 0.4593
829 1288 844 1279 865 1310 851 1320 small-vehicle 0.4526
962 360 975 351 994 379 981 387 small-vehicle 0.4492
1118 264 1108 250 1143 227 1152 241 small-vehicle 0.4472
1125 1136 1138 1126 1158 1154 1145 1164 small-vehicle 0.4468
421 321 409 306 439 284 451 299 small-vehicle 0.4419
1057 1471 1073 1461 1094 1493 1078 1503 small-vehicle 0.4393
856 317 872 307 896 343 880 353 small-vehicle 0.4379
972 409 987 401 1006 433 991 442 small-vehicle 0.4313
1126 892 1142 881 1167 917 1151 928 small-vehicle 0.4242
1115 1431 1130 1420 1152 1450 1137 1461 small-vehicle 0.4173
1032 316 1048 307 1066 337 1050 346 small-vehicle 0.4070
928 384 943 374 963 407 948 416 small-vehicle 0.3906
1188 368 1176 351 1213 324 1225 340 small-vehicle 0.3889
724 412 738 402 760 434 746 443 small-vehicle 0.3847
499 565 513 555 539 592 525 601 small-vehicle 0.3819
1216 580 1232 569 1257 603 1241 614 small-vehicle 0.3787
866 1141 878 1131 899 1157 887 1167 small-vehicle 0.3754
907 288 922 277 946 310 931 321 small-vehicle 0.3700
1329 1636 1340 1623 1369 1647 1357 1661 small-vehicle 0.3659
961 541 976 531 997 560 982 571 small-vehicle 0.3658
583 363 572 349 604 324 615 338 small-vehicle 0.3546
825 340 838 330 857 356 844 366 small-vehicle 0.3530
1285 139 1303 128 1327 168 1309 179 small-vehicle 0.3525
850 1319 865 1310 886 1342 871 1351 small-vehicle 0.3502
1071 194 1058 177 1093 150 1106 166 small-vehicle 0.3336
797 1358 813 1350 829 1380 813 1389 small-vehicle 0.3024
768 1018 782 1009 802 1040 788 1049 small-vehicle 0.3005
1265 1382 1279 1372 1302 1403 1288 1413 small-vehicle 0.2897
759 385 771 376 791 406 778 415 small-vehicle 0.2873
491 1092 503 1083 526 1113 514 1122 small-vehicle 0.2820
994 222 1008 211 1035 245 1021 256 small-vehicle 0.2681
739 868 753 859 772 888 758 897 small-vehicle 0.2616
1410 1570 1423 1561 1442 1591 1429 1599 small-vehicle 0.2363
684 1208 702 1194 738 1240 721 1254 small-vehicle 0.2306
1106 908 1121 897 1148 934 1133 944 small-vehicle 0.2092
566 695 579 686 602 722 589 730 small-vehicle 0.1460
930 757 950 744 982 793 963 806 small-vehicle 0.1108
371 155 357 137 420 87 434 105 large-vehicle 0.9702
632 492 656 476 753 619 730 635 large-vehicle 0.9282
1302 1046 1285 1021 1428 920 1445 944 large-vehicle 0.6249
532 540 544 531 573 571 561 579 large-vehicle 0.5772
1293 1305 1307 1296 1358 1371 1344 1381 large-vehicle 0.2830
919 1565 934 1555 987 1629 972 1640 large-vehicle 0.2608
1549 732 1563 723 1588 760 1575 769 large-vehicle 0.2400
406 164 390 143 437 107 453 128 large-vehicle 0.2086
839 1449 854 1438 905 1512 889 1522 large-vehicle 0.1988
861 656 876 645 905 685 890 696 large-vehicle 0.1976
1129 1074 1144 1063 1196 1136 1182 1147 large-vehicle 0.1757
666 736 684 724 736 799 718 811 large-vehicle 0.1615
1063 1004 1075 995 1101 1029 1090 1038 large-vehicle 0.1501
589 623 603 614 628 653 614 662 large-vehicle 0.1478
1212 1188 1226 1180 1248 1216 1235 1224 large-vehicle 0.1152
747 851 763 841 814 918 798 929 large-vehicle 0.1074
