1367 612 1347 601 1373 558 1392 570 small-vehicle 0.9640
1307 703 1292 695 1310 664 1325 672 small-vehicle 0.9587
1347 727 1330 718 1348 681 1366 690 small-vehicle 0.9511
1281 251 1266 241 1286 208 1302 218 small-vehicle 0.9210
1314 468 1298 460 1315 426 1331 434 small-vehicle 0.8924
1329 714 1313 705 1330 672 1346 680 small-vehicle 0.8915
1273 689 1256 680 1274 645 1291 654 small-vehicle 0.8486
1289 697 1273 689 1291 656 1307 665 small-vehicle 0.8334
1334 477 1318 469 1335 434 1351 442 small-vehicle 0.8240
957 285 967 267 1005 288 995 306 small-vehicle 0.3630
690 1007 701 987 766 1023 754 1043 small-vehicle 0.1782
659 1054 670 1035 733 1070 722 1089 small-vehicle 0.1669
569 1318 581 1297 641 1331 628 1352 small-vehicle 0.1658
930 573 941 552 1011 590 1000 611 small-vehicle 0.1501
952 550 964 529 1031 568 1019 589 small-vehicle 0.1403
889 646 901 625 967 663 955 684 small-vehicle 0.1385
940 1278 951 1257 1020 1292 1009 1313 small-vehicle 0.1297
636 1104 647 1085 707 1122 696 1141 small-vehicle 0.1240
624 1132 635 1112 700 1146 689 1166 small-vehicle 0.1221
1159 859 1170 839 1235 876 1224 896 small-vehicle 0.1174
782 837 794 817 860 855 848 875 small-vehicle 0.1156
803 785 815 766 880 805 869 825 small-vehicle 0.1126
674 1027 686 1007 748 1045 735 1065 small-vehicle 0.1084
610 1153 622 1133 683 1171 671 1190 small-vehicle 0.1067
754 915 765 895 831 933 820 952 small-vehicle 0.1035
824 736 836 716 902 753 891 774 small-vehicle 0.1034
816 763 828 743 894 781 882 801 small-vehicle 0.1001
336 466 347 447 423 490 412 510 large-vehicle 0.9938
431 295 443 276 520 323 508 343 large-vehicle 0.9936
548 519 559 500 635 543 624 562 large-vehicle 0.9936
133 831 145 812 218 857 207 876 large-vehicle 0.9934
664 553 674 533 753 576 743 595 large-vehicle 0.9929
603 679 614 659 695 701 684 721 large-vehicle 0.9927
454 687 465 667 544 710 533 730 large-vehicle 0.9925
651 574 661 555 741 597 731 616 large-vehicle 0.9924
348 441 359 422 437 468 426 487 large-vehicle 0.9923
295 542 306 523 382 565 371 585 large-vehicle 0.9921
390 372 401 352 478 396 467 416 large-vehicle 0.9919
104 881 116 860 194 905 182 926 large-vehicle 0.9918
403 345 414 325 492 371 480 391 large-vehicle 0.9916
452 939 462 920 542 964 532 983 large-vehicle 0.9916
215 687 227 668 300 712 289 732 large-vehicle 0.9914
361 421 372 401 450 444 439 464 large-vehicle 0.9913
546 770 558 750 637 796 626 816 large-vehicle 0.9911
386 808 397 788 471 829 461 848 large-vehicle 0.9911
429 736 441 716 519 762 507 783 large-vehicle 0.9910
330 903 341 883 417 926 406 945 large-vehicle 0.9905
615 650 626 630 705 673 694 694 large-vehicle 0.9905
686 528 697 509 774 551 763 571 large-vehicle 0.9905
147 809 158 790 234 835 222 854 large-vehicle 0.9903
602 419 613 400 688 444 677 463 large-vehicle 0.9899
418 318 429 299 506 345 495 364 large-vehicle 0.9897
695 505 706 485 787 531 776 550 large-vehicle 0.9897
573 470 584 449 661 491 650 511 large-vehicle 0.9897
538 544 549 524 626 567 615 587 large-vehicle 0.9896
283 562 295 543 369 591 357 610 large-vehicle 0.9894
309 517 321 498 395 542 383 561 large-vehicle 0.9892
91 908 102 888 180 931 169 951 large-vehicle 0.9891
155 975 179 972 192 1066 168 1070 large-vehicle 0.9891
403 1041 414 1022 492 1066 481 1086 large-vehicle 0.9890
427 986 438 966 517 1011 506 1031 large-vehicle 0.9888
561 494 572 474 648 517 637 537 large-vehicle 0.9888
643 604 654 584 733 627 723 646 large-vehicle 0.9888
478 636 489 616 567 662 556 682 large-vehicle 0.9886
240 637 253 617 329 665 317 684 large-vehicle 0.9886
321 492 333 472 408 519 396 539 large-vehicle 0.9883
589 696 600 678 679 724 668 743 large-vehicle 0.9882
444 714 456 694 533 739 521 759 large-vehicle 0.9878
116 856 128 836 206 879 195 900 large-vehicle 0.9877
440 964 451 945 531 990 520 1009 large-vehicle 0.9877
359 857 370 838 449 881 438 900 large-vehicle 0.9875
559 745 570 726 650 772 639 792 large-vehicle 0.9873
492 867 504 847 585 895 573 915 large-vehicle 0.9868
507 843 519 823 597 871 585 890 large-vehicle 0.9868
617 397 629 378 704 423 692 442 large-vehicle 0.9865
588 442 600 423 676 469 665 487 large-vehicle 0.9860
415 1016 426 996 506 1039 495 1059 large-vehicle 0.9859
465 917 477 897 558 943 547 963 large-vehicle 0.9858
343 879 355 860 431 904 420 924 large-vehicle 0.9855
406 785 417 765 492 807 481 826 large-vehicle 0.9853
269 589 280 569 352 614 340 633 large-vehicle 0.9845
324 930 335 910 411 954 400 973 large-vehicle 0.9840
505 590 516 570 594 614 583 634 large-vehicle 0.9834
309 955 320 935 397 978 385 998 large-vehicle 0.9827
717 1216 728 1196 796 1232 785 1252 large-vehicle 0.9813
838 996 849 977 912 1011 901 1031 large-vehicle 0.9812
292 978 303 958 379 1002 368 1022 large-vehicle 0.9812
449 271 461 250 536 294 524 315 large-vehicle 0.9807
636 373 648 352 725 397 713 418 large-vehicle 0.9806
534 799 545 779 622 822 611 842 large-vehicle 0.9804
1041 635 1051 615 1116 650 1105 669 large-vehicle 0.9801
377 393 389 373 465 418 453 438 large-vehicle 0.9795
906 875 917 856 980 894 969 913 large-vehicle 0.9794
741 1162 753 1143 817 1181 806 1200 large-vehicle 0.9793
522 569 534 549 613 594 602 613 large-vehicle 0.9790
1055 609 1066 590 1129 627 1118 646 large-vehicle 0.9773
393 1063 404 1044 479 1087 468 1107 large-vehicle 0.9770
417 760 428 741 505 784 494 804 large-vehicle 0.9766
1026 659 1036 640 1098 672 1088 691 large-vehicle 0.9765
1001 706 1012 686 1075 723 1064 742 large-vehicle 0.9745
845 971 856 951 919 986 908 1006 large-vehicle 0.9734
781 838 792 819 858 856 847 876 large-vehicle 0.9731
799 1037 811 1018 874 1056 862 1075 large-vehicle 0.9723
905 1318 916 1299 983 1337 972 1357 large-vehicle 0.9720
1007 676 1018 657 1080 694 1069 713 large-vehicle 0.9720
769 890 780 871 843 909 832 928 large-vehicle 0.9719
228 661 241 642 314 689 302 708 large-vehicle 0.9716
852 941 863 922 928 959 917 978 large-vehicle 0.9716
382 838 393 818 469 860 458 880 large-vehicle 0.9713
793 1064 804 1046 862 1080 851 1099 large-vehicle 0.9710
1133 908 1144 887 1214 925 1202 946 large-vehicle 0.9708
768 1084 779 1064 844 1101 833 1120 large-vehicle 0.9707
925 823 936 804 999 839 988 858 large-vehicle 0.9701
969 751 980 733 1042 768 1032 787 large-vehicle 0.9698
983 731 994 711 1056 746 1046 765 large-vehicle 0.9689
1008 1153 1020 1133 1084 1171 1072 1191 large-vehicle 0.9687
890 899 901 879 967 917 956 936 large-vehicle 0.9683
708 1247 717 1228 783 1260 774 1280 large-vehicle 0.9668
856 688 866 668 935 706 925 725 large-vehicle 0.9668
899 618 911 598 976 637 964 657 large-vehicle 0.9666
1098 982 1108 963 1171 996 1161 1015 large-vehicle 0.9665
803 786 815 767 879 806 867 825 large-vehicle 0.9663
826 1022 838 1002 906 1042 894 1062 large-vehicle 0.9660
470 666 482 646 560 690 548 711 large-vehicle 0.9651
1222 767 1233 748 1296 784 1285 803 large-vehicle 0.9651
1050 1050 1061 1032 1121 1068 1110 1086 large-vehicle 0.9634
1209 791 1219 772 1283 807 1272 827 large-vehicle 0.9628
732 1403 732 1385 796 1385 796 1403 large-vehicle 0.9616
958 777 969 758 1035 796 1023 816 large-vehicle 0.9587
724 1189 734 1169 797 1201 787 1221 large-vehicle 0.9582
773 865 784 845 849 881 838 901 large-vehicle 0.9580
836 709 847 689 914 726 904 745 large-vehicle 0.9557
875 921 887 902 952 941 941 960 large-vehicle 0.9555
1013 1124 1023 1106 1086 1141 1076 1160 large-vehicle 0.9545
736 937 747 918 814 957 803 976 large-vehicle 0.9543
1122 935 1132 915 1198 948 1188 968 large-vehicle 0.9515
253 1140 264 1119 345 1160 334 1182 large-vehicle 0.9514
795 814 806 795 871 832 859 851 large-vehicle 0.9511
1024 1100 1035 1081 1102 1120 1090 1140 large-vehicle 0.9509
1194 812 1204 794 1265 829 1255 848 large-vehicle 0.9505
939 799 950 780 1015 817 1003 836 large-vehicle 0.9505
1110 960 1122 940 1188 977 1177 997 large-vehicle 0.9497
1178 837 1190 817 1251 855 1239 874 large-vehicle 0.9490
903 1355 915 1334 981 1371 970 1392 large-vehicle 0.9483
915 848 926 828 993 866 982 886 large-vehicle 0.9470
825 735 836 715 903 752 892 773 large-vehicle 0.9461
992 1177 1004 1157 1068 1195 1056 1215 large-vehicle 0.9431
625 1130 636 1111 699 1146 688 1165 large-vehicle 0.9428
957 1222 967 1202 1033 1238 1022 1258 large-vehicle 0.9422
598 1180 609 1161 671 1198 659 1217 large-vehicle 0.9397
1036 1073 1048 1055 1106 1093 1094 1111 large-vehicle 0.9384
1254 719 1264 698 1328 729 1318 750 large-vehicle 0.9377
952 551 964 530 1031 569 1018 590 large-vehicle 0.9376
915 1294 926 1275 991 1313 980 1332 large-vehicle 0.9352
722 965 733 944 797 979 787 999 large-vehicle 0.9330
478 890 490 871 568 918 556 937 large-vehicle 0.9327
1161 858 1172 839 1235 875 1224 894 large-vehicle 0.9320
755 915 765 896 830 934 819 952 large-vehicle 0.9311
673 1028 685 1009 746 1046 735 1065 large-vehicle 0.9287
757 1140 768 1121 830 1157 819 1177 large-vehicle 0.9282
1085 1007 1096 987 1162 1025 1151 1045 large-vehicle 0.9280
635 1103 647 1084 707 1120 695 1139 large-vehicle 0.9275
981 1201 992 1183 1052 1222 1040 1240 large-vehicle 0.9223
466 1257 478 1236 555 1279 543 1300 large-vehicle 0.9211
609 1154 621 1134 683 1170 672 1189 large-vehicle 0.9205
689 1006 700 988 763 1025 752 1044 large-vehicle 0.9172
939 1278 949 1258 1020 1293 1009 1314 large-vehicle 0.9113
1239 745 1250 725 1315 760 1305 780 large-vehicle 0.9094
929 572 940 552 1010 590 998 611 large-vehicle 0.9084
816 762 827 742 893 781 882 800 large-vehicle 0.8981
1063 1029 1075 1009 1138 1047 1126 1067 large-vehicle 0.8958
659 1054 670 1034 731 1070 720 1089 large-vehicle 0.8864
890 646 901 626 966 663 954 683 large-vehicle 0.8618
377 1204 389 1185 455 1224 444 1244 large-vehicle 0.8575
570 1317 582 1297 641 1332 630 1352 large-vehicle 0.7695
1186 405 1196 386 1270 428 1259 446 large-vehicle 0.6594
1205 374 1214 356 1288 393 1279 411 large-vehicle 0.6016
