640 54 643 -22 766 -18 764 58 baseball-diamond 0.5486
361 765 352 764 354 743 363 744 small-vehicle 0.5048
689 861 685 850 703 844 707 855 small-vehicle 0.4138
623 710 613 709 615 692 625 693 small-vehicle 0.3800
73 583 74 573 96 575 96 585 small-vehicle 0.3322
160 745 171 745 172 766 160 767 small-vehicle 0.3132
216 767 205 767 205 746 216 746 small-vehicle 0.3101
693 884 689 871 707 864 712 877 small-vehicle 0.2567
727 970 722 959 739 952 744 963 small-vehicle 0.2516
708 919 699 902 717 893 726 909 small-vehicle 0.2496
657 624 657 613 679 613 679 624 small-vehicle 0.2460
701 338 711 337 712 359 702 360 small-vehicle 0.2369
715 942 709 930 728 921 734 932 small-vehicle 0.2339
680 833 676 821 695 815 699 828 small-vehicle 0.2250
72 665 71 654 91 653 92 664 small-vehicle 0.2080
71 696 72 686 95 689 94 698 small-vehicle 0.2079
635 713 625 712 626 694 636 695 small-vehicle 0.1841
723 961 718 950 735 942 740 953 small-vehicle 0.1820
646 712 635 711 637 691 648 692 small-vehicle 0.1816
182 744 192 744 193 767 183 767 small-vehicle 0.1757
718 951 713 941 732 932 737 942 small-vehicle 0.1583
675 822 671 810 690 804 694 816 small-vehicle 0.1398
183 766 172 766 173 745 184 745 small-vehicle 0.1393
376 767 366 766 368 747 378 748 small-vehicle 0.1370
657 634 659 624 681 628 679 639 small-vehicle 0.1347
256 190 266 182 276 195 267 203 small-vehicle 0.1257
74 166 76 157 94 161 92 169 small-vehicle 0.1063
685 853 679 836 697 830 703 847 small-vehicle 0.1057
73 733 72 721 94 720 95 731 small-vehicle 0.1015
375 62 386 61 388 81 378 82 small-vehicle 0.1011
224 568 269 567 271 656 226 657 tennis-court 0.9997
533 930 489 929 492 833 536 835 tennis-court 0.9997
589 930 546 929 546 833 590 833 tennis-court 0.9997
228 425 273 425 274 515 229 515 tennis-court 0.9997
336 568 379 567 380 659 338 659 tennis-court 0.9996
269 800 314 799 315 888 270 889 tennis-court 0.9996
434 835 479 835 480 926 435 926 tennis-court 0.9996
170 567 215 567 216 658 171 659 tennis-court 0.9996
316 372 271 371 273 276 319 277 tennis-court 0.9996
279 569 324 568 326 660 281 661 tennis-court 0.9995
643 929 600 927 603 835 646 837 tennis-court 0.9995
207 368 163 367 164 277 207 278 tennis-court 0.9994
217 276 262 276 262 368 218 368 tennis-court 0.9994
260 892 215 892 215 799 260 799 tennis-court 0.9993
325 278 370 277 371 370 327 370 tennis-court 0.9991
160 798 204 798 205 886 161 887 tennis-court 0.9989
439 406 393 404 396 310 443 312 tennis-court 0.9989
448 311 494 309 497 402 452 403 tennis-court 0.9980
593 615 540 614 541 532 594 532 basketball-court 0.9906
589 531 649 529 653 614 593 617 basketball-court 0.9870
