195 361 178 360 181 319 197 320 small-vehicle 0.9963
252 522 236 522 238 479 254 480 small-vehicle 0.9931
602 484 584 483 586 443 603 444 small-vehicle 0.9924
211 468 194 467 197 426 214 427 small-vehicle 0.9921
440 364 424 363 426 322 443 323 small-vehicle 0.9919
406 206 389 205 391 166 408 167 small-vehicle 0.9918
565 212 548 211 551 169 568 170 small-vehicle 0.9917
281 203 264 202 267 165 284 167 small-vehicle 0.9909
334 517 318 517 320 476 337 477 small-vehicle 0.9909
426 153 410 152 412 115 428 116 small-vehicle 0.9908
231 467 215 465 219 428 235 430 small-vehicle 0.9906
193 313 176 313 178 275 194 276 small-vehicle 0.9906
346 165 329 164 331 125 349 126 small-vehicle 0.9905
529 167 512 166 513 125 530 125 small-vehicle 0.9905
255 361 238 359 241 316 258 317 small-vehicle 0.9905
252 470 236 470 237 430 254 431 small-vehicle 0.9904
746 380 729 380 731 337 748 337 small-vehicle 0.9894
425 204 409 203 412 164 428 164 small-vehicle 0.9890
417 470 401 469 404 431 421 432 small-vehicle 0.9889
342 310 325 310 327 270 343 270 small-vehicle 0.9883
749 327 732 325 735 287 753 289 small-vehicle 0.9883
651 213 634 212 637 171 654 172 small-vehicle 0.9882
439 475 423 474 425 429 442 430 small-vehicle 0.9880
223 155 207 153 211 116 227 118 small-vehicle 0.9878
729 326 713 325 714 285 729 285 small-vehicle 0.9876
630 209 614 208 616 170 633 171 small-vehicle 0.9876
407 159 391 158 392 118 408 119 small-vehicle 0.9875
834 331 817 330 818 287 835 287 small-vehicle 0.9874
401 363 385 362 387 325 403 326 small-vehicle 0.9870
318 363 301 363 303 320 320 321 small-vehicle 0.9868
258 307 241 306 244 265 261 266 small-vehicle 0.9868
688 324 670 324 672 282 689 283 small-vehicle 0.9866
812 328 795 328 796 283 813 283 small-vehicle 0.9866
522 214 507 212 512 172 527 174 small-vehicle 0.9865
325 163 307 162 310 121 328 122 small-vehicle 0.9864
517 522 502 522 502 481 518 481 small-vehicle 0.9864
169 470 152 468 155 427 172 428 small-vehicle 0.9864
444 316 428 315 430 275 446 276 small-vehicle 0.9863
420 362 404 361 406 321 422 322 small-vehicle 0.9861
398 467 381 466 382 428 400 429 small-vehicle 0.9859
561 520 545 520 545 480 562 481 small-vehicle 0.9859
810 375 794 375 795 335 811 335 small-vehicle 0.9857
634 59 617 59 618 18 635 18 small-vehicle 0.9856
712 208 695 207 697 168 713 169 small-vehicle 0.9855
684 484 666 483 668 441 686 442 small-vehicle 0.9855
731 212 715 211 716 172 732 172 small-vehicle 0.9855
521 318 504 317 506 280 523 281 small-vehicle 0.9855
543 363 525 362 528 325 545 326 small-vehicle 0.9854
245 158 228 157 231 120 247 121 small-vehicle 0.9850
323 208 306 207 309 166 326 168 small-vehicle 0.9838
303 211 286 210 288 168 306 169 small-vehicle 0.9833
384 202 367 201 370 161 387 162 small-vehicle 0.9832
773 213 756 212 758 172 774 172 small-vehicle 0.9831
363 314 347 313 348 272 364 272 small-vehicle 0.9829
296 363 279 362 282 315 299 316 small-vehicle 0.9824
543 216 527 214 531 173 548 174 small-vehicle 0.9822
777 124 794 124 795 165 778 166 small-vehicle 0.9817
538 524 520 523 522 484 540 485 small-vehicle 0.9817
542 319 526 318 527 278 544 279 small-vehicle 0.9815
622 524 606 523 608 487 624 488 small-vehicle 0.9814
446 201 430 200 433 163 448 164 small-vehicle 0.9813
564 362 548 361 549 323 565 323 small-vehicle 0.9812
298 311 282 311 284 272 300 273 small-vehicle 0.9799
582 523 565 523 566 480 582 480 small-vehicle 0.9798
274 523 256 523 257 479 275 479 small-vehicle 0.9792
580 478 564 477 566 437 582 438 small-vehicle 0.9791
656 128 673 128 674 166 656 166 small-vehicle 0.9788
663 535 645 534 646 492 664 492 small-vehicle 0.9787
219 205 202 203 206 162 223 164 small-vehicle 0.9785
585 215 568 212 573 174 590 176 small-vehicle 0.9784
666 374 649 373 650 331 667 331 small-vehicle 0.9783
645 478 627 478 628 439 646 439 small-vehicle 0.9780
611 165 594 164 595 127 612 127 small-vehicle 0.9778
627 376 609 376 610 332 628 333 small-vehicle 0.9776
277 308 260 307 262 268 279 269 small-vehicle 0.9776
625 327 608 326 610 284 627 285 small-vehicle 0.9776
355 468 339 467 341 430 357 431 small-vehicle 0.9774
397 519 380 519 381 480 398 480 small-vehicle 0.9774
497 522 481 522 481 483 497 483 small-vehicle 0.9773
215 311 198 310 200 272 217 273 small-vehicle 0.9769
672 62 656 60 659 22 675 23 small-vehicle 0.9769
766 485 748 484 750 441 768 442 small-vehicle 0.9767
502 320 485 320 486 279 503 280 small-vehicle 0.9764
877 171 860 171 861 132 878 132 small-vehicle 0.9756
589 321 572 321 573 284 589 284 small-vehicle 0.9754
387 160 370 160 370 119 388 119 small-vehicle 0.9754
752 215 736 214 737 174 753 175 small-vehicle 0.9753
264 154 247 153 249 112 266 113 small-vehicle 0.9750
791 376 774 376 775 335 791 335 small-vehicle 0.9748
611 213 593 213 594 172 612 172 small-vehicle 0.9745
506 164 488 164 489 122 506 122 small-vehicle 0.9744
261 202 245 201 248 161 264 162 small-vehicle 0.9742
381 360 363 359 365 320 382 321 small-vehicle 0.9737
815 215 798 214 799 175 816 175 small-vehicle 0.9731
874 327 857 326 858 286 876 287 small-vehicle 0.9729
839 181 856 181 857 223 839 223 small-vehicle 0.9729
694 68 675 66 679 22 698 24 small-vehicle 0.9722
87 375 105 375 106 415 88 415 small-vehicle 0.9717
467 210 449 209 451 168 469 169 small-vehicle 0.9712
383 314 366 313 367 276 385 276 small-vehicle 0.9711
237 360 219 360 219 317 238 317 small-vehicle 0.9708
588 365 570 364 572 325 591 326 small-vehicle 0.9703
377 472 359 472 360 426 378 426 small-vehicle 0.9702
879 224 860 224 862 181 880 181 small-vehicle 0.9701
424 312 406 311 408 275 425 276 small-vehicle 0.9693
703 373 686 372 689 330 706 331 small-vehicle 0.9693
560 475 545 474 546 434 562 435 small-vehicle 0.9692
691 214 673 213 675 172 693 173 small-vehicle 0.9691
492 473 472 472 474 429 494 430 small-vehicle 0.9690
200 320 217 320 217 361 200 361 small-vehicle 0.9680
274 467 257 467 257 430 274 430 small-vehicle 0.9676
417 523 401 522 403 481 419 482 small-vehicle 0.9676
462 368 445 367 446 327 464 328 small-vehicle 0.9667
698 25 716 24 717 66 699 67 small-vehicle 0.9664
714 164 697 163 698 125 716 125 small-vehicle 0.9656
364 205 347 204 350 163 366 164 small-vehicle 0.9656
322 313 306 313 306 275 322 275 small-vehicle 0.9655
645 328 628 327 632 285 649 286 small-vehicle 0.9652
613 59 596 58 598 22 615 23 small-vehicle 0.9651
333 472 317 471 320 427 337 428 small-vehicle 0.9646
724 481 707 481 709 441 725 442 small-vehicle 0.9646
778 177 794 177 794 217 778 217 small-vehicle 0.9645
191 468 175 467 178 428 194 429 small-vehicle 0.9613
314 514 296 513 298 473 316 474 small-vehicle 0.9610
523 367 505 366 506 328 524 328 small-vehicle 0.9610
571 161 554 161 555 119 572 120 small-vehicle 0.9609
519 477 502 477 502 436 519 436 small-vehicle 0.9608
221 274 237 274 238 313 221 313 small-vehicle 0.9607
196 475 212 475 213 520 197 520 small-vehicle 0.9585
448 154 431 153 432 117 449 117 small-vehicle 0.9582
734 166 717 165 718 125 735 126 small-vehicle 0.9579
468 152 452 152 452 115 468 115 small-vehicle 0.9549
487 210 472 210 472 169 487 169 small-vehicle 0.9535
355 525 338 524 340 480 357 480 small-vehicle 0.9528
505 219 488 218 492 172 508 174 small-vehicle 0.9523
756 67 738 66 740 26 759 27 small-vehicle 0.9523
277 364 259 363 261 313 280 314 small-vehicle 0.9516
481 320 461 319 462 277 482 278 small-vehicle 0.9512
837 173 818 172 820 130 839 130 small-vehicle 0.9505
293 468 276 467 279 429 296 430 small-vehicle 0.9492
243 204 226 203 226 162 244 162 small-vehicle 0.9470
349 124 364 123 367 162 352 163 small-vehicle 0.9469
770 378 753 378 753 335 771 335 small-vehicle 0.9466
567 324 547 323 549 279 569 280 small-vehicle 0.9457
191 520 175 520 176 480 193 480 small-vehicle 0.9452
458 478 441 476 444 432 462 433 small-vehicle 0.9451
402 318 383 316 386 275 405 276 small-vehicle 0.9424
774 290 791 290 792 329 774 329 small-vehicle 0.9422
120 79 122 60 164 64 162 83 small-vehicle 0.9391
284 156 267 155 269 111 286 112 small-vehicle 0.9338
233 514 217 514 217 477 234 477 small-vehicle 0.9316
894 50 876 49 878 6 896 7 small-vehicle 0.9314
68 538 56 526 87 498 98 510 small-vehicle 0.9308
498 367 480 367 482 322 500 323 small-vehicle 0.9297
819 74 821 55 862 59 860 78 small-vehicle 0.9285
764 73 764 54 809 54 808 74 small-vehicle 0.9075
797 126 815 126 816 163 798 163 small-vehicle 0.8972
342 365 323 364 325 317 344 318 small-vehicle 0.8961
457 531 436 530 438 480 459 481 small-vehicle 0.5792
305 163 284 161 287 115 308 116 small-vehicle 0.5085
304 162 285 161 287 115 307 116 large-vehicle 0.6093
457 531 436 530 437 481 458 481 large-vehicle 0.5042
575 65 558 63 561 22 578 23 large-vehicle 0.1180
