430 45 410 38 424 -4 444 2 small-vehicle 0.4241
494 1178 493 1162 533 1158 535 1175 small-vehicle 0.2812
254 573 157 567 169 362 267 368 tennis-court 0.9999
530 495 433 490 444 290 542 296 tennis-court 0.9998
743 1036 648 1031 660 826 755 832 tennis-court 0.9998
773 506 675 500 688 295 786 301 tennis-court 0.9998
657 502 560 497 571 292 667 296 tennis-court 0.9998
418 1058 322 1053 333 858 429 863 tennis-court 0.9998
130 566 35 559 49 364 144 371 tennis-court 0.9997
1587 282 1493 279 1499 84 1593 87 tennis-court 0.9997
1822 936 1729 934 1732 738 1825 740 tennis-court 0.9997
297 1053 197 1047 210 850 310 857 tennis-court 0.9997
1117 419 1022 413 1035 213 1130 218 tennis-court 0.9997
175 1049 76 1043 89 844 188 851 tennis-court 0.9997
1504 1002 1404 996 1415 802 1515 808 tennis-court 0.9997
1721 292 1626 288 1635 88 1730 93 tennis-court 0.9996
1450 280 1354 274 1366 79 1462 84 tennis-court 0.9996
1208 988 1112 983 1123 786 1219 791 tennis-court 0.9996
1682 937 1581 929 1595 733 1696 741 tennis-court 0.9996
879 1042 782 1037 793 837 889 842 tennis-court 0.9996
610 1027 513 1021 525 828 622 834 tennis-court 0.9996
1356 999 1257 992 1270 790 1369 796 tennis-court 0.9995
377 573 283 568 292 373 386 377 tennis-court 0.9995
1251 422 1155 417 1165 220 1262 225 tennis-court 0.9995
