226 1015 231 997 270 1008 266 1026 small-vehicle 0.9842
535 689 518 684 530 649 547 655 small-vehicle 0.9816
562 954 547 950 556 916 572 920 small-vehicle 0.9660
445 957 428 952 437 918 454 923 small-vehicle 0.9613
307 1059 310 1040 348 1047 345 1066 small-vehicle 0.9575
534 1050 519 1046 527 1013 542 1016 small-vehicle 0.9539
348 917 354 898 391 910 385 929 small-vehicle 0.9335
227 995 232 977 270 987 265 1005 small-vehicle 0.9331
265 886 270 870 307 882 302 898 small-vehicle 0.9297
548 652 532 647 544 612 560 617 small-vehicle 0.9180
304 1075 308 1059 341 1067 338 1083 small-vehicle 0.9178
545 906 528 902 536 867 553 871 small-vehicle 0.9111
210 1048 216 1029 254 1042 248 1061 small-vehicle 0.9089
312 1040 318 1021 353 1030 348 1049 small-vehicle 0.8931
328 996 334 981 367 993 361 1008 small-vehicle 0.8895
548 1011 530 1007 537 973 555 977 small-vehicle 0.8839
248 920 255 901 291 915 284 933 small-vehicle 0.8743
348 948 351 932 384 937 381 954 small-vehicle 0.8720
296 1091 301 1074 336 1085 330 1102 small-vehicle 0.8565
600 500 580 496 592 449 612 454 small-vehicle 0.7982
574 911 558 906 569 876 584 881 small-vehicle 0.7458
504 780 487 775 500 728 517 733 small-vehicle 0.7257
397 1095 379 1086 401 1042 419 1050 small-vehicle 0.7145
480 838 465 830 485 791 500 798 small-vehicle 0.6452
516 743 500 737 515 697 532 703 small-vehicle 0.2529
560 614 545 606 563 577 577 585 small-vehicle 0.1487
218 1028 225 1012 260 1026 254 1042 small-vehicle 0.1234
284 794 203 766 259 602 340 630 tennis-court 0.9999
367 542 288 514 348 346 427 374 tennis-court 0.9998
387 831 306 804 362 636 444 663 tennis-court 0.9998
179 761 96 732 153 569 236 598 tennis-court 0.9998
472 574 393 546 450 381 529 408 tennis-court 0.9998
266 504 185 476 242 311 323 340 tennis-court 0.9998
