465 569 449 558 470 525 487 535 small-vehicle 0.7065
42 1417 25 1407 46 1372 63 1382 small-vehicle 0.5996
625 654 609 647 625 614 640 622 small-vehicle 0.5694
710 551 694 543 713 510 728 518 small-vehicle 0.5339
572 631 555 621 573 587 590 597 small-vehicle 0.5205
890 186 874 177 895 140 911 150 small-vehicle 0.5066
362 713 345 704 365 669 382 678 small-vehicle 0.5055
467 776 450 768 468 733 485 742 small-vehicle 0.4700
757 422 740 413 759 379 776 389 small-vehicle 0.4562
498 430 482 421 503 384 519 393 small-vehicle 0.4536
894 389 876 379 896 345 914 356 small-vehicle 0.3992
169 1188 154 1179 173 1145 189 1154 small-vehicle 0.3850
146 1478 131 1469 151 1436 166 1445 small-vehicle 0.3735
542 1540 525 1531 543 1499 560 1508 small-vehicle 0.3570
948 371 932 361 954 327 969 336 small-vehicle 0.3543
51 1473 37 1465 56 1433 70 1442 small-vehicle 0.3536
453 1180 437 1171 457 1136 473 1145 small-vehicle 0.3516
539 610 523 601 543 566 559 574 small-vehicle 0.3502
911 395 895 386 913 353 929 361 small-vehicle 0.3488
489 1662 474 1655 490 1622 505 1629 small-vehicle 0.3444
453 723 437 714 458 676 474 685 small-vehicle 0.3429
488 784 472 775 490 743 506 752 small-vehicle 0.3408
702 438 686 429 705 396 721 405 small-vehicle 0.3311
53 1106 38 1097 56 1067 71 1075 small-vehicle 0.3296
15 1027 24 1010 60 1027 51 1045 small-vehicle 0.3197
593 640 576 631 595 594 612 602 small-vehicle 0.3173
241 809 226 799 247 766 262 775 small-vehicle 0.3082
258 816 243 807 262 777 277 785 small-vehicle 0.2901
1055 322 1034 315 1044 284 1065 291 small-vehicle 0.2894
147 1523 130 1513 149 1480 167 1490 small-vehicle 0.2869
375 566 359 558 378 522 394 530 small-vehicle 0.2828
397 736 382 726 404 691 420 701 small-vehicle 0.2804
417 1161 402 1152 421 1119 436 1127 small-vehicle 0.2754
547 1599 530 1590 550 1553 567 1562 small-vehicle 0.2748
139 1162 120 1153 137 1118 156 1128 small-vehicle 0.2747
267 928 251 919 269 886 285 895 small-vehicle 0.2716
791 487 774 479 792 444 808 452 small-vehicle 0.2644
811 499 795 491 814 456 829 464 small-vehicle 0.2582
374 1444 361 1437 376 1409 389 1416 small-vehicle 0.2574
635 552 620 543 639 513 653 523 small-vehicle 0.2554
115 1203 99 1194 118 1155 135 1164 small-vehicle 0.2548
800 599 784 591 800 556 816 563 small-vehicle 0.2542
968 475 981 462 1008 489 996 501 small-vehicle 0.2469
265 1386 251 1378 270 1343 284 1350 small-vehicle 0.2460
766 1096 751 1090 766 1053 781 1060 small-vehicle 0.2446
517 647 502 638 522 604 538 614 small-vehicle 0.2437
773 480 758 472 777 438 792 446 small-vehicle 0.2426
680 1148 664 1139 680 1107 697 1116 small-vehicle 0.2420
251 913 237 905 255 872 270 880 small-vehicle 0.2410
267 1592 252 1584 269 1547 285 1555 small-vehicle 0.2380
227 749 211 740 230 708 246 718 small-vehicle 0.2312
594 798 578 789 596 753 613 761 small-vehicle 0.2303
618 1427 601 1418 619 1384 636 1393 small-vehicle 0.2255
118 1611 104 1604 121 1569 135 1576 small-vehicle 0.2232
301 833 288 827 303 795 317 801 small-vehicle 0.2210
299 1411 285 1404 303 1370 317 1378 small-vehicle 0.2206
469 1655 453 1646 472 1612 488 1621 small-vehicle 0.2191
987 67 996 53 1031 74 1022 88 small-vehicle 0.2176
385 837 372 829 393 795 406 803 small-vehicle 0.2173
293 1715 279 1706 299 1675 312 1684 small-vehicle 0.2117
541 770 526 761 547 728 561 737 small-vehicle 0.2107
261 771 247 763 266 727 281 735 small-vehicle 0.2093
47 1622 33 1613 52 1580 66 1588 small-vehicle 0.2091
276 828 262 819 281 787 295 795 small-vehicle 0.2089
138 1618 125 1612 142 1577 156 1584 small-vehicle 0.2070
93 1773 78 1764 98 1730 113 1739 small-vehicle 0.2055
111 1784 96 1775 115 1741 131 1750 small-vehicle 0.2042
452 1642 436 1634 453 1601 469 1609 small-vehicle 0.2018
345 1584 330 1577 346 1543 361 1550 small-vehicle 0.2013
505 1210 490 1202 510 1167 525 1176 small-vehicle 0.2002
133 1789 117 1780 134 1750 150 1758 small-vehicle 0.1996
944 418 926 409 945 373 963 382 small-vehicle 0.1991
83 1593 68 1584 89 1550 104 1559 small-vehicle 0.1986
921 252 906 243 924 210 940 219 small-vehicle 0.1972
231 1369 214 1358 235 1327 251 1337 small-vehicle 0.1963
644 713 629 706 647 669 662 677 small-vehicle 0.1952
926 874 910 867 927 830 944 838 small-vehicle 0.1948
658 519 642 509 663 475 678 485 small-vehicle 0.1932
501 1258 486 1250 503 1218 519 1227 small-vehicle 0.1929
379 1182 366 1175 384 1141 397 1148 small-vehicle 0.1918
441 862 425 853 442 821 458 831 small-vehicle 0.1821
333 1215 341 1199 375 1216 367 1232 small-vehicle 0.1819
194 1192 178 1183 197 1148 214 1157 small-vehicle 0.1807
602 1414 588 1407 605 1372 619 1379 small-vehicle 0.1802
462 1498 447 1490 463 1458 478 1466 small-vehicle 0.1798
727 1074 711 1065 731 1029 746 1038 small-vehicle 0.1786
181 1543 166 1535 184 1502 199 1510 small-vehicle 0.1782
193 929 179 922 195 891 210 898 small-vehicle 0.1765
186 1034 171 1027 190 989 204 996 small-vehicle 0.1762
307 1565 292 1556 311 1520 327 1529 small-vehicle 0.1752
187 1241 171 1231 190 1198 207 1208 small-vehicle 0.1731
314 1424 299 1417 316 1382 331 1389 small-vehicle 0.1711
703 596 689 587 708 555 723 565 small-vehicle 0.1706
298 1250 283 1242 300 1209 316 1217 small-vehicle 0.1693
538 819 522 809 542 774 559 784 small-vehicle 0.1690
98 986 81 977 101 942 118 951 small-vehicle 0.1688
749 1027 732 1018 750 984 766 993 small-vehicle 0.1684
603 693 590 685 610 655 623 664 small-vehicle 0.1658
363 1760 348 1752 364 1720 380 1729 small-vehicle 0.1620
439 1167 423 1158 439 1127 455 1135 small-vehicle 0.1612
75 1762 61 1755 78 1721 93 1728 small-vehicle 0.1611
278 1287 263 1280 280 1245 295 1252 small-vehicle 0.1602
153 1015 137 1007 155 972 171 980 small-vehicle 0.1588
154 1635 138 1626 156 1592 172 1601 small-vehicle 0.1575
955 530 940 523 956 491 970 498 small-vehicle 0.1549
429 1683 412 1673 430 1643 447 1652 small-vehicle 0.1548
107 1510 91 1501 109 1467 126 1476 small-vehicle 0.1543
528 1377 513 1368 532 1336 547 1344 small-vehicle 0.1538
660 676 644 668 660 636 676 645 small-vehicle 0.1536
62 1749 47 1740 63 1711 78 1719 small-vehicle 0.1530
222 1258 206 1248 226 1216 242 1225 small-vehicle 0.1529
762 1043 746 1035 763 1000 779 1008 small-vehicle 0.1524
358 976 340 967 359 932 376 942 small-vehicle 0.1517
390 1457 376 1450 392 1417 406 1425 small-vehicle 0.1516
432 1631 417 1623 435 1591 449 1599 small-vehicle 0.1515
315 842 300 835 317 802 331 810 small-vehicle 0.1515
1062 459 1042 459 1042 420 1062 420 small-vehicle 0.1512
278 1703 263 1694 283 1660 298 1668 small-vehicle 0.1487
546 1388 531 1379 551 1346 566 1356 small-vehicle 0.1486
274 1754 258 1746 277 1710 293 1718 small-vehicle 0.1482
345 962 329 954 346 920 362 928 small-vehicle 0.1479
573 1088 559 1080 577 1048 592 1056 small-vehicle 0.1473
370 871 356 865 373 830 387 837 small-vehicle 0.1473
437 1324 423 1315 442 1284 456 1293 small-vehicle 0.1466
203 1045 187 1036 207 1002 222 1010 small-vehicle 0.1464
677 530 661 522 678 488 695 497 small-vehicle 0.1440
382 1145 365 1136 382 1103 398 1112 small-vehicle 0.1439
510 1571 496 1563 513 1532 527 1540 small-vehicle 0.1426
367 1288 351 1279 371 1246 387 1255 small-vehicle 0.1420
737 462 721 453 741 418 757 427 small-vehicle 0.1419
599 1468 585 1460 603 1426 617 1434 small-vehicle 0.1416
713 704 698 696 716 664 731 673 small-vehicle 0.1416
745 572 730 563 751 528 766 537 small-vehicle 0.1384
184 1495 170 1486 189 1456 203 1465 small-vehicle 0.1349
585 1407 569 1398 588 1363 604 1372 small-vehicle 0.1349
480 1041 466 1033 487 1000 501 1009 small-vehicle 0.1345
98 1652 84 1645 101 1612 115 1620 small-vehicle 0.1343
978 279 961 270 980 234 997 243 small-vehicle 0.1333
414 1624 401 1618 418 1584 431 1591 small-vehicle 0.1310
255 1741 240 1732 258 1702 273 1710 small-vehicle 0.1299
520 807 506 798 524 766 539 775 small-vehicle 0.1286
775 892 759 883 778 850 793 859 small-vehicle 0.1274
564 1397 548 1388 567 1353 583 1362 small-vehicle 0.1271
665 1352 646 1343 665 1302 684 1311 small-vehicle 0.1264
335 852 320 845 337 810 352 818 small-vehicle 0.1252
280 1445 266 1437 287 1400 301 1408 small-vehicle 0.1233
786 1049 768 1041 785 1003 803 1011 small-vehicle 0.1228
462 1080 447 1072 464 1037 479 1044 small-vehicle 0.1222
946 833 931 823 950 793 965 803 small-vehicle 0.1221
671 579 657 570 676 537 691 546 small-vehicle 0.1210
198 1551 182 1543 201 1510 216 1519 small-vehicle 0.1201
965 427 948 418 966 386 983 395 small-vehicle 0.1196
511 1109 497 1101 514 1072 529 1081 small-vehicle 0.1193
90 1494 75 1485 92 1457 107 1466 small-vehicle 0.1190
687 590 674 581 694 550 707 558 small-vehicle 0.1188
328 1114 312 1107 330 1071 346 1079 small-vehicle 0.1186
221 1055 205 1046 225 1010 241 1019 small-vehicle 0.1183
394 1199 380 1191 400 1153 414 1160 small-vehicle 0.1176
240 1728 225 1720 245 1685 259 1694 small-vehicle 0.1161
240 1523 225 1514 244 1480 260 1489 small-vehicle 0.1155
640 665 627 657 643 630 656 637 small-vehicle 0.1155
385 1769 369 1760 388 1726 404 1735 small-vehicle 0.1148
747 775 733 768 752 731 766 738 small-vehicle 0.1146
882 492 865 484 883 447 900 456 small-vehicle 0.1140
319 1002 304 993 323 959 339 967 small-vehicle 0.1136
589 1150 570 1142 586 1108 604 1116 small-vehicle 0.1131
630 1277 614 1268 634 1234 650 1243 small-vehicle 0.1130
405 1307 387 1300 404 1263 421 1270 small-vehicle 0.1130
152 1796 139 1788 155 1760 168 1767 small-vehicle 0.1108
413 1671 398 1663 417 1628 432 1637 small-vehicle 0.1089
65 1632 50 1624 67 1591 82 1598 small-vehicle 0.1087
394 1663 379 1655 398 1619 413 1627 small-vehicle 0.1086
354 1485 339 1477 358 1440 373 1448 small-vehicle 0.1086
404 582 387 573 405 540 422 549 small-vehicle 0.1073
622 708 608 701 627 666 640 673 small-vehicle 0.1068
517 1268 504 1260 524 1225 537 1232 small-vehicle 0.1059
165 1819 149 1811 170 1773 186 1781 small-vehicle 0.1049
263 1230 247 1222 264 1187 281 1195 small-vehicle 0.1033
9 1728 -8 1719 10 1682 28 1691 small-vehicle 0.1027
911 558 896 550 914 518 929 526 small-vehicle 0.1021
385 887 370 878 388 846 403 855 small-vehicle 0.1018
333 1739 316 1731 334 1694 351 1702 small-vehicle 0.1016
335 1428 319 1419 336 1385 353 1394 small-vehicle 0.1010
134 1006 118 996 139 963 154 972 small-vehicle 0.1004
724 1434 701 1424 734 1346 757 1355 large-vehicle 0.9648
668 1567 650 1558 688 1477 706 1486 large-vehicle 0.3641
