404 -36 530 -38 533 119 407 121 baseball-diamond 0.9696
39 521 52 521 53 548 41 549 small-vehicle 0.6644
218 274 217 260 248 257 249 271 small-vehicle 0.6463
312 562 322 562 323 584 313 584 small-vehicle 0.3684
37 446 49 446 49 472 37 472 small-vehicle 0.3123
299 441 310 440 312 470 300 470 small-vehicle 0.2634
302 492 315 491 317 524 303 525 small-vehicle 0.2429
4 6 15 4 18 28 7 29 small-vehicle 0.2287
298 419 310 418 311 441 299 442 small-vehicle 0.1846
296 393 307 393 308 418 296 418 small-vehicle 0.1833
639 364 646 364 648 380 640 380 small-vehicle 0.1799
382 422 392 422 394 445 384 446 small-vehicle 0.1576
350 583 348 571 369 569 370 580 small-vehicle 0.1540
13 735 2 733 5 708 17 710 small-vehicle 0.1386
330 399 329 390 349 389 349 398 small-vehicle 0.1124
390 501 404 499 407 523 393 524 small-vehicle 0.1032
-8 630 7 628 15 693 0 695 large-vehicle 0.1492
130 409 174 404 184 493 140 498 tennis-court 0.9998
133 546 177 541 187 632 143 637 tennis-court 0.9997
187 541 229 537 238 628 195 632 tennis-court 0.9997
82 553 125 549 134 635 90 640 tennis-court 0.9997
235 400 279 395 289 483 245 488 tennis-court 0.9997
183 404 226 399 236 489 193 493 tennis-court 0.9996
79 413 123 409 131 499 87 503 tennis-court 0.9996
239 538 283 534 291 624 247 628 tennis-court 0.9994
345 312 341 257 441 249 446 304 basketball-court 0.9895
458 303 453 245 548 238 553 295 basketball-court 0.9845
345 314 340 252 441 245 446 307 soccer-ball-field 0.1650
455 304 451 245 553 237 557 297 soccer-ball-field 0.1340
