275 345 285 340 295 363 285 368 small-vehicle 0.8058
265 350 275 345 286 367 276 372 small-vehicle 0.6649
18 512 26 504 43 521 35 529 small-vehicle 0.3009
184 379 189 369 226 385 221 395 small-vehicle 0.2702
163 338 168 328 205 345 200 356 small-vehicle 0.2628
140 295 145 284 182 301 176 312 small-vehicle 0.1959
-8 469 0 460 20 478 12 487 small-vehicle 0.1921
448 340 459 338 466 375 455 377 small-vehicle 0.1795
185 178 173 176 181 137 193 140 small-vehicle 0.1789
208 416 212 405 253 420 249 431 small-vehicle 0.1758
556 508 567 505 576 540 565 543 small-vehicle 0.1728
315 525 317 514 357 521 355 532 small-vehicle 0.1640
245 458 248 446 288 456 285 468 small-vehicle 0.1630
227 438 231 427 269 439 266 450 small-vehicle 0.1454
340 545 342 533 382 542 379 554 small-vehicle 0.1436
591 449 600 440 625 465 616 474 small-vehicle 0.1155
366 821 372 813 389 829 383 836 small-vehicle 0.1143
278 493 280 482 320 488 318 499 small-vehicle 0.1134
170 357 174 346 213 363 209 374 small-vehicle 0.1100
196 400 200 388 245 402 241 414 small-vehicle 0.1089
544 515 555 512 565 546 553 549 small-vehicle 0.1055
128 269 134 259 171 279 165 289 small-vehicle 0.1018
306 147 296 146 302 108 312 109 large-vehicle 0.9944
277 174 284 166 315 196 307 204 large-vehicle 0.9937
321 142 311 141 315 103 325 104 large-vehicle 0.9933
293 153 282 152 286 112 297 113 large-vehicle 0.9932
335 138 325 136 330 98 340 100 large-vehicle 0.9929
231 170 220 168 227 129 238 130 large-vehicle 0.9926
527 415 537 412 545 449 535 451 large-vehicle 0.9921
220 191 227 184 256 214 249 221 large-vehicle 0.9918
262 161 251 159 257 122 268 123 large-vehicle 0.9915
247 182 255 175 283 205 276 212 large-vehicle 0.9911
216 173 205 171 213 132 223 134 large-vehicle 0.9907
339 155 346 148 376 180 368 187 large-vehicle 0.9903
246 164 236 162 243 125 254 127 large-vehicle 0.9901
379 123 370 122 374 84 384 85 large-vehicle 0.9900
366 128 356 127 359 88 369 89 large-vehicle 0.9900
395 116 383 115 387 76 399 77 large-vehicle 0.9887
346 387 356 384 365 422 356 424 large-vehicle 0.9876
351 132 340 131 346 91 356 92 large-vehicle 0.9872
513 314 524 312 531 349 520 351 large-vehicle 0.9862
203 175 191 173 198 134 209 136 large-vehicle 0.9853
293 170 301 162 329 191 321 199 large-vehicle 0.9839
308 166 316 158 344 186 336 193 large-vehicle 0.9836
354 152 362 144 393 175 385 183 large-vehicle 0.9833
499 318 510 315 518 354 508 356 large-vehicle 0.9824
415 571 425 569 433 605 423 607 large-vehicle 0.9824
408 112 398 110 404 70 414 72 large-vehicle 0.9822
500 427 511 424 521 460 511 462 large-vehicle 0.9817
505 530 516 527 525 564 514 567 large-vehicle 0.9811
486 324 497 321 505 356 493 359 large-vehicle 0.9806
530 517 540 515 551 552 541 555 large-vehicle 0.9795
492 535 503 532 511 571 500 573 large-vehicle 0.9793
478 542 489 539 498 574 488 577 large-vehicle 0.9778
265 178 273 171 299 199 291 206 large-vehicle 0.9762
233 188 240 180 271 209 264 216 large-vehicle 0.9751
131 269 136 260 171 280 165 290 large-vehicle 0.9748
473 329 483 327 492 365 481 367 large-vehicle 0.9735
539 408 551 406 558 444 547 446 large-vehicle 0.9733
465 548 475 545 486 584 476 586 large-vehicle 0.9729
323 162 330 154 359 180 351 188 large-vehicle 0.9729
322 399 331 397 338 436 329 437 large-vehicle 0.9725
476 437 486 435 494 472 484 474 large-vehicle 0.9721
200 195 207 188 240 216 233 224 large-vehicle 0.9720
441 559 451 557 458 594 447 596 large-vehicle 0.9705
399 470 410 468 418 507 407 509 large-vehicle 0.9692
460 335 471 333 479 369 469 372 large-vehicle 0.9691
334 393 344 390 353 427 343 429 large-vehicle 0.9659
371 375 381 373 390 411 379 413 large-vehicle 0.9656
450 446 460 444 470 483 460 485 large-vehicle 0.9648
199 400 202 390 242 403 238 413 large-vehicle 0.9647
310 406 320 404 328 442 318 444 large-vehicle 0.9638
453 552 463 550 472 587 462 590 large-vehicle 0.9637
428 566 438 563 447 598 437 601 large-vehicle 0.9624
411 463 421 461 429 500 419 502 large-vehicle 0.9622
518 525 528 522 538 560 527 563 large-vehicle 0.9620
425 459 435 457 443 494 434 497 large-vehicle 0.9599
434 348 444 345 454 382 444 384 large-vehicle 0.9594
358 382 368 379 379 416 369 419 large-vehicle 0.9593
422 354 432 351 442 389 432 392 large-vehicle 0.9587
125 249 130 240 163 260 158 269 large-vehicle 0.9586
489 432 499 430 508 464 498 467 large-vehicle 0.9556
544 516 555 513 564 547 554 550 large-vehicle 0.9545
386 478 396 475 405 513 394 516 large-vehicle 0.9530
397 364 407 362 416 398 405 401 large-vehicle 0.9514
410 358 420 356 428 394 418 396 large-vehicle 0.9509
385 369 396 367 404 406 394 408 large-vehicle 0.9499
374 486 383 483 394 517 384 520 large-vehicle 0.9488
437 453 447 450 456 488 446 491 large-vehicle 0.9484
447 340 458 338 466 376 455 378 large-vehicle 0.9481
173 358 178 348 213 363 209 373 large-vehicle 0.9468
298 411 308 409 315 446 305 448 large-vehicle 0.9443
185 178 173 176 181 138 193 141 large-vehicle 0.9424
463 443 473 440 482 474 472 477 large-vehicle 0.9322
150 315 155 305 192 324 187 334 large-vehicle 0.9303
315 525 317 514 356 521 354 533 large-vehicle 0.9216
339 545 341 533 381 542 378 554 large-vehicle 0.9163
279 493 281 482 319 488 317 500 large-vehicle 0.9142
121 227 127 218 160 242 153 251 large-vehicle 0.9118
245 458 248 447 286 457 283 468 large-vehicle 0.9028
228 439 231 428 269 439 266 450 large-vehicle 0.9005
210 416 214 406 253 421 249 431 large-vehicle 0.8986
141 294 146 285 181 301 176 311 large-vehicle 0.8896
184 379 189 369 227 384 222 395 large-vehicle 0.8793
583 423 590 415 617 439 610 447 large-vehicle 0.8631
582 499 593 496 601 530 590 533 large-vehicle 0.8216
579 399 586 392 612 414 605 422 large-vehicle 0.8146
556 508 567 505 576 540 565 543 large-vehicle 0.8029
570 504 581 502 590 535 579 538 large-vehicle 0.7313
296 509 298 498 337 504 335 515 large-vehicle 0.7212
163 338 167 328 204 345 199 355 large-vehicle 0.6287
285 275 283 263 321 257 323 268 large-vehicle 0.5554
591 450 598 441 624 465 616 473 large-vehicle 0.5387
