253 276 181 208 252 134 323 202 baseball-diamond 0.9985
228 926 154 847 234 773 308 852 baseball-diamond 0.9963
334 1014 442 893 566 1003 457 1124 baseball-diamond 0.9947
645 729 710 666 775 732 710 796 baseball-diamond 0.9944
605 651 523 582 596 495 677 564 baseball-diamond 0.9889
808 715 796 709 806 688 818 694 small-vehicle 0.2960
794 236 786 228 802 213 809 221 small-vehicle 0.2638
792 700 783 691 798 676 807 684 small-vehicle 0.2412
700 224 709 215 724 230 715 238 small-vehicle 0.2145
801 643 791 635 806 617 816 625 small-vehicle 0.1721
711 215 719 208 734 222 727 230 small-vehicle 0.1206
768 226 780 224 785 270 774 271 large-vehicle 0.6859
53 241 36 225 67 190 85 206 swimming-pool 0.6961
