589 816 581 806 601 789 609 798 small-vehicle 0.9464
469 713 481 707 494 732 482 738 small-vehicle 0.9253
459 718 471 713 483 741 471 747 small-vehicle 0.9170
454 504 440 504 441 476 455 476 small-vehicle 0.9075
667 914 658 904 681 883 690 893 small-vehicle 0.9069
207 917 195 910 209 886 221 893 small-vehicle 0.9067
457 473 444 471 448 443 461 445 small-vehicle 0.9063
597 827 588 816 611 798 620 809 small-vehicle 0.9024
565 785 557 776 577 757 585 766 small-vehicle 0.8855
447 725 459 720 471 747 459 752 small-vehicle 0.8744
226 936 215 930 227 906 239 911 small-vehicle 0.8703
426 511 414 510 417 481 429 482 small-vehicle 0.8653
198 905 187 899 201 876 211 882 small-vehicle 0.8642
642 885 635 876 657 859 664 868 small-vehicle 0.8541
561 463 549 461 553 432 564 433 small-vehicle 0.8515
423 736 435 730 450 758 438 765 small-vehicle 0.8182
341 780 346 767 374 779 369 792 small-vehicle 0.8173
441 507 427 505 432 475 445 477 small-vehicle 0.8165
656 899 649 890 671 873 678 882 small-vehicle 0.8136
446 475 433 474 435 447 447 448 small-vehicle 0.8077
417 143 427 139 436 160 427 164 small-vehicle 0.8032
774 553 784 550 792 579 782 582 small-vehicle 0.8013
784 549 797 546 807 577 794 581 small-vehicle 0.7900
612 850 604 841 626 821 634 830 small-vehicle 0.7888
446 690 458 686 468 712 456 716 small-vehicle 0.7871
791 594 801 589 812 611 803 616 small-vehicle 0.7616
572 796 564 787 585 767 593 776 small-vehicle 0.7387
34 664 24 656 39 636 49 644 small-vehicle 0.7278
498 457 485 455 488 426 501 427 small-vehicle 0.7264
530 740 520 729 543 709 553 721 small-vehicle 0.7241
706 173 705 159 741 155 742 170 small-vehicle 0.7128
532 124 543 120 551 142 541 146 small-vehicle 0.7107
606 839 598 830 620 810 628 820 small-vehicle 0.7082
559 774 551 766 570 748 578 756 small-vehicle 0.7042
545 757 537 749 557 729 565 737 small-vehicle 0.6971
546 922 537 913 554 896 563 906 small-vehicle 0.6916
461 684 473 680 481 704 469 708 small-vehicle 0.6723
580 806 572 796 593 779 601 788 small-vehicle 0.6679
553 765 546 757 564 738 572 746 small-vehicle 0.6674
315 319 326 314 336 339 325 344 small-vehicle 0.6671
472 680 486 675 495 701 481 706 small-vehicle 0.6404
440 797 451 790 468 814 457 822 small-vehicle 0.6398
174 842 182 833 203 850 195 859 small-vehicle 0.6359
298 330 307 326 315 346 306 349 small-vehicle 0.6319
424 696 437 692 445 719 432 723 small-vehicle 0.6185
705 159 699 146 722 136 728 149 small-vehicle 0.6129
769 520 765 510 783 501 788 511 small-vehicle 0.6109
170 866 173 854 199 861 195 873 small-vehicle 0.6096
525 443 514 442 517 415 528 416 small-vehicle 0.6081
296 915 307 907 324 929 313 937 small-vehicle 0.6070
442 85 452 82 459 102 449 105 small-vehicle 0.5945
490 680 501 676 510 704 499 708 small-vehicle 0.5873
184 830 193 822 208 841 199 848 small-vehicle 0.5859
336 161 347 159 351 180 340 182 small-vehicle 0.5823
551 437 541 436 544 409 554 410 small-vehicle 0.5701
356 107 366 105 371 125 361 127 small-vehicle 0.5692
521 101 532 97 539 116 528 120 small-vehicle 0.5661
496 139 506 136 513 156 504 159 small-vehicle 0.5658
336 313 346 310 353 330 344 334 small-vehicle 0.5592
569 162 578 158 584 177 575 180 small-vehicle 0.5580
621 857 615 848 639 831 645 840 small-vehicle 0.5491
467 122 477 118 484 137 474 140 small-vehicle 0.5482
368 157 377 155 381 174 371 176 small-vehicle 0.5467
541 694 536 685 555 675 560 684 small-vehicle 0.5444
351 819 337 815 346 789 359 793 small-vehicle 0.5421
457 153 467 148 476 169 467 173 small-vehicle 0.5402
387 152 397 149 402 170 391 172 small-vehicle 0.5361
443 847 435 838 455 820 463 829 small-vehicle 0.5315
485 117 495 113 502 132 492 136 small-vehicle 0.5304
516 132 527 128 534 147 524 151 small-vehicle 0.5287
377 152 387 150 391 174 382 176 small-vehicle 0.5270
366 104 376 102 380 124 371 126 small-vehicle 0.5250
544 122 553 119 560 138 552 141 small-vehicle 0.5230
539 440 528 439 529 412 541 413 small-vehicle 0.5229
786 165 781 153 804 144 809 155 small-vehicle 0.5199
760 458 772 453 782 483 771 487 small-vehicle 0.5148
278 336 288 333 295 353 286 356 small-vehicle 0.5132
330 186 341 184 345 204 334 206 small-vehicle 0.5119
602 634 612 628 622 647 613 653 small-vehicle 0.5117
457 126 466 123 472 141 463 144 small-vehicle 0.5113
701 147 696 137 720 125 725 135 small-vehicle 0.5109
288 332 297 329 305 348 295 352 small-vehicle 0.5101
553 118 562 115 569 134 560 138 small-vehicle 0.5041
489 92 484 81 502 73 507 84 small-vehicle 0.5029
408 818 418 811 436 835 426 843 small-vehicle 0.4902
442 160 451 157 458 177 450 180 small-vehicle 0.4881
324 66 323 55 344 52 346 64 small-vehicle 0.4836
448 130 458 126 465 144 455 148 small-vehicle 0.4783
749 461 760 457 771 483 761 488 small-vehicle 0.4741
636 876 629 866 648 851 655 861 small-vehicle 0.4643
432 89 443 85 450 106 440 110 small-vehicle 0.4616
487 142 497 138 504 157 495 161 small-vehicle 0.4607
350 759 353 747 382 756 378 767 small-vehicle 0.4598
590 638 599 633 610 650 601 656 small-vehicle 0.4560
429 137 438 134 446 153 437 157 small-vehicle 0.4507
326 162 335 160 339 180 329 182 small-vehicle 0.4498
773 606 783 603 789 623 779 626 small-vehicle 0.4486
285 926 296 916 316 936 305 947 small-vehicle 0.4468
536 750 529 741 552 722 559 731 small-vehicle 0.4424
695 140 689 129 710 118 716 129 small-vehicle 0.4384
345 158 355 156 359 176 349 178 small-vehicle 0.4341
429 166 439 163 447 183 436 187 small-vehicle 0.4311
43 794 40 785 59 777 63 786 small-vehicle 0.4299
181 891 175 881 196 867 202 877 small-vehicle 0.4279
113 791 108 777 148 763 153 777 small-vehicle 0.4235
572 652 580 646 591 662 583 667 small-vehicle 0.4173
549 705 543 696 559 685 565 694 small-vehicle 0.4173
423 94 431 91 438 111 429 114 small-vehicle 0.4168
783 601 792 597 800 616 791 619 small-vehicle 0.4130
445 878 436 867 461 847 470 858 small-vehicle 0.4114
465 69 462 59 483 53 486 64 small-vehicle 0.4104
508 136 516 133 523 150 515 154 small-vehicle 0.3995
562 720 557 711 575 700 581 710 small-vehicle 0.3988
427 48 424 37 445 33 447 43 small-vehicle 0.3985
531 676 525 667 543 657 548 666 small-vehicle 0.3950
467 148 476 144 485 164 476 168 small-vehicle 0.3877
710 591 718 588 724 608 716 611 small-vehicle 0.3855
727 584 736 580 744 601 735 605 small-vehicle 0.3793
558 653 567 648 578 669 568 674 small-vehicle 0.3672
440 134 448 131 455 149 446 152 small-vehicle 0.3666
631 867 623 857 642 842 649 852 small-vehicle 0.3586
578 157 587 153 595 172 585 176 small-vehicle 0.3575
756 563 765 559 773 578 763 582 small-vehicle 0.3567
345 309 355 305 363 326 353 330 small-vehicle 0.3512
468 101 463 91 483 81 488 91 small-vehicle 0.3504
514 103 522 100 529 119 521 122 small-vehicle 0.3483
748 182 762 178 772 213 759 217 small-vehicle 0.3455
229 850 242 849 246 876 233 878 small-vehicle 0.3385
494 610 490 599 511 592 515 603 small-vehicle 0.3365
794 176 789 167 808 157 813 166 small-vehicle 0.3363
564 438 553 437 557 409 568 411 small-vehicle 0.3285
424 79 421 68 439 63 442 74 small-vehicle 0.3238
582 644 589 639 600 656 593 661 small-vehicle 0.3193
495 656 492 646 514 639 517 649 small-vehicle 0.3159
690 580 686 571 705 563 709 572 small-vehicle 0.3067
779 138 775 128 794 121 798 130 small-vehicle 0.3028
761 608 770 605 777 629 768 631 small-vehicle 0.3018
542 92 552 89 558 106 548 110 small-vehicle 0.2992
718 588 727 585 734 604 725 607 small-vehicle 0.2935
347 95 345 84 363 81 365 91 small-vehicle 0.2794
562 115 570 111 578 130 569 133 small-vehicle 0.2781
278 55 276 44 297 42 299 53 small-vehicle 0.2756
749 268 746 257 768 251 771 262 small-vehicle 0.2739
87 814 83 803 107 793 112 804 small-vehicle 0.2675
627 20 624 9 643 2 647 13 small-vehicle 0.2498
445 74 441 63 459 57 463 68 small-vehicle 0.2455
689 598 697 595 704 616 696 618 small-vehicle 0.2387
584 624 579 615 597 605 602 614 small-vehicle 0.2185
584 193 579 184 598 176 602 185 small-vehicle 0.2140
405 82 403 72 421 69 423 79 small-vehicle 0.1946
292 738 288 728 311 719 315 729 small-vehicle 0.1895
330 48 328 36 358 31 360 43 small-vehicle 0.1886
563 163 570 160 576 180 569 182 small-vehicle 0.1840
315 729 311 720 332 710 336 720 small-vehicle 0.1825
551 168 560 164 567 184 557 187 small-vehicle 0.1795
309 116 318 115 322 135 313 137 small-vehicle 0.1781
737 438 733 428 757 419 761 429 small-vehicle 0.1642
767 563 776 560 783 580 774 583 small-vehicle 0.1626
770 121 766 110 786 103 790 113 small-vehicle 0.1593
570 110 579 106 587 126 578 130 small-vehicle 0.1576
732 458 728 446 763 433 767 444 small-vehicle 0.1552
452 156 459 153 466 172 459 175 small-vehicle 0.1529
417 809 428 801 447 827 436 834 small-vehicle 0.1388
677 938 673 927 700 916 704 927 small-vehicle 0.1316
441 24 439 14 461 10 462 20 small-vehicle 0.1261
264 705 260 696 277 689 280 699 small-vehicle 0.1224
519 646 516 636 536 630 539 639 small-vehicle 0.1114
318 163 326 162 329 181 321 182 small-vehicle 0.1072
492 61 489 49 509 44 512 56 small-vehicle 0.1056
536 520 544 511 588 545 580 555 large-vehicle 0.9948
376 577 384 568 423 601 416 610 large-vehicle 0.9926
206 409 211 396 281 424 276 437 large-vehicle 0.9915
363 584 371 574 411 608 403 617 large-vehicle 0.9913
345 590 352 581 394 612 387 622 large-vehicle 0.9909
208 473 214 461 283 490 278 502 large-vehicle 0.9903
117 478 111 468 155 442 161 452 large-vehicle 0.9886
117 494 111 483 157 457 163 467 large-vehicle 0.9883
122 597 115 585 160 557 167 569 large-vehicle 0.9875
238 634 246 625 291 661 283 671 large-vehicle 0.9861
115 463 109 452 155 424 161 434 large-vehicle 0.9858
192 313 196 301 250 319 246 331 large-vehicle 0.9856
109 379 103 368 151 340 158 352 large-vehicle 0.9847
106 312 100 302 147 275 153 285 large-vehicle 0.9841
118 510 113 500 159 475 165 486 large-vehicle 0.9836
661 549 656 537 720 511 725 523 large-vehicle 0.9827
204 421 210 409 279 441 274 453 large-vehicle 0.9824
202 371 207 359 277 389 271 401 large-vehicle 0.9816
552 516 559 506 604 539 597 549 large-vehicle 0.9816
119 528 113 518 157 492 163 502 large-vehicle 0.9812
114 446 108 436 153 408 159 419 large-vehicle 0.9806
210 523 215 510 286 540 281 552 large-vehicle 0.9803
258 631 265 621 310 656 302 666 large-vehicle 0.9799
205 439 211 427 279 456 273 469 large-vehicle 0.9781
119 579 113 568 160 541 166 552 large-vehicle 0.9775
112 430 105 420 152 392 158 402 large-vehicle 0.9775
194 297 198 285 249 302 245 314 large-vehicle 0.9769
521 526 528 518 569 551 562 559 large-vehicle 0.9764
207 489 213 476 284 508 278 520 large-vehicle 0.9763
270 622 279 612 321 646 312 657 large-vehicle 0.9760
205 456 211 444 280 473 275 486 large-vehicle 0.9754
190 248 194 236 245 253 241 265 large-vehicle 0.9751
109 347 103 335 149 308 156 320 large-vehicle 0.9736
334 600 341 590 385 624 377 634 large-vehicle 0.9722
407 565 414 555 457 589 449 599 large-vehicle 0.9718
306 615 314 605 356 638 348 648 large-vehicle 0.9707
213 540 218 527 287 557 281 570 large-vehicle 0.9673
194 332 198 319 251 336 247 349 large-vehicle 0.9665
293 697 288 683 352 657 357 670 large-vehicle 0.9659
122 613 116 603 162 575 168 586 large-vehicle 0.9619
103 195 97 185 132 164 138 174 large-vehicle 0.9611
202 356 207 343 276 372 271 384 large-vehicle 0.9599
643 478 651 468 691 498 683 509 large-vehicle 0.9582
660 472 667 462 713 495 705 505 large-vehicle 0.9568
111 397 104 386 152 359 158 370 large-vehicle 0.9545
102 216 94 204 137 177 144 189 large-vehicle 0.9527
106 331 100 321 147 292 153 302 large-vehicle 0.9505
193 652 203 642 240 676 231 687 large-vehicle 0.9497
582 502 590 492 634 527 626 537 large-vehicle 0.9488
191 229 196 217 247 239 242 251 large-vehicle 0.9469
320 604 328 594 366 627 359 636 large-vehicle 0.9422
123 632 116 620 165 593 171 604 large-vehicle 0.9371
100 181 93 169 143 139 150 151 large-vehicle 0.9350
219 639 227 629 272 663 265 673 large-vehicle 0.9310
125 662 118 651 164 623 171 634 large-vehicle 0.9297
468 540 477 530 521 567 512 577 large-vehicle 0.9237
106 281 99 269 148 240 155 252 large-vehicle 0.9234
437 553 444 544 486 577 478 586 large-vehicle 0.9208
628 483 636 474 679 508 671 518 large-vehicle 0.9122
571 269 566 256 613 237 618 250 large-vehicle 0.9074
202 388 208 376 278 405 272 418 large-vehicle 0.9047
119 547 112 535 158 509 164 521 large-vehicle 0.8942
616 494 625 483 670 518 661 529 large-vehicle 0.8883
103 248 96 236 145 209 152 221 large-vehicle 0.8870
595 322 590 309 638 290 643 303 large-vehicle 0.8807
368 668 362 655 402 639 407 652 large-vehicle 0.7185
733 239 732 225 770 224 770 238 large-vehicle 0.7112
211 556 216 544 275 570 270 582 large-vehicle 0.7072
353 420 347 406 399 383 405 397 large-vehicle 0.5996
750 461 760 457 771 484 761 488 large-vehicle 0.4921
526 443 514 443 516 416 527 416 large-vehicle 0.3834
535 751 528 742 552 722 559 731 large-vehicle 0.3764
748 182 762 178 772 213 759 217 large-vehicle 0.3482
621 858 615 849 638 832 644 840 large-vehicle 0.3089
408 651 403 638 437 625 442 638 large-vehicle 0.2975
551 436 540 435 543 409 554 410 large-vehicle 0.2576
498 457 485 456 488 427 501 428 large-vehicle 0.2473
732 458 728 446 774 429 779 441 large-vehicle 0.2400
171 672 182 659 223 695 211 708 large-vehicle 0.2123
539 439 528 438 531 411 541 412 large-vehicle 0.2067
425 510 414 509 417 482 428 483 large-vehicle 0.1666
490 680 501 676 510 704 499 708 large-vehicle 0.1435
564 439 552 437 555 409 567 410 large-vehicle 0.1310
580 805 572 797 593 780 600 788 large-vehicle 0.1231
612 850 605 841 625 823 633 831 large-vehicle 0.1206
606 839 598 830 620 810 628 820 large-vehicle 0.1105
