372 786 361 784 365 759 376 761 small-vehicle 0.8001
365 469 355 468 357 449 367 450 small-vehicle 0.7406
396 358 386 357 389 336 398 337 small-vehicle 0.6668
325 768 314 767 315 747 327 748 small-vehicle 0.6493
382 433 373 431 377 411 386 413 small-vehicle 0.5365
45 790 42 780 62 775 64 785 small-vehicle 0.5364
351 730 342 729 344 709 352 710 small-vehicle 0.5232
359 770 350 769 351 752 360 753 small-vehicle 0.5026
51 708 46 700 62 690 67 698 small-vehicle 0.4989
424 176 415 175 417 155 425 156 small-vehicle 0.4949
435 187 426 186 429 167 438 169 small-vehicle 0.4919
89 744 80 742 83 725 92 727 small-vehicle 0.4896
358 588 349 587 351 567 360 568 small-vehicle 0.4463
45 800 43 790 66 786 68 797 small-vehicle 0.4230
99 752 90 751 93 733 102 735 small-vehicle 0.3956
47 809 45 801 65 797 66 806 small-vehicle 0.3928
37 751 35 742 53 737 56 746 small-vehicle 0.3671
72 720 64 718 67 702 75 704 small-vehicle 0.1973
49 819 47 810 67 806 69 815 small-vehicle 0.1968
41 771 39 759 59 755 61 767 small-vehicle 0.1668
69 820 67 812 88 809 89 817 small-vehicle 0.1229
188 249 148 239 170 154 210 164 tennis-court 0.9997
155 375 115 364 137 279 177 290 tennis-court 0.9996
205 387 165 376 187 294 227 305 tennis-court 0.9996
237 261 197 250 220 167 259 177 tennis-court 0.9996
267 404 226 394 248 309 288 319 tennis-court 0.9992
296 277 259 267 282 183 319 193 tennis-court 0.9986
149 458 162 406 263 431 250 483 basketball-court 0.9957
133 510 149 466 245 500 229 544 basketball-court 0.9698
151 460 165 405 263 431 248 485 soccer-ball-field 0.2873
