1017 1139 966 1056 1055 1001 1106 1085 baseball-diamond 0.9985
540 383 483 284 592 222 648 322 baseball-diamond 0.9978
534 1250 475 1142 584 1082 644 1189 baseball-diamond 0.9974
167 632 99 537 198 467 266 562 baseball-diamond 0.9970
388 989 292 874 418 768 515 884 baseball-diamond 0.9942
892 1009 830 889 954 826 1015 945 baseball-diamond 0.9905
743 686 690 604 774 551 826 633 baseball-diamond 0.9620
1216 821 1212 813 1233 802 1237 810 small-vehicle 0.2708
1017 146 1027 138 1044 160 1034 168 small-vehicle 0.2236
1279 1252 1289 1246 1303 1271 1292 1276 small-vehicle 0.2179
1282 530 1290 523 1306 541 1298 548 small-vehicle 0.1741
876 411 871 402 890 391 895 400 small-vehicle 0.1679
1098 965 1108 958 1123 979 1113 986 small-vehicle 0.1602
563 109 572 102 586 121 576 128 small-vehicle 0.1527
498 5 508 -1 521 18 511 24 small-vehicle 0.1445
537 3 546 -3 560 18 550 24 small-vehicle 0.1405
724 358 731 353 744 372 737 377 small-vehicle 0.1362
1117 936 1128 929 1142 949 1132 956 small-vehicle 0.1145
274 27 269 19 304 -1 309 7 large-vehicle 0.1675
1219 1159 1228 1153 1246 1180 1238 1186 large-vehicle 0.1210
532 58 541 52 555 71 546 78 large-vehicle 0.1147
1177 1342 1153 1304 1234 1254 1258 1293 tennis-court 0.9948
1207 1389 1184 1352 1263 1302 1287 1340 tennis-court 0.9935
762 1254 729 1204 813 1148 846 1198 basketball-court 0.9891
808 1303 775 1253 849 1204 882 1254 basketball-court 0.9762
380 804 735 632 930 1036 575 1208 soccer-ball-field 0.4733
202 822 35 512 613 201 780 512 soccer-ball-field 0.1181
108 452 97 431 131 412 143 433 swimming-pool 0.8858
