512 60 513 48 538 50 537 62 small-vehicle 0.8931
478 106 479 95 503 96 502 107 small-vehicle 0.8686
325 560 315 559 317 540 327 541 small-vehicle 0.8388
534 568 523 567 524 541 535 542 small-vehicle 0.8150
427 565 416 565 418 541 429 541 small-vehicle 0.8113
433 103 435 92 459 95 457 106 small-vehicle 0.8062
364 506 352 506 353 481 365 482 small-vehicle 0.8029
463 562 452 562 453 541 464 541 small-vehicle 0.8007
464 586 451 585 453 566 465 566 small-vehicle 0.8000
534 589 521 588 522 567 535 568 small-vehicle 0.7913
312 580 301 579 302 560 313 561 small-vehicle 0.7755
601 109 601 98 627 98 626 109 small-vehicle 0.7744
372 564 361 564 361 540 373 540 small-vehicle 0.7527
542 543 555 543 556 569 542 569 small-vehicle 0.7450
465 508 453 507 455 486 467 487 small-vehicle 0.7393
350 506 341 506 341 484 351 484 small-vehicle 0.7221
678 113 678 102 708 102 709 113 small-vehicle 0.7049
440 564 429 564 430 542 441 542 small-vehicle 0.7016
720 113 720 101 749 103 749 114 small-vehicle 0.7004
317 503 305 503 306 481 319 481 small-vehicle 0.6991
479 58 479 47 508 47 508 59 small-vehicle 0.6966
338 504 328 503 329 482 340 483 small-vehicle 0.6939
568 109 568 99 589 99 590 109 small-vehicle 0.6886
534 107 535 96 557 98 557 109 small-vehicle 0.6876
302 579 290 578 292 558 303 558 small-vehicle 0.6662
576 594 565 593 567 572 578 573 small-vehicle 0.6659
831 116 831 105 858 106 857 117 small-vehicle 0.6577
395 55 395 44 417 44 417 55 small-vehicle 0.6507
444 507 431 506 434 482 446 483 small-vehicle 0.6487
547 60 548 50 570 52 569 62 small-vehicle 0.6463
394 588 385 587 386 567 395 567 small-vehicle 0.6441
394 562 382 561 384 541 396 542 small-vehicle 0.6401
554 594 543 593 545 571 556 572 small-vehicle 0.6392
313 562 300 560 302 538 316 539 small-vehicle 0.6357
323 581 313 580 315 561 325 562 small-vehicle 0.6317
349 585 339 585 340 564 351 565 small-vehicle 0.6293
466 487 478 487 478 509 467 509 small-vehicle 0.6212
408 508 397 507 399 484 409 485 small-vehicle 0.6203
506 107 506 97 530 98 530 108 small-vehicle 0.6183
632 111 633 100 656 102 655 112 small-vehicle 0.6152
327 505 316 504 319 482 330 483 small-vehicle 0.6130
361 585 350 584 351 564 361 565 small-vehicle 0.6115
453 506 443 506 443 485 454 486 small-vehicle 0.6046
342 52 342 42 363 43 363 53 small-vehicle 0.5909
599 597 588 596 590 575 601 576 small-vehicle 0.5836
427 589 417 588 419 569 429 570 small-vehicle 0.5825
546 511 535 511 535 488 546 488 small-vehicle 0.5764
336 585 325 584 327 562 338 563 small-vehicle 0.5734
478 563 466 563 468 541 479 542 small-vehicle 0.5726
452 585 442 584 443 566 454 567 small-vehicle 0.5607
754 114 754 104 780 105 779 115 small-vehicle 0.5600
367 55 367 44 396 43 396 55 small-vehicle 0.5554
576 61 576 52 600 52 600 61 small-vehicle 0.5542
406 565 395 565 395 541 406 541 small-vehicle 0.5520
453 563 441 563 441 541 454 542 small-vehicle 0.5463
475 586 463 586 464 566 476 567 small-vehicle 0.5456
371 585 361 584 363 564 372 565 small-vehicle 0.5438
379 101 379 91 402 91 402 102 small-vehicle 0.5430
417 562 407 562 407 542 417 542 small-vehicle 0.5408
421 57 422 45 445 46 444 57 small-vehicle 0.5210
334 102 334 90 372 89 373 101 small-vehicle 0.5198
306 503 294 503 294 481 307 482 small-vehicle 0.5189
405 588 395 587 397 567 406 568 small-vehicle 0.5141
704 598 692 597 694 574 705 575 small-vehicle 0.5115
315 53 316 41 337 42 336 54 small-vehicle 0.5098
496 507 485 505 488 486 499 488 small-vehicle 0.5091
382 586 374 586 375 566 384 566 small-vehicle 0.5084
543 590 533 589 534 570 544 570 small-vehicle 0.5037
593 511 583 511 583 489 594 489 small-vehicle 0.4939
741 67 741 58 763 58 763 67 small-vehicle 0.4621
416 587 407 586 408 567 418 567 small-vehicle 0.4474
524 509 512 508 513 486 525 487 small-vehicle 0.4421
374 506 363 505 365 482 376 483 small-vehicle 0.4415
577 572 565 571 565 549 577 549 small-vehicle 0.4391
223 596 226 586 248 592 245 602 small-vehicle 0.4197
191 63 191 54 210 54 210 64 small-vehicle 0.4147
490 588 477 587 477 566 490 566 small-vehicle 0.4107
523 567 511 566 511 540 523 541 small-vehicle 0.4092
785 115 785 104 811 104 811 115 small-vehicle 0.4090
400 101 400 91 426 92 426 102 small-vehicle 0.3980
521 589 510 588 511 564 522 564 small-vehicle 0.3922
450 56 451 46 473 47 473 57 small-vehicle 0.3714
280 559 291 558 292 578 281 579 small-vehicle 0.3318
579 510 569 510 570 488 580 488 small-vehicle 0.3251
432 508 421 508 421 484 432 485 small-vehicle 0.3231
349 555 336 555 337 536 349 537 small-vehicle 0.3198
398 506 386 504 388 485 399 486 small-vehicle 0.2712
681 596 670 596 671 572 683 573 small-vehicle 0.2704
656 112 656 102 681 103 680 112 small-vehicle 0.2110
295 503 282 502 283 479 296 480 small-vehicle 0.1959
745 95 745 85 774 87 773 97 small-vehicle 0.1678
621 593 611 593 612 572 622 572 small-vehicle 0.1658
439 588 427 586 431 567 442 570 small-vehicle 0.1431
384 503 374 499 379 485 390 490 small-vehicle 0.1041
745 95 745 86 773 87 773 97 large-vehicle 0.6074
704 434 654 432 657 333 707 334 tennis-court 0.9997
711 281 664 279 668 179 715 181 tennis-court 0.9997
333 405 288 404 291 306 336 307 tennis-court 0.9996
775 282 727 280 732 177 779 179 tennis-court 0.9996
634 278 585 275 591 177 640 180 tennis-court 0.9996
276 249 230 247 235 147 281 149 tennis-court 0.9996
270 403 222 400 227 303 276 306 tennis-court 0.9995
773 437 725 436 728 334 776 335 tennis-court 0.9993
338 254 291 252 295 153 342 155 tennis-court 0.9992
629 430 583 429 586 329 632 330 tennis-court 0.9991
405 255 358 253 361 155 408 157 tennis-court 0.9985
398 408 353 408 355 308 400 309 tennis-court 0.9965
878 222 895 203 932 236 915 255 swimming-pool 0.3282
842 267 827 257 854 218 869 228 swimming-pool 0.1470
