380 557 417 427 556 466 519 597 baseball-diamond 0.9978
519 829 395 815 410 685 533 699 baseball-diamond 0.9969
306 1288 335 1002 718 1041 688 1327 ground-track-field 0.2414
634 305 919 267 976 697 691 735 ground-track-field 0.2233
138 61 139 51 156 53 155 63 small-vehicle 0.2067
1176 683 1196 681 1197 704 1178 706 small-vehicle 0.1020
780 897 823 896 824 989 782 990 tennis-court 0.9991
921 1125 880 1125 880 1037 922 1037 tennis-court 0.9984
830 1034 870 1034 870 1126 830 1126 tennis-court 0.9984
822 1126 777 1126 778 1032 824 1033 tennis-court 0.9984
870 993 831 992 833 897 871 898 tennis-court 0.9976
923 993 879 991 883 897 927 899 tennis-court 0.9968
557 590 562 517 660 524 655 597 tennis-court 0.1794
34 695 57 694 58 737 35 738 tennis-court 0.1110
1186 866 1156 865 1158 832 1187 833 storage-tank 0.4944
1113 871 1112 838 1147 836 1148 870 storage-tank 0.3187
306 1274 322 1045 720 1072 705 1301 soccer-ball-field 0.9971
533 447 533 365 679 365 679 447 soccer-ball-field 0.9953
703 1011 552 1008 558 734 708 737 soccer-ball-field 0.9922
297 588 190 484 409 258 516 362 soccer-ball-field 0.9900
901 709 693 696 720 278 927 291 soccer-ball-field 0.9850
272 1299 158 1290 175 1096 289 1106 soccer-ball-field 0.9274
534 350 527 277 658 265 665 338 soccer-ball-field 0.9273
292 1140 163 1137 168 940 297 943 soccer-ball-field 0.9020
531 1044 413 1036 423 882 541 890 soccer-ball-field 0.8012
559 420 655 419 656 599 561 600 soccer-ball-field 0.3982
218 692 377 667 415 905 256 931 soccer-ball-field 0.3255
259 195 259 165 302 165 302 195 swimming-pool 0.9199
20 552 18 529 56 527 57 550 swimming-pool 0.9152
121 190 122 171 160 172 160 191 swimming-pool 0.9123
59 193 58 170 101 168 102 191 swimming-pool 0.9039
45 889 72 888 74 926 46 928 swimming-pool 0.8933
24 618 48 614 54 651 29 654 swimming-pool 0.8037
585 208 581 193 598 188 602 203 swimming-pool 0.6242
54 992 71 991 72 1016 56 1017 swimming-pool 0.6110
56 412 73 411 75 438 58 439 swimming-pool 0.5488
931 40 932 20 983 23 982 43 swimming-pool 0.5355
82 850 47 846 53 798 87 802 swimming-pool 0.4164
32 697 55 695 58 736 35 738 swimming-pool 0.3717
