1127 212 1095 156 1156 122 1188 178 baseball-diamond 0.9981
1134 237 1186 209 1216 266 1164 294 baseball-diamond 0.9932
312 1101 317 1024 545 1041 539 1118 bridge 0.8150
823 594 801 592 805 545 827 548 tennis-court 0.9931
943 536 920 535 923 486 945 488 tennis-court 0.9916
911 602 887 600 890 550 914 551 tennis-court 0.9901
915 534 896 533 899 486 918 487 tennis-court 0.9890
881 598 862 597 865 551 885 553 tennis-court 0.9889
845 529 826 527 829 481 848 483 tennis-court 0.9869
852 591 830 589 833 549 854 551 tennis-court 0.9824
870 531 851 530 855 482 874 484 tennis-court 0.9787
