469 120 421 113 438 0 486 6 small-vehicle 0.2950
649 162 591 134 620 73 678 101 small-vehicle 0.2693
562 396 521 377 550 312 591 330 small-vehicle 0.1495
490 394 446 368 486 298 531 323 small-vehicle 0.1278
340 1325 314 1309 366 1225 393 1241 large-vehicle 0.2789
294 1215 268 1197 314 1132 340 1150 large-vehicle 0.2471
929 774 887 760 936 599 979 612 large-vehicle 0.1425
1758 1296 1769 1266 1928 1324 1917 1354 large-vehicle 0.1216
1722 1353 1736 1318 1914 1387 1901 1422 large-vehicle 0.1125
469 120 421 113 438 0 486 6 storage-tank 0.1241
