3260 678 3291 612 3364 647 3333 713 plane 0.9795
2248 611 2266 536 2360 558 2342 633 plane 0.9762
175 1293 134 1262 168 1217 209 1247 plane 0.9552
4057 1363 4004 1307 4064 1252 4116 1307 plane 0.9550
3880 1129 3840 1072 3898 1031 3938 1088 plane 0.9189
3817 1035 3790 985 3843 956 3870 1006 plane 0.9151
3779 991 3745 942 3799 904 3833 953 plane 0.8847
3715 880 3764 852 3794 903 3745 932 plane 0.8283
3712 884 3686 842 3729 816 3754 857 plane 0.7848
208 1187 208 1143 286 1143 286 1187 plane 0.7500
3099 1008 3084 935 3164 918 3179 990 plane 0.7001
301 1101 361 1090 374 1158 315 1169 plane 0.6900
561 896 499 859 541 790 602 827 plane 0.6274
3945 1187 3982 1157 4020 1202 3983 1233 plane 0.5638
230 1269 280 1251 303 1317 253 1334 plane 0.4517
139 1190 136 1145 216 1140 219 1184 plane 0.3835
3599 905 3576 873 3635 830 3658 862 plane 0.3709
506 944 483 904 548 866 572 905 plane 0.3471
3657 879 3635 846 3687 812 3709 845 plane 0.3265
274 1196 271 1146 334 1143 336 1193 plane 0.2695
2876 1258 2934 1252 2941 1332 2883 1337 plane 0.2581
2365 425 2322 413 2336 361 2379 372 plane 0.2109
313 1046 306 1006 371 994 378 1034 plane 0.1247
299 1041 356 1034 364 1100 306 1107 plane 0.1087
1287 258 1301 206 1361 222 1347 274 plane 0.1043
1304 270 1276 245 1311 205 1339 231 small-vehicle 0.4883
1393 271 1354 255 1372 214 1410 231 small-vehicle 0.1078
375 890 360 874 435 802 450 818 large-vehicle 0.1474
