409 1444 396 1409 437 1394 450 1429 plane 0.9965
405 853 408 799 476 803 473 857 plane 0.9946
475 589 450 589 451 549 476 550 plane 0.9933
417 531 444 530 446 562 418 563 plane 0.9929
454 1279 454 1248 492 1248 492 1279 plane 0.9919
398 1278 397 1251 434 1249 435 1276 plane 0.9910
374 1390 343 1389 344 1347 375 1348 plane 0.9820
536 376 501 374 504 332 538 335 plane 0.9790
406 1487 383 1468 408 1438 431 1457 plane 0.9745
441 148 412 146 414 108 443 110 plane 0.9741
426 1242 426 1207 463 1207 463 1242 plane 0.9705
475 543 447 538 452 502 481 506 plane 0.9641
425 1159 425 1127 467 1127 467 1159 plane 0.9619
416 582 442 578 447 606 420 610 plane 0.9550
440 349 407 346 411 303 444 306 plane 0.9506
429 1571 417 1543 450 1529 461 1557 plane 0.9462
543 201 512 199 516 156 546 159 plane 0.9346
416 1638 392 1618 412 1593 436 1614 plane 0.9228
539 299 512 298 513 260 541 261 plane 0.8242
450 1450 449 1424 482 1423 483 1449 plane 0.8203
447 604 472 603 474 630 449 631 plane 0.6206
244 1350 269 1349 271 1389 245 1390 plane 0.1508
342 1316 343 1302 382 1305 381 1318 large-vehicle 0.4158
337 1737 325 1737 328 1692 340 1693 large-vehicle 0.3580
391 1614 413 1593 437 1618 415 1639 helicopter 0.2450
