1908 749 1895 674 1986 658 2000 732 plane 0.8374
3651 394 3583 388 3588 316 3657 321 plane 0.7874
3438 387 3435 324 3530 319 3534 382 plane 0.7383
4515 821 4594 815 4600 895 4521 900 plane 0.7369
4494 817 4483 764 4541 752 4552 805 plane 0.6022
1600 456 1609 390 1693 402 1684 468 plane 0.5626
1544 427 1573 384 1616 413 1588 456 plane 0.4560
4350 818 4346 761 4472 752 4476 809 plane 0.4362
1823 462 1808 404 1883 385 1898 443 plane 0.3982
1822 639 1803 583 1860 563 1879 619 plane 0.3488
4435 837 4503 830 4511 902 4442 910 plane 0.3389
1892 570 1869 523 1918 499 1941 546 plane 0.2891
1756 575 1755 507 1842 504 1843 573 plane 0.2850
442 479 423 424 484 403 503 457 plane 0.1348
1657 569 1649 525 1746 507 1754 551 plane 0.1294
2441 684 2507 671 2521 747 2456 759 plane 0.1124
1287 584 1336 552 1372 607 1323 639 plane 0.1051
1815 755 1803 694 1884 678 1896 739 plane 0.1025
3377 401 3365 346 3428 331 3441 387 plane 0.1017
1705 717 1698 644 1792 635 1799 708 small-vehicle 0.2409
2323 632 2322 600 2433 595 2434 627 large-vehicle 0.2080
3713 483 3712 444 3838 441 3839 480 large-vehicle 0.1504
1702 731 1697 668 1800 661 1805 723 ship 0.1373
