2639 700 2637 609 2743 607 2745 697 plane 0.9974
4179 558 4246 557 4247 624 4180 625 plane 0.9923
2759 982 2691 974 2700 901 2768 909 plane 0.9916
3033 790 3109 784 3115 859 3039 865 plane 0.9915
4173 448 4170 386 4246 382 4248 445 plane 0.9708
2518 741 2502 665 2590 646 2606 721 plane 0.9561
581 1051 580 1008 656 1005 658 1048 plane 0.9522
483 1066 475 1004 542 995 550 1057 plane 0.9424
2687 996 2591 987 2601 881 2697 889 plane 0.9254
3034 718 3095 713 3101 789 3040 794 plane 0.9123
4198 784 4184 725 4257 707 4271 766 plane 0.8762
1531 410 1530 353 1609 352 1609 409 plane 0.8754
2352 869 2380 821 2432 852 2404 900 plane 0.8585
397 942 429 904 480 947 448 985 plane 0.8490
2915 727 2845 726 2845 645 2916 646 plane 0.8461
2569 976 2517 926 2582 859 2634 909 plane 0.8170
1072 488 1111 446 1154 486 1115 528 plane 0.8090
997 1045 994 996 1065 993 1068 1042 plane 0.7682
287 747 316 713 365 754 336 789 plane 0.7415
381 716 403 681 450 711 427 745 plane 0.7132
272 852 300 819 342 854 314 887 plane 0.6323
1065 979 1124 952 1155 1020 1095 1046 plane 0.6077
650 1055 646 1005 702 1001 706 1051 plane 0.6069
1484 489 1475 420 1548 410 1557 480 plane 0.5970
2369 670 2438 669 2439 748 2371 749 plane 0.4861
38 682 62 647 110 681 86 716 plane 0.4661
356 800 385 763 451 815 422 852 plane 0.4368
2866 964 2842 915 2893 891 2916 940 plane 0.4123
696 755 749 749 756 812 702 817 plane 0.3396
3124 795 3178 789 3186 863 3132 869 plane 0.1858
4257 536 4312 531 4318 598 4263 602 plane 0.1794
2508 983 2494 935 2546 920 2560 968 plane 0.1600
1038 803 994 775 1022 730 1066 758 plane 0.1191
1733 760 1731 728 1833 721 1835 752 large-vehicle 0.4040
1751 937 1750 902 1869 897 1870 932 large-vehicle 0.1084
2906 576 2964 574 2966 634 2908 636 storage-tank 0.2189
2375 902 2352 847 2413 822 2436 877 helicopter 0.1513
2919 761 2841 761 2842 647 2920 648 helicopter 0.1260
