535 207 546 203 555 225 543 229 small-vehicle 0.8896
621 335 629 328 644 344 636 351 small-vehicle 0.4487
516 251 516 241 538 243 537 252 small-vehicle 0.3708
637 320 636 310 654 309 655 319 small-vehicle 0.1580
630 314 628 303 644 300 646 311 small-vehicle 0.1510
709 462 714 454 731 465 726 473 small-vehicle 0.1468
545 313 545 303 566 302 566 311 small-vehicle 0.1380
546 261 554 253 575 274 566 282 small-vehicle 0.1379
641 330 639 322 654 318 656 326 small-vehicle 0.1136
652 336 654 326 671 328 670 338 small-vehicle 0.1052
538 535 497 534 498 452 538 453 tennis-court 0.9991
463 527 422 525 426 449 467 451 tennis-court 0.9981
175 342 176 268 253 269 252 343 swimming-pool 0.9902
