245 660 274 540 398 569 369 690 baseball-diamond 0.9951
562 421 468 410 479 314 573 325 baseball-diamond 0.9950
21 529 35 528 37 547 22 548 small-vehicle 0.2012
46 527 58 526 59 550 48 551 small-vehicle 0.1928
626 496 627 486 647 487 647 497 small-vehicle 0.1415
698 340 687 333 694 320 705 327 small-vehicle 0.1249
706 163 692 163 693 105 706 105 large-vehicle 0.2718
235 357 234 300 328 300 329 356 basketball-court 0.9964
256 411 253 361 310 357 314 407 basketball-court 0.1313
309 209 309 185 354 186 354 210 swimming-pool 0.9572
60 143 88 142 89 195 61 195 swimming-pool 0.9398
99 1048 98 1025 137 1024 138 1047 swimming-pool 0.8973
366 1007 383 992 409 1021 392 1036 swimming-pool 0.8915
317 1033 302 1025 317 998 332 1006 swimming-pool 0.7547
474 1040 475 1022 504 1024 503 1042 swimming-pool 0.4877
