2335 1054 2360 1033 2438 1131 2413 1152 ship 0.9062
1839 3405 1834 3368 1966 3352 1970 3390 ship 0.8892
2465 2598 2462 2566 2555 2558 2557 2591 ship 0.8675
2972 3396 2977 3365 3068 3379 3064 3409 ship 0.8372
1535 2284 1531 2253 1624 2242 1628 2273 ship 0.8107
1839 2340 1835 2306 1933 2296 1937 2330 ship 0.8025
1640 2951 1636 2919 1747 2905 1751 2937 ship 0.7923
2367 3373 2370 3339 2470 3350 2466 3384 ship 0.7765
1217 3221 1213 3184 1307 3173 1311 3209 ship 0.7699
1743 4618 1711 4601 1759 4512 1791 4529 ship 0.7647
1997 2835 1996 2797 2109 2794 2110 2831 ship 0.7248
2543 442 2549 412 2642 430 2636 461 ship 0.6999
1184 2273 1182 2239 1281 2231 1284 2266 ship 0.6868
3408 1641 3386 1623 3465 1529 3487 1547 ship 0.6543
1823 4630 1778 4614 1817 4507 1862 4524 ship 0.6460
1248 4268 1234 4238 1310 4203 1324 4234 ship 0.6373
2911 384 2906 354 2993 340 2998 370 ship 0.5809
2859 2498 2853 2466 2948 2449 2954 2481 ship 0.5713
2414 1676 2411 1649 2499 1637 2503 1664 ship 0.5371
1893 4638 1847 4629 1875 4489 1920 4498 ship 0.5142
1574 2726 1566 2689 1637 2672 1646 2710 ship 0.4511
1099 3815 1101 3784 1185 3789 1183 3820 ship 0.4500
850 3043 846 3011 925 3000 930 3033 ship 0.4241
1622 4001 1608 3969 1680 3938 1694 3970 ship 0.3755
1703 1616 1710 1589 1797 1611 1790 1638 ship 0.3683
2219 2439 2215 2405 2302 2397 2306 2430 ship 0.2962
1479 3636 1474 3603 1558 3591 1563 3623 ship 0.2860
631 213 659 207 680 310 651 316 ship 0.2661
2449 4407 2498 4383 2532 4454 2483 4478 ship 0.2331
2650 2835 2655 2800 2723 2810 2717 2845 ship 0.1991
1800 4333 1779 4308 1852 4247 1872 4272 ship 0.1734
3115 764 3106 737 3207 705 3216 731 ship 0.1716
1983 4565 1951 4541 2010 4463 2042 4488 ship 0.1174
