1352 926 1377 916 1405 992 1379 1001 ship 0.9893
1383 1182 1408 1173 1433 1239 1408 1248 ship 0.9879
1377 915 1402 906 1430 981 1405 990 ship 0.9831
1656 1067 1681 1058 1710 1138 1685 1147 ship 0.9819
1359 1195 1386 1185 1413 1258 1387 1268 ship 0.9809
1433 1164 1460 1154 1486 1227 1459 1237 ship 0.9774
1473 879 1502 868 1531 946 1502 957 ship 0.9648
1524 855 1550 845 1575 913 1549 923 ship 0.9646
1414 1079 1442 1069 1466 1132 1438 1143 ship 0.9605
1485 1143 1508 1134 1533 1202 1510 1211 ship 0.9593
1326 932 1354 923 1376 996 1348 1004 ship 0.9556
1792 783 1821 772 1857 861 1827 873 ship 0.9549
1482 1070 1505 1059 1528 1109 1505 1120 ship 0.9352
1511 1056 1533 1047 1553 1097 1531 1106 ship 0.9337
1203 824 1176 801 1259 703 1287 726 ship 0.9210
1459 1150 1484 1140 1510 1203 1485 1213 ship 0.9172
1410 1167 1436 1159 1458 1231 1432 1239 ship 0.9168
1209 989 1237 980 1259 1045 1231 1054 ship 0.9164
1423 895 1451 885 1478 958 1450 968 ship 0.9084
1584 1019 1608 1007 1637 1064 1613 1076 ship 0.8939
1608 1092 1634 1081 1661 1146 1635 1157 ship 0.8794
1215 1169 1238 1160 1259 1214 1235 1223 ship 0.8642
1444 1081 1467 1072 1486 1121 1463 1130 ship 0.8560
1660 1009 1694 998 1733 1113 1700 1124 ship 0.8531
1257 1153 1279 1146 1294 1197 1272 1203 ship 0.8442
1192 910 1212 903 1229 950 1210 957 ship 0.8322
1316 1206 1341 1197 1360 1254 1335 1263 ship 0.8204
1612 1003 1631 997 1649 1052 1629 1058 ship 0.8114
328 1141 300 1117 385 1018 414 1043 ship 0.7774
1318 1132 1341 1124 1360 1176 1337 1184 ship 0.7716
1255 1230 1273 1224 1288 1267 1269 1273 ship 0.7280
1178 991 1201 983 1217 1029 1194 1037 ship 0.7165
1296 1140 1321 1130 1341 1185 1315 1194 ship 0.7125
1556 766 1579 755 1603 807 1580 817 ship 0.5811
1383 1108 1410 1100 1425 1150 1397 1158 ship 0.5412
1222 1243 1254 1231 1275 1281 1243 1294 ship 0.5060
1514 789 1537 778 1560 826 1537 837 ship 0.4925
1557 1046 1583 1028 1610 1066 1583 1085 ship 0.4828
1659 1321 1676 1315 1688 1351 1671 1357 ship 0.3722
1301 868 1332 855 1353 907 1321 919 ship 0.3661
1088 764 1115 757 1135 833 1107 840 ship 0.3435
1497 1426 1484 1397 1558 1364 1571 1393 ship 0.3418
1422 825 1455 812 1476 865 1443 878 ship 0.3184
1356 847 1383 837 1402 888 1375 898 ship 0.2872
1577 1460 1560 1418 1782 1329 1799 1371 ship 0.2137
1351 1120 1368 1114 1384 1163 1367 1169 ship 0.2067
1281 1216 1301 1208 1322 1263 1301 1270 ship 0.1904
1492 1345 1513 1341 1522 1391 1501 1395 ship 0.1555
1257 966 1284 952 1314 1012 1287 1025 ship 0.1316
1592 754 1615 746 1633 798 1611 806 ship 0.1275
1218 349 1306 347 1308 439 1220 442 roundabout 0.9875
304 359 302 274 391 272 393 357 roundabout 0.9663
1159 1073 1103 926 1602 738 1657 885 harbor 0.9899
1235 1314 1183 1182 1668 991 1720 1122 harbor 0.9714
1410 1611 1375 1525 1827 1341 1862 1427 harbor 0.7931
2030 1325 1982 1279 2141 1111 2188 1156 harbor 0.1422
