207 713 163 699 191 612 236 627 bridge 0.8701
668 847 691 837 743 953 720 964 bridge 0.5932
562 964 572 926 748 969 739 1007 bridge 0.1866
942 845 969 841 974 874 948 879 bridge 0.1784
667 702 669 670 912 678 911 711 bridge 0.1282
851 1624 838 1619 846 1598 859 1603 small-vehicle 0.3954
1230 1034 1323 927 1451 1037 1358 1144 small-vehicle 0.2244
728 136 719 133 728 102 737 104 large-vehicle 0.3061
725 536 734 534 744 571 734 573 large-vehicle 0.2388
704 442 717 440 724 488 711 490 large-vehicle 0.1848
1562 1159 1572 1152 1587 1173 1577 1180 large-vehicle 0.1150
155 1367 157 1298 232 1299 231 1369 roundabout 0.2834
1346 148 1390 147 1391 193 1348 195 roundabout 0.1534
168 1521 152 1513 165 1487 181 1496 swimming-pool 0.7954
490 1081 498 1065 521 1077 514 1093 swimming-pool 0.5891
1322 302 1311 284 1333 270 1344 289 swimming-pool 0.2314
443 1216 448 1205 471 1214 466 1225 swimming-pool 0.2303
1049 1043 1065 1035 1078 1059 1062 1068 swimming-pool 0.1028
