94 856 128 814 176 853 141 895 plane 0.9798
1071 878 1058 830 1442 726 1455 774 bridge 0.9974
1866 689 1961 678 1982 859 1887 870 ground-track-field 0.9492
242 1444 161 1391 276 1214 357 1266 ground-track-field 0.1468
297 828 287 819 320 781 330 790 large-vehicle 0.1927
1158 315 1134 311 1172 104 1195 108 ship 0.8346
1748 2004 1740 1996 1779 1956 1787 1964 ship 0.6888
1625 1875 1616 1862 1661 1831 1670 1844 ship 0.5270
1189 1153 1200 1149 1222 1206 1210 1210 ship 0.1776
1538 1748 1530 1737 1557 1716 1566 1727 ship 0.1536
1925 255 1866 245 1876 181 1935 191 tennis-court 0.1123
888 333 889 304 919 305 918 334 storage-tank 0.2757
918 302 918 276 943 276 943 301 storage-tank 0.1604
1876 707 1956 699 1971 838 1891 847 soccer-ball-field 0.8652
1974 675 2057 663 2073 779 1990 790 soccer-ball-field 0.1906
241 1442 163 1394 273 1216 350 1264 soccer-ball-field 0.1605
1180 1155 1200 1146 1297 1369 1278 1378 harbor 0.7031
1537 1751 1529 1740 1559 1718 1567 1730 harbor 0.2246
