1386 817 1354 807 1398 668 1429 678 bridge 0.8036
1077 1935 1070 1916 1132 1893 1139 1912 bridge 0.5134
1503 17 1506 5 1545 16 1542 28 large-vehicle 0.1719
1635 1631 1596 1628 1602 1544 1640 1547 tennis-court 0.5903
1554 1570 1600 1565 1608 1630 1562 1635 tennis-court 0.2930
1636 1552 1676 1550 1681 1631 1640 1633 tennis-court 0.2553
1549 918 1515 918 1516 882 1550 883 storage-tank 0.6585
516 318 350 284 396 63 562 97 soccer-ball-field 0.7932
334 879 162 834 221 613 392 658 soccer-ball-field 0.1359
790 805 794 740 859 743 855 808 roundabout 0.9903
473 527 433 522 438 478 478 484 roundabout 0.2766
1347 1350 1367 1332 1405 1373 1385 1391 swimming-pool 0.4264
