3021 2637 2915 2579 2974 2471 3080 2529 plane 0.9982
2943 2492 2927 2373 3060 2355 3076 2475 plane 0.9963
1275 2153 1281 2028 1427 2036 1420 2160 plane 0.9959
1772 1879 1847 1849 1878 1925 1804 1955 plane 0.9931
2384 2883 2424 2813 2497 2855 2456 2925 plane 0.9927
1913 1943 1901 1864 1984 1852 1996 1931 plane 0.9898
2257 2602 2252 2536 2333 2531 2337 2597 plane 0.9896
2626 2816 2591 2750 2659 2713 2694 2780 plane 0.9892
516 792 486 730 560 694 590 755 plane 0.9891
2906 2389 2861 2324 2927 2278 2972 2342 plane 0.9879
2270 2781 2244 2715 2310 2689 2336 2755 plane 0.9873
2531 1982 2504 1914 2582 1884 2609 1951 plane 0.9858
2576 2060 2546 2003 2615 1966 2645 2022 plane 0.9845
2260 2346 2229 2283 2300 2247 2332 2311 plane 0.9833
713 1164 685 1109 747 1078 775 1132 plane 0.9831
2339 2870 2288 2825 2335 2770 2387 2815 plane 0.9821
2723 2993 2783 2964 2813 3026 2754 3055 plane 0.9816
2674 2712 2738 2681 2770 2746 2706 2777 plane 0.9797
54 3433 21 3377 79 3344 112 3400 plane 0.9770
1289 2472 1299 2397 1378 2407 1369 2482 plane 0.9765
2184 2189 2160 2133 2230 2102 2255 2158 plane 0.9753
2294 2421 2280 2358 2351 2342 2365 2405 plane 0.9740
2055 1986 1996 1946 2044 1876 2103 1917 plane 0.9738
2271 2472 2338 2430 2380 2498 2314 2540 plane 0.9706
2753 2675 2814 2643 2848 2706 2787 2739 plane 0.9706
674 1085 650 1038 711 1008 734 1055 plane 0.9701
2836 2641 2899 2609 2931 2673 2868 2704 plane 0.9688
175 3583 134 3537 182 3495 222 3541 plane 0.9647
591 939 564 885 635 849 662 903 plane 0.9625
768 1294 744 1248 798 1220 822 1266 plane 0.9624
638 1010 610 956 674 924 702 978 plane 0.9608
803 1363 782 1315 838 1290 860 1337 plane 0.9597
2637 2223 2609 2158 2687 2124 2715 2190 plane 0.9594
3089 2804 3163 2771 3197 2845 3123 2879 plane 0.9569
1612 2127 1616 2056 1703 2060 1699 2132 plane 0.9530
1301 2260 1312 2180 1406 2192 1396 2272 plane 0.9522
828 1428 808 1384 869 1357 888 1401 plane 0.9508
2218 2262 2190 2208 2262 2170 2291 2224 plane 0.9505
2142 2108 2117 2058 2185 2025 2209 2074 plane 0.9501
2626 3008 2710 2972 2750 3065 2666 3102 plane 0.9492
1551 2800 1554 2723 1649 2727 1647 2803 plane 0.9478
2254 2686 2253 2615 2336 2615 2336 2686 plane 0.9417
2462 1773 2456 1690 2554 1683 2560 1767 plane 0.9400
892 1552 874 1507 929 1484 947 1529 plane 0.9346
400 533 377 484 450 449 474 498 plane 0.9294
1090 2552 1174 2546 1180 2643 1096 2649 plane 0.9276
1591 2478 1602 2410 1682 2422 1671 2491 plane 0.9242
867 1485 852 1443 906 1425 920 1466 plane 0.9108
2771 2336 2710 2284 2766 2220 2826 2273 plane 0.9104
1090 2885 1155 2854 1188 2924 1123 2954 plane 0.8619
2620 1492 2680 1454 2725 1525 2664 1564 plane 0.7720
2497 1906 2467 1847 2544 1809 2574 1867 plane 0.7563
2092 2049 2065 1996 2134 1961 2161 2014 plane 0.6830
15 3367 2 3314 60 3300 73 3353 plane 0.6148
2315 3122 2285 3060 2354 3027 2383 3089 plane 0.5929
