692 2024 133 1618 830 657 1389 1063 ground-track-field 0.1987
365 1900 352 1884 378 1862 391 1878 small-vehicle 0.5841
343 1885 333 1870 365 1848 375 1863 small-vehicle 0.5576
319 1874 308 1858 341 1836 352 1851 small-vehicle 0.5019
376 1914 365 1898 398 1875 409 1891 small-vehicle 0.4460
397 1923 388 1907 422 1886 432 1903 small-vehicle 0.4353
1547 791 1557 777 1590 802 1579 816 small-vehicle 0.4176
435 1952 423 1938 451 1914 463 1928 small-vehicle 0.3714
297 1860 286 1842 324 1817 336 1835 small-vehicle 0.3604
1499 417 1507 404 1536 422 1528 435 small-vehicle 0.3592
1570 767 1580 754 1612 776 1602 790 small-vehicle 0.3561
1123 1912 1105 1904 1119 1874 1137 1882 small-vehicle 0.3393
1520 1168 1529 1156 1557 1177 1548 1189 small-vehicle 0.3357
460 1967 447 1948 473 1929 487 1949 small-vehicle 0.3297
412 1943 403 1930 436 1906 446 1920 small-vehicle 0.3009
1294 1995 1281 1983 1307 1956 1320 1968 small-vehicle 0.2362
1524 825 1534 809 1566 832 1556 847 small-vehicle 0.2289
1581 1916 1569 1900 1605 1874 1617 1890 small-vehicle 0.2035
1282 1509 1292 1495 1324 1519 1313 1533 small-vehicle 0.1929
1532 1142 1540 1131 1572 1154 1563 1166 small-vehicle 0.1769
1570 1099 1580 1087 1604 1107 1594 1119 small-vehicle 0.1705
990 1905 1001 1892 1033 1920 1022 1933 small-vehicle 0.1191
1470 884 1480 867 1516 886 1507 904 small-vehicle 0.1152
1555 1120 1566 1105 1590 1124 1579 1139 small-vehicle 0.1105
1522 1574 1543 1558 1627 1672 1606 1688 large-vehicle 0.8492
1504 1368 1480 1349 1559 1254 1582 1274 large-vehicle 0.4970
1283 1693 1259 1676 1304 1615 1327 1632 large-vehicle 0.3793
98 2033 78 2009 150 1945 171 1968 large-vehicle 0.3752
1451 1812 1467 1799 1504 1847 1487 1860 large-vehicle 0.2218
843 670 899 595 1070 722 1014 797 tennis-court 1.0000
935 549 988 475 1155 597 1102 670 tennis-court 0.9999
1095 854 1152 778 1320 902 1263 978 tennis-court 0.9999
1089 336 1143 261 1307 380 1252 455 tennis-court 0.9999
1012 446 1067 366 1233 481 1177 561 tennis-court 0.9999
705 1911 197 1531 795 732 1303 1112 soccer-ball-field 0.9941
