766 1932 780 1911 832 1946 818 1967 large-vehicle 0.2136
371 2185 366 2159 437 2147 441 2173 large-vehicle 0.1029
1308 2250 1267 2241 1293 2125 1334 2135 ship 0.8892
1668 2633 1682 2607 1724 2629 1709 2656 ship 0.7763
1802 3013 1816 2993 1853 3019 1839 3040 ship 0.7737
1711 2704 1721 2679 1771 2699 1761 2724 ship 0.7692
1358 1360 1365 1338 1466 1372 1459 1394 ship 0.7639
1220 2473 1193 2459 1224 2396 1251 2410 ship 0.7616
1020 2108 1027 2069 1290 2117 1283 2155 ship 0.7338
1623 2898 1642 2870 1679 2894 1661 2922 ship 0.7331
1166 2291 1160 2261 1257 2240 1264 2270 ship 0.6872
1748 2627 1756 2603 1824 2627 1816 2651 ship 0.6793
1152 2529 1120 2518 1149 2437 1180 2448 ship 0.6234
1502 2542 1508 2514 1568 2526 1562 2555 ship 0.6085
1755 3064 1725 3044 1768 2978 1798 2998 ship 0.5889
1702 1751 1701 1718 1789 1715 1790 1749 ship 0.5824
1954 2806 1968 2782 2026 2816 2012 2839 ship 0.5559
1628 2585 1611 2571 1645 2529 1662 2542 ship 0.5380
1731 2653 1743 2631 1796 2662 1783 2683 ship 0.5316
1468 1394 1478 1373 1543 1403 1532 1425 ship 0.5299
1593 2963 1606 2937 1647 2958 1634 2983 ship 0.5022
1315 1621 1326 1595 1397 1625 1386 1652 ship 0.4908
1198 2580 1201 2541 1265 2546 1262 2585 ship 0.4832
1434 2810 1442 2787 1492 2805 1483 2829 ship 0.4564
1725 3113 1748 3088 1781 3119 1758 3144 ship 0.4445
1843 2952 1860 2934 1899 2969 1882 2987 ship 0.4417
1267 2843 1281 2817 1367 2865 1353 2891 ship 0.4299
2396 3030 2364 3003 2397 2963 2429 2990 ship 0.4182
1429 2524 1437 2492 1495 2507 1487 2539 ship 0.4176
1413 2672 1422 2632 1467 2642 1458 2682 ship 0.4153
1675 2779 1690 2751 1737 2777 1722 2805 ship 0.4150
1489 2622 1497 2590 1541 2600 1533 2632 ship 0.4065
1656 2833 1668 2811 1714 2835 1703 2857 ship 0.3990
1210 2606 1234 2589 1271 2643 1247 2660 ship 0.3949
1420 2562 1428 2526 1490 2541 1481 2577 ship 0.3911
1142 1633 1116 1624 1142 1547 1167 1555 ship 0.3881
1502 2490 1510 2463 1567 2479 1559 2507 ship 0.3781
1670 3085 1689 3062 1730 3097 1711 3119 ship 0.3710
957 1646 966 1615 1032 1633 1023 1664 ship 0.3683
1639 2705 1659 2670 1703 2696 1684 2730 ship 0.3629
1830 2870 1846 2847 1892 2880 1876 2903 ship 0.3293
1692 2737 1709 2704 1753 2725 1737 2759 ship 0.3291
1035 1664 1044 1636 1113 1659 1104 1686 ship 0.3224
1416 2632 1423 2592 1474 2602 1467 2642 ship 0.3193
1184 1289 1193 1261 1311 1302 1301 1329 ship 0.3148
1564 1511 1534 1499 1554 1452 1583 1464 ship 0.3121
1435 2500 1438 2467 1506 2474 1503 2506 ship 0.3105
1572 2999 1593 2971 1628 2997 1607 3025 ship 0.3080
1514 2976 1531 2957 1572 2993 1555 3013 ship 0.2949
1513 1507 1486 1494 1521 1418 1548 1431 ship 0.2901
1202 2525 1207 2479 1267 2484 1262 2531 ship 0.2847
1007 1994 1017 1962 1071 1980 1061 2011 ship 0.2733
1907 2872 1925 2849 1967 2882 1949 2905 ship 0.2730
1071 1363 1042 1350 1068 1293 1097 1307 ship 0.2566
922 1601 903 1590 944 1521 962 1532 ship 0.2447
1567 1436 1578 1412 1626 1433 1615 1457 ship 0.2308
963 1531 949 1522 992 1453 1006 1462 ship 0.2278
1042 1424 1018 1410 1046 1362 1070 1376 ship 0.2228
1733 1517 1761 1514 1775 1646 1747 1649 ship 0.2212
1287 1320 1296 1298 1363 1324 1354 1347 ship 0.2132
1788 2918 1801 2892 1857 2918 1844 2945 ship 0.1938
1591 2940 1562 2924 1591 2872 1620 2887 ship 0.1807
992 1468 974 1457 1015 1396 1032 1408 ship 0.1723
1419 2590 1426 2559 1481 2570 1475 2601 ship 0.1646
1656 2668 1675 2631 1718 2653 1698 2691 ship 0.1572
1603 1655 1653 1648 1662 1707 1612 1715 ship 0.1311
680 2379 712 2376 719 2452 688 2455 ship 0.1249
1420 2857 1432 2823 1478 2839 1466 2873 ship 0.1195
1567 1955 1594 1931 1650 1996 1622 2019 ship 0.1187
2059 2629 2067 2605 2126 2625 2118 2650 ship 0.1146
1084 3122 1062 3113 1084 3058 1106 3067 ship 0.1143
1441 2771 1453 2743 1504 2765 1493 2792 ship 0.1080
2420 2487 2400 2480 2435 2376 2455 2383 ship 0.1079
1828 1711 1822 1678 1878 1669 1884 1702 ship 0.1039
1813 3130 1702 3051 1930 2729 2042 2808 harbor 0.8852
1624 3057 1507 3000 1719 2557 1837 2614 harbor 0.8312
2267 3193 2238 3170 2399 2966 2428 2989 harbor 0.6544
1469 2965 1361 2934 1499 2441 1608 2472 harbor 0.3590
1582 1492 1796 1474 1819 1749 1605 1766 harbor 0.2355
1895 3242 1858 3209 2019 3028 2056 3061 harbor 0.1193
