196 1478 178 1476 185 1436 202 1439 small-vehicle 0.6646
753 77 735 70 752 30 769 38 small-vehicle 0.6521
578 1410 603 1399 620 1439 595 1450 small-vehicle 0.6477
1617 1564 1635 1557 1650 1595 1632 1602 small-vehicle 0.5987
1448 1631 1464 1625 1479 1663 1463 1669 small-vehicle 0.5928
1385 1649 1404 1642 1419 1681 1400 1688 small-vehicle 0.5608
1411 1643 1433 1634 1449 1673 1428 1682 small-vehicle 0.5480
638 1385 656 1377 673 1417 655 1425 small-vehicle 0.5402
485 567 467 560 483 520 500 527 small-vehicle 0.5360
601 1399 625 1389 642 1429 618 1439 small-vehicle 0.5072
1635 1553 1657 1543 1677 1588 1655 1598 small-vehicle 0.5068
1502 1603 1521 1597 1535 1638 1516 1644 small-vehicle 0.5044
1582 1571 1603 1563 1618 1605 1596 1613 small-vehicle 0.4677
1655 1541 1677 1531 1695 1573 1674 1583 small-vehicle 0.4619
1289 1691 1306 1686 1317 1723 1300 1728 small-vehicle 0.4551
1703 1529 1721 1522 1737 1562 1718 1569 small-vehicle 0.4187
1932 186 1930 167 1976 160 1978 179 small-vehicle 0.4179
1666 1471 1689 1462 1704 1502 1682 1511 small-vehicle 0.4023
1473 1613 1495 1606 1508 1648 1487 1655 small-vehicle 0.3959
1364 1654 1386 1646 1401 1688 1379 1696 small-vehicle 0.3752
613 216 595 210 608 172 626 178 small-vehicle 0.3460
1848 172 1841 152 1879 138 1886 158 small-vehicle 0.3346
1307 1677 1329 1670 1342 1714 1321 1721 small-vehicle 0.3257
848 522 846 503 889 499 891 518 small-vehicle 0.3146
268 2166 253 2151 275 2130 290 2145 small-vehicle 0.2803
1217 1715 1234 1709 1249 1750 1232 1756 small-vehicle 0.2626
1243 1699 1260 1692 1277 1737 1260 1744 small-vehicle 0.2607
516 475 496 468 509 429 529 436 small-vehicle 0.2396
1193 1723 1211 1716 1228 1758 1209 1765 small-vehicle 0.2323
790 1832 809 1831 812 1875 793 1877 small-vehicle 0.2317
740 1532 729 1501 768 1486 779 1518 small-vehicle 0.2297
973 1422 995 1413 1012 1454 990 1463 small-vehicle 0.2189
502 687 478 678 494 634 518 642 small-vehicle 0.2176
1325 1670 1344 1664 1358 1703 1339 1710 small-vehicle 0.2057
662 535 663 515 705 516 705 537 small-vehicle 0.1816
1640 147 1619 133 1639 101 1661 114 small-vehicle 0.1741
703 1768 693 1746 732 1729 742 1751 small-vehicle 0.1734
189 1976 203 1965 229 1998 215 2009 small-vehicle 0.1673
1811 154 1807 130 1845 123 1850 147 small-vehicle 0.1645
1141 1746 1162 1737 1184 1783 1163 1792 small-vehicle 0.1631
678 1727 672 1710 716 1694 723 1710 small-vehicle 0.1567
650 334 630 325 647 286 666 295 small-vehicle 0.1528
460 730 439 724 450 685 471 691 small-vehicle 0.1229
811 1308 831 1298 851 1341 831 1350 small-vehicle 0.1124
350 1059 325 1051 341 998 367 1005 small-vehicle 0.1056
621 1568 647 1554 689 1632 664 1645 large-vehicle 0.9632
198 1842 170 1834 194 1747 223 1754 large-vehicle 0.9431
1030 1497 1056 1486 1094 1577 1067 1588 large-vehicle 0.6931
192 1918 168 1917 171 1825 195 1825 large-vehicle 0.3805
1407 273 1390 262 1416 224 1433 236 large-vehicle 0.2415
1701 148 1667 145 1678 24 1713 27 large-vehicle 0.1284
654 1804 645 1785 690 1765 699 1784 large-vehicle 0.1179
1787 128 1758 126 1762 36 1791 37 ship 0.1561
101 2038 242 2034 245 2179 105 2183 roundabout 0.6748
