394 413 405 389 460 414 449 438 small-vehicle 0.3203
154 1158 165 1133 223 1157 213 1182 small-vehicle 0.2492
291 677 300 651 354 672 345 697 small-vehicle 0.2288
150 1190 161 1165 217 1190 206 1215 small-vehicle 0.1770
168 1129 179 1104 238 1131 226 1156 small-vehicle 0.1453
976 537 946 526 969 461 1000 472 small-vehicle 0.1393
184 1099 195 1075 250 1100 239 1124 small-vehicle 0.1234
1371 705 1346 696 1377 616 1402 625 large-vehicle 0.9886
1400 715 1374 704 1403 634 1429 645 large-vehicle 0.9772
138 984 148 959 222 987 213 1012 large-vehicle 0.9771
155 893 165 866 259 900 249 927 large-vehicle 0.9740
1430 729 1406 720 1435 645 1460 655 large-vehicle 0.9690
64 1158 73 1131 151 1157 142 1184 large-vehicle 0.9635
1194 632 1166 621 1195 547 1223 558 large-vehicle 0.9628
91 1099 100 1073 175 1101 166 1127 large-vehicle 0.9620
284 643 294 617 367 645 357 671 large-vehicle 0.9611
1342 694 1315 685 1343 607 1370 617 large-vehicle 0.9582
306 583 316 557 392 586 382 612 large-vehicle 0.9565
343 496 354 471 426 502 415 527 large-vehicle 0.9564
1313 682 1284 671 1312 596 1341 606 large-vehicle 0.9527
351 466 362 441 437 473 426 499 large-vehicle 0.9455
330 525 340 498 416 527 406 554 large-vehicle 0.9444
107 1073 116 1047 188 1073 179 1099 large-vehicle 0.9434
414 948 384 937 413 864 442 875 large-vehicle 0.9384
187 870 196 843 273 867 264 894 large-vehicle 0.9382
205 841 215 815 286 844 275 870 large-vehicle 0.9362
130 1014 141 988 212 1017 201 1043 large-vehicle 0.9348
78 1125 89 1100 163 1130 152 1156 large-vehicle 0.9344
169 929 180 902 248 930 237 956 large-vehicle 0.9327
1461 741 1435 732 1462 657 1488 666 large-vehicle 0.9287
399 354 409 329 481 357 471 383 large-vehicle 0.9274
387 380 397 355 465 384 454 409 large-vehicle 0.9262
318 556 330 530 399 561 387 587 large-vehicle 0.9207
1224 646 1196 637 1221 564 1249 574 large-vehicle 0.9151
886 504 858 494 885 418 913 428 large-vehicle 0.9144
261 701 272 674 343 702 333 729 large-vehicle 0.9117
155 957 166 930 235 959 224 985 large-vehicle 0.9097
204 812 214 786 287 816 276 841 large-vehicle 0.9067
119 1039 129 1014 197 1044 187 1068 large-vehicle 0.8984
302 616 313 589 380 618 368 644 large-vehicle 0.8950
1491 755 1465 746 1488 678 1514 688 large-vehicle 0.8943
372 438 383 413 450 442 439 467 large-vehicle 0.8808
458 844 429 833 457 757 486 767 large-vehicle 0.8694
592 531 565 521 590 453 617 463 large-vehicle 0.8678
224 783 236 757 302 787 290 813 large-vehicle 0.8479
238 755 248 729 317 756 307 782 large-vehicle 0.8017
975 538 948 528 971 460 999 469 large-vehicle 0.7975
497 753 470 741 499 671 527 683 large-vehicle 0.7649
552 613 524 602 553 527 581 538 large-vehicle 0.7587
184 1100 195 1076 250 1101 239 1125 large-vehicle 0.6810
158 1159 168 1135 223 1158 213 1183 large-vehicle 0.6647
397 413 407 392 459 418 449 438 large-vehicle 0.6184
152 1190 161 1167 218 1191 208 1213 large-vehicle 0.5371
173 1130 183 1107 238 1132 228 1155 large-vehicle 0.4354
290 678 300 652 354 673 343 700 large-vehicle 0.3180
