2023 490 2036 466 2090 495 2077 520 small-vehicle 0.9171
1523 1349 1522 1325 1570 1323 1571 1347 small-vehicle 0.4296
1587 1349 1587 1326 1635 1326 1635 1349 small-vehicle 0.4021
2052 855 2084 855 2084 921 2052 921 small-vehicle 0.2420
2061 304 2072 292 2102 320 2091 332 small-vehicle 0.2282
1756 20 1771 3 1804 32 1789 49 small-vehicle 0.2248
1693 1197 1693 1172 1757 1171 1758 1196 small-vehicle 0.1257
535 713 567 713 567 777 536 777 small-vehicle 0.1159
305 699 304 676 344 674 345 697 small-vehicle 0.1017
1462 935 1491 934 1492 1087 1463 1087 large-vehicle 0.9914
1821 698 1819 673 1900 667 1902 692 large-vehicle 0.9875
1817 633 1817 606 1888 605 1889 632 large-vehicle 0.9844
299 304 298 275 372 272 373 301 large-vehicle 0.9711
1818 667 1816 639 1894 634 1895 663 large-vehicle 0.9699
300 386 299 359 373 356 374 383 large-vehicle 0.9664
1822 782 1820 753 1907 747 1909 776 large-vehicle 0.9615
294 138 293 110 430 107 430 135 large-vehicle 0.9602
1358 938 1386 937 1388 1060 1359 1061 large-vehicle 0.9570
298 239 297 210 370 207 371 236 large-vehicle 0.9501
1547 930 1575 929 1577 1086 1549 1086 large-vehicle 0.9433
293 108 292 78 431 73 432 103 large-vehicle 0.9297
752 967 777 967 779 1062 754 1062 large-vehicle 0.9274
1092 945 1121 943 1127 1096 1099 1097 large-vehicle 0.9256
296 266 295 243 372 241 372 264 large-vehicle 0.9245
1816 596 1815 567 1895 564 1896 592 large-vehicle 0.9109
1826 886 1825 860 1892 856 1894 883 large-vehicle 0.8876
1226 954 1255 953 1256 1041 1227 1041 large-vehicle 0.8866
1426 933 1453 933 1454 1060 1427 1060 large-vehicle 0.8819
1342 1038 1314 1038 1315 948 1343 948 large-vehicle 0.8798
300 354 298 329 355 327 356 351 large-vehicle 0.8795
1823 738 1822 711 1929 708 1930 735 large-vehicle 0.8753
303 515 302 485 435 482 436 511 large-vehicle 0.8745
299 483 297 454 419 449 421 478 large-vehicle 0.8682
320 1062 320 1033 407 1032 408 1061 large-vehicle 0.8499
301 549 300 520 418 516 419 545 large-vehicle 0.8258
716 972 745 972 747 1066 718 1067 large-vehicle 0.8183
1160 942 1189 941 1190 1037 1162 1038 large-vehicle 0.7761
291 171 291 142 438 140 439 169 large-vehicle 0.7669
1023 948 1054 946 1060 1096 1029 1098 large-vehicle 0.7327
1826 916 1824 886 1936 881 1937 911 large-vehicle 0.7142
890 951 917 951 918 1040 891 1040 large-vehicle 0.6863
815 1068 784 1067 785 973 816 974 large-vehicle 0.6853
706 1224 706 1194 797 1194 798 1224 large-vehicle 0.6806
1501 941 1535 939 1541 1094 1507 1095 large-vehicle 0.6620
851 1052 824 1052 825 956 852 956 large-vehicle 0.6580
854 1225 852 1196 958 1189 960 1219 large-vehicle 0.6491
1226 1218 1225 1187 1325 1182 1326 1213 large-vehicle 0.6418
1683 929 1713 928 1716 1017 1686 1018 large-vehicle 0.6411
1282 947 1311 946 1312 1033 1283 1034 large-vehicle 0.6346
1827 819 1824 787 1937 776 1940 809 large-vehicle 0.6269
1579 938 1613 936 1621 1072 1588 1074 large-vehicle 0.6262
292 206 292 175 431 174 431 204 large-vehicle 0.5852
105 1214 104 1188 196 1187 196 1213 large-vehicle 0.5577
2060 1130 2091 1129 2094 1226 2063 1227 large-vehicle 0.5468
1609 1206 1608 1175 1693 1172 1694 1203 large-vehicle 0.5272
2059 931 2091 931 2093 1033 2061 1033 large-vehicle 0.4662
1694 1196 1693 1172 1757 1171 1757 1196 large-vehicle 0.4388
1347 1211 1344 1185 1435 1175 1438 1201 large-vehicle 0.3929
924 953 950 952 951 1041 925 1041 large-vehicle 0.3879
1814 563 1813 539 1866 537 1867 561 large-vehicle 0.3809
1260 1267 1258 1242 1330 1238 1331 1262 large-vehicle 0.3584
1720 934 1746 933 1750 1043 1723 1044 large-vehicle 0.3305
213 1214 212 1184 300 1182 301 1211 large-vehicle 0.3249
989 953 1021 952 1023 1077 991 1077 large-vehicle 0.3191
2053 855 2084 855 2085 921 2054 922 large-vehicle 0.3152
1747 939 1774 939 1775 1011 1748 1011 large-vehicle 0.3111
825 1358 824 1331 991 1327 992 1354 large-vehicle 0.2843
1614 931 1640 931 1641 1023 1615 1023 large-vehicle 0.2652
1643 933 1676 931 1680 1026 1647 1027 large-vehicle 0.2592
1259 945 1281 944 1282 1038 1260 1038 large-vehicle 0.2574
957 951 983 950 985 1037 959 1038 large-vehicle 0.2184
378 630 377 604 437 602 438 628 large-vehicle 0.2138
1824 858 1822 827 1906 822 1908 853 large-vehicle 0.2065
1345 1263 1345 1242 1405 1241 1406 1262 large-vehicle 0.1563
1056 953 1085 952 1089 1079 1060 1080 large-vehicle 0.1447
384 701 383 675 441 673 441 699 large-vehicle 0.1250
2066 1207 2093 1207 2094 1321 2067 1321 large-vehicle 0.1026
1442 1356 1441 1329 1514 1327 1515 1354 ship 0.2566
