1429 1736 1444 1725 1469 1760 1454 1770 small-vehicle 0.3605
720 1355 738 1341 764 1374 747 1388 small-vehicle 0.3578
1165 1942 1184 1930 1210 1971 1191 1983 small-vehicle 0.3524
427 1870 410 1849 439 1824 457 1844 small-vehicle 0.3167
459 1835 446 1820 482 1791 495 1806 small-vehicle 0.3034
443 502 463 489 491 533 471 546 small-vehicle 0.3015
412 1846 395 1827 423 1801 440 1820 small-vehicle 0.2981
536 1948 524 1931 568 1899 581 1917 small-vehicle 0.2961
1071 1824 1089 1811 1113 1845 1095 1858 small-vehicle 0.2939
511 1916 499 1896 540 1869 553 1888 small-vehicle 0.2895
433 1281 420 1264 460 1235 472 1253 small-vehicle 0.2809
1147 1961 1166 1948 1192 1985 1174 1998 small-vehicle 0.2781
1233 1882 1251 1870 1277 1908 1259 1920 small-vehicle 0.2774
1416 1751 1432 1739 1457 1771 1441 1784 small-vehicle 0.2623
579 399 597 383 626 417 608 433 small-vehicle 0.2605
1141 2163 1120 2162 1125 2102 1146 2104 small-vehicle 0.2509
1127 1971 1143 1960 1170 1999 1153 2010 small-vehicle 0.2480
408 1246 397 1232 438 1200 449 1214 small-vehicle 0.2477
737 1339 751 1328 780 1362 766 1374 small-vehicle 0.2449
883 1161 900 1148 932 1189 916 1201 small-vehicle 0.2370
484 1874 472 1857 512 1829 524 1847 small-vehicle 0.2306
1028 1847 1045 1835 1073 1873 1055 1885 small-vehicle 0.2306
497 852 512 840 539 875 524 887 small-vehicle 0.2296
627 755 645 741 672 778 654 791 small-vehicle 0.2256
1167 2133 1153 2118 1196 2078 1210 2093 small-vehicle 0.2239
448 890 460 879 490 916 478 926 small-vehicle 0.2217
775 1324 794 1311 819 1348 801 1361 small-vehicle 0.2213
541 432 559 416 587 449 569 464 small-vehicle 0.2198
528 822 545 810 572 848 554 860 small-vehicle 0.2171
497 1896 485 1877 525 1852 537 1870 small-vehicle 0.2099
1537 886 1554 872 1584 907 1566 922 small-vehicle 0.2085
1512 1672 1532 1655 1565 1695 1545 1712 small-vehicle 0.2045
705 1371 725 1355 751 1388 731 1403 small-vehicle 0.2010
615 769 631 756 660 792 643 805 small-vehicle 0.1996
378 1196 366 1181 399 1154 411 1169 small-vehicle 0.1943
1448 1716 1465 1706 1493 1750 1475 1761 small-vehicle 0.1887
1376 1636 1396 1623 1421 1660 1402 1674 small-vehicle 0.1870
474 1848 462 1831 499 1804 511 1821 small-vehicle 0.1848
557 1773 544 1755 584 1727 597 1745 small-vehicle 0.1843
996 2068 1015 2057 1040 2099 1021 2110 small-vehicle 0.1794
1342 1669 1357 1657 1384 1691 1368 1703 small-vehicle 0.1747
667 1324 684 1310 713 1346 697 1360 small-vehicle 0.1742
953 978 938 964 972 929 987 944 small-vehicle 0.1730
392 1827 381 1813 415 1787 426 1801 small-vehicle 0.1718
546 1974 533 1954 574 1930 586 1950 small-vehicle 0.1715
743 1503 759 1490 785 1521 768 1535 small-vehicle 0.1701
1550 651 1570 637 1594 673 1574 686 small-vehicle 0.1697
393 1231 380 1213 419 1184 432 1202 small-vehicle 0.1693
144 471 119 460 142 410 166 421 small-vehicle 0.1675
1055 1832 1073 1819 1098 1856 1079 1869 small-vehicle 0.1672
585 1812 572 1794 611 1766 624 1784 small-vehicle 0.1646
429 1776 417 1759 457 1731 469 1748 small-vehicle 0.1607
1009 1072 1030 1057 1051 1087 1031 1102 small-vehicle 0.1600
593 776 608 764 642 809 626 821 small-vehicle 0.1597
1406 1615 1427 1604 1451 1650 1431 1661 small-vehicle 0.1592
971 1091 984 1082 1007 1115 994 1124 small-vehicle 0.1573
739 875 726 860 762 829 775 844 small-vehicle 0.1555
938 1117 952 1107 979 1144 965 1154 small-vehicle 0.1519
1528 1815 1539 1792 1583 1813 1572 1836 small-vehicle 0.1510
644 734 662 721 692 761 674 774 small-vehicle 0.1509
410 537 429 522 455 557 435 571 small-vehicle 0.1501
445 1811 430 1794 468 1763 482 1781 small-vehicle 0.1500
586 2037 573 2018 614 1991 627 2009 small-vehicle 0.1466
1469 1699 1489 1688 1517 1738 1496 1749 small-vehicle 0.1412
843 867 838 841 887 832 891 858 small-vehicle 0.1361
445 1907 434 1890 469 1867 480 1884 small-vehicle 0.1350
1695 1666 1710 1655 1742 1697 1727 1709 small-vehicle 0.1296
648 1716 667 1702 692 1736 673 1750 small-vehicle 0.1280
460 1934 446 1913 484 1888 498 1910 small-vehicle 0.1279
610 2079 598 2062 637 2036 648 2053 small-vehicle 0.1257
915 1198 929 1186 962 1223 948 1235 small-vehicle 0.1249
909 928 896 914 932 879 945 893 small-vehicle 0.1207
683 1383 702 1368 729 1404 711 1419 small-vehicle 0.1170
578 2016 565 1999 605 1967 618 1984 small-vehicle 0.1164
371 570 391 553 417 583 398 600 small-vehicle 0.1164
440 1891 421 1866 455 1841 474 1865 small-vehicle 0.1130
592 1833 582 1818 620 1791 630 1805 small-vehicle 0.1129
470 484 485 474 509 510 494 520 small-vehicle 0.1118
557 417 577 401 605 435 585 451 small-vehicle 0.1091
1093 873 1102 851 1145 869 1136 891 small-vehicle 0.1083
1198 1913 1214 1901 1243 1940 1227 1952 small-vehicle 0.1073
1310 1829 1325 1814 1366 1855 1351 1870 large-vehicle 0.2374
1111 1794 1125 1781 1161 1820 1147 1833 large-vehicle 0.1611
702 851 686 834 736 790 751 807 large-vehicle 0.1531
297 630 310 618 342 652 329 664 large-vehicle 0.1403
456 1331 442 1312 499 1268 513 1286 large-vehicle 0.1044
575 795 592 782 625 824 608 838 ship 0.4502
557 810 573 798 607 842 591 854 ship 0.3721
460 1332 444 1313 498 1268 514 1287 ship 0.3340
1529 1819 1539 1794 1586 1813 1576 1837 ship 0.2682
332 1930 319 1911 366 1881 378 1901 ship 0.2493
593 776 608 764 642 809 626 821 ship 0.1432
222 703 201 692 224 649 245 660 ship 0.1259
1467 1841 1492 1838 1498 1893 1473 1895 ship 0.1239
481 1345 469 1331 517 1290 529 1304 ship 0.1205
897 1216 915 1201 945 1239 927 1253 ship 0.1135
524 449 542 435 568 466 550 481 ship 0.1126
