239 1548 345 1477 427 1601 321 1671 plane 0.6988
1324 1892 1312 1834 1398 1816 1410 1874 plane 0.5637
1268 3227 1250 3112 1391 3090 1409 3205 plane 0.2705
355 2185 514 2147 553 2309 394 2348 plane 0.1478
680 1219 673 1181 992 1122 999 1160 large-vehicle 0.3694
3160 881 3204 867 3246 999 3201 1013 large-vehicle 0.3627
1069 1138 1061 1104 1269 1055 1277 1089 large-vehicle 0.1341
1622 1403 1719 1386 1795 1822 1698 1839 ship 0.9934
1899 1362 1997 1345 2074 1788 1977 1805 ship 0.9895
2036 1332 2133 1314 2217 1785 2121 1802 ship 0.9792
1998 405 2055 393 2114 657 2057 670 ship 0.9252
1069 1141 1060 1101 1269 1053 1278 1093 ship 0.8992
2053 295 2127 281 2189 613 2116 627 ship 0.8166
886 293 874 238 1148 180 1160 235 ship 0.7614
1435 1687 1501 1674 1546 1900 1479 1913 ship 0.5563
680 1219 673 1181 992 1122 999 1160 ship 0.1197
590 2131 590 2042 684 2042 684 2131 storage-tank 0.9948
1254 2982 1254 2856 1399 2856 1399 2982 storage-tank 0.9929
765 2831 765 2710 898 2710 898 2830 storage-tank 0.9927
1116 2663 1116 2535 1257 2535 1257 2663 storage-tank 0.9925
510 1626 508 1499 645 1497 647 1623 storage-tank 0.9906
732 2663 731 2539 859 2538 860 2662 storage-tank 0.9903
1087 2488 1084 2358 1218 2355 1221 2485 storage-tank 0.9902
799 2880 930 2880 931 3013 800 3014 storage-tank 0.9901
1308 2439 1308 2307 1458 2307 1458 2439 storage-tank 0.9898
546 1801 546 1677 677 1676 678 1801 storage-tank 0.9896
1142 2856 1142 2735 1263 2734 1263 2855 storage-tank 0.9891
710 1762 708 1640 855 1637 858 1759 storage-tank 0.9891
1335 2613 1335 2487 1469 2487 1468 2613 storage-tank 0.9877
662 2441 662 2349 756 2349 756 2441 storage-tank 0.9868
846 1557 843 1426 985 1422 988 1554 storage-tank 0.9868
839 2077 840 1993 928 1993 928 2077 storage-tank 0.9863
559 2009 560 1918 661 1918 661 2010 storage-tank 0.9838
1289 2779 1289 2654 1435 2653 1436 2778 storage-tank 0.9837
966 3062 967 2934 1101 2935 1099 3064 storage-tank 0.9809
1151 1823 1152 1732 1248 1732 1248 1823 storage-tank 0.9802
810 1955 810 1871 899 1871 899 1955 storage-tank 0.9782
1205 1407 1287 1407 1288 1496 1206 1496 storage-tank 0.9781
926 2724 924 2638 1012 2637 1014 2722 storage-tank 0.9769
677 1588 679 1464 819 1467 816 1591 storage-tank 0.9756
893 1605 1018 1604 1019 1731 894 1732 storage-tank 0.9746
689 1981 690 1893 779 1893 778 1982 storage-tank 0.9705
633 2309 633 2238 712 2239 712 2309 storage-tank 0.9702
939 2882 937 2772 1065 2770 1066 2880 storage-tank 0.9693
791 2418 789 2348 865 2346 866 2416 storage-tank 0.9688
1136 1613 1220 1612 1220 1699 1136 1700 storage-tank 0.9673
742 2288 742 2220 813 2219 813 2288 storage-tank 0.9669
898 2323 970 2322 971 2394 899 2395 storage-tank 0.9667
1072 1459 1070 1364 1174 1362 1176 1457 storage-tank 0.9648
944 2288 862 2288 862 2201 944 2201 storage-tank 0.9645
1254 1737 1251 1652 1346 1649 1349 1734 storage-tank 0.9630
1095 1576 1097 1484 1194 1486 1192 1578 storage-tank 0.9610
1027 2047 960 2047 960 1975 1027 1975 storage-tank 0.9563
715 2104 712 2020 809 2016 812 2101 storage-tank 0.9562
1226 1614 1225 1527 1313 1526 1314 1614 storage-tank 0.9546
926 1922 925 1855 993 1854 994 1921 storage-tank 0.9406
899 2606 899 2519 992 2519 992 2606 storage-tank 0.9374
1160 1943 1155 1884 1226 1878 1231 1937 storage-tank 0.2703
2008 1311 2136 1290 2256 2012 2128 2033 harbor 0.2552
1861 1384 2003 1351 2142 1942 2000 1975 harbor 0.1009
252 1530 379 1494 415 1623 289 1659 helicopter 0.2693
96 886 215 812 302 951 183 1025 helicopter 0.2417
