446 855 1136 833 1179 2168 489 2190 ground-track-field 0.9953
2893 833 3663 823 3680 2190 2910 2199 ground-track-field 0.9948
3102 2431 3008 2427 3015 2237 3110 2240 tennis-court 0.9974
3153 2243 3253 2241 3257 2426 3157 2428 tennis-court 0.9968
2956 2424 2859 2422 2862 2227 2958 2229 tennis-court 0.9954
2802 2413 2705 2408 2716 2211 2812 2216 tennis-court 0.9905
3514 2532 3429 2531 3432 2367 3517 2369 tennis-court 0.8296
2975 517 3092 514 3098 710 2981 714 tennis-court 0.7505
3763 2370 3683 2369 3685 2214 3765 2215 tennis-court 0.6834
3769 2532 3682 2530 3685 2356 3771 2358 tennis-court 0.6587
3512 2385 3430 2384 3433 2213 3515 2214 tennis-court 0.5537
3643 2533 3556 2530 3563 2365 3649 2368 tennis-court 0.5250
3559 2217 3644 2217 3646 2389 3561 2390 tennis-court 0.3520
2827 517 2960 517 2960 728 2827 728 tennis-court 0.2221
3297 2228 3384 2226 3389 2407 3302 2409 tennis-court 0.1327
1637 888 1517 883 1526 676 1646 681 basketball-court 0.9985
575 2296 705 2295 706 2537 577 2538 basketball-court 0.9978
1644 667 1520 666 1521 464 1646 465 basketball-court 0.9977
443 2293 550 2290 555 2537 448 2539 basketball-court 0.9968
1771 901 1651 889 1672 687 1792 699 basketball-court 0.9949
1110 2295 1238 2292 1243 2532 1115 2535 basketball-court 0.9947
977 2295 1110 2294 1112 2535 978 2536 basketball-court 0.9943
4455 854 4582 853 4586 1130 4459 1132 basketball-court 0.9936
1398 479 1494 479 1495 656 1399 656 basketball-court 0.9931
1664 476 1793 475 1794 679 1664 679 basketball-court 0.9928
720 2310 840 2307 846 2522 726 2525 basketball-court 0.9919
4050 1137 4210 1134 4216 1402 4056 1405 basketball-court 0.9908
4073 873 4191 871 4194 1143 4077 1144 basketball-court 0.9892
967 2534 849 2531 856 2307 973 2311 basketball-court 0.9890
1491 885 1397 882 1404 687 1497 690 basketball-court 0.9884
4453 1128 4593 1126 4596 1390 4456 1392 basketball-court 0.9879
3930 882 4046 878 4054 1129 3938 1133 basketball-court 0.9862
4319 1152 4441 1148 4450 1385 4328 1390 basketball-court 0.9695
4589 1735 4739 1727 4753 1970 4603 1979 basketball-court 0.9606
4080 1757 4204 1749 4222 2013 4098 2021 basketball-court 0.9556
4441 1748 4591 1742 4602 1992 4452 1998 basketball-court 0.9547
3944 1146 4049 1141 4062 1391 3957 1396 basketball-court 0.9525
4322 863 4428 861 4434 1131 4328 1134 basketball-court 0.9423
4212 874 4306 872 4310 1129 4217 1130 basketball-court 0.9049
3956 1723 4086 1718 4098 2024 3968 2029 basketball-court 0.8899
4202 1733 4355 1726 4367 2012 4214 2018 basketball-court 0.8786
4070 1525 4191 1513 4215 1772 4093 1783 basketball-court 0.8450
1818 522 1906 521 1909 691 1820 692 basketball-court 0.6878
4218 1142 4320 1142 4322 1384 4220 1385 basketball-court 0.6734
4440 1517 4593 1504 4612 1735 4459 1747 basketball-court 0.6329
4216 1516 4327 1507 4347 1751 4236 1760 basketball-court 0.6226
4334 1529 4457 1515 4480 1728 4357 1742 basketball-court 0.5474
1786 705 1958 682 1988 908 1816 931 basketball-court 0.4404
4330 1741 4454 1726 4488 2005 4364 2020 basketball-court 0.2016
4107 1766 3955 1766 3956 1499 4107 1499 basketball-court 0.1204
523 1075 1119 1065 1133 1980 537 1989 soccer-ball-field 0.9782
2893 1073 3581 1000 3677 1909 2990 1982 soccer-ball-field 0.8533
