1300 1778 572 1764 599 337 1328 351 ground-track-field 0.9996
471 109 556 109 556 274 471 274 tennis-court 0.9996
327 274 248 274 248 112 328 113 tennis-court 0.9995
353 111 437 110 439 272 355 273 tennis-court 0.9994
1473 770 1331 766 1338 535 1479 540 tennis-court 0.2007
255 562 190 561 192 429 256 430 tennis-court 0.1539
1335 550 1467 549 1468 767 1335 767 basketball-court 0.9949
1476 1563 1347 1559 1353 1373 1481 1377 basketball-court 0.9945
190 1161 297 1161 298 1359 191 1360 basketball-court 0.9941
1338 813 1469 811 1474 1024 1343 1027 basketball-court 0.9927
1348 1105 1490 1102 1494 1332 1352 1334 basketball-court 0.9791
199 932 290 931 293 1138 202 1139 basketball-court 0.9232
522 1679 546 1679 546 1704 522 1705 storage-tank 0.5920
354 1392 377 1392 377 1418 355 1418 storage-tank 0.2839
1208 1444 692 1435 706 654 1222 663 soccer-ball-field 0.9948
