155 412 168 401 203 442 190 453 large-vehicle 0.2444
191 329 184 322 236 269 243 276 large-vehicle 0.2102
555 2103 543 2095 587 2033 599 2042 large-vehicle 0.1726
257 306 276 294 309 342 291 354 large-vehicle 0.1662
719 1988 647 1977 698 1646 770 1656 ship 0.9979
667 2739 649 2722 697 2671 714 2688 ship 0.7492
-6 2796 -74 2756 86 2488 154 2528 ship 0.6857
576 2782 560 2763 591 2738 606 2758 ship 0.4421
654 2696 643 2686 678 2646 689 2656 ship 0.4383
548 2777 533 2760 571 2725 586 2742 ship 0.4305
732 2735 718 2724 766 2657 781 2668 ship 0.4169
646 2731 628 2713 660 2681 678 2699 ship 0.3132
761 2471 750 2454 806 2419 816 2435 ship 0.2400
171 2396 180 2379 305 2443 296 2460 ship 0.2377
92 2392 97 2365 145 2374 141 2401 ship 0.2002
899 2524 887 2507 933 2476 945 2493 ship 0.1852
831 2574 819 2557 871 2517 883 2534 ship 0.1137
1024 1528 982 1528 982 1482 1024 1483 storage-tank 0.9951
977 561 939 560 940 521 978 522 storage-tank 0.9846
978 1478 978 1437 1019 1437 1019 1478 storage-tank 0.9815
1027 1538 1026 1498 1067 1497 1069 1537 storage-tank 0.9760
904 560 870 558 871 524 905 525 storage-tank 0.9585
828 411 873 410 875 458 830 459 storage-tank 0.9045
1034 1480 1035 1448 1071 1449 1070 1481 storage-tank 0.8962
936 529 904 527 907 494 938 496 storage-tank 0.8646
1561 2341 1483 2341 1483 2260 1561 2260 storage-tank 0.8581
982 1404 982 1370 1016 1370 1016 1404 storage-tank 0.8487
876 359 837 357 839 317 878 319 storage-tank 0.8388
824 522 858 521 859 558 825 558 storage-tank 0.6571
828 529 828 487 873 487 872 530 storage-tank 0.5759
975 1289 976 1253 1013 1254 1012 1290 storage-tank 0.5466
1088 462 1089 424 1131 425 1130 463 storage-tank 0.5018
888 752 883 722 913 716 919 746 storage-tank 0.4418
916 433 947 433 947 464 916 465 storage-tank 0.4331
926 1501 923 1468 957 1466 959 1498 storage-tank 0.2743
980 1537 1027 1536 1027 1587 980 1587 storage-tank 0.2481
1050 462 1049 423 1093 422 1094 461 storage-tank 0.2394
957 748 955 711 996 709 998 745 storage-tank 0.2277
1039 1313 924 1298 1007 665 1122 680 storage-tank 0.2276
972 1360 970 1323 1009 1321 1011 1358 storage-tank 0.1834
996 757 998 726 1032 728 1029 760 storage-tank 0.1797
1031 1592 1022 1552 1064 1542 1073 1582 storage-tank 0.1469
831 1027 830 996 862 995 864 1026 storage-tank 0.1206
1041 1381 1075 1375 1082 1414 1048 1421 storage-tank 0.1139
915 421 919 388 956 393 952 425 storage-tank 0.1058
1036 576 1006 575 1006 541 1036 541 storage-tank 0.1048
1128 914 1192 914 1192 980 1128 980 roundabout 0.5357
616 2585 601 2565 800 2408 815 2427 harbor 0.4603
262 2527 246 2517 267 2481 283 2491 harbor 0.3712
744 2649 719 2623 755 2587 780 2613 harbor 0.2405
654 2703 641 2692 679 2648 692 2659 harbor 0.1791
