845 1410 858 1399 891 1437 879 1448 large-vehicle 0.2861
278 709 289 698 325 734 314 745 large-vehicle 0.2736
1875 921 1878 885 1982 894 1979 930 ship 0.9946
1415 962 1415 928 1503 927 1503 960 ship 0.9882
1876 1012 1879 977 1992 984 1990 1019 ship 0.9859
1443 517 1447 473 1602 484 1599 529 ship 0.9846
2163 740 2163 699 2280 700 2279 741 ship 0.9821
1882 671 1886 636 1970 645 1966 680 ship 0.9789
2173 831 2173 793 2277 794 2277 831 ship 0.9788
1535 686 1537 657 1613 663 1611 691 ship 0.9721
2187 591 2188 560 2279 561 2279 592 ship 0.9706
1881 795 1883 764 1967 771 1965 801 ship 0.9705
1869 958 1871 928 1952 933 1950 964 ship 0.9684
1777 672 1776 639 1853 637 1854 670 ship 0.9675
1250 751 1250 724 1318 723 1319 750 ship 0.9608
2187 650 2184 614 2273 607 2276 644 ship 0.9607
2171 877 2170 840 2271 837 2272 875 ship 0.9565
1893 543 1892 511 1960 510 1961 542 ship 0.9507
1204 560 1232 559 1234 626 1206 627 ship 0.9503
2185 500 2187 463 2284 468 2282 505 ship 0.9502
1432 689 1430 658 1509 654 1511 685 ship 0.9502
1529 883 1530 853 1610 856 1609 886 ship 0.9491
1247 717 1246 691 1311 690 1311 716 ship 0.9441
1420 1000 1419 972 1495 969 1497 997 ship 0.9423
1250 819 1249 791 1310 788 1312 816 ship 0.9402
1883 587 1882 555 1975 555 1975 587 ship 0.9374
1238 916 1241 893 1308 902 1305 925 ship 0.9343
1526 956 1525 928 1595 927 1596 954 ship 0.9334
1540 607 1542 577 1622 580 1621 611 ship 0.9333
1778 537 1779 506 1857 507 1857 538 ship 0.9332
2123 1487 2101 1469 2140 1421 2162 1438 ship 0.9290
2147 2035 2116 2021 2142 1964 2173 1978 ship 0.9219
1885 623 1886 598 1959 601 1958 626 ship 0.9211
1448 765 1450 741 1512 744 1510 768 ship 0.9167
1440 713 1442 689 1512 696 1509 719 ship 0.9139
1429 563 1431 534 1513 539 1511 568 ship 0.9068
1450 870 1450 846 1505 846 1506 869 ship 0.9048
1813 496 1812 451 1943 449 1944 494 ship 0.9014
2202 434 2204 391 2333 399 2330 442 ship 0.8976
1172 680 1169 654 1226 647 1229 674 ship 0.8931
1244 951 1247 928 1301 934 1299 956 ship 0.8883
2185 2315 2162 2298 2199 2246 2222 2263 ship 0.8876
1761 921 1760 888 1845 887 1846 919 ship 0.8859
1165 810 1167 786 1225 790 1224 813 ship 0.8845
1440 608 1440 577 1515 576 1515 608 ship 0.8811
1529 1001 1529 971 1600 970 1601 999 ship 0.8729
1771 835 1774 804 1854 811 1851 842 ship 0.8696
2049 2463 2027 2444 2067 2399 2089 2418 ship 0.8684
1171 882 1176 855 1229 865 1224 891 ship 0.8672
1245 879 1247 855 1303 859 1301 884 ship 0.8550
1246 782 1246 756 1310 755 1310 781 ship 0.8466
1306 635 1271 634 1273 554 1308 555 ship 0.8439
1169 849 1169 826 1220 827 1219 850 ship 0.8363
955 884 942 864 993 832 1005 853 ship 0.8269
1164 919 1166 893 1223 897 1221 922 ship 0.8265
2167 925 2170 891 2273 899 2271 933 ship 0.8180
1254 676 1254 651 1301 650 1301 675 ship 0.7921
1163 986 1166 960 1225 965 1223 991 ship 0.7898
1530 915 1535 891 1590 903 1585 927 ship 0.7887
1165 642 1138 639 1145 576 1171 578 ship 0.7763
1539 762 1544 735 1603 745 1598 772 ship 0.7746
994 901 980 880 1025 848 1040 869 ship 0.7706
1171 777 1173 756 1228 762 1225 783 ship 0.7633
1440 922 1440 894 1504 893 1504 920 ship 0.7562
2289 2235 2270 2223 2300 2176 2319 2189 ship 0.7550
1168 574 1194 571 1201 633 1174 636 ship 0.7207
2361 1833 2345 1818 2389 1771 2405 1786 ship 0.7159
1446 846 1444 816 1501 812 1503 842 ship 0.7150
2201 2591 2184 2572 2231 2529 2248 2547 ship 0.7145
1888 756 1887 729 1954 728 1955 755 ship 0.6914
1169 713 1167 688 1224 683 1227 709 ship 0.6842
2377 1944 2362 1925 2402 1895 2416 1913 ship 0.6093
1237 577 1260 577 1261 631 1238 632 ship 0.5304
2291 1043 2139 1033 2178 431 2330 440 harbor 0.8444
1289 1439 1271 1405 1457 1309 1475 1343 harbor 0.6956
1919 1054 1760 1044 1798 474 1956 485 harbor 0.3682
1147 590 1304 587 1312 1037 1156 1040 harbor 0.3515
1584 1022 1428 1015 1449 513 1605 519 harbor 0.2662
1721 1035 1723 991 2239 1014 2237 1058 harbor 0.1031
293 1217 301 1180 380 1198 372 1235 swimming-pool 0.3230
942 1080 932 1025 1055 1003 1064 1059 swimming-pool 0.1062
