1362 587 1364 567 1403 571 1401 591 small-vehicle 0.6116
1199 163 1182 160 1189 124 1206 127 small-vehicle 0.5866
196 781 181 773 200 737 215 745 ship 0.9794
227 803 210 798 222 756 238 761 ship 0.9752
561 811 552 800 580 776 590 787 ship 0.9632
782 1088 766 1080 787 1039 802 1047 ship 0.9548
827 1002 812 996 825 963 840 969 ship 0.9533
852 1020 834 1012 852 969 870 977 ship 0.9367
590 853 579 841 608 813 620 825 ship 0.9345
554 962 543 947 579 920 590 935 ship 0.9268
711 948 696 941 713 907 727 914 ship 0.9263
924 1096 936 1084 966 1112 954 1125 ship 0.9226
693 940 678 934 694 898 709 905 ship 0.9214
531 902 520 889 553 861 564 874 ship 0.9129
161 769 144 762 163 723 179 730 ship 0.8975
575 831 564 819 592 794 602 806 ship 0.8867
251 819 234 810 254 773 271 782 ship 0.8859
75 613 87 600 118 627 107 640 ship 0.8795
910 1045 895 1037 914 997 930 1005 ship 0.8762
607 874 594 863 622 830 635 841 ship 0.8734
579 985 565 974 589 940 604 951 ship 0.8651
903 1112 917 1102 943 1140 928 1150 ship 0.8635
67 642 78 627 114 651 104 666 ship 0.8531
514 875 505 862 537 839 546 853 ship 0.8478
542 934 530 923 555 894 568 905 ship 0.8473
783 1014 766 1011 773 970 790 973 ship 0.8451
365 707 349 696 380 649 396 660 ship 0.8387
878 1035 861 1027 878 989 895 997 ship 0.8330
802 1106 789 1099 807 1065 821 1072 ship 0.8248
769 1071 753 1069 758 1028 774 1030 ship 0.8119
508 849 497 835 530 810 540 824 ship 0.8069
548 799 536 787 561 760 573 771 ship 0.7984
300 824 286 817 304 783 318 791 ship 0.7870
940 1080 950 1065 985 1088 975 1103 ship 0.7451
342 691 324 683 344 642 361 650 ship 0.6778
730 959 715 951 731 918 746 925 ship 0.6683
525 777 514 762 547 737 558 752 ship 0.6212
808 1010 793 1009 796 973 811 974 ship 0.6124
185 644 197 631 226 657 214 670 ship 0.6023
609 382 630 378 638 420 617 424 ship 0.5879
674 1007 656 1002 669 957 687 962 ship 0.5493
88 580 99 566 134 592 123 606 ship 0.5181
139 617 148 603 181 626 172 640 ship 0.5107
392 497 374 487 394 451 412 461 ship 0.4350
96 745 79 736 99 699 115 708 ship 0.4095
610 458 588 454 596 414 617 419 ship 0.3716
265 678 275 663 307 686 297 701 ship 0.3626
598 529 614 516 641 549 625 562 ship 0.3119
277 482 261 473 280 441 296 450 ship 0.2172
769 671 781 654 816 682 803 698 ship 0.2054
775 639 758 629 778 597 794 606 ship 0.1390
737 972 683 944 773 770 827 798 harbor 0.7292
61 757 86 695 345 802 319 864 harbor 0.7215
922 1180 900 1150 991 1081 1014 1111 harbor 0.4547
1008 1121 922 1104 965 884 1051 901 harbor 0.3684
420 737 376 728 393 644 437 653 harbor 0.3429
500 756 551 714 670 859 618 901 harbor 0.3026
456 813 515 783 621 987 562 1018 harbor 0.2093
94 553 109 533 219 623 203 642 harbor 0.2025
890 1050 806 978 939 825 1022 897 harbor 0.1891
673 1036 713 999 842 1139 802 1176 harbor 0.1620
