124 2135 121 2116 238 2097 241 2116 bridge 0.6391
187 497 23 495 26 170 190 172 ground-track-field 0.9378
1130 475 1203 467 1252 896 1179 904 ship 0.9895
449 1892 479 1888 493 2001 463 2005 ship 0.9734
436 1753 457 1749 470 1836 450 1839 ship 0.9714
791 1706 816 1697 851 1795 826 1804 ship 0.9676
629 395 652 393 659 472 635 474 ship 0.9638
1346 1779 1387 1769 1415 1883 1374 1893 ship 0.9451
406 1731 425 1727 447 1844 428 1848 ship 0.9450
1272 260 1307 259 1311 368 1276 369 ship 0.9388
1317 1592 1351 1584 1384 1715 1350 1724 ship 0.9143
537 1878 556 1874 580 1974 561 1978 ship 0.9114
424 1595 455 1589 472 1677 441 1683 ship 0.9051
407 1007 334 997 363 782 436 792 ship 0.9031
1272 1353 1320 1346 1348 1558 1301 1564 ship 0.8399
1228 468 1210 464 1223 400 1242 404 ship 0.8208
500 1894 529 1888 549 1989 520 1995 ship 0.7756
96 1788 114 1787 122 1888 104 1889 ship 0.7474
370 1586 403 1578 430 1684 398 1692 ship 0.7297
1371 1932 1422 1913 1467 2037 1416 2056 ship 0.7150
420 519 329 507 355 303 446 315 ship 0.7075
453 1594 476 1590 490 1679 466 1682 ship 0.6965
483 1585 515 1581 525 1676 492 1679 ship 0.6924
418 758 358 752 379 542 439 548 ship 0.6436
484 1897 503 1894 521 1989 502 1993 ship 0.6114
620 2035 602 2031 611 1988 629 1992 ship 0.5416
174 1627 289 1611 362 2142 247 2158 ship 0.5217
1313 286 1340 286 1341 370 1315 371 ship 0.5090
342 1603 363 1597 388 1693 367 1698 ship 0.5057
1331 1805 1354 1797 1382 1881 1359 1889 ship 0.4946
1303 1618 1329 1613 1348 1704 1323 1709 ship 0.4385
1348 1586 1374 1578 1408 1686 1381 1694 ship 0.4048
1263 424 1283 424 1284 476 1265 477 ship 0.3987
1248 258 1277 257 1281 349 1251 350 ship 0.3259
559 1880 574 1877 591 1963 575 1966 ship 0.2792
481 2164 512 2156 533 2236 502 2244 ship 0.2779
437 347 345 342 360 65 451 69 ship 0.2374
1272 769 1304 768 1310 907 1277 908 ship 0.2360
554 80 535 79 540 16 558 17 ship 0.2285
428 1902 449 1897 471 1992 450 1997 ship 0.2221
350 28 351 3 393 4 392 29 ship 0.2079
1317 1370 1362 1362 1406 1602 1361 1610 ship 0.1272
264 1696 360 1666 426 1876 329 1906 ship 0.1133
2598 813 2598 767 2646 767 2646 813 storage-tank 0.9763
2547 769 2547 730 2587 730 2587 769 storage-tank 0.9749
2595 757 2595 720 2634 720 2633 757 storage-tank 0.9714
2438 821 2438 778 2482 778 2482 821 storage-tank 0.9654
2584 713 2584 674 2624 674 2624 713 storage-tank 0.9366
2531 686 2531 650 2568 650 2568 687 storage-tank 0.9265
2433 772 2434 738 2470 739 2469 773 storage-tank 0.9017
1544 1943 1542 1905 1582 1903 1583 1942 storage-tank 0.8103
1499 1917 1542 1914 1544 1959 1501 1961 storage-tank 0.7509
2418 697 2417 666 2453 665 2454 697 storage-tank 0.7266
2511 761 2476 760 2477 725 2512 726 storage-tank 0.6155
1578 2075 1580 2032 1624 2034 1622 2076 storage-tank 0.6099
1612 2035 1563 2035 1563 1981 1612 1981 storage-tank 0.5811
2467 724 2466 690 2504 689 2505 723 storage-tank 0.5466
2539 723 2539 689 2577 690 2577 723 storage-tank 0.5397
2560 774 2597 774 2597 812 2560 812 storage-tank 0.4747
2578 635 2614 635 2614 672 2578 673 storage-tank 0.4649
2492 824 2492 792 2525 791 2526 824 storage-tank 0.4034
2481 757 2515 755 2517 790 2483 791 storage-tank 0.3793
1462 136 1460 101 1498 99 1499 134 storage-tank 0.3646
1555 1952 1591 1950 1593 1987 1557 1989 storage-tank 0.3402
1462 54 1499 54 1499 94 1462 94 storage-tank 0.3224
2423 733 2421 697 2460 695 2462 731 storage-tank 0.2219
2456 693 2454 657 2492 655 2493 691 storage-tank 0.1895
2375 823 2372 786 2411 783 2414 821 storage-tank 0.1013
338 1903 333 1888 401 1867 406 1882 harbor 0.1254
1330 200 1330 161 1397 161 1397 199 harbor 0.1245
257 1666 388 1638 474 2048 343 2076 harbor 0.1197
296 434 216 427 227 301 307 308 swimming-pool 0.1250
