1977 1421 1959 1419 1968 1344 1987 1347 bridge 0.6473
325 975 327 947 461 956 459 984 bridge 0.6396
1267 2399 1192 2325 1349 2167 1424 2240 ground-track-field 0.9813
462 2078 435 2051 581 1907 608 1935 ship 0.9947
1877 838 1814 807 1950 523 2013 554 ship 0.9731
614 2313 593 2293 651 2233 671 2253 ship 0.9627
649 1458 632 1445 689 1372 706 1384 ship 0.9529
1301 1689 1269 1666 1368 1532 1399 1555 ship 0.9478
1349 735 1329 726 1362 652 1382 661 ship 0.9204
411 590 392 589 396 520 416 521 ship 0.9199
934 664 916 650 969 578 987 591 ship 0.9165
532 1196 514 1175 603 1103 620 1124 ship 0.9103
1396 735 1378 731 1397 652 1414 656 ship 0.8984
894 769 875 752 938 682 957 699 ship 0.8702
1029 580 1001 558 1087 447 1115 469 ship 0.8657
687 2229 669 2208 734 2149 752 2169 ship 0.8415
860 2068 833 2044 920 1944 947 1968 ship 0.8322
636 1098 628 1085 694 1040 702 1053 ship 0.8290
1320 133 1298 123 1327 57 1349 67 ship 0.8179
1151 1029 1127 1012 1175 943 1199 959 ship 0.7836
1268 126 1243 116 1284 9 1309 19 ship 0.7747
738 944 722 930 780 863 797 877 ship 0.7727
530 1159 512 1142 584 1066 602 1083 ship 0.7151
214 1462 200 1450 231 1414 245 1426 ship 0.7088
189 1457 165 1433 262 1336 286 1360 ship 0.6743
857 829 840 817 868 778 884 790 ship 0.6600
1440 1467 1418 1450 1517 1324 1538 1341 ship 0.6554
615 1092 592 1064 670 998 694 1025 ship 0.6422
1682 1156 1658 1142 1706 1066 1729 1080 ship 0.6382
1166 1032 1152 1023 1195 958 1209 967 ship 0.6229
1962 897 1881 861 2015 565 2095 601 ship 0.5861
902 772 893 760 953 709 963 720 ship 0.5788
776 2141 751 2113 835 2036 861 2064 ship 0.5736
1534 1322 1515 1309 1544 1267 1563 1281 ship 0.5569
2074 434 2002 402 2094 192 2167 224 ship 0.5513
270 1705 259 1694 302 1651 313 1662 ship 0.5210
1060 1936 1024 1902 1204 1706 1240 1739 ship 0.5116
1214 227 1196 218 1236 132 1254 141 ship 0.4517
1128 382 1107 370 1143 303 1164 314 ship 0.4455
515 1124 474 1084 694 864 734 904 ship 0.4437
620 908 639 884 721 949 702 973 ship 0.4433
67 1535 55 1524 90 1483 103 1493 ship 0.4250
1095 431 1105 407 1164 432 1154 456 ship 0.4202
1731 1100 1691 1077 1763 952 1804 975 ship 0.4102
1590 1288 1572 1270 1622 1220 1640 1238 ship 0.4009
1577 1264 1564 1249 1604 1213 1618 1228 ship 0.3659
1004 552 959 520 1037 410 1082 442 ship 0.3184
1284 129 1263 118 1309 29 1330 40 ship 0.2630
1291 1645 1267 1626 1339 1534 1363 1553 ship 0.2528
651 2465 636 2448 697 2394 712 2411 ship 0.2469
1657 23 1679 22 1680 97 1658 97 ship 0.2296
455 604 426 603 430 494 458 495 ship 0.2023
1182 391 1161 384 1176 336 1197 342 ship 0.1911
927 522 910 510 958 439 976 451 ship 0.1744
1514 1316 1549 1270 1675 1365 1640 1411 ship 0.1647
2024 83 2043 76 2085 193 2066 200 ship 0.1591
597 1071 577 1054 638 981 658 998 ship 0.1575
850 2029 837 2017 907 1944 920 1956 ship 0.1505
632 2324 619 2311 670 2259 683 2272 ship 0.1371
459 2500 431 2468 534 2376 562 2408 ship 0.1349
909 648 886 628 941 564 964 584 ship 0.1346
737 810 748 794 814 841 803 857 ship 0.1234
357 597 337 595 344 510 364 511 ship 0.1092
1097 290 1137 224 1236 285 1195 351 ship 0.1070
711 2268 686 2237 996 1997 1020 2028 ship 0.1051
2036 234 2052 220 2120 299 2104 313 ship 0.1022
1418 1805 1466 1804 1468 1853 1419 1855 storage-tank 0.9939
1522 1855 1521 1781 1598 1780 1600 1854 storage-tank 0.9934
1375 1963 1329 1963 1329 1915 1376 1915 storage-tank 0.9921
1330 2009 1283 2009 1283 1959 1330 1959 storage-tank 0.9919
1524 1786 1477 1786 1477 1736 1524 1736 storage-tank 0.9890
1365 1861 1416 1861 1416 1912 1365 1912 storage-tank 0.9870
1431 1947 1429 1875 1504 1874 1506 1946 storage-tank 0.9691
1373 2005 1372 1962 1417 1962 1417 2005 storage-tank 0.9678
1327 2049 1327 2006 1372 2007 1371 2050 storage-tank 0.9561
1078 2430 1135 2428 1136 2486 1079 2487 storage-tank 0.2422
1262 2391 1199 2326 1354 2176 1417 2241 soccer-ball-field 0.3902
1061 1926 1022 1887 1201 1705 1241 1744 harbor 0.1003
