962 939 921 927 978 737 1019 749 ship 0.9975
1023 971 988 961 1041 773 1076 783 ship 0.9971
635 839 658 838 662 931 639 932 ship 0.9966
582 840 606 840 608 937 584 938 ship 0.9964
1634 1058 1595 1053 1626 818 1666 823 ship 0.9952
608 841 632 840 636 928 611 929 ship 0.9947
962 1238 928 1213 1040 1062 1073 1087 ship 0.9947
584 1186 541 1170 615 971 658 987 ship 0.9946
978 1283 947 1259 1067 1105 1098 1128 ship 0.9941
527 555 554 551 575 675 548 679 ship 0.9936
1013 1291 983 1267 1107 1118 1137 1143 ship 0.9933
557 556 585 552 602 678 575 682 ship 0.9922
779 1197 748 1181 813 1052 844 1068 ship 0.9890
487 533 525 525 554 678 516 685 ship 0.9884
739 641 737 614 843 604 845 631 ship 0.9878
843 1191 815 1175 905 1018 933 1034 ship 0.9861
584 543 627 536 665 775 622 782 ship 0.9845
529 1093 509 1085 553 971 574 980 ship 0.9842
694 808 670 806 680 695 705 697 ship 0.9825
612 353 589 349 606 264 628 268 ship 0.9812
686 1267 638 1248 741 985 789 1004 ship 0.9788
619 1204 585 1190 662 1000 696 1013 ship 0.9783
927 1221 898 1202 1005 1045 1033 1064 ship 0.9782
630 371 608 365 637 264 659 270 ship 0.9772
542 1163 512 1151 587 956 617 967 ship 0.9743
684 845 702 845 703 912 685 912 ship 0.9703
899 1208 870 1190 975 1024 1004 1042 ship 0.9694
654 1216 624 1206 691 1019 721 1029 ship 0.9667
735 1211 705 1197 782 1033 812 1047 ship 0.9641
158 845 132 808 251 720 278 756 ship 0.9632
555 856 581 854 585 931 559 932 ship 0.9608
863 278 879 270 905 321 889 329 ship 0.9564
828 267 848 254 901 335 880 348 ship 0.9541
659 844 681 843 684 911 662 912 ship 0.9487
656 384 632 379 655 266 679 271 ship 0.9449
1045 220 1042 195 1117 187 1119 211 ship 0.9441
882 1173 858 1157 938 1030 962 1045 ship 0.9390
714 799 698 797 709 703 725 705 ship 0.9351
157 788 128 746 284 637 313 678 ship 0.9317
738 714 762 714 762 792 738 792 ship 0.9249
695 351 679 347 696 275 713 279 ship 0.9221
1614 929 1597 927 1603 861 1621 863 ship 0.9158
453 187 442 179 470 145 480 153 ship 0.8943
1908 509 1896 486 1962 452 1973 475 ship 0.8934
715 702 735 701 739 800 719 801 ship 0.8713
460 685 499 678 524 826 484 832 ship 0.8640
990 953 962 946 1013 757 1040 764 ship 0.8415
540 839 514 836 534 693 560 697 ship 0.8254
728 350 712 344 732 287 749 292 ship 0.8237
675 359 654 352 680 271 702 278 ship 0.8147
672 815 650 813 658 691 680 692 ship 0.8066
512 1067 498 1062 524 986 538 991 ship 0.7993
1827 800 1833 779 1914 802 1907 824 ship 0.7917
517 34 519 15 555 19 553 38 ship 0.6982
324 48 311 38 333 12 345 22 ship 0.6969
1634 682 1646 672 1681 715 1669 725 ship 0.6942
708 356 696 353 711 289 723 292 ship 0.6895
713 1254 700 1241 736 1206 749 1219 ship 0.6313
1583 709 1601 690 1694 777 1677 796 ship 0.6276
809 1199 783 1184 866 1033 893 1048 ship 0.5785
1913 732 1897 728 1907 690 1923 694 ship 0.5534
1614 699 1625 687 1668 725 1658 737 ship 0.5107
570 838 549 836 560 706 580 708 ship 0.4717
595 325 581 323 588 265 603 267 ship 0.4562
1923 753 1909 751 1915 701 1929 703 ship 0.4449
1975 771 1960 766 1971 727 1987 731 ship 0.4169
611 808 591 806 599 741 620 743 ship 0.3979
436 218 422 216 425 172 440 173 ship 0.3779
711 1345 695 1340 713 1285 728 1290 ship 0.3059
754 1254 745 1244 774 1215 784 1225 ship 0.2974
263 739 256 728 292 705 299 716 ship 0.2661
226 815 216 800 267 766 277 781 ship 0.2576
1697 1076 1633 1068 1668 812 1732 820 ship 0.2301
586 1307 573 1301 597 1257 609 1264 ship 0.1869
594 1313 583 1307 610 1260 621 1266 ship 0.1495
1762 768 1767 753 1799 763 1795 778 ship 0.1366
593 812 575 811 578 714 596 715 ship 0.1193
