518 975 538 940 679 1021 658 1057 ship 0.9954
287 1147 323 1131 369 1232 332 1248 ship 0.9941
388 387 407 362 473 413 454 438 ship 0.9916
440 931 458 902 532 948 514 977 ship 0.9915
279 530 298 505 359 552 340 577 ship 0.9910
411 359 430 333 493 380 474 406 ship 0.9900
216 623 236 596 299 642 280 669 ship 0.9899
164 709 189 680 294 771 270 799 ship 0.9897
1098 806 1069 788 1141 675 1170 693 ship 0.9890
280 790 309 758 420 860 391 892 ship 0.9882
162 944 187 914 325 1026 301 1056 ship 0.9855
345 260 363 236 425 283 407 307 ship 0.9849
433 330 453 304 514 351 494 377 ship 0.9832
219 437 236 415 292 456 275 478 ship 0.9778
364 237 382 215 441 261 423 284 ship 0.9769
124 561 141 539 194 580 177 602 ship 0.9739
1126 846 1087 820 1198 652 1237 678 ship 0.9731
201 462 218 439 273 480 256 503 ship 0.9678
481 272 501 247 562 297 542 322 ship 0.9652
260 383 279 361 330 406 311 428 ship 0.9647
529 217 548 193 607 240 587 265 ship 0.9549
275 362 293 340 346 382 329 404 ship 0.9534
552 189 571 166 628 213 609 237 ship 0.9484
507 249 525 223 587 267 569 293 ship 0.9426
567 166 585 140 648 184 630 210 ship 0.9347
107 584 125 563 177 609 159 630 ship 0.9102
296 509 315 483 380 529 361 555 ship 0.8265
729 1187 705 1162 913 963 937 988 ship 0.8095
179 487 196 465 252 508 236 530 ship 0.6864
373 412 390 388 466 443 449 467 ship 0.6440
927 467 947 440 1079 536 1059 564 ship 0.6308
193 651 216 625 266 670 243 696 ship 0.5397
820 1119 804 1101 866 1044 882 1061 ship 0.4199
871 1053 861 1041 925 990 935 1002 ship 0.1669
635 1155 617 1140 687 1055 705 1069 ship 0.1623
707 1158 682 1131 892 938 917 965 ship 0.1362
379 1208 342 1201 355 1123 393 1130 ship 0.1207
344 424 362 400 589 576 571 600 harbor 0.2866
1121 842 1082 812 1178 686 1217 716 harbor 0.1331
280 780 57 613 282 312 506 480 harbor 0.1259
650 1324 603 1278 934 934 981 980 harbor 0.1187
