2230 679 2297 655 2353 806 2285 830 bridge 0.9785
2860 461 2953 422 3019 579 2925 618 bridge 0.6075
2892 3095 2943 3057 3013 3151 2962 3189 bridge 0.5023
465 2137 490 2121 534 2190 509 2205 large-vehicle 0.3012
1342 1235 1401 1213 1508 1503 1449 1525 ship 0.9972
752 628 821 603 926 890 857 915 ship 0.9948
467 3730 445 3670 653 3592 676 3652 ship 0.8288
447 2315 475 2299 552 2432 524 2448 ship 0.7871
14 1618 45 1599 174 1815 143 1833 ship 0.7853
14 3389 -16 3347 199 3187 230 3230 ship 0.7489
150 3770 115 3705 348 3579 383 3644 ship 0.5549
444 3681 432 3662 503 3617 515 3636 ship 0.5363
41 3308 27 3288 135 3210 149 3230 ship 0.3842
913 3109 945 3089 1038 3236 1006 3256 ship 0.3536
206 3412 194 3392 278 3342 290 3362 ship 0.3487
2064 3470 2056 3447 2125 3420 2134 3443 ship 0.2994
1945 3530 1936 3508 2048 3465 2057 3487 ship 0.2719
786 2881 808 2866 874 2966 852 2980 ship 0.2450
638 682 744 645 848 947 742 983 ship 0.2388
1620 2030 1641 2023 1678 2132 1657 2139 ship 0.2208
1739 3733 1711 3697 1919 3536 1947 3572 ship 0.1949
207 3582 192 3561 326 3466 341 3487 ship 0.1741
2568 3284 2556 3266 2645 3208 2657 3226 ship 0.1487
394 3654 385 3639 476 3585 485 3599 ship 0.1435
206 3663 180 3625 375 3491 401 3529 ship 0.1392
1477 1665 1505 1655 1541 1765 1512 1774 ship 0.1261
1885 3829 1777 3652 2140 3430 2249 3608 ship 0.1183
334 3579 324 3563 400 3515 411 3531 ship 0.1015
1019 1974 1019 1922 1072 1922 1072 1975 storage-tank 0.9938
1510 2413 1571 2413 1572 2482 1511 2483 storage-tank 0.9926
1085 1900 1139 1899 1139 1955 1085 1956 storage-tank 0.9920
1097 2042 1041 2041 1041 1985 1097 1985 storage-tank 0.9853
1106 1962 1162 1961 1164 2018 1108 2019 storage-tank 0.9837
1364 2415 1365 2372 1410 2372 1409 2415 storage-tank 0.9761
2009 635 2010 546 2102 546 2102 635 storage-tank 0.9642
1349 2438 1305 2437 1305 2391 1349 2392 storage-tank 0.9570
2247 3630 2292 3630 2293 3680 2248 3680 storage-tank 0.9451
990 1838 989 1787 1041 1786 1042 1838 storage-tank 0.9020
2600 3705 2599 3652 2653 3651 2653 3704 storage-tank 0.8903
1896 1595 1984 1594 1985 1688 1897 1689 storage-tank 0.8848
1348 2456 1399 2455 1399 2508 1349 2508 storage-tank 0.8768
1322 3244 1369 3242 1371 3289 1324 3292 storage-tank 0.8648
2165 3617 2211 3616 2212 3665 2166 3666 storage-tank 0.8627
1291 3216 1249 3214 1250 3167 1293 3169 storage-tank 0.7109
2331 3626 2383 3626 2383 3680 2332 3680 storage-tank 0.7093
1335 3199 1288 3198 1289 3146 1336 3147 storage-tank 0.6441
2296 3578 2342 3577 2344 3624 2297 3626 storage-tank 0.6080
1275 3253 1318 3249 1322 3298 1280 3302 storage-tank 0.5317
1351 3240 1308 3240 1309 3196 1352 3197 storage-tank 0.4823
1243 1948 1244 1903 1297 1904 1297 1949 storage-tank 0.4595
1367 1833 1356 1793 1424 1774 1435 1814 storage-tank 0.4551
1265 3254 1265 3215 1307 3214 1308 3253 storage-tank 0.3857
1207 3224 1207 3174 1259 3174 1259 3224 storage-tank 0.3800
2342 245 2296 243 2299 193 2345 195 storage-tank 0.3683
2143 3710 2097 3707 2100 3658 2146 3661 storage-tank 0.3434
1203 1919 1246 1918 1247 1962 1203 1963 storage-tank 0.2145
1414 2360 1366 2360 1366 2307 1414 2307 storage-tank 0.1584
1334 1949 1325 1906 1400 1890 1409 1933 storage-tank 0.1385
1244 1873 1239 1822 1293 1817 1298 1868 storage-tank 0.1338
