7043 1052 7079 990 7385 1171 7349 1232 large-vehicle 0.4305
7616 1351 7642 1294 7889 1408 7863 1465 large-vehicle 0.2661
6901 4003 6870 3936 6982 3886 7012 3953 large-vehicle 0.1559
4454 3939 4561 3876 4894 4446 4787 4509 ship 0.9940
1894 2157 1985 2104 2286 2616 2196 2669 ship 0.9793
3738 76 3795 -31 4255 209 4198 318 ship 0.9751
4392 1313 4429 1234 4770 1396 4733 1474 ship 0.9245
5055 1657 5098 1575 5401 1737 5357 1818 ship 0.8954
1440 2415 1359 2370 1572 1991 1653 2037 ship 0.8859
2435 3839 2686 3745 3094 4831 2843 4925 ship 0.8447
848 1162 890 1090 1207 1276 1165 1349 ship 0.8378
1576 2197 1754 2094 2146 2769 1968 2872 ship 0.7747
1643 3864 1567 3796 1879 3451 1954 3519 ship 0.6842
6061 604 6102 522 6645 793 6604 875 ship 0.6671
3486 4499 3536 4462 3705 4691 3655 4727 ship 0.6552
6949 2978 6922 2915 7111 2834 7139 2898 ship 0.5757
6849 2573 6969 2532 7085 2873 6965 2914 ship 0.5677
-30 357 16 288 284 473 236 542 ship 0.4657
7001 3138 6973 3076 7172 2988 7200 3050 ship 0.4371
4785 1513 4818 1460 4976 1557 4943 1610 ship 0.4290
3664 2342 3908 2202 4832 3811 4588 3951 ship 0.4224
1551 3874 1602 3838 1724 4008 1673 4044 ship 0.4184
7040 1062 7075 1001 7374 1171 7340 1232 ship 0.4001
3157 3960 3214 3924 3331 4109 3274 4145 ship 0.3861
3092 2863 3134 2842 3227 3028 3185 3049 ship 0.3507
486 1166 408 1114 526 939 604 991 ship 0.3481
1599 3836 1561 3814 1798 3415 1835 3437 ship 0.2968
7097 3227 7060 3142 7158 3099 7196 3183 ship 0.2798
1397 2530 1342 2508 1402 2361 1457 2384 ship 0.2659
548 1280 488 1240 595 1074 656 1113 ship 0.2435
7133 3363 7216 3333 7441 3972 7358 4002 ship 0.2345
7608 1353 7638 1290 7890 1409 7860 1472 ship 0.2334
3055 4506 3116 4475 3262 4762 3202 4793 ship 0.2314
2879 1219 2844 1183 3003 1030 3037 1067 ship 0.2183
1144 2428 1031 2364 1314 1865 1428 1929 ship 0.1834
21 174 55 121 210 219 176 273 ship 0.1785
1199 2474 1228 2425 1362 2505 1333 2554 ship 0.1149
4668 3830 4790 3754 5168 4363 5046 4439 ship 0.1132
1790 2155 1890 2101 2239 2740 2139 2795 ship 0.1082
798 2177 767 2157 873 1982 905 2002 ship 0.1079
1149 2464 1015 2390 1313 1852 1447 1926 harbor 0.4703
2122 4725 1870 4362 2236 4108 2489 4471 harbor 0.2322
2264 4226 2275 4159 2498 4195 2487 4262 harbor 0.1883
