2304 1542 2293 1517 2388 1476 2399 1500 ship 0.9728
2008 1089 2030 1079 2074 1171 2052 1182 ship 0.9120
2676 1388 2698 1380 2720 1443 2698 1450 ship 0.8924
2856 1317 2879 1310 2902 1379 2879 1386 ship 0.8649
2963 1012 2980 998 3030 1056 3013 1070 ship 0.8148
2791 1338 2812 1331 2837 1400 2815 1407 ship 0.7801
3002 1321 2991 1305 3040 1269 3051 1284 ship 0.7430
2813 1335 2834 1326 2860 1389 2838 1398 ship 0.7214
2382 538 2369 519 2421 483 2434 501 ship 0.6871
1402 758 1449 733 1610 1034 1564 1059 ship 0.6514
2948 1339 2925 1332 2941 1283 2964 1290 ship 0.6055
2631 1491 2611 1488 2624 1405 2644 1408 ship 0.5758
2138 1441 2160 1432 2188 1504 2167 1512 ship 0.4690
2129 724 2140 704 2225 749 2214 770 ship 0.4630
1814 418 1829 405 1870 451 1855 465 ship 0.3918
2025 1035 2016 1019 2064 991 2074 1008 ship 0.3582
2966 1097 2992 1084 3028 1154 3002 1167 ship 0.3282
1961 288 1986 272 2022 325 1997 342 ship 0.3253
2413 304 2430 293 2468 347 2451 359 ship 0.3236
1670 1138 1688 1127 1715 1173 1697 1183 ship 0.2897
2713 1383 2732 1375 2752 1427 2733 1435 ship 0.2794
1360 806 1399 780 1581 1047 1542 1074 ship 0.2766
2518 1649 2542 1640 2586 1767 2562 1775 ship 0.2634
1278 1514 1262 1485 1417 1398 1433 1427 ship 0.2611
375 1690 374 1637 688 1627 690 1681 ship 0.2323
2973 982 3010 953 3090 1053 3053 1082 ship 0.2206
1711 1173 1695 1146 1795 1089 1811 1116 ship 0.1747
2073 1232 2061 1211 2105 1187 2117 1208 ship 0.1680
1998 1041 2019 1034 2034 1079 2013 1086 ship 0.1539
2558 1658 2581 1650 2623 1766 2600 1774 ship 0.1423
3047 1136 3078 1113 3136 1190 3106 1213 ship 0.1354
2066 1228 2089 1219 2109 1268 2087 1277 ship 0.1180
2460 396 2478 379 2523 426 2505 443 ship 0.1050
1353 783 1427 736 1621 1039 1547 1086 harbor 0.6215
1367 1660 1192 1335 1539 1148 1715 1473 harbor 0.4068
1282 1523 1261 1488 1433 1382 1455 1417 harbor 0.1931
1147 850 1217 806 1526 1300 1456 1344 harbor 0.1370
