978 1384 956 1381 962 1338 984 1340 small-vehicle 0.6438
34 103 32 81 65 78 67 99 small-vehicle 0.6174
214 141 191 138 197 98 219 101 small-vehicle 0.5913
1330 1479 1307 1476 1314 1429 1336 1432 small-vehicle 0.5745
867 1235 848 1233 852 1190 871 1192 small-vehicle 0.5317
1299 1518 1276 1514 1283 1469 1307 1473 small-vehicle 0.5078
487 664 470 663 472 624 490 625 small-vehicle 0.5048
919 1244 896 1241 902 1194 925 1198 small-vehicle 0.4945
1290 1446 1269 1445 1271 1402 1293 1403 small-vehicle 0.4882
985 861 989 836 1038 842 1034 868 small-vehicle 0.4849
1316 1422 1296 1420 1301 1377 1320 1379 small-vehicle 0.4803
413 1093 392 1091 395 1054 417 1056 small-vehicle 0.4700
845 1232 825 1229 831 1188 851 1191 small-vehicle 0.4375
1051 956 1053 934 1096 939 1093 961 small-vehicle 0.3911
681 819 683 801 722 804 721 822 small-vehicle 0.3796
349 908 363 899 386 931 372 941 small-vehicle 0.3713
169 881 151 879 156 836 174 838 small-vehicle 0.3591
510 824 491 821 496 784 515 786 small-vehicle 0.3547
975 1247 951 1244 956 1204 980 1207 small-vehicle 0.3520
1106 866 1109 850 1151 857 1148 873 small-vehicle 0.3513
779 1060 784 1035 829 1044 824 1069 small-vehicle 0.3183
313 933 328 921 351 950 337 962 small-vehicle 0.3100
1225 1352 1229 1330 1269 1338 1265 1360 small-vehicle 0.2986
189 1651 208 1642 227 1682 207 1691 small-vehicle 0.2977
371 894 385 885 404 914 390 924 small-vehicle 0.2837
1040 1454 1015 1453 1019 1400 1044 1402 small-vehicle 0.2797
1217 1377 1220 1356 1265 1364 1262 1384 small-vehicle 0.2790
408 862 424 853 447 891 431 900 small-vehicle 0.2731
1693 1165 1695 1144 1755 1149 1753 1170 small-vehicle 0.2722
279 790 262 788 266 748 283 750 small-vehicle 0.2676
654 1284 636 1282 641 1241 659 1243 small-vehicle 0.2564
386 879 398 870 421 900 409 910 small-vehicle 0.2353
1360 1420 1336 1417 1342 1368 1366 1371 small-vehicle 0.1780
1702 1185 1706 1163 1746 1170 1742 1191 small-vehicle 0.1731
618 1159 621 1137 670 1144 667 1166 small-vehicle 0.1646
1325 1524 1295 1517 1303 1480 1332 1486 small-vehicle 0.1587
1275 1511 1254 1508 1261 1450 1283 1453 small-vehicle 0.1485
1083 1481 1057 1480 1060 1433 1085 1434 small-vehicle 0.1331
545 1501 565 1492 583 1532 564 1541 small-vehicle 0.1317
1414 1392 1392 1390 1395 1351 1418 1353 small-vehicle 0.1304
1086 1403 1064 1397 1076 1350 1097 1355 small-vehicle 0.1182
976 1729 979 1693 1069 1701 1066 1737 small-vehicle 0.1121
1711 1080 1714 1056 1773 1063 1771 1086 small-vehicle 0.1054
1595 1126 1568 1122 1583 1018 1610 1022 large-vehicle 0.9904
1472 945 1476 910 1603 925 1599 959 large-vehicle 0.9823
1474 981 1480 953 1579 975 1573 1003 large-vehicle 0.9546
623 405 626 374 776 388 773 419 large-vehicle 0.9447
475 300 496 277 566 340 545 363 large-vehicle 0.9198
1529 1017 1561 1013 1572 1110 1540 1114 large-vehicle 0.9118
530 152 553 135 597 199 574 215 large-vehicle 0.7089
254 283 235 256 383 153 402 179 large-vehicle 0.7042
553 255 574 237 650 326 628 344 large-vehicle 0.6744
655 362 660 328 769 343 764 377 large-vehicle 0.3899
1274 1510 1253 1507 1261 1451 1282 1454 large-vehicle 0.3593
305 1502 299 1489 402 1441 408 1454 large-vehicle 0.2096
980 1729 983 1694 1112 1705 1109 1740 large-vehicle 0.2045
1713 1081 1715 1059 1799 1067 1797 1089 large-vehicle 0.1158
55 900 8 900 8 847 55 847 storage-tank 0.1394
11 849 56 848 57 898 12 900 swimming-pool 0.6299
22 707 57 706 59 745 24 747 swimming-pool 0.4992
